707|1, 711|298, 711|787, 715|852, 715|919, 721|1010, 721|1132, 719|1205, 729|1344, 735|1565, 738|1684, 740|1909, 748|2375, 750|2581, 750|3355, 753|3443, 757|3564, 757|3632, 759|3685, 759|4030, https://www.yahoo.com, 
699|1, 699|276, 698|340, 704|405, 704|625, 705|704, 707|764, 707|1494, 711|1545, 711|1723, 713|1776, 719|1906, 721|1990, 721|2113, 727|2178, 729|2355, 735|2478, 740|2637, 740|2779, 746|3073, 746|3204, 750|3315, 750|4042, https://www.mit.edu, 
712|1, 712|400, 704|501, 704|957, 705|1030, 705|1196, 707|1260, 707|2330, 711|2404, 711|2876, 715|2940, 721|3026, 721|3165, 719|3262, 727|3334, 731|3497, 735|3636, 740|3736, 740|3901, 744|3962, 744|4120, https://www.yahoo.com, 
707|1, 707|211, 705|256, 699|375, 699|855, 702|947, 704|997, 704|1203, 705|1259, 707|1317, 707|1968, 711|2026, 711|2231, 715|2288, 721|2414, 721|2623, 727|2677, 729|2808, 733|2984, 738|3107, 738|3233, 742|3408, 744|3683, 748|3824, 750|3894, 750|4009, https://www.yahoo.com, 
701|1, 701|237, 699|334, 699|420, 700|531, 704|593, 704|1219, 705|1284, 707|1356, 707|1981, 711|2035, 711|2242, 715|2313, 721|2407, 721|2630, 723|2676, 727|2739, 735|2905, 735|3002, 738|3100, 740|3181, 740|3263, 744|3383, 744|3643, 750|3789, 750|4018, https://www.pku.edu.cn, 
707|1, 707|260, 699|367, 699|911, 702|991, 704|1046, 704|1238, 705|1282, 707|1353, 707|2035, 711|2082, 711|2328, 715|2372, 721|2453, 721|2689, 719|2739, 723|2803, 731|3025, 737|3209, 740|3330, 744|3629, 750|3833, 752|3938, 750|4015, https://www.baidu.com, 
707|1, 707|260, 705|308, 699|416, 699|847, 702|1040, 702|1278, 703|1320, 703|1363, 705|1424, 705|2127, 709|2302, 711|2350, 713|2416, 717|2514, 717|2669, 725|2758, 729|3011, 734|3123, 734|3234, 738|3388, 744|3716, 744|4046, https://www.pku.edu.cn, 
707|1, 707|244, 699|311, 699|880, 702|949, 702|1186, 705|1243, 705|2015, 709|2070, 709|2244, 713|2293, 713|2352, 717|2442, 717|2549, 715|2655, 717|2711, 719|2756, 723|2828, 727|2918, 729|3071, 734|3170, 734|3280, 738|3453, 740|3740, 744|3874, 744|4007, https://www.jd.com, 
702|1, 702|379, 703|434, 703|972, 705|1040, 705|1343, 709|1391, 709|1943, 711|2013, 713|2079, 717|2171, 717|2297, 719|2360, 723|2443, 729|2687, 734|2848, 734|3046, 738|3228, 740|3432, 744|3504, 744|4002, https://www.baidu.com, 
707|1, 707|335, 705|412, 699|469, 699|613, 702|702, 702|1297, 703|1374, 705|1453, 705|2175, 709|2283, 709|2471, 713|2516, 713|2562, 717|2643, 717|2692, 719|2738, 717|2792, 717|2869, 723|2930, 727|3103, 731|3276, 734|3425, 734|3572, 740|3784, 740|3870, 744|3997, 744|4084, https://www.pku.edu.cn, 
707|1, 707|245, 705|355, 699|413, 699|901, 698|989, 702|1051, 702|1274, 703|1317, 703|1364, 705|1413, 705|2020, 709|2066, 709|2274, 713|2333, 717|2426, 717|2539, 715|2606, 715|2673, 725|2775, 725|2880, 729|3018, 734|3123, 734|3250, 738|3410, 744|3720, 744|4037, https://www.pku.edu.cn, 
702|1, 702|530, 703|578, 705|668, 705|1390, 709|1528, 709|1613, 711|1660, 713|1713, 715|1776, 717|1868, 717|1944, 719|2040, 725|2180, 729|2314, 729|2397, 732|2474, 736|2583, 734|2663, 738|2763, 738|2924, 740|3092, 744|3210, 744|4017, https://www.yahoo.com, 
702|1, 702|505, 705|561, 707|622, 707|1252, 709|1302, 711|1356, 711|1533, 715|1584, 719|1692, 721|1766, 717|1880, 721|1930, 725|1986, 729|2106, 732|2287, 736|2372, 738|2482, 738|2723, 742|2960, 744|3030, 744|3829, 747|3888, 747|4002, https://www.mit.edu, 
702|1, 702|557, 703|610, 705|697, 705|1345, 709|1393, 709|1593, 713|1654, 713|1726, 717|1801, 717|1902, 715|1954, 721|2024, 725|2088, 729|2300, 732|2437, 734|2520, 734|2595, 738|2731, 740|2979, 744|3082, 744|4023, https://www.yahoo.com, 
699|1, 699|624, 702|717, 702|1293, 703|1362, 705|1462, 705|2118, 709|2167, 709|2375, 713|2431, 717|2533, 717|2709, 721|2757, 723|2819, 729|2972, 729|3128, 734|3242, 736|3316, 734|3379, 738|3591, 740|3858, 744|3971, 744|4037, https://www.yahoo.com, 
701|1, 701|297, 704|413, 704|1197, 705|1252, 705|1317, 707|1385, 705|1435, 705|2065, 709|2117, 709|2323, 713|2374, 717|2471, 717|2628, 715|2686, 725|2799, 727|2924, 729|3048, 734|3148, 734|3266, 738|3432, 740|3688, 746|3836, 744|3915, 744|4018, https://www.yahoo.com, 
699|1, 699|379, 702|544, 702|674, 705|719, 705|1439, 709|1506, 709|1713, 713|1775, 717|1845, 717|2026, 715|2093, 717|2169, 723|2229, 729|2390, 729|2516, 734|2648, 734|2720, 738|2926, 740|3223, 744|3320, 744|4032, https://www.baidu.com, 
699|1, 702|109, 702|732, 703|789, 705|843, 705|1597, 709|1699, 709|1813, 713|1868, 713|1970, 717|2048, 715|2177, 721|2226, 725|2318, 729|2512, 729|2573, 732|2640, 734|2702, 734|2939, 740|3170, 744|3466, 744|4021, https://www.jd.com, 
701|1, 701|285, 699|420, 699|546, 702|608, 702|1244, 703|1317, 705|1397, 705|2073, 709|2130, 709|2311, 713|2364, 715|2437, 717|2519, 715|2654, 719|2715, 725|2811, 729|2974, 732|3126, 734|3207, 734|3265, 738|3336, 738|3498, 744|3777, 744|3877, 746|3972, 744|4041, https://www.yahoo.com, 
699|1, 702|170, 702|645, 703|720, 705|769, 705|1447, 709|1519, 709|1690, 713|1778, 717|1850, 717|2007, 715|2073, 719|2125, 723|2194, 729|2396, 732|2536, 734|2607, 734|2688, 738|2976, 744|3251, 746|3314, 744|3389, 747|4061, https://www.baidu.com, 
699|1, 702|155, 702|740, 705|806, 707|901, 707|1497, 705|1560, 705|1626, 709|1690, 709|1856, 713|1901, 713|1959, 717|2035, 717|2179, 715|2247, 719|2320, 725|2410, 729|2581, 729|2681, 734|2783, 734|2875, 740|3139, 740|3284, 746|3441, 744|3515, 744|4015, https://www.mit.edu, 
707|1, 707|417, 699|514, 699|1053, 700|1109, 702|1165, 702|1358, 703|1443, 705|1526, 705|2121, 709|2170, 709|2346, 713|2401, 717|2488, 717|2605, 715|2660, 715|2731, 723|2815, 725|2889, 729|3008, 729|3123, 736|3276, 738|3460, 738|3654, 744|3845, 744|4043, https://www.jd.com, 
707|1, 707|358, 699|473, 699|532, 700|618, 702|675, 702|1235, 705|1370, 705|1964, 709|2034, 709|2266, 711|2309, 713|2359, 717|2438, 717|2674, 723|2764, 729|3012, 734|3158, 734|3263, 738|3446, 740|3715, 740|3817, 744|3960, 744|4032, https://www.pku.edu.cn, 
701|1, 701|307, 699|433, 698|535, 702|590, 702|1187, 703|1244, 705|1286, 705|1964, 709|2017, 709|2231, 713|2282, 713|2330, 717|2404, 717|2511, 715|2601, 723|2668, 729|2835, 729|2908, 732|2981, 734|3046, 734|3133, 738|3261, 740|3433, 744|3536, 744|4008, https://www.jd.com, 
707|1, 707|376, 705|438, 699|495, 699|948, 698|1003, 702|1060, 702|1315, 703|1362, 703|1451, 705|1521, 705|2198, 709|2247, 709|2415, 713|2477, 713|2540, 717|2633, 717|2708, 715|2785, 715|2841, 717|2892, 719|2945, 725|3052, 729|3176, 729|3275, 734|3371, 734|3549, 738|3806, 744|3944, 744|4053, https://www.pku.edu.cn, 
707|1, 707|399, 699|506, 700|636, 702|702, 702|1213, 703|1281, 703|1348, 705|1423, 705|2096, 709|2177, 709|2341, 713|2397, 713|2469, 717|2539, 717|2721, 725|2792, 732|3141, 734|3255, 738|3364, 740|3679, 744|3822, 744|4051, https://www.pku.edu.cn, 
707|1, 707|381, 699|477, 699|1075, 698|1130, 702|1189, 702|1399, 703|1447, 703|1491, 705|1544, 705|2390, 709|2449, 709|2647, 711|2710, 713|2788, 717|2873, 719|2941, 717|3010, 715|3061, 719|3120, 723|3191, 729|3350, 729|3466, 732|3560, 734|3688, 738|3925, 744|4179, https://www.pku.edu.cn, 
707|1, 707|394, 705|492, 699|571, 700|679, 704|737, 704|1336, 707|1410, 707|1704, 711|1756, 711|2369, 715|2437, 721|2498, 721|2740, 727|2796, 733|2937, 738|3169, 740|3257, 740|3321, 744|3466, 746|3815, 750|3936, 750|4012, https://www.yahoo.com, 
707|1, 707|307, 705|404, 699|457, 699|1066, 698|1128, 702|1179, 702|1338, 703|1397, 703|1458, 705|1510, 705|2107, 707|2179, 711|2240, 711|2430, 713|2472, 715|2518, 721|2586, 721|2867, 729|3017, 733|3222, 738|3338, 738|3487, 742|3756, 744|3925, 748|4075, https://www.baidu.com, 
701|1, 701|451, 699|520, 699|609, 704|733, 704|1316, 705|1379, 705|1456, 707|1531, 707|2226, 711|2277, 711|2520, 715|2566, 715|2614, 719|2695, 719|2780, 717|2896, 719|2944, 727|3097, 731|3246, 736|3446, 736|3582, 746|3902, 750|4073, https://www.pku.edu.cn, 
701|1, 701|434, 699|516, 699|586, 702|707, 704|779, 704|1363, 705|1427, 707|1569, 707|2151, 711|2220, 711|2397, 715|2470, 721|2547, 721|2690, 719|2748, 723|2818, 727|2892, 729|3007, 733|3092, 735|3204, 737|3286, 738|3355, 738|3551, 744|3810, 748|4091, https://www.mit.edu, 
700|1, 700|332, 698|408, 692|529, 692|1027, 691|1079, 697|1127, 697|1369, 700|1460, 700|2149, 704|2219, 704|2395, 708|2459, 714|2547, 714|2695, 720|2785, 722|2853, 724|2969, 728|3063, 731|3157, 739|3302, 743|3703, 749|4001, https://www.pku.edu.cn, 
699|1, 699|443, 704|516, 704|748, 705|805, 707|871, 707|1602, 711|1702, 711|1807, 715|1870, 721|2008, 721|2168, 727|2238, 735|2424, 735|2507, 736|2579, 742|2699, 744|2913, 746|3207, 752|3372, 750|3443, 750|4050, https://www.yahoo.com, 
701|1, 701|389, 699|468, 699|555, 704|681, 704|1445, 707|1567, 707|2289, 711|2339, 711|2551, 715|2622, 719|2689, 719|2820, 717|2881, 723|2933, 729|3047, 731|3205, 734|3285, 736|3403, 736|3490, 740|3657, 742|3892, 746|4061, https://www.jd.com, 
701|1, 701|308, 699|409, 699|491, 698|574, 702|618, 702|1195, 703|1245, 705|1297, 705|2149, 709|2198, 709|2376, 713|2452, 717|2501, 717|2646, 715|2690, 717|2744, 721|2789, 725|2835, 729|2952, 729|3064, 734|3132, 734|3238, 738|3363, 740|3570, 744|3757, 744|4028, https://www.baidu.com, 
707|1, 707|466, 705|516, 699|581, 699|1118, 702|1210, 702|1448, 703|1493, 703|1555, 705|1632, 705|2203, 709|2276, 709|2476, 713|2545, 717|2633, 717|2756, 715|2807, 721|2901, 723|2995, 729|3161, 734|3294, 734|3460, 738|3649, 740|3879, 744|4041, https://www.jd.com, 
707|1, 707|469, 699|591, 699|686, 700|797, 702|852, 702|1381, 705|1435, 703|1495, 705|1572, 705|2244, 709|2289, 709|2496, 713|2545, 713|2613, 715|2664, 717|2749, 717|2838, 723|2918, 723|3000, 729|3214, 729|3302, 734|3380, 734|3595, 738|3790, 740|3978, 744|4083, https://www.mit.edu, 
707|1, 707|465, 699|538, 699|1021, 698|1085, 702|1138, 702|1331, 703|1381, 705|1456, 705|2101, 709|2186, 709|2329, 713|2390, 715|2486, 717|2579, 717|2640, 715|2691, 717|2738, 723|2844, 727|2954, 729|3043, 730|3120, 734|3234, 734|3318, 738|3587, 744|3822, 744|4108, https://www.mit.edu, 
707|1, 707|373, 705|456, 699|514, 699|1064, 702|1120, 702|1364, 705|1435, 705|2132, 709|2195, 709|2420, 713|2474, 717|2572, 717|2718, 715|2784, 723|2846, 725|3026, 729|3128, 734|3261, 734|3350, 736|3460, 740|3727, 744|3950, 744|4040, https://www.baidu.com, 
701|1, 701|405, 704|516, 704|1134, 705|1208, 707|1351, 705|1483, 705|2103, 709|2164, 709|2335, 713|2382, 717|2460, 717|2692, 723|2749, 725|2885, 729|3057, 732|3144, 734|3215, 734|3289, 738|3353, 738|3504, 744|3817, 744|4024, https://www.baidu.com, 
699|1, 702|142, 702|681, 703|741, 705|901, 705|1578, 709|1674, 709|1788, 713|1850, 715|1944, 717|2029, 717|2117, 721|2201, 725|2329, 729|2451, 732|2598, 734|2705, 740|2829, 738|2981, 740|3243, 744|3383, 744|3870, 746|3923, 744|3976, 744|4028, https://www.jd.com, 
699|1, 699|105, 700|165, 702|215, 702|750, 705|803, 707|868, 707|1031, 705|1091, 705|1607, 709|1653, 709|1837, 713|1895, 717|1990, 717|2148, 721|2226, 729|2410, 730|2568, 736|2729, 734|2811, 736|2878, 738|3052, 744|3312, 744|4028, https://www.mit.edu, 
707|1, 707|381, 705|481, 699|525, 699|1024, 698|1071, 702|1122, 702|1363, 703|1416, 705|1466, 705|2142, 709|2188, 709|2376, 711|2439, 713|2491, 717|2568, 717|2675, 715|2734, 715|2786, 719|2836, 725|2939, 729|3129, 732|3209, 734|3280, 734|3360, 738|3459, 740|3744, 744|3924, 744|4047, https://www.mit.edu, 
707|1, 707|407, 705|479, 699|576, 699|1044, 698|1103, 702|1154, 702|1400, 703|1454, 705|1511, 705|2133, 709|2179, 709|2361, 711|2412, 713|2474, 717|2565, 717|2669, 715|2740, 719|2789, 723|2851, 729|3053, 729|3162, 732|3221, 734|3279, 734|3403, 738|3650, 740|3854, 744|3946, 744|4028, https://www.mit.edu, 
701|1, 701|302, 699|358, 699|459, 702|599, 702|1199, 703|1261, 703|1323, 705|1375, 705|2065, 709|2116, 709|2319, 713|2365, 717|2467, 717|2707, 725|2894, 729|3008, 731|3125, 734|3199, 734|3375, 740|3748, 744|3874, 744|4020, https://www.jd.com, 
705|1, 699|79, 699|722, 702|806, 702|1017, 703|1058, 703|1108, 705|1152, 705|1882, 709|1936, 709|2152, 713|2219, 717|2295, 717|2462, 715|2517, 715|2620, 723|2727, 725|2845, 729|2973, 729|3026, 732|3114, 736|3207, 734|3259, 738|3384, 740|3588, 740|3697, 744|3814, 744|4024, https://www.baidu.com, 
707|1, 707|341, 705|417, 699|471, 699|1078, 700|1147, 702|1191, 702|1402, 703|1454, 705|1501, 705|1796, 709|1852, 709|2442, 713|2505, 717|2593, 717|2766, 715|2816, 715|2864, 721|2954, 725|3068, 729|3193, 729|3290, 736|3405, 734|3508, 738|3701, 740|3910, 740|4012, https://www.baidu.com, 
707|1, 707|360, 699|448, 699|920, 698|966, 702|1012, 702|1200, 705|1249, 707|1303, 705|1355, 705|1980, 709|2036, 709|2189, 711|2236, 717|2335, 717|2514, 715|2580, 717|2637, 723|2691, 729|2937, 734|3075, 734|3227, 738|3386, 738|3596, 744|3731, 744|4053, https://www.mit.edu, 
707|1, 707|332, 701|412, 699|530, 698|613, 702|662, 702|1235, 705|1279, 705|2070, 709|2120, 709|2291, 713|2339, 713|2398, 717|2470, 717|2523, 719|2658, 723|2761, 729|2975, 734|3135, 734|3293, 738|3438, 740|3668, 744|3757, 744|4015, https://www.jd.com, 
707|1, 707|437, 705|482, 699|537, 699|1038, 698|1101, 702|1154, 702|1348, 703|1399, 703|1495, 705|1555, 705|2231, 709|2287, 709|2432, 711|2476, 713|2543, 717|2646, 717|2732, 721|2837, 727|3019, 729|3175, 731|3240, 734|3318, 734|3507, 738|3665, 740|3764, 744|4041, https://www.jd.com, 
