388|1, 381|834, 381|1218, 379|1322, 379|1530, 377|1629, 375|1744, 375|1813, 372|1995, 372|2191, 368|2305, 370|2646, 370|3071, 372|3217, 372|3288, 374|3361, 375|3443, 375|3592, 376|3647, 376|4067, https://www.yahoo.com, 
364|1, 313|598, 313|678, 312|751, 312|886, 311|941, 311|1315, 309|1354, 309|2196, 308|2264, 308|2518, 307|2589, 307|2984, 309|3118, 312|3369, 315|3616, 315|3678, 320|3814, 322|4035, https://www.mit.edu, 
309|1, 309|2022, 307|2089, 307|3374, 306|3509, 306|4087, https://www.yahoo.com, 
337|1, 337|1151, 328|1224, 326|1312, 326|1720, 322|1760, 319|1797, 316|1875, 316|2099, 314|2193, 303|2241, 301|2283, 301|2648, 300|2793, 300|3517, 301|3614, 304|3834, 310|4049, https://www.yahoo.com, 
322|1, 322|1708, 320|1749, 320|2016, 319|2060, 319|2113, 317|2174, 317|2470, 316|2523, 316|3600, 321|3805, 324|4036, https://www.pku.edu.cn, 
337|1, 337|1454, 332|1498, 331|1555, 327|1617, 325|1666, 325|1962, 323|2028, 323|2142, 311|2234, 305|2295, 303|2343, 303|2395, 301|2489, 301|3073, 299|3333, 299|3610, 304|3968, 310|4117, https://www.baidu.com, 
325|1, 325|1607, 324|1668, 324|1866, 322|1925, 321|1977, 321|2095, 320|2153, 319|2195, 318|2238, 317|2282, 317|2331, 316|2370, 315|2547, 315|3384, 316|3523, 308|3690, 309|3983, 309|4051, https://www.pku.edu.cn, 
323|1, 323|1240, 321|1300, 321|1425, 323|1502, 323|2395, 321|2436, 321|2480, 319|2531, 319|3315, 317|3424, 320|3564, 321|3710, 327|3996, 332|4130, https://www.jd.com, 
358|1, 348|325, 348|2143, 347|2227, 347|2971, 346|3112, 347|3198, 350|3369, 355|3563, 355|3702, 356|3778, 360|3870, 360|4031, https://www.baidu.com, 
370|1, 370|1080, 368|1118, 368|1726, 367|1763, 367|1990, 366|2038, 365|2141, 365|2254, 361|2309, 360|2353, 359|2395, 359|3181, 357|3384, 357|3546, 359|3669, 361|3897, 362|4010, https://www.pku.edu.cn, 
356|1, 356|281, 355|325, 355|365, 354|405, 331|499, 331|589, 330|628, 330|887, 328|930, 327|985, 327|1026, 323|1123, 323|1915, 322|1965, 322|2235, 319|2284, 319|2375, 299|2441, 294|2495, 294|2557, 291|2662, 288|2766, 288|2825, 284|2892, 284|3114, 282|3245, 281|3347, 280|3493, 282|3697, 283|3945, 284|4021, https://www.pku.edu.cn, 
293|1, 285|357, 285|512, 279|549, 279|829, 280|888, 280|2806, 281|2892, 281|3076, 284|3269, 287|3426, 292|3538, 292|3731, 295|3837, 295|4029, https://www.yahoo.com, 
328|1, 328|858, 329|926, 327|980, 327|1604, 326|1663, 326|2125, 324|2235, 324|2376, 322|2476, 322|2729, 325|2863, 330|3148, 331|3335, 331|3385, 336|3498, 336|3574, 340|3636, 340|3693, 341|3745, 341|3823, 340|3861, 341|3906, 342|4006, https://www.mit.edu, 
330|1, 330|484, 326|531, 326|1254, 324|1312, 324|1699, 322|1750, 322|2075, 320|2163, 320|2718, 318|2797, 319|2878, 322|3043, 328|3261, 328|3349, 333|3515, 333|3621, 334|3667, 335|3723, 336|3775, 337|4024, https://www.yahoo.com, 
368|1, 368|724, 362|828, 356|887, 356|1319, 355|1361, 349|1412, 339|1465, 333|1508, 333|1555, 332|1648, 332|2544, 329|2592, 329|2636, 327|2695, 327|2793, 326|2849, 326|3586, 327|3655, 334|3963, 336|4134, https://www.yahoo.com, 
363|1, 360|250, 355|290, 355|457, 354|509, 353|623, 353|1144, 351|1187, 348|1239, 348|2083, 347|2154, 346|2197, 346|2437, 344|2488, 344|2590, 342|2698, 342|3481, 346|3705, 352|3931, 353|4050, https://www.yahoo.com, 
385|1, 382|315, 382|942, 383|1013, 383|1351, 382|1393, 379|1432, 379|1469, 374|1509, 369|1550, 368|1590, 368|1778, 367|1844, 367|1890, 365|1935, 365|2048, 363|2133, 361|2180, 357|2235, 355|2302, 352|2366, 352|2503, 342|2688, 342|2934, 344|2999, 345|3262, 351|3502, 355|3604, 356|3694, 356|3820, 357|3865, 359|3911, 359|3953, 358|3992, 357|4035, https://www.baidu.com, 
361|1, 356|329, 356|373, 351|414, 351|717, 350|780, 350|1521, 349|1573, 349|1615, 344|1658, 344|1700, 338|1738, 332|1779, 332|2155, 330|2249, 330|2443, 321|2493, 308|2629, 308|2912, 309|2979, 309|3072, 312|3254, 316|3513, 321|3744, 321|3851, 323|3911, 324|3952, 324|4034, https://www.jd.com, 
361|1, 359|265, 358|305, 358|345, 357|383, 357|534, 354|668, 354|880, 353|922, 353|1896, 347|1936, 343|1975, 336|2057, 336|2681, 332|2747, 330|2886, 323|2959, 312|3048, 310|3218, 310|3562, 314|3788, 320|4011, https://www.yahoo.com, 
365|1, 364|309, 364|471, 360|519, 355|568, 355|604, 353|653, 353|702, 347|797, 346|845, 345|923, 344|970, 344|1147, 343|1248, 341|1308, 341|2050, 339|2095, 337|2146, 337|2209, 336|2276, 336|2899, 343|3258, 347|3457, 351|3530, 352|3595, 350|3685, 350|3727, 351|3773, 352|3813, 353|3856, 353|4005, https://www.baidu.com, 
360|1, 359|300, 359|461, 358|499, 358|538, 357|576, 341|611, 334|650, 332|687, 332|767, 331|827, 329|949, 330|1017, 330|1136, 323|1212, 319|1250, 319|1552, 318|1594, 316|1634, 316|1834, 315|1903, 315|2256, 314|2338, 310|2391, 310|2999, 315|3180, 316|3365, 316|3499, 318|3661, 319|3727, 317|3776, 317|3925, 316|3988, 316|4029, https://www.mit.edu, 
317|1, 315|214, 315|714, 314|758, 314|967, 313|1010, 313|1052, 311|1099, 311|1268, 310|1320, 309|1371, 307|1424, 303|1467, 297|1520, 294|1629, 294|1680, 291|1725, 291|2003, 287|2047, 287|2138, 283|2185, 283|2275, 274|2327, 270|2378, 259|2442, 259|2891, 254|2978, 254|3285, 255|3470, 258|3671, 264|4024, https://www.jd.com, 
309|1, 309|484, 305|593, 301|653, 300|741, 292|793, 292|891, 291|930, 291|966, 289|1003, 289|1196, 287|1257, 286|1310, 288|1411, 288|1549, 287|1597, 287|2084, 286|2173, 285|2281, 285|2709, 283|2794, 282|2920, 281|3170, 281|3413, 283|3609, 286|3857, 291|4090, https://www.pku.edu.cn, 
303|1, 303|452, 302|588, 302|673, 301|736, 301|904, 299|940, 299|978, 298|1020, 298|1138, 297|1186, 296|1254, 296|1464, 295|1511, 295|1924, 293|1966, 293|2204, 291|2268, 291|2420, 289|2468, 289|3200, 290|3277, 293|3426, 299|3577, 299|3730, 303|3794, 304|3883, 305|4035, https://www.jd.com, 
341|1, 341|945, 332|997, 320|1057, 317|1114, 317|1318, 316|1372, 314|1424, 314|1512, 311|1563, 309|1630, 307|1676, 307|1713, 306|1750, 306|1924, 305|1975, 305|2306, 304|2357, 304|2525, 303|2590, 303|2680, 302|2753, 302|3170, 301|3325, 301|3405, 300|3491, 300|3567, 302|3674, 304|3949, 304|4075, https://www.pku.edu.cn, 
318|1, 318|1315, 317|1404, 317|1452, 315|1529, 315|1578, 314|1617, 313|1680, 312|1744, 312|1866, 311|1908, 310|1959, 309|2015, 309|2199, 308|2299, 308|2578, 306|2644, 306|2700, 304|2757, 302|2835, 302|3495, 308|3829, 308|3927, 310|3997, 312|4069, https://www.pku.edu.cn, 
326|1, 326|744, 315|792, 304|834, 301|875, 301|1046, 300|1120, 296|1179, 295|1237, 294|1292, 294|1344, 293|1400, 293|1452, 292|1505, 291|1549, 291|1778, 290|1830, 290|2161, 288|2224, 288|3227, 286|3322, 286|3591, 284|3689, 286|4099, https://www.pku.edu.cn, 
306|1, 306|131, 305|187, 305|315, 304|360, 303|399, 303|444, 302|535, 302|606, 299|704, 299|885, 298|927, 298|1123, 296|1167, 296|2004, 291|2060, 291|2339, 289|2387, 289|2710, 287|2778, 287|3280, 285|3370, 285|3430, 289|3621, 295|3948, 300|4053, https://www.yahoo.com, 
345|1, 344|169, 344|296, 343|336, 341|379, 341|584, 339|623, 339|663, 338|703, 338|874, 337|915, 337|1075, 335|1139, 335|2048, 334|2094, 334|2234, 331|2308, 329|2368, 329|2557, 327|2600, 327|2997, 324|3200, 324|3359, 323|3485, 325|3655, 332|3924, 334|4068, https://www.baidu.com, 
344|1, 344|474, 343|513, 343|660, 341|743, 340|848, 340|948, 339|993, 338|1033, 337|1076, 337|1221, 336|1266, 336|1516, 334|1570, 334|1830, 332|1896, 332|2247, 330|2292, 330|2679, 328|2743, 328|2817, 326|2903, 329|4058, https://www.pku.edu.cn, 
344|1, 344|195, 343|238, 343|451, 341|499, 341|547, 340|629, 340|697, 337|826, 337|1006, 336|1042, 336|1414, 330|1482, 330|1545, 328|1695, 324|1742, 324|1908, 322|1950, 320|1991, 320|2033, 318|2087, 316|2130, 316|2183, 314|2222, 309|2282, 309|2333, 308|2409, 307|2457, 307|2583, 306|2670, 305|2742, 303|2807, 299|2872, 292|2934, 292|3417, 294|3484, 297|3761, 300|3958, 303|4230, https://www.mit.edu, 
311|1, 307|129, 307|309, 305|348, 305|635, 304|679, 304|870, 303|911, 302|964, 301|1015, 301|1187, 299|1233, 298|1276, 298|1478, 297|1567, 297|1616, 296|1670, 296|1867, 292|1910, 290|1950, 290|2085, 284|2134, 284|2395, 282|2450, 282|3288, 284|3578, 287|3893, 291|4130, https://www.pku.edu.cn, 
306|1, 306|245, 305|311, 305|351, 303|390, 303|562, 302|602, 301|646, 300|732, 300|905, 299|948, 299|1664, 297|1712, 297|1957, 295|2007, 294|2089, 294|2803, 292|2912, 296|3221, 300|3454, 305|3583, 305|3752, 306|3800, 307|3848, 308|3894, 308|4038, https://www.yahoo.com, 
350|1, 350|478, 349|527, 349|702, 346|828, 346|1032, 342|1073, 341|1111, 341|1347, 336|1391, 336|1596, 338|1742, 338|2124, 336|2163, 336|2424, 334|2476, 334|2547, 329|2618, 329|2701, 327|2762, 327|3641, 330|3839, 336|4065, https://www.jd.com, 
364|1, 364|735, 363|774, 363|956, 362|992, 361|1029, 361|1065, 360|1114, 360|1203, 359|1266, 357|1314, 357|1537, 356|1583, 356|1876, 354|1921, 354|2503, 351|2574, 350|2644, 350|3090, 348|3184, 346|3252, 346|3307, 348|3365, 353|3543, 357|3726, 362|3911, 363|4016, https://www.baidu.com, 
371|1, 371|207, 369|258, 369|1223, 368|1317, 368|1442, 366|1500, 366|1549, 364|1610, 364|1657, 363|1737, 363|1776, 361|1813, 361|1854, 360|1919, 360|1965, 356|2004, 354|2043, 350|2083, 349|2125, 347|2170, 343|2222, 343|2477, 341|2533, 341|3004, 328|3141, 318|3292, 314|3401, 315|3487, 315|3570, 321|3824, 321|4043, https://www.jd.com, 
359|1, 355|162, 355|364, 353|406, 353|1033, 352|1076, 352|1258, 351|1306, 350|1343, 349|1385, 348|1456, 348|1505, 347|1560, 338|1627, 323|1703, 322|1768, 320|1809, 319|1891, 319|2077, 314|2154, 314|2251, 308|2289, 308|3046, 303|3149, 303|3509, 305|3587, 304|3735, 309|3981, 309|4111, https://www.mit.edu, 
313|1, 313|988, 309|1032, 309|1075, 307|1137, 307|1200, 305|1255, 303|1307, 302|1359, 302|1503, 300|1603, 299|1691, 299|1809, 297|1858, 296|1899, 296|1982, 293|2034, 293|2079, 292|2130, 292|2174, 290|2220, 290|2304, 288|2386, 288|2620, 287|2700, 287|3158, 282|3247, 280|3377, 284|3473, 288|3760, 289|4012, https://www.mit.edu, 
295|1, 295|500, 288|586, 277|634, 275|672, 271|726, 271|912, 270|952, 266|995, 266|1116, 265|1194, 264|1242, 263|1286, 263|1436, 261|1489, 260|1565, 260|1775, 259|1819, 259|1951, 257|1990, 257|2909, 255|2979, 252|3164, 249|3291, 249|3384, 245|3481, 245|3645, 250|3925, 253|4079, https://www.baidu.com, 
275|1, 275|873, 274|951, 274|1145, 272|1185, 272|1225, 271|1266, 271|1371, 268|1571, 268|1651, 267|1812, 267|1947, 265|2030, 265|2302, 263|2365, 263|2468, 261|2532, 261|2765, 257|2829, 257|3426, 259|3497, 263|3738, 268|3967, 272|4050, https://www.baidu.com, 
283|1, 283|898, 282|1052, 282|1177, 280|1218, 280|1260, 279|1313, 279|1394, 278|1445, 278|1505, 276|1559, 274|1597, 274|1687, 271|1740, 271|1886, 269|1939, 267|2020, 267|2112, 265|2193, 256|2304, 256|2871, 258|3004, 260|3181, 266|3430, 270|3543, 271|3613, 271|3751, 273|3805, 274|3859, 274|4020, https://www.jd.com, 
315|1, 315|364, 314|404, 314|581, 312|631, 306|668, 305|710, 305|748, 299|785, 299|837, 298|900, 295|956, 293|1030, 293|1082, 294|1137, 293|1184, 293|1630, 292|1669, 292|2963, 294|3041, 300|3382, 300|3532, 304|3610, 305|3680, 305|3772, 306|3816, 305|3863, 306|3905, 306|4084, https://www.mit.edu, 
307|1, 307|367, 306|408, 306|581, 305|622, 305|662, 304|707, 304|791, 303|847, 303|887, 302|927, 302|975, 301|1021, 301|1125, 300|1175, 300|1259, 293|1312, 293|1374, 292|1415, 291|1461, 291|1514, 287|1575, 287|1643, 285|1703, 285|2008, 280|2051, 280|2426, 277|2476, 277|3387, 279|3477, 281|3583, 285|3912, 285|4052, https://www.mit.edu, 
294|1, 292|192, 286|232, 271|271, 271|311, 269|353, 269|446, 268|496, 266|581, 266|745, 261|783, 258|823, 258|864, 257|907, 257|1095, 256|1155, 256|1789, 254|1859, 254|2751, 252|2843, 252|3090, 250|3238, 248|3334, 244|3398, 244|3450, 246|3594, 252|3864, 252|4048, https://www.mit.edu, 
255|1, 255|166, 254|205, 254|396, 253|448, 252|504, 251|663, 250|748, 249|795, 248|833, 248|1046, 247|1082, 247|1573, 245|1617, 243|1682, 243|1768, 241|1827, 241|1868, 239|1907, 239|1956, 237|2005, 237|3349, 241|3624, 250|3921, 252|4054, https://www.jd.com, 
283|1, 282|195, 282|242, 281|284, 280|325, 279|367, 279|482, 278|522, 278|561, 276|601, 276|708, 275|830, 275|1180, 276|1225, 276|1566, 272|1668, 272|2044, 270|2101, 270|2315, 268|2387, 268|2471, 266|2563, 266|3427, 271|3584, 275|3800, 275|3883, 276|3991, 280|4111, https://www.baidu.com, 
288|1, 286|210, 285|260, 285|408, 284|461, 283|539, 282|606, 282|766, 281|804, 281|1500, 280|1544, 280|1919, 276|1985, 276|2536, 274|2582, 274|2899, 272|2951, 272|3001, 271|3059, 269|3177, 269|3268, 268|3380, 268|3596, 273|3763, 279|4111, https://www.baidu.com, 
297|1, 296|155, 294|225, 294|428, 292|485, 291|579, 291|742, 290|784, 290|1234, 279|1278, 266|1321, 265|1375, 265|1746, 262|1822, 261|1871, 261|2157, 259|2211, 259|3216, 261|3284, 261|3367, 264|3543, 267|3751, 265|3865, 266|3920, 270|3996, 270|4051, https://www.mit.edu, 
271|1, 268|158, 268|322, 267|366, 265|407, 265|541, 258|658, 258|860, 254|914, 254|1357, 255|1419, 255|1955, 253|2004, 253|3267, 257|3450, 257|3568, 263|3806, 263|3886, 264|3959, 268|4022, https://www.jd.com, 
307|1, 306|127, 306|184, 304|225, 304|415, 302|493, 301|537, 301|728, 300|771, 300|824, 294|873, 294|918, 292|968, 292|1091, 286|1149, 286|1939, 282|1981, 278|2023, 278|3343, 279|3457, 279|3615, 281|3789, 281|4025, https://www.jd.com, 
