-1668485756|1, -1668485756|1484, -1668481180|1803, -1668475465|2236, -1668470346|2401, -1668444746|2473, -1668409973|2546, -1668381601|2628, -1668363165|2690, -1668363165|3581, -1668363093|3625, -1668363093|3747, -1668296751|3869, -1668245320|4002, https://www.yahoo.com, 
-1668205286|1, -1668205286|363, -1668205202|429, -1668205202|2541, -1668195776|2792, -1668195602|2983, -1668195602|3102, -1668195438|3231, -1668195438|4033, https://www.mit.edu, 
-1668189299|1, -1668189299|3823, -1668184723|3957, -1668184377|4125, https://www.yahoo.com, 
-1667908672|1, -1667908672|3188, -1667905376|3380, -1667904776|3626, -1667900290|3767, -1667900244|3839, -1667899451|3905, -1667899379|3946, -1667899307|3988, -1667899307|4028, https://www.yahoo.com, 
-1667667406|1, -1667667406|51, -1667667364|95, -1667667364|3203, -1667659870|3408, -1667658892|3639, -1667658892|3740, -1667658728|3874, -1667658728|4045, https://www.pku.edu.cn, 
-1666552355|1, -1666552355|3290, -1666542907|3621, -1666537176|3799, -1666537012|3900, -1666465688|4071, https://www.baidu.com, 
-1666299451|1, -1666299451|3084, -1666295711|3215, -1666291801|3384, -1666290979|3682, -1666290979|3744, -1666290815|3809, -1666290815|4032, https://www.pku.edu.cn, 
-1664967762|1, -1664967762|1129, -1664967599|1202, -1664967465|1290, -1664967465|3121, -1664963366|3257, -1664963192|3412, -1664931789|3699, -1664931573|3828, -1664931573|4008, https://www.jd.com, 
-1664812484|1, -1664812484|2797, -1664803694|2882, -1664802736|3052, -1664797906|3245, -1664797468|3387, -1664797468|3459, -1664797304|3546, -1664731218|3634, -1664731218|4032, https://www.baidu.com, 
-1664537712|1, -1664537712|3239, -1664537552|3369, -1664529732|3559, -1664529414|3710, -1664529250|4029, https://www.pku.edu.cn, 
-1663509615|1, -1663509615|3077, -1663502295|3216, -1663501317|3422, -1663501143|3674, -1663501143|3752, -1663500979|3820, -1663500979|4001, https://www.pku.edu.cn, 
-1662296196|1, -1662296196|539, -1662296071|627, -1662296071|2545, -1662295991|2638, -1662291669|2725, -1662290740|2907, -1662290386|3074, -1662285900|3191, -1662285136|3269, -1662285064|3332, -1662281179|3384, -1662256859|3490, -1662222720|3537, -1662217838|3583, -1662199918|3631, -1662177116|3682, -1662175836|3735, -1662175836|4015, https://www.yahoo.com, 
-1661988784|1, -1661988784|2331, -1661988412|2463, -1661978550|2737, -1661978376|2933, -1661978376|2987, -1661977884|3094, -1661968792|3175, -1661968716|3237, -1661968628|3295, -1661967984|3347, -1661967984|4067, https://www.mit.edu, 
-1661931030|1, -1661931030|53, -1661930978|98, -1661930978|2570, -1661926402|2716, -1661925882|2949, -1661921480|3043, -1661920451|3210, -1661920379|3271, -1661915568|3316, -1661915568|3363, -1661897648|3418, -1661872048|3470, -1661855061|3528, -1661808051|3620, -1661808051|4032, https://www.yahoo.com, 
-1661639950|1, -1661639950|1253, -1661639801|1339, -1661639801|3351, -1661634979|3650, -1661630303|3832, -1661629510|3944, -1661629274|4010, https://www.yahoo.com, 
-1661355140|1, -1661355140|3234, -1661350564|3456, -1661350036|3685, -1661345714|3807, -1661344849|3885, -1661344685|3988, -1661339801|4030, https://www.yahoo.com, 
-1661080489|1, -1661080489|552, -1661080447|593, -1661080447|635, -1661080329|703, -1661080329|2687, -1661071365|2952, -1661066005|3192, -1661065841|3296, -1661065841|3373, -1660998545|3440, -1660995389|3511, -1660995389|4047, https://www.baidu.com, 
-1660751534|1, -1660751534|2654, -1660747028|2751, -1660746854|2922, -1660712509|3185, -1660712345|3423, -1660712345|4011, https://www.jd.com, 
-1660597567|1, -1660597567|3303, -1660592991|3526, -1660592543|3746, -1660592463|3848, -1660587977|3947, -1660587112|4012, https://www.yahoo.com, 
-1660309982|1, -1660309982|2600, -1660300234|2936, -1660294966|3156, -1660294802|3227, -1660294802|3295, -1660225247|3386, -1660225247|4017, https://www.baidu.com, 
-1659940741|1, -1659940741|1424, -1659940555|1505, -1659940555|2716, -1659940149|2872, -1659930955|3078, -1659930955|3210, -1659930791|3377, -1659930791|4007, https://www.mit.edu, 
-1659919363|1, -1659919363|3076, -1659915264|3247, -1659914683|3461, -1659914683|3638, -1659883208|3810, -1659883208|4008, https://www.jd.com, 
-1659741729|1, -1659741729|1162, -1659741523|1270, -1659741523|3274, -1659734029|3443, -1659733051|3717, -1659733051|3826, -1659732887|3944, -1659732887|4014, https://www.pku.edu.cn, 
-1658289020|1, -1658289020|3037, -1658284921|3113, -1658284340|3264, -1658279354|3414, -1658252900|3516, -1658252900|3568, -1658252736|3631, -1658252736|4023, https://www.jd.com, 
-1658200946|1, -1658200946|3433, -1658193626|3540, -1658192648|3817, -1658192474|3942, -1658192474|4035, https://www.pku.edu.cn, 
-1656952378|1, -1656952378|3251, -1656945058|3367, -1656944566|3703, -1656944566|3874, -1656944402|3946, -1656944402|4041, https://www.pku.edu.cn, 
-1655613323|1, -1655613323|3559, -1655606003|3675, -1655604851|3973, -1655604851|4166, https://www.pku.edu.cn, 
-1654426481|1, -1654426481|3304, -1654421905|3494, -1654421305|3815, -1654418099|3927, -1654418099|4008, https://www.yahoo.com, 
-1654119643|1, -1654119643|3324, -1654110853|3498, -1654110505|3769, -1654105411|3912, -1654105247|4059, https://www.baidu.com, 
-1653754468|1, -1653754468|3453, -1653747148|3628, -1653746170|3927, -1653746170|4082, https://www.pku.edu.cn, 
-1653726106|1, -1653726106|3343, -1653716536|3545, -1653716362|3812, -1653716198|4088, https://www.mit.edu, 
-1653704553|1, -1653704553|3163, -1653697233|3420, -1653696915|3766, -1653696915|4002, https://www.pku.edu.cn, 
-1652985493|1, -1652985493|2672, -1652980917|2926, -1652977275|3213, -1652977111|3343, -1652977111|3459, -1652975831|3512, -1652975831|3560, -1652975182|3608, -1652975182|3694, -1652975110|3737, -1652973163|3797, -1652961643|3860, -1652948843|3911, -1652937323|4013, https://www.yahoo.com, 
-1652698180|1, -1652698180|1372, -1652697883|1514, -1652697883|3425, -1652693203|3618, -1652658927|3848, -1652658927|4001, https://www.jd.com, 
-1652586931|1, -1652586931|3151, -1652578995|3203, -1652577102|3380, -1652571915|3567, -1652560674|3753, -1652472828|3858, -1652472828|4036, https://www.baidu.com, 
-1652277423|1, -1652277423|3273, -1652273324|3357, -1652273324|3441, -1652272569|3692, -1652272569|4022, https://www.jd.com, 
-1652216289|1, -1652216289|3350, -1652216129|3428, -1652207037|3577, -1652206052|3806, -1652201184|3952, -1652200536|4060, https://www.mit.edu, 
-1652183572|1, -1652183572|3328, -1652173972|3623, -1652173972|3875, -1652173808|3984, -1652173808|4090, https://www.mit.edu, 
-1652134851|1, -1652134851|3342, -1652126061|3493, -1652121047|3786, -1652120445|3939, -1652120445|4027, https://www.baidu.com, 
-1651797768|1, -1651797768|3269, -1651793694|3336, -1651788412|3530, -1651782667|3807, -1651782503|3891, -1651782503|4003, https://www.baidu.com, 
-1651467468|1, -1651467468|2651, -1651463369|2772, -1651462788|2959, -1651428440|3205, -1651428276|3321, -1651428276|4017, https://www.jd.com, 
-1651319020|1, -1651319020|876, -1651318834|930, -1651318834|978, -1651318688|1047, -1651318688|2757, -1651318528|2833, -1651309088|3176, -1651309088|3324, -1651308924|3399, -1651308924|4017, https://www.mit.edu, 
-1651239935|1, -1651239935|3353, -1651239631|3462, -1651230335|3785, -1651230171|4032, https://www.mit.edu, 
-1651194260|1, -1651194260|3262, -1651189572|3394, -1651183682|3674, -1651183518|4016, https://www.mit.edu, 
-1651140655|1, -1651140655|3187, -1651136336|3455, -1651106003|3759, -1651106003|4004, https://www.jd.com, 
-1651028806|1, -1651028806|1035, -1651028688|1083, -1651028688|3234, -1651019724|3380, -1651014710|3599, -1651014272|3692, -1651014272|3801, -1651014108|3921, -1650945700|4000, -1650945700|4040, https://www.baidu.com, 
-1650793958|1, -1650793958|3391, -1650784994|3557, -1650784210|3710, -1650778942|3901, -1650778874|4023, https://www.baidu.com, 
-1650421533|1, -1650421533|1222, -1650421347|1274, -1650421347|3133, -1650421187|3216, -1650411921|3381, -1650411747|3596, -1650411747|3769, -1650411583|3842, -1650411583|4026, https://www.mit.edu, 
-1650365653|1, -1650365653|1208, -1650365519|1270, -1650365519|3119, -1650361246|3301, -1650361246|3420, -1650330693|3656, -1650330693|3810, -1650330529|3874, -1650330529|4046, https://www.jd.com, 
-1650206838|1, -1650206838|3224, -1650202739|3337, -1650202332|3422, -1650201994|4027, https://www.jd.com, 
