59884|1, 59216|814, 59216|1124, 59228|1199, 59228|1309, 59352|1374, 60220|1440, 61212|1509, 62328|1624, 64436|1726, 65552|1794, 68208|1986, 70760|2175, 72540|2288, 76360|2642, 77228|3057, 77476|3196, 77476|3339, 77644|3422, 77644|3665, 77756|3759, 77840|4065, https://www.yahoo.com, 
72408|1, 72408|718, 72568|782, 72568|1018, 72636|1068, 72636|1695, 72700|1759, 72696|1808, 72696|2558, 73044|2694, 73348|2818, 73348|3659, 74144|3784, 74144|4002, https://www.mit.edu, 
76484|1, 76856|402, 76920|443, 76944|486, 76944|578, 77068|625, 77192|718, 77192|1385, 77324|1448, 77456|1511, 77456|2391, 77488|2435, 77544|2477, 77544|3372, 77564|3491, 77564|3658, 77812|3837, 77812|4065, https://www.yahoo.com, 
80468|1, 80468|574, 80680|696, 80680|793, 80684|842, 80684|1578, 80676|1636, 80684|1684, 80684|2063, 81304|2158, 81304|2364, 81552|2448, 82792|2501, 82792|2552, 82872|2613, 82924|2759, 82924|3009, 83172|3159, 83172|3481, 83244|3593, 83260|3846, 83260|4019, https://www.yahoo.com, 
83032|1, 83032|910, 83072|968, 83080|1013, 83080|1822, 83084|1951, 83080|1998, 83080|2868, 83088|2945, 83092|2995, 83216|3130, 83340|3254, 83412|4026, https://www.pku.edu.cn, 
83488|1, 83488|443, 83572|543, 83572|668, 83700|717, 83700|1652, 83692|1703, 83692|1757, 83696|1807, 83696|2330, 83820|2384, 83820|2526, 83944|2574, 84068|2648, 84112|2710, 84116|2758, 84116|3070, 84364|3322, 84364|3597, 84436|3955, 85180|4103, https://www.baidu.com, 
84188|1, 84188|851, 84184|893, 84184|982, 84352|1033, 84380|1124, 85000|1274, 85000|2000, 85004|2039, 85016|2079, 85092|2137, 85092|2907, 85312|3096, 85524|3269, 85524|3719, 86268|3967, 86336|4036, https://www.pku.edu.cn, 
98460|1, 98464|300, 98464|743, 98476|788, 98476|1110, 98480|1178, 98484|1228, 98484|2146, 98472|2195, 98472|2695, 98968|2796, 98968|2983, 99092|3088, 99276|3195, 99436|3318, 99436|3745, 99560|3992, 100428|4117, https://www.jd.com, 
103168|1, 103168|312, 103172|361, 103172|1026, 103340|1068, 103340|1106, 103348|1144, 103404|1182, 103404|1220, 103488|1317, 103488|2084, 103496|2131, 103504|2215, 103504|2622, 103752|2759, 103752|2966, 103808|3101, 103848|3187, 103848|3690, 104716|3774, 104716|3857, 104840|3938, 104840|4020, https://www.baidu.com, 
105116|1, 105116|986, 106204|1029, 106208|1066, 106208|1141, 106212|1178, 106212|1216, 106304|1259, 106304|1977, 106320|2025, 106320|2945, 106324|3015, 106336|3074, 106584|3168, 106584|3887, 106644|3997, 106956|4086, https://www.pku.edu.cn, 
106920|1, 106920|1125, 107004|1201, 107008|1255, 107012|1302, 107096|1369, 107096|2183, 107220|2224, 107212|2273, 107328|2319, 107328|2881, 107576|2988, 107576|3243, 107804|3338, 107680|3481, 108424|4010, https://www.pku.edu.cn, 
125916|1, 125924|343, 125924|1198, 125912|1254, 125912|2071, 125996|2164, 126048|2246, 126048|2339, 126296|2486, 126296|3064, 126548|3268, 126548|3414, 127416|3525, 127416|3916, 127540|3965, 127540|4019, https://www.yahoo.com, 
126460|1, 126584|393, 126584|551, 126596|595, 126628|644, 126740|686, 126740|1553, 126728|1592, 126728|1651, 126744|1699, 126744|2365, 126992|2464, 127120|2637, 127184|2717, 127060|2852, 127060|3146, 127928|3323, 127928|3562, 128144|3624, 127992|3681, 127992|4033, https://www.mit.edu, 
126896|1, 126896|432, 126900|474, 126900|807, 126896|879, 126896|1845, 127012|1909, 127012|2279, 127260|2375, 127260|2787, 127252|2868, 127352|3036, 127476|3265, 128096|3347, 128220|3506, 128220|3712, 128344|3765, 128468|3822, 128876|3914, 128892|3968, 128892|4015, https://www.yahoo.com, 
127196|1, 127196|454, 127200|493, 127200|714, 127284|816, 127284|1083, 127292|1128, 127292|1170, 127880|1216, 127880|1798, 127876|1839, 127880|1908, 127880|2844, 127896|2908, 127896|3005, 127996|3095, 128244|3247, 128244|3646, 128392|3971, 128392|4122, https://www.yahoo.com, 
128160|1, 128160|1585, 128156|1639, 128156|2581, 128172|2690, 128172|2892, 128420|3004, 128420|3472, 128468|3738, 128468|4043, https://www.yahoo.com, 
128236|1, 128240|291, 128240|587, 128328|628, 128328|1190, 128332|1267, 128328|1328, 128328|2026, 128452|2111, 128452|2157, 128448|2220, 128440|2280, 128444|2351, 128444|2487, 128692|2668, 128692|2981, 128728|3246, 128792|3480, 129536|3581, 129536|3729, 129660|3796, 129748|4017, https://www.baidu.com, 
129348|1, 129348|662, 129360|705, 129368|768, 129368|1688, 129356|1726, 129368|1768, 129368|2486, 129616|2625, 129836|2770, 129836|2901, 129712|2970, 129712|3263, 129836|3502, 130656|3733, 130708|3794, 130708|4023, https://www.jd.com, 
129384|1, 129384|1134, 129388|1180, 129388|1409, 129392|1458, 129404|1540, 129404|2349, 129396|2413, 129396|3043, 129644|3211, 129768|3358, 129812|3424, 129748|3480, 129872|4008, https://www.yahoo.com, 
139880|1, 139880|594, 139888|643, 139888|834, 139912|912, 139888|960, 139888|2318, 140012|2449, 140136|2650, 140136|2801, 140100|2890, 140248|3284, 141116|3449, 141116|3585, 141240|3675, 141240|3846, 141280|3889, 141392|3955, 141448|3994, 141448|4043, https://www.baidu.com, 
140604|1, 140604|294, 140620|357, 140728|402, 140728|1281, 140736|1341, 140708|1385, 140716|1429, 140716|2256, 140720|2332, 140716|2385, 140716|2534, 140964|2705, 140964|3174, 141060|3367, 141116|3502, 141984|3660, 141984|4023, https://www.mit.edu, 
140864|1, 140864|267, 140924|307, 140884|349, 140884|1199, 140876|1256, 140880|1307, 140884|1358, 140884|2971, 141132|3067, 141256|3175, 141340|3274, 141236|3466, 141236|3668, 144336|3839, 145328|4012, https://www.jd.com, 
144704|1, 144704|475, 144708|586, 144708|645, 144712|733, 144712|1030, 144720|1067, 144720|1628, 144712|1675, 144712|2552, 144716|2619, 144716|2787, 144840|2913, 144840|3411, 144884|3602, 145052|3856, 145796|4082, https://www.pku.edu.cn, 
144940|1, 144940|333, 145052|381, 145052|934, 145048|972, 145052|1015, 145052|1964, 145056|2016, 145056|2733, 145180|2854, 145436|2990, 145436|3577, 146180|3673, 146180|3794, 146296|3884, 146396|3939, 146376|3979, 146376|4030, https://www.jd.com, 
145360|1, 145360|812, 145372|851, 145376|894, 145372|936, 145372|1806, 145384|1863, 145376|1915, 145376|2812, 145380|2889, 145388|2943, 145388|3062, 145636|3181, 145636|3666, 145720|3963, 145844|4070, https://www.pku.edu.cn, 
145720|1, 145720|1223, 145728|1263, 145724|1311, 145724|2350, 145848|2396, 145848|2833, 146096|2903, 146308|3270, 146316|3399, 146316|3828, 147308|3924, 147308|4001, https://www.pku.edu.cn, 
145996|1, 145996|580, 146016|630, 146016|1595, 146004|1644, 145996|1694, 145996|2654, 146368|2698, 146396|2749, 146396|3224, 146520|3326, 146644|3454, 146644|3588, 146832|3687, 146864|3807, 146864|4113, https://www.pku.edu.cn, 
146568|1, 146568|1001, 146576|1040, 146576|1077, 146584|1118, 146584|2000, 146576|2055, 146584|2111, 146584|2900, 146980|3090, 147044|3280, 147724|4049, https://www.yahoo.com, 
146760|1, 146760|473, 146804|537, 146804|1413, 146808|1464, 146796|1534, 146796|2365, 146896|2448, 146904|2509, 146908|2552, 146908|2992, 147156|3196, 147156|3357, 147312|3489, 147256|3649, 147256|4096, https://www.baidu.com, 
147104|1, 147104|895, 147100|944, 147104|989, 147112|1030, 147116|1072, 147116|1902, 147092|1944, 147088|1988, 147112|2027, 147112|2813, 147116|2901, 147256|3006, 147256|3061, 147504|3248, 147568|4082, https://www.pku.edu.cn, 
147324|1, 147324|358, 147332|403, 147332|1111, 147340|1150, 147340|1851, 147328|1904, 147328|2803, 147348|2869, 147348|2934, 147596|3016, 147596|3759, 147724|3963, 148592|4227, https://www.mit.edu, 
147444|1, 147444|588, 147452|632, 147444|676, 147424|725, 147424|1706, 147420|1763, 147420|2568, 147432|2653, 147444|2725, 147444|2890, 147568|2967, 147692|3081, 147692|3575, 150340|3902, 154928|4130, https://www.pku.edu.cn, 
218568|1, 218568|464, 218584|516, 218584|1394, 218572|1432, 218576|1486, 218588|1554, 218588|2369, 218644|2437, 218900|2648, 218900|3216, 218960|3459, 219844|3578, 219844|3928, 219892|3974, 219952|4033, https://www.yahoo.com, 
222044|1, 222044|347, 222040|390, 222036|431, 222036|1185, 222040|1226, 222040|1386, 222048|1453, 222048|2382, 222052|2424, 222044|2473, 222044|3070, 222292|3227, 222324|3348, 222492|3454, 222492|4061, https://www.jd.com, 
222140|1, 222140|157, 222204|201, 222204|1214, 222216|1262, 222216|1713, 222316|1789, 222316|2122, 222320|2162, 222300|2206, 222300|2905, 222548|2984, 222548|3088, 222704|3180, 222768|3250, 222644|3303, 222644|3724, 223512|3908, 223760|4012, https://www.baidu.com, 
222636|1, 222636|152, 222644|203, 222644|998, 222648|1038, 222648|1143, 222652|1220, 222652|2122, 222644|2167, 222656|2219, 222656|3002, 223004|3160, 223084|3295, 223084|4048, https://www.jd.com, 
222760|1, 222760|529, 222776|594, 222776|1452, 222788|1502, 222788|3047, 223036|3195, 223036|3430, 223164|3507, 223132|3589, 223132|4109, https://www.mit.edu, 
222924|1, 222924|855, 222916|898, 222920|942, 222920|1853, 222908|1894, 222916|1936, 222920|1977, 222920|2848, 223252|2978, 223252|3766, 224668|3942, 224124|4016, https://www.mit.edu, 
223056|1, 223056|262, 223060|302, 223060|946, 223064|989, 223064|1236, 223072|1281, 223076|1330, 223076|2205, 223072|2246, 223064|2326, 223064|2983, 223312|3158, 223472|3295, 223532|3379, 223408|3486, 224276|4084, https://www.baidu.com, 
223428|1, 223428|445, 223432|488, 223436|569, 223436|1181, 223432|1221, 223432|1368, 223444|1566, 223444|2464, 223448|2529, 223448|2882, 223696|3065, 223696|3425, 223740|3493, 223728|3744, 224596|3964, 224596|4046, https://www.baidu.com, 
223676|1, 223676|499, 223692|537, 223692|909, 223696|1048, 223696|2351, 223944|2520, 223944|2866, 224020|3001, 224020|3233, 224144|3435, 225012|3539, 225012|3802, 224928|3855, 224928|3896, 224932|3974, 225028|4016, https://www.jd.com, 
223948|1, 223948|401, 223956|440, 223956|1379, 223964|1426, 223960|1492, 223952|1580, 223952|2389, 224316|2579, 224316|3379, 224552|3464, 225164|3528, 225164|3902, 225160|3945, 225160|4030, https://www.mit.edu, 
224252|1, 224252|363, 224220|410, 224220|1256, 224232|1309, 224228|1370, 224232|1412, 224232|2287, 224220|2347, 224224|2423, 224224|2934, 224472|3108, 224472|3229, 224592|3318, 224688|3388, 225680|4053, https://www.mit.edu, 
224372|1, 224372|394, 224364|444, 224396|529, 224396|1319, 224464|1371, 224464|2354, 224472|2425, 224500|2479, 224500|2909, 224748|3064, 224748|3347, 224832|3398, 224860|3550, 225728|4082, https://www.mit.edu, 
224724|1, 224724|1607, 224716|1673, 224716|2609, 224728|2675, 224728|2867, 224976|3052, 224976|3269, 224852|3343, 224916|3636, 225172|3912, 225916|4044, https://www.jd.com, 
224852|1, 224852|621, 224856|697, 224860|810, 224860|1588, 224864|1648, 224868|1701, 224868|2607, 224872|2661, 224880|2714, 224880|2897, 225128|3010, 225128|3570, 225208|3784, 225208|3863, 225952|3981, 225952|4092, https://www.baidu.com, 
225068|1, 225068|255, 225076|305, 225076|799, 225072|844, 225072|1206, 225084|1260, 225084|2214, 225076|2263, 225076|3173, 225428|3264, 225428|4108, https://www.baidu.com, 
225432|1, 225432|475, 225440|569, 225456|678, 225456|1485, 225440|1525, 225436|1564, 225448|1638, 225448|2446, 225452|2516, 225456|2574, 225452|2632, 225452|2807, 225700|3096, 225700|3379, 225716|3533, 225756|3748, 226624|3856, 226624|4040, https://www.mit.edu, 
225584|1, 225584|946, 225588|998, 225592|1037, 225592|2804, 225896|2972, 226008|3106, 225884|3268, 225884|3585, 226008|3796, 226008|3874, 226984|3947, 226912|4012, https://www.jd.com, 
227032|1, 227032|412, 227036|489, 227036|1398, 227040|1445, 227040|2336, 227044|2386, 227060|2478, 227060|2942, 227308|3159, 227308|3341, 227396|3456, 227396|4033, https://www.jd.com, 
