122388|1, 122388|1352, 123576|1426, 124608|1540, 124608|1928, 125628|2093, 125628|2223, 126816|2621, 126816|4068, https://www.yahoo.com, 
122388|1, 121368|444, 121368|663, 122388|731, 122388|2126, 124608|2255, 124608|2609, 125628|2704, 125628|2970, 126816|3255, 126816|4002, https://www.mit.edu, 
123408|1, 123408|679, 122388|742, 122388|3199, 124596|3304, 124608|3442, 124608|3627, 125628|3816, 125628|4002, https://www.yahoo.com, 
121368|1, 122388|337, 122388|517, 121368|641, 121368|1153, 122388|1217, 122388|2559, 124608|2705, 124608|3108, 125628|3272, 125628|3373, 125796|3424, 126816|3569, 126816|4094, https://www.yahoo.com, 
122388|1, 121368|300, 121368|673, 122388|775, 122388|2566, 124596|2656, 124608|2732, 124608|3046, 125628|3170, 125628|3333, 126816|3434, 126816|4040, https://www.pku.edu.cn, 
122388|1, 122388|505, 121368|571, 121368|1133, 122388|1203, 122388|2609, 124596|2670, 124596|2716, 124608|2778, 124608|3055, 125628|3301, 125628|3451, 126816|3608, 126816|4069, https://www.baidu.com, 
122388|1, 122388|445, 121368|550, 121368|1130, 122388|1232, 122388|2538, 124596|2649, 124608|2699, 124608|3102, 125628|3231, 126816|3346, 126816|4081, https://www.pku.edu.cn, 
122388|1, 122388|449, 121368|496, 121368|910, 130012|1012, 121368|1090, 122388|1143, 122388|2482, 123576|2554, 124608|2670, 124608|3053, 125628|3164, 125628|3398, 126816|3521, 126816|4081, https://www.jd.com, 
123408|1, 122388|268, 122388|2223, 124596|2311, 124608|2383, 124608|2734, 125628|2937, 125628|3145, 126816|3336, 126816|4028, https://www.baidu.com, 
121368|1, 122388|250, 122388|518, 121368|579, 121368|817, 122388|858, 122388|2724, 124596|2803, 124608|2849, 124608|3141, 125628|3332, 125628|3505, 126816|3630, 126816|4042, https://www.pku.edu.cn, 
122388|1, 122388|452, 121368|538, 121368|1170, 122388|1218, 122388|2516, 124596|2616, 124608|2720, 124608|2844, 133252|2972, 124608|3083, 125628|3211, 125628|3318, 126816|3489, 126816|4043, https://www.pku.edu.cn, 
122388|1, 122388|1930, 124596|1990, 124608|2085, 124608|2443, 125628|2527, 125628|2716, 126816|2798, 126816|4029, https://www.yahoo.com, 
122388|1, 122388|1874, 124596|1973, 124608|2063, 124608|2303, 125628|2487, 125628|2577, 125796|2678, 126816|2812, 126816|4009, https://www.mit.edu, 
121368|1, 122388|253, 122388|1029, 131032|1078, 122388|1193, 122388|1862, 123576|1938, 124608|2017, 124608|2338, 125628|2565, 125628|2664, 126816|2742, 126816|4008, https://www.yahoo.com, 
122388|1, 121368|263, 121368|887, 122388|931, 122388|2655, 124596|2745, 124608|2830, 124608|3075, 125628|3233, 125628|3473, 126816|3542, 126816|4116, https://www.yahoo.com, 
121368|1, 121368|470, 122388|587, 122388|987, 131032|1057, 122388|1105, 122388|2554, 124596|2665, 124608|2742, 124608|2996, 125628|3133, 125628|3374, 126816|3443, 126816|4020, https://www.yahoo.com, 
122388|1, 121368|264, 121368|721, 122388|767, 122388|1164, 131032|1242, 122388|1302, 122388|2000, 124596|2085, 124596|2129, 124608|2195, 124608|2475, 125628|2655, 125628|2759, 126816|2884, 126816|3643, 135460|3716, 126816|3769, 126816|4029, https://www.baidu.com, 
122388|1, 122388|2118, 124596|2212, 124608|2318, 124608|2631, 125628|2739, 125628|2939, 126816|3034, 126816|4058, https://www.jd.com, 
122388|1, 121368|196, 121368|715, 122388|764, 122388|1646, 131032|1698, 122388|1771, 122388|2523, 124596|2620, 124608|2688, 124608|2998, 125628|3161, 125628|3308, 126816|3369, 126816|4045, https://www.yahoo.com, 
122388|1, 122388|1048, 131032|1107, 122388|1213, 122388|1860, 123408|1943, 124596|2008, 124608|2054, 124608|2433, 125628|2635, 125628|2699, 126816|2772, 126816|4024, https://www.baidu.com, 
122388|1, 121368|259, 122388|324, 122388|2067, 123576|2144, 124596|2238, 124608|2299, 124608|2684, 125628|2769, 125628|2965, 126816|3165, 126816|4080, https://www.mit.edu, 
121368|1, 122388|182, 122388|536, 121368|636, 121368|1180, 122388|1237, 122388|2533, 124596|2609, 124608|2678, 124608|3063, 125628|3178, 125628|3291, 126816|3461, 126816|4043, https://www.jd.com, 
122388|1, 122388|402, 121368|462, 121368|654, 122388|719, 122388|2465, 124596|2537, 124608|2608, 124608|2913, 125628|3168, 125628|3283, 126816|3395, 126816|4071, https://www.pku.edu.cn, 
121368|1, 121368|655, 122388|717, 122388|2401, 123576|2466, 124596|2521, 124608|2576, 124608|2877, 125628|2979, 125628|3100, 126816|3188, 126816|4019, https://www.jd.com, 
122388|1, 122388|472, 121368|533, 121368|1102, 122388|1146, 122388|2576, 124596|2673, 124608|2733, 124608|3169, 125628|3307, 125628|3388, 126816|3472, 126816|4073, https://www.pku.edu.cn, 
122388|1, 122388|421, 121368|506, 121368|612, 122388|732, 122388|2487, 124596|2565, 124608|2627, 124608|2917, 125628|3260, 126816|3389, 126816|4053, https://www.pku.edu.cn, 
122388|1, 122388|417, 131032|471, 121368|565, 121368|1219, 122388|1273, 122388|1758, 131032|1811, 122388|1860, 122388|2822, 122420|2893, 124596|2967, 124608|3049, 124608|3321, 125628|3441, 125628|3679, 126816|3819, 126816|4150, https://www.pku.edu.cn, 
122388|1, 122388|111, 131032|170, 122388|213, 122388|518, 121368|591, 121368|707, 122388|771, 122388|2464, 122556|2527, 124596|2621, 124608|2691, 124608|2885, 125628|3130, 125628|3267, 126816|3356, 126816|4035, https://www.yahoo.com, 
122388|1, 122388|462, 121368|526, 121368|1177, 122388|1243, 122388|2639, 124596|2702, 124608|2786, 124608|2980, 125628|3228, 125628|3494, 126816|3649, 126816|4099, https://www.baidu.com, 
122388|1, 121368|116, 121368|729, 122388|833, 122388|2661, 123576|2726, 124608|2800, 124608|3258, 125628|3392, 126816|3590, 126816|4084, https://www.pku.edu.cn, 
122388|1, 130012|126, 121368|174, 121368|678, 122388|812, 122388|2563, 124596|2649, 124608|2730, 124608|3127, 125628|3222, 125628|3481, 126816|3747, 126816|4211, https://www.mit.edu, 
120348|1, 120348|424, 119328|574, 119328|1118, 120348|1170, 120348|2570, 122556|2646, 122568|2714, 122568|2982, 123588|3068, 123588|3287, 125796|3594, 125796|4120, https://www.pku.edu.cn, 
121368|1, 120348|213, 120348|611, 121368|693, 121368|1967, 121536|2085, 123588|2174, 123588|2428, 124608|2616, 124608|2779, 125796|2908, 125796|4056, https://www.yahoo.com, 
121368|1, 120348|186, 120348|663, 121368|789, 121368|2659, 121536|2727, 123576|2789, 123588|2864, 123588|3034, 124608|3199, 124608|3424, 125796|3525, 125796|4031, https://www.jd.com, 
120348|1, 120348|609, 121368|678, 121368|2558, 123576|2629, 123588|2688, 123588|2973, 124608|3092, 124608|3241, 124776|3292, 125796|3354, 125796|4001, https://www.baidu.com, 
121368|1, 130012|140, 121368|192, 121368|553, 120348|624, 120348|1216, 121368|1311, 121368|2562, 121536|2656, 123588|2729, 123588|3177, 124608|3294, 124608|3476, 125796|3576, 125796|4050, https://www.jd.com, 
121368|1, 121368|589, 120348|695, 120348|839, 121368|906, 121368|2646, 122556|2716, 123576|2774, 123588|2849, 123588|3182, 124608|3336, 124608|3491, 125796|3573, 125796|4098, https://www.mit.edu, 
121368|1, 121368|549, 120348|665, 120348|1116, 121368|1180, 121368|2497, 123588|2594, 123588|2959, 124608|3064, 124608|3227, 125796|3351, 125796|4093, https://www.mit.edu, 
121368|1, 121368|143, 130012|188, 121368|229, 121368|550, 120348|594, 120348|1157, 121368|1202, 121368|2576, 123576|2681, 123588|2748, 123588|2970, 124608|3129, 124608|3361, 125796|3461, 125796|4064, https://www.baidu.com, 
120348|1, 120348|550, 121368|648, 121368|2504, 123576|2573, 123588|2629, 123588|3043, 124608|3176, 124608|3264, 125796|3331, 125796|4020, https://www.baidu.com, 
120348|1, 120348|207, 121368|275, 121368|2002, 123576|2092, 123588|2176, 123588|2347, 124608|2517, 124608|2744, 125796|2860, 125796|4001, https://www.jd.com, 
121368|1, 120348|186, 120348|241, 121368|296, 121368|2051, 123576|2123, 123588|2208, 123588|2377, 124608|2577, 124608|2733, 125796|2873, 125796|4009, https://www.mit.edu, 
121368|1, 121368|488, 120348|565, 120348|1160, 121368|1202, 121368|2594, 123576|2650, 123588|2695, 123588|2921, 124608|3112, 124608|3309, 125796|3389, 125796|4056, https://www.mit.edu, 
128992|1, 121368|109, 121368|515, 120348|622, 120348|1133, 121368|1193, 121368|2508, 121536|2582, 123588|2688, 123588|3058, 124608|3164, 124608|3376, 125796|3562, 125796|4055, https://www.mit.edu, 
120348|1, 120348|629, 121368|713, 121368|1580, 130012|1666, 121368|1733, 121368|2477, 123576|2588, 123588|2651, 123588|3044, 124608|3133, 124608|3320, 125796|3621, 125796|4024, https://www.jd.com, 
121368|1, 121368|161, 120348|205, 120348|882, 121368|932, 121368|2353, 123576|2467, 123588|2537, 123588|2900, 124608|3052, 124608|3267, 125796|3336, 125796|4100, https://www.baidu.com, 
120348|1, 121368|174, 121368|502, 120348|571, 120348|1232, 121368|1293, 121368|1603, 121380|1666, 121368|1735, 121368|2673, 123576|2767, 123588|2862, 123588|3251, 124608|3348, 124608|3565, 125796|3736, 125796|4080, https://www.baidu.com, 
121368|1, 121368|135, 130012|203, 121368|254, 121368|411, 120348|467, 120348|1020, 121368|1064, 121368|2347, 123576|2434, 123588|2505, 123588|2860, 124608|3086, 124608|3197, 125796|3265, 125796|3897, 134440|3973, 125796|4030, https://www.mit.edu, 
121368|1, 121368|438, 120348|549, 120348|630, 121368|711, 121368|2440, 122556|2507, 123576|2567, 123588|2647, 123588|2965, 124608|3102, 124608|3256, 125796|3429, 125796|4051, https://www.jd.com, 
120348|1, 121368|109, 121368|519, 130012|574, 120348|621, 120348|1135, 121368|1188, 121368|2567, 123576|2677, 123588|2732, 123588|2931, 124608|3155, 124608|3448, 125796|3531, 125796|4048, https://www.jd.com, 
