2243826|1, 2243826|1490, 2243956|1801, 2244204|2245, 2244324|2409, 2245046|4012, https://www.yahoo.com, 
2246664|1, 2246664|2561, 2246794|2785, 2246924|3002, 2246924|3122, 2247044|3249, 2247044|4010, https://www.mit.edu, 
2251203|1, 2251203|3828, 2251333|3950, 2251451|4120, https://www.yahoo.com, 
2254041|1, 2254041|3176, 2254171|3383, 2254419|3632, 2254539|3768, 2254539|4032, https://www.yahoo.com, 
2255261|1, 2255261|3208, 2255391|3412, 2255521|3638, 2255521|3745, 2255641|3873, 2255641|4051, https://www.pku.edu.cn, 
2256153|1, 2256153|3289, 2256283|3624, 2256531|3803, 2256651|3900, 2256651|4076, https://www.baidu.com, 
2257605|1, 2257605|3389, 2257865|3679, 2257865|3749, 2257985|3813, 2257985|4037, https://www.pku.edu.cn, 
2258497|1, 2258497|1136, 2258553|1209, 2258609|1296, 2258609|3260, 2258739|3416, 2258981|3705, 2259041|3832, 2259101|3899, 2259101|4015, https://www.jd.com, 
2261175|1, 2261175|2887, 2261305|3047, 2261553|3248, 2261553|3464, 2261673|3551, 2261673|4038, https://www.baidu.com, 
2262383|1, 2262383|3558, 2262513|3716, 2262633|4029, https://www.pku.edu.cn, 
2263145|1, 2263145|3213, 2263275|3420, 2263405|3678, 2263405|3757, 2263525|3824, 2263525|4005, https://www.pku.edu.cn, 
2264037|1, 2264037|488, 2264096|543, 2264096|2730, 2264226|2897, 2264344|3077, 2264464|3195, 2264464|4019, https://www.yahoo.com, 
2266924|1, 2266924|464, 2266981|527, 2266981|2334, 2267152|2456, 2267282|2740, 2267412|2935, 2267412|2991, 2267526|3097, 2267526|3239, 2267646|3298, 2267646|4070, https://www.mit.edu, 
2275527|1, 2275527|2557, 2275657|2719, 2275905|2948, 2275905|3047, 2276025|3214, 2276025|4037, https://www.yahoo.com, 
2278609|1, 2278609|1256, 2278668|1342, 2278668|3354, 2278798|3583, 2279046|3835, 2279166|4006, https://www.yahoo.com, 
2281506|1, 2281506|3236, 2281636|3456, 2281884|3688, 2281884|3888, 2282004|3991, 2282004|4034, https://www.yahoo.com, 
2284344|1, 2284344|639, 2284403|699, 2284403|2692, 2284533|2955, 2284781|3196, 2284901|3299, 2284901|4001, https://www.baidu.com, 
2286055|1, 2286055|2753, 2286185|2924, 2286427|3188, 2286547|3426, 2286547|4014, https://www.jd.com, 
2288971|1, 2288971|3306, 2289101|3522, 2289349|3748, 2289349|3850, 2289469|3949, 2289469|4014, https://www.yahoo.com, 
2291935|1, 2291935|2597, 2292065|2938, 2292313|3158, 2292433|3230, 2292433|4020, https://www.baidu.com, 
2293519|1, 2293519|692, 2293576|759, 2293576|2741, 2293706|2886, 2293836|3104, 2293836|3236, 2293956|3398, 2293956|4034, https://www.mit.edu, 
2301839|1, 2301839|3254, 2301969|3465, 2301969|3644, 2302211|3815, 2302331|4009, https://www.jd.com, 
2304584|1, 2304584|1165, 2304704|1273, 2304704|3277, 2304834|3445, 2304964|3714, 2304964|3826, 2305084|3947, 2305084|4017, https://www.pku.edu.cn, 
2305596|1, 2305596|3118, 2305726|3255, 2305968|3418, 2305968|3572, 2306088|3635, 2306088|4027, https://www.jd.com, 
2308402|1, 2308402|3542, 2308597|3817, 2308662|3944, 2308662|4037, https://www.pku.edu.cn, 
2309294|1, 2309294|3368, 2309554|3700, 2309554|3872, 2309674|3942, 2309674|4041, https://www.pku.edu.cn, 
2310186|1, 2310186|3678, 2310316|3975, 2310446|4170, https://www.pku.edu.cn, 
2311078|1, 2311078|3305, 2311208|3485, 2311456|3814, 2311576|3928, 2311576|4008, https://www.yahoo.com, 
2314036|1, 2314036|3500, 2314166|3762, 2314414|3915, 2314534|4062, https://www.baidu.com, 
2315244|1, 2315244|3629, 2315374|3915, 2315494|4083, https://www.pku.edu.cn, 
2315884|1, 2315884|3353, 2316014|3555, 2316144|3821, 2316264|4098, https://www.mit.edu, 
2324244|1, 2324244|3394, 2324374|3761, 2324494|4003, https://www.pku.edu.cn, 
2324884|1, 2324884|2673, 2325014|2926, 2325262|3206, 2325382|3339, 2325382|4016, https://www.yahoo.com, 
2327963|1, 2327963|1375, 2328075|1516, 2328075|3426, 2328205|3620, 2328447|3848, 2328447|4002, https://www.jd.com, 
2330531|1, 2330531|3205, 2330661|3380, 2330909|3568, 2331029|3751, 2331029|4037, https://www.baidu.com, 
2331735|1, 2331735|3450, 2331930|3697, 2331995|3912, 2331995|4029, https://www.jd.com, 
2334429|1, 2334429|3578, 2334559|3794, 2334673|3951, 2334793|4061, https://www.mit.edu, 
2342675|1, 2342675|3301, 2342805|3614, 2342935|3812, 2342935|3877, 2343055|3986, 2343055|4092, https://www.mit.edu, 
2350940|1, 2350940|3493, 2351188|3768, 2351308|3941, 2351308|4029, https://www.baidu.com, 
2352398|1, 2352398|3340, 2352528|3518, 2352776|3811, 2352896|3895, 2352896|4008, https://www.baidu.com, 
2353482|1, 2353482|2774, 2353612|2959, 2353854|3204, 2353974|3322, 2353974|4019, https://www.jd.com, 
2356398|1, 2356398|697, 2356455|752, 2356455|879, 2356512|932, 2356512|2835, 2356772|3177, 2356772|3327, 2356892|3401, 2356892|4019, https://www.mit.edu, 
2364913|1, 2364913|3464, 2365173|3778, 2365293|4034, https://www.mit.edu, 
2373318|1, 2373318|3396, 2373578|3676, 2373698|4016, https://www.mit.edu, 
2381581|1, 2381581|3187, 2381711|3455, 2382073|3759, 2382073|4005, https://www.jd.com, 
2384037|1, 2384037|992, 2384096|1036, 2384096|3235, 2384226|3381, 2384474|3593, 2384474|3800, 2384594|3921, 2384594|4002, https://www.baidu.com, 
2385180|1, 2385180|3393, 2385310|3532, 2385310|3711, 2385558|3901, 2385558|4024, https://www.baidu.com, 
2386512|1, 2386512|1177, 2386569|1227, 2386569|3220, 2386699|3387, 2386829|3602, 2386829|3776, 2386949|3848, 2386949|4032, https://www.mit.edu, 
2394834|1, 2394834|1214, 2394890|1275, 2394890|3125, 2395020|3302, 2395020|3425, 2395262|3660, 2395262|3816, 2395382|3879, 2395382|4003, https://www.jd.com, 
2397806|1, 2397806|3493, 2397936|3670, 2398056|4030, https://www.jd.com, 
