47504|1, 47456|746, 47456|4090, https://www.yahoo.com, 
47248|1, 47248|640, 47236|706, 47236|3586, 47248|3712, 47248|4005, https://www.mit.edu, 
47200|1, 47200|1398, 47104|1457, 47104|1662, 47100|1710, 47100|2423, 47080|2463, 47080|3320, 47084|3446, 47084|4018, https://www.yahoo.com, 
47020|1, 47020|1534, 46988|1594, 46984|1640, 46984|4107, https://www.yahoo.com, 
46984|1, 46984|839, 46980|898, 46980|1879, 46976|1925, 46976|3723, 46988|3955, 46988|4051, https://www.pku.edu.cn, 
47172|1, 47172|2680, 47180|2727, 47180|4078, https://www.baidu.com, 
47008|1, 47012|4004, https://www.pku.edu.cn, 
47228|1, 47228|714, 47232|760, 47232|1152, 47188|1201, 47188|4089, https://www.jd.com, 
47092|1, 47092|2946, 47096|3069, 47096|4037, https://www.baidu.com, 
47032|1, 47032|910, 47036|951, 47036|1993, 47032|2098, 47032|4053, https://www.pku.edu.cn, 
47180|1, 47180|1274, 47168|1342, 47168|3215, 47164|3323, 47164|4052, https://www.pku.edu.cn, 
47084|1, 47084|1161, 47048|1217, 47048|2035, 47052|2128, 47064|2213, 47064|4029, https://www.yahoo.com, 
46988|1, 46988|544, 46992|592, 46992|3514, 46996|3576, 46996|4020, https://www.mit.edu, 
46996|1, 46996|845, 46988|903, 46988|2748, 46992|2832, 46992|3779, 46996|3872, 47008|3924, 47016|4015, https://www.yahoo.com, 
47008|1, 47008|1814, 47004|1886, 47004|3634, 47008|3946, 47008|4122, https://www.yahoo.com, 
46952|1, 46952|594, 46956|639, 46956|1563, 46960|1618, 46964|1658, 46964|4027, https://www.yahoo.com, 
46944|1, 46952|272, 46952|1249, 46948|1309, 46948|2986, 46952|3273, 46952|4037, https://www.baidu.com, 
46944|1, 46944|642, 46952|688, 46944|750, 46944|1708, 46940|1750, 46940|3717, 46948|3776, 46948|4006, https://www.jd.com, 
46948|1, 46948|1437, 46940|1516, 46940|2390, 46952|2441, 46952|4075, https://www.yahoo.com, 
46948|1, 46948|3929, 46944|3969, 46944|4028, https://www.baidu.com, 
46944|1, 46944|3171, 46948|3355, 46948|4086, https://www.mit.edu, 
46932|1, 46932|3161, 46936|3287, 46936|4050, https://www.jd.com, 
46936|1, 46936|657, 46932|723, 46932|1615, 46936|1665, 46936|3630, 46940|3846, 46940|4069, https://www.pku.edu.cn, 
47040|1, 47040|923, 47032|964, 47032|4022, https://www.jd.com, 
47024|1, 47024|1797, 47028|1859, 47028|3664, 47040|3958, 47040|4076, https://www.pku.edu.cn, 
47088|1, 47088|1255, 47092|1303, 47092|2186, 47096|2290, 47096|4057, https://www.pku.edu.cn, 
47020|1, 47020|569, 47028|623, 47028|1683, 47020|1723, 47020|2689, 47016|2747, 47016|4153, https://www.pku.edu.cn, 
46968|1, 46968|1030, 46972|1068, 46964|1108, 46964|2049, 46960|2102, 46960|4040, https://www.yahoo.com, 
46948|1, 46948|464, 46956|527, 46956|2500, 46960|2542, 46960|4087, https://www.baidu.com, 
46948|1, 46948|978, 46952|1021, 46952|2893, 46956|2997, 46956|4076, https://www.pku.edu.cn, 
46960|1, 46960|872, 46956|912, 46956|4216, https://www.mit.edu, 
46920|1, 46920|667, 46904|718, 46904|4123, https://www.pku.edu.cn, 
46904|1, 46904|1463, 46912|1534, 46912|2350, 46916|2418, 46916|3209, 46920|3464, 46920|4012, https://www.yahoo.com, 
46936|1, 46936|1371, 46932|1439, 46932|4052, https://www.jd.com, 
46880|1, 46880|1206, 46860|1255, 46860|4003, https://www.baidu.com, 
46860|1, 46860|1132, 46856|1216, 46856|2111, 46860|2156, 46860|3180, 46868|3296, 46868|4049, https://www.jd.com, 
46864|1, 46864|1490, 46876|1544, 46876|4103, https://www.mit.edu, 
46864|1, 46864|836, 46868|879, 46868|2828, 46872|2962, 46872|4096, https://www.mit.edu, 
46868|1, 46868|1253, 46864|1305, 46864|3132, 46868|3270, 46868|4066, https://www.baidu.com, 
46876|1, 46876|1361, 46880|1551, 46880|4027, https://www.baidu.com, 
46872|1, 46880|4004, https://www.jd.com, 
46880|1, 46880|380, 46884|422, 46884|1358, 46892|1408, 46892|2380, 46872|2575, 46872|3361, 46876|3448, 46876|4011, https://www.mit.edu, 
46864|1, 46864|1361, 46872|1403, 46872|4057, https://www.mit.edu, 
46876|1, 46876|432, 46868|530, 46868|1304, 46872|1362, 46872|4070, https://www.mit.edu, 
46860|1, 46860|640, 46856|723, 46856|4035, https://www.jd.com, 
46860|1, 46860|1578, 46864|1641, 46868|1691, 46868|4082, https://www.baidu.com, 
46876|1, 46876|3152, 46864|3261, 46864|4091, https://www.baidu.com, 
46852|1, 46852|2508, 46848|2568, 46848|3370, 46852|3544, 46852|4032, https://www.mit.edu, 
46884|1, 46884|985, 46892|1025, 46892|2966, 46896|3105, 46896|3861, 46900|3938, 46900|4001, https://www.jd.com, 
46876|1, 46876|1289, 46880|1341, 46880|1388, 46888|1439, 46888|4036, https://www.jd.com, 
