5238378|1, 5238378|1522, 5238552|1811, 5239000|2275, 5239164|2439, 5240650|4041, https://www.yahoo.com, 
5245515|1, 5245515|2574, 5245689|2799, 5245863|3016, 5245863|3137, 5246027|3261, 5246027|4025, https://www.mit.edu, 
5251660|1, 5251660|3843, 5251834|3964, 5251959|4134, https://www.yahoo.com, 
5258797|1, 5258797|3187, 5258971|3392, 5259419|3642, 5259583|3779, 5259583|4003, https://www.yahoo.com, 
5261489|1, 5261489|3219, 5261663|3420, 5261837|3648, 5261837|3756, 5262001|3882, 5262001|4061, https://www.pku.edu.cn, 
5263007|1, 5263007|3299, 5263181|3630, 5263616|3812, 5263780|3910, 5263780|4085, https://www.baidu.com, 
5265830|1, 5265830|3399, 5266178|3688, 5266178|3759, 5266342|3822, 5266342|4007, https://www.pku.edu.cn, 
5267348|1, 5267348|1145, 5267511|1217, 5267645|1305, 5267645|3268, 5267819|3424, 5268290|3713, 5268290|3841, 5268454|3907, 5268454|4023, https://www.jd.com, 
5273911|1, 5273911|2897, 5274085|3055, 5274520|3258, 5274520|3474, 5274684|3562, 5274684|4010, https://www.baidu.com, 
5276232|1, 5276232|3565, 5276406|3725, 5276570|4038, https://www.pku.edu.cn, 
5277576|1, 5277576|3221, 5277750|3428, 5277924|3686, 5277924|3765, 5278088|3832, 5278088|4013, https://www.pku.edu.cn, 
5279094|1, 5279094|553, 5279219|641, 5279219|2740, 5279393|2906, 5279667|3086, 5279831|3205, 5279831|4028, https://www.yahoo.com, 
5286587|1, 5286587|2341, 5286959|2462, 5287425|2746, 5287599|2941, 5287599|2998, 5287931|3103, 5287931|3245, 5288095|3304, 5288095|4076, https://www.mit.edu, 
5299407|1, 5299407|2565, 5299581|2726, 5300029|2955, 5300029|3054, 5300193|3172, 5300193|4044, https://www.yahoo.com, 
5307172|1, 5307172|1263, 5307321|1349, 5307321|3360, 5307495|3589, 5307943|3841, 5308107|4012, https://www.yahoo.com, 
5314458|1, 5314458|3242, 5314632|3461, 5315080|3693, 5315080|3894, 5315244|3996, 5315244|4039, https://www.yahoo.com, 
5321595|1, 5321595|645, 5321713|705, 5321713|2697, 5321887|2959, 5322322|3201, 5322486|3304, 5322486|4007, https://www.baidu.com, 
5324853|1, 5324853|2761, 5325027|2922, 5325498|3196, 5325662|3434, 5325662|4023, https://www.jd.com, 
5331992|1, 5331992|3312, 5332166|3527, 5332614|3753, 5332614|3856, 5332778|3954, 5332778|4019, https://www.yahoo.com, 
5339341|1, 5339341|2615, 5339515|2955, 5339950|3175, 5340114|3247, 5340114|4037, https://www.baidu.com, 
5342619|1, 5342619|1455, 5342805|1536, 5342805|2745, 5342979|2888, 5343153|3106, 5343153|3240, 5343317|3401, 5343317|4037, https://www.mit.edu, 
5354693|1, 5354693|3270, 5354867|3481, 5354867|3660, 5355338|3828, 5355338|4025, https://www.jd.com, 
5361472|1, 5361472|1169, 5361678|1276, 5361678|3281, 5361852|3439, 5362026|3717, 5362026|3830, 5362190|3949, 5362190|4020, https://www.pku.edu.cn, 
5363272|1, 5363272|3121, 5363446|3258, 5363917|3421, 5363917|3576, 5364081|3637, 5364081|4031, https://www.jd.com, 
5370054|1, 5370054|3547, 5370228|3820, 5370402|3949, 5370402|4040, https://www.pku.edu.cn, 
5371580|1, 5371580|3372, 5371928|3704, 5371928|3877, 5372092|3945, 5372092|4045, https://www.pku.edu.cn, 
5373106|1, 5373106|3681, 5373280|3978, 5373454|4173, https://www.pku.edu.cn, 
5374632|1, 5374632|3308, 5374806|3461, 5375254|3817, 5375418|3930, 5375418|4010, https://www.yahoo.com, 
5382322|1, 5382322|3503, 5382496|3764, 5382931|3918, 5383095|4065, https://www.baidu.com, 
5384643|1, 5384643|3627, 5384817|3918, 5384817|4086, https://www.pku.edu.cn, 
5385753|1, 5385753|3356, 5385927|3554, 5386101|3824, 5386265|4102, https://www.mit.edu, 
5397850|1, 5397850|3395, 5398024|3763, 5398024|4005, https://www.pku.edu.cn, 
5399028|1, 5399028|2682, 5399202|2934, 5399650|3213, 5399814|3347, 5399814|4024, https://www.yahoo.com, 
5407051|1, 5407051|1379, 5407348|1521, 5407348|3431, 5407522|3624, 5407993|3850, 5407993|4005, https://www.jd.com, 
5413295|1, 5413295|3209, 5413469|3369, 5413904|3572, 5414068|3755, 5414068|4001, https://www.baidu.com, 
5415590|1, 5415590|3452, 5415764|3699, 5415938|3909, 5415938|4032, https://www.jd.com, 
5422075|1, 5422075|3582, 5422249|3798, 5422581|3955, 5422745|4065, https://www.mit.edu, 
5434066|1, 5434066|3305, 5434240|3604, 5434414|3817, 5434414|3882, 5434578|3987, 5434578|4097, https://www.mit.edu, 
5445961|1, 5445961|3496, 5446396|3770, 5446560|3944, 5446560|4031, https://www.baidu.com, 
5448737|1, 5448737|3342, 5448911|3519, 5449346|3812, 5449510|3897, 5449510|4010, https://www.baidu.com, 
5450771|1, 5450771|2779, 5450945|2939, 5451416|3209, 5451580|3328, 5451580|4025, https://www.jd.com, 
5457914|1, 5457914|910, 5458100|963, 5458100|1012, 5458246|1080, 5458246|2862, 5458594|3207, 5458594|3358, 5458758|3430, 5458758|4010, https://www.mit.edu, 
5470321|1, 5470321|3466, 5470669|3781, 5470833|4037, https://www.mit.edu, 
5482656|1, 5482656|3397, 5483004|3678, 5483168|4018, https://www.mit.edu, 
5494550|1, 5494550|3190, 5494724|3457, 5495359|3762, 5495359|4008, https://www.jd.com, 
5500497|1, 5500497|1041, 5500615|1089, 5500615|3240, 5500789|3379, 5501224|3598, 5501224|3800, 5501388|3925, 5501388|4006, https://www.baidu.com, 
5502649|1, 5502649|3398, 5502823|3536, 5502823|3716, 5503258|3903, 5503326|4028, https://www.baidu.com, 
5505279|1, 5505279|1283, 5505465|1352, 5505465|3222, 5505639|3389, 5505813|3604, 5505813|3779, 5505977|3850, 5505977|4034, https://www.mit.edu, 
5517297|1, 5517297|1218, 5517431|1278, 5517431|3129, 5517605|3305, 5517605|3429, 5518076|3663, 5518076|3819, 5518240|3882, 5518240|4006, https://www.jd.com, 
5524369|1, 5524707|4032, https://www.jd.com, 
