30004|1, 30204|736, 30204|1041, 30160|1128, 30752|1228, 30752|1294, 31344|1362, 31344|1437, 31492|1546, 31492|1717, 32232|1934, 32320|2100, 32408|2234, 32556|2606, 32556|2980, 31984|3117, 32264|4079, https://www.yahoo.com, 
29492|1, 29428|472, 29428|623, 29948|690, 30048|758, 30048|878, 30148|922, 30148|1600, 30120|1665, 30164|1714, 30164|2154, 30756|2282, 30756|2463, 31516|2636, 31556|2731, 31556|2868, 31704|2997, 31852|3282, 31852|3571, 32000|3696, 32000|4029, https://www.mit.edu, 
30204|1, 30204|338, 30232|380, 30216|423, 30216|1320, 30148|1388, 30136|1449, 30136|1653, 30100|1701, 30100|2327, 30064|2373, 30068|2413, 30088|2453, 30088|3124, 30680|3193, 30680|3310, 30908|3440, 30908|3634, 31500|3803, 31648|3900, 31648|4009, https://www.yahoo.com, 
29516|1, 29516|480, 29368|525, 29260|650, 29260|744, 29276|794, 29276|977, 29376|1075, 29876|1160, 29976|1225, 29976|1528, 30020|1589, 30052|1635, 30052|2503, 30100|2567, 30584|2713, 31028|2832, 31028|2960, 31472|3111, 31472|3381, 31620|3432, 31656|3573, 31812|3826, 31812|4102, https://www.yahoo.com, 
29408|1, 29408|679, 30000|780, 29960|833, 29976|892, 29980|933, 29980|1272, 30080|1376, 30080|1768, 30032|1873, 30064|1920, 30064|2481, 30656|2571, 30656|2660, 30804|2737, 30804|2802, 30836|2868, 30940|2921, 31532|3051, 31532|3175, 31680|3254, 31680|3338, 31828|3438, 31828|3717, 31832|3951, 31832|4045, https://www.pku.edu.cn, 
29432|1, 29432|410, 29324|509, 29324|631, 29280|684, 29276|730, 29276|1129, 29868|1208, 30016|1256, 30016|1616, 30156|1669, 30120|1719, 30108|1772, 30108|2536, 30700|2614, 30644|2675, 30768|2722, 30768|3054, 31360|3305, 31508|3456, 31656|3613, 31816|3958, 31816|4073, https://www.baidu.com, 
29468|1, 29440|257, 29440|812, 29348|855, 29348|995, 29280|1129, 29980|1237, 29980|1385, 30128|1425, 30128|1961, 30156|2001, 30104|2049, 30080|2099, 30080|2543, 30672|2646, 30672|2704, 30820|2812, 30820|2869, 31468|3107, 31680|3236, 31680|3937, 31720|4000, 31872|4085, https://www.pku.edu.cn, 
29468|1, 29436|268, 29436|711, 29384|757, 29384|1080, 29872|1148, 29952|1198, 29952|1255, 30052|1332, 30052|2112, 30092|2164, 30080|2210, 30080|2488, 30672|2558, 30672|2952, 31264|3056, 31444|3168, 31560|3293, 31560|3398, 31708|3526, 31708|3714, 31856|3977, 31856|4086, https://www.jd.com, 
30148|1, 30056|273, 30004|322, 30004|1027, 30020|1065, 30056|1104, 30084|1141, 30084|2043, 30144|2093, 30160|2176, 30160|2227, 30752|2314, 30752|2387, 30900|2455, 30900|2584, 31492|2738, 31492|2941, 31748|3065, 31752|3149, 31804|4032, https://www.baidu.com, 
29384|1, 29564|257, 29564|523, 29416|586, 29416|717, 29860|824, 29860|906, 29948|947, 30036|989, 30004|1026, 30004|1099, 29988|1138, 29988|1327, 30088|1369, 30088|1937, 30104|1994, 30100|2094, 30100|2683, 30692|2731, 30692|2904, 30864|2975, 30908|3036, 31500|3148, 31500|3339, 31648|3501, 31648|3867, 31744|3966, 31836|4049, https://www.pku.edu.cn, 
29532|1, 29532|236, 29564|279, 29512|318, 29512|457, 29364|542, 29364|884, 29340|939, 29340|979, 29440|1100, 29940|1171, 29944|1222, 29944|1269, 29968|1344, 29968|1444, 30116|1490, 30116|2189, 30136|2240, 30116|2286, 30116|2450, 30560|2513, 30708|2620, 30856|2722, 30856|2848, 31004|2976, 31448|3087, 31680|3215, 31692|3322, 31692|3493, 31840|3657, 31840|4048, https://www.pku.edu.cn, 
29288|1, 29912|300, 29912|681, 30060|726, 30060|1044, 30044|1102, 30104|1155, 30092|1211, 30092|1906, 30684|1967, 30684|2028, 30908|2123, 30880|2213, 30880|2297, 31324|2474, 31620|2566, 31620|2754, 31768|2835, 31768|3020, 31836|3235, 31836|4023, https://www.yahoo.com, 
29504|1, 29800|333, 29800|491, 29884|537, 29928|585, 29988|626, 29988|744, 30136|787, 30136|1494, 30124|1533, 30084|1591, 30096|1641, 30096|1816, 30540|1878, 30688|1977, 30688|2068, 30984|2164, 30984|2214, 31576|2307, 31576|2481, 31572|2581, 31700|2680, 31700|2816, 31848|3104, 31848|3506, 31984|3569, 31968|3622, 31968|4013, https://www.mit.edu, 
29420|1, 30012|256, 30012|383, 30052|430, 30052|652, 30152|699, 30152|762, 30084|843, 30088|900, 30088|1798, 30156|1863, 30672|1940, 30672|2235, 31116|2341, 31560|2566, 31560|2745, 31652|2829, 31812|2990, 31812|3775, 31924|3870, 31916|3921, 31916|4011, https://www.yahoo.com, 
29416|1, 29416|421, 29376|463, 29376|684, 29476|793, 29372|889, 29816|933, 29816|1366, 29916|1420, 29916|1463, 30028|1510, 30028|1603, 30156|1679, 30156|1726, 30152|1767, 30156|1810, 30124|1881, 30124|2591, 30568|2656, 30568|2748, 30700|2832, 30780|2880, 30780|2974, 31372|3076, 31372|3235, 31520|3373, 31668|3472, 31816|3544, 31816|3630, 31824|3951, 31824|4118, https://www.yahoo.com, 
29388|1, 29388|333, 29412|374, 29412|476, 29996|592, 29972|637, 29972|1516, 29936|1560, 30072|1616, 30128|1655, 30128|2499, 30520|2559, 30720|2670, 30720|3002, 31608|3138, 31756|3247, 31756|3448, 31820|3745, 31820|4025, https://www.yahoo.com, 
29536|1, 29344|269, 29344|563, 29380|725, 29980|771, 30080|812, 30080|1246, 30112|1306, 30112|2004, 30704|2089, 30704|2133, 30716|2199, 30868|2259, 30892|2328, 30892|2479, 31484|2659, 31632|2753, 31780|2888, 31780|2982, 31800|3270, 31848|3458, 31848|4033, https://www.baidu.com, 
29508|1, 29952|286, 29952|630, 29864|676, 29996|738, 29996|779, 30096|861, 30096|1656, 30092|1696, 30104|1738, 30104|2035, 30548|2117, 30696|2214, 30844|2320, 30844|2454, 31288|2622, 31580|2741, 31580|2806, 31728|2871, 31728|3036, 31876|3240, 31876|3482, 31880|3705, 31912|3765, 31912|4045, https://www.jd.com, 
29540|1, 29392|221, 29392|378, 29508|422, 29416|551, 29416|643, 29712|740, 30008|789, 30008|990, 30060|1029, 30060|1101, 30004|1157, 30004|1335, 30104|1377, 30100|1432, 30096|1511, 30096|2327, 30068|2385, 30144|2436, 30144|2494, 30588|2548, 30588|2645, 30736|2707, 30884|2845, 30884|2922, 31328|3021, 31624|3185, 31772|3333, 31748|3394, 31788|3451, 31788|4070, https://www.yahoo.com, 
29440|1, 29736|270, 29736|569, 29780|615, 29780|662, 29900|760, 29900|806, 30028|885, 30092|939, 30092|1807, 30116|1862, 30732|1945, 30732|2292, 31324|2432, 31472|2635, 31472|2702, 31768|2774, 31836|2910, 31812|3273, 31812|3816, 31876|3862, 31900|3927, 31920|3967, 31920|4026, https://www.baidu.com, 
29440|1, 29884|261, 29972|326, 29996|371, 29996|787, 30096|910, 30096|1247, 30140|1310, 30160|1352, 30132|1395, 30132|2070, 30724|2145, 30724|2239, 30884|2301, 30848|2359, 30900|2419, 30900|2510, 31344|2686, 31640|2770, 31640|2884, 31788|2967, 31788|3167, 31816|3353, 31852|3474, 31852|4083, https://www.mit.edu, 
29492|1, 29492|248, 29428|290, 29416|331, 29416|1184, 29900|1241, 29904|1293, 29992|1341, 29992|1600, 30140|1651, 30140|2195, 30144|2244, 30144|2299, 30104|2348, 30104|2477, 30548|2533, 30548|2682, 30696|2732, 30696|2791, 30844|2873, 30992|2953, 31436|3067, 31584|3157, 31740|3295, 31672|3465, 31672|4047, https://www.jd.com, 
29440|1, 29440|461, 29380|583, 29336|655, 29804|720, 29804|1013, 29852|1052, 29852|1174, 29960|1234, 29960|1285, 30060|1387, 30192|1466, 30192|1613, 30128|1663, 30128|2406, 30720|2466, 30720|2538, 30808|2606, 30792|2706, 30792|2771, 31384|2914, 31532|3169, 31680|3281, 31680|3397, 31748|3658, 31832|3844, 31832|4067, https://www.pku.edu.cn, 
29516|1, 29368|152, 29368|320, 29380|370, 29380|595, 29972|656, 29972|921, 30044|962, 29996|1002, 29996|1185, 30096|1256, 30096|1905, 30116|1960, 30124|2004, 30124|2402, 30716|2467, 30716|2635, 31012|2727, 31604|2854, 31528|2980, 31676|3045, 31676|3408, 31824|3565, 31824|3782, 31856|3880, 31928|3927, 31920|3967, 31920|4020, https://www.jd.com, 
29424|1, 29424|798, 29444|840, 29364|882, 29300|925, 29300|1038, 29744|1102, 29892|1147, 29892|1609, 30040|1654, 30040|1796, 30100|1857, 30104|1903, 30104|2577, 30844|2674, 30844|2801, 30972|2878, 30928|2930, 30928|3052, 31372|3169, 31668|3308, 31668|3389, 31816|3473, 31816|3663, 31848|3956, 31848|4074, https://www.pku.edu.cn, 
29392|1, 29392|230, 29408|279, 29408|613, 30000|733, 30000|1135, 30100|1209, 30096|1251, 30096|2183, 30068|2287, 30068|2425, 30216|2488, 30660|2567, 30660|2629, 30808|2683, 30808|2761, 30956|2819, 31400|2918, 31752|3261, 31716|3390, 31864|3508, 31864|4054, https://www.pku.edu.cn, 
29400|1, 29400|567, 29328|621, 29312|679, 29308|729, 29308|1160, 29900|1220, 29900|1382, 30048|1436, 30048|1580, 30120|1631, 30156|1680, 30120|1721, 30120|2640, 30140|2687, 30140|2824, 30584|2892, 30584|2965, 30732|3049, 30732|3157, 30880|3209, 31472|3322, 31620|3443, 31620|3575, 31736|3680, 31760|3815, 31760|4151, https://www.pku.edu.cn, 
29548|1, 29544|113, 29544|520, 29396|592, 29396|710, 29840|772, 29840|987, 29816|1028, 29996|1066, 30016|1106, 30016|1230, 30116|1309, 30116|1987, 30148|2047, 30120|2100, 30120|2466, 30712|2529, 30712|2623, 30860|2693, 30860|2887, 31656|3128, 31612|3268, 31760|3358, 31760|3639, 31908|3931, 31920|4037, https://www.yahoo.com, 
29492|1, 29492|463, 29436|527, 29436|1179, 30028|1244, 30028|1403, 30088|1455, 30108|1526, 30108|2353, 30096|2438, 30120|2499, 30164|2541, 30164|2586, 30608|2640, 30756|2703, 30756|2788, 30904|2877, 30904|2980, 31496|3212, 31644|3350, 31648|3492, 31864|3650, 31864|4100, https://www.baidu.com, 
29424|1, 29424|117, 29276|184, 29276|643, 29868|730, 30016|832, 30016|882, 30004|933, 29964|976, 30020|1019, 30004|1059, 30004|1248, 30104|1305, 30104|1888, 30096|1931, 30116|1974, 30128|2014, 30128|2615, 30572|2662, 30720|2727, 30720|2802, 30768|2892, 30952|2995, 30952|3048, 31544|3258, 31544|3393, 31692|3591, 31840|3760, 31864|4084, https://www.pku.edu.cn, 
29488|1, 29488|529, 29276|614, 29276|680, 29868|812, 29908|870, 29920|910, 29920|1095, 30008|1135, 30008|1307, 30108|1354, 30108|1844, 30164|1890, 30112|1931, 30112|2501, 30704|2565, 30852|2651, 30852|2789, 30936|2855, 30964|2920, 31260|3001, 31556|3129, 31556|3399, 31704|3481, 31704|3748, 31900|3981, 31900|4213, https://www.mit.edu, 
28256|1, 28256|621, 28176|666, 28120|717, 28120|1120, 28712|1172, 28712|1260, 28860|1305, 28860|1611, 28856|1654, 28856|1694, 28956|1754, 28956|2490, 29400|2558, 29636|2645, 29624|2717, 29624|2878, 30216|2961, 30364|3070, 30512|3167, 30956|3289, 31252|3576, 31380|3953, 31380|4122, https://www.pku.edu.cn, 
29412|1, 29312|211, 29312|397, 29308|443, 29368|489, 29368|567, 29768|617, 29968|700, 29968|785, 30068|827, 30068|1365, 30112|1405, 30124|1459, 30104|1529, 30104|1975, 30696|2085, 30696|2344, 30944|2432, 31496|2623, 31644|2685, 31644|2786, 31792|2912, 31792|3204, 31848|3459, 31916|3553, 31916|3899, 31924|3946, 31940|4007, https://www.yahoo.com, 
29376|1, 29376|314, 29344|360, 29400|400, 29340|442, 29340|669, 29940|794, 29940|1152, 29932|1195, 29932|1354, 30036|1424, 30036|2350, 30044|2394, 30076|2442, 30076|2664, 30668|2732, 30668|2869, 30816|2931, 30816|3040, 31408|3204, 31480|3320, 31648|3429, 31648|3606, 31796|3813, 31796|4036, https://www.jd.com, 
29476|1, 29476|147, 29436|192, 29388|236, 29388|365, 29384|420, 29284|532, 29284|610, 29728|679, 29728|842, 29788|890, 29788|1138, 29912|1205, 30084|1254, 30084|2111, 30052|2153, 30092|2207, 30092|2503, 30684|2559, 30832|2630, 30832|2894, 31276|2974, 31424|3093, 31648|3186, 31628|3242, 31776|3293, 31776|4002, https://www.baidu.com, 
29380|1, 29380|139, 29464|193, 29464|985, 29396|1027, 29396|1130, 29292|1215, 29892|1312, 29892|1902, 30040|1948, 30040|2066, 30112|2110, 30164|2155, 30100|2208, 30100|2564, 30692|2656, 30692|2897, 30840|2992, 31484|3179, 31640|3296, 31640|3387, 31788|3477, 31788|4051, https://www.jd.com, 
29496|1, 29496|461, 29388|525, 29416|593, 29316|698, 29316|842, 29916|909, 29916|1364, 30016|1436, 30060|1488, 30088|1542, 30088|2450, 30056|2504, 30104|2551, 30104|2649, 30696|2718, 30696|2959, 30844|3036, 31436|3183, 31436|3418, 31584|3494, 31696|3576, 31844|4101, https://www.mit.edu, 
29520|1, 29520|551, 29372|667, 29372|834, 29396|878, 29348|921, 29292|962, 29292|1119, 29884|1182, 29884|1281, 30032|1333, 30032|1831, 30008|1874, 30084|1914, 30100|1956, 30100|2423, 30544|2499, 30840|2596, 30840|2826, 31548|2961, 31548|3133, 31696|3229, 31696|3761, 31876|3924, 31904|3996, 31904|4095, https://www.mit.edu, 
29380|1, 29380|230, 29452|272, 29400|313, 29400|914, 29392|960, 29392|1096, 29836|1158, 29984|1203, 30020|1252, 30020|2174, 30108|2216, 30096|2300, 30096|2508, 30540|2573, 30688|2682, 30836|2749, 30836|2971, 31428|3130, 31596|3276, 31676|3362, 31824|3462, 31824|4065, https://www.baidu.com, 
29528|1, 29528|417, 29500|463, 29864|551, 29864|922, 30012|963, 30012|1112, 30088|1154, 30096|1194, 30096|1370, 30104|1545, 30104|2438, 30704|2505, 30704|2859, 31444|3044, 31740|3177, 31740|3398, 31800|3476, 31828|3734, 31828|4021, https://www.baidu.com, 
29436|1, 29732|209, 29880|277, 29880|486, 29924|525, 29924|695, 30156|773, 30156|907, 30088|1036, 30088|1816, 30048|1872, 30028|1924, 30740|2004, 30740|2287, 30888|2349, 31480|2511, 31628|2656, 31628|2746, 31776|2862, 31820|3016, 31820|3788, 31836|3844, 31836|3883, 31868|3962, 31916|4003, https://www.jd.com, 
29452|1, 29452|188, 29748|242, 29896|297, 29896|379, 29920|420, 30008|467, 29992|514, 29992|1060, 30140|1111, 30140|1358, 30136|1408, 30116|1475, 30100|1560, 30100|1971, 30544|2052, 30692|2124, 30692|2379, 31488|2578, 31636|2726, 31636|3360, 31812|3448, 31900|3522, 31900|3880, 31916|3924, 31916|4010, https://www.mit.edu, 
29384|1, 29384|310, 29448|352, 29464|403, 29464|1109, 29908|1161, 29908|1243, 29960|1298, 29960|1360, 30052|1403, 30052|2338, 30084|2412, 30084|2526, 30676|2588, 30676|2696, 30824|2766, 30824|2922, 31564|3113, 31564|3218, 31652|3310, 31732|3390, 31880|4056, https://www.mit.edu, 
29500|1, 29500|367, 29456|420, 29408|518, 29408|1136, 30000|1196, 30000|1292, 30016|1350, 30036|1397, 30076|1444, 30076|2328, 30088|2402, 30100|2454, 30100|2511, 30692|2585, 30692|2681, 30988|2764, 30988|2887, 31432|3047, 31580|3167, 31728|3258, 31728|3320, 31692|3375, 31740|3558, 31740|4058, https://www.mit.edu, 
29380|1, 29380|270, 29332|320, 29332|477, 29908|638, 29996|722, 29996|1270, 30096|1316, 30096|1590, 30120|1662, 30120|2433, 30564|2483, 30796|2597, 30792|2660, 30792|2861, 31532|3052, 31532|3142, 31680|3257, 31828|3328, 31868|3630, 31836|3896, 31836|4033, https://www.jd.com, 
29384|1, 29384|526, 29336|568, 29336|612, 29252|689, 29296|805, 29888|880, 29888|1577, 29968|1640, 30100|1690, 30100|2282, 30692|2355, 30840|2469, 30840|2594, 30848|2650, 30924|2703, 30924|2903, 31368|3042, 31664|3106, 31664|3173, 31812|3269, 31812|3574, 31840|3774, 31840|4081, https://www.baidu.com, 
29480|1, 29480|180, 29464|231, 29400|281, 29400|771, 29396|819, 29396|1181, 29376|1238, 29820|1300, 29820|1422, 29968|1468, 29968|2135, 29980|2189, 30100|2237, 30100|2594, 30692|2679, 30840|2773, 30840|3036, 30852|3147, 31516|3256, 31516|3354, 31664|3489, 31664|3572, 31812|3742, 31812|4085, https://www.baidu.com, 
29396|1, 29396|468, 29324|559, 29332|669, 29332|1021, 29924|1065, 29924|1255, 30072|1298, 30072|1473, 30036|1515, 29988|1554, 30120|1627, 30120|2348, 30712|2434, 30712|2507, 30768|2567, 30844|2624, 30844|2861, 31436|3087, 31732|3197, 31732|3369, 31788|3591, 31832|3737, 31832|4031, https://www.mit.edu, 
29376|1, 29420|133, 29420|632, 30012|712, 30012|890, 30000|934, 30004|984, 29984|1024, 29984|1330, 30132|1392, 30132|1929, 30160|1989, 30096|2036, 30096|2442, 30688|2509, 30688|2649, 30836|2791, 31488|2967, 31512|3104, 31660|3257, 31808|3431, 31808|3783, 31956|3859, 31944|3937, 31916|4000, 31928|4053, https://www.jd.com, 
29428|1, 29428|349, 29516|404, 29472|479, 29472|1076, 29768|1136, 29916|1189, 29916|1287, 29900|1340, 30048|1386, 30080|1438, 30080|2325, 30128|2376, 30080|2471, 30080|2568, 30672|2676, 30672|2734, 30820|2870, 30968|2932, 31560|3153, 31560|3331, 31708|3449, 31708|4049, https://www.jd.com, 
