338|1, 338|2171, 340|2558, 342|2864, 342|3039, 343|3111, 343|4040, https://www.yahoo.com, 
338|1, 338|2761, 340|2900, 338|3162, 339|3366, 340|3466, 341|3578, 341|3682, 342|3728, 342|4034, https://www.mit.edu, 
338|1, 338|3932, 339|4000, 339|4055, https://www.yahoo.com, 
338|1, 338|3368, 340|3554, 342|4039, https://www.yahoo.com, 
338|1, 338|3732, 339|3911, 339|4001, https://www.pku.edu.cn, 
338|1, 338|3417, 339|3644, 339|4029, https://www.baidu.com, 
338|1, 338|3319, 340|3465, 338|3720, 339|3902, 341|4057, https://www.pku.edu.cn, 
338|1, 338|3378, 339|3511, 339|3713, 340|3951, 341|4054, https://www.jd.com, 
338|1, 338|3070, 339|3260, 339|3564, 340|3650, 341|3747, 341|3890, 342|3946, 342|4033, https://www.baidu.com, 
338|1, 338|3467, 340|3612, 339|3843, 340|4024, https://www.pku.edu.cn, 
338|1, 338|3189, 340|3306, 340|3473, 339|3678, 339|3873, 340|3941, 341|4013, https://www.pku.edu.cn, 
338|1, 338|2677, 339|2764, 339|3186, 341|3313, 342|3412, 342|3619, 343|3701, 343|4029, https://www.yahoo.com, 
338|1, 338|2584, 341|2774, 339|3049, 339|3152, 342|3219, 342|3395, 343|3454, 343|3671, 344|3724, 344|4053, https://www.mit.edu, 
338|1, 338|2677, 340|2777, 338|2958, 340|3156, 341|3251, 342|3390, 342|3486, 343|3537, 343|4015, https://www.yahoo.com, 
338|1, 338|3503, 340|3633, 341|4080, https://www.yahoo.com, 
338|1, 338|3327, 340|3431, 340|3875, 341|3978, 342|4082, https://www.yahoo.com, 
338|1, 338|2975, 339|3288, 339|3422, 341|3528, 341|3675, 342|3724, 342|4030, https://www.baidu.com, 
340|1, 340|3006, 341|3255, 343|3521, 343|3723, 344|3776, 345|4024, https://www.jd.com, 
342|1, 342|3407, 344|3525, 342|3833, 344|3953, 344|4038, https://www.yahoo.com, 
343|1, 343|2883, 344|3279, 344|3372, 346|3443, 346|3589, 347|3629, 347|4039, https://www.baidu.com, 
343|1, 343|2903, 344|3112, 344|3436, 346|3563, 346|3717, 347|3765, 347|4060, https://www.mit.edu, 
343|1, 343|3477, 344|3671, 343|3798, 344|3967, 344|4023, https://www.jd.com, 
343|1, 342|101, 342|2926, 341|3159, 341|3274, 343|3399, 342|3698, 342|3832, 343|3956, 344|4057, https://www.pku.edu.cn, 
340|1, 340|1376, 339|1416, 339|3414, 340|3555, 340|3687, 342|3765, 342|3938, 343|3996, 343|4051, https://www.jd.com, 
339|1, 339|3542, 342|3685, 340|3964, 340|4070, https://www.pku.edu.cn, 
339|1, 339|3385, 342|3540, 340|3845, 340|3901, 341|3974, 342|4048, https://www.pku.edu.cn, 
339|1, 339|3679, 342|3902, 340|4174, https://www.pku.edu.cn, 
339|1, 339|3347, 340|3419, 340|3705, 342|3928, 343|4026, https://www.yahoo.com, 
339|1, 339|3513, 340|3680, 340|4101, https://www.baidu.com, 
339|1, 339|3581, 341|3769, 340|4091, https://www.pku.edu.cn, 
338|1, 338|3385, 340|3485, 339|3764, 341|4032, https://www.mit.edu, 
338|1, 338|3616, 340|3964, 341|4139, https://www.pku.edu.cn, 
338|1, 338|2734, 340|2863, 340|3222, 341|3400, 342|3485, 342|3649, 343|3696, 343|4045, https://www.yahoo.com, 
338|1, 338|3595, 339|3844, 339|4062, https://www.jd.com, 
338|1, 338|3359, 339|3572, 341|3756, 341|3938, 342|3986, 342|4029, https://www.baidu.com, 
338|1, 338|3470, 339|3612, 340|4055, https://www.jd.com, 
338|1, 338|3407, 340|3479, 340|3569, 339|3726, 340|3984, 341|4110, https://www.mit.edu, 
338|1, 338|3336, 341|3525, 339|3778, 339|3904, 341|3984, 341|4099, https://www.mit.edu, 
337|1, 337|3666, 339|3949, 340|4058, https://www.baidu.com, 
337|1, 337|3481, 338|3762, 338|3913, 340|3993, 340|4041, https://www.baidu.com, 
337|1, 337|2856, 338|3032, 338|3269, 339|3427, 340|3509, 340|3667, 341|3715, 341|4039, https://www.jd.com, 
337|1, 337|2862, 339|2925, 340|3037, 338|3345, 338|3428, 340|3496, 340|3717, 341|3764, 341|4031, https://www.mit.edu, 
337|1, 337|3382, 339|3471, 337|3642, 338|3924, 340|4059, https://www.mit.edu, 
337|1, 337|3305, 339|3389, 340|3554, 338|3809, 339|3967, 340|4050, https://www.mit.edu, 
337|1, 337|3299, 338|3654, 340|3881, 340|4042, https://www.jd.com, 
337|1, 337|3601, 338|3741, 338|3839, 340|3964, 340|4074, https://www.baidu.com, 
337|1, 337|3518, 338|3698, 338|4049, https://www.baidu.com, 
337|1, 337|3183, 339|3252, 340|3366, 338|3585, 338|3742, 339|3825, 339|3891, 340|3959, 340|4018, https://www.mit.edu, 
337|1, 337|3268, 338|3436, 338|3840, 340|3922, 340|4034, https://www.jd.com, 
337|1, 339|4048, https://www.jd.com, 
