16|1, 440|771, 440|1079, 484|1159, 484|1753, 632|1962, 744|2134, 768|2255, 768|3017, 992|3152, 992|3624, 252|3718, 376|3800, 376|3846, 252|3918, 352|4021, https://www.yahoo.com, 
12|1, 420|531, 544|618, 544|683, 464|748, 464|1406, 192|1509, 192|1660, 276|1724, 304|1773, 304|2666, 336|2784, 336|2928, 520|3053, 224|3339, 556|3548, 556|3629, 608|3753, 608|4009, https://www.mit.edu, 
160|1, 528|370, 524|411, 476|453, 476|689, 256|780, 256|1352, 332|1419, 352|1479, 352|1853, 152|1926, 152|2358, 72|2403, 116|2444, 124|2484, 124|3339, 148|3463, 148|3650, 296|3810, 296|4034, https://www.yahoo.com, 
404|1, 256|367, 256|546, 76|669, 76|766, 164|816, 164|1550, 268|1609, 196|1656, 196|2524, 332|2589, 280|2732, 280|2982, 96|3132, 244|3301, 244|3453, 332|3569, 512|3840, 696|3992, 696|4123, https://www.yahoo.com, 
156|1, 340|348, 340|699, 304|821, 448|875, 464|933, 424|975, 424|1799, 456|1914, 432|1960, 432|2834, 476|2909, 492|2962, 492|3380, 12|3480, 12|3544, 196|3758, 284|3990, 468|4086, https://www.pku.edu.cn, 
232|1, 416|296, 416|429, 508|525, 508|650, 604|698, 604|977, 236|1030, 384|1081, 384|1633, 396|1687, 396|1738, 412|1790, 412|2122, 116|2200, 116|2633, 152|2693, 80|2740, 80|3057, 376|3305, 376|3589, 388|3974, 572|4090, https://www.baidu.com, 
524|1, 740|277, 740|471, 372|575, 188|627, 188|1015, 196|1125, 196|1981, 252|2021, 268|2061, 264|2119, 264|2889, 292|3080, 356|3255, 356|3494, 172|3701, 540|3953, 800|4018, https://www.pku.edu.cn, 
4|1, 236|283, 236|371, 16|470, 16|727, 104|772, 264|815, 264|1093, 152|1164, 280|1211, 280|2129, 312|2179, 404|2226, 404|3072, 236|3180, 356|3308, 356|3542, 540|3728, 356|3989, 540|4101, https://www.jd.com, 
196|1, 496|290, 568|339, 568|771, 296|843, 296|1083, 316|1122, 376|1159, 376|1618, 80|1658, 80|2061, 104|2111, 84|2192, 84|2737, 232|2953, 352|3081, 496|3165, 496|3835, 680|3916, 712|4047, https://www.baidu.com, 
540|1, 724|278, 724|458, 208|536, 208|735, 0|844, 0|927, 84|966, 156|1010, 136|1047, 136|1120, 240|1159, 240|1778, 116|1894, 116|1958, 156|2009, 228|2112, 228|2925, 284|2995, 252|3057, 252|3648, 400|3868, 672|3986, 724|4068, https://www.pku.edu.cn, 
476|1, 844|254, 784|297, 828|336, 828|377, 608|475, 608|1188, 652|1239, 684|1287, 760|1354, 760|2207, 796|2257, 744|2303, 744|2979, 708|3092, 724|3227, 896|3326, 896|3669, 48|3919, 232|3994, 416|4064, https://www.pku.edu.cn, 
488|1, 568|324, 752|391, 752|1069, 804|1125, 748|1177, 836|1234, 836|1666, 172|1795, 172|2052, 248|2145, 96|2230, 96|2675, 244|2777, 244|2957, 428|3043, 392|3255, 576|3393, 576|4046, https://www.yahoo.com, 
508|1, 212|363, 212|521, 220|566, 328|614, 360|656, 0|732, 140|773, 140|1523, 152|1563, 228|1621, 284|1670, 284|2457, 228|2609, 336|2706, 336|3131, 520|3298, 520|3536, 656|3596, 744|3652, 744|3818, 748|3868, 624|3963, 624|4004, https://www.mit.edu, 
84|1, 268|286, 268|416, 300|461, 300|589, 428|684, 156|731, 156|791, 236|873, 272|931, 272|1829, 288|1894, 296|1971, 296|2362, 444|2576, 444|2776, 500|2853, 684|3021, 500|3258, 684|3331, 204|3491, 388|3549, 388|3807, 380|3900, 588|3952, 500|4043, https://www.yahoo.com, 
160|1, 528|282, 528|439, 516|479, 516|700, 464|808, 544|865, 324|950, 324|1071, 360|1114, 360|1619, 484|1695, 484|1743, 496|1783, 460|1826, 516|1897, 268|2004, 268|2349, 0|2434, 0|2848, 12|2894, 12|3085, 160|3247, 160|3647, 468|3957, 652|4128, https://www.yahoo.com, 
328|1, 696|228, 696|345, 744|386, 744|488, 372|603, 488|648, 488|1166, 156|1218, 156|1572, 168|1627, 108|1667, 108|2511, 152|2570, 156|2681, 156|3011, 304|3150, 304|3460, 400|3727, 732|3929, 732|4035, https://www.yahoo.com, 
0|1, 312|280, 312|576, 432|736, 160|783, 160|824, 284|866, 284|1180, 324|1256, 372|1316, 372|2146, 384|2210, 388|2270, 392|2340, 392|2490, 356|2667, 356|2993, 412|3271, 660|3469, 844|3569, 820|4032, https://www.baidu.com, 
4|1, 4|650, 220|695, 464|757, 464|799, 92|881, 192|927, 192|1676, 308|1715, 328|1757, 328|2474, 292|2641, 412|2759, 412|2960, 596|3054, 596|3260, 300|3499, 304|3723, 372|3783, 372|4012, https://www.jd.com, 
188|1, 556|235, 556|392, 528|435, 528|563, 256|640, 256|1116, 356|1163, 356|1250, 232|1349, 232|1391, 304|1445, 352|1522, 352|2091, 56|2151, 56|2338, 128|2398, 48|2449, 48|3034, 196|3198, 196|3342, 224|3407, 384|3464, 384|3537, 568|3762, 716|3992, 716|4083, https://www.yahoo.com, 
372|1, 556|286, 556|581, 500|631, 500|678, 100|776, 200|821, 196|900, 228|950, 228|1823, 232|1878, 252|1960, 252|2448, 216|2650, 400|2716, 400|2790, 360|2919, 284|3285, 652|3436, 652|3877, 660|3942, 620|3982, 744|4041, https://www.baidu.com, 
0|1, 332|273, 528|337, 436|381, 436|798, 288|921, 288|1259, 324|1320, 344|1364, 340|1407, 340|2234, 388|2311, 412|2368, 416|2430, 416|2686, 380|2781, 380|3179, 528|3355, 512|3482, 512|3638, 696|3700, 696|4003, https://www.mit.edu, 
152|1, 520|196, 520|258, 468|299, 492|341, 492|550, 272|650, 272|1191, 276|1251, 360|1303, 344|1350, 344|2205, 348|2253, 320|2308, 320|2963, 24|3062, 172|3167, 136|3285, 316|3475, 500|3668, 464|4004, https://www.jd.com, 
268|1, 636|125, 636|467, 272|586, 324|637, 420|723, 420|1291, 120|1392, 120|1619, 188|1667, 188|2542, 208|2610, 208|2916, 172|3162, 172|3402, 420|3614, 532|3848, 716|3954, 900|4072, https://www.pku.edu.cn, 
0|1, 368|159, 368|327, 316|376, 316|497, 268|595, 268|928, 308|968, 260|1009, 260|1192, 136|1263, 136|1912, 148|1962, 200|2010, 200|2851, 360|2985, 360|3195, 544|3285, 544|3789, 592|3880, 764|3934, 824|3974, 824|4026, https://www.jd.com, 
40|1, 408|153, 408|409, 40|478, 188|540, 188|805, 268|846, 304|889, 356|931, 356|1799, 352|1859, 368|1910, 368|2807, 460|2884, 408|2937, 408|3556, 112|3661, 496|3958, 496|4080, https://www.pku.edu.cn, 
768|1, 1136|118, 1136|430, 764|513, 864|620, 864|1217, 876|1259, 892|1307, 892|1953, 44|2005, 44|2190, 96|2293, 96|2915, 180|3268, 184|3397, 184|3516, 332|3828, 516|3918, 516|4060, https://www.pku.edu.cn, 
444|1, 812|118, 812|369, 480|425, 480|481, 260|574, 312|625, 232|685, 276|736, 276|1589, 284|1639, 296|1688, 304|1728, 304|1864, 180|1984, 180|2648, 196|2694, 252|2751, 252|3583, 376|3687, 664|3813, 664|4155, https://www.pku.edu.cn, 
596|1, 872|119, 872|433, 652|526, 836|597, 836|993, 796|1033, 816|1070, 880|1111, 880|1993, 904|2052, 852|2105, 852|2893, 940|3113, 948|3274, 948|3418, 1132|3645, 284|3937, 292|4042, https://www.yahoo.com, 
316|1, 500|187, 500|368, 132|467, 368|532, 368|1407, 412|1460, 412|2178, 116|2248, 116|2359, 164|2443, 144|2504, 72|2546, 72|2986, 220|3209, 220|3354, 436|3493, 392|3655, 208|3939, 392|4091, https://www.baidu.com, 
796|1, 1164|124, 1164|650, 500|734, 280|839, 280|889, 344|940, 348|983, 308|1025, 312|1066, 312|1895, 356|1938, 360|1981, 384|2020, 384|2807, 320|2897, 272|3000, 544|4076, https://www.pku.edu.cn, 
0|1, 368|131, 368|348, 372|394, 372|686, 152|815, 152|875, 204|915, 204|1101, 300|1141, 300|1844, 308|1896, 316|1937, 316|2793, 232|2860, 308|2925, 308|3135, 456|3211, 456|3749, 616|3979, 800|4218, https://www.mit.edu, 
152|1, 520|120, 520|431, 152|582, 332|625, 340|670, 308|719, 308|1606, 380|1659, 380|1699, 336|1758, 336|2562, 312|2648, 328|2720, 328|3293, 32|3570, 320|3913, 320|4124, https://www.pku.edu.cn, 
928|1, 1112|225, 1112|411, 1208|449, 1300|503, 1300|1157, 380|1222, 332|1379, 328|1418, 288|1472, 220|1541, 220|2358, 260|2425, 472|2635, 472|2925, 288|3201, 596|3450, 788|3566, 792|4019, https://www.yahoo.com, 
560|1, 264|215, 264|338, 340|382, 376|423, 388|465, 388|692, 216|817, 216|1175, 280|1217, 280|1377, 284|1445, 284|1587, 408|1742, 408|2373, 340|2417, 396|2464, 396|3062, 212|3227, 376|3342, 432|3448, 616|4054, https://www.jd.com, 
8|1, 376|151, 340|196, 340|370, 380|424, 208|537, 208|847, 220|892, 220|1143, 280|1208, 252|1258, 252|1356, 376|1406, 376|2116, 340|2157, 352|2212, 352|3098, 416|3182, 452|3246, 452|3298, 636|3360, 636|3577, 452|3722, 636|3903, 340|4007, https://www.baidu.com, 
16|1, 384|145, 388|197, 388|414, 20|512, 168|560, 168|1136, 344|1220, 344|2072, 380|2116, 280|2161, 352|2213, 352|2900, 56|2998, 196|3168, 240|3289, 240|3391, 424|3481, 424|3559, 388|3829, 572|4047, https://www.jd.com, 
332|1, 640|149, 640|468, 676|531, 712|589, 440|704, 440|1244, 16|1292, 16|1371, 116|1443, 216|1494, 164|1548, 164|2457, 212|2510, 212|3043, 360|3187, 360|3500, 564|3582, 564|3735, 528|3970, 712|4101, https://www.mit.edu, 
84|1, 452|129, 452|565, 232|681, 232|848, 268|891, 340|934, 284|975, 284|1845, 312|1886, 320|1928, 264|1970, 264|2840, 284|2971, 432|3078, 432|3243, 248|3366, 432|3477, 432|3760, 684|3937, 796|4009, https://www.mit.edu, 
4|1, 520|112, 520|237, 468|278, 468|406, 100|492, 248|559, 248|921, 312|966, 312|1211, 388|1257, 316|1311, 316|2181, 328|2222, 368|2306, 368|2958, 220|3135, 96|3272, 264|3357, 264|3462, 448|3628, 412|3915, 412|4063, https://www.baidu.com, 
152|1, 336|145, 336|430, 396|475, 112|559, 260|662, 260|1126, 312|1167, 320|1207, 20|1248, 20|1367, 128|1557, 128|2451, 164|2517, 164|2872, 312|3053, 312|3190, 496|3277, 496|3411, 432|3481, 380|3733, 564|3951, 564|4033, https://www.baidu.com, 
8|1, 192|214, 192|492, 280|530, 280|701, 32|778, 256|819, 256|913, 268|1042, 268|1820, 300|1877, 324|1930, 324|2513, 472|2661, 472|2868, 476|3005, 660|3226, 660|3794, 720|3849, 720|3888, 476|3967, 572|4008, https://www.jd.com, 
176|1, 176|391, 328|431, 444|477, 500|525, 500|772, 132|845, 280|888, 280|1369, 292|1417, 384|1486, 420|1571, 420|2390, 296|2570, 296|2951, 480|3038, 148|3371, 184|3457, 472|3519, 472|3892, 424|3936, 176|4020, https://www.mit.edu, 
172|1, 540|111, 540|316, 532|358, 532|408, 164|490, 312|572, 312|1250, 272|1304, 360|1365, 380|1407, 380|2084, 48|2152, 48|2281, 12|2343, 44|2418, 44|2928, 192|3117, 8|3223, 260|3315, 372|3383, 372|3469, 556|3579, 520|3916, 704|4048, https://www.mit.edu, 
504|1, 872|132, 872|172, 392|212, 392|337, 404|387, 400|438, 420|527, 52|645, 200|685, 200|1312, 264|1366, 256|1416, 316|1463, 316|2348, 388|2421, 352|2474, 352|3067, 500|3187, 500|3340, 512|3393, 584|3549, 584|3812, 768|3993, 768|4077, https://www.mit.edu, 
88|1, 272|148, 272|281, 360|330, 360|486, 452|649, 180|732, 180|1600, 308|1669, 308|2492, 356|2606, 296|2669, 296|3060, 444|3153, 444|3337, 324|3631, 580|3906, 580|4044, https://www.jd.com, 
204|1, 388|167, 388|531, 464|571, 464|612, 240|693, 308|810, 308|1581, 444|1641, 404|1693, 404|2359, 108|2474, 108|2599, 60|2654, 160|2706, 160|3165, 308|3272, 308|3399, 492|3579, 668|3776, 852|3854, 852|4085, https://www.baidu.com, 
156|1, 340|191, 408|241, 456|292, 456|439, 236|519, 236|783, 292|830, 292|961, 92|1018, 92|1192, 84|1245, 84|2146, 140|2199, 148|2248, 148|3157, 156|3265, 304|3364, 304|3583, 488|3753, 636|4094, https://www.baidu.com, 
0|1, 368|139, 368|469, 160|564, 220|675, 220|1479, 224|1520, 368|1560, 412|1632, 412|2440, 420|2512, 436|2570, 440|2630, 440|2866, 256|3092, 256|3375, 640|3536, 692|3742, 692|4036, https://www.mit.edu, 
140|1, 364|140, 364|446, 180|559, 328|640, 328|898, 368|940, 392|992, 356|1031, 356|1400, 540|1456, 540|1937, 456|1989, 472|2044, 472|2643, 0|2797, 4|2971, 248|3110, 248|3265, 432|3436, 432|3632, 580|3790, 580|3867, 640|3943, 824|4006, https://www.jd.com, 
280|1, 648|116, 648|409, 432|484, 432|1138, 136|1195, 136|1293, 208|1345, 208|1392, 84|1443, 84|1585, 232|1648, 232|2330, 284|2381, 172|2474, 172|3154, 320|3270, 320|3336, 376|3454, 560|3538, 560|3606, 524|3786, 524|4034, https://www.jd.com, 
