1783|1, 1783|1718, 1784|1922, 1785|2373, 1788|2619, 1788|2716, 1789|2780, 1791|2870, 1791|3031, 1792|3077, 1792|4050, https://www.yahoo.com, 
1783|1, 1783|2670, 1785|2810, 1784|3114, 1784|3256, 1787|3365, 1787|3569, 1789|3615, 1790|3661, 1790|3881, 1791|3922, 1791|4016, https://www.mit.edu, 
1783|1, 1783|3858, 1784|3927, 1784|4141, https://www.yahoo.com, 
1783|1, 1783|3272, 1785|3446, 1784|3718, 1785|3822, 1787|3930, 1786|3999, 1786|4050, https://www.yahoo.com, 
1781|1, 1781|3654, 1782|3818, 1785|4050, https://www.pku.edu.cn, 
1781|1, 1781|3352, 1784|3603, 1783|3853, 1784|4041, https://www.baidu.com, 
1781|1, 1781|3244, 1783|3407, 1781|3715, 1782|3821, 1782|3881, 1784|3979, 1785|4067, https://www.pku.edu.cn, 
1781|1, 1781|3310, 1783|3481, 1783|3734, 1785|3905, 1786|3981, 1786|4038, https://www.jd.com, 
1780|1, 1780|2864, 1782|2935, 1782|3041, 1780|3228, 1782|3444, 1782|3521, 1783|3603, 1785|3703, 1785|3793, 1786|3838, 1787|3896, 1788|3940, 1788|4022, https://www.baidu.com, 
1780|1, 1780|3438, 1782|3581, 1781|3804, 1782|4009, https://www.pku.edu.cn, 
1780|1, 1780|3141, 1782|3278, 1782|3430, 1781|3724, 1782|3835, 1783|3890, 1784|3962, 1784|4065, https://www.pku.edu.cn, 
1780|1, 1780|2586, 1781|2671, 1781|2902, 1782|3106, 1783|3217, 1785|3316, 1785|3443, 1787|3548, 1788|3601, 1788|3799, 1789|3847, 1789|4037, https://www.yahoo.com, 
1780|1, 1780|2494, 1783|2712, 1781|2965, 1781|3051, 1784|3124, 1784|3294, 1786|3356, 1787|3408, 1787|3529, 1788|3569, 1789|3671, 1789|3846, 1790|3908, 1790|4008, https://www.mit.edu, 
1780|1, 1780|2617, 1782|2726, 1781|2966, 1782|3098, 1785|3220, 1785|3425, 1787|3478, 1788|3531, 1788|3735, 1789|3784, 1789|4042, https://www.yahoo.com, 
1780|1, 1780|3405, 1782|3570, 1782|3866, 1783|3990, 1785|4064, https://www.yahoo.com, 
1780|1, 1780|3276, 1782|3413, 1782|3833, 1783|3929, 1785|4032, https://www.yahoo.com, 
1780|1, 1780|2746, 1782|2911, 1782|3335, 1784|3427, 1785|3496, 1785|3572, 1786|3620, 1787|3665, 1788|3710, 1788|3885, 1789|3927, 1789|4011, https://www.baidu.com, 
1783|1, 1783|2771, 1784|2846, 1785|2996, 1785|3218, 1788|3534, 1788|3658, 1790|3714, 1791|3760, 1791|3887, 1792|3961, 1793|4006, https://www.jd.com, 
1785|1, 1785|3354, 1787|3487, 1785|3792, 1787|3900, 1789|4068, https://www.yahoo.com, 
1786|1, 1786|2690, 1789|2936, 1788|3262, 1788|3325, 1790|3399, 1791|3463, 1791|3542, 1792|3582, 1792|3627, 1794|3669, 1794|3859, 1795|3932, 1795|4063, https://www.baidu.com, 
1786|1, 1786|3128, 1787|3274, 1788|3423, 1790|3526, 1790|3671, 1792|3722, 1793|3791, 1794|4026, https://www.mit.edu, 
1786|1, 1786|3280, 1787|3464, 1788|3655, 1789|4042, https://www.jd.com, 
1786|1, 1786|3256, 1788|3410, 1787|3696, 1787|3819, 1788|3955, 1790|4040, https://www.pku.edu.cn, 
1786|1, 1786|3061, 1787|3145, 1788|3268, 1788|3605, 1789|3663, 1791|3753, 1791|3865, 1792|3907, 1793|3968, 1794|4022, https://www.jd.com, 
1786|1, 1786|3808, 1787|3950, 1787|4058, https://www.pku.edu.cn, 
1786|1, 1786|3658, 1787|3830, 1787|3885, 1788|3958, 1789|4035, https://www.pku.edu.cn, 
1786|1, 1786|3559, 1788|3691, 1789|3904, 1787|4181, https://www.pku.edu.cn, 
1786|1, 1786|3327, 1788|3466, 1788|3793, 1789|3914, 1791|4018, https://www.yahoo.com, 
1786|1, 1786|3756, 1788|3930, 1790|4083, https://www.baidu.com, 
1786|1, 1786|3430, 1788|3564, 1787|4075, https://www.pku.edu.cn, 
1785|1, 1785|3365, 1787|3508, 1786|3785, 1789|4098, https://www.mit.edu, 
1785|1, 1785|3304, 1786|3699, 1788|3984, 1789|4124, https://www.pku.edu.cn, 
1785|1, 1785|2708, 1787|2848, 1787|3213, 1788|3371, 1790|3460, 1790|3567, 1791|3618, 1792|3664, 1793|3713, 1793|3909, 1794|3965, 1794|4015, https://www.yahoo.com, 
1785|1, 1785|3494, 1786|3611, 1787|3882, 1787|4051, https://www.jd.com, 
1785|1, 1785|3216, 1787|3265, 1788|3379, 1787|3570, 1789|3748, 1790|3923, 1791|3969, 1792|4016, https://www.baidu.com, 
1785|1, 1785|3368, 1786|3463, 1787|3625, 1786|3877, 1788|4048, https://www.jd.com, 
1785|1, 1785|3387, 1787|3457, 1787|3585, 1785|3772, 1787|3969, 1789|4092, https://www.mit.edu, 
1785|1, 1785|3321, 1788|3549, 1786|3819, 1786|3887, 1789|3987, 1789|4112, https://www.mit.edu, 
1785|1, 1785|3351, 1787|3463, 1786|3723, 1788|3946, 1790|4048, https://www.baidu.com, 
1785|1, 1785|3295, 1786|3357, 1788|3495, 1787|3823, 1788|3914, 1789|3977, 1790|4030, https://www.baidu.com, 
1785|1, 1785|2726, 1786|2844, 1787|2998, 1787|3250, 1788|3396, 1790|3475, 1790|3621, 1792|3674, 1793|3728, 1793|3947, 1794|3999, 1794|4052, https://www.jd.com, 
1785|1, 1785|2824, 1787|2888, 1788|3019, 1786|3325, 1786|3389, 1788|3463, 1789|3540, 1789|3677, 1790|3725, 1792|3769, 1792|3949, 1793|3996, 1793|4042, https://www.mit.edu, 
1785|1, 1785|3364, 1787|3460, 1785|3741, 1786|3919, 1788|4049, https://www.mit.edu, 
1785|1, 1785|3285, 1787|3396, 1788|3557, 1786|3799, 1787|3952, 1789|4032, https://www.mit.edu, 
1785|1, 1785|3207, 1786|3339, 1787|3713, 1789|3880, 1790|3975, 1791|4028, https://www.jd.com, 
1785|1, 1785|3268, 1787|3386, 1785|3589, 1787|3705, 1787|3811, 1790|3945, 1790|4036, https://www.baidu.com, 
1785|1, 1785|3410, 1787|3508, 1788|3695, 1787|3900, 1787|4022, https://www.baidu.com, 
1785|1, 1785|3163, 1787|3234, 1788|3385, 1786|3601, 1786|3733, 1787|3804, 1789|3872, 1789|4005, https://www.mit.edu, 
1785|1, 1785|3133, 1786|3284, 1787|3436, 1787|3760, 1788|3827, 1790|3904, 1790|4020, https://www.jd.com, 
1785|1, 1785|3245, 1786|3322, 1786|3512, 1785|3616, 1787|4044, https://www.jd.com, 
