1282191|1, 1282191|2165, 1282197|2552, 1282199|2858, 1282199|4034, https://www.yahoo.com, 
1282239|1, 1282239|2900, 1282243|3164, 1282243|3467, 1282245|3574, 1282245|4030, https://www.mit.edu, 
1282258|1, 1282258|4051, https://www.yahoo.com, 
1282305|1, 1282305|3380, 1282307|3551, 1282311|3819, 1282313|4038, https://www.yahoo.com, 
1282327|1, 1282327|3454, 1282329|3738, 1282331|3908, 1282333|4147, https://www.pku.edu.cn, 
1283120|1, 1283120|3425, 1283138|3643, 1283161|3919, 1283166|4033, https://www.baidu.com, 
1283432|1, 1283432|3463, 1283434|3725, 1283436|3900, 1283438|4055, https://www.pku.edu.cn, 
1284377|1, 1284377|1341, 1284379|1444, 1284379|3376, 1284386|3517, 1284392|3724, 1284417|3949, 1284420|4052, https://www.jd.com, 
1284566|1, 1284566|2979, 1284582|3076, 1284592|3259, 1284609|3467, 1284609|3652, 1284663|3750, 1284663|4031, https://www.baidu.com, 
1284885|1, 1284885|3610, 1284887|3843, 1284887|4022, https://www.pku.edu.cn, 
1285614|1, 1285614|3471, 1285618|3695, 1285620|4011, https://www.pku.edu.cn, 
1286478|1, 1286478|695, 1286479|758, 1286479|2966, 1286483|3185, 1286483|3311, 1286485|3409, 1286485|4027, https://www.yahoo.com, 
1286534|1, 1286534|2477, 1286536|2580, 1286540|2790, 1286542|3053, 1286542|3147, 1286544|3214, 1286544|3390, 1286546|3449, 1286546|4047, https://www.mit.edu, 
1286603|1, 1286603|167, 1286604|208, 1286604|2666, 1286606|2766, 1286608|2948, 1286610|3145, 1286610|3245, 1286612|3378, 1286612|4003, https://www.yahoo.com, 
1286670|1, 1286670|1475, 1286671|1566, 1286671|3500, 1286673|3633, 1286677|3930, 1286677|4080, https://www.yahoo.com, 
1286718|1, 1286718|3326, 1286720|3430, 1286724|3719, 1286726|4080, https://www.yahoo.com, 
1286765|1, 1286765|845, 1286766|926, 1286766|2843, 1286782|2982, 1286796|3287, 1286803|3423, 1286805|3525, 1286805|3597, 1286861|3673, 1286861|4028, https://www.baidu.com, 
1287137|1, 1287137|2830, 1287142|2900, 1287146|3002, 1287178|3272, 1287180|3529, 1287180|4021, https://www.jd.com, 
1287348|1, 1287348|3405, 1287350|3524, 1287352|3832, 1287354|3952, 1287354|4037, https://www.yahoo.com, 
1287406|1, 1287406|2719, 1287424|2873, 1287449|3272, 1287449|3361, 1287451|3433, 1287451|3498, 1287507|3578, 1287507|4029, https://www.baidu.com, 
1287816|1, 1287816|1550, 1287817|1612, 1287817|2902, 1287819|3114, 1287821|3308, 1287821|3439, 1287823|3562, 1287823|4059, https://www.mit.edu, 
1287847|1, 1287847|3299, 1287852|3476, 1287856|3674, 1287856|3798, 1287888|3966, 1287888|4022, https://www.jd.com, 
1288078|1, 1288078|1268, 1288080|1372, 1288080|3399, 1288084|3703, 1288086|4058, https://www.pku.edu.cn, 
1289113|1, 1289113|3079, 1289118|3162, 1289120|3287, 1289122|3426, 1289152|3553, 1289152|3685, 1289154|3763, 1289154|4049, https://www.jd.com, 
1289267|1, 1289267|3543, 1289269|3685, 1289271|3964, 1289271|4071, https://www.pku.edu.cn, 
1290156|1, 1290156|3384, 1290158|3555, 1290160|3845, 1290160|3899, 1290162|3973, 1290162|4047, https://www.pku.edu.cn, 
1291105|1, 1291105|3696, 1291107|3902, 1291109|4174, https://www.pku.edu.cn, 
1291948|1, 1291948|3443, 1291952|3705, 1291954|3928, 1291956|4027, https://www.yahoo.com, 
1291999|1, 1291999|3512, 1292017|3687, 1292034|3949, 1292036|4099, https://www.baidu.com, 
1292382|1, 1292384|4090, https://www.pku.edu.cn, 
1292413|1, 1292413|3492, 1292417|3773, 1292419|4061, https://www.mit.edu, 
1292443|1, 1292443|3615, 1292445|3963, 1292447|4137, https://www.pku.edu.cn, 
1292479|1, 1292479|2736, 1292481|2862, 1292485|3224, 1292485|3400, 1292487|3488, 1292487|4044, https://www.yahoo.com, 
1292539|1, 1292539|1543, 1292541|1723, 1292541|3509, 1292546|3615, 1292552|3844, 1292582|4061, https://www.jd.com, 
1292682|1, 1292682|3280, 1292698|3359, 1292725|3572, 1292727|3758, 1292803|3938, 1292803|4029, https://www.baidu.com, 
1293026|1, 1293026|3381, 1293031|3469, 1293035|3617, 1293037|3863, 1293037|4055, https://www.jd.com, 
1293159|1, 1293159|3735, 1293163|3984, 1293163|4108, https://www.mit.edu, 
1293194|1, 1293194|3337, 1293196|3525, 1293198|3785, 1293198|3904, 1293200|3984, 1293200|4102, https://www.mit.edu, 
1293255|1, 1293255|3363, 1293271|3467, 1293276|3666, 1293292|3953, 1293294|4058, https://www.baidu.com, 
1293568|1, 1293568|3369, 1293586|3484, 1293611|3806, 1293612|3911, 1293614|3992, 1293614|4043, https://www.baidu.com, 
1293926|1, 1293926|2857, 1293933|3027, 1293967|3265, 1293967|3423, 1293969|3506, 1293969|4034, https://www.jd.com, 
1294139|1, 1294139|1034, 1294140|1081, 1294141|1132, 1294141|2925, 1294143|3038, 1294145|3344, 1294145|3427, 1294147|3497, 1294147|4030, https://www.mit.edu, 
1294238|1, 1294238|3470, 1294240|3703, 1294242|3925, 1294244|4059, https://www.mit.edu, 
1294303|1, 1294303|3388, 1294305|3561, 1294307|3813, 1294309|4049, https://www.mit.edu, 
1294364|1, 1294364|3218, 1294365|3297, 1294381|3662, 1294405|3887, 1294405|4040, https://www.jd.com, 
1294513|1, 1294513|1111, 1294514|1157, 1294514|3308, 1294530|3411, 1294536|3602, 1294553|3742, 1294553|3839, 1294555|3964, 1294610|4074, https://www.baidu.com, 
1294793|1, 1294793|3519, 1294814|3695, 1294831|3912, 1294836|4046, https://www.baidu.com, 
1295187|1, 1295187|1332, 1295188|1383, 1295188|3252, 1295190|3376, 1295192|3592, 1295192|3891, 1295194|3959, 1295194|4018, https://www.mit.edu, 
1295249|1, 1295249|1307, 1295250|1377, 1295250|3276, 1295257|3439, 1295290|3669, 1295290|3839, 1295292|3921, 1295292|4033, https://www.jd.com, 
1295452|1, 1295452|3326, 1295457|3436, 1295459|3522, 1295463|4046, https://www.jd.com, 
