772|1, 772|1783, 896|1974, 1000|2164, 1116|2276, 992|2630, 1736|3048, 1932|3184, 1932|3327, 2100|3410, 2100|3654, 2208|3749, 2292|4054, https://www.yahoo.com, 
772|1, 772|2547, 1020|2683, 1156|2807, 1156|3651, 1956|3773, 1956|4033, https://www.mit.edu, 
772|1, 772|3364, 776|3483, 776|3650, 1024|3834, 1024|4057, https://www.yahoo.com, 
772|1, 772|2603, 776|2749, 776|2999, 1024|3149, 1024|3470, 1088|3583, 1056|3846, 1056|4009, https://www.yahoo.com, 
772|1, 772|2851, 780|2925, 784|2980, 908|3110, 1032|3233, 1076|4006, https://www.pku.edu.cn, 
772|1, 772|2643, 776|2705, 776|3067, 1024|3318, 1024|3592, 1056|3981, 1800|4098, https://www.baidu.com, 
772|1, 772|2902, 992|3092, 1104|3264, 1104|3714, 1848|3962, 1916|4031, https://www.pku.edu.cn, 
772|1, 772|2979, 896|3084, 1024|3191, 1152|3319, 1152|3741, 1276|3990, 2144|4113, https://www.jd.com, 
772|1, 772|2615, 1020|2751, 1020|2962, 1040|3093, 1048|3179, 1048|3682, 1916|3766, 1916|3849, 2040|3930, 2040|4012, https://www.baidu.com, 
772|1, 772|3009, 776|3069, 1024|3182, 1024|3881, 1068|3990, 1128|4080, https://www.pku.edu.cn, 
772|1, 772|2877, 1020|2985, 1020|3105, 1024|3239, 1172|3335, 1048|3490, 1792|4006, https://www.pku.edu.cn, 
772|1, 772|2159, 776|2245, 776|2335, 1024|2482, 1024|3060, 1192|3264, 1192|3409, 2060|3521, 2060|3912, 2184|3961, 2184|4016, https://www.yahoo.com, 
772|1, 772|2356, 1020|2455, 1128|2628, 1168|2708, 1044|2857, 1044|3152, 1912|3314, 1912|3553, 2056|3615, 1956|3672, 1956|4024, https://www.mit.edu, 
772|1, 772|2274, 1020|2372, 1020|2781, 1008|2863, 1048|3031, 1172|3267, 1792|3341, 1916|3501, 1916|3707, 2040|3760, 2164|3817, 2532|3909, 2532|4010, https://www.yahoo.com, 
772|1, 772|2846, 776|2904, 776|3091, 1024|3243, 1024|3643, 1064|3966, 1064|4117, https://www.yahoo.com, 
772|1, 772|2577, 776|2686, 776|2888, 1024|3000, 1024|3468, 1060|3734, 1060|4039, https://www.yahoo.com, 
772|1, 772|2278, 776|2348, 776|2485, 1024|2674, 1024|2978, 1060|3266, 1068|3476, 1812|3578, 1812|3726, 1936|3793, 2052|4014, https://www.baidu.com, 
772|1, 772|2483, 1020|2644, 1160|2767, 1160|2898, 1036|2967, 1036|3267, 1160|3500, 2012|3730, 2012|4020, https://www.jd.com, 
772|1, 772|3037, 1020|3209, 1144|3352, 1156|3417, 1048|3474, 1172|4003, https://www.yahoo.com, 
772|1, 772|2313, 896|2443, 1020|2644, 1020|2795, 948|2884, 1052|3278, 1920|3442, 1920|3579, 2044|3669, 2044|3839, 2136|3883, 2140|3948, 2140|4046, https://www.baidu.com, 
772|1, 772|2242, 776|2318, 776|2520, 1024|2693, 1024|3160, 1104|3353, 1120|3488, 1988|3645, 1988|4010, https://www.mit.edu, 
772|1, 772|2969, 1020|3065, 1144|3173, 1156|3272, 1044|3464, 1912|4010, https://www.jd.com, 
772|1, 772|2549, 776|2616, 776|2784, 900|2910, 900|3408, 920|3599, 1064|3853, 1808|4078, https://www.pku.edu.cn, 
772|1, 772|2732, 896|2853, 1156|2989, 1156|3577, 1900|3672, 1900|3792, 2004|3883, 2028|3938, 2032|3978, 2032|4029, https://www.jd.com, 
772|1, 772|2811, 776|2888, 776|3061, 1024|3180, 1024|3665, 1072|3962, 1072|4070, https://www.pku.edu.cn, 
772|1, 772|2830, 1020|2911, 1164|3269, 1164|3825, 2156|3922, 2156|4063, https://www.pku.edu.cn, 
772|1, 772|3222, 896|3332, 1020|3452, 1020|3587, 1156|3688, 1168|3806, 1168|4158, https://www.pku.edu.cn, 
772|1, 772|2897, 1104|3088, 1152|3278, 1852|4046, https://www.yahoo.com, 
772|1, 772|2990, 1020|3208, 1020|3357, 1140|3496, 1048|3648, 1048|4095, https://www.baidu.com, 
772|1, 772|2900, 776|3004, 776|3059, 1024|3246, 1068|4080, https://www.pku.edu.cn, 
772|1, 772|2865, 776|2930, 1024|3012, 1024|3754, 1120|3960, 1988|4223, https://www.mit.edu, 
772|1, 772|2651, 776|2724, 776|2888, 900|2965, 1024|3079, 1024|3573, 1064|3901, 1932|4128, https://www.pku.edu.cn, 
772|1, 772|2364, 832|2431, 1076|2643, 1076|3209, 1104|3457, 1984|3572, 2048|4027, https://www.yahoo.com, 
772|1, 772|3068, 1020|3226, 1052|3347, 1164|3453, 1164|4060, https://www.jd.com, 
772|1, 772|2904, 1020|2983, 1020|3087, 1148|3184, 1172|3249, 1048|3302, 1048|3723, 1916|3907, 2164|4011, https://www.baidu.com, 
772|1, 772|3000, 1100|3159, 1160|3293, 1160|4051, https://www.jd.com, 
772|1, 772|3045, 1020|3193, 1020|3428, 1120|3505, 1048|3587, 1048|4107, https://www.mit.edu, 
772|1, 772|2845, 1092|2976, 1092|3764, 2492|3940, 1892|4014, https://www.mit.edu, 
772|1, 772|2981, 1020|3157, 1160|3293, 1168|3377, 1044|3484, 1912|4082, https://www.baidu.com, 
772|1, 772|2461, 776|2527, 776|2880, 1024|3063, 1024|3422, 1036|3491, 1048|3743, 1916|3962, 1916|4044, https://www.baidu.com, 
772|1, 772|2349, 1020|2519, 1020|2869, 1052|3005, 1052|3232, 1176|3436, 2044|3537, 2044|3800, 1948|3854, 1948|3895, 1952|3973, 2036|4014, https://www.jd.com, 
772|1, 772|2388, 1132|2576, 1132|3376, 1320|3461, 1892|3525, 1892|4027, https://www.mit.edu, 
772|1, 772|2933, 1020|3121, 1020|3227, 1088|3318, 1168|3387, 2160|4052, https://www.mit.edu, 
772|1, 772|2907, 1020|3062, 1020|3344, 1056|3397, 1048|3547, 1916|4081, https://www.mit.edu, 
772|1, 772|2606, 776|2672, 776|2864, 1024|3062, 1024|3266, 900|3340, 1012|3633, 1192|3909, 1936|4046, https://www.jd.com, 
772|1, 772|2605, 776|2659, 776|2894, 1024|3012, 1024|3568, 1068|3782, 1068|3860, 1812|3979, 1812|4090, https://www.baidu.com, 
772|1, 772|3169, 1124|3262, 1124|4105, https://www.baidu.com, 
772|1, 772|2515, 776|2573, 776|2806, 1024|3095, 1024|3379, 1044|3532, 1068|3746, 1936|3855, 1936|4039, https://www.mit.edu, 
772|1, 772|2801, 1080|2974, 1160|3104, 1036|3266, 1036|3634, 1160|3794, 1160|3872, 2120|3945, 2032|4010, https://www.jd.com, 
772|1, 772|2941, 1020|3158, 1020|3340, 1048|3457, 1048|4034, https://www.jd.com, 
