207052|1, 207380|821, 207380|1131, 207472|1205, 207472|1309, 208024|1381, 208576|1446, 209680|1517, 210600|1631, 212808|1731, 213908|1801, 216684|1992, 219156|2179, 220744|2295, 224372|2649, 225656|3064, 225596|3204, 225596|3348, 225708|3429, 225832|3490, 225832|3670, 225956|3767, 225956|3900, 225952|3971, 225948|4053, https://www.yahoo.com, 
220204|1, 220196|578, 220196|730, 220356|793, 220356|1029, 220324|1079, 220324|1453, 220316|1556, 220316|1706, 220352|1770, 220360|1819, 220360|2129, 220300|2176, 220300|2498, 220292|2569, 220656|2705, 220768|2829, 220760|2963, 220576|3097, 220576|3356, 220568|3595, 220568|3670, 221556|3795, 221556|4014, https://www.mit.edu, 
223412|1, 223780|412, 223784|453, 223888|496, 223888|589, 224072|635, 224256|728, 224248|821, 224248|1395, 224440|1458, 224428|1521, 224428|1897, 224420|1969, 224420|2401, 224452|2445, 224456|2487, 224456|2657, 224448|2729, 224448|3382, 224464|3497, 224464|3666, 224604|3842, 224572|4076, https://www.yahoo.com, 
227380|1, 227380|582, 227516|704, 227516|801, 227520|850, 227520|1587, 227516|1644, 227524|1692, 227524|2071, 228260|2166, 228260|2294, 228252|2373, 228620|2456, 229540|2510, 229540|2560, 229652|2621, 229780|2767, 229780|3017, 229956|3167, 230096|3335, 230096|3489, 230196|3601, 230048|3852, 230048|4028, https://www.yahoo.com, 
229800|1, 229800|745, 229792|866, 229792|919, 229832|976, 229840|1021, 229840|1359, 229832|1456, 229832|1830, 229836|1959, 229844|2006, 229844|2877, 229852|2953, 229856|3000, 230224|3137, 230180|3257, 230180|3330, 230172|3425, 230172|3525, 229988|3590, 230108|4034, https://www.pku.edu.cn, 
230512|1, 230512|448, 230796|546, 230796|675, 230724|723, 230724|1001, 230720|1055, 230716|1105, 230716|1659, 230720|1709, 230720|1763, 230724|1813, 230716|1895, 230716|2336, 230900|2390, 230900|2532, 231084|2580, 231084|2654, 231140|2716, 231144|2764, 231144|2823, 231136|2887, 231136|3076, 231452|3326, 231444|3492, 231260|3603, 231372|3961, 232280|4109, https://www.baidu.com, 
231716|1, 231716|498, 231712|602, 231708|654, 231708|860, 231704|901, 231704|990, 231820|1041, 231912|1132, 232648|1282, 232648|1556, 232644|1603, 232640|1661, 232640|2009, 232644|2047, 232592|2087, 232612|2146, 232612|2371, 232604|2540, 232604|2916, 233052|3084, 233040|3277, 233040|3377, 232856|3520, 232852|3727, 233768|3976, 233792|4044, https://www.pku.edu.cn, 
245956|1, 245920|305, 245920|394, 245912|492, 245912|748, 245936|793, 245936|1115, 245932|1183, 245948|1233, 245948|2701, 246500|2801, 246500|2988, 246684|3093, 246856|3199, 246872|3319, 246864|3422, 246864|3711, 246856|3997, 247776|4123, https://www.jd.com, 
251276|1, 251280|318, 251284|366, 251284|795, 251276|871, 251276|1031, 251524|1071, 251524|1111, 251536|1149, 251516|1187, 251516|1225, 251640|1322, 251640|2089, 251644|2136, 251608|2220, 251608|2627, 251792|2764, 251748|2971, 251804|3106, 251888|3191, 251888|3372, 251880|3569, 251880|3695, 252984|3773, 252800|3863, 252984|3943, 252984|4025, https://www.baidu.com, 
253260|1, 253260|758, 253256|868, 253252|911, 253252|990, 254504|1033, 254508|1071, 254508|1145, 254512|1182, 254512|1798, 254504|1907, 254504|1981, 254460|2029, 254468|2132, 254468|2405, 254460|2496, 254460|2949, 254468|3019, 254480|3078, 254848|3172, 254792|3380, 254608|3539, 254608|3670, 254600|3892, 254772|4001, https://www.pku.edu.cn, 
255060|1, 255060|398, 255052|495, 255052|1129, 255176|1205, 255184|1260, 255188|1306, 255240|1373, 255240|1754, 255236|1843, 255232|1907, 255232|2187, 255416|2228, 255428|2277, 255492|2323, 255492|2761, 255488|2819, 255484|2885, 255852|2992, 255816|3113, 255788|3243, 255896|3341, 255712|3486, 255712|3690, 255704|3938, 256624|4014, https://www.pku.edu.cn, 
272968|1, 272968|1688, 272960|1822, 272960|2077, 273044|2170, 273100|2252, 273100|2346, 273444|2492, 273400|2614, 273400|2700, 273392|2804, 273208|2886, 273208|3069, 273520|3274, 273520|3420, 274440|3531, 274440|3922, 274624|3971, 274624|4024, https://www.yahoo.com, 
273444|1, 273620|396, 273620|554, 273636|599, 273668|647, 273720|689, 273716|765, 273712|807, 273712|1557, 273716|1595, 273720|1654, 273736|1702, 273736|2368, 274104|2467, 274060|2639, 274132|2720, 273940|2855, 273932|3149, 274852|3326, 274852|3565, 275008|3627, 274920|3684, 274920|3852, 274928|3897, 274920|3997, 274920|4036, https://www.mit.edu, 
273748|1, 273748|435, 273752|477, 273752|661, 273744|748, 273744|882, 273760|950, 273760|1849, 273876|1912, 273876|2283, 274244|2378, 274200|2587, 274192|2712, 274192|2790, 274132|2871, 274176|3039, 274352|3268, 274904|3350, 275068|3510, 275068|3665, 275252|3715, 275252|3768, 275436|3825, 275596|3917, 275628|3971, 275628|4017, https://www.yahoo.com, 
273972|1, 273972|459, 273980|498, 274104|539, 274104|719, 274064|821, 274064|878, 274056|970, 274056|1088, 274064|1133, 274064|1176, 274684|1221, 274684|1804, 274688|1844, 274676|1913, 274668|2024, 274668|2849, 274684|2913, 274676|2964, 274676|3010, 274632|3100, 274956|3252, 274948|3407, 274948|3505, 274764|3579, 274764|3650, 274956|3969, 274956|4127, https://www.yahoo.com, 
274700|1, 274700|505, 274692|620, 274708|663, 274708|1472, 274704|1544, 274700|1589, 274712|1644, 274716|1684, 274716|2269, 274708|2323, 274708|2585, 274724|2694, 274724|2895, 274908|3008, 275056|3156, 275048|3275, 275048|3476, 274956|3742, 275136|3938, 275136|4047, https://www.yahoo.com, 
274708|1, 274712|298, 274712|594, 274804|634, 274796|801, 274796|1196, 274800|1273, 274808|1334, 274808|1977, 274992|2032, 274992|2287, 274936|2354, 274936|2490, 275260|2674, 275260|2782, 275252|2918, 275252|2988, 275168|3252, 275212|3485, 276132|3587, 276132|3735, 276500|3802, 276508|4023, https://www.baidu.com, 
275940|1, 275940|666, 275956|709, 275960|773, 275960|815, 275956|897, 275952|943, 275952|1731, 275976|1772, 275976|2491, 276320|2629, 276352|2774, 276352|2906, 276168|2974, 276168|3248, 276344|3506, 277332|3737, 277256|3799, 277256|4027, https://www.jd.com, 
276080|1, 276080|414, 276084|455, 276084|530, 276076|660, 276076|1137, 276084|1183, 276084|1271, 276080|1369, 276076|1412, 276084|1461, 276092|1532, 276092|2349, 276096|2417, 276096|3047, 276420|3213, 276412|3361, 276448|3427, 276320|3483, 276488|4002, https://www.yahoo.com, 
286472|1, 286472|596, 286484|645, 286484|694, 286476|789, 286476|837, 286500|914, 286496|962, 286496|2320, 286680|2451, 286612|2652, 286604|2731, 286604|2803, 286628|2892, 286772|3286, 287692|3449, 287692|3587, 288060|3677, 288060|3848, 287984|3891, 287968|3957, 287964|3997, 287964|4045, https://www.baidu.com, 
287240|1, 287232|295, 287256|358, 287368|403, 287368|822, 287360|944, 287360|1283, 287372|1343, 287368|1386, 287376|1430, 287376|2257, 287380|2333, 287380|2535, 287748|2640, 287696|2801, 287692|2907, 287692|3175, 287668|3365, 287720|3503, 288640|3656, 288640|4024, https://www.mit.edu, 
287424|1, 287424|276, 287484|316, 287448|358, 287448|569, 287440|666, 287440|1209, 287432|1265, 287444|1317, 287448|1367, 287448|1805, 287440|1864, 287440|2272, 287452|2324, 287452|2819, 287444|2888, 287444|2980, 287812|3076, 287768|3184, 287892|3283, 287668|3475, 287668|3676, 290796|3848, 292076|4021, https://www.jd.com, 
291204|1, 291204|479, 291200|590, 291208|649, 291212|737, 291212|1034, 291220|1072, 291220|1192, 291212|1253, 291212|1632, 291232|1679, 291232|2557, 291236|2622, 291236|2792, 291420|2917, 291376|3167, 291368|3299, 291368|3415, 291356|3606, 291488|3860, 292408|4086, https://www.pku.edu.cn, 
291480|1, 291480|336, 291592|383, 291592|456, 291584|586, 291584|937, 291592|975, 291596|1017, 291596|1200, 291588|1270, 291588|1921, 291596|1964, 291600|2018, 291600|2735, 291784|2854, 291980|2992, 291980|3115, 291972|3203, 291972|3423, 291964|3579, 292700|3675, 292700|3791, 292768|3881, 292812|3941, 292884|3981, 292884|4032, https://www.jd.com, 
291744|1, 291744|412, 291740|490, 291736|552, 291736|818, 291748|857, 291752|899, 291752|1560, 291744|1628, 291744|1812, 291760|1869, 291764|1921, 291764|2356, 291756|2415, 291756|2819, 291768|2895, 291776|2949, 291776|3069, 292136|3180, 292088|3323, 292080|3405, 292080|3490, 291896|3566, 291896|3673, 292044|3954, 292228|4076, https://www.pku.edu.cn, 
292080|1, 292080|242, 292084|292, 292084|438, 292080|519, 292076|627, 292076|1151, 292068|1224, 292080|1264, 292088|1312, 292088|2352, 292272|2397, 292272|2834, 292640|2904, 292632|3268, 292624|3385, 292624|3496, 292616|3828, 293536|3925, 293536|4067, https://www.pku.edu.cn, 
292296|1, 292296|488, 292288|581, 292308|629, 292308|692, 292312|742, 292312|1596, 292320|1644, 292328|1695, 292328|1871, 292320|1988, 292320|2656, 292692|2699, 292724|2750, 292724|2977, 292720|3061, 292716|3111, 292716|3225, 292900|3327, 293036|3455, 293028|3518, 293028|3589, 293144|3687, 293120|3808, 292928|4114, https://www.pku.edu.cn, 
292860|1, 292860|443, 292852|536, 292852|1004, 292860|1043, 292860|1080, 292868|1121, 292868|1675, 292864|1764, 292860|1814, 292860|2003, 292864|2057, 292876|2114, 292876|2708, 292868|2788, 292868|2903, 293332|3091, 293296|3283, 293296|3638, 293472|3946, 294260|4051, https://www.yahoo.com, 
292968|1, 292968|376, 292964|475, 293008|539, 293008|1781, 293004|1863, 293000|1922, 293000|2186, 292996|2255, 292996|2366, 293096|2447, 293108|2511, 293112|2554, 293112|2799, 293108|2891, 293104|2994, 293260|3198, 293244|3358, 293400|3486, 293336|3652, 293328|3947, 293512|4098, https://www.baidu.com, 
293432|1, 293432|742, 293424|846, 293424|896, 293428|945, 293432|991, 293452|1030, 293456|1073, 293456|1827, 293448|1903, 293456|1945, 293456|1989, 293464|2028, 293464|2815, 293476|2902, 293612|3007, 293612|3062, 293972|3249, 294120|3381, 293936|3603, 293864|4083, https://www.pku.edu.cn, 
293660|1, 293660|359, 293672|404, 293672|696, 293664|824, 293664|1113, 293672|1151, 293672|2220, 293664|2280, 293664|2805, 293676|2870, 293680|2934, 294048|3017, 294016|3145, 293988|3216, 293984|3324, 293984|3484, 293976|3759, 293980|3958, 294900|4228, https://www.mit.edu, 
293676|1, 293676|438, 293672|589, 293676|633, 293668|677, 293676|726, 293676|1476, 293668|1565, 293668|1708, 293680|1764, 293680|2212, 293676|2277, 293672|2328, 293672|2570, 293684|2654, 293692|2726, 293692|2892, 294060|2965, 294020|3080, 293992|3179, 293992|3577, 296724|3903, 301320|4132, https://www.pku.edu.cn, 
367192|1, 367184|241, 367184|466, 367200|517, 367200|1234, 367192|1395, 367200|1434, 367204|1487, 367224|1555, 367224|2306, 367216|2371, 367288|2436, 367528|2649, 367528|2800, 367520|2934, 367512|3217, 367624|3460, 368628|3579, 368580|4034, https://www.yahoo.com, 
370628|1, 370628|348, 370632|391, 370636|432, 370636|698, 370628|826, 370628|1186, 370632|1227, 370632|1388, 370636|1454, 370636|2384, 370644|2425, 370648|2474, 370648|3071, 370824|3228, 370888|3350, 371056|3454, 371048|3560, 370856|4062, https://www.jd.com, 
370596|1, 370596|160, 370664|203, 370664|431, 370656|544, 370656|1151, 370652|1216, 370664|1264, 370664|1714, 370688|1792, 370688|2125, 370692|2164, 370676|2208, 370676|2907, 371044|2986, 371016|3090, 371032|3182, 371076|3252, 370892|3305, 370892|3547, 370884|3726, 371804|3910, 371988|4014, https://www.baidu.com, 
371096|1, 371096|153, 371104|204, 371104|422, 371100|520, 371096|567, 371096|999, 371100|1039, 371100|1145, 371112|1220, 371112|1607, 371108|1665, 371104|1735, 371104|2081, 371108|2123, 371112|2168, 371136|2220, 371136|2302, 371128|2381, 371128|2909, 371124|3003, 371520|3162, 371528|3296, 371528|3399, 371344|3486, 371344|3568, 371336|3822, 371336|4049, https://www.jd.com, 
371264|1, 371264|478, 371268|530, 371280|595, 371272|713, 371272|1382, 371264|1453, 371276|1503, 371292|1557, 371292|2459, 371296|2517, 371296|3043, 371644|3195, 371612|3354, 371612|3508, 371572|3588, 371572|3732, 371564|3980, 371564|4108, https://www.mit.edu, 
371316|1, 371316|574, 371308|690, 371308|856, 371300|899, 371308|943, 371312|984, 371312|1498, 371304|1615, 371304|1895, 371308|1937, 371316|1978, 371316|2235, 371308|2306, 371308|2849, 371756|2978, 371728|3076, 371712|3154, 371712|3251, 371704|3374, 371704|3483, 371696|3766, 373172|3943, 372624|4017, https://www.mit.edu, 
371340|1, 371332|139, 371332|265, 371336|304, 371336|432, 371332|512, 371328|582, 371328|948, 371336|991, 371336|1126, 371328|1191, 371328|1238, 371344|1283, 371348|1332, 371348|2208, 371352|2248, 371364|2329, 371364|2985, 371680|3161, 371700|3288, 371760|3380, 371576|3488, 371576|3644, 371568|3922, 372304|4086, https://www.baidu.com, 
371792|1, 371792|446, 371796|489, 371796|571, 371792|668, 371792|1182, 371800|1222, 371800|1264, 371792|1368, 371812|1568, 371812|2465, 371816|2529, 371816|2883, 372164|3066, 372140|3202, 372136|3292, 372132|3354, 372132|3426, 372076|3495, 372088|3736, 373008|3965, 373008|4048, https://www.baidu.com, 
372180|1, 372180|501, 372196|539, 372196|701, 372192|787, 372188|828, 372188|911, 372204|1050, 372204|1829, 372208|1884, 372216|1940, 372216|2353, 372400|2502, 372360|2659, 372352|2751, 372352|2869, 372496|3003, 372496|3235, 372856|3431, 373592|3541, 373592|3804, 373572|3857, 373572|3899, 373516|3976, 373484|4018, https://www.jd.com, 
372348|1, 372348|402, 372356|441, 372356|783, 372352|855, 372348|899, 372348|1380, 372356|1427, 372356|1494, 372360|1581, 372360|2391, 372772|2580, 372756|2745, 372572|2897, 372572|3041, 372564|3380, 372968|3464, 373608|3529, 373608|3903, 373612|3946, 373608|4031, https://www.mit.edu, 
372464|1, 372464|323, 372468|364, 372484|406, 372480|497, 372476|579, 372476|1123, 372468|1173, 372468|1257, 372488|1310, 372484|1372, 372488|1414, 372488|2349, 372492|2424, 372492|2935, 372652|3109, 372800|3230, 372808|3319, 372888|3389, 372888|3581, 372880|3917, 373800|4055, https://www.mit.edu, 
372592|1, 372592|405, 372584|455, 372616|540, 372612|664, 372608|704, 372608|1330, 372676|1382, 372676|1532, 372672|1596, 372668|1656, 372668|2260, 372660|2314, 372660|2363, 372684|2436, 372712|2490, 372712|2920, 373072|3075, 373012|3201, 373012|3358, 373036|3409, 372932|3561, 372924|3830, 372924|4009, https://www.mit.edu, 
372848|1, 372848|496, 372852|656, 372844|741, 372844|1610, 372852|1676, 372852|2200, 372844|2253, 372844|2501, 372856|2612, 372872|2678, 372872|2752, 372864|2870, 373008|3055, 372988|3162, 372988|3345, 373124|3639, 373316|3916, 374236|4047, https://www.jd.com, 
372900|1, 372900|1650, 372912|1702, 372912|2545, 372908|2608, 372908|2662, 372920|2714, 372920|2898, 373084|3011, 373244|3119, 373244|3175, 373236|3278, 373052|3353, 373052|3571, 373184|3784, 373184|3864, 373920|3981, 373920|4093, https://www.baidu.com, 
373168|1, 373168|257, 373176|307, 373176|458, 373168|536, 373168|801, 373164|846, 373164|1208, 373180|1262, 373172|1328, 373172|2164, 373180|2216, 373184|2265, 373184|3174, 373456|3266, 373416|3382, 373408|3508, 373408|3593, 373224|3766, 373216|4110, https://www.baidu.com, 
373604|1, 373604|571, 373620|680, 373620|1171, 373612|1226, 373612|1487, 373608|1527, 373612|1566, 373624|1640, 373624|2449, 373632|2518, 373648|2576, 373648|2809, 373980|3098, 373964|3208, 373964|3381, 373872|3535, 373900|3750, 374820|3858, 374820|4042, https://www.mit.edu, 
373676|1, 373676|451, 373672|566, 373668|647, 373668|948, 373672|999, 373684|1039, 373684|1243, 373676|1303, 373676|1943, 373688|1993, 373688|2804, 374048|2973, 374056|3107, 374048|3269, 374048|3557, 374040|3797, 374040|3875, 374972|3948, 374952|4013, https://www.jd.com, 
374908|1, 374908|413, 374904|490, 374904|1299, 374908|1350, 374908|1399, 374916|1446, 374916|1592, 374908|1654, 374908|2278, 374900|2337, 374904|2387, 374932|2479, 374932|2944, 375264|3159, 375256|3276, 375256|3341, 375204|3457, 375204|3613, 375196|3787, 375196|4029, https://www.jd.com, 
