1620616|1, 1620617|119, 1620617|1497, 1620620|1807, 1620642|2252, 1620656|2416, 1620676|2491, 1620706|2564, 1620747|2646, 1620762|2707, 1620762|2797, 1620763|2847, 1620763|2975, 1620764|3069, 1620764|3162, 1620765|3262, 1620767|3372, 1620767|3500, 1620769|3555, 1620771|3599, 1620771|3765, 1620828|3884, 1620884|4019, https://www.yahoo.com, 
1620964|1, 1620964|1167, 1620965|1237, 1620965|2409, 1620967|2564, 1620982|2789, 1620985|3006, 1620985|3126, 1620988|3252, 1620988|3436, 1620990|3482, 1620991|3525, 1620991|3743, 1620993|3796, 1620993|3879, 1620994|3920, 1620994|4014, https://www.mit.edu, 
1621018|1, 1621018|3684, 1621019|3776, 1621019|3832, 1621022|3954, 1621028|4123, https://www.yahoo.com, 
1621371|1, 1621371|2237, 1621372|2369, 1621372|3179, 1621380|3385, 1621386|3634, 1621393|3771, 1621396|3848, 1621401|3914, 1621402|3954, 1621403|3996, 1621404|4034, https://www.yahoo.com, 
1621648|1, 1621648|3211, 1621661|3413, 1621670|3640, 1621670|3748, 1621672|3875, 1621673|3983, 1621673|4053, https://www.pku.edu.cn, 
1622116|1, 1622116|3292, 1622142|3627, 1622160|3806, 1622161|3903, 1622162|3971, 1622214|4078, https://www.baidu.com, 
1622392|1, 1622392|3090, 1622394|3205, 1622404|3391, 1622413|3680, 1622413|3751, 1622414|3815, 1622415|3924, 1622416|4000, 1622416|4039, https://www.pku.edu.cn, 
1623012|1, 1623012|3130, 1623013|3261, 1623019|3418, 1623047|3707, 1623050|3834, 1623051|3901, 1623051|4016, https://www.jd.com, 
1623181|1, 1623181|2805, 1623199|2888, 1623204|3049, 1623220|3249, 1623223|3393, 1623224|3466, 1623226|3553, 1623272|3641, 1623272|3724, 1623273|3773, 1623274|3830, 1623275|3872, 1623275|4002, https://www.baidu.com, 
1623489|1, 1623489|3244, 1623491|3368, 1623501|3559, 1623510|3719, 1623510|3805, 1623512|3952, 1623513|4031, https://www.pku.edu.cn, 
1623924|1, 1623924|3081, 1623936|3215, 1623945|3422, 1623946|3680, 1623947|3759, 1623949|3826, 1623949|4006, https://www.pku.edu.cn, 
1624351|1, 1624351|2461, 1624352|2551, 1624354|2647, 1624358|2735, 1624366|2902, 1624367|3082, 1624378|3200, 1624382|3278, 1624382|3390, 1624413|3500, 1624441|3547, 1624450|3592, 1624464|3640, 1624482|3692, 1624483|3745, 1624484|3791, 1624484|3873, 1624485|3939, 1624485|4024, https://www.yahoo.com, 
1624730|1, 1624730|2458, 1624751|2742, 1624752|2937, 1624752|2993, 1624759|3099, 1624768|3171, 1624770|3241, 1624773|3300, 1624776|3352, 1624776|3469, 1624777|3512, 1624778|3613, 1624778|3742, 1624779|3792, 1624780|3851, 1624781|4071, https://www.mit.edu, 
1624840|1, 1624840|104, 1624841|146, 1624841|2559, 1624849|2721, 1624853|2950, 1624859|3049, 1624869|3216, 1624869|3277, 1624873|3323, 1624874|3370, 1624882|3423, 1624893|3477, 1624900|3535, 1624917|3626, 1624927|3681, 1624928|3726, 1624928|3814, 1624929|3855, 1624929|4039, https://www.yahoo.com, 
1625147|1, 1625147|3289, 1625148|3355, 1625156|3585, 1625165|3837, 1625174|3946, 1625176|4008, https://www.yahoo.com, 
1625521|1, 1625521|3238, 1625530|3458, 1625534|3689, 1625542|3812, 1625547|3890, 1625550|3993, 1625559|4035, https://www.yahoo.com, 
1625833|1, 1625833|2624, 1625835|2692, 1625854|2955, 1625871|3197, 1625873|3300, 1625874|3378, 1625909|3445, 1625928|3517, 1625929|3562, 1625931|3609, 1625931|3827, 1625932|3869, 1625932|4002, https://www.baidu.com, 
1626203|1, 1626203|738, 1626204|810, 1626204|2655, 1626211|2754, 1626214|2926, 1626243|3190, 1626246|3428, 1626246|3536, 1626248|3595, 1626249|3637, 1626249|3771, 1626251|3840, 1626252|3884, 1626253|4016, https://www.jd.com, 
1626398|1, 1626398|580, 1626399|625, 1626399|2492, 1626400|2629, 1626400|3308, 1626408|3524, 1626411|3750, 1626413|3852, 1626421|3951, 1626428|4016, https://www.yahoo.com, 
1626766|1, 1626766|2044, 1626768|2168, 1626768|2609, 1626797|2950, 1626809|3170, 1626811|3241, 1626812|3309, 1626864|3400, 1626864|3443, 1626865|3488, 1626866|3529, 1626867|3572, 1626867|3762, 1626868|3850, 1626869|4031, https://www.baidu.com, 
1627132|1, 1627132|512, 1627133|560, 1627133|2742, 1627139|2887, 1627152|3105, 1627153|3237, 1627155|3399, 1627156|3470, 1627156|3520, 1627157|3569, 1627157|3609, 1627159|3668, 1627160|3733, 1627160|3816, 1627161|3974, 1627161|4035, https://www.mit.edu, 
1627182|1, 1627182|3085, 1627185|3255, 1627192|3467, 1627194|3646, 1627220|3816, 1627221|4011, https://www.jd.com, 
1627402|1, 1627402|3278, 1627415|3446, 1627424|3714, 1627424|3827, 1627427|3948, 1627427|4018, https://www.pku.edu.cn, 
1627869|1, 1627869|3036, 1627875|3118, 1627879|3256, 1627889|3419, 1627905|3520, 1627905|3573, 1627907|3635, 1627908|3720, 1627908|3829, 1627909|3876, 1627911|3935, 1627911|4028, https://www.jd.com, 
1628019|1, 1628019|1386, 1628020|1435, 1628020|3438, 1628032|3544, 1628041|3819, 1628042|3946, 1628042|4039, https://www.pku.edu.cn, 
1628570|1, 1628570|3254, 1628580|3369, 1628588|3701, 1628588|3873, 1628589|3942, 1628591|4041, https://www.pku.edu.cn, 
1629036|1, 1629036|3563, 1629048|3679, 1629057|3976, 1629058|4170, https://www.pku.edu.cn, 
1629628|1, 1629628|3306, 1629632|3480, 1629642|3815, 1629647|3929, 1629648|4009, https://www.yahoo.com, 
1629979|1, 1629979|3324, 1629984|3501, 1630000|3763, 1630015|3915, 1630017|4063, https://www.baidu.com, 
1630365|1, 1630365|3455, 1630377|3629, 1630386|3916, 1630386|4084, https://www.pku.edu.cn, 
1630484|1, 1630484|3287, 1630486|3354, 1630504|3556, 1630506|3822, 1630509|4099, https://www.mit.edu, 
1630531|1, 1630531|3149, 1630543|3395, 1630548|3762, 1630550|4004, https://www.pku.edu.cn, 
1630873|1, 1630873|2674, 1630882|2927, 1630890|3206, 1630893|3339, 1630893|3463, 1630894|3515, 1630898|3563, 1630901|3611, 1630903|3658, 1630903|3740, 1630908|3800, 1630917|3863, 1630918|3911, 1630928|3968, 1630938|4016, https://www.yahoo.com, 
1631203|1, 1631203|3427, 1631211|3621, 1631242|3849, 1631243|4003, https://www.jd.com, 
1631323|1, 1631323|3154, 1631329|3205, 1631352|3381, 1631365|3569, 1631368|3752, 1631440|3861, 1631441|3907, 1631443|3954, 1631443|4038, https://www.baidu.com, 
1631670|1, 1631670|3281, 1631673|3364, 1631676|3451, 1631681|3698, 1631682|3907, 1631684|4030, https://www.jd.com, 
1631807|1, 1631807|3351, 1631813|3429, 1631823|3578, 1631832|3795, 1631839|3952, 1631846|4061, https://www.mit.edu, 
1631885|1, 1631885|3301, 1631904|3615, 1631905|3813, 1631906|3878, 1631908|3987, 1631908|4093, https://www.mit.edu, 
1631970|1, 1631970|3345, 1631988|3494, 1631996|3769, 1632008|3942, 1632010|4030, https://www.baidu.com, 
1632311|1, 1632311|3272, 1632317|3340, 1632334|3518, 1632353|3812, 1632355|3896, 1632356|4008, https://www.baidu.com, 
1632643|1, 1632643|2654, 1632649|2775, 1632654|2960, 1632682|3204, 1632684|3323, 1632685|3396, 1632685|3535, 1632687|3587, 1632688|3639, 1632688|3803, 1632689|3858, 1632689|4020, https://www.jd.com, 
1632848|1, 1632848|2760, 1632850|2835, 1632868|3178, 1632868|3328, 1632870|3401, 1632871|3477, 1632871|3570, 1632872|3613, 1632873|3661, 1632874|3703, 1632874|3882, 1632875|3934, 1632875|4020, https://www.mit.edu, 
1632949|1, 1632949|3357, 1632955|3464, 1632969|3779, 1632971|4035, https://www.mit.edu, 
1633031|1, 1633031|3265, 1633037|3396, 1633059|3677, 1633059|3864, 1633060|3947, 1633062|4017, https://www.mit.edu, 
1633120|1, 1633120|3188, 1633127|3456, 1633156|3760, 1633159|3882, 1633160|4006, https://www.jd.com, 
1633256|1, 1633256|3236, 1633274|3382, 1633289|3594, 1633294|3694, 1633295|3796, 1633297|3922, 1633352|4003, https://www.baidu.com, 
1633520|1, 1633520|3394, 1633538|3533, 1633549|3712, 1633564|3902, 1633565|4025, https://www.baidu.com, 
1633871|1, 1633871|3141, 1633877|3221, 1633888|3388, 1633891|3602, 1633891|3721, 1633892|3777, 1633894|3849, 1633894|4032, https://www.mit.edu, 
1633953|1, 1633953|3126, 1633960|3303, 1633960|3426, 1633986|3661, 1633986|3742, 1633987|3816, 1633989|3879, 1633989|4004, https://www.jd.com, 
1634143|1, 1634143|3226, 1634149|3339, 1634152|3424, 1634152|3493, 1634153|3669, 1634155|4029, https://www.jd.com, 
