1672844|1, 1672844|1470, 1672854|1804, 1672876|2223, 1672891|2387, 1672911|2460, 1672941|2533, 1672982|2614, 1672997|2676, 1672997|2764, 1672998|2815, 1672998|2953, 1672999|3039, 1672999|3129, 1673000|3231, 1673002|3343, 1673002|3467, 1673005|3523, 1673006|3567, 1673006|3732, 1673087|3871, 1673131|3988, 1673134|4035, https://www.yahoo.com, 
1673238|1, 1673238|222, 1673239|294, 1673239|1127, 1673240|1199, 1673240|2377, 1673242|2525, 1673259|2777, 1673264|3023, 1673264|3086, 1673269|3220, 1673269|3396, 1673271|3443, 1673272|3486, 1673272|3704, 1673274|3757, 1673274|3839, 1673275|3881, 1673275|4017, https://www.mit.edu, 
1673310|1, 1673310|3665, 1673311|3758, 1673311|3813, 1673320|3948, 1673324|4115, https://www.yahoo.com, 
1673709|1, 1673709|2221, 1673710|2354, 1673710|3089, 1673711|3181, 1673720|3373, 1673730|3619, 1673739|3760, 1673742|3832, 1673747|3897, 1673748|3938, 1673749|3981, 1673751|4020, https://www.yahoo.com, 
1674006|1, 1674006|44, 1674007|89, 1674007|3196, 1674022|3403, 1674033|3633, 1674033|3733, 1674037|3868, 1674038|3973, 1674038|4039, https://www.pku.edu.cn, 
1674489|1, 1674489|3283, 1674517|3638, 1674539|3792, 1674542|3894, 1674543|3957, 1674595|4065, https://www.baidu.com, 
1674789|1, 1674789|3076, 1674798|3208, 1674803|3377, 1674815|3674, 1674815|3736, 1674818|3802, 1674819|3910, 1674820|3984, 1674821|4025, https://www.pku.edu.cn, 
1675424|1, 1675424|1115, 1675425|1191, 1675426|1277, 1675426|3107, 1675434|3244, 1675436|3398, 1675467|3685, 1675472|3819, 1675473|3887, 1675474|4032, https://www.jd.com, 
1675637|1, 1675637|2790, 1675655|2876, 1675666|3046, 1675682|3241, 1675685|3380, 1675686|3453, 1675690|3540, 1675736|3628, 1675736|3710, 1675737|3762, 1675738|3816, 1675739|3858, 1675739|4026, https://www.baidu.com, 
1675966|1, 1675966|3232, 1675971|3363, 1675982|3588, 1675989|3704, 1675989|3788, 1675991|3936, 1675994|4022, https://www.pku.edu.cn, 
1676413|1, 1676413|3069, 1676425|3209, 1676436|3414, 1676439|3667, 1676440|3745, 1676444|3813, 1676445|4037, https://www.pku.edu.cn, 
1676854|1, 1676854|476, 1676855|531, 1676855|2447, 1676856|2537, 1676858|2631, 1676862|2718, 1676872|2900, 1676877|3067, 1676889|3184, 1676892|3261, 1676892|3325, 1676899|3377, 1676924|3483, 1676951|3530, 1676960|3576, 1676974|3623, 1676992|3675, 1676993|3728, 1676994|3774, 1676994|3856, 1676995|3922, 1676995|4007, https://www.yahoo.com, 
1677280|1, 1677280|456, 1677281|519, 1677281|2326, 1677284|2459, 1677307|2737, 1677310|2930, 1677310|2982, 1677319|3090, 1677329|3171, 1677332|3232, 1677335|3290, 1677338|3343, 1677338|3458, 1677339|3503, 1677340|3603, 1677340|3731, 1677341|3782, 1677342|3840, 1677343|4062, https://www.mit.edu, 
1677423|1, 1677423|46, 1677424|92, 1677424|2483, 1677425|2564, 1677434|2714, 1677442|2943, 1677448|3036, 1677460|3204, 1677460|3264, 1677464|3310, 1677465|3356, 1677473|3412, 1677484|3464, 1677491|3522, 1677518|3614, 1677518|3667, 1677519|3713, 1677519|3800, 1677520|3842, 1677520|4026, https://www.yahoo.com, 
1677783|1, 1677783|1247, 1677784|1339, 1677784|3278, 1677785|3345, 1677799|3645, 1677808|3827, 1677817|3939, 1677821|4004, https://www.yahoo.com, 
1678204|1, 1678204|3229, 1678215|3452, 1678223|3680, 1678231|3802, 1678236|3880, 1678241|3983, 1678251|4026, https://www.yahoo.com, 
1678562|1, 1678562|548, 1678563|590, 1678563|631, 1678564|700, 1678564|2614, 1678566|2684, 1678587|2949, 1678608|3188, 1678612|3292, 1678613|3369, 1678658|3437, 1678667|3508, 1678668|3553, 1678670|3599, 1678670|3817, 1678671|3860, 1678672|4043, https://www.baidu.com, 
1678961|1, 1678961|728, 1678962|800, 1678962|2585, 1678963|2649, 1678971|2747, 1678975|2917, 1679007|3184, 1679012|3418, 1679012|3525, 1679014|3584, 1679015|3627, 1679015|3761, 1679017|3830, 1679018|3874, 1679019|4007, https://www.jd.com, 
1679205|1, 1679205|571, 1679206|617, 1679206|2484, 1679207|2621, 1679207|3300, 1679218|3523, 1679224|3742, 1679226|3847, 1679236|3944, 1679243|4009, https://www.yahoo.com, 
1679621|1, 1679621|2024, 1679623|2150, 1679623|2596, 1679654|2932, 1679670|3152, 1679674|3223, 1679675|3291, 1679727|3381, 1679727|3423, 1679728|3469, 1679729|3510, 1679730|3552, 1679730|3702, 1679731|3748, 1679732|4013, https://www.baidu.com, 
1680014|1, 1680014|469, 1680015|518, 1680015|652, 1680016|718, 1680016|2701, 1680025|2877, 1680040|3064, 1680040|3195, 1680044|3363, 1680045|3428, 1680045|3477, 1680046|3527, 1680046|3566, 1680048|3627, 1680049|3691, 1680049|3773, 1680050|3932, 1680051|4052, https://www.mit.edu, 
1680092|1, 1680092|3072, 1680098|3252, 1680104|3458, 1680106|3634, 1680136|3809, 1680140|4004, https://www.jd.com, 
1680358|1, 1680358|1159, 1680360|1268, 1680360|3271, 1680375|3442, 1680386|3714, 1680386|3823, 1680391|3946, 1680391|4012, https://www.pku.edu.cn, 
1680842|1, 1680842|3035, 1680848|3112, 1680855|3263, 1680869|3413, 1680884|3515, 1680884|3566, 1680888|3629, 1680889|3719, 1680889|3821, 1680890|3870, 1680892|3929, 1680892|4021, https://www.jd.com, 
1681038|1, 1681038|1352, 1681039|1402, 1681039|3404, 1681051|3512, 1681063|3788, 1681065|3914, 1681065|4006, https://www.pku.edu.cn, 
1681603|1, 1681603|3248, 1681615|3365, 1681625|3701, 1681625|3802, 1681627|3871, 1681629|3944, 1681630|4038, https://www.pku.edu.cn, 
1682083|1, 1682083|3556, 1682095|3673, 1682109|3971, 1682109|4164, https://www.pku.edu.cn, 
1682689|1, 1682689|3301, 1682700|3492, 1682709|3812, 1682717|3925, 1682717|4005, https://www.yahoo.com, 
1683088|1, 1683088|3314, 1683106|3489, 1683114|3759, 1683130|3903, 1683134|4050, https://www.baidu.com, 
1683494|1, 1683494|3450, 1683506|3633, 1683517|3924, 1683519|4079, https://www.pku.edu.cn, 
1683623|1, 1683623|3273, 1683625|3340, 1683646|3615, 1683649|3814, 1683654|4086, https://www.mit.edu, 
1683699|1, 1683699|3160, 1683711|3418, 1683718|3764, 1683722|3999, 1683723|4097, https://www.pku.edu.cn, 
1684052|1, 1684052|2669, 1684063|2975, 1684075|3210, 1684080|3341, 1684080|3456, 1684081|3510, 1684085|3557, 1684088|3605, 1684090|3652, 1684090|3734, 1684095|3794, 1684104|3857, 1684115|3909, 1684125|4011, https://www.yahoo.com, 
1684432|1, 1684432|1369, 1684434|1512, 1684434|3422, 1684446|3616, 1684479|3846, 1684480|3998, 1684484|4072, https://www.jd.com, 
1684594|1, 1684594|3149, 1684605|3206, 1684626|3384, 1684642|3566, 1684650|3751, 1684719|3857, 1684720|3903, 1684722|3949, 1684722|4035, https://www.baidu.com, 
1684962|1, 1684962|3269, 1684968|3354, 1684968|3437, 1684977|3689, 1684978|3900, 1684980|4020, https://www.jd.com, 
1685143|1, 1685143|3347, 1685149|3426, 1685159|3575, 1685171|3803, 1685179|3949, 1685188|4060, https://www.mit.edu, 
1685248|1, 1685248|3238, 1685250|3324, 1685271|3620, 1685272|3807, 1685273|3871, 1685277|3981, 1685277|4087, https://www.mit.edu, 
1685361|1, 1685361|3339, 1685379|3493, 1685397|3783, 1685405|3937, 1685407|4024, https://www.baidu.com, 
1685726|1, 1685726|3266, 1685733|3335, 1685751|3535, 1685774|3805, 1685778|3889, 1685779|4001, https://www.baidu.com, 
1686078|1, 1686078|2647, 1686084|2778, 1686091|2956, 1686123|3204, 1686127|3318, 1686128|3388, 1686128|3527, 1686130|3580, 1686131|3631, 1686131|3795, 1686132|3851, 1686132|4014, https://www.jd.com, 
1686333|1, 1686333|691, 1686334|747, 1686334|873, 1686335|928, 1686335|2754, 1686340|2831, 1686359|3173, 1686359|3321, 1686363|3397, 1686364|3471, 1686364|3564, 1686365|3606, 1686366|3654, 1686367|3696, 1686367|3876, 1686368|3928, 1686368|4014, https://www.mit.edu, 
1686465|1, 1686465|3266, 1686467|3351, 1686472|3461, 1686489|3787, 1686493|4031, https://www.mit.edu, 
1686576|1, 1686576|3260, 1686586|3393, 1686608|3673, 1686608|3858, 1686611|3944, 1686613|4019, https://www.mit.edu, 
1686692|1, 1686692|3184, 1686703|3455, 1686737|3756, 1686739|3877, 1686740|4001, https://www.jd.com, 
1686869|1, 1686869|988, 1686870|1032, 1686870|3231, 1686890|3378, 1686911|3596, 1686914|3690, 1686915|3798, 1686919|3918, 1686974|3998, 1686974|4037, https://www.baidu.com, 
1687152|1, 1687152|3387, 1687173|3553, 1687183|3706, 1687202|3897, 1687204|4020, https://www.baidu.com, 
1687527|1, 1687527|1168, 1687528|1219, 1687528|3063, 1687529|3130, 1687534|3214, 1687547|3379, 1687552|3597, 1687552|3712, 1687553|3767, 1687557|3841, 1687558|4024, https://www.mit.edu, 
1687637|1, 1687637|1200, 1687638|1263, 1687638|3111, 1687647|3294, 1687647|3412, 1687677|3649, 1687677|3729, 1687678|3803, 1687682|3866, 1687682|4039, https://www.jd.com, 
1687878|1, 1687878|3218, 1687884|3332, 1687887|3417, 1687887|3489, 1687890|3663, 1687894|4022, https://www.jd.com, 
