1420473412|1, 1420473412|2028, 1420474034|2481, 1420474198|2733, 1420474198|4037, https://www.yahoo.com, 
1420480693|1, 1420480693|2839, 1420481041|3120, 1420481041|3286, 1420481205|3391, 1420481205|4009, https://www.mit.edu, 
1420487344|1, 1420487518|4151, https://www.yahoo.com, 
1420494541|1, 1420494541|3297, 1420494715|3469, 1420495163|3744, 1420495163|3844, 1420495327|3955, 1420495373|4024, https://www.yahoo.com, 
1420497339|1, 1420497339|3370, 1420497513|3667, 1420497687|3831, 1420497851|4063, https://www.pku.edu.cn, 
1421579816|1, 1421579816|3354, 1421588780|3602, 1421594995|3863, 1421595159|4054, https://www.baidu.com, 
1421832720|1, 1421832720|3413, 1421832894|3686, 1421833068|3830, 1421833068|3890, 1421833232|3988, 1421833232|4077, https://www.pku.edu.cn, 
1423132397|1, 1423132397|1299, 1423132694|1406, 1423132694|3341, 1423136967|3488, 1423159111|3762, 1423168370|3926, 1423168586|4012, https://www.jd.com, 
1423287675|1, 1423287675|2943, 1423296465|3049, 1423297423|3228, 1423302691|3450, 1423302691|3614, 1423368941|3714, 1423368941|4033, https://www.baidu.com, 
1423562375|1, 1423562375|3586, 1423562549|3810, 1423562549|4007, https://www.pku.edu.cn, 
1424557461|1, 1424557461|3441, 1424557809|3699, 1424557809|3900, 1424557973|3972, 1424557973|4075, https://www.pku.edu.cn, 
1425739352|1, 1425739352|611, 1425739477|690, 1425739477|2898, 1425739925|3115, 1425739925|3229, 1425740089|3327, 1425740089|4006, https://www.yahoo.com, 
1425753561|1, 1425753561|2394, 1425753933|2500, 1425754399|2719, 1425754573|2972, 1425754573|3059, 1425754905|3131, 1425754905|3302, 1425755069|3363, 1425755069|4016, https://www.mit.edu, 
1425792023|1, 1425792023|127, 1425792075|169, 1425792075|2626, 1425792249|2733, 1425792423|2967, 1425792697|3107, 1425792697|3219, 1425792861|3340, 1425792861|4005, https://www.yahoo.com, 
1425811050|1, 1425811050|1327, 1425811199|1395, 1425811199|3411, 1425811373|3564, 1425811821|3854, 1425811985|4069, https://www.yahoo.com, 
1425818396|1, 1425818396|3286, 1425818570|3393, 1425819018|3693, 1425819182|4041, https://www.yahoo.com, 
1425825593|1, 1425825593|785, 1425825711|870, 1425825711|2788, 1425834501|2946, 1425839505|3271, 1425840035|3376, 1425840199|3468, 1425840199|3538, 1425910651|3614, 1425910651|4012, https://www.baidu.com, 
1426154506|1, 1426154506|2780, 1426158605|2852, 1426159186|2993, 1426193531|3224, 1426193695|3539, 1426193695|4014, https://www.jd.com, 
1426308401|1, 1426308401|3365, 1426308575|3486, 1426308849|3803, 1426309023|3911, 1426309187|4077, https://www.yahoo.com, 
1426318669|1, 1426318669|2692, 1426327633|2930, 1426333685|3264, 1426333685|3329, 1426333849|3404, 1426333849|3467, 1426403404|3547, 1426403404|4001, https://www.baidu.com, 
1426687910|1, 1426687910|1516, 1426688096|1578, 1426688096|2868, 1426688270|3134, 1426688444|3282, 1426688444|3423, 1426688608|3534, 1426688608|4029, https://www.mit.edu, 
1426700036|1, 1426700036|3283, 1426704135|3467, 1426704716|3657, 1426704890|3795, 1426736191|3942, 1426736191|4045, https://www.jd.com, 
1426877598|1, 1426877598|1251, 1426877804|1378, 1426877804|3413, 1426878152|3698, 1426878316|4044, https://www.pku.edu.cn, 
1428299615|1, 1428299615|3055, 1428303714|3146, 1428303888|3264, 1428304818|3437, 1428335735|3540, 1428335735|3665, 1428335899|3755, 1428335899|4027, https://www.jd.com, 
1428387689|1, 1428387689|3528, 1428387863|3728, 1428388037|3953, 1428388037|4060, https://www.pku.edu.cn, 
1429603663|1, 1429603663|3372, 1429603837|3587, 1429604011|3832, 1429604011|3888, 1429604175|3960, 1429604175|4036, https://www.pku.edu.cn, 
1430906393|1, 1430906393|3692, 1430906567|3897, 1430906741|4182, https://www.pku.edu.cn, 
1432060536|1, 1432060536|3333, 1432060710|3455, 1432061158|3797, 1432061322|4016, https://www.yahoo.com, 
1432068398|1, 1432068398|3496, 1432077362|3717, 1432082630|3932, 1432082794|4086, https://www.baidu.com, 
1432433573|1, 1432433747|4077, https://www.pku.edu.cn, 
1432443154|1, 1432443154|3507, 1432443502|3788, 1432443666|4101, https://www.mit.edu, 
1432455311|1, 1432455311|3273, 1432455485|3701, 1432455649|4127, https://www.pku.edu.cn, 
1432468943|1, 1432468943|2722, 1432469117|2859, 1432469565|3223, 1432469565|3386, 1432469729|3474, 1432469729|4029, https://www.yahoo.com, 
1432482687|1, 1432482687|1573, 1432482984|1711, 1432482984|3498, 1432487083|3606, 1432488187|3861, 1432521940|4051, https://www.jd.com, 
1432593936|1, 1432593936|3267, 1432602900|3379, 1432608952|3568, 1432609116|3748, 1432708039|3926, 1432708039|4018, https://www.baidu.com, 
1432903372|1, 1432903372|3366, 1432907471|3461, 1432908052|3623, 1432908226|3858, 1432908226|4050, https://www.jd.com, 
1432964506|1, 1432964506|3775, 1432965012|3970, 1432965012|4095, https://www.mit.edu, 
1432980973|1, 1432980973|3325, 1432981147|3528, 1432981321|3821, 1432981321|3891, 1432981485|3987, 1432981485|4116, https://www.mit.edu, 
1433020400|1, 1433020400|3353, 1433029190|3461, 1433029548|3725, 1433034642|3947, 1433034806|4047, https://www.baidu.com, 
1433293735|1, 1433293735|3357, 1433302699|3497, 1433308836|3804, 1433309000|3917, 1433309000|4032, https://www.baidu.com, 
1433623993|1, 1433623993|2822, 1433628266|3003, 1433663021|3242, 1433663021|3390, 1433663185|3479, 1433663185|4002, https://www.jd.com, 
1433772369|1, 1433772369|1009, 1433772555|1058, 1433772701|1108, 1433772701|2902, 1433772875|3033, 1433773049|3338, 1433773049|3403, 1433773213|3476, 1433773213|4010, https://www.mit.edu, 
1433842202|1, 1433842202|3463, 1433842376|3737, 1433842550|3921, 1433842714|4052, https://www.mit.edu, 
1433878625|1, 1433878625|3400, 1433878799|3556, 1433878973|3803, 1433879137|4035, https://www.mit.edu, 
1433922000|1, 1433922000|3210, 1433926099|3331, 1433931374|3715, 1433956652|3883, 1433956652|4030, https://www.jd.com, 
1434033777|1, 1434033777|1079, 1434033895|1126, 1434033895|3277, 1434042685|3389, 1434043043|3587, 1434048311|3713, 1434048311|3813, 1434048475|3938, 1434116883|4045, https://www.baidu.com, 
1434268625|1, 1434268625|3512, 1434277981|3686, 1434283203|3904, 1434283709|4025, https://www.baidu.com, 
1434640978|1, 1434640978|1318, 1434641164|1367, 1434641164|3238, 1434641338|3383, 1434641512|3604, 1434641512|3809, 1434641676|3876, 1434641676|4009, https://www.mit.edu, 
1434687606|1, 1434687606|1292, 1434687740|1363, 1434687740|3278, 1434692013|3429, 1434722566|3668, 1434722566|3831, 1434722730|3907, 1434722730|4023, https://www.jd.com, 
1434846349|1, 1434846349|3323, 1434850448|3431, 1434850855|3514, 1434851193|4045, https://www.jd.com, 
