59112|1, 58444|794, 58444|1102, 58456|1180, 58456|1287, 58580|1354, 59448|1419, 60440|1496, 61556|1604, 63664|1706, 64780|1776, 67312|1967, 69760|2156, 71424|2268, 75368|2643, 75492|3040, 75544|3175, 75544|3645, 75548|3741, 75548|4045, https://www.yahoo.com, 
71636|1, 71636|698, 71796|762, 71796|997, 71864|1048, 71864|1675, 71928|1738, 71924|1787, 71924|2537, 72024|2681, 72192|2798, 72192|3641, 72188|3764, 72188|4024, https://www.mit.edu, 
75712|1, 76084|380, 76148|421, 76172|463, 76172|556, 76296|603, 76420|698, 76420|1362, 76552|1426, 76684|1488, 76684|2368, 76716|2412, 76772|2454, 76772|3349, 76788|3472, 76788|4043, https://www.yahoo.com, 
79696|1, 79696|556, 79908|678, 79908|776, 79912|824, 79912|1560, 79904|1619, 79912|1666, 79912|2045, 80532|2142, 80532|2346, 80780|2430, 82020|2484, 82020|2534, 82100|2596, 82148|2742, 82148|3463, 82156|3576, 82204|3839, 82204|4002, https://www.yahoo.com, 
82260|1, 82260|881, 82300|942, 82308|984, 82308|1793, 82312|1922, 82308|1969, 82308|3766, 82336|3998, 82336|4094, https://www.pku.edu.cn, 
82716|1, 82716|433, 82800|534, 82800|658, 82928|707, 82928|1642, 82920|1694, 82920|1747, 82924|1798, 82924|2320, 83048|2394, 83048|2516, 83172|2564, 83296|2639, 83336|2701, 83340|2748, 83340|3587, 83380|3982, 83380|4094, https://www.baidu.com, 
83416|1, 83416|840, 83412|882, 83412|971, 83580|1022, 83608|1128, 84228|1263, 84228|1990, 84232|2029, 84244|2069, 84320|2126, 84320|3087, 84420|3259, 84420|4026, https://www.pku.edu.cn, 
97688|1, 97692|290, 97692|734, 97704|779, 97704|1100, 97708|1168, 97712|1218, 97712|2136, 97700|2186, 97700|2690, 98196|2787, 98196|3078, 98252|3186, 98284|3314, 98284|4108, https://www.jd.com, 
102396|1, 102396|299, 102400|347, 102400|1012, 102568|1054, 102568|1092, 102576|1131, 102632|1168, 102632|1206, 102716|1304, 102716|2070, 102724|2117, 102732|2201, 102732|2956, 102768|3089, 102800|3174, 102800|4007, https://www.baidu.com, 
104344|1, 104344|974, 105432|1018, 105436|1055, 105436|1129, 105440|1166, 105440|1204, 105532|1248, 105532|1965, 105548|2014, 105548|2933, 105552|3003, 105560|3063, 105560|3876, 105576|3993, 105828|4076, https://www.pku.edu.cn, 
106148|1, 106148|1116, 106232|1196, 106236|1247, 106240|1294, 106324|1361, 106324|2174, 106448|2215, 106440|2264, 106556|2311, 106556|3100, 106552|3235, 106632|3331, 106632|4002, https://www.pku.edu.cn, 
125144|1, 125152|335, 125152|1188, 125140|1244, 125140|2063, 125224|2156, 125272|2241, 125272|3054, 125356|3259, 125356|4011, https://www.yahoo.com, 
125688|1, 125812|379, 125812|537, 125824|582, 125856|630, 125968|672, 125968|1539, 125956|1579, 125956|1637, 125972|1686, 125972|2454, 125992|2624, 126016|2705, 126016|3552, 126088|3611, 126036|3667, 126036|4019, https://www.mit.edu, 
126124|1, 126124|422, 126128|465, 126128|797, 126124|870, 126124|1835, 126240|1900, 126240|2777, 126244|2859, 126304|3027, 126304|3813, 126344|3905, 126360|3958, 126360|4006, https://www.yahoo.com, 
126424|1, 126424|446, 126428|486, 126428|706, 126512|809, 126512|1075, 126520|1120, 126520|1162, 127108|1208, 127108|1790, 127104|1832, 127108|1901, 127108|2854, 127120|2901, 127120|2997, 127220|3088, 127220|3639, 127328|3964, 127328|4134, https://www.yahoo.com, 
127388|1, 127388|1577, 127384|1632, 127384|2574, 127396|2685, 127396|3464, 127408|3731, 127408|4040, https://www.yahoo.com, 
127464|1, 127468|285, 127468|580, 127556|741, 127556|1184, 127560|1261, 127556|1321, 127556|2019, 127680|2105, 127680|2150, 127676|2214, 127668|2275, 127668|3265, 127724|3473, 127696|4037, https://www.baidu.com, 
128576|1, 128576|655, 128588|699, 128596|762, 128596|1681, 128584|1720, 128596|1761, 128596|2641, 128676|2764, 128676|3497, 128644|3727, 128696|3788, 128696|4017, https://www.jd.com, 
128612|1, 128612|1123, 128616|1169, 128616|1398, 128620|1452, 128632|1529, 128632|2344, 128624|2403, 128624|3348, 128656|3413, 128700|3470, 128700|4089, https://www.yahoo.com, 
139108|1, 139108|585, 139116|635, 139116|825, 139140|904, 139116|951, 139116|2792, 139152|2897, 139196|3276, 139196|3837, 139144|3881, 139252|3946, 139308|3986, 139308|4044, https://www.baidu.com, 
139832|1, 139832|277, 139848|340, 139956|384, 139956|1263, 139964|1324, 139936|1368, 139944|1411, 139944|2315, 139940|2371, 139940|3181, 139956|3359, 139996|3485, 139996|4006, https://www.mit.edu, 
140092|1, 140092|262, 140152|303, 140112|345, 140112|1195, 140104|1251, 140108|1306, 140112|1353, 140112|3171, 140184|3273, 140192|3478, 140192|3664, 143292|3834, 143416|4008, https://www.jd.com, 
143932|1, 143932|472, 143936|582, 143936|640, 143940|728, 143940|1025, 143948|1063, 143948|1624, 143940|1671, 143940|3406, 143964|3605, 143988|3853, 143988|4077, https://www.pku.edu.cn, 
144168|1, 144168|330, 144280|378, 144280|931, 144276|970, 144280|1012, 144280|1963, 144284|2013, 144284|2852, 144280|2988, 144280|3791, 144292|3882, 144368|3937, 144344|3977, 144344|4028, https://www.jd.com, 
144588|1, 144588|808, 144600|848, 144604|890, 144600|933, 144600|1802, 144612|1860, 144604|1912, 144604|2886, 144612|2939, 144612|3663, 144648|3960, 144772|4070, https://www.pku.edu.cn, 
144948|1, 144948|1219, 144956|1260, 144952|1308, 144952|2347, 145076|2392, 145076|2917, 145144|3268, 145152|3398, 145152|4062, https://www.pku.edu.cn, 
145224|1, 145224|576, 145244|627, 145244|1591, 145232|1640, 145224|1690, 145224|2651, 145596|2695, 145624|2745, 145624|3584, 145676|3687, 145696|3812, 145696|4156, https://www.pku.edu.cn, 
145796|1, 145796|997, 145804|1036, 145804|1073, 145812|1114, 145812|1996, 145804|2055, 145812|2107, 145812|2896, 145876|3097, 145892|3276, 145872|4045, https://www.yahoo.com, 
145988|1, 145988|470, 146032|534, 146032|1410, 146036|1462, 146024|1532, 146024|2362, 146124|2446, 146132|2507, 146136|2549, 146136|3356, 146172|3495, 146208|3647, 146208|4094, https://www.baidu.com, 
146332|1, 146332|892, 146328|942, 146332|986, 146340|1027, 146344|1068, 146344|1898, 146320|1940, 146316|1984, 146340|2023, 146340|2809, 146344|2899, 146480|3003, 146500|4078, https://www.pku.edu.cn, 
146552|1, 146552|350, 146560|396, 146560|1103, 146568|1142, 146568|1844, 146556|1897, 146556|2796, 146576|2861, 146572|2927, 146572|3751, 146604|3958, 146604|4220, https://www.mit.edu, 
146672|1, 146672|583, 146680|627, 146672|672, 146652|721, 146652|1701, 146648|1760, 146648|2564, 146660|2649, 146668|2722, 146668|3571, 149276|3899, 152996|4126, https://www.pku.edu.cn, 
217796|1, 217796|454, 217812|508, 217812|1384, 217800|1423, 217804|1476, 217816|1545, 217816|2363, 217812|2430, 217824|2640, 217824|3206, 217856|3454, 217860|3569, 217860|3918, 217908|3964, 217904|4024, https://www.yahoo.com, 
221272|1, 221272|342, 221268|385, 221264|427, 221264|1180, 221268|1221, 221268|1381, 221276|1449, 221276|2377, 221280|2420, 221272|2468, 221272|3344, 221328|3450, 221328|4057, https://www.jd.com, 
221368|1, 221368|154, 221432|198, 221432|1211, 221444|1261, 221444|1710, 221544|1787, 221544|2120, 221548|2160, 221528|2203, 221528|3085, 221556|3183, 221596|3248, 221596|4009, https://www.baidu.com, 
221864|1, 221864|149, 221872|201, 221872|995, 221876|1036, 221876|1141, 221880|1219, 221880|2119, 221872|2164, 221884|2216, 221884|3000, 221904|3171, 221924|3293, 221924|4051, https://www.jd.com, 
221988|1, 221988|535, 222004|589, 222004|1447, 222016|1498, 222016|3426, 222044|3503, 222084|3585, 222084|4105, https://www.mit.edu, 
222152|1, 222152|852, 222144|894, 222148|938, 222148|1849, 222136|1890, 222144|1932, 222148|1973, 222148|2844, 222160|2975, 222160|3764, 222176|3939, 222232|4013, https://www.mit.edu, 
222284|1, 222284|258, 222288|299, 222288|942, 222292|987, 222292|1232, 222300|1277, 222304|1326, 222304|2202, 222300|2243, 222292|2323, 222292|3155, 222312|3292, 222364|3376, 222364|4080, https://www.baidu.com, 
222656|1, 222656|438, 222660|482, 222664|565, 222664|1174, 222660|1214, 222660|1373, 222672|1563, 222672|3418, 222704|3487, 222680|3739, 222680|4040, https://www.baidu.com, 
222904|1, 222904|494, 222920|532, 222920|915, 222924|1043, 222924|2865, 222968|3007, 222968|3796, 222980|3850, 222992|4010, https://www.jd.com, 
223176|1, 223176|393, 223184|432, 223184|1371, 223192|1419, 223188|1488, 223180|1572, 223180|2384, 223184|2572, 223184|3372, 223232|3458, 223272|3521, 223272|3894, 223268|3938, 223268|4022, https://www.mit.edu, 
223480|1, 223480|361, 223448|409, 223448|1253, 223460|1306, 223456|1368, 223460|1410, 223460|2284, 223448|2345, 223452|2420, 223452|3226, 223504|3317, 223520|3386, 223520|4051, https://www.mit.edu, 
223600|1, 223600|389, 223592|439, 223624|524, 223624|1314, 223692|1368, 223692|2350, 223700|2421, 223728|2475, 223728|3342, 223776|3395, 223812|3551, 223812|4079, https://www.mit.edu, 
223952|1, 223952|1602, 223944|1669, 223944|2606, 223952|2671, 223952|3339, 223904|3632, 223980|3908, 223980|4045, https://www.jd.com, 
224080|1, 224080|616, 224084|693, 224088|813, 224088|1585, 224092|1645, 224096|1696, 224096|2657, 224104|2709, 224104|3565, 224140|3780, 224140|4088, https://www.baidu.com, 
224296|1, 224296|242, 224304|292, 224304|786, 224300|832, 224300|1195, 224312|1247, 224312|2202, 224304|2250, 224304|4096, https://www.baidu.com, 
224660|1, 224660|472, 224668|567, 224684|677, 224684|1482, 224668|1523, 224664|1562, 224676|1635, 224676|2443, 224680|2514, 224680|2572, 224676|2629, 224676|3378, 224672|3532, 224688|3745, 224688|4038, https://www.mit.edu, 
224812|1, 224812|942, 224816|993, 224820|1033, 224820|2799, 224816|2973, 224848|3105, 224848|3869, 224864|3944, 224880|4008, https://www.jd.com, 
226260|1, 226260|411, 226264|487, 226264|1395, 226268|1445, 226268|2334, 226272|2383, 226288|2476, 226288|3339, 226348|3456, 226348|4036, https://www.jd.com, 
