2088629|1, 2088629|797, 2075935|1263, 2075474|1604, 2075474|1702, 2075414|1784, 2075414|1963, 2075358|2058, 2075358|2146, 2075278|2242, 2075278|2365, 2075198|2492, 2075138|2698, 2075078|2813, 2074621|2923, 2074621|3759, 2074172|3899, 2074172|4007, https://www.mit.edu, 
2023793|1, 2023619|160, 2023619|299, 2023178|479, 2023178|1080, 2018173|1315, 1984519|1857, 1984519|1947, 1984459|2053, 1984459|2148, 1983826|2243, 1983826|2410, 1983746|2501, 1983746|2582, 1983666|2667, 1983606|2763, 1983606|2944, 1983546|3074, 1980697|3193, 1979651|3314, 1977150|3416, 1968133|3523, 1965890|3622, 1965890|3701, 1912080|3823, 1910205|4007, https://www.jd.com, 
1740425|1, 1740425|146, 1740249|255, 1740249|842, 1740105|1119, 1740025|1290, 1732477|1723, 1725463|1925, 1725463|2008, 1722453|2092, 1711505|2190, 1680409|2284, 1662833|2380, 1638497|2489, 1637145|2575, 1637065|2668, 1637065|2810, 1634221|2924, 1622053|3048, 1609647|3139, 1605940|3227, 1601702|3325, 1570158|3536, 1545748|3645, 1523865|3740, 1511811|3832, 1484268|3936, 1475524|4091, https://www.yahoo.com, 
1230943|1, 1230781|171, 1230781|1019, 1225599|1236, 1190139|1599, 1189999|1824, 1189999|1979, 1189939|2060, 1189939|2450, 1189859|2546, 1189859|2722, 1189719|2802, 1189719|2934, 1189659|3053, 1187174|3167, 1184940|3292, 1174835|3429, 1172579|3622, 1172579|3821, 1172142|3940, 1172142|4030, https://www.jd.com, 
1027876|1, 1027819|129, 1027697|262, 1027697|934, 1027084|1152, 1014493|1498, 1014353|1783, 1014353|1916, 1014293|2004, 1014293|2082, 1014157|2159, 1014157|2239, 1014053|2329, 1013089|2434, 1013089|2522, 1013009|2613, 1013009|2693, 1012949|2792, 1012889|2973, 1012889|4111, https://www.mit.edu, 
962095|1, 961928|188, 961928|1107, 956674|1389, 954994|1787, 954231|1958, 954231|2117, 954171|2202, 954171|2620, 954091|2718, 954091|2840, 953951|2995, 953674|3139, 949172|3295, 936755|3425, 936755|3536, 882931|3645, 882447|3804, 881981|4095, https://www.jd.com, 
744267|1, 744267|159, 744096|303, 743493|462, 743493|857, 743349|1145, 733731|1462, 732915|1788, 732775|1920, 732775|2081, 732715|2164, 732715|2558, 732635|2647, 732635|2734, 732555|2836, 732495|2963, 732495|3082, 732435|3200, 732435|4009, https://www.pku.edu.cn, 
668426|1, 668260|190, 668260|377, 667795|512, 667795|1286, 655415|1589, 647077|1953, 579137|2105, 579077|2193, 579077|2628, 578997|2725, 578997|2835, 578917|2944, 578857|3107, 578797|3211, 562384|3339, 410777|3454, 388426|3573, 338571|3674, 338571|4006, https://www.baidu.com, 
245495|1, 245495|110, 244892|511, 244269|735, 244269|1282, 234651|1520, 233835|1872, 233695|2018, 233695|2178, 233635|2263, 233635|2583, 233555|2672, 233555|2770, 233475|2930, 233415|3071, 232762|3254, 232762|4016, https://www.pku.edu.cn, 
177498|1, 177333|174, 177333|328, 176892|512, 176892|1300, 164888|1625, 156937|1969, 87717|2115, 87657|2199, 87657|2598, 87577|2679, 87577|2861, 87437|3036, 87437|3146, 87377|3292, 84786|3415, 0|3566, 0|4012, https://www.baidu.com, 
1995715|1, 1995715|275, 1995545|476, 1995545|1275, 1993330|1471, 1982781|1860, 1956394|2099, 1956334|2189, 1956334|2347, 1956274|2474, 1955797|2551, 1955666|2647, 1955666|2752, 1955253|2859, 1955117|3006, 1954448|3131, 1950818|3259, 1947820|3401, 1937197|3512, 1937197|3606, 1883575|3698, 1882625|3871, 1866710|4058, https://www.jd.com, 
1619821|1, 1619821|350, 1619704|508, 1619704|1074, 1619644|1293, 1613283|1655, 1579113|2008, 1579113|2178, 1579053|2262, 1579053|2631, 1578973|2724, 1578973|2843, 1578833|3039, 1575668|3173, 1573695|3303, 1562723|3470, 1561773|3623, 1561773|4013, https://www.jd.com, 
1428632|1, 1428632|172, 1428456|340, 1427828|499, 1427828|747, 1426362|1106, 1417128|1306, 1414728|1775, 1414588|1996, 1414588|2083, 1414528|2172, 1414528|2398, 1414083|2485, 1414003|2595, 1414003|2701, 1413923|2805, 1413863|2952, 1413863|3091, 1413803|3247, 1412656|4007, https://www.pku.edu.cn, 
1360882|1, 1360882|112, 1360712|281, 1360712|1207, 1360552|1383, 1348162|1829, 1348022|2073, 1348022|2152, 1347962|2257, 1347339|2349, 1347021|2437, 1346890|2522, 1346890|2597, 1346810|2683, 1346810|2852, 1346670|3018, 1346670|3124, 1345383|3263, 1340105|3400, 1339061|3499, 1339061|4039, https://www.mit.edu, 
1288770|1, 1288770|231, 1288601|362, 1288601|506, 1288437|668, 1288437|1040, 1277865|1265, 1274028|1644, 1266753|1966, 1186053|2094, 1185993|2176, 1185993|2420, 1185938|2497, 1185938|2581, 1185858|2664, 1185858|2758, 1185778|2860, 1185718|2992, 1185718|3110, 1185658|3240, 1185540|3337, 1118704|3484, 1000350|3617, 960498|3715, 960498|4040, https://www.baidu.com, 
862634|1, 862634|180, 862020|333, 862020|501, 861876|662, 861876|1172, 861816|1308, 861724|1472, 850390|1801, 818351|1979, 817449|2078, 817449|2155, 817389|2234, 817389|2563, 817309|2650, 817309|2854, 817169|2997, 817169|3116, 816480|3224, 812390|3351, 802285|3468, 799973|3585, 785313|3665, 746238|3769, 745288|3945, 745288|4090, https://www.jd.com, 
601256|1, 600847|163, 600847|332, 600679|480, 600679|1077, 594988|1473, 557188|1912, 557128|2013, 556510|2101, 556450|2199, 556450|2600, 555917|2710, 555917|2805, 555777|2983, 555777|3101, 555375|3208, 551374|3321, 549778|3439, 538868|3608, 538164|3766, 537656|3879, 537656|4047, https://www.jd.com, 
403140|1, 402433|202, 402322|362, 402322|664, 401709|777, 401709|934, 401565|1212, 397143|1474, 387848|1949, 387788|2043, 386554|2130, 384136|2209, 370556|2304, 350276|2391, 348924|2473, 320532|2555, 296196|2650, 270599|2752, 270599|2884, 270519|2993, 270459|3119, 270323|3198, 270191|3281, 269601|3366, 247969|3506, 211614|3702, 195668|3822, 169664|3961, 139838|4070, https://www.yahoo.com, 
2029124|1, 2029124|216, 2029005|432, 2029005|683, 2028948|826, 2028948|1374, 2017245|1681, 2016781|2026, 2016721|2162, 2016721|2237, 2016661|2315, 2016661|2713, 2015963|2820, 2015963|2940, 2015883|3075, 2015823|3219, 2015763|3311, 2015763|3709, 2015130|3830, 2015130|4093, https://www.pku.edu.cn, 
1962599|1, 1962599|252, 1962432|419, 1962432|1274, 1951614|1550, 1950798|1831, 1950658|2041, 1950658|2127, 1949990|2219, 1949397|2322, 1949397|2547, 1948940|2636, 1948860|2739, 1948860|2834, 1948780|2941, 1948720|3081, 1948660|3225, 1948660|3875, 1947160|3964, 1942806|4059, https://www.pku.edu.cn, 
1912925|1, 1912925|192, 1912754|420, 1912754|939, 1912297|1193, 1912297|1380, 1905792|1690, 1868594|2128, 1868454|2241, 1868454|2405, 1868394|2485, 1868394|2797, 1868314|2912, 1868314|3026, 1868174|3203, 1868174|3431, 1865549|3555, 1853290|3687, 1850435|3816, 1796551|4050, https://www.jd.com, 
1612041|1, 1612041|236, 1611875|415, 1611875|1354, 1611177|1496, 1603773|1904, 1596586|2152, 1591097|2253, 1566761|2345, 1541013|2436, 1509379|2536, 1499915|2620, 1489099|2709, 1480584|2832, 1479152|2952, 1479072|3082, 1479012|3173, 1478876|3252, 1478804|3329, 1478744|3410, 1438804|3607, 1408508|3757, 1383580|3855, 1362187|3991, 1338761|4102, https://www.yahoo.com, 
1021867|1, 1021867|216, 1021701|377, 1021701|1322, 1021237|1500, 1009022|2001, 1006661|2138, 1006517|2228, 1000066|2313, 978950|2394, 921046|2488, 895095|2573, 893499|2659, 892147|2758, 891459|2861, 891459|2972, 891379|3106, 891183|3200, 891111|3278, 890461|3361, 864659|3511, 851488|3616, 828789|3700, 815977|3786, 796062|3882, 776705|3993, 766609|4089, https://www.yahoo.com, 
488889|1, 488889|145, 488722|290, 488722|1240, 477832|1542, 477088|1817, 476355|2086, 476355|2173, 476295|2276, 476295|2605, 475750|2709, 475750|2905, 475610|3045, 475610|3187, 475550|3308, 475550|3780, 475081|3872, 474952|3958, 474952|4037, https://www.pku.edu.cn, 
439169|1, 439169|101, 438843|226, 438674|380, 438674|1026, 438259|1321, 423316|1753, 422500|2100, 422360|2248, 422360|2418, 421855|2507, 421855|2822, 421167|2921, 421167|3040, 421087|3174, 420409|3352, 420349|3488, 420349|4029, https://www.pku.edu.cn, 
364749|1, 364749|419, 364577|536, 364577|1176, 359707|1473, 353140|1768, 325700|2175, 325700|2278, 325640|2390, 325640|2804, 325560|2902, 325560|2993, 325420|3168, 325420|3276, 323005|3378, 320070|3528, 308373|3668, 265394|3779, 254071|3916, 252678|4108, https://www.jd.com, 
107682|1, 107682|97, 107625|242, 106997|454, 106544|591, 106544|1167, 105931|1383, 105490|1667, 103582|2050, 92612|2151, 91060|2276, 91060|2616, 90607|2709, 90527|2818, 90527|2905, 90387|3051, 90387|3175, 90327|3271, 90327|4020, https://www.mit.edu, 
35017|1, 35017|311, 34841|483, 34841|1071, 34376|1365, 23960|1697, 21043|2081, 20983|2212, 20983|2288, 20923|2376, 20923|2714, 20843|2808, 20843|2915, 20703|3071, 20643|3200, 20643|3342, 20583|3458, 18416|4057, https://www.pku.edu.cn, 
2094812|1, 2094479|105, 2094479|206, 2094072|477, 2094072|1469, 2083638|1881, 2083498|2175, 2083498|2257, 2083418|2339, 2083278|2420, 2083278|2803, 2083198|2892, 2083198|2971, 2083118|3122, 2083058|3220, 2082978|3356, 2082918|3484, 2082918|4073, https://www.pku.edu.cn, 
2010786|1, 2010609|155, 2010438|358, 2010438|640, 2009997|783, 2009997|1320, 1998153|1670, 1990132|2023, 1921531|2157, 1921531|2236, 1921471|2316, 1921471|2701, 1921391|2797, 1921391|2891, 1920782|3074, 1920782|3281, 1920604|3371, 1766129|3521, 1686910|3639, 1650072|3738, 1650072|4008, https://www.baidu.com, 
1553571|1, 1553571|453, 1553405|582, 1553405|1000, 1552797|1153, 1552797|1595, 1532127|2016, 1532047|2235, 1462949|2336, 1462949|2430, 1462889|2511, 1462889|2929, 1462809|3018, 1462206|3177, 1462066|3327, 1462066|3470, 1449944|3592, 1285807|3727, 1186252|3855, 1186252|4101, https://www.baidu.com, 
1082297|1, 1082297|270, 1082127|477, 1081959|635, 1081959|969, 1081498|1284, 1081498|1449, 1071064|1927, 1070924|2145, 1070924|2231, 1070399|2315, 1070271|2414, 1070271|2721, 1070191|2814, 1070191|2910, 1070051|3062, 1070051|3179, 1069991|3309, 1069991|4011, https://www.pku.edu.cn, 
1012552|1, 1012552|228, 1012381|358, 1012381|1437, 1007127|1656, 974161|2091, 973568|2310, 973568|2396, 973508|2490, 973508|2568, 973450|2645, 973013|2734, 973013|2806, 972933|2889, 972933|3065, 972793|3203, 972793|3328, 970038|3433, 967906|3571, 955232|3688, 955192|3785, 901561|3878, 900675|4046, https://www.jd.com, 
763099|1, 763099|325, 762927|481, 762927|603, 762458|776, 762458|1108, 761686|1334, 753346|1618, 749320|2057, 749180|2213, 749180|2290, 749120|2385, 749120|2784, 749040|2880, 749040|2964, 748960|3133, 748900|3293, 748840|3416, 748840|4011, https://www.mit.edu, 
698118|1, 698118|264, 697949|452, 697949|808, 696885|954, 696885|1428, 694406|1612, 684066|1974, 683926|2152, 683926|2310, 683866|2397, 683866|2777, 683786|2858, 683786|2964, 683646|3166, 683646|3284, 683586|3400, 683586|4043, https://www.mit.edu, 
633125|1, 632917|127, 632747|355, 632747|1325, 632283|1498, 625242|1855, 618649|2112, 616765|2199, 616765|2284, 616574|2366, 616574|2670, 616312|2767, 616312|2862, 613608|2996, 612412|3098, 612041|3216, 608446|3307, 608446|3401, 598838|3482, 598838|3897, 597486|3983, 597486|4065, https://www.yahoo.com, 
241284|1, 241284|428, 241118|562, 241118|1487, 235231|1793, 229489|2163, 228871|2271, 228871|2353, 228811|2433, 226357|2548, 225483|2630, 223912|2718, 192816|2843, 172456|2960, 115592|3113, 107186|3255, 106457|3350, 106325|3432, 106325|3508, 71900|3651, 33835|3793, 7463|3878, 0|3987, 0|4063, https://www.yahoo.com, 
1881093|1, 1881093|266, 1880928|440, 1880928|1156, 1880487|1393, 1868649|1640, 1868041|2049, 1867536|2172, 1867536|2330, 1867476|2423, 1867476|2741, 1867396|2835, 1867396|2927, 1867316|3031, 1867256|3185, 1867256|3311, 1866588|3441, 1866588|4033, https://www.mit.edu, 
1821981|1, 1821981|290, 1821813|458, 1821813|960, 1821180|1260, 1821180|1432, 1801963|1753, 1801823|1993, 1734082|2180, 1734022|2257, 1734022|2647, 1733942|2724, 1733942|2897, 1733802|3015, 1733802|3151, 1733742|3240, 1733742|3475, 1732629|3579, 1641130|3700, 1510372|3837, 1468755|3953, 1468755|4038, https://www.baidu.com, 
1395539|1, 1395539|565, 1395366|710, 1395366|949, 1394925|1290, 1394925|1417, 1383969|1677, 1375107|2097, 1375107|2197, 1306721|2309, 1306661|2391, 1306661|2701, 1306581|2780, 1306581|2868, 1305953|3000, 1305813|3148, 1305813|3268, 1305753|3380, 1305713|3481, 1278254|3596, 1224074|3708, 1150885|3831, 1102573|3926, 1102573|4017, https://www.baidu.com, 
1003040|1, 1003040|252, 1002870|438, 1002870|913, 1002706|1181, 991192|1502, 989717|1885, 989577|2081, 989577|2246, 989517|2336, 989517|2657, 988819|2775, 988819|2862, 988739|2969, 988679|3118, 988679|3221, 988026|3349, 988026|4084, https://www.mit.edu, 
925014|1, 925014|127, 924830|266, 924776|441, 924663|622, 924663|753, 924055|920, 924055|1594, 917583|1894, 910274|2247, 908871|2350, 908871|2431, 904498|2520, 884158|2602, 873342|2691, 865230|2768, 855766|2857, 854414|2945, 854294|3034, 854294|3207, 852612|3320, 852408|3397, 852408|3470, 850996|3561, 849644|3648, 846940|3741, 837476|3830, 834772|3919, 834772|4081, https://www.yahoo.com, 
609490|1, 609490|819, 609166|933, 609053|1163, 609053|1396, 596242|1877, 596162|2083, 596102|2170, 596102|2254, 596042|2330, 596042|2572, 595585|2673, 595585|2751, 595448|2843, 595448|2946, 595368|3066, 595308|3182, 595308|3301, 595248|3404, 595248|4003, https://www.mit.edu, 
543806|1, 543806|216, 543456|433, 543456|1278, 531613|1626, 521819|1984, 453595|2268, 453595|2356, 453535|2455, 453535|2772, 453455|2870, 453455|3057, 453375|3140, 453315|3300, 453255|3404, 452913|3506, 260201|3682, 232053|3800, 23642|3913, 12444|4004, https://www.baidu.com, 
2076607|1, 2076607|416, 2076439|558, 2076439|1380, 2064925|1624, 2064073|1971, 2063933|2196, 2063933|2281, 2063873|2375, 2063873|2467, 2063280|2560, 2063280|2739, 2063200|2821, 2062735|2914, 2062290|3033, 2062150|3147, 2062150|3255, 2062090|3399, 2062090|4006, https://www.mit.edu, 
2011851|1, 2011851|306, 2011205|488, 2011205|882, 2010740|1064, 2010740|1320, 2010660|1469, 1998093|1905, 1996851|2128, 1996851|2214, 1991115|2312, 1976883|2396, 1949843|2494, 1890355|2604, 1880068|2701, 1880068|2873, 1879928|2985, 1875736|3160, 1875604|3234, 1875604|3332, 1817091|3479, 1752626|3735, 1746965|3832, 1730918|4018, https://www.yahoo.com, 
1446906|1, 1446854|129, 1446802|328, 1446632|529, 1446632|1160, 1435073|1441, 1426263|1869, 1324775|2072, 1324775|2155, 1324715|2238, 1324715|2470, 1324117|2559, 1324117|2630, 1324037|2719, 1324037|2809, 1323957|2901, 1323897|3083, 1323837|3226, 1323660|3346, 1287291|3472, 1099275|3647, 1037715|3743, 1037715|4070, https://www.baidu.com, 
895870|1, 895870|288, 895701|439, 895701|883, 894807|1100, 894807|1360, 882617|1591, 874576|2034, 874576|2223, 872179|2318, 783239|2417, 783239|2658, 783159|2813, 783159|2911, 783019|3012, 783019|3203, 782959|3316, 754230|3459, 623363|3598, 623363|4020, https://www.baidu.com, 
499471|1, 499471|369, 499293|548, 499293|1377, 498088|1553, 487119|2000, 484550|2169, 480147|2251, 472271|2348, 430359|2441, 411431|2532, 391151|2621, 370125|2733, 370045|2833, 370045|2917, 368613|3018, 366951|3156, 366807|3235, 366747|3309, 365395|3390, 358523|3516, 347387|3660, 324558|3758, 314828|3867, 295762|3956, 283782|4063, https://www.yahoo.com, 
2097152|1, 2097152|488, 2096981|637, 2096981|1270, 2096901|1469, 2090547|1768, 2086159|2058, 2086099|2172, 2084747|2279, 2082639|2450, 2082567|2531, 2070141|2634, 2063381|2714, 2055189|2801, 2037613|2927, 2030773|3028, 2018545|3189, 2011535|3276, 2004571|3355, 2003219|3437, 2001269|3515, 1999917|3600, 1996580|3678, 1993876|3758, 1989820|3836, 1984412|3913, 1980356|3998, 1974948|4071, https://www.yahoo.com, 
