22166|1, 22166|1122, 22170|1300, 22182|1910, 22182|4068, https://www.mit.edu, 
22182|1, 22182|4050, https://www.jd.com, 
22182|1, 22182|936, 22183|1237, 22183|1430, 22189|1710, 22196|2104, 22201|2192, 22202|2275, 22214|2371, 22226|2462, 22248|2557, 22263|2658, 22271|2759, 22271|2953, 22272|3088, 22276|3214, 22282|3318, 22296|3410, 22297|3494, 22309|3626, 22329|3822, 22348|3916, 22368|4004, https://www.yahoo.com, 
22611|1, 22611|4011, https://www.jd.com, 
22611|1, 22611|1309, 22625|1577, 22625|4069, https://www.mit.edu, 
22625|1, 22625|4116, https://www.jd.com, 
22625|1, 22625|961, 22626|1290, 22632|1498, 22638|1866, 22638|4009, https://www.pku.edu.cn, 
22690|1, 22690|4035, https://www.baidu.com, 
22690|1, 22690|1498, 22702|1885, 22702|4027, https://www.pku.edu.cn, 
22746|1, 22746|4064, https://www.baidu.com, 
22765|1, 22765|4145, https://www.jd.com, 
22765|1, 22765|4063, https://www.jd.com, 
22766|1, 22766|1377, 22780|1760, 22780|4031, https://www.pku.edu.cn, 
22814|1, 22814|1415, 22832|1717, 22832|4035, https://www.mit.edu, 
22832|1, 22832|4083, https://www.baidu.com, 
22832|1, 22832|764, 22833|902, 22833|4059, https://www.jd.com, 
22833|1, 22833|4042, https://www.jd.com, 
22833|1, 22833|949, 22834|1260, 22834|1447, 22840|1896, 22846|2127, 22851|2213, 22852|2293, 22859|2386, 22881|2470, 22883|2554, 22898|2636, 22923|2727, 22941|2831, 22942|2926, 22942|3285, 22943|3366, 22943|3442, 22958|3559, 22976|3745, 22999|3900, 23013|4017, https://www.yahoo.com, 
23271|1, 23271|1401, 23272|1593, 23285|1984, 23285|4076, https://www.pku.edu.cn, 
23331|1, 23331|1363, 23341|1535, 23345|1854, 23345|4057, https://www.pku.edu.cn, 
23376|1, 23376|4094, https://www.jd.com, 
23376|1, 23376|1549, 23377|1735, 23393|2202, 23395|2334, 23423|2429, 23442|2519, 23453|2615, 23467|2706, 23474|2790, 23488|2915, 23490|3025, 23490|3344, 23491|3419, 23491|3495, 23494|3604, 23535|3833, 23551|3939, 23573|4040, https://www.yahoo.com, 
23866|1, 23866|1583, 23873|1954, 23883|2266, 23885|2357, 23892|2437, 23909|2522, 23936|2613, 23956|2700, 23976|2786, 23978|2873, 23978|3408, 23979|3486, 23987|3605, 24001|3742, 24017|3827, 24038|3914, 24058|4006, https://www.yahoo.com, 
24323|1, 24323|1337, 24333|1526, 24337|1850, 24337|4077, https://www.pku.edu.cn, 
24371|1, 24371|1656, 24383|2054, 24383|4075, https://www.pku.edu.cn, 
24430|1, 24430|4114, https://www.jd.com, 
24431|1, 24431|1970, 24433|2208, 24446|2327, 24447|2434, 24447|4071, https://www.mit.edu, 
24447|1, 24447|1556, 24461|2028, 24461|4013, https://www.pku.edu.cn, 
24490|1, 24490|1468, 24500|1757, 24502|2174, 24502|4071, https://www.pku.edu.cn, 
24557|1, 24557|4004, https://www.baidu.com, 
24558|1, 24558|4009, https://www.baidu.com, 
24559|1, 24559|1471, 24569|1743, 24571|2175, 24571|4043, https://www.pku.edu.cn, 
24608|1, 24608|4042, https://www.jd.com, 
24609|1, 24609|1558, 24623|2049, 24623|4079, https://www.mit.edu, 
24623|1, 24623|1575, 24637|1920, 24637|4087, https://www.mit.edu, 
24637|1, 24637|1510, 24643|1823, 24650|2185, 24656|2271, 24657|2355, 24657|2751, 24658|2828, 24658|2926, 24660|3045, 24660|3161, 24663|3287, 24663|3382, 24667|3473, 24667|3557, 24676|3641, 24676|4053, https://www.yahoo.com, 
24976|1, 24976|1691, 24984|2161, 24988|2330, 24988|2498, 24989|2588, 24992|2694, 24994|2780, 25005|2879, 25024|2995, 25070|3170, 25083|3276, 25084|3413, 25085|3497, 25085|3577, 25096|3651, 25134|3844, 25159|3942, 25190|4029, https://www.yahoo.com, 
25456|1, 25456|1562, 25470|1944, 25470|4007, https://www.mit.edu, 
25470|1, 25470|4017, https://www.baidu.com, 
25471|1, 25471|4043, https://www.baidu.com, 
25472|1, 25472|1426, 25486|1784, 25486|4039, https://www.mit.edu, 
25486|1, 25486|1619, 25487|1857, 25494|2225, 25504|2405, 25506|2489, 25515|2576, 25530|2658, 25538|2748, 25544|2824, 25545|2907, 25552|2997, 25552|3234, 25553|3362, 25555|3455, 25555|3614, 25557|3702, 25558|3793, 25562|3884, 25566|3976, 25568|4055, https://www.yahoo.com, 
25765|1, 25765|1375, 25779|1722, 25779|4037, https://www.mit.edu, 
25779|1, 25779|4033, https://www.baidu.com, 
25780|1, 25780|1600, 25794|1872, 25794|4049, https://www.mit.edu, 
25795|1, 25795|1487, 25802|1767, 25808|2156, 25808|2275, 25814|2365, 25827|2448, 25841|2535, 25877|2648, 25906|2745, 25907|2839, 25907|3019, 25908|3155, 25910|3293, 25911|3376, 25914|3480, 26024|3763, 26033|3883, 26045|4003, https://www.yahoo.com, 
26297|1, 26297|4062, https://www.baidu.com, 
26297|1, 26297|4052, https://www.baidu.com, 
26298|1, 26298|1581, 26304|1905, 26316|2246, 26317|2326, 26332|2419, 26343|2517, 26363|2602, 26387|2697, 26407|2796, 26408|2896, 26408|3075, 26410|3232, 26410|3316, 26412|3390, 26413|3469, 26415|3548, 26424|3731, 26429|3826, 26450|3927, 26467|4032, https://www.yahoo.com, 
26735|1, 26735|1480, 26736|1648, 26742|2006, 26746|2200, 26746|2316, 26747|2402, 26752|2569, 26756|2664, 26764|2751, 26769|2835, 26781|2959, 26792|3049, 26802|3207, 26806|3317, 26811|3394, 26814|3473, 26815|3552, 26816|3634, 26817|3717, 26819|3798, 26821|3876, 26824|3953, 26828|4032, https://www.yahoo.com, 
