7|1, 7|4068, https://www.mit.edu, 
7|1, 7|1615, 8|1877, 8|3854, 10|3951, 13|4058, https://www.jd.com, 
8|1, 8|1740, 9|2184, 10|2359, 10|2442, 8|2527, 12|2629, 18|2719, 24|2816, 27|2924, 27|3485, 13|3573, 14|3663, 14|3760, 10|3972, 17|4078, https://www.yahoo.com, 
8|1, 8|1452, 9|1670, 8|2031, 8|3719, 12|3862, 12|4051, https://www.jd.com, 
8|1, 8|2662, 9|2753, 9|4110, https://www.mit.edu, 
9|1, 9|1520, 10|1813, 9|2200, 9|3830, 11|3940, 9|4069, https://www.jd.com, 
9|1, 9|4047, https://www.pku.edu.cn, 
9|1, 9|3528, 15|3655, 36|3775, 34|3893, 34|4072, https://www.baidu.com, 
9|1, 9|4023, https://www.pku.edu.cn, 
9|1, 9|1626, 10|1962, 9|2289, 21|2432, 21|3609, 24|3733, 59|3888, 61|4006, https://www.baidu.com, 
9|1, 9|1626, 11|1850, 14|2234, 9|2448, 9|3351, 10|3482, 10|3613, 14|3748, 9|3860, 15|3952, 9|4045, https://www.jd.com, 
9|1, 9|1430, 10|1645, 11|2042, 9|2354, 9|3517, 12|3670, 11|3816, 11|4097, https://www.jd.com, 
9|1, 9|1432, 11|1667, 9|2089, 9|4045, https://www.pku.edu.cn, 
9|1, 9|3379, 10|3517, 11|3652, 9|3751, 9|4041, https://www.mit.edu, 
9|1, 9|1384, 14|1599, 11|1996, 15|2287, 15|3658, 29|3809, 43|3938, 21|4036, https://www.baidu.com, 
9|1, 9|1649, 10|1818, 11|2159, 14|2324, 14|2824, 9|2899, 9|3688, 13|3809, 9|3923, 11|4002, https://www.jd.com, 
9|1, 9|3572, 12|3689, 13|3865, 11|4017, https://www.jd.com, 
9|1, 9|1507, 11|1803, 11|2481, 10|2576, 13|2663, 13|2745, 25|2828, 25|3553, 10|3643, 18|3797, 19|3976, 21|4116, https://www.yahoo.com, 
9|1, 9|4117, https://www.pku.edu.cn, 
9|1, 9|4026, https://www.pku.edu.cn, 
9|1, 9|1639, 10|1997, 9|2391, 9|3812, 13|3942, 9|4072, https://www.jd.com, 
9|1, 9|1753, 10|2171, 11|2402, 12|2500, 15|2595, 25|2685, 28|2785, 28|3658, 17|3865, 20|4009, https://www.yahoo.com, 
9|1, 9|1789, 11|2290, 11|2413, 9|2495, 11|2580, 10|2663, 12|2757, 12|3544, 10|3630, 16|3789, 22|3882, 28|3970, 36|4059, https://www.yahoo.com, 
9|1, 9|4083, https://www.pku.edu.cn, 
9|1, 9|4020, https://www.pku.edu.cn, 
9|1, 9|1510, 10|1783, 11|2069, 9|2452, 9|3655, 13|3819, 9|3947, 9|4069, https://www.jd.com, 
10|1, 10|2268, 13|2374, 12|2496, 12|4062, https://www.mit.edu, 
10|1, 10|1983, 11|2356, 11|2472, 10|2551, 10|4033, https://www.pku.edu.cn, 
10|1, 10|4018, https://www.pku.edu.cn, 
10|1, 10|2256, 26|2387, 26|3601, 54|3764, 59|3870, 53|3968, 26|4063, https://www.baidu.com, 
10|1, 10|2470, 38|2572, 38|3704, 44|3837, 63|3963, 63|4089, https://www.baidu.com, 
10|1, 10|4063, https://www.pku.edu.cn, 
10|1, 10|1684, 12|1907, 10|2381, 10|4025, https://www.jd.com, 
10|1, 10|1577, 13|1883, 10|2291, 10|4006, https://www.mit.edu, 
10|1, 10|1641, 14|1842, 10|2198, 10|4028, https://www.mit.edu, 
10|1, 10|1557, 11|1762, 11|2105, 12|2340, 12|2672, 10|2747, 10|2894, 11|2993, 11|3097, 12|3229, 12|3323, 13|3452, 13|4041, https://www.yahoo.com, 
10|1, 10|2066, 12|2361, 12|2460, 11|2539, 11|2626, 12|2734, 11|2819, 11|2905, 18|3029, 11|3150, 29|3303, 30|3441, 30|3694, 20|3854, 28|3979, 33|4064, https://www.yahoo.com, 
10|1, 10|1588, 12|1859, 10|2256, 10|4026, https://www.mit.edu, 
10|1, 10|1670, 13|1987, 20|2288, 20|3810, 37|3930, 21|4065, https://www.baidu.com, 
9|1, 9|1876, 12|2272, 25|2381, 32|2479, 32|3650, 43|3767, 40|3883, 56|4003, https://www.baidu.com, 
9|1, 9|1386, 13|1703, 9|2089, 9|4008, https://www.mit.edu, 
9|1, 9|2136, 11|2488, 11|2668, 13|2757, 22|2840, 22|2927, 23|3005, 24|3096, 24|3456, 20|3557, 20|3800, 16|3886, 17|3978, 17|4070, https://www.yahoo.com, 
9|1, 9|4069, https://www.mit.edu, 
9|1, 9|1446, 15|1803, 9|2181, 14|2416, 14|3653, 49|3844, 43|3949, 45|4063, https://www.baidu.com, 
9|1, 9|1587, 13|1835, 9|2173, 9|4076, https://www.mit.edu, 
9|1, 9|1683, 11|2140, 11|2424, 13|2520, 15|2605, 15|2704, 32|2813, 35|2909, 35|3544, 32|3735, 16|3947, 17|4043, https://www.yahoo.com, 
9|1, 9|219, 10|360, 10|1408, 16|1676, 12|2110, 23|2290, 23|3444, 24|3565, 39|3687, 43|3862, 27|4046, https://www.baidu.com, 
10|1, 10|1812, 11|2230, 10|2333, 10|2413, 11|2511, 10|2610, 10|3510, 21|3651, 33|3791, 25|3879, 10|3964, 10|4045, https://www.baidu.com, 
10|1, 10|1585, 11|1766, 12|2241, 12|2455, 15|2552, 21|2647, 25|2737, 27|2826, 27|3121, 18|3226, 18|3512, 14|3595, 12|3741, 12|3863, 17|3962, 17|4073, https://www.yahoo.com, 
10|1, 10|1989, 12|2241, 12|2619, 10|2700, 15|2802, 16|2882, 11|2971, 13|3095, 15|3241, 15|3768, 17|3847, 17|4005, https://www.yahoo.com, 
