92960|1, 88836|689, 85648|795, 77044|977, 72084|1075, 63264|1312, 52792|1470, 47888|1992, 38724|2275, 37608|2371, 38956|2454, 41988|2555, 41616|2633, 41272|2731, 41620|2815, 41944|2913, 39232|3036, 35336|3174, 33888|3375, 28848|3486, 26784|3593, 27696|3686, 27852|3777, 22424|3906, 16348|4006, https://www.mit.edu, 
93296|1, 86036|581, 81676|734, 84732|877, 76824|1059, 71272|1198, 65240|1397, 51408|1653, 46816|1890, 45188|2430, 44816|2519, 44900|2626, 44732|2720, 45316|2816, 44324|2901, 44892|2983, 44612|3073, 44380|3154, 43416|3240, 40396|3336, 37788|3517, 36056|3647, 34476|3766, 34012|3888, 33052|3989, 32464|4096, https://www.jd.com, 
98060|1, 91540|493, 90800|636, 86884|743, 89556|894, 82100|1016, 77552|1130, 70660|1343, 54432|1607, 52904|1790, 41020|2224, 40840|2413, 39848|2496, 42148|2580, 41600|2679, 41984|2772, 41612|2868, 42308|2977, 41308|3062, 40552|3157, 37588|3298, 35380|3411, 34220|3538, 34180|3627, 34444|3716, 34440|3813, 33224|4024, https://www.yahoo.com, 
95760|1, 90324|460, 88704|619, 84436|770, 85620|952, 75636|1097, 68864|1242, 58112|1474, 51776|1692, 49264|2048, 42152|2278, 41244|2424, 40128|2505, 40008|2584, 40120|2662, 40988|2742, 40120|2817, 40960|2896, 39964|2991, 38600|3083, 36748|3166, 35896|3247, 33192|3380, 32148|3499, 30944|3612, 26740|3741, 26132|3877, 22908|4073, https://www.jd.com, 
93896|1, 87500|468, 85724|595, 82064|726, 84096|868, 73968|1032, 69676|1135, 57572|1394, 51608|1611, 49400|1962, 44576|2246, 38292|2375, 38436|2461, 38576|2539, 37336|2618, 37752|2696, 38072|2787, 38240|2892, 37000|2980, 34700|3071, 32592|3151, 32496|3250, 27836|3435, 24148|3563, 23060|3645, 24948|3723, 23708|3813, 20684|3908, 16264|4033, https://www.mit.edu, 
91556|1, 86600|437, 84692|620, 82496|792, 83320|917, 76716|1051, 71296|1156, 66192|1284, 54324|1540, 47056|1822, 38436|2219, 37804|2390, 36688|2471, 37048|2547, 37256|2633, 37836|2714, 37152|2800, 37460|2884, 36816|2967, 35960|3052, 34056|3149, 31708|3279, 30704|3431, 28224|3574, 25944|3727, 24332|3857, 25944|3967, 24580|4079, https://www.jd.com, 
90568|1, 85920|420, 84056|576, 81304|722, 81504|876, 73776|1005, 68488|1108, 63472|1306, 49284|1561, 42920|1891, 35312|2204, 35664|2335, 34672|2415, 34860|2496, 35252|2579, 34888|2660, 34868|2738, 35468|2818, 34476|2893, 34308|2972, 34552|3062, 31468|3149, 29220|3256, 28560|3378, 26616|3512, 25704|3615, 25120|3713, 23816|3801, 21108|3896, 19548|3980, 20400|4065, https://www.pku.edu.cn, 
87920|1, 82460|358, 80412|541, 80516|728, 80020|866, 71940|985, 67260|1105, 62608|1215, 52672|1424, 46200|1637, 40916|1953, 34480|2308, 32892|2455, 32152|2543, 31660|2639, 32108|2732, 41096|2814, 41620|2895, 41684|2978, 39488|3081, 37204|3186, 36536|3294, 33672|3458, 25296|3561, 24844|3689, 21912|3804, 21072|3923, 20388|4024, https://www.baidu.com, 
94568|1, 89532|300, 87360|409, 82968|806, 74728|1031, 70084|1133, 56248|1417, 48848|1578, 47804|1840, 38044|2177, 37996|2314, 38200|2394, 38508|2473, 37516|2558, 37988|2633, 38116|2724, 37248|2801, 38216|2877, 38048|2967, 34824|3073, 32064|3228, 31320|3367, 28980|3549, 29368|3662, 27384|3768, 24780|3858, 23416|3939, 17216|4043, https://www.pku.edu.cn, 
91692|1, 86332|342, 83740|512, 85464|665, 83448|852, 81148|980, 72028|1111, 67468|1208, 56120|1448, 49108|1646, 44896|1971, 35120|2307, 34404|2453, 35640|2538, 35400|2625, 35520|2703, 35272|2785, 35372|2860, 35832|2936, 34880|3017, 32704|3106, 31964|3213, 27872|3380, 26896|3485, 17620|3630, 17892|3752, 16652|3906, 16668|4027, https://www.baidu.com, 
89296|1, 84256|371, 81988|485, 80468|641, 79684|843, 78968|975, 70784|1115, 66400|1212, 57416|1413, 47068|1642, 43040|1851, 36396|2234, 31408|2467, 32348|2553, 33188|2634, 32320|2756, 33412|2839, 33456|2917, 33612|3011, 30264|3117, 29248|3227, 27184|3370, 24760|3498, 23644|3631, 21660|3767, 21412|3878, 22156|3972, 21536|4063, https://www.jd.com, 
87648|1, 83640|376, 81664|550, 79448|719, 80016|881, 70424|1017, 66644|1117, 61616|1242, 48884|1444, 44792|1669, 38112|2056, 30152|2377, 32628|2470, 31884|2546, 32644|2631, 31656|2710, 32224|2791, 31924|2912, 30480|3000, 28552|3094, 27144|3212, 23036|3415, 21448|3542, 18844|3679, 18348|3840, 16420|3994, 17060|4123, https://www.jd.com, 
83624|1, 78112|333, 76112|499, 74844|668, 73680|826, 67072|954, 61492|1074, 41820|1439, 40304|1658, 31008|2106, 29484|2323, 28972|2410, 29040|2499, 29184|2575, 28996|2649, 29396|2724, 29956|2811, 27756|2922, 27340|3027, 25900|3132, 22704|3278, 21520|3425, 18668|3575, 18916|3670, 17800|3769, 16312|3867, 16436|4068, https://www.pku.edu.cn, 
81612|1, 76540|271, 74708|391, 72616|553, 72412|719, 72116|888, 64660|988, 59604|1104, 54676|1228, 43600|1478, 35892|1670, 29748|2107, 23692|2342, 25116|2420, 25416|2525, 34972|2619, 36336|2706, 36780|2791, 35788|2865, 36404|2952, 35872|3043, 33364|3120, 30376|3286, 29156|3393, 26276|3532, 24552|3669, 23904|3768, 22132|3855, 16308|3957, 16256|4056, https://www.mit.edu, 
88796|1, 84336|360, 83128|580, 80488|711, 80916|863, 70616|1020, 66940|1121, 53072|1402, 45164|1622, 40872|2001, 31600|2316, 33788|2444, 32796|2527, 32516|2614, 32028|2691, 32152|2770, 33016|2847, 32024|2932, 32052|3014, 30440|3111, 28424|3210, 26564|3342, 25200|3467, 18152|3597, 17912|3687, 16800|3835, 16676|3968, 16556|4065, https://www.baidu.com, 
87372|1, 83188|364, 81152|536, 78220|693, 79376|857, 69904|1018, 66252|1116, 58152|1313, 45748|1528, 41840|1668, 42400|1828, 34420|2176, 27476|2336, 28752|2433, 32016|2510, 31024|2590, 31328|2669, 31860|2759, 31608|2843, 31572|2918, 31500|3006, 30260|3107, 27412|3210, 25104|3353, 23264|3471, 22476|3580, 20648|3707, 18996|3829, 19168|3941, 19216|4021, https://www.jd.com, 
85636|1, 81232|275, 79952|440, 75952|604, 77008|755, 69756|900, 63300|1028, 60628|1138, 50628|1370, 38208|1759, 29640|2184, 28788|2284, 29360|2373, 29768|2472, 28900|2546, 29432|2628, 28536|2712, 28948|2789, 28864|2871, 26756|2982, 25592|3080, 22920|3254, 21432|3374, 19888|3481, 19760|3593, 16412|3711, 16360|3882, 16360|4039, https://www.jd.com, 
83008|1, 77116|304, 74952|505, 70648|659, 74688|803, 65440|964, 61468|1075, 54140|1283, 39472|1523, 38248|1780, 26840|2250, 27960|2340, 27828|2426, 26960|2505, 27204|2601, 27516|2687, 26524|2770, 26760|2852, 25268|2947, 24392|3049, 21316|3180, 19832|3290, 19000|3417, 18256|3495, 19136|3578, 19236|3663, 18624|3803, 16656|3999, 16300|4118, https://www.yahoo.com, 
80432|1, 75972|302, 74324|396, 72296|518, 72004|727, 72556|854, 70184|978, 59884|1122, 56128|1225, 44772|1492, 36752|1672, 37108|1986, 24800|2335, 25304|2458, 24560|2533, 25188|2611, 25568|2695, 24824|2772, 25304|2851, 24064|2927, 24228|3008, 21796|3116, 19068|3236, 18088|3371, 17008|3516, 16268|3609, 16340|3719, 16340|4005, https://www.pku.edu.cn, 
76328|1, 71276|282, 68752|421, 67292|530, 67996|714, 66312|866, 57816|1020, 53732|1143, 38252|1400, 34428|1553, 32140|1843, 26784|2114, 20252|2317, 21852|2402, 22620|2495, 22476|2598, 21520|2674, 22704|2751, 21588|2823, 21740|2911, 21100|3014, 18788|3109, 17064|3217, 16264|3357, 16264|3531, 16292|3634, 16320|3757, 16568|4039, https://www.pku.edu.cn, 
85596|1, 83836|274, 80072|369, 78344|463, 78308|703, 75464|878, 73136|988, 64452|1124, 60816|1211, 53120|1467, 42740|1656, 38900|1975, 30004|2400, 30272|2512, 30704|2601, 29836|2675, 30248|2756, 29256|2834, 30208|2911, 29572|2987, 30148|3067, 29588|3183, 26376|3296, 23352|3474, 22360|3560, 21368|3703, 18428|3828, 17124|3959, 17832|4088, https://www.jd.com, 
86172|1, 81664|274, 79820|379, 77224|504, 79016|689, 76232|816, 75832|944, 67988|1075, 63472|1188, 52352|1409, 41784|1622, 40716|1767, 37016|2175, 30444|2420, 30988|2520, 30756|2614, 29764|2704, 29684|2804, 28816|2888, 29848|2976, 28792|3101, 25072|3220, 23288|3350, 23044|3440, 21680|3519, 21456|3596, 22096|3678, 20296|3877, 19080|4026, https://www.yahoo.com, 
81848|1, 76740|283, 75072|371, 72652|499, 74960|659, 71140|796, 70136|945, 62960|1083, 58176|1176, 48884|1420, 37184|1611, 33604|1790, 25180|2291, 25084|2425, 24964|2509, 24736|2594, 23744|2676, 24272|2770, 23416|2854, 23440|2939, 23228|3038, 19760|3142, 17684|3253, 16336|3388, 16960|3481, 16340|3558, 17212|3642, 16348|3795, 16232|4067, https://www.yahoo.com, 
77292|1, 74512|319, 72472|460, 71580|606, 67684|755, 69392|891, 60088|1028, 56096|1145, 49968|1293, 39344|1555, 29872|1875, 30612|2154, 21496|2404, 22744|2502, 23244|2591, 22128|2674, 22824|2764, 23240|2843, 21752|2920, 22548|3024, 18456|3126, 17960|3219, 16348|3361, 16348|3624, 16252|3707, 16252|3785, 16272|3879, 16400|3977, 16400|4095, https://www.pku.edu.cn, 
74736|1, 72016|260, 68560|358, 66380|485, 64308|640, 65192|782, 65072|898, 57552|1040, 51572|1158, 47448|1292, 30892|1588, 28548|2019, 16940|2358, 17628|2506, 17576|2599, 16712|2676, 17868|2765, 17180|2845, 17352|2924, 16608|2997, 17228|3079, 16360|3179, 16484|3305, 16240|3434, 16240|3611, 16336|3747, 16460|3837, 16336|3947, 16336|4032, https://www.pku.edu.cn, 
69160|1, 68416|289, 66132|396, 64060|543, 62736|706, 60260|826, 61748|952, 53500|1114, 48124|1211, 37004|1484, 25084|1772, 22608|2077, 17744|2461, 19164|2564, 19212|2676, 28784|2766, 29676|2845, 29692|2930, 28960|3007, 29448|3091, 27116|3188, 25404|3279, 23452|3456, 21236|3563, 20568|3664, 17668|3828, 19048|3955, 18396|4073, https://www.jd.com, 
88920|1, 84048|239, 82468|336, 79680|480, 79472|692, 80164|830, 72196|969, 67780|1079, 64092|1190, 52632|1410, 46064|1625, 45012|1917, 34968|2291, 34100|2397, 34376|2514, 34924|2605, 35572|2684, 36116|2766, 36084|2853, 34552|2947, 32300|3055, 30720|3143, 27000|3292, 24784|3413, 21196|3511, 20456|3613, 21324|3690, 22604|3776, 16280|3863, 16256|3978, 16172|4086, https://www.mit.edu, 
85712|1, 84812|276, 81860|394, 79860|585, 76368|758, 77608|904, 70472|1047, 65140|1184, 58240|1346, 44128|1641, 38144|1990, 27868|2359, 31052|2485, 31488|2563, 31452|2654, 31292|2739, 31552|2816, 31304|2902, 31140|2987, 30448|3095, 28520|3188, 26012|3345, 23560|3474, 23060|3619, 20780|3733, 19660|3852, 16848|3956, 16352|4042, https://www.pku.edu.cn, 
83108|1, 81100|186, 77184|289, 75224|391, 76696|663, 73348|790, 68200|967, 61364|1092, 58288|1206, 48676|1409, 39024|1658, 35260|2081, 29492|2360, 28500|2441, 29212|2523, 28348|2604, 29348|2681, 28480|2756, 30032|2834, 28840|2908, 28904|2987, 27788|3075, 25820|3154, 22444|3306, 22308|3404, 19332|3543, 19444|3668, 16964|3750, 17380|3844, 17036|3931, 16308|4026, https://www.pku.edu.cn, 
80584|1, 76240|240, 75916|396, 74068|599, 71056|740, 71232|877, 61180|1026, 57892|1118, 48540|1336, 37884|1558, 35884|1908, 24856|2261, 26776|2393, 25908|2472, 26348|2552, 25356|2631, 25932|2707, 25644|2783, 25824|2858, 24780|2938, 23264|3035, 21464|3128, 19152|3311, 16940|3432, 16344|3517, 16344|3607, 16240|3762, 16240|3876, 16396|3975, 16272|4065, https://www.baidu.com, 
77940|1, 77752|246, 73440|357, 73124|504, 70368|698, 69128|824, 69164|1006, 60360|1132, 56492|1243, 49812|1397, 36716|1656, 33172|1838, 25116|2262, 21304|2478, 22316|2581, 23516|2672, 22772|2755, 23512|2842, 22520|2917, 23696|2994, 22456|3082, 22472|3172, 19840|3261, 17496|3420, 16320|3573, 16344|3713, 16344|3836, 16292|3970, 16332|4098, https://www.baidu.com, 
75364|1, 75604|187, 72432|334, 70276|467, 67956|662, 68772|822, 62500|943, 56780|1058, 52080|1174, 39424|1470, 31776|1640, 25880|2144, 22080|2330, 23192|2418, 22200|2499, 22796|2599, 21824|2674, 22556|2753, 21812|2828, 22004|2905, 21020|2998, 19160|3094, 16308|3247, 16388|3366, 16264|3497, 16252|3625, 16140|3709, 16264|3812, 16168|4078, https://www.pku.edu.cn, 
84124|1, 83644|277, 82952|379, 80360|504, 78196|634, 76712|813, 75472|930, 72152|1092, 64836|1196, 61360|1299, 49368|1549, 43000|1718, 39800|1933, 27632|2389, 26876|2586, 30136|2671, 29144|2765, 29624|2844, 28872|2922, 29876|3010, 29008|3081, 29648|3165, 27724|3248, 25844|3344, 22372|3480, 21560|3603, 19328|3712, 19032|3848, 17160|3964, 18472|4060, https://www.jd.com, 
87720|1, 87680|243, 84696|384, 83120|560, 81148|715, 80576|837, 72540|1009, 67044|1122, 58812|1357, 47216|1580, 46264|1876, 33896|2293, 34672|2445, 34300|2528, 34704|2618, 33464|2699, 34064|2786, 33196|2860, 33352|2937, 32528|3017, 33336|3113, 29744|3208, 27468|3366, 24864|3526, 22880|3654, 20028|3745, 21764|3827, 20400|3908, 16308|4010, https://www.mit.edu, 
86024|1, 85536|227, 82644|346, 80616|493, 79468|682, 76996|790, 78424|914, 68820|1034, 64916|1179, 50684|1455, 44648|1654, 41944|1838, 35488|2205, 29092|2378, 30044|2461, 31412|2536, 31592|2623, 30604|2696, 32248|2776, 31380|2848, 32368|2926, 31004|3002, 29516|3100, 28112|3189, 25152|3393, 22924|3510, 20328|3628, 20500|3717, 20704|3817, 19960|3894, 16860|4041, https://www.mit.edu, 
83660|1, 79344|239, 79124|373, 78220|592, 73532|703, 73912|860, 63708|1029, 61396|1127, 49196|1364, 40848|1563, 38312|1735, 28400|2104, 25276|2349, 24408|2435, 28128|2520, 26916|2602, 27928|2683, 27652|2756, 28488|2836, 27744|2906, 27388|3004, 26196|3098, 22316|3239, 20336|3333, 18360|3453, 19784|3543, 20164|3637, 19828|3718, 20212|3808, 19096|3894, 19976|3976, 19108|4050, https://www.yahoo.com, 
77560|1, 78116|212, 74244|323, 74100|460, 72560|638, 69492|771, 70720|938, 62148|1101, 57304|1217, 47448|1448, 35596|1697, 31592|2049, 28680|2374, 28628|2483, 28228|2563, 27360|2644, 27312|2758, 26444|2840, 27696|2929, 28068|3053, 24884|3171, 23520|3325, 20420|3466, 20048|3560, 19056|3641, 20408|3718, 19292|3875, 18424|4003, https://www.yahoo.com, 
84300|1, 83716|205, 80632|312, 78520|468, 77084|644, 75772|805, 74512|920, 66148|1059, 62804|1176, 54740|1359, 42816|1596, 38984|1852, 30704|2255, 30332|2374, 30724|2457, 29856|2535, 30248|2625, 29380|2701, 30388|2783, 30140|2862, 30532|2942, 29188|3037, 27512|3129, 24536|3233, 23192|3387, 18872|3514, 19624|3643, 17764|3743, 17416|3818, 17936|3907, 16324|4019, https://www.mit.edu, 
91016|1, 90944|238, 87720|382, 85680|536, 84040|703, 83904|861, 81424|974, 71804|1092, 68188|1199, 52420|1502, 46852|1669, 46400|1990, 38676|2234, 36140|2418, 35152|2494, 35900|2576, 35432|2651, 34440|2725, 35336|2804, 36088|2885, 35224|2961, 35644|3056, 34652|3134, 32992|3252, 29608|3388, 28120|3485, 26780|3610, 19304|3713, 20672|3817, 19088|3938, 18004|4074, https://www.baidu.com, 
85944|1, 86072|178, 82264|271, 82948|409, 80660|609, 78372|746, 77108|889, 69620|1029, 65524|1125, 50296|1471, 44764|1594, 41996|1866, 33156|2275, 32412|2388, 33296|2487, 31832|2568, 33172|2649, 32180|2720, 31496|2796, 32788|2877, 31424|2958, 31800|3044, 29268|3177, 26540|3324, 24556|3444, 24092|3557, 16308|3657, 18184|3773, 16324|3886, 17440|4009, https://www.baidu.com, 
84836|1, 80256|199, 78276|293, 76564|447, 72044|638, 77288|771, 74820|893, 65676|1006, 62568|1109, 48240|1382, 40300|1699, 35296|2085, 29104|2277, 28236|2361, 30832|2444, 30336|2532, 31068|2609, 30200|2686, 29208|2762, 30380|2854, 30252|2971, 27028|3057, 25644|3167, 22708|3320, 20112|3417, 18752|3546, 18136|3623, 18140|3704, 16776|3780, 16288|3909, 16308|4020, https://www.mit.edu, 
82872|1, 83004|250, 78968|373, 79592|515, 77412|688, 75688|868, 75380|998, 68148|1167, 62416|1277, 54972|1494, 44060|1684, 40024|1850, 39160|2140, 27256|2494, 28940|2594, 28444|2676, 29384|2764, 28144|2847, 28540|2935, 27672|3012, 28588|3102, 25740|3190, 25376|3279, 21408|3459, 21284|3565, 20292|3642, 19424|3714, 21012|3807, 20020|3894, 21508|3985, 20516|4077, https://www.yahoo.com, 
79228|1, 77252|182, 72972|285, 73676|439, 71880|579, 69996|758, 69312|873, 61468|999, 56684|1114, 48680|1360, 35708|1580, 29548|2072, 23368|2265, 22500|2350, 23840|2434, 22976|2511, 21984|2594, 23976|2677, 22984|2760, 23752|2854, 22516|2932, 23276|3023, 19832|3127, 17132|3256, 17008|3363, 16284|3482, 17456|3588, 16352|3691, 16476|3782, 16352|3870, 16352|4074, https://www.mit.edu, 
78448|1, 78604|154, 77028|243, 74348|369, 72284|586, 70120|752, 70408|884, 63076|1032, 58164|1127, 54448|1226, 44276|1452, 32992|1780, 29940|2164, 22436|2421, 23392|2508, 22276|2608, 22832|2687, 21592|2762, 22464|2839, 21608|2929, 21792|3025, 18896|3123, 16416|3209, 16292|3297, 16356|3453, 16356|3557, 16856|3659, 16892|3849, 16344|3954, 16344|4065, https://www.baidu.com, 
75116|1, 75264|207, 72492|343, 71092|474, 68484|626, 66844|761, 65356|880, 58892|1043, 52456|1165, 44404|1394, 32504|1598, 28560|1839, 24608|2176, 19296|2400, 18308|2485, 17316|2579, 18632|2671, 26924|2764, 29744|2868, 28788|2942, 29324|3025, 28816|3118, 23804|3237, 23612|3351, 22112|3459, 19732|3608, 16800|3733, 16340|3821, 18236|3902, 17244|3986, 16320|4083, https://www.mit.edu, 
82184|1, 83772|221, 79820|345, 79696|526, 76840|711, 76972|876, 67768|998, 64240|1100, 56020|1287, 43308|1553, 40668|1690, 34244|2133, 30860|2346, 29868|2432, 30940|2529, 29592|2615, 29948|2714, 29580|2821, 29184|2918, 27848|3007, 26012|3090, 22096|3204, 20888|3378, 20580|3452, 21932|3550, 20444|3709, 16616|3954, 16572|4051, https://www.yahoo.com, 
83888|1, 81856|225, 79500|361, 77468|551, 76692|762, 73384|875, 64840|1013, 60004|1107, 44492|1384, 39096|1666, 37368|2103, 28420|2296, 28220|2381, 27620|2460, 26628|2540, 27688|2617, 26696|2693, 28048|2781, 26948|2853, 27628|2943, 25900|3031, 22924|3124, 20712|3310, 16288|3449, 17776|3571, 16288|3695, 17032|3871, 16288|3965, 16288|4053, https://www.baidu.com, 
79596|1, 75368|202, 73084|322, 74392|488, 70336|638, 72108|763, 67276|876, 59640|982, 56696|1080, 45004|1309, 36896|1561, 34108|1814, 23752|2233, 24992|2340, 25276|2420, 24408|2516, 23416|2616, 23688|2697, 22820|2769, 24108|2926, 20264|3012, 20044|3108, 16776|3219, 16716|3408, 16344|3514, 16484|3657, 16360|3797, 16240|3885, 16240|4052, https://www.baidu.com, 
76796|1, 72496|212, 72204|380, 70496|582, 69768|759, 66916|868, 58672|1026, 53880|1133, 47244|1308, 32764|1589, 31752|1765, 18328|2238, 19928|2379, 19060|2461, 20680|2558, 19440|2652, 20616|2742, 19500|2831, 20292|2943, 19232|3043, 17832|3127, 16244|3229, 16244|3367, 16432|3444, 16308|3518, 17492|3601, 16252|3745, 16332|3869, 17348|4077, https://www.yahoo.com, 
75212|1, 73692|186, 69568|274, 66872|395, 65460|535, 61132|667, 68340|815, 62208|945, 55020|1066, 51660|1178, 36444|1451, 30276|1648, 28912|1965, 21540|2236, 20548|2350, 22232|2456, 22792|2628, 21708|2709, 22412|2812, 21048|2892, 19560|2980, 18668|3104, 16312|3207, 17284|3369, 16292|3453, 16292|3533, 17572|3615, 16588|3693, 17252|3778, 16392|3856, 16268|3935, 17296|4014, https://www.yahoo.com, 
