4343|1, 4343|1935, 4344|1957, 4344|2027, 4345|2052, 4345|2164, 4346|2192, 4346|2224, 4347|2246, 4347|2281, 4348|2314, 4349|2346, 4350|2367, 4350|2468, 4351|2481, 4351|2576, 4352|2589, 4352|3929, 4353|3951, 4353|4001, https://www.shodan.io, 
4367|1, 4367|2085, 4368|2117, 4368|2208, 4369|2228, 4369|2325, 4370|2343, 4370|2398, 4371|2413, 4371|2448, 4372|2467, 4372|2517, 4373|2529, 4373|2637, 4374|2651, 4374|2755, 4375|2809, 4375|4016, https://world.taobao.com, 
4390|1, 4390|787, 4391|827, 4391|1999, 4392|2069, 4392|2106, 4393|2131, 4393|2233, 4394|2250, 4394|2318, 4395|2339, 4396|2358, 4396|2429, 4397|2446, 4397|2543, 4398|2563, 4398|2652, 4399|2674, 4399|2810, 4400|2826, 4400|2936, 4401|2963, 4401|3164, 4402|3188, 4402|3235, 4403|3254, 4403|3481, 4404|3508, 4404|3759, 4405|3783, 4405|4006, https://www.linkedin.com, 
4435|1, 4435|1910, 4436|1948, 4436|2140, 4437|2152, 4437|2254, 4438|2270, 4438|2386, 4439|2402, 4439|2450, 4440|2474, 4440|2504, 4441|2523, 4441|2556, 4442|2574, 4442|2687, 4443|2700, 4443|2805, 4444|2822, 4444|2881, 4445|2898, 4445|4003, https://www.bing.com, 
4462|1, 4462|2152, 4463|2165, 4463|2285, 4464|2316, 4464|2392, 4465|2412, 4465|2455, 4466|2472, 4466|2543, 4467|2557, 4467|2590, 4468|2615, 4468|2704, 4469|2727, 4469|2847, 4470|2880, 4470|4010, https://www.ctrip.com, 
4497|1, 4497|1085, 4498|1148, 4498|2046, 4499|2069, 4499|2151, 4500|2166, 4500|2290, 4501|2310, 4501|2353, 4502|2374, 4502|2400, 4503|2417, 4503|2445, 4504|2472, 4504|2576, 4505|2597, 4505|2694, 4506|2715, 4506|4008, https://www.pinduoduo.com, 
4522|1, 4522|2114, 4523|2143, 4523|2270, 4524|2297, 4524|2347, 4525|2362, 4525|2421, 4526|2444, 4526|2506, 4527|2520, 4527|2566, 4528|2583, 4528|2658, 4529|2686, 4529|2814, 4530|2829, 4530|4016, http://blogs.360.cn, 
4545|1, 4545|2195, 4546|2215, 4546|2296, 4547|2315, 4547|2413, 4548|2451, 4548|2502, 4549|2527, 4550|2549, 4550|2595, 4551|2610, 4551|2747, 4552|2763, 4552|2841, 4553|2867, 4553|4003, https://www.alipay.com, 
4568|1, 4568|2139, 4569|2154, 4569|2212, 4570|2231, 4570|2364, 4571|2391, 4571|2440, 4572|2463, 4573|2521, 4574|2569, 4574|2675, 4575|2696, 4575|2721, 4576|2778, 4576|4002, https://world.taobao.com, 
4591|1, 4591|2425, 4592|2461, 4592|2557, 4593|2576, 4593|2671, 4594|2700, 4594|2728, 4595|2752, 4595|2798, 4596|2822, 4596|2858, 4597|2871, 4597|2975, 4598|3001, 4598|3080, 4599|3105, 4599|4016, https://www.yahoo.com, 
4616|1, 4616|2352, 4617|2381, 4617|2494, 4618|2535, 4618|2584, 4619|2606, 4619|2668, 4620|2686, 4620|2734, 4621|2761, 4621|2789, 4622|2811, 4622|2893, 4623|2945, 4623|3025, 4624|3059, 4624|4006, https://www.shodan.io, 
4636|1, 4636|2521, 4637|2545, 4637|2619, 4638|2650, 4638|2771, 4639|2803, 4639|2838, 4640|2889, 4641|2938, 4642|2973, 4642|3069, 4643|3104, 4643|3174, 4644|3197, 4644|3831, 4645|3856, 4645|3916, 4646|3929, 4646|4013, https://www.buaa.edu.cn, 
4662|1, 4662|1906, 4664|1955, 4664|2356, 4665|2406, 4665|2457, 4666|2500, 4666|2576, 4667|2613, 4667|2642, 4668|2703, 4669|2737, 4669|2794, 4670|2828, 4670|2878, 4671|2917, 4671|3002, 4672|3019, 4672|4011, https://zhuanlan.zhihu.com, 
4684|1, 4684|2321, 4685|2384, 4685|2424, 4686|2476, 4686|2590, 4687|2610, 4687|2655, 4688|2674, 4688|2695, 4689|2710, 4689|2759, 4690|2781, 4690|2900, 4691|2916, 4691|3008, 4692|3023, 4692|3219, 4693|3235, 4693|3475, 4694|3501, 4694|3531, 4695|3555, 4695|3768, 4696|3782, 4696|4018, https://www.linkedin.com, 
4725|1, 4725|2120, 4726|2135, 4726|2281, 4727|2296, 4727|2348, 4728|2402, 4728|2428, 4729|2460, 4729|2521, 4730|2550, 4730|2580, 4731|2607, 4731|2668, 4732|2685, 4732|2817, 4733|2835, 4733|4023, https://www.shodan.io, 
4747|1, 4747|2198, 4748|2216, 4748|2366, 4749|2401, 4749|2447, 4750|2467, 4750|2509, 4751|2527, 4751|2609, 4752|2638, 4752|2680, 4753|2708, 4753|2761, 4754|2786, 4754|2926, 4755|2948, 4755|4001, https://www.jd.com, 
4768|1, 4768|2126, 4769|2164, 4769|2299, 4770|2324, 4770|2374, 4771|2388, 4771|2447, 4772|2474, 4772|2538, 4773|2575, 4773|2621, 4774|2661, 4774|2703, 4775|2733, 4775|2847, 4776|2892, 4776|3839, 4777|3870, 4777|4016, https://www.ctrip.com, 
4802|1, 4802|1253, 4803|1298, 4803|2198, 4804|2213, 4804|2255, 4805|2284, 4805|2424, 4806|2438, 4806|2499, 4808|2518, 4808|2554, 4809|2569, 4809|2721, 4810|2740, 4810|2807, 4811|2827, 4811|4014, https://www.alipay.com, 
4826|1, 4826|2234, 4827|2257, 4827|2405, 4828|2427, 4828|2459, 4829|2481, 4829|2538, 4830|2560, 4830|2633, 4831|2652, 4831|2692, 4832|2715, 4832|2758, 4833|2806, 4833|2865, 4834|2946, 4834|3704, 4835|3719, 4835|4011, https://world.taobao.com, 
4848|1, 4848|1001, 4849|1111, 4849|2107, 4850|2145, 4850|2228, 4851|2252, 4851|2340, 4852|2363, 4852|2415, 4853|2433, 4853|2468, 4854|2484, 4854|2526, 4855|2548, 4855|2651, 4856|2671, 4856|2780, 4857|2794, 4857|4019, https://www.douyin.com, 
4873|1, 4873|2243, 4874|2267, 4874|2393, 4875|2405, 4875|2481, 4876|2504, 4876|2536, 4877|2549, 4877|2639, 4878|2668, 4878|2690, 4879|2705, 4879|2778, 4880|2801, 4880|2932, 4881|2949, 4881|4003, https://www.bing.com, 
4897|1, 4897|2175, 4898|2201, 4898|2288, 4899|2319, 4899|2423, 4900|2451, 4900|2512, 4901|2540, 4902|2559, 4902|2589, 4903|2604, 4903|2723, 4904|2739, 4904|2833, 4905|2863, 4905|3801, 4906|3817, 4906|4006, https://zhuanlan.zhihu.com, 
4920|1, 4920|2230, 4921|2258, 4921|2337, 4922|2361, 4922|2456, 4923|2522, 4923|2544, 4924|2563, 4924|2583, 4925|2598, 4925|2642, 4926|2665, 4926|2793, 4927|2820, 4927|2893, 4928|2906, 4928|3232, 4929|3245, 4929|3456, 4930|3482, 4930|3533, 4931|3557, 4931|3765, 4932|3790, 4932|4003, https://www.buaa.edu.cn, 
4950|1, 4950|2165, 4951|2211, 4951|2256, 4952|2274, 4952|2398, 4953|2419, 4953|2470, 4954|2493, 4955|2516, 4955|2545, 4956|2577, 4956|2714, 4957|2740, 4957|2827, 4958|2844, 4958|4011, https://www.jianshu.com, 
4981|1, 4981|2147, 4982|2166, 4982|2213, 4983|2234, 4983|2376, 4984|2397, 4984|2449, 4985|2475, 4986|2490, 4986|2524, 4987|2538, 4987|2693, 4988|2707, 4988|2752, 4989|2775, 4989|4010, https://www.netflix.com, 
5005|1, 5005|2307, 5006|2319, 5006|2399, 5007|2429, 5007|2532, 5008|2552, 5008|2613, 5009|2633, 5010|2659, 5010|2701, 5011|2715, 5011|2841, 5012|2884, 5012|2946, 5013|2972, 5013|4024, https://www.netflix.com, 
5027|1, 5027|2445, 5028|2476, 5028|2571, 5029|2608, 5029|2679, 5030|2714, 5030|2765, 5031|2779, 5031|2818, 5032|2845, 5032|2866, 5033|2884, 5033|2998, 5034|3032, 5034|3120, 5035|3143, 5035|4005, https://www.alipay.com, 
5047|1, 5047|2303, 5048|2332, 5048|2436, 5049|2452, 5049|2525, 5050|2561, 5050|2603, 5051|2640, 5051|2657, 5052|2677, 5052|2725, 5053|2746, 5053|2829, 5054|2855, 5054|2970, 5055|2994, 5055|4004, https://www.shodan.io, 
5068|1, 5068|2460, 5069|2478, 5069|2545, 5070|2561, 5070|2675, 5071|2697, 5071|2756, 5072|2770, 5073|2798, 5073|2842, 5074|2862, 5074|2939, 5075|2986, 5075|3044, 5076|3110, 5076|4014, https://world.taobao.com, 
5089|1, 5089|2299, 5090|2324, 5090|2404, 5091|2439, 5091|2541, 5093|2564, 5093|2596, 5094|2617, 5094|2643, 5095|2667, 5095|2687, 5096|2710, 5096|2835, 5097|2861, 5097|2948, 5098|2962, 5098|3032, 5099|3052, 5099|3464, 5100|3496, 5100|3709, 5101|3729, 5101|3770, 5102|3785, 5102|3972, 5103|3985, 5103|4018, https://www.buaa.edu.cn, 
5124|1, 5124|2303, 5125|2349, 5125|2481, 5126|2527, 5126|2566, 5127|2587, 5127|2626, 5128|2641, 5128|2708, 5129|2728, 5129|2778, 5130|2803, 5130|2867, 5131|2885, 5131|3023, 5132|3037, 5132|4007, https://www.alipay.com, 
5147|1, 5147|2390, 5148|2417, 5148|2502, 5149|2537, 5149|2610, 5150|2631, 5150|2683, 5151|2702, 5151|2756, 5152|2772, 5152|2816, 5153|2841, 5153|2925, 5154|2948, 5154|3061, 5155|3084, 5155|4019, https://www.apple.com, 
5168|1, 5168|2366, 5169|2404, 5169|2491, 5170|2531, 5170|2590, 5171|2608, 5171|2660, 5172|2675, 5172|2711, 5173|2737, 5173|2784, 5174|2810, 5174|2897, 5175|2927, 5175|3028, 5176|3046, 5176|4011, https://www.alipay.com, 
5190|1, 5190|2263, 5191|2284, 5191|2358, 5192|2382, 5192|2476, 5193|2508, 5193|2558, 5194|2589, 5194|2607, 5195|2620, 5195|2666, 5196|2688, 5196|2793, 5197|2806, 5197|2917, 5198|2945, 5198|4011, https://www.mit.edu, 
5212|1, 5212|2314, 5213|2333, 5213|2410, 5214|2432, 5214|2565, 5215|2595, 5215|2653, 5216|2670, 5217|2685, 5217|2745, 5218|2769, 5218|2870, 5219|2885, 5219|2968, 5220|2992, 5220|4008, https://zhuanlan.zhihu.com, 
5234|1, 5234|2294, 5235|2327, 5235|2356, 5236|2386, 5236|2504, 5237|2526, 5237|2599, 5239|2631, 5239|2658, 5240|2677, 5240|2805, 5241|2821, 5241|2901, 5242|2920, 5242|4001, https://www.mit.edu, 
5256|1, 5256|2479, 5257|2494, 5257|2593, 5258|2621, 5258|2709, 5259|2724, 5259|2761, 5260|2786, 5260|2856, 5261|2876, 5261|2912, 5262|2927, 5262|2999, 5263|3021, 5263|3154, 5264|3167, 5264|4017, https://www.apple.com, 
5276|1, 5276|2374, 5277|2390, 5277|2455, 5278|2481, 5278|2599, 5279|2622, 5279|2670, 5280|2693, 5281|2720, 5281|2756, 5282|2771, 5282|2901, 5283|2917, 5283|3003, 5284|3018, 5284|4006, https://www.baidu.com, 
5310|1, 5310|2266, 5311|2289, 5311|2350, 5312|2394, 5312|2509, 5313|2525, 5313|2578, 5314|2604, 5314|2620, 5315|2642, 5315|2686, 5316|2702, 5316|2815, 5317|2840, 5317|2929, 5318|2968, 5318|3763, 5319|3788, 5319|4023, https://www.yahoo.com, 
5337|1, 5337|2380, 5338|2392, 5338|2510, 5339|2532, 5339|2628, 5340|2672, 5341|2718, 5341|2747, 5342|2771, 5342|2818, 5343|2839, 5343|2923, 5344|2946, 5344|3062, 5345|3085, 5345|4014, https://www.shodan.io, 
5358|1, 5358|2312, 5359|2341, 5359|2445, 5360|2466, 5360|2549, 5361|2578, 5361|2621, 5362|2636, 5362|2693, 5363|2716, 5363|2738, 5364|2769, 5364|2869, 5365|2920, 5365|3001, 5366|3054, 5366|4015, https://world.taobao.com, 
5379|1, 5379|2246, 5380|2299, 5380|2403, 5381|2425, 5381|2480, 5382|2518, 5382|2551, 5383|2572, 5383|2639, 5384|2663, 5384|2686, 5385|2708, 5385|2798, 5386|2815, 5386|2941, 5387|2956, 5387|3216, 5388|3235, 5388|3422, 5389|3459, 5389|3524, 5390|3552, 5390|3752, 5391|3774, 5391|4005, https://www.linkedin.com, 
5416|1, 5416|2471, 5417|2483, 5417|2576, 5418|2594, 5418|2705, 5419|2723, 5419|2788, 5420|2812, 5421|2830, 5421|2877, 5422|2900, 5422|3027, 5423|3066, 5423|3114, 5424|3176, 5424|4001, https://world.taobao.com, 
5435|1, 5435|2179, 5436|2201, 5436|2262, 5437|2305, 5437|2405, 5438|2427, 5438|2470, 5439|2489, 5439|2529, 5440|2549, 5440|2586, 5441|2614, 5441|2723, 5442|2737, 5442|2844, 5443|2865, 5443|3821, 5444|3857, 5444|4022, https://www.jd.com, 
5458|1, 5458|2254, 5459|2277, 5459|2405, 5460|2427, 5460|2516, 5461|2537, 5461|2561, 5462|2589, 5462|2651, 5463|2673, 5463|2713, 5464|2733, 5464|2831, 5465|2856, 5465|2967, 5466|2988, 5466|4012, http://blogs.360.cn, 
5480|1, 5480|2364, 5481|2389, 5481|2461, 5482|2484, 5482|2596, 5483|2626, 5483|2678, 5484|2720, 5485|2749, 5485|2777, 5486|2794, 5486|2901, 5487|2920, 5487|3034, 5488|3057, 5488|4003, https://www.pinduoduo.com, 
5502|1, 5502|2245, 5503|2257, 5503|2473, 5504|2503, 5504|2551, 5505|2570, 5505|2777, 5506|2815, 5506|3350, 5507|3379, 5507|3588, 5508|3614, 5508|3659, 5509|3673, 5509|3906, 5510|3922, 5511|3939, 5511|4016, https://www.ctrip.com, 
5534|1, 5534|2348, 5535|2371, 5535|2432, 5536|2460, 5536|2591, 5537|2606, 5537|2652, 5538|2673, 5538|2692, 5539|2710, 5539|2757, 5540|2776, 5540|2870, 5541|2898, 5541|3004, 5542|3018, 5542|4006, https://www.alipay.com, 
5556|1, 5556|2425, 5557|2441, 5557|2570, 5558|2607, 5558|2628, 5559|2678, 5559|2726, 5560|2744, 5560|2819, 5561|2848, 5561|2878, 5562|2901, 5562|2964, 5563|2990, 5563|3118, 5564|3131, 5564|4012, https://www.mit.edu, 
5578|1, 5578|2300, 5579|2362, 5579|2473, 5580|2497, 5580|2582, 5581|2605, 5581|2639, 5582|2656, 5582|2717, 5583|2743, 5583|2768, 5584|2792, 5584|2889, 5585|2905, 5585|3012, 5586|3036, 5586|3221, 5587|3238, 5587|3449, 5588|3467, 5588|3520, 5589|3534, 5589|3763, 5590|3780, 5590|4015, https://www.linkedin.com, 
5614|1, 5614|2313, 5615|2340, 5615|2463, 5616|2497, 5616|2559, 5617|2579, 5617|2623, 5618|2646, 5618|2711, 5619|2749, 5619|2783, 5620|2798, 5620|2859, 5621|2886, 5621|3008, 5622|3030, 5622|4001, https://www.jianshu.com, 
5643|1, 5643|2324, 5644|2344, 5644|2445, 5645|2466, 5645|2571, 5646|2599, 5646|2629, 5647|2659, 5647|2698, 5648|2730, 5648|2763, 5649|2780, 5649|2863, 5650|2883, 5650|3007, 5651|3040, 5651|4014, https://www.apple.com, 
5668|1, 5668|2352, 5669|2391, 5669|2515, 5670|2540, 5670|2621, 5671|2645, 5671|2660, 5672|2685, 5672|2749, 5673|2774, 5673|2818, 5674|2838, 5674|2919, 5675|2933, 5675|3045, 5676|3061, 5676|4006, https://www.netflix.com, 
5688|1, 5688|2481, 5689|2502, 5689|2617, 5690|2640, 5690|2706, 5691|2731, 5691|2773, 5692|2790, 5692|2856, 5693|2876, 5693|2919, 5694|2936, 5694|3037, 5695|3059, 5695|3168, 5696|3182, 5696|4008, https://www.pinduoduo.com, 
5709|1, 5709|2216, 5710|2229, 5710|2331, 5711|2353, 5711|2464, 5712|2479, 5712|2523, 5713|2548, 5713|2570, 5714|2590, 5714|2662, 5715|2687, 5715|2775, 5716|2793, 5716|2869, 5717|2890, 5717|4005, https://www.jianshu.com, 
5739|1, 5739|2405, 5740|2422, 5740|2587, 5741|2603, 5741|2643, 5742|2661, 5742|2707, 5743|2737, 5743|2825, 5744|2841, 5744|2889, 5745|2909, 5745|2957, 5746|2983, 5746|3132, 5747|3147, 5747|4031, https://www.bing.com, 
5760|1, 5760|2379, 5761|2395, 5761|2496, 5762|2525, 5762|2628, 5763|2656, 5763|2673, 5764|2696, 5764|2727, 5765|2756, 5765|2807, 5766|2825, 5766|2924, 5767|2949, 5767|3042, 5768|3062, 5768|3499, 5769|3526, 5769|3731, 5770|3759, 5770|3798, 5771|3820, 5771|4009, https://www.buaa.edu.cn, 
5789|1, 5789|2225, 5790|2262, 5790|2353, 5791|2393, 5791|2468, 5792|2484, 5792|2517, 5793|2545, 5793|2598, 5794|2616, 5794|2670, 5795|2683, 5795|2771, 5796|2788, 5796|2898, 5797|2916, 5797|3161, 5798|3180, 5798|3387, 5799|3411, 5799|3456, 5800|3474, 5800|3694, 5801|3714, 5801|4008, https://www.linkedin.com, 
5832|1, 5832|2295, 5833|2318, 5833|2410, 5834|2437, 5834|2521, 5835|2539, 5835|2582, 5836|2610, 5837|2660, 5837|2722, 5838|2756, 5838|2824, 5839|2841, 5839|2924, 5840|2945, 5840|4026, https://www.shodan.io, 
5859|1, 5859|2224, 5860|2244, 5860|2342, 5861|2379, 5861|2407, 5862|2433, 5862|2465, 5863|2487, 5863|2532, 5864|2554, 5864|2579, 5865|2600, 5865|2646, 5866|2669, 5866|2763, 5867|2785, 5867|2889, 5868|2910, 5868|3434, 5869|3468, 5869|4001, https://www.jianshu.com, 
5896|1, 5896|1399, 5897|1429, 5897|2218, 5898|2259, 5898|2386, 5899|2445, 5900|2481, 5900|2542, 5901|2558, 5901|2620, 5902|2644, 5902|2680, 5903|2706, 5903|2770, 5904|2787, 5904|2932, 5905|2952, 5905|4008, https://www.yahoo.com, 
5932|1, 5932|1158, 5933|1232, 5933|2236, 5934|2269, 5934|2305, 5935|2341, 5935|2448, 5936|2478, 5936|2525, 5937|2549, 5937|2569, 5938|2591, 5938|2629, 5939|2641, 5939|2765, 5940|2788, 5940|2861, 5941|2884, 5941|3010, 5942|3021, 5942|3247, 5943|3261, 5943|3306, 5944|3325, 5944|3547, 5945|3567, 5945|4011, https://www.linkedin.com, 
5976|1, 5976|2150, 5977|2174, 5977|2309, 5978|2349, 5978|2393, 5979|2425, 5979|2471, 5980|2487, 5980|2551, 5981|2566, 5981|2613, 5982|2630, 5982|2709, 5983|2726, 5983|2853, 5984|2868, 5984|4008, https://www.apple.com, 
5999|1, 5999|2338, 6000|2355, 6000|2457, 6001|2482, 6001|2571, 6002|2587, 6002|2623, 6003|2653, 6003|2684, 6004|2708, 6004|2744, 6005|2766, 6005|2884, 6006|2919, 6006|3006, 6007|3037, 6007|4004, https://www.pinduoduo.com, 
6021|1, 6021|2223, 6022|2242, 6022|2375, 6023|2410, 6023|2460, 6024|2479, 6024|2520, 6025|2547, 6025|2616, 6026|2640, 6026|2679, 6027|2707, 6027|2762, 6028|2779, 6028|2906, 6029|2947, 6029|4006, https://www.jd.com, 
6043|1, 6043|2191, 6044|2236, 6044|2424, 6045|2458, 6046|2480, 6046|2516, 6047|2551, 6047|2681, 6048|2706, 6048|2743, 6049|2756, 6050|2770, 6050|2992, 6051|3009, 6051|3104, 6052|3122, 6052|3351, 6053|3363, 6053|3421, 6054|3446, 6054|3656, 6055|3683, 6055|4009, https://www.buaa.edu.cn, 
6072|1, 6072|2217, 6073|2237, 6073|2350, 6074|2385, 6074|2448, 6075|2482, 6075|2521, 6076|2539, 6076|2583, 6077|2603, 6077|2645, 6078|2676, 6078|2780, 6079|2794, 6079|2887, 6080|2907, 6080|3050, 6081|3070, 6081|3274, 6082|3296, 6082|3338, 6083|3361, 6083|3580, 6084|3598, 6084|4018, https://www.buaa.edu.cn, 
6102|1, 6102|2215, 6103|2239, 6103|2307, 6104|2321, 6104|2457, 6105|2476, 6105|2516, 6106|2533, 6106|2560, 6107|2591, 6107|2612, 6108|2633, 6108|2753, 6109|2783, 6109|2855, 6110|2880, 6110|4002, https://www.bing.com, 
6124|1, 6124|2219, 6125|2244, 6125|2399, 6126|2430, 6126|2466, 6127|2481, 6127|2539, 6128|2564, 6128|2644, 6129|2665, 6129|2717, 6130|2739, 6130|2782, 6131|2809, 6131|2961, 6132|2983, 6132|3888, 6133|3907, 6133|4016, https://www.jianshu.com, 
6154|1, 6154|1681, 6155|1700, 6155|2272, 6156|2286, 6156|2384, 6157|2412, 6157|2515, 6158|2534, 6158|2583, 6159|2622, 6159|2679, 6160|2696, 6161|2711, 6161|2808, 6162|2835, 6162|2981, 6163|2998, 6163|4003, https://zhuanlan.zhihu.com, 
6177|1, 6177|2236, 6178|2255, 6178|2358, 6179|2375, 6179|2462, 6180|2481, 6180|2532, 6181|2545, 6181|2594, 6182|2619, 6182|2656, 6183|2681, 6183|2769, 6184|2840, 6185|2919, 6185|3844, 6186|3865, 6186|4012, https://world.taobao.com, 
6207|1, 6207|2235, 6208|2257, 6208|2366, 6209|2394, 6209|2469, 6210|2487, 6210|2546, 6211|2562, 6211|2587, 6212|2614, 6212|2648, 6213|2674, 6213|2783, 6214|2808, 6214|2921, 6215|2935, 6215|4002, https://www.jianshu.com, 
6240|1, 6240|1168, 6242|1264, 6242|1412, 6243|1432, 6243|1858, 6244|1879, 6244|2242, 6245|2270, 6245|2346, 6246|2393, 6246|2488, 6247|2508, 6247|2549, 6248|2587, 6249|2618, 6249|2642, 6250|2659, 6250|2748, 6251|2768, 6251|2798, 6252|2819, 6252|2885, 6253|2900, 6253|3153, 6254|3175, 6254|3352, 6255|3376, 6255|3442, 6256|3463, 6256|3662, 6257|3680, 6257|4007, https://www.linkedin.com, 
6284|1, 6284|2237, 6285|2252, 6285|2376, 6286|2458, 6286|2483, 6287|2502, 6287|2528, 6288|2547, 6288|2640, 6289|2658, 6289|2709, 6290|2724, 6290|2781, 6291|2808, 6291|2945, 6292|2962, 6292|4020, https://www.yahoo.com, 
6309|1, 6309|2246, 6310|2262, 6310|2371, 6311|2406, 6311|2492, 6312|2511, 6312|2549, 6313|2565, 6313|2632, 6314|2655, 6314|2679, 6315|2708, 6315|2797, 6316|2811, 6316|2923, 6317|2942, 6317|4015, https://www.douyin.com, 
6332|1, 6332|2281, 6333|2303, 6333|2435, 6334|2469, 6334|2507, 6335|2541, 6335|2591, 6336|2618, 6336|2668, 6337|2691, 6337|2728, 6338|2757, 6338|2833, 6339|2883, 6339|2976, 6340|2997, 6340|4007, https://www.jianshu.com, 
6362|1, 6362|2241, 6363|2259, 6363|2401, 6364|2418, 6364|2489, 6365|2509, 6365|2549, 6366|2575, 6366|2644, 6367|2667, 6367|2689, 6368|2714, 6368|2792, 6369|2812, 6369|2994, 6370|3026, 6370|4027, https://www.jd.com, 
6384|1, 6384|2205, 6385|2236, 6385|2332, 6386|2344, 6386|2426, 6387|2446, 6387|2518, 6388|2543, 6389|2614, 6390|2699, 6390|2743, 6392|2789, 6392|2884, 6393|2901, 6393|2993, 6394|3017, 6394|3057, 6395|3093, 6395|4013, https://world.taobao.com, 
6409|1, 6409|2279, 6410|2315, 6410|2385, 6411|2417, 6411|2526, 6412|2551, 6412|2593, 6413|2609, 6413|2630, 6414|2657, 6414|2677, 6415|2722, 6415|2821, 6416|2842, 6416|2976, 6417|2991, 6417|4003, https://www.jianshu.com, 
6438|1, 6438|2156, 6439|2207, 6439|2268, 6440|2314, 6440|2401, 6441|2447, 6441|2486, 6442|2503, 6443|2518, 6443|2560, 6444|2586, 6444|2716, 6445|2739, 6445|2797, 6446|2823, 6446|4001, https://www.mit.edu, 
6461|1, 6461|2258, 6462|2276, 6462|2374, 6463|2400, 6463|2484, 6464|2506, 6464|2561, 6465|2579, 6465|2603, 6466|2642, 6467|2682, 6467|2791, 6468|2812, 6468|2926, 6469|2941, 6469|4011, https://www.netflix.com, 
6483|1, 6483|2198, 6484|2220, 6484|2314, 6485|2350, 6485|2458, 6486|2482, 6486|2506, 6487|2520, 6487|2567, 6488|2587, 6488|2636, 6489|2647, 6489|2755, 6490|2777, 6490|2874, 6491|2909, 6491|4010, http://blogs.360.cn, 
6506|1, 6506|2299, 6507|2318, 6507|2523, 6508|2541, 6508|2557, 6509|2578, 6509|2602, 6510|2630, 6510|2785, 6511|2815, 6511|2841, 6512|2863, 6513|2881, 6513|3077, 6514|3110, 6514|3319, 6515|3342, 6515|3553, 6516|3587, 6516|3630, 6517|3645, 6517|3866, 6518|3891, 6518|4012, https://www.buaa.edu.cn, 
6534|1, 6534|2257, 6535|2275, 6535|2415, 6536|2448, 6536|2481, 6537|2515, 6537|2560, 6538|2576, 6538|2672, 6539|2693, 6539|2736, 6540|2749, 6540|2811, 6541|2829, 6541|2981, 6542|2997, 6542|3352, 6543|3392, 6543|4015, https://zhuanlan.zhihu.com, 
6557|1, 6557|2160, 6558|2182, 6558|2227, 6559|2252, 6559|2376, 6560|2397, 6560|2458, 6561|2472, 6562|2489, 6562|2528, 6563|2565, 6563|2685, 6564|2701, 6564|2759, 6565|2781, 6565|4018, https://www.alipay.com, 
6580|1, 6580|2265, 6581|2285, 6581|2402, 6582|2442, 6582|2521, 6583|2552, 6583|2574, 6584|2604, 6584|2677, 6585|2692, 6585|2727, 6586|2748, 6586|2825, 6587|2845, 6587|2961, 6588|2982, 6588|3103, 6589|3119, 6589|3345, 6590|3365, 6590|3401, 6591|3428, 6591|3632, 6592|3653, 6592|4015, https://www.linkedin.com, 
6622|1, 6622|2107, 6623|2133, 6623|2156, 6624|2178, 6624|2299, 6625|2319, 6625|2396, 6626|2418, 6626|2445, 6627|2481, 6627|2521, 6628|2563, 6628|2605, 6629|2626, 6629|2704, 6630|2730, 6630|2854, 6631|2875, 6631|3392, 6632|3426, 6632|3633, 6633|3664, 6633|3712, 6634|3738, 6634|3945, 6635|3980, 6635|4014, https://www.pku.edu.cn, 
6655|1, 6655|2333, 6656|2363, 6656|2446, 6657|2479, 6657|2586, 6658|2608, 6658|2657, 6659|2698, 6659|2713, 6660|2727, 6660|2759, 6661|2787, 6661|2896, 6662|2923, 6662|3035, 6663|3058, 6663|4004, https://zhuanlan.zhihu.com, 
6677|1, 6677|2130, 6679|2163, 6679|2318, 6680|2332, 6680|2379, 6681|2403, 6681|2430, 6682|2452, 6682|2561, 6683|2584, 6683|2619, 6684|2640, 6684|2689, 6685|2704, 6685|2882, 6686|2903, 6686|4006, https://zhuanlan.zhihu.com, 
6701|1, 6701|2321, 6702|2346, 6702|2432, 6703|2453, 6703|2559, 6704|2616, 6705|2647, 6705|2669, 6706|2693, 6706|2744, 6707|2759, 6707|2834, 6708|2880, 6708|2970, 6709|2986, 6709|3555, 6710|3583, 6710|3775, 6711|3801, 6711|3830, 6712|3870, 6712|4022, https://www.pku.edu.cn, 
6731|1, 6731|2286, 6732|2305, 6732|2399, 6733|2426, 6733|2526, 6734|2545, 6734|2587, 6735|2610, 6735|2641, 6736|2653, 6736|2712, 6737|2736, 6737|2819, 6738|2838, 6738|2947, 6739|2967, 6739|4009, https://www.bing.com, 
6756|1, 6756|2178, 6757|2202, 6757|2275, 6758|2298, 6758|2419, 6759|2432, 6759|2482, 6760|2503, 6760|2524, 6761|2543, 6761|2599, 6762|2613, 6762|2714, 6763|2735, 6763|2835, 6764|2848, 6764|3041, 6765|3055, 6765|3269, 6766|3285, 6766|3340, 6767|3365, 6767|3574, 6768|3592, 6768|4009, https://www.buaa.edu.cn, 
6786|1, 6786|2308, 6787|2320, 6787|2484, 6788|2499, 6788|2552, 6789|2576, 6789|2600, 6790|2621, 6790|2731, 6791|2752, 6791|2776, 6792|2797, 6792|2843, 6793|2872, 6793|3044, 6794|3069, 6794|4004, https://www.jd.com, 
6808|1, 6808|2236, 6809|2258, 6809|2345, 6810|2373, 6810|2480, 6811|2502, 6811|2546, 6812|2563, 6812|2594, 6813|2626, 6813|2642, 6814|2662, 6814|2780, 6815|2804, 6815|2888, 6816|2903, 6816|4018, https://www.mit.edu, 
6831|1, 6831|2363, 6832|2383, 6832|2488, 6833|2501, 6833|2615, 6834|2638, 6834|2673, 6835|2697, 6835|2734, 6836|2748, 6836|2802, 6837|2823, 6837|2916, 6838|2928, 6838|3034, 6839|3055, 6839|4005, https://www.baidu.com, 
6864|1, 6864|1514, 6865|1550, 6865|2563, 6867|2588, 6867|2688, 6868|2721, 6868|2809, 6869|2838, 6869|2867, 6871|2883, 6871|2993, 6872|3022, 6872|3111, 6873|3127, 6873|4017, https://www.bing.com, 
6884|1, 6884|2306, 6885|2319, 6885|2450, 6886|2501, 6886|2550, 6887|2563, 6887|2609, 6888|2635, 6888|2704, 6889|2723, 6889|2760, 6890|2779, 6890|2847, 6891|2873, 6891|2992, 6892|3016, 6892|4014, https://www.jd.com, 
6905|1, 6905|2307, 6906|2330, 6906|2422, 6907|2436, 6907|2536, 6908|2566, 6908|2602, 6909|2622, 6909|2641, 6910|2656, 6910|2720, 6911|2739, 6911|2848, 6912|2867, 6912|2945, 6913|2972, 6913|4006, https://www.baidu.com, 
6941|1, 6941|2291, 6942|2317, 6942|2416, 6943|2446, 6943|2528, 6944|2547, 6944|2589, 6945|2602, 6945|2657, 6946|2678, 6946|2737, 6947|2753, 6947|2836, 6948|2864, 6948|2977, 6949|2993, 6949|4018, https://www.jianshu.com, 
6971|1, 6971|2322, 6972|2342, 6972|2420, 6973|2440, 6973|2571, 6974|2597, 6974|2628, 6975|2642, 6975|2668, 6976|2686, 6976|2734, 6977|2759, 6977|2865, 6978|2896, 6978|2986, 6979|3010, 6979|4004, https://www.ctrip.com, 
7004|1, 7004|2292, 7005|2317, 7005|2452, 7006|2466, 7006|2531, 7007|2571, 7007|2611, 7008|2633, 7008|2706, 7009|2734, 7009|2757, 7010|2777, 7010|2835, 7011|2857, 7011|3001, 7012|3022, 7012|3108, 7013|3127, 7013|3405, 7014|3418, 7014|4018, http://www.ox.ac.uk, 
7032|1, 7032|2284, 7033|2298, 7033|2376, 7034|2408, 7034|2520, 7035|2538, 7035|2583, 7036|2604, 7036|2623, 7037|2659, 7037|2677, 7038|2702, 7038|2821, 7039|2844, 7039|2914, 7040|2931, 7040|4006, https://www.ctrip.com, 
7065|1, 7065|2473, 7066|2488, 7066|2613, 7067|2644, 7067|2726, 7068|2742, 7068|2768, 7069|2787, 7069|2835, 7070|2902, 7071|2958, 7071|3020, 7072|3037, 7072|3184, 7073|3213, 7073|4015, https://www.bing.com, 
7086|1, 7086|2343, 7087|2372, 7087|2414, 7088|2438, 7088|2582, 7089|2597, 7089|2633, 7090|2659, 7091|2680, 7091|2717, 7092|2746, 7092|2877, 7093|2903, 7093|2967, 7094|2994, 7094|4011, https://www.yahoo.com, 
7112|1, 7112|2359, 7113|2376, 7113|2477, 7114|2498, 7114|2573, 7115|2624, 7115|2669, 7116|2688, 7116|2713, 7117|2756, 7117|2782, 7118|2803, 7118|2894, 7119|2915, 7119|3039, 7120|3066, 7120|4005, https://www.yahoo.com, 
7136|1, 7136|2386, 7137|2418, 7137|2525, 7138|2553, 7138|2639, 7139|2658, 7139|2686, 7140|2706, 7140|2762, 7141|2782, 7141|2801, 7142|2836, 7142|2926, 7143|2948, 7143|3074, 7144|3095, 7144|4020, http://blogs.360.cn, 
7156|1, 7156|2368, 7157|2383, 7157|2519, 7158|2551, 7158|2615, 7159|2627, 7159|2670, 7160|2693, 7160|2761, 7161|2809, 7162|2884, 7162|2914, 7163|2930, 7163|3075, 7164|3121, 7164|4014, https://www.shodan.io, 
7178|1, 7178|2274, 7179|2302, 7179|2433, 7180|2456, 7180|2530, 7181|2567, 7181|2592, 7182|2609, 7182|2675, 7183|2704, 7183|2729, 7184|2763, 7184|2821, 7185|2845, 7185|2977, 7186|3000, 7186|4016, https://www.yahoo.com, 
7207|1, 7207|2327, 7208|2344, 7208|2478, 7209|2492, 7209|2574, 7210|2598, 7210|2637, 7211|2671, 7211|2719, 7212|2736, 7212|2791, 7213|2811, 7213|2867, 7214|2889, 7214|3016, 7215|3042, 7215|4018, https://www.pku.edu.cn, 
7236|1, 7236|2310, 7237|2331, 7237|2470, 7238|2485, 7238|2558, 7239|2584, 7239|2615, 7240|2643, 7240|2698, 7241|2711, 7241|2782, 7242|2805, 7242|2851, 7243|2873, 7244|2891, 7244|3005, 7245|3032, 7245|3394, 7246|3420, 7246|4008, https://www.apple.com, 
7261|1, 7261|2259, 7262|2312, 7262|2351, 7263|2386, 7263|2494, 7264|2512, 7264|2559, 7265|2576, 7265|2600, 7266|2616, 7266|2653, 7267|2665, 7267|2804, 7268|2825, 7268|2907, 7269|2921, 7269|3089, 7270|3104, 7270|3334, 7271|3350, 7271|3384, 7272|3400, 7272|3639, 7273|3654, 7273|4007, https://www.linkedin.com, 
7301|1, 7301|2346, 7302|2359, 7302|2458, 7303|2486, 7303|2585, 7304|2598, 7304|2650, 7305|2671, 7305|2695, 7306|2713, 7306|2758, 7307|2781, 7307|2892, 7308|2918, 7308|2995, 7309|3016, 7309|4067, https://www.netflix.com, 
7323|1, 7323|2462, 7324|2485, 7324|2569, 7325|2592, 7325|2698, 7326|2717, 7326|2762, 7327|2775, 7327|2809, 7328|2825, 7328|2863, 7329|2885, 7329|3013, 7330|3030, 7330|3116, 7331|3131, 7331|4019, https://www.jianshu.com, 
7351|1, 7351|2373, 7352|2388, 7352|2480, 7353|2503, 7353|2573, 7354|2586, 7354|2660, 7355|2689, 7356|2725, 7356|2787, 7357|2805, 7357|2880, 7358|2911, 7358|3023, 7359|3041, 7359|4016, https://www.mit.edu, 
7373|1, 7373|2471, 7374|2504, 7374|2696, 7375|2743, 7375|2791, 7376|2805, 7376|3023, 7377|3041, 7377|3388, 7378|3405, 7378|3639, 7379|3657, 7379|3700, 7380|3718, 7380|3941, 7381|3961, 7381|4007, https://www.jd.com, 
7393|1, 7393|844, 7394|971, 7394|2264, 7395|2284, 7395|2454, 7396|2484, 7396|2508, 7397|2530, 7397|2562, 7398|2581, 7398|2737, 7399|2756, 7399|2782, 7400|2804, 7400|2817, 7401|2832, 7401|2943, 7402|2964, 7402|3037, 7403|3051, 7404|4018, https://zhuanlan.zhihu.com, 
7423|1, 7423|1833, 7424|1858, 7424|2306, 7425|2345, 7425|2456, 7426|2471, 7426|2556, 7427|2598, 7427|2619, 7428|2640, 7428|2682, 7429|2711, 7429|2761, 7430|2783, 7430|2855, 7431|2877, 7432|2896, 7432|2985, 7433|3011, 7433|4003, http://blogs.360.cn, 
7448|1, 7448|2354, 7449|2372, 7449|2494, 7450|2514, 7450|2603, 7451|2624, 7451|2661, 7452|2684, 7452|2742, 7453|2757, 7453|2788, 7454|2803, 7454|2903, 7455|2924, 7455|3031, 7456|3055, 7456|4017, https://www.netflix.com, 
7468|1, 7468|2410, 7469|2445, 7469|2507, 7470|2526, 7470|2666, 7471|2700, 7471|2723, 7472|2747, 7472|2766, 7473|2781, 7473|2815, 7474|2831, 7474|2965, 7475|2984, 7475|3058, 7476|3091, 7476|4003, https://www.apple.com, 
7490|1, 7490|2365, 7491|2387, 7491|2538, 7492|2570, 7492|2593, 7493|2615, 7493|2695, 7494|2721, 7494|2756, 7495|2773, 7495|2788, 7496|2809, 7496|2837, 7497|2876, 7497|2901, 7498|2921, 7498|3090, 7499|3114, 7499|4012, https://www.apple.com, 
7516|1, 7516|2423, 7517|2437, 7517|2568, 7518|2587, 7518|2666, 7519|2683, 7519|2727, 7520|2748, 7520|2795, 7521|2821, 7521|2873, 7522|2889, 7522|2967, 7523|2993, 7523|3115, 7524|3133, 7524|4022, https://www.baidu.com, 
7550|1, 7550|2250, 7551|2277, 7551|2445, 7552|2462, 7552|2507, 7553|2524, 7553|2555, 7554|2578, 7554|2672, 7555|2703, 7555|2740, 7556|2761, 7556|2804, 7557|2828, 7557|2994, 7558|3015, 7558|4002, https://www.yahoo.com, 
7576|1, 7576|2253, 7577|2277, 7577|2423, 7578|2439, 7578|2503, 7579|2526, 7579|2548, 7580|2575, 7580|2664, 7581|2680, 7581|2723, 7582|2744, 7582|2802, 7583|2821, 7583|2960, 7584|2979, 7584|4006, https://www.baidu.com, 
7609|1, 7609|2414, 7610|2437, 7610|2599, 7611|2615, 7611|2656, 7612|2678, 7612|2724, 7613|2746, 7613|2790, 7614|2810, 7614|2894, 7615|2920, 7615|2965, 7616|2992, 7616|3105, 7617|3127, 7617|4006, https://www.baidu.com, 
7645|1, 7645|2394, 7646|2432, 7646|2571, 7647|2585, 7647|2632, 7648|2652, 7648|2672, 7649|2706, 7649|2803, 7650|2833, 7650|2880, 7651|2903, 7651|2929, 7652|2952, 7652|3105, 7653|3129, 7653|4004, https://www.bing.com, 
7665|1, 7665|2304, 7666|2330, 7666|2424, 7667|2440, 7667|2542, 7668|2561, 7668|2604, 7669|2619, 7669|2663, 7670|2684, 7670|2774, 7671|2791, 7671|2841, 7672|2858, 7672|2959, 7673|2980, 7673|4001, https://www.douyin.com, 
7687|1, 7687|2319, 7688|2345, 7688|2445, 7689|2479, 7689|2574, 7690|2600, 7690|2620, 7691|2652, 7691|2685, 7692|2713, 7692|2765, 7693|2786, 7693|2878, 7694|2902, 7694|2988, 7695|3007, 7695|4020, https://www.jd.com, 
7710|1, 7710|2455, 7711|2473, 7711|2563, 7712|2590, 7712|2675, 7713|2704, 7713|2761, 7714|2778, 7714|2805, 7715|2831, 7715|2878, 7716|2904, 7716|2981, 7717|3000, 7717|3119, 7718|3140, 7718|4016, https://www.bing.com, 
7731|1, 7731|2391, 7732|2406, 7732|2516, 7733|2537, 7733|2559, 7734|2589, 7734|2624, 7735|2652, 7735|2698, 7736|2715, 7736|2759, 7737|2780, 7737|2807, 7738|2837, 7738|2929, 7739|2949, 7739|3057, 7740|3080, 7740|3144, 7742|3158, 7742|4018, http://www.ox.ac.uk, 
7762|1, 7762|2246, 7764|2279, 7764|2427, 7765|2448, 7765|2520, 7766|2543, 7766|2557, 7767|2573, 7767|2648, 7768|2703, 7768|2736, 7769|2766, 7769|2834, 7770|2864, 7770|2970, 7771|3020, 7771|3486, 7772|3509, 7772|3740, 7773|3768, 7773|3789, 7774|3808, 7774|4010, https://www.pku.edu.cn, 
7794|1, 7794|2207, 7795|2261, 7795|2372, 7796|2409, 7796|2473, 7797|2494, 7797|2595, 7798|2615, 7798|2660, 7799|2685, 7799|2707, 7800|2727, 7800|2779, 7801|2805, 7801|2891, 7802|2914, 7802|3010, 7803|3025, 7803|4010, https://www.bing.com, 
7816|1, 7816|2436, 7817|2454, 7817|2548, 7818|2571, 7818|2621, 7819|2690, 7819|2737, 7820|2753, 7820|2812, 7821|2838, 7821|2857, 7822|2883, 7822|2980, 7823|2993, 7823|3116, 7824|3152, 7824|4014, https://www.ctrip.com, 
7848|1, 7848|1346, 7849|1396, 7849|2316, 7850|2358, 7850|2491, 7851|2506, 7851|2560, 7852|2589, 7852|2625, 7853|2647, 7853|2730, 7854|2744, 7854|2778, 7855|2807, 7855|2875, 7856|2903, 7856|3030, 7857|3072, 7858|4036, https://www.jd.com, 
7873|1, 7873|1818, 7874|1833, 7874|2210, 7875|2238, 7875|2327, 7876|2344, 7876|2467, 7877|2496, 7877|2526, 7878|2541, 7878|2555, 7879|2566, 7879|2634, 7880|2656, 7880|2768, 7881|2788, 7881|2851, 7882|2872, 7882|4013, https://www.netflix.com, 
7896|1, 7896|2481, 7897|2506, 7897|2600, 7898|2638, 7898|2679, 7899|2706, 7899|2781, 7900|2801, 7900|2831, 7901|2851, 7901|2912, 7902|2935, 7902|2981, 7903|3004, 7903|3127, 7904|3160, 7904|4016, https://www.ctrip.com, 
7928|1, 7928|1142, 7929|1213, 7929|1741, 7930|1776, 7930|2321, 7931|2340, 7931|2430, 7932|2450, 7932|2540, 7933|2566, 7933|2630, 7934|2659, 7934|2680, 7935|2707, 7935|2748, 7936|2783, 7936|2866, 7937|2891, 7937|2975, 7938|3003, 7938|4031, https://www.jd.com, 
7953|1, 7953|2311, 7954|2372, 7954|2500, 7955|2515, 7955|2616, 7956|2635, 7956|2656, 7957|2694, 7957|2731, 7958|2744, 7958|2795, 7959|2824, 7959|2893, 7960|2919, 7960|3018, 7961|3051, 7961|3714, 7962|3730, 7962|3938, 7963|3974, 7964|4023, https://www.pku.edu.cn, 
7982|1, 7982|2342, 7983|2356, 7983|2494, 7984|2519, 7984|2582, 7985|2599, 7985|2649, 7986|2694, 7986|2736, 7987|2759, 7987|2792, 7988|2806, 7988|2884, 7989|2908, 7989|3035, 7990|3047, 7990|3356, 7991|3388, 7991|4003, http://blogs.360.cn, 
8005|1, 8005|2480, 8006|2496, 8006|2627, 8007|2660, 8007|2714, 8008|2740, 8008|2828, 8009|2844, 8009|2889, 8010|2930, 8010|2954, 8011|2968, 8011|3026, 8012|3048, 8012|3185, 8013|3205, 8013|4005, https://zhuanlan.zhihu.com, 
8025|1, 8025|2372, 8026|2397, 8026|2502, 8027|2516, 8027|2636, 8028|2668, 8028|2685, 8029|2700, 8029|2739, 8030|2754, 8030|2796, 8031|2816, 8031|2926, 8032|2944, 8032|3042, 8033|3061, 8033|4010, https://www.baidu.com, 
8059|1, 8059|2377, 8060|2398, 8060|2541, 8061|2557, 8061|2618, 8062|2646, 8062|2669, 8063|2694, 8063|2792, 8064|2808, 8064|2834, 8065|2856, 8065|2905, 8066|2924, 8066|3094, 8067|3111, 8067|4001, https://www.mit.edu, 
8079|1, 8079|2335, 8080|2365, 8080|2453, 8081|2471, 8081|2593, 8082|2623, 8082|2662, 8083|2690, 8084|2704, 8084|2742, 8085|2768, 8085|2903, 8086|2929, 8086|2996, 8087|3027, 8087|3605, 8088|3626, 8088|3840, 8089|3889, 8090|3917, 8090|4014, https://www.pku.edu.cn, 
8111|1, 8112|31, 8112|1864, 8113|1882, 8113|2412, 8114|2455, 8114|2511, 8115|2551, 8115|2626, 8116|2655, 8116|2703, 8117|2716, 8117|2784, 8118|2815, 8118|2854, 8119|2871, 8119|2950, 8120|2973, 8120|3089, 8121|3104, 8121|3347, 8122|3369, 8122|3583, 8123|3605, 8123|3628, 8124|3656, 8124|3873, 8125|3895, 8125|4006, https://www.linkedin.com, 
8152|1, 8152|2001, 8153|2032, 8153|2401, 8154|2424, 8154|2506, 8155|2531, 8155|2644, 8156|2680, 8156|2718, 8157|2744, 8158|2764, 8158|2801, 8159|2826, 8159|2959, 8160|2985, 8160|3037, 8161|3058, 8161|4004, https://www.apple.com, 
8174|1, 8174|2425, 8175|2453, 8175|2561, 8176|2589, 8176|2651, 8177|2680, 8177|2730, 8178|2751, 8178|2826, 8179|2858, 8179|2874, 8180|2909, 8180|2971, 8181|2985, 8181|3125, 8182|3148, 8182|4001, https://www.mit.edu, 
8197|1, 8197|2297, 8199|2324, 8199|2424, 8200|2440, 8200|2538, 8201|2561, 8201|2612, 8202|2627, 8202|2653, 8203|2674, 8203|2714, 8204|2743, 8204|2833, 8205|2848, 8205|2975, 8206|3002, 8206|4002, http://www.ox.ac.uk, 
8227|1, 8227|2391, 8228|2413, 8228|2494, 8229|2525, 8229|2638, 8230|2661, 8230|2682, 8231|2724, 8231|2748, 8232|2771, 8232|2811, 8233|2839, 8233|2963, 8234|3001, 8234|3052, 8235|3081, 8235|4010, http://blogs.360.cn, 
8249|1, 8249|2359, 8250|2372, 8250|2412, 8251|2435, 8251|2569, 8252|2588, 8252|2646, 8254|2665, 8255|2688, 8255|2708, 8256|2730, 8256|2877, 8257|2907, 8257|2947, 8258|2968, 8258|4007, https://www.yahoo.com, 
8274|1, 8274|2349, 8275|2375, 8275|2482, 8276|2505, 8276|2597, 8277|2619, 8277|2669, 8278|2706, 8279|2734, 8279|2820, 8280|2836, 8280|2893, 8281|2912, 8281|3019, 8282|3035, 8282|4014, https://zhuanlan.zhihu.com, 
8297|1, 8297|2397, 8298|2417, 8298|2511, 8299|2533, 8299|2606, 8300|2646, 8300|2703, 8301|2723, 8301|2751, 8302|2781, 8302|2820, 8303|2860, 8303|2951, 8304|2971, 8304|3058, 8305|3077, 8305|4007, http://www.ox.ac.uk, 
8328|1, 8328|2403, 8329|2443, 8329|2537, 8330|2568, 8330|2596, 8331|2636, 8331|2694, 8332|2707, 8332|2771, 8333|2796, 8333|2833, 8334|2866, 8334|2918, 8335|2933, 8335|3085, 8336|3105, 8336|4002, https://world.taobao.com, 
8348|1, 8348|2358, 8349|2389, 8349|2457, 8350|2469, 8350|2598, 8351|2621, 8351|2676, 8352|2691, 8352|2703, 8353|2733, 8353|2757, 8354|2787, 8354|2909, 8355|2929, 8355|2993, 8356|3026, 8356|3675, 8357|3715, 8357|4004, https://www.netflix.com, 
8371|1, 8371|2303, 8372|2331, 8372|2472, 8373|2485, 8373|2561, 8374|2585, 8374|2624, 8375|2649, 8375|2708, 8376|2734, 8376|2772, 8377|2791, 8377|2856, 8378|2869, 8378|3029, 8379|3051, 8379|4006, https://www.douyin.com, 
8393|1, 8393|2172, 8394|2187, 8394|2268, 8395|2287, 8395|2414, 8396|2434, 8396|2471, 8397|2502, 8398|2521, 8398|2580, 8399|2612, 8399|2687, 8400|2775, 8401|2826, 8401|4008, https://world.taobao.com, 
8416|1, 8416|2534, 8417|2559, 8417|2719, 8418|2752, 8419|2795, 8419|2842, 8420|2866, 8420|2980, 8421|3012, 8421|3036, 8422|3056, 8422|3077, 8423|3114, 8423|3277, 8424|3304, 8424|4036, https://www.ctrip.com, 
8447|1, 8447|1237, 8448|1325, 8448|1563, 8449|1594, 8449|2254, 8450|2281, 8450|2374, 8451|2389, 8452|2411, 8452|2472, 8453|2492, 8453|2558, 8454|2579, 8454|2650, 8455|2669, 8455|2701, 8456|2741, 8456|2764, 8457|2791, 8457|2948, 8458|2971, 8458|4014, https://www.apple.com, 
8474|1, 8474|2346, 8475|2370, 8475|2518, 8476|2531, 8476|2581, 8477|2600, 8477|2658, 8478|2687, 8478|2753, 8479|2772, 8479|2825, 8480|2857, 8480|2881, 8481|2912, 8481|3066, 8482|3110, 8482|4028, https://www.mit.edu, 
8495|1, 8495|2421, 8496|2440, 8496|2543, 8497|2573, 8497|2659, 8498|2673, 8498|2711, 8499|2732, 8499|2795, 8500|2813, 8500|2865, 8501|2879, 8501|2963, 8502|2982, 8502|3101, 8503|3115, 8503|4011, https://www.douyin.com, 
8517|1, 8517|2570, 8518|2596, 8518|2634, 8519|2654, 8519|2741, 8520|2755, 8520|2842, 8521|2861, 8521|2888, 8522|2904, 8522|2979, 8523|2996, 8523|3036, 8524|3060, 8524|3137, 8525|3157, 8525|3279, 8526|3298, 8526|4017, https://www.douyin.com, 
8536|1, 8536|2331, 8537|2349, 8537|2425, 8538|2450, 8538|2521, 8539|2545, 8539|2634, 8540|2657, 8541|2680, 8541|2728, 8542|2747, 8542|2835, 8543|2854, 8543|2962, 8544|2999, 8544|4009, https://www.pinduoduo.com, 
8558|1, 8558|2179, 8559|2198, 8559|2276, 8560|2300, 8560|2417, 8561|2436, 8561|2474, 8562|2494, 8562|2512, 8563|2531, 8563|2568, 8564|2582, 8564|2719, 8565|2737, 8565|2814, 8566|2826, 8566|4011, https://www.netflix.com, 
8581|1, 8581|1654, 8582|1674, 8582|2363, 8583|2395, 8583|2499, 8584|2524, 8584|2611, 8585|2648, 8585|2692, 8586|2713, 8586|2738, 8587|2771, 8587|2800, 8588|2822, 8588|2925, 8589|2941, 8589|3040, 8590|3065, 8590|4018, https://www.alipay.com, 
8604|1, 8604|2376, 8605|2391, 8605|2478, 8606|2508, 8606|2608, 8607|2625, 8607|2663, 8608|2683, 8608|2746, 8609|2768, 8609|2785, 8610|2810, 8610|2911, 8611|2929, 8611|3047, 8612|3059, 8612|4006, https://www.douyin.com, 
8624|1, 8624|2449, 8625|2474, 8625|2678, 8627|2718, 8627|2752, 8628|2771, 8628|2906, 8629|2935, 8629|2980, 8630|2994, 8631|3011, 8631|3209, 8632|3249, 8632|3709, 8633|3736, 8633|3926, 8634|3968, 8634|4013, https://www.pku.edu.cn, 
8652|1, 8652|1471, 8653|1527, 8653|2352, 8654|2369, 8654|2535, 8655|2570, 8656|2609, 8656|2642, 8657|2677, 8657|2779, 8658|2807, 8658|2830, 8659|2846, 8659|2901, 8660|2926, 8660|3061, 8661|3087, 8661|3541, 8662|3556, 8662|3778, 8663|3799, 8663|3840, 8664|3855, 8664|4029, https://www.buaa.edu.cn, 
8682|1, 8682|2427, 8683|2456, 8683|2539, 8684|2556, 8684|2671, 8685|2688, 8685|2728, 8686|2751, 8686|2783, 8687|2797, 8687|2827, 8688|2860, 8688|2971, 8689|3006, 8689|3089, 8690|3113, 8690|4001, https://www.apple.com, 
8703|1, 8703|2360, 8704|2382, 8704|2573, 8705|2605, 8707|2631, 8707|2651, 8708|2671, 8708|2834, 8709|2854, 8709|2909, 8711|2923, 8711|3140, 8712|3152, 8712|4011, http://blogs.360.cn, 
8724|1, 8724|2411, 8725|2424, 8725|2571, 8726|2604, 8726|2659, 8727|2673, 8727|2717, 8728|2739, 8728|2828, 8729|2852, 8729|2889, 8730|2903, 8730|2941, 8731|2973, 8731|3126, 8732|3143, 8732|4020, https://www.ctrip.com, 
8755|1, 8755|1253, 8756|1302, 8756|1371, 8757|1446, 8757|2401, 8758|2426, 8758|2603, 8759|2625, 8759|2643, 8760|2659, 8760|2698, 8761|2723, 8761|2843, 8762|2891, 8763|2917, 8763|2959, 8764|2979, 8764|3134, 8765|3168, 8765|3726, 8766|3766, 8767|4002, https://www.pku.edu.cn, 
8787|1, 8787|2329, 8788|2364, 8788|2580, 8789|2603, 8790|2630, 8791|2657, 8791|2818, 8792|2842, 8792|2863, 8793|2907, 8794|2953, 8794|3143, 8795|3169, 8795|4015, http://blogs.360.cn, 
8807|1, 8807|2348, 8808|2375, 8808|2482, 8809|2502, 8809|2603, 8810|2629, 8810|2645, 8811|2687, 8811|2710, 8812|2728, 8812|2778, 8813|2802, 8813|2895, 8814|2916, 8814|3015, 8815|3042, 8815|3125, 8816|3154, 8816|3671, 8817|3684, 8817|4031, http://www.ox.ac.uk, 
8838|1, 8838|1411, 8839|1466, 8839|2394, 8840|2413, 8840|2548, 8841|2570, 8841|2620, 8842|2640, 8842|2687, 8843|2706, 8843|2792, 8844|2807, 8844|2860, 8845|2892, 8845|2916, 8846|2942, 8846|3091, 8847|3115, 8847|3417, 8848|3451, 8848|3535, 8849|3551, 8849|3774, 8850|3788, 8850|4005, https://www.pinduoduo.com, 
8868|1, 8868|373, 8869|398, 8869|2356, 8870|2374, 8871|2404, 8871|2467, 8872|2486, 8872|2606, 8873|2626, 8873|2674, 8874|2694, 8874|2725, 8875|2746, 8875|2782, 8876|2804, 8876|2916, 8877|2928, 8877|3024, 8878|3046, 8878|3349, 8879|3367, 8879|4018, https://www.douyin.com, 
8899|1, 8899|725, 8900|750, 8900|2380, 8901|2400, 8901|2453, 8902|2476, 8902|2620, 8903|2639, 8903|2675, 8904|2691, 8905|2707, 8905|2753, 8906|2784, 8906|2916, 8907|2934, 8907|2981, 8908|3007, 8908|4017, https://www.pku.edu.cn, 
8930|1, 8930|2550, 8931|2574, 8931|2746, 8932|2763, 8932|2789, 8933|2808, 8933|2853, 8934|2867, 8934|2972, 8935|2993, 8935|3053, 8936|3078, 8936|3091, 8937|3105, 8937|3286, 8938|3305, 8938|4003, https://www.douyin.com, 
8951|1, 8951|1619, 8952|1646, 8952|2400, 8953|2428, 8953|2490, 8954|2526, 8954|2611, 8955|2642, 8955|2692, 8956|2708, 8957|2726, 8957|2776, 8958|2809, 8958|2922, 8959|2938, 8959|3011, 8960|3033, 8960|4004, https://www.mit.edu, 
8976|1, 8976|2307, 8977|2349, 8977|2462, 8978|2480, 8978|2530, 8979|2556, 8979|2595, 8980|2621, 8980|2701, 8981|2716, 8981|2748, 8982|2772, 8982|2841, 8983|2864, 8983|2996, 8984|3019, 8984|4015, https://www.douyin.com, 
8998|1, 8998|2456, 8999|2485, 8999|2693, 9000|2721, 9001|2758, 9001|2995, 9002|3014, 9002|3504, 9003|3524, 9003|3562, 9004|3585, 9004|3736, 9005|3756, 9005|3796, 9006|3809, 9007|3831, 9007|3856, 9008|3878, 9008|4003, https://www.buaa.edu.cn, 
9025|1, 9025|2398, 9026|2417, 9026|2510, 9027|2550, 9027|2625, 9028|2649, 9028|2696, 9029|2708, 9029|2765, 9030|2791, 9030|2836, 9031|2855, 9031|2944, 9032|2958, 9032|3073, 9033|3092, 9033|4007, https://www.netflix.com, 
9048|1, 9048|2352, 9049|2403, 9050|2462, 9050|2524, 9051|2543, 9051|2650, 9052|2672, 9052|2716, 9053|2732, 9053|2747, 9054|2768, 9054|2821, 9055|2841, 9055|2947, 9056|2968, 9056|3043, 9057|3069, 9057|3472, 9058|3500, 9058|4014, https://www.pinduoduo.com, 
9072|1, 9072|2359, 9074|2377, 9074|2484, 9075|2517, 9075|2586, 9076|2605, 9076|2662, 9077|2676, 9077|2744, 9078|2771, 9079|2817, 9079|2892, 9080|2920, 9080|3049, 9081|3067, 9081|3164, 9082|3176, 9083|3196, 9083|4008, http://www.ox.ac.uk, 
9111|1, 9111|2261, 9112|2287, 9112|2457, 9113|2476, 9113|2554, 9114|2574, 9114|2690, 9115|2705, 9115|2767, 9117|2809, 9117|2851, 9118|2882, 9118|2991, 9119|3018, 9119|3097, 9120|3117, 9120|4004, https://www.alipay.com, 
9137|1, 9137|2320, 9138|2343, 9138|2416, 9139|2446, 9139|2532, 9140|2552, 9140|2647, 9141|2669, 9141|2701, 9142|2723, 9142|2786, 9143|2800, 9143|2844, 9144|2869, 9144|2967, 9145|2982, 9145|3065, 9146|3089, 9146|4016, http://www.ox.ac.uk, 
9168|1, 9168|51, 9169|66, 9169|2303, 9170|2349, 9170|2393, 9171|2421, 9171|2517, 9172|2546, 9172|2607, 9174|2637, 9174|2702, 9175|2740, 9175|2836, 9176|2866, 9176|2933, 9177|2964, 9177|4001, https://www.yahoo.com, 
9197|1, 9197|2399, 9198|2417, 9198|2435, 9199|2472, 9200|2500, 9200|2630, 9201|2669, 9201|2688, 9202|2705, 9203|2726, 9203|2748, 9204|2787, 9204|2937, 9205|2956, 9205|2998, 9206|3019, 9206|4004, https://www.pinduoduo.com, 
9220|1, 9220|1770, 9221|1821, 9221|2358, 9222|2377, 9222|2460, 9223|2485, 9223|2594, 9224|2625, 9224|2673, 9225|2688, 9225|2701, 9226|2726, 9226|2753, 9227|2779, 9227|2905, 9228|2921, 9228|3010, 9229|3034, 9229|4007, http://www.ox.ac.uk, 
9255|1, 9255|2340, 9256|2355, 9256|2424, 9257|2459, 9257|2595, 9258|2615, 9258|2643, 9259|2662, 9259|2683, 9260|2707, 9260|2744, 9261|2763, 9261|2823, 9262|2853, 9262|2889, 9263|2910, 9263|2988, 9264|3007, 9264|4001, http://blogs.360.cn, 
9278|1, 9278|2279, 9279|2309, 9280|2358, 9280|2411, 9281|2447, 9281|2510, 9282|2534, 9282|2581, 9283|2609, 9283|2650, 9284|2673, 9284|2712, 9285|2742, 9285|2826, 9286|2844, 9286|2943, 9287|2968, 9287|4005, https://www.shodan.io, 
9302|1, 9302|2363, 9303|2389, 9303|2541, 9304|2566, 9304|2607, 9305|2625, 9305|2671, 9306|2692, 9306|2743, 9307|2758, 9307|2785, 9308|2811, 9308|2855, 9309|2881, 9309|2906, 9312|2935, 9312|3085, 9313|3109, 9313|4001, http://www.ox.ac.uk, 
9338|1, 9338|2229, 9339|2243, 9339|2345, 9340|2371, 9340|2464, 9341|2477, 9341|2525, 9342|2547, 9342|2569, 9343|2587, 9343|2652, 9344|2668, 9344|2772, 9345|2794, 9345|2887, 9346|2901, 9346|4007, https://www.baidu.com, 
9375|1, 9375|801, 9376|828, 9376|2272, 9377|2297, 9377|2388, 9378|2407, 9378|2520, 9379|2539, 9379|2587, 9380|2605, 9380|2628, 9381|2651, 9381|2701, 9382|2722, 9382|2813, 9383|2835, 9383|2960, 9384|2984, 9384|4012, https://www.ctrip.com, 
9410|1, 9410|1209, 9411|1321, 9411|2347, 9412|2387, 9412|2576, 9413|2598, 9414|2620, 9414|2677, 9415|2693, 9415|2805, 9416|2827, 9416|2894, 9418|2913, 9418|3104, 9419|3137, 9419|3538, 9420|3572, 9420|3769, 9421|3821, 9421|3849, 9422|3873, 9423|4011, https://www.pku.edu.cn, 
9441|1, 9441|2347, 9442|2368, 9442|2472, 9443|2515, 9443|2581, 9444|2595, 9444|2635, 9445|2652, 9445|2726, 9446|2749, 9446|2773, 9447|2788, 9447|2887, 9448|2913, 9448|3027, 9449|3044, 9449|4012, http://www.ox.ac.uk, 
9473|1, 9473|1517, 9474|1541, 9474|2355, 9476|2371, 9476|2450, 9477|2474, 9477|2532, 9478|2544, 9478|2691, 9479|2714, 9479|2743, 9480|2757, 9480|2785, 9481|2809, 9481|2831, 9482|2851, 9482|2982, 9483|3002, 9483|3141, 9484|3153, 9484|4027, https://www.baidu.com, 
9509|1, 9509|1962, 9510|1978, 9510|2283, 9512|2311, 9512|2422, 9513|2442, 9513|2562, 9514|2588, 9514|2656, 9515|2681, 9515|2729, 9516|2744, 9516|2782, 9517|2819, 9517|2860, 9518|2882, 9518|2951, 9519|2969, 9519|3104, 9520|3127, 9520|4006, https://www.alipay.com, 
9534|1, 9534|2378, 9535|2399, 9535|2504, 9536|2527, 9536|2623, 9537|2639, 9537|2680, 9538|2698, 9538|2739, 9539|2783, 9539|2828, 9540|2874, 9540|2927, 9541|2956, 9541|3043, 9542|3063, 9542|4011, https://www.baidu.com, 
9568|1, 9568|2222, 9570|2264, 9571|2297, 9571|2410, 9572|2427, 9572|2525, 9573|2557, 9574|2599, 9574|2662, 9575|2690, 9576|2746, 9576|2807, 9577|2837, 9577|2967, 9578|2998, 9578|4001, https://www.shodan.io, 
9592|1, 9592|1877, 9593|1906, 9593|2282, 9594|2306, 9594|2401, 9595|2423, 9595|2536, 9596|2564, 9596|2586, 9597|2603, 9597|2649, 9598|2665, 9598|2701, 9599|2748, 9599|2805, 9600|2859, 9600|2948, 9601|2963, 9601|4016, https://www.shodan.io, 
9615|1, 9615|240, 9616|272, 9616|1712, 9617|1755, 9617|2179, 9618|2201, 9618|2287, 9619|2367, 9619|2555, 9620|2586, 9621|2606, 9621|2661, 9622|2687, 9622|2788, 9623|2807, 9623|2858, 9624|2880, 9624|2899, 9625|2921, 9625|3084, 9626|3118, 9627|3148, 9627|4013, https://www.pinduoduo.com, 
9641|1, 9641|985, 9642|1064, 9642|2383, 9643|2410, 9643|2537, 9644|2552, 9644|2631, 9645|2664, 9645|2684, 9646|2711, 9646|2774, 9647|2789, 9647|2816, 9648|2850, 9648|2951, 9649|2964, 9649|3075, 9650|3103, 9650|4012, https://www.pinduoduo.com, 
