1940|1, 1984|667, 1984|772, 1988|953, 1988|1051, 2356|1302, 2172|1451, 2260|1982, 3076|2251, 3076|2609, 3064|2712, 3064|2791, 3072|2889, 3164|3011, 3164|3154, 3532|3350, 4084|3462, 3532|3569, 3532|3752, 7924|3882, 8820|3982, 7716|4090, https://www.mit.edu, 
1984|1, 1984|1176, 2408|1375, 2408|1631, 2224|1870, 3352|2409, 3352|2879, 3308|2961, 3308|3218, 3240|3314, 3244|3495, 3428|3625, 3244|3745, 3428|3869, 3980|3967, 3980|4074, https://www.jd.com, 
1984|1, 1984|1107, 2352|1320, 2352|1584, 2204|1766, 3308|2204, 3308|2557, 3260|2656, 3292|2749, 3292|2845, 3416|2954, 3416|3389, 3168|3515, 3168|3603, 3208|3693, 3456|4001, https://www.yahoo.com, 
1984|1, 1984|759, 1988|941, 1988|1231, 2356|1463, 2356|1681, 2284|2037, 3388|2267, 3204|2413, 3204|2650, 3232|2731, 3232|2806, 3280|2884, 3240|2980, 3240|3369, 3424|3487, 3424|3600, 3792|3730, 3976|3867, 4372|4062, https://www.jd.com, 
1984|1, 1984|1015, 1992|1119, 2392|1377, 2208|1594, 2208|1945, 2340|2229, 3260|2357, 3260|2679, 3228|2770, 3228|3054, 3156|3134, 3160|3234, 3404|3420, 3772|3546, 3404|3628, 3404|3706, 3456|3796, 4448|3891, 8596|4016, https://www.mit.edu, 
1984|1, 1984|1275, 2372|1529, 2372|1824, 3108|2210, 3108|2378, 3232|2460, 3232|3268, 3264|3420, 3228|3564, 3720|3717, 3720|4074, https://www.jd.com, 
1984|1, 1984|1098, 2168|1296, 2168|1552, 2260|1882, 3180|2194, 3180|2650, 3192|2727, 3192|3368, 3376|3502, 3744|3605, 3384|3703, 3200|3792, 5408|3886, 6880|3970, 7064|4055, https://www.pku.edu.cn, 
1984|1, 1984|847, 1988|966, 1988|1197, 2172|1405, 1988|1618, 2272|1934, 3192|2289, 3376|2436, 3376|2795, 3348|2876, 3348|3292, 3224|3439, 3224|3670, 3408|3785, 3260|3904, 3444|4005, https://www.baidu.com, 
1984|1, 1984|1121, 2284|1404, 2284|1832, 3204|2165, 3184|2301, 3184|2620, 3188|2711, 3188|3215, 3232|3353, 3724|3536, 3356|3649, 3724|3756, 6484|3845, 6852|3926, 7220|4030, https://www.pku.edu.cn, 
1984|1, 1984|1198, 2352|1439, 2376|1636, 2376|1961, 3296|2297, 3412|2443, 3344|2528, 3344|3369, 3456|3475, 3456|3742, 3276|3895, 3460|4017, https://www.baidu.com, 
1984|1, 1984|1204, 2352|1405, 2352|1634, 2200|1847, 2268|2231, 3188|2459, 3188|2748, 3220|2831, 3240|2909, 3240|3362, 3424|3490, 3424|3623, 3976|3759, 3836|3870, 3852|3963, 3852|4055, https://www.jd.com, 
1984|1, 1984|1104, 1996|1250, 2364|1438, 2364|2051, 3240|2364, 3240|2698, 3352|2778, 3352|3081, 3244|3199, 3244|3529, 3796|3672, 4164|3827, 4460|3981, 4620|4110, https://www.jd.com, 
1984|1, 1984|1062, 2372|1428, 2188|1654, 2188|2095, 3188|2313, 3196|2399, 3196|3267, 3276|3414, 3708|3564, 3340|3659, 3156|3758, 5372|3856, 6812|3942, 7148|4057, https://www.pku.edu.cn, 
1984|1, 1984|1094, 2352|1220, 2352|1469, 2260|1661, 2260|2104, 3180|2333, 3180|2516, 3096|2610, 3156|2697, 3156|3384, 3404|3523, 4168|3660, 4168|3759, 4352|3846, 8772|3948, 7484|4047, https://www.mit.edu, 
1984|1, 1984|855, 1988|1011, 1988|1113, 2356|1393, 2172|1613, 2292|1996, 3212|2307, 3212|2761, 3220|2838, 3224|2922, 3348|3005, 3348|3458, 3472|3588, 3472|3829, 3236|3958, 3436|4056, https://www.baidu.com, 
1984|1, 1984|1108, 2360|1305, 2364|1521, 2364|2168, 3232|2329, 3232|3202, 3260|3345, 3260|3571, 3812|3699, 3812|4012, https://www.jd.com, 
1984|1, 1984|1128, 2352|1374, 2268|1758, 3188|2174, 3188|2536, 3240|2618, 3240|3244, 3424|3364, 3240|3471, 3284|3583, 3996|3701, 4108|3873, 4552|4029, https://www.jd.com, 
1984|1, 1984|954, 1988|1065, 2356|1273, 2356|1513, 2172|1770, 3184|2240, 3184|2760, 3368|2842, 3556|2937, 3676|3039, 3728|3170, 3728|3280, 3604|3407, 3604|3567, 3608|3653, 3732|3793, 3856|3989, 3912|4108, https://www.yahoo.com, 
1984|1, 1984|1218, 2396|1485, 2372|1669, 2372|1983, 3292|2329, 3200|2450, 3192|2526, 3192|3364, 3644|3509, 3828|3602, 3312|3712, 3868|3825, 6828|3915, 7052|4118, https://www.pku.edu.cn, 
1984|1, 1984|1139, 2352|1396, 2352|1549, 2260|1842, 2260|2130, 3180|2313, 3180|2491, 3260|2594, 3196|2669, 3196|3354, 3628|3526, 3328|3630, 3736|3753, 6844|3840, 7292|3937, 7292|4036, https://www.pku.edu.cn, 
1984|1, 1984|1203, 2352|1459, 2352|1648, 2260|1967, 3364|2397, 3364|2748, 3280|2826, 3292|2904, 3240|2979, 3240|3560, 3364|3694, 3260|3820, 3888|3951, 3888|4080, https://www.jd.com, 
1984|1, 1984|938, 1988|1069, 1988|1182, 2356|1403, 2356|1617, 2172|1763, 2420|2169, 3156|2414, 3156|2608, 3340|2698, 3340|2798, 3524|2882, 3464|2970, 3752|3095, 3752|3344, 3568|3434, 3568|3672, 3724|3871, 3908|4020, https://www.yahoo.com, 
1984|1, 1984|1169, 2312|1413, 2312|1787, 3192|2290, 3252|2419, 3252|2669, 3620|2763, 3804|2847, 3804|3135, 3748|3249, 3564|3381, 3564|3551, 3576|3635, 3700|3788, 3700|4060, https://www.yahoo.com, 
1984|1, 1984|1141, 2352|1289, 2384|1551, 2200|1871, 2384|2150, 3304|2401, 3336|2498, 3192|2587, 3192|3360, 3252|3499, 3688|3620, 3392|3703, 3392|3781, 5648|3875, 6684|3972, 7132|4092, https://www.pku.edu.cn, 
1984|1, 1984|1153, 2352|1287, 2352|1583, 2204|2014, 3124|2354, 3124|2671, 3160|2760, 3192|2840, 3192|3174, 3048|3302, 3048|3429, 3024|3606, 3320|3742, 3348|3832, 3792|3942, 6900|4027, https://www.pku.edu.cn, 
1984|1, 1984|949, 1988|1110, 1988|1207, 2172|1503, 2172|1768, 2264|2073, 3040|2457, 3040|2925, 3044|3003, 3240|3087, 3240|3452, 3424|3559, 3240|3660, 3792|3824, 3944|4073, https://www.jd.com, 
1984|1, 1984|1182, 2412|1411, 2412|1912, 3116|2283, 3160|2389, 3160|3135, 3192|3286, 3376|3404, 4296|3503, 3744|3605, 3744|3768, 7428|3855, 8724|3969, 7804|4078, https://www.mit.edu, 
1984|1, 1984|1179, 2352|1362, 2388|1637, 2204|1986, 3124|2354, 3124|2480, 3064|2558, 3192|2651, 3192|3469, 3548|3616, 3416|3728, 3784|3847, 6804|3952, 7248|4037, https://www.pku.edu.cn, 
1984|1, 1984|1203, 2352|1406, 2168|1655, 2276|2091, 3196|2357, 3196|2752, 3156|2831, 3192|2905, 3192|3401, 3560|3540, 3376|3665, 3376|3750, 4028|3841, 6884|3927, 7624|4023, https://www.pku.edu.cn, 
1984|1, 1984|874, 1988|1022, 1988|1116, 2356|1354, 2356|1905, 3224|2258, 3408|2390, 3408|2703, 3368|2780, 3368|2934, 3380|3032, 3348|3125, 3348|3759, 3168|3873, 3316|3972, 3384|4064, https://www.baidu.com, 
1984|1, 1984|1394, 2372|1653, 2188|1835, 2188|2259, 3144|2475, 3308|2578, 3308|2913, 3312|2991, 3312|3417, 3420|3569, 3420|3836, 3568|3967, 3388|4095, https://www.baidu.com, 
1984|1, 1984|1177, 2168|1464, 2200|1634, 2204|2138, 3124|2324, 3124|2493, 3156|2593, 3192|2668, 3192|3360, 3592|3491, 3728|3619, 3468|3703, 3616|3806, 5836|3885, 7020|3971, 7320|4072, https://www.pku.edu.cn, 
1984|1, 1984|1296, 2352|1546, 2352|1716, 2268|1936, 3188|2407, 3188|2840, 3240|2919, 3240|3341, 3116|3477, 3300|3600, 3116|3709, 3852|3845, 3720|3961, 3720|4057, https://www.jd.com, 
1984|1, 1984|1007, 1988|1119, 2356|1360, 2356|1577, 2172|1873, 3260|2291, 3260|2934, 3188|3014, 3208|3110, 3164|3205, 3164|3362, 3536|3524, 3656|3651, 3472|3742, 7912|4008, https://www.mit.edu, 
1984|1, 1984|1173, 2372|1455, 2372|2199, 3296|2372, 3160|2455, 3160|3183, 3184|3388, 3372|3504, 4108|3622, 3556|3710, 8148|4035, https://www.mit.edu, 
1984|1, 1984|1124, 2352|1360, 2424|1558, 2204|1731, 2204|2100, 3124|2345, 3124|2430, 3136|2516, 3256|2598, 3256|2679, 3260|2752, 3260|3094, 3136|3235, 3136|3329, 3012|3449, 2992|3538, 3028|3633, 3028|4045, https://www.yahoo.com, 
1984|1, 1984|763, 1988|930, 1988|1209, 2356|1441, 2356|1689, 2492|2041, 3380|2366, 3380|2832, 3336|2921, 3284|3045, 3408|3166, 3408|3318, 3656|3457, 3656|3633, 3676|3710, 3676|3870, 3764|3995, 3812|4079, https://www.yahoo.com, 
1984|1, 1984|1056, 1988|1173, 2356|1356, 2356|1593, 2172|1853, 3264|2255, 3264|3034, 3168|3126, 3168|3384, 3352|3511, 3352|3639, 4272|3740, 8640|4016, https://www.mit.edu, 
1984|1, 1984|1196, 2364|1499, 2364|2231, 3292|2414, 3292|2881, 3340|2958, 3340|3249, 3356|3385, 3248|4071, https://www.baidu.com, 
1984|1, 1984|1123, 2168|1469, 2168|1591, 2268|1865, 3188|2276, 3188|2386, 3372|2485, 3372|2718, 3344|2794, 3344|3655, 3436|3771, 3468|3884, 3288|4007, https://www.baidu.com, 
1984|1, 1984|886, 1988|998, 1988|1101, 2356|1374, 2356|1692, 2292|2088, 3212|2269, 3212|2754, 3216|2846, 3164|2963, 3164|3159, 3348|3312, 3348|3410, 4084|3537, 3532|3615, 3532|3772, 8800|3901, 7656|4012, https://www.mit.edu, 
1984|1, 1984|1274, 2364|1491, 2364|1683, 2180|1847, 2364|2137, 3320|2491, 3320|3009, 3444|3100, 3444|3276, 3252|3460, 3128|3561, 3128|3711, 3156|3805, 3156|4074, https://www.yahoo.com, 
1984|1, 1984|1111, 2352|1357, 2160|1577, 2260|2069, 3180|2262, 3180|2592, 3164|2674, 3164|3360, 3460|3480, 3272|3585, 3616|3688, 3616|3867, 8648|3974, 7912|4071, https://www.mit.edu, 
1984|1, 1984|1223, 2352|1449, 2248|1803, 2268|2163, 3372|2418, 3372|2759, 3360|2835, 3348|2926, 3348|3656, 3488|3846, 3288|3951, 3472|4062, https://www.baidu.com, 
1984|1, 1984|1048, 1988|1158, 2356|1387, 2356|1834, 2336|2169, 3072|2393, 3072|2935, 3144|3019, 3164|3111, 3164|3452, 3660|3601, 3476|3726, 3476|3895, 3660|3978, 8108|4078, https://www.mit.edu, 
1984|1, 1984|1095, 2168|1283, 2368|1549, 2184|1686, 2368|2129, 3188|2342, 3252|2428, 3252|3201, 3628|3374, 3628|3448, 3664|3548, 3664|3704, 4220|3950, 4220|4047, https://www.yahoo.com, 
1984|1, 1984|1103, 2352|1380, 2260|1665, 2260|2112, 3364|2292, 3364|2456, 3392|2536, 3396|2613, 3344|2689, 3344|3445, 3384|3567, 3432|3691, 3400|3867, 3400|4048, https://www.baidu.com, 
1984|1, 1984|761, 1988|874, 1988|1078, 2356|1321, 2356|1559, 2316|1813, 3200|2231, 3200|2514, 3384|2614, 3384|2767, 3396|2924, 3344|3010, 3344|3217, 3348|3406, 3348|3655, 3512|3795, 3612|3883, 3596|3968, 3596|4049, https://www.baidu.com, 
1984|1, 1984|1131, 2184|1305, 2184|1762, 3424|2235, 3372|2376, 3372|2739, 3556|2828, 3556|3123, 3568|3226, 3140|3365, 3140|3515, 3204|3598, 3352|4074, https://www.yahoo.com, 
1984|1, 1984|1178, 2352|1448, 2204|1645, 2388|1974, 3308|2245, 3308|2453, 3256|2625, 3256|2888, 3380|2977, 3380|3208, 3196|3365, 3196|3450, 3052|3530, 3200|3612, 3200|4011, https://www.yahoo.com, 
