1085554|1, 1085554|963, 1085728|1264, 1086166|1766, 1086166|2969, 1086299|3087, 1086565|3191, 1086958|4044, https://www.mit.edu, 
1098706|1, 1099003|309, 1099003|448, 1099390|615, 1099390|1418, 1099861|1948, 1099861|2307, 1100269|2393, 1100269|3216, 1101082|3340, 1102782|3465, 1103857|3570, 1104854|4121, https://www.jd.com, 
1109404|1, 1109404|1371, 1110026|1685, 1110026|3567, 1111920|3745, 1112328|3837, 1112328|4034, https://www.yahoo.com, 
1119060|1, 1119060|1297, 1119621|1591, 1120092|1900, 1120092|3146, 1121245|3253, 1123429|3370, 1123680|3505, 1124384|3702, 1124640|4030, https://www.jd.com, 
1129136|1, 1129136|994, 1129532|1268, 1130114|1588, 1130114|2288, 1130250|2368, 1130250|2457, 1130742|2556, 1130742|4013, https://www.mit.edu, 
1142706|1, 1142706|1403, 1143444|1832, 1143846|2042, 1143846|3202, 1147183|3382, 1147434|3516, 1148138|4047, https://www.jd.com, 
1153089|1, 1153089|377, 1153479|542, 1153479|1239, 1153653|1473, 1153827|1845, 1153827|4024, https://www.pku.edu.cn, 
1155861|1, 1155861|390, 1156266|571, 1156266|1332, 1156440|1558, 1157259|2000, 1157259|3271, 1158018|3387, 1158018|3627, 1158904|3738, 1158904|4074, https://www.baidu.com, 
1162172|1, 1162172|154, 1162508|552, 1162910|749, 1162910|1484, 1163258|1880, 1163258|3097, 1163642|3299, 1163642|4060, https://www.pku.edu.cn, 
1164482|1, 1164482|371, 1164740|558, 1164869|713, 1164869|1350, 1165430|1596, 1165865|2032, 1165865|3485, 1166624|3626, 1167024|3746, 1167126|3853, 1167126|4011, https://www.baidu.com, 
1171244|1, 1171244|1502, 1172099|1897, 1172273|2160, 1172273|2635, 1172666|2723, 1172666|2934, 1173074|3080, 1173074|3200, 1174127|3332, 1176662|3461, 1177366|4136, https://www.jd.com, 
1181772|1, 1181772|1353, 1181946|1653, 1182417|2074, 1182417|3082, 1183570|3249, 1186005|3377, 1186005|3525, 1186709|3696, 1186709|4004, https://www.jd.com, 
1191590|1, 1191590|391, 1191995|540, 1191995|1339, 1192343|1764, 1192343|2465, 1192733|2550, 1192939|4064, https://www.pku.edu.cn, 
1194157|1, 1194157|1395, 1194331|1768, 1194331|2292, 1194733|2386, 1194733|2482, 1195126|2567, 1195126|3162, 1195420|3297, 1195420|4082, https://www.mit.edu, 
1207176|1, 1207176|709, 1207244|850, 1207244|1288, 1208204|1648, 1208639|2027, 1208639|3419, 1209466|3555, 1209466|3687, 1209968|3792, 1209968|4044, https://www.baidu.com, 
1214284|1, 1214284|252, 1214544|401, 1214674|571, 1214674|1518, 1215712|1862, 1215712|2063, 1216501|2161, 1216501|3303, 1219838|3414, 1220089|3532, 1220793|4008, https://www.jd.com, 
1224549|1, 1224846|157, 1224846|1093, 1225230|1349, 1225875|1907, 1225875|2050, 1226274|2139, 1226274|2637, 1226670|2735, 1226670|3243, 1229763|3356, 1230258|3468, 1230258|3637, 1230962|3795, 1230962|4010, https://www.jd.com, 
1235110|1, 1235644|203, 1235644|680, 1236040|815, 1236040|1447, 1237049|1919, 1237049|3525, 1237901|3705, 1237901|3858, 1238309|3978, 1238309|4103, https://www.yahoo.com, 
1247662|1, 1247662|1377, 1248232|1666, 1248406|1992, 1248406|2757, 1248805|2855, 1248805|3752, 1249213|3869, 1249213|4041, https://www.pku.edu.cn, 
1250053|1, 1250053|1320, 1250227|1555, 1250401|1854, 1250401|2263, 1251178|2376, 1251178|2604, 1251577|2688, 1251674|4012, https://www.pku.edu.cn, 
1252349|1, 1252349|975, 1252748|1217, 1252748|1626, 1253780|2095, 1253780|3451, 1254593|3581, 1257368|3713, 1257770|3838, 1257770|4065, https://www.jd.com, 
1262554|1, 1262554|1386, 1262953|1535, 1263127|1833, 1263575|2206, 1263575|3615, 1265453|3803, 1265453|4025, https://www.yahoo.com, 
1280040|1, 1280040|1556, 1281049|2018, 1281049|2580, 1281157|2664, 1281265|2750, 1281265|2851, 1281658|2951, 1281658|3582, 1283536|3707, 1283536|4072, https://www.yahoo.com, 
1293209|1, 1293209|1530, 1293557|1818, 1293941|2136, 1293941|2676, 1294346|2773, 1294733|4022, https://www.pku.edu.cn, 
1295505|1, 1295505|125, 1295711|234, 1295711|1331, 1295940|1641, 1296288|2107, 1296288|2451, 1296678|2535, 1296678|2854, 1297071|2936, 1297071|3352, 1297470|3509, 1297470|4049, https://www.pku.edu.cn, 
1298242|1, 1298242|1443, 1298713|1786, 1298887|2127, 1298887|3406, 1302475|3522, 1302475|3802, 1302871|3938, 1303511|4127, https://www.jd.com, 
1308219|1, 1308219|252, 1308618|446, 1309014|616, 1309014|1132, 1309410|1400, 1309584|1661, 1310130|1993, 1310754|2183, 1310754|2735, 1311150|2852, 1311150|4051, https://www.mit.edu, 
1322966|1, 1322966|1099, 1323371|1385, 1323371|1578, 1324414|2078, 1324523|4090, https://www.pku.edu.cn, 
1325585|1, 1326115|129, 1326115|227, 1326383|453, 1326383|1454, 1326557|1830, 1326731|2186, 1326731|4052, https://www.pku.edu.cn, 
1327503|1, 1327503|159, 1327621|373, 1327621|665, 1328008|802, 1328008|1342, 1328575|1594, 1329010|2038, 1329010|2929, 1329418|3086, 1329418|3410, 1330177|3540, 1330695|3676, 1330695|4042, https://www.baidu.com, 
1334240|1, 1334240|1018, 1334633|1161, 1334633|1598, 1335149|1996, 1335242|2261, 1335242|3040, 1335632|3198, 1335632|3585, 1336391|3742, 1336909|3875, 1336909|4052, https://www.baidu.com, 
1340844|1, 1340844|986, 1341246|1215, 1341246|1461, 1341594|1847, 1341594|2338, 1341978|2435, 1341978|4023, https://www.pku.edu.cn, 
1342992|1, 1342992|1629, 1343637|2094, 1344033|2340, 1344033|2678, 1344417|2768, 1344417|3355, 1344523|3460, 1347754|3592, 1348005|3719, 1348005|4033, https://www.jd.com, 
1353776|1, 1353776|617, 1354184|787, 1354184|1076, 1354577|1331, 1354645|1545, 1354993|2024, 1354993|4037, https://www.mit.edu, 
1367039|1, 1367039|827, 1367831|964, 1367831|1594, 1368575|1972, 1368575|4067, https://www.mit.edu, 
1380928|1, 1380928|152, 1381077|377, 1381077|1496, 1382098|1888, 1382098|2242, 1382360|2330, 1382491|2410, 1382491|4027, https://www.yahoo.com, 
1390283|1, 1390283|1492, 1390457|1738, 1391295|2173, 1391295|2289, 1391694|2377, 1391694|3272, 1391950|3371, 1392078|3455, 1392078|3628, 1393604|3814, 1393604|4084, https://www.yahoo.com, 
1401530|1, 1401530|1171, 1401917|1410, 1402091|1550, 1402265|2001, 1402655|2203, 1402655|3336, 1403048|3467, 1403048|4066, https://www.mit.edu, 
1414244|1, 1414244|998, 1414652|1225, 1414652|1451, 1415261|1761, 1415261|3608, 1416020|3734, 1416020|3878, 1416742|3984, 1416742|4081, https://www.baidu.com, 
1420600|1, 1420600|964, 1420987|1216, 1420987|1610, 1421998|2090, 1421998|2883, 1422403|2986, 1422403|3485, 1423439|3599, 1423692|3718, 1423949|3839, 1424210|3943, 1424210|4026, https://www.baidu.com, 
1427755|1, 1427755|933, 1427823|1139, 1427823|1432, 1428573|1845, 1428573|2675, 1428972|2779, 1428972|3245, 1429356|3368, 1429356|4016, https://www.mit.edu, 
1441111|1, 1441111|278, 1441236|456, 1441236|782, 1441629|941, 1441629|1613, 1442190|1882, 1442638|2245, 1442638|4030, https://www.yahoo.com, 
1448044|1, 1448044|845, 1448310|950, 1448310|1385, 1448874|1825, 1449048|2108, 1449048|2604, 1449447|2702, 1449447|4025, https://www.mit.edu, 
1461592|1, 1461592|218, 1461710|393, 1461710|1245, 1462505|1547, 1463114|1942, 1463114|3510, 1463873|3635, 1465008|3812, 1465008|4018, https://www.baidu.com, 
1468611|1, 1468611|1396, 1468692|1620, 1468959|1916, 1468959|2506, 1469343|2590, 1469343|2854, 1469613|2949, 1469748|3060, 1470138|3181, 1470138|4031, https://www.mit.edu, 
1481884|1, 1481884|326, 1482154|485, 1482289|681, 1482289|917, 1482694|1075, 1482694|1486, 1483724|1799, 1483724|3471, 1485658|3763, 1485658|4020, https://www.yahoo.com, 
1494659|1, 1494659|1414, 1496066|1847, 1496066|2505, 1496453|2593, 1496453|3371, 1497212|3495, 1497212|3648, 1497934|3772, 1497934|4027, https://www.baidu.com, 
1502185|1, 1502185|1060, 1502968|1359, 1502968|1563, 1503403|2039, 1503403|3334, 1504561|3470, 1504818|3615, 1505079|3711, 1505079|4039, https://www.baidu.com, 
1508529|1, 1508529|1578, 1509151|1982, 1509151|3549, 1511085|3710, 1511085|3805, 1511490|3909, 1511490|4007, https://www.yahoo.com, 
1520125|1, 1520125|1466, 1520299|1682, 1520747|2051, 1520747|3537, 1521134|3622, 1521542|3701, 1521542|4021, https://www.yahoo.com, 
