4559507|1, 4559507|1011, 4562087|1267, 4562638|1811, 4562638|2004, 4562698|2109, 4562698|2186, 4562754|2269, 4562754|2459, 4562834|2581, 4562834|2692, 4562974|2855, 4563034|3017, 4563034|3137, 4563092|3239, 4563148|4079, https://www.mit.edu, 
4575310|1, 4575596|335, 4575596|474, 4575650|637, 4575650|1215, 4576307|1433, 4579400|1971, 4579400|2135, 4579460|2236, 4579460|2331, 4579685|2415, 4579685|2599, 4579765|2682, 4579765|2847, 4579905|2942, 4579905|3132, 4579965|3241, 4580307|3358, 4581347|3492, 4582503|3596, 4582503|3695, 4584680|3802, 4584720|3886, 4586212|3992, 4586740|4141, https://www.jd.com, 
4629726|1, 4629726|381, 4629902|527, 4629902|899, 4629974|1229, 4629974|1386, 4631285|1671, 4633896|2052, 4634354|2139, 4634498|2224, 4635206|2321, 4636142|2410, 4637726|2506, 4638590|2606, 4639166|2705, 4639246|2798, 4639246|2911, 4639398|3036, 4639746|3169, 4641004|3270, 4641280|3356, 4641352|3444, 4642360|3582, 4645218|3773, 4648866|3864, 4650954|3956, 4652310|4058, https://www.yahoo.com, 
4691072|1, 4691180|281, 4691234|433, 4691234|1108, 4691294|1309, 4692561|1599, 4695276|1918, 4695336|2100, 4695396|2178, 4695396|2572, 4695476|2662, 4695476|2843, 4695556|2923, 4695616|3039, 4695676|3170, 4696148|3277, 4697058|3392, 4698480|3528, 4699458|3717, 4699458|4052, https://www.jd.com, 
4740716|1, 4740716|278, 4740895|393, 4740895|1005, 4741112|1289, 4743869|1597, 4743949|1885, 4744009|2071, 4744069|2156, 4744069|2393, 4744121|2482, 4744593|2579, 4744593|2767, 4744673|2847, 4744733|2937, 4744733|3083, 4744793|3236, 4744793|4036, https://www.mit.edu, 
4757409|1, 4757468|270, 4757576|462, 4757576|1131, 4758353|1417, 4759272|1854, 4759411|2067, 4759633|2163, 4759633|2241, 4759693|2325, 4759693|2742, 4759773|2829, 4759773|2928, 4759913|3086, 4759913|3225, 4761355|3410, 4764317|3544, 4764357|3651, 4765849|3758, 4766095|4069, https://www.jd.com, 
4806552|1, 4806552|271, 4806723|398, 4806936|564, 4806936|928, 4807008|1257, 4808922|1473, 4809630|1863, 4809710|2029, 4809770|2126, 4809770|2205, 4809830|2290, 4809830|2683, 4809910|2768, 4809910|2946, 4810050|3089, 4810050|3185, 4810110|3318, 4810110|4047, https://www.pku.edu.cn, 
4830374|1, 4830374|245, 4830540|395, 4830600|582, 4830600|1344, 4832604|1545, 4835960|2011, 4838064|2184, 4838064|2279, 4838124|2371, 4838124|2714, 4838204|2804, 4838204|2897, 4838284|3012, 4838344|3182, 4838344|3286, 4840292|3397, 4847018|3519, 4850884|3642, 4853929|3752, 4853929|4007, https://www.baidu.com, 
4890573|1, 4890573|160, 4890728|545, 4891061|752, 4891061|1339, 4891365|1493, 4893683|1882, 4893823|2078, 4893823|2245, 4893883|2327, 4893883|2648, 4893963|2734, 4893963|2956, 4894103|3111, 4894372|3313, 4894372|4075, https://www.pku.edu.cn, 
4911622|1, 4911787|239, 4911787|563, 4911841|729, 4911841|1359, 4914056|1586, 4916987|2048, 4919295|2206, 4919355|2293, 4919355|2695, 4919435|2773, 4919435|2948, 4919575|3107, 4919575|3234, 4919635|3368, 4919989|3504, 4929676|3626, 4933755|3764, 4934595|3867, 4934595|4029, https://www.baidu.com, 
4975106|1, 4975106|358, 4975276|553, 4975276|1510, 4976714|1841, 4979057|2172, 4979197|2285, 4979197|2448, 4979257|2572, 4979257|2652, 4979472|2739, 4979472|2951, 4979613|3089, 4979693|3215, 4980526|3346, 4981606|3478, 4984500|3596, 4984540|3705, 4986032|3795, 4986578|4146, https://www.jd.com, 
5033605|1, 5033605|441, 5033722|590, 5033722|1362, 5034955|1647, 5037658|2078, 5037718|2199, 5037718|2278, 5037778|2363, 5037778|2733, 5037858|2823, 5037858|2915, 5037938|3086, 5038470|3268, 5039548|3396, 5041514|3542, 5041760|3705, 5041760|4024, https://www.jd.com, 
5080089|1, 5080089|200, 5080265|396, 5080488|549, 5080488|815, 5080528|1060, 5081421|1346, 5083690|1764, 5083830|2071, 5083830|2162, 5083890|2247, 5083890|2476, 5083945|2558, 5083945|2651, 5084025|2761, 5084025|2878, 5084165|3023, 5084165|3156, 5084225|3302, 5084425|4075, https://www.pku.edu.cn, 
5099688|1, 5099688|152, 5099858|325, 5099858|1404, 5102678|1747, 5102818|2131, 5102818|2213, 5102878|2305, 5103099|2399, 5103099|2495, 5103155|2579, 5103155|2656, 5103235|2739, 5103235|2910, 5103375|3069, 5103375|3175, 5103635|3306, 5105061|3451, 5105478|3553, 5105478|4010, https://www.mit.edu, 
5118062|1, 5118062|294, 5118231|441, 5118231|722, 5118327|863, 5118327|1301, 5121346|1620, 5124106|2038, 5127138|2190, 5127198|2272, 5127198|2595, 5127253|2677, 5127333|2759, 5127333|2949, 5127473|3085, 5127473|3193, 5127533|3313, 5127533|3433, 5134922|3567, 5139651|3700, 5141834|3806, 5141834|4057, https://www.baidu.com, 
5180613|1, 5180613|253, 5180837|420, 5180837|591, 5180909|724, 5180909|1259, 5180969|1396, 5180969|1535, 5183051|1867, 5185027|2079, 5185140|2180, 5185140|2257, 5185200|2336, 5185200|2746, 5185280|2836, 5185280|2940, 5185420|3087, 5185420|3199, 5185480|3323, 5186862|3431, 5186970|3549, 5189864|3677, 5189864|3772, 5191356|3856, 5191602|4026, https://www.jd.com, 
5227964|1, 5228076|155, 5228076|367, 5228244|487, 5228244|1103, 5228297|1350, 5231739|1888, 5232359|2058, 5232578|2149, 5232638|2246, 5232638|2647, 5232775|2735, 5232775|2849, 5232915|3028, 5232915|3127, 5232975|3250, 5234161|3357, 5234465|3477, 5236505|3641, 5236751|3791, 5237000|3926, 5237000|4019, https://www.jd.com, 
5275634|1, 5275807|213, 5275807|402, 5275918|525, 5275918|692, 5276135|828, 5276135|921, 5276207|1240, 5276287|1449, 5278641|1914, 5280171|2099, 5280569|2184, 5280569|2265, 5281709|2359, 5282789|2442, 5282861|2527, 5284373|2611, 5285669|2703, 5287045|2804, 5287117|2898, 5287197|3038, 5287257|3171, 5287393|3255, 5287453|3337, 5287453|3412, 5288533|3538, 5290791|3719, 5293751|3872, 5295644|3990, 5297148|4101, https://www.yahoo.com, 
5351227|1, 5351227|425, 5351346|598, 5351346|847, 5351403|980, 5351403|1387, 5353504|1640, 5354622|1995, 5354762|2219, 5354762|2373, 5354822|2452, 5354822|2770, 5355121|2867, 5355121|2966, 5355201|3129, 5355261|3253, 5355261|3363, 5355321|3474, 5355321|3765, 5355546|3880, 5355546|4054, https://www.pku.edu.cn, 
5372911|1, 5372911|311, 5373078|486, 5373078|1340, 5375742|1574, 5376240|1853, 5376380|2115, 5376380|2282, 5376864|2397, 5376864|2626, 5376922|2707, 5377002|2792, 5377002|2899, 5377082|3011, 5377142|3140, 5377142|3282, 5377202|3434, 5377322|4032, https://www.pku.edu.cn, 
5392036|1, 5392036|234, 5392207|417, 5392207|987, 5392265|1217, 5392265|1384, 5393042|1628, 5395147|2023, 5396616|2288, 5396616|2454, 5396676|2531, 5396676|2951, 5396756|3055, 5396836|3246, 5396896|3332, 5396896|3459, 5397298|3590, 5399103|3721, 5401521|3847, 5403013|4070, https://www.jd.com, 
5446243|1, 5446243|285, 5446409|441, 5446409|1383, 5446628|1545, 5447939|1826, 5450876|2203, 5451656|2318, 5452952|2408, 5454380|2498, 5455172|2598, 5456180|2685, 5457260|2772, 5457692|2894, 5457916|3007, 5457916|3139, 5457996|3236, 5458192|3321, 5458192|3397, 5458252|3471, 5459476|3623, 5462766|3812, 5466261|3919, 5468997|4026, https://www.yahoo.com, 
5533371|1, 5533371|457, 5533537|586, 5533537|1562, 5536043|2005, 5537839|2240, 5537971|2329, 5538259|2410, 5538967|2495, 5539831|2589, 5540605|2672, 5541659|2758, 5541803|2855, 5542098|2957, 5542098|3072, 5542178|3201, 5542374|3298, 5542374|3458, 5543246|3581, 5545652|3715, 5547550|3801, 5550430|3886, 5553108|3984, 5554456|4076, https://www.yahoo.com, 
5605244|1, 5605244|356, 5605411|493, 5605411|1303, 5607865|1528, 5608573|1835, 5608922|2154, 5608922|2259, 5608982|2362, 5608982|2694, 5609122|2791, 5609122|2993, 5609262|3099, 5609262|3269, 5609322|3391, 5609533|4039, https://www.pku.edu.cn, 
5625361|1, 5625361|127, 5625481|239, 5625650|400, 5625650|1301, 5627851|1636, 5630473|2093, 5630613|2284, 5630613|2457, 5630673|2538, 5630728|2627, 5630728|2861, 5630943|2943, 5631023|3051, 5631103|3187, 5631163|3352, 5631442|3516, 5631442|4054, https://www.pku.edu.cn, 
5650075|1, 5650075|450, 5650247|562, 5650247|1173, 5650307|1438, 5651632|1777, 5654147|2130, 5654207|2297, 5654267|2428, 5654267|2846, 5654347|2941, 5654347|3025, 5654487|3187, 5654487|3315, 5654547|3410, 5656037|3524, 5658891|3703, 5658891|3810, 5660440|3942, 5660686|4111, https://www.jd.com, 
5701235|1, 5701235|141, 5701292|259, 5701521|437, 5701578|622, 5701578|1136, 5701795|1397, 5702062|1669, 5702386|1983, 5704122|2191, 5705222|2310, 5705426|2416, 5705426|2745, 5705563|2861, 5705563|2946, 5705643|3066, 5705703|3216, 5705703|3307, 5705763|3420, 5705763|4057, https://www.mit.edu, 
5719208|1, 5719208|301, 5719384|508, 5719384|1107, 5719444|1373, 5720337|1560, 5722835|2054, 5723423|2257, 5723423|2415, 5723483|2511, 5723483|2848, 5723563|2956, 5723623|3101, 5723763|3239, 5723763|3379, 5723823|3504, 5723943|4097, https://www.pku.edu.cn, 
5738141|1, 5738256|134, 5738256|234, 5738395|461, 5738395|1461, 5740807|1812, 5741097|2195, 5741157|2294, 5741237|2374, 5741377|2455, 5741377|2839, 5741457|2923, 5741457|3008, 5741537|3133, 5741597|3253, 5741677|3380, 5741737|3509, 5741737|4061, https://www.pku.edu.cn, 
5760780|1, 5760780|168, 5761010|359, 5761010|675, 5761064|807, 5761064|1343, 5763283|1603, 5766174|2043, 5767954|2195, 5768474|2290, 5768474|2366, 5768534|2448, 5768534|2755, 5768614|2848, 5768614|2938, 5768755|3096, 5768815|3244, 5768815|3332, 5768875|3421, 5775655|3549, 5781594|3686, 5784373|3792, 5784373|4052, https://www.baidu.com, 
5822803|1, 5822803|477, 5822969|623, 5822969|1036, 5823184|1177, 5823184|1616, 5826825|2003, 5828675|2271, 5829107|2364, 5831031|2471, 5831031|2554, 5831091|2647, 5831091|2976, 5831171|3055, 5831384|3215, 5831524|3366, 5831524|3504, 5831584|3602, 5842728|3756, 5848273|3886, 5848753|3990, 5848753|4067, https://www.baidu.com, 
5888714|1, 5888714|287, 5888884|477, 5888968|652, 5888968|993, 5889027|1223, 5889027|1466, 5891649|1797, 5891789|2169, 5891789|2262, 5891849|2347, 5892058|2443, 5892058|2756, 5892138|2840, 5892138|2942, 5892218|3044, 5892278|3197, 5892278|3328, 5892338|3469, 5892338|4030, https://www.pku.edu.cn, 
5907744|1, 5907744|256, 5907915|378, 5907915|1463, 5907975|1627, 5911437|2083, 5911634|2345, 5911634|2438, 5911694|2528, 5911694|2610, 5911752|2684, 5911805|2774, 5911805|2926, 5911885|3011, 5911885|3105, 5912025|3235, 5912025|3358, 5912302|3462, 5913467|3595, 5916362|3717, 5916402|3823, 5917362|3906, 5917882|4032, https://www.jd.com, 
5958493|1, 5958493|504, 5958665|624, 5958726|794, 5958726|1085, 5958941|1339, 5959037|1538, 5961803|2024, 5961943|2233, 5961943|2419, 5962003|2503, 5962003|2821, 5962083|2905, 5962083|3000, 5962163|3168, 5962223|3305, 5962283|3442, 5962283|4045, https://www.mit.edu, 
5974836|1, 5974836|421, 5975005|584, 5975005|828, 5975277|961, 5975277|1453, 5975437|1578, 5978100|1941, 5978240|2167, 5978240|2342, 5978300|2423, 5978300|2809, 5978380|2887, 5978380|2994, 5978520|3183, 5978520|3299, 5978580|3405, 5978580|4071, https://www.mit.edu, 
5991081|1, 5991081|161, 5991310|375, 5991310|1498, 5993320|1880, 5995511|2166, 5995981|2251, 5996196|2336, 5996256|2420, 5996256|2728, 5996328|2809, 5996408|2905, 5996552|3034, 5996692|3142, 5996908|3267, 5997446|3360, 5997506|3453, 5997506|3535, 5998010|3627, 5998082|4036, https://www.yahoo.com, 
6031736|1, 6031736|433, 6031844|591, 6031902|750, 6031902|1504, 6032853|1723, 6034863|2186, 6034923|2304, 6035142|2391, 6035202|2471, 6036376|2562, 6036558|2668, 6036630|2753, 6037422|2855, 6039374|2979, 6042262|3147, 6043330|3287, 6043466|3387, 6043735|3470, 6043735|3548, 6045103|3631, 6048457|3829, 6051651|3915, 6054963|4003, https://www.yahoo.com, 
6106513|1, 6106513|260, 6106678|448, 6106678|1166, 6106732|1409, 6108214|1552, 6109498|1990, 6109693|2209, 6109693|2371, 6109753|2463, 6109753|2780, 6109833|2869, 6109833|3061, 6109973|3221, 6109973|3341, 6110248|3467, 6110248|4072, https://www.mit.edu, 
6121552|1, 6121552|302, 6121720|479, 6121720|1005, 6121945|1208, 6121945|1454, 6125334|1761, 6126880|1979, 6128980|2228, 6129040|2308, 6129040|2696, 6129120|2775, 6129120|2948, 6129260|3054, 6129260|3280, 6129320|3411, 6129320|3517, 6129556|3614, 6133613|3731, 6142407|3880, 6144546|3990, 6144546|4087, https://www.baidu.com, 
6170614|1, 6170614|571, 6170787|709, 6170787|967, 6170841|1215, 6170841|1425, 6172155|1594, 6175835|2058, 6175895|2217, 6177987|2327, 6178047|2411, 6178047|2798, 6178127|2887, 6178350|2990, 6178490|3169, 6178490|3283, 6178550|3397, 6178550|3490, 6179979|3596, 6188091|3721, 6193153|3841, 6196129|3946, 6196129|4029, https://www.baidu.com, 
6236723|1, 6236723|251, 6236893|438, 6236893|937, 6236989|1088, 6237149|1436, 6239976|1845, 6240116|2108, 6240116|2276, 6240176|2358, 6240176|2680, 6240475|2783, 6240475|2989, 6240615|3125, 6240615|3250, 6240884|3372, 6240884|4021, https://www.mit.edu, 
6257957|1, 6257957|284, 6258016|461, 6258183|637, 6258183|789, 6258398|935, 6258398|1620, 6259611|1855, 6260904|2232, 6262700|2388, 6262760|2472, 6263408|2559, 6264548|2641, 6265124|2732, 6265556|2808, 6265628|2896, 6266132|2984, 6266132|3066, 6266252|3228, 6266404|3347, 6266714|3438, 6266714|3514, 6266786|3599, 6266918|3687, 6266990|3778, 6267278|3867, 6267566|3958, 6267710|4038, https://www.yahoo.com, 
6291013|1, 6291013|851, 6291071|956, 6291184|1140, 6291184|1381, 6293795|1788, 6294085|2110, 6294145|2204, 6294145|2369, 6294205|2447, 6294205|2610, 6294263|2708, 6294263|2789, 6294400|2876, 6294400|2970, 6294480|3078, 6294540|3219, 6294540|3334, 6294600|3436, 6294600|4027, https://www.mit.edu, 
6307239|1, 6307239|219, 6307298|392, 6307471|603, 6307471|1237, 6307745|1526, 6311770|1945, 6313296|2233, 6315200|2382, 6315260|2469, 6315260|2883, 6315340|2992, 6315340|3081, 6315420|3160, 6315480|3307, 6315480|3417, 6315540|3516, 6321470|3638, 6327774|3816, 6335395|3936, 6335875|4025, https://www.baidu.com, 
6364083|1, 6364083|451, 6364251|584, 6364251|1400, 6364483|1604, 6367017|1917, 6367157|2235, 6367157|2417, 6367217|2510, 6367426|2595, 6367426|2859, 6367506|2953, 6367566|3065, 6367761|3185, 6367761|3400, 6367821|3552, 6367821|4034, https://www.mit.edu, 
6380040|1, 6380040|327, 6380221|483, 6380281|684, 6380281|925, 6380341|1057, 6380341|1487, 6382053|1788, 6384324|2161, 6384324|2259, 6384710|2351, 6385862|2435, 6387158|2532, 6390326|2641, 6391262|2732, 6391342|2825, 6391342|2911, 6391422|3014, 6391554|3143, 6391834|3278, 6391894|3362, 6393190|3478, 6400648|3769, 6403588|3869, 6405934|4027, https://www.yahoo.com, 
6465187|1, 6465187|154, 6465239|345, 6465409|520, 6465409|1402, 6470477|1804, 6474186|2117, 6474186|2202, 6474246|2284, 6474246|2517, 6474457|2605, 6474457|2679, 6474537|2759, 6474537|2856, 6474617|2944, 6474677|3097, 6474737|3241, 6474737|3380, 6477872|3506, 6487500|3647, 6492723|3781, 6492723|4038, https://www.baidu.com, 
6535300|1, 6535300|297, 6535469|460, 6535469|1055, 6535580|1360, 6537374|1557, 6540781|2017, 6540841|2161, 6540841|2249, 6540941|2343, 6543817|2444, 6543817|2679, 6543897|2839, 6543897|2921, 6543977|3030, 6544037|3180, 6544097|3339, 6547121|3457, 6557075|3618, 6557193|3716, 6557193|4038, https://www.baidu.com, 
6587828|1, 6587828|399, 6588006|583, 6588006|1412, 6588086|1591, 6590386|1958, 6592386|2234, 6592818|2315, 6593454|2413, 6594246|2505, 6595686|2590, 6597774|2688, 6598854|2786, 6599006|2885, 6599006|3062, 6599290|3222, 6599540|3303, 6599600|3377, 6599672|3457, 6599816|3539, 6601666|3722, 6603204|3818, 6606216|3919, 6608246|4020, https://www.yahoo.com, 
6657826|1, 6657826|497, 6657997|610, 6657997|1470, 6659236|1680, 6660593|2037, 6660733|2199, 6660733|2304, 6661967|2391, 6662221|2558, 6662509|2653, 6663085|2740, 6663877|2824, 6664389|2952, 6665333|3039, 6666041|3207, 6666579|3305, 6666855|3382, 6667071|3465, 6667143|3541, 6667498|3624, 6667795|3706, 6667867|3786, 6668011|3864, 6668299|3941, 6668731|4026, https://www.yahoo.com, 
