980328|1, 990392|748, 993120|856, 999520|1034, 1006672|1136, 1015528|1364, 1025820|1528, 1030024|2014, 1034980|2335, 1035972|2433, 1033740|2515, 1031260|2617, 1031012|2693, 1031976|2790, 1031640|2876, 1031980|2973, 1034280|3096, 1037472|3235, 1038840|3432, 1043852|3547, 1045340|3654, 1044472|3748, 1044720|3839, 1045600|3961, 1047792|4064, https://www.mit.edu, 
992584|1, 999732|646, 1004072|799, 1001840|937, 1006180|1125, 1011512|1264, 1017544|1461, 1031308|1719, 1035028|1955, 1028424|2495, 1029292|2585, 1029168|2692, 1028796|2786, 1028672|2882, 1029540|2967, 1029328|3048, 1029244|3139, 1029328|3220, 1031260|3306, 1033768|3402, 1035852|3582, 1037092|3713, 1039200|3831, 1040068|4054, https://www.jd.com, 
986588|1, 992912|527, 994028|670, 997724|777, 996236|928, 1000700|1050, 1004668|1164, 1011364|1375, 1027112|1641, 1028472|1823, 1034796|2253, 1035292|2447, 1036284|2530, 1033556|2614, 1033560|2712, 1033360|2806, 1034336|2902, 1033916|3011, 1034420|3096, 1035680|3191, 1037780|3332, 1040300|3445, 1041476|3571, 1041308|3661, 1041072|3750, 1041912|3847, 1042920|4058, https://www.yahoo.com, 
990628|1, 995960|475, 997572|631, 1001912|785, 1001556|966, 1008004|1112, 1014452|1257, 1025488|1485, 1030448|1707, 1032916|2059, 1036636|2285, 1036388|2439, 1037504|2520, 1037132|2599, 1036884|2677, 1036688|2757, 1037612|2833, 1037196|2909, 1037520|3006, 1038780|3098, 1040964|3181, 1041720|3262, 1044240|3395, 1045152|3513, 1045896|3627, 1049120|3756, 1049864|3891, 1052008|4088, https://www.jd.com, 
993256|1, 1000080|494, 1001692|623, 1005412|748, 1004420|896, 1010372|1060, 1015004|1163, 1026456|1421, 1032656|1639, 1034392|1990, 1035896|2273, 1040236|2402, 1039864|2490, 1039616|2567, 1040732|2646, 1040484|2724, 1040120|2815, 1040372|2920, 1041716|3008, 1043984|3099, 1046292|3179, 1046516|3278, 1049004|3461, 1052724|3590, 1053592|3673, 1052104|3752, 1053312|3841, 1055580|3935, 1056048|4060, https://www.mit.edu, 
996320|1, 1001324|476, 1002932|658, 1005164|830, 1005784|955, 1007644|1089, 1013224|1194, 1017812|1307, 1030108|1577, 1036804|1860, 1040648|2257, 1040296|2428, 1041168|2508, 1041044|2586, 1040920|2671, 1040672|2752, 1041592|2838, 1041256|2922, 1041676|3005, 1042936|3090, 1044700|3187, 1047052|3317, 1047560|3466, 1050640|3612, 1052040|3765, 1053404|3895, 1050800|4005, https://www.jd.com, 
997628|1, 1001844|435, 1003456|591, 1006584|737, 1007948|892, 1011172|1020, 1016504|1123, 1021464|1320, 1035600|1576, 1041064|1905, 1043544|2219, 1043296|2350, 1044288|2430, 1043916|2511, 1043544|2594, 1044876|2674, 1044252|2753, 1043832|2833, 1044756|2908, 1044756|2988, 1044588|3077, 1048284|3164, 1050300|3271, 1050560|3393, 1052668|3527, 1052916|3630, 1053956|3728, 1055196|3816, 1056188|3910, 1055940|3995, 1054576|4080, https://www.pku.edu.cn, 
1000748|1, 1006204|381, 1008064|564, 1008560|751, 1010316|889, 1013584|1008, 1018172|1129, 1023132|1237, 1032432|1447, 1039252|1660, 1044340|1972, 1046200|2326, 1046696|2478, 1047812|2566, 1048060|2662, 1047440|2755, 1036340|2837, 1036264|2917, 1036328|3001, 1038808|3104, 1041160|3209, 1041580|3317, 1043184|3480, 1051492|3584, 1052112|3712, 1052236|3827, 1053052|3946, 1053796|4047, https://www.baidu.com, 
991256|1, 996116|312, 998248|420, 1004128|817, 1007744|1042, 1012952|1145, 1026088|1427, 1032784|1589, 1034892|1851, 1037868|2187, 1039024|2325, 1038404|2406, 1037908|2485, 1039024|2569, 1038776|2644, 1038400|2735, 1039324|2813, 1038988|2888, 1038988|2978, 1042432|3076, 1044616|3236, 1045376|3377, 1046676|3560, 1046180|3673, 1048660|3778, 1048412|3868, 1049032|3950, 1051512|4054, https://www.pku.edu.cn, 
994192|1, 1000020|352, 1002700|522, 1000596|675, 1004316|860, 1006176|990, 1012004|1121, 1016344|1217, 1027660|1454, 1033724|1655, 1038312|1980, 1042652|2317, 1042848|2463, 1041352|2546, 1041104|2635, 1040980|2713, 1041988|2794, 1041568|2870, 1041316|2946, 1042744|3027, 1044760|3116, 1045600|3223, 1049196|3390, 1049848|3494, 1057484|3641, 1057856|3762, 1059996|3914, 1059748|4037, https://www.baidu.com, 
996128|1, 1001460|382, 1003568|495, 1005180|652, 1006064|854, 1008220|985, 1012684|1124, 1016900|1222, 1024960|1423, 1035872|1653, 1039324|1847, 1042416|2236, 1044896|2476, 1044028|2564, 1043284|2645, 1044276|2752, 1043952|2850, 1043764|2927, 1043848|3022, 1047292|3128, 1048300|3236, 1049768|3382, 1052124|3508, 1052992|3641, 1053860|3778, 1055084|3888, 1054228|3982, 1054352|4074, https://www.jd.com, 
999396|1, 1003368|392, 1005724|555, 1008080|735, 1008948|894, 1014280|1033, 1018160|1133, 1022424|1253, 1035444|1459, 1039412|1685, 1044868|2056, 1049000|2393, 1046148|2486, 1047140|2562, 1046520|2647, 1046892|2725, 1047028|2806, 1047196|2928, 1048708|3016, 1050472|3110, 1052092|3227, 1055452|3426, 1056324|3558, 1058556|3689, 1058804|3856, 1060716|4008, https://www.jd.com, 
1004412|1, 1009992|347, 1011984|513, 1012976|682, 1015208|840, 1018308|965, 1023516|1088, 1042928|1452, 1044912|1671, 1051112|2120, 1049240|2337, 1050124|2424, 1050248|2513, 1050124|2589, 1050860|2663, 1050532|2739, 1049944|2825, 1052044|2936, 1052128|3041, 1053808|3146, 1057252|3292, 1058204|3439, 1060128|3588, 1060252|3683, 1061244|3783, 1062612|3880, 1063720|3967, 1062084|4082, https://www.pku.edu.cn, 
1006296|1, 1011628|281, 1013488|391, 1015720|562, 1016028|728, 1017020|897, 1021484|997, 1025700|1113, 1030412|1233, 1041448|1485, 1048444|1675, 1052660|2115, 1055512|2351, 1053900|2430, 1053652|2535, 1042856|2627, 1041428|2715, 1041056|2800, 1042048|2874, 1042308|2961, 1043232|3051, 1045500|3129, 1047516|3295, 1049364|3402, 1051276|3541, 1051740|3678, 1053104|3776, 1055088|3864, 1059224|3965, 1061000|4063, https://www.mit.edu, 
997004|1, 1001468|372, 1002708|596, 1005188|728, 1005932|879, 1012988|1035, 1016460|1137, 1029356|1417, 1037168|1632, 1040352|2012, 1045436|2331, 1042584|2460, 1043700|2543, 1043328|2630, 1043824|2707, 1043452|2786, 1043044|2863, 1044204|2947, 1044268|3030, 1046032|3127, 1048552|3226, 1049728|3358, 1051492|3483, 1058236|3611, 1058484|3703, 1059204|3850, 1060900|3983, 1061068|4081, https://www.baidu.com, 
999336|1, 1003208|372, 1005316|546, 1008168|702, 1008664|867, 1014864|1028, 1018088|1126, 1025688|1322, 1038304|1538, 1040784|1678, 1040908|1838, 1045744|2167, 1050428|2345, 1049312|2443, 1045716|2520, 1046708|2600, 1046212|2679, 1045964|2769, 1046888|2853, 1046468|2928, 1046720|3016, 1048484|3117, 1051508|3220, 1052780|3363, 1054764|3481, 1055260|3590, 1056500|3717, 1058236|3839, 1057616|3951, 1057492|4030, https://www.jd.com, 
1002392|1, 1006676|285, 1007936|450, 1011512|614, 1012136|763, 1015236|910, 1021312|1036, 1023916|1148, 1033216|1378, 1045856|1765, 1049080|2194, 1050072|2294, 1049204|2384, 1049328|2482, 1050196|2556, 1049608|2638, 1050616|2722, 1050112|2798, 1050196|2881, 1052716|2992, 1054144|3087, 1055832|3264, 1057816|3383, 1058932|3491, 1058612|3603, 1061444|3721, 1063224|3891, 1067424|4048, https://www.jd.com, 
1005344|1, 1011316|320, 1013548|517, 1017640|675, 1015036|819, 1020864|980, 1024776|1091, 1031348|1299, 1045608|1532, 1047344|1788, 1052556|2266, 1051688|2356, 1051688|2442, 1052680|2521, 1052432|2617, 1051812|2703, 1052804|2786, 1052432|2868, 1054084|2963, 1054852|3065, 1057516|3196, 1059616|3307, 1059784|3432, 1060876|3511, 1060036|3594, 1059852|3679, 1060860|3819, 1061868|4015, https://www.yahoo.com, 
1008280|1, 1012776|311, 1014388|405, 1016316|521, 1016936|736, 1017804|863, 1019292|987, 1026236|1132, 1029832|1234, 1040452|1475, 1049204|1680, 1048460|1995, 1055404|2335, 1054816|2467, 1055836|2542, 1055216|2620, 1054844|2704, 1055792|2781, 1055372|2861, 1056548|2936, 1056464|3017, 1058480|3125, 1061756|3245, 1061792|3380, 1062668|3524, 1064788|3618, 1065612|3728, 1066164|3840, 1067140|3930, 1067036|4014, https://www.pku.edu.cn, 
1012544|1, 1017504|293, 1019984|432, 1021844|540, 1020656|706, 1023880|872, 1028344|1029, 1032560|1154, 1047564|1410, 1050916|1564, 1053392|1851, 1057236|2123, 1059840|2328, 1058352|2414, 1058104|2506, 1057664|2609, 1058428|2684, 1058184|2762, 1058992|2834, 1058992|2923, 1059328|3025, 1062100|3120, 1063864|3228, 1066100|3368, 1066220|3541, 1068948|3645, 1069076|3767, 1068676|3855, 1071024|3952, 1070972|4050, https://www.pku.edu.cn, 
1002148|1, 1003848|289, 1007816|384, 1009428|478, 1008932|719, 1012360|893, 1015212|1003, 1020544|1139, 1024016|1225, 1030712|1481, 1040880|1666, 1044716|1976, 1048560|2415, 1048312|2526, 1047320|2616, 1048188|2690, 1047816|2771, 1048900|2848, 1047976|2926, 1049056|3002, 1048552|3083, 1048720|3198, 1052080|3311, 1054768|3489, 1055944|3575, 1056944|3717, 1059644|3841, 1060720|3974, 1059756|4103, https://www.jd.com, 
1002020|1, 1006824|284, 1008560|389, 1010916|514, 1009056|694, 1012156|826, 1013272|953, 1017572|1078, 1022268|1198, 1032684|1418, 1042852|1632, 1043720|1777, 1044560|2185, 1049148|2430, 1048652|2530, 1048280|2624, 1049520|2714, 1049024|2814, 1050016|2898, 1049872|2986, 1049988|3111, 1054356|3230, 1055936|3360, 1056184|3451, 1057548|3529, 1057300|3606, 1056604|3688, 1058924|3887, 1059356|4035, https://www.yahoo.com, 
1006148|1, 1011440|299, 1012912|386, 1015392|515, 1013160|675, 1016880|811, 1018492|961, 1022212|1098, 1027048|1192, 1035320|1415, 1046356|1627, 1049580|1804, 1053600|2305, 1053496|2438, 1053620|2525, 1053620|2610, 1054488|2691, 1053620|2786, 1054488|2870, 1054488|3055, 1057960|3158, 1060284|3269, 1062720|3404, 1061980|3497, 1062976|3574, 1061812|3658, 1064356|3811, 1063580|3912, 1064780|3997, 1064732|4083, https://www.yahoo.com, 
1010048|1, 1012820|344, 1015088|485, 1015420|631, 1019636|779, 1019388|908, 1023976|1053, 1028316|1167, 1033772|1311, 1044828|1580, 1053756|1882, 1052640|2179, 1057228|2426, 1056264|2527, 1055740|2616, 1056856|2699, 1056560|2789, 1056056|2869, 1057232|2945, 1057148|3049, 1060676|3151, 1061516|3244, 1064232|3386, 1064272|3528, 1066688|3649, 1066764|3732, 1068564|3810, 1067392|3903, 1066396|4001, https://www.pku.edu.cn, 
1013028|1, 1016252|268, 1019476|366, 1021708|493, 1023568|648, 1022960|789, 1024448|906, 1027920|1048, 1033748|1166, 1037344|1300, 1053588|1594, 1054916|2022, 1061612|2366, 1060744|2514, 1060372|2607, 1061364|2684, 1060672|2773, 1061412|2853, 1060952|2932, 1062044|3005, 1061708|3087, 1063024|3187, 1065528|3310, 1066656|3441, 1068916|3619, 1069632|3754, 1070516|3844, 1071840|3955, 1071764|4040, https://www.pku.edu.cn, 
1019124|1, 1019528|296, 1021512|404, 1023868|550, 1025232|713, 1027588|831, 1027712|959, 1032064|1117, 1037768|1218, 1048060|1481, 1059368|1779, 1062156|2079, 1067076|2468, 1065688|2571, 1065636|2683, 1054212|2773, 1053368|2852, 1052872|2937, 1054240|3013, 1054148|3098, 1056752|3195, 1058432|3286, 1059648|3461, 1061880|3569, 1062500|3671, 1064980|3823, 1062028|3962, 1063068|4075, https://www.jd.com, 
991756|1, 996476|255, 998020|352, 1000748|496, 1000376|708, 1001268|846, 1005360|985, 1010444|1095, 1013916|1204, 1024344|1422, 1030668|1639, 1032156|1933, 1036624|2304, 1037916|2412, 1037792|2530, 1037048|2621, 1036428|2699, 1036816|2781, 1036312|2870, 1037740|2963, 1039588|3072, 1042024|3159, 1044668|3306, 1046776|3429, 1049504|3526, 1049628|3629, 1049256|3706, 1048388|3793, 1052232|3878, 1052964|3993, 1057440|4102, https://www.mit.edu, 
995288|1, 996404|284, 998760|401, 1001364|592, 1004536|765, 1004660|909, 1008504|1054, 1013464|1191, 1019788|1352, 1033852|1648, 1039308|1997, 1044516|2365, 1041416|2492, 1040484|2569, 1040380|2659, 1040876|2746, 1040132|2823, 1040960|2909, 1040876|2994, 1041968|3098, 1043984|3195, 1046420|3352, 1048652|3481, 1049072|3626, 1051416|3740, 1052160|3858, 1051640|3963, 1053784|4048, https://www.pku.edu.cn, 
998588|1, 1000572|194, 1004912|297, 1006648|397, 1005036|671, 1008508|798, 1010916|975, 1017488|1100, 1020712|1212, 1029888|1416, 1038940|1666, 1042300|2074, 1044036|2368, 1044904|2449, 1044160|2531, 1045400|2612, 1044408|2690, 1045152|2764, 1044216|2842, 1045720|2916, 1045132|2995, 1046728|3084, 1047736|3162, 1051684|3314, 1051520|3412, 1053628|3549, 1053876|3676, 1056480|3756, 1055072|3851, 1055276|3938, 1056268|4032, https://www.pku.edu.cn, 
1001580|1, 1006092|244, 1006340|399, 1008200|603, 1011176|743, 1012292|881, 1017912|1030, 1021712|1122, 1030144|1340, 1041304|1562, 1042420|1911, 1048968|2264, 1046488|2397, 1047356|2476, 1046736|2557, 1047976|2635, 1047232|2711, 1048112|2786, 1047808|2863, 1049152|2941, 1050076|3038, 1052660|3132, 1054424|3315, 1056216|3436, 1062488|3521, 1064088|3612, 1064316|3766, 1065488|3880, 1064640|3979, 1065756|4066, https://www.baidu.com, 
1004808|1, 1004932|250, 1009024|362, 1009148|509, 1012304|702, 1013296|830, 1014288|1011, 1019620|1137, 1023464|1248, 1029540|1402, 1042456|1660, 1045556|1842, 1051756|2264, 1052616|2483, 1051136|2584, 1049648|2678, 1050764|2760, 1049896|2847, 1050640|2922, 1050288|2999, 1051716|3087, 1052052|3176, 1054488|3266, 1056084|3425, 1058628|3576, 1065608|3718, 1067408|3842, 1067380|3975, 1067680|4103, https://www.baidu.com, 
1008500|1, 1008300|198, 1010780|344, 1013012|478, 1015696|673, 1016316|833, 1019912|953, 1024128|1069, 1028964|1165, 1041364|1481, 1048196|1651, 1052112|2148, 1053476|2341, 1052360|2429, 1053228|2510, 1052796|2610, 1053756|2685, 1053136|2764, 1053960|2839, 1053540|2916, 1054884|3009, 1056480|3105, 1060200|3258, 1060172|3375, 1061920|3508, 1062064|3635, 1064364|3719, 1064216|3823, 1065116|3902, 1064216|3988, 1067108|4089, https://www.pku.edu.cn, 
998736|1, 998652|297, 999828|399, 1001672|524, 1003904|654, 1005764|833, 1007156|946, 1009140|1112, 1015092|1216, 1018316|1319, 1030468|1541, 1036048|1738, 1039356|1952, 1047416|2409, 1046548|2606, 1042952|2691, 1043944|2786, 1043572|2863, 1044464|2942, 1043588|3030, 1044764|3101, 1044428|3185, 1046276|3268, 1048376|3364, 1051232|3499, 1051604|3623, 1053960|3731, 1053936|3867, 1054820|3983, 1053332|4080, https://www.jd.com, 
996140|1, 996032|244, 998388|388, 1000372|564, 1002728|719, 1004960|840, 1008432|1013, 1013836|1126, 1021940|1345, 1034340|1584, 1033720|1872, 1040708|2295, 1040336|2450, 1041080|2532, 1040460|2622, 1041328|2703, 1040584|2790, 1041576|2864, 1040956|2941, 1042612|3020, 1041828|3117, 1045260|3204, 1047444|3370, 1049964|3530, 1052016|3657, 1054496|3749, 1052760|3832, 1054124|3912, 1055836|4014, https://www.mit.edu, 
998816|1, 999188|233, 1002040|351, 1004540|497, 1005780|685, 1008260|795, 1008012|920, 1013716|1040, 1017808|1186, 1031240|1460, 1037564|1660, 1039300|1844, 1043144|2207, 1047304|2384, 1046228|2467, 1044740|2542, 1044244|2629, 1045112|2701, 1044180|2782, 1045020|2855, 1044232|2932, 1045660|3008, 1047004|3101, 1048432|3195, 1050888|3399, 1053320|3516, 1054808|3634, 1055056|3723, 1055180|3823, 1056544|3900, 1059612|4047, https://www.mit.edu, 
1001364|1, 1005828|242, 1006076|376, 1006892|595, 1011604|705, 1012100|863, 1018920|1031, 1021524|1131, 1032560|1366, 1040624|1565, 1043080|1738, 1050520|2102, 1050396|2352, 1051388|2438, 1047660|2523, 1048804|2605, 1047688|2687, 1048504|2759, 1047832|2838, 1048504|2909, 1048168|3007, 1049848|3101, 1052536|3242, 1055224|3337, 1057240|3455, 1056056|3546, 1055196|3640, 1056104|3721, 1055516|3811, 1056608|3897, 1055768|3979, 1056692|4052, https://www.yahoo.com, 
1005300|1, 1004352|216, 1008816|327, 1008816|465, 1009808|642, 1013280|775, 1013576|942, 1018424|1105, 1022888|1222, 1032684|1449, 1044588|1701, 1047712|2030, 1044644|2378, 1044644|2487, 1045140|2567, 1045884|2648, 1045760|2762, 1046628|2844, 1045648|2933, 1045372|3057, 1048816|3174, 1050496|3328, 1052932|3469, 1052680|3563, 1053688|3645, 1052904|3722, 1054500|3875, 1054356|4007, https://www.yahoo.com, 
1001692|1, 1002024|208, 1004752|315, 1007356|471, 1008720|646, 1011696|808, 1012564|922, 1017776|1062, 1020784|1178, 1028348|1361, 1039880|1599, 1044096|1850, 1047208|2255, 1047456|2377, 1046960|2460, 1047704|2535, 1047084|2628, 1047952|2704, 1047148|2786, 1048072|2865, 1047484|2946, 1048828|3040, 1050520|3132, 1053460|3236, 1054284|3390, 1058376|3516, 1057260|3646, 1058128|3746, 1058376|3821, 1057880|3910, 1062720|4021, https://www.mit.edu, 
991900|1, 992148|244, 994960|382, 997316|540, 999548|709, 1000912|865, 1002772|979, 1008600|1098, 1011948|1205, 1028376|1506, 1032964|1675, 1032964|1996, 1038296|2240, 1037848|2423, 1038840|2500, 1038220|2582, 1038716|2657, 1039584|2731, 1038592|2810, 1037848|2891, 1038744|2967, 1038408|3062, 1039500|3140, 1041516|3258, 1044740|3393, 1046420|3491, 1047388|3616, 1054632|3718, 1053392|3822, 1055376|3944, 1054760|4080, https://www.baidu.com, 
997684|1, 996776|187, 1001116|280, 1000548|415, 1002596|618, 1004600|751, 1007288|897, 1011132|1038, 1015472|1135, 1029856|1479, 1034692|1603, 1038000|1871, 1041720|2283, 1042712|2389, 1041720|2495, 1043084|2577, 1041596|2658, 1042464|2730, 1043552|2804, 1042476|2886, 1043736|2967, 1043232|3054, 1045668|3186, 1048608|3334, 1050120|3453, 1050072|3566, 1058208|3666, 1057620|3782, 1059484|3895, 1059144|4018, https://www.baidu.com, 
999412|1, 1003628|203, 1005240|296, 1007472|451, 1012060|641, 1007472|775, 1010652|897, 1016336|1010, 1019188|1113, 1032456|1386, 1039648|1702, 1044420|2086, 1047024|2281, 1047892|2365, 1044792|2449, 1045660|2536, 1044668|2613, 1045660|2690, 1046528|2765, 1045936|2858, 1045872|2975, 1049148|3062, 1050576|3170, 1053152|3320, 1055384|3421, 1055756|3550, 1056500|3627, 1056500|3708, 1057740|3784, 1060044|3913, 1064816|4023, https://www.mit.edu, 
1002572|1, 1002324|254, 1006684|376, 1005940|518, 1008048|691, 1010032|872, 1011644|1002, 1015488|1170, 1021316|1281, 1027904|1497, 1038816|1688, 1041048|1855, 1042660|2144, 1049752|2497, 1048016|2598, 1048884|2680, 1048140|2768, 1049256|2852, 1048388|2939, 1049380|3016, 1048920|3106, 1051608|3194, 1051776|3284, 1055700|3461, 1055784|3569, 1056624|3646, 1057716|3719, 1056692|3810, 1057616|3898, 1056272|3989, 1057448|4080, https://www.yahoo.com, 
1003792|1, 1005528|185, 1009992|288, 1009124|443, 1010880|582, 1012868|759, 1014976|876, 1018696|1003, 1024152|1117, 1030972|1362, 1043776|1582, 1049236|2068, 1050600|2268, 1051468|2353, 1049980|2437, 1051220|2514, 1052332|2596, 1050808|2680, 1051816|2763, 1050892|2857, 1051984|2935, 1051312|3027, 1054672|3130, 1056184|3253, 1057432|3366, 1060252|3485, 1060952|3589, 1064508|3694, 1061860|3785, 1062408|3873, 1064768|3979, 1066616|4077, https://www.mit.edu, 
1007508|1, 1006764|158, 1008996|247, 1011228|373, 1013708|590, 1015444|756, 1016764|887, 1020608|1036, 1025444|1129, 1029164|1230, 1038836|1436, 1049672|1783, 1051992|2141, 1054596|2425, 1053480|2512, 1054348|2612, 1053852|2691, 1055092|2766, 1054024|2842, 1055564|2932, 1055312|3029, 1058252|3127, 1060688|3213, 1062148|3301, 1062952|3456, 1071352|3561, 1069736|3663, 1071688|3852, 1073312|3957, 1072092|4069, https://www.baidu.com, 
1011656|1, 1010588|220, 1013564|357, 1015424|488, 1018028|637, 1019516|774, 1021128|893, 1024724|1054, 1031496|1177, 1038812|1406, 1050840|1597, 1054560|1850, 1055308|2188, 1059276|2413, 1060392|2498, 1061508|2592, 1059896|2684, 1048496|2777, 1046264|2881, 1047132|2955, 1046400|3038, 1047852|3131, 1051816|3250, 1052488|3364, 1054168|3472, 1055136|3617, 1058484|3746, 1061056|3834, 1058052|3916, 1059416|3998, 1061096|4094, https://www.mit.edu, 
1002536|1, 1000676|229, 1004960|353, 1004856|533, 1007956|719, 1009444|884, 1014776|1006, 1018496|1108, 1026256|1291, 1038036|1552, 1040268|1698, 1044360|2140, 1045580|2354, 1046744|2439, 1045752|2537, 1046868|2622, 1046248|2721, 1046868|2829, 1046372|2926, 1047736|3015, 1049348|3098, 1054060|3211, 1053908|3386, 1054776|3460, 1053828|3558, 1055508|3717, 1058388|3962, 1058016|4058, https://www.yahoo.com, 
1000968|1, 1003448|231, 1005804|365, 1007664|557, 1009740|768, 1012592|881, 1017924|1019, 1022760|1113, 1037640|1389, 1042664|1672, 1043408|2109, 1047996|2302, 1047748|2387, 1048368|2466, 1049336|2546, 1048280|2623, 1049224|2699, 1048292|2788, 1049384|2859, 1048628|2949, 1050812|3037, 1053416|3130, 1054924|3316, 1064512|3455, 1064084|3576, 1066052|3700, 1065756|3876, 1066600|3972, 1067600|4058, https://www.baidu.com, 
1005516|1, 1009856|207, 1011964|328, 1010476|493, 1014692|644, 1014196|770, 1017676|881, 1022676|987, 1025776|1086, 1037060|1305, 1044128|1567, 1047400|1797, 1052212|2239, 1051096|2346, 1050228|2426, 1051468|2522, 1052460|2621, 1051716|2704, 1052460|2775, 1051852|2913, 1055568|3017, 1056064|3114, 1058544|3224, 1059696|3408, 1067768|3520, 1067992|3663, 1069564|3802, 1069016|3890, 1070084|3976, 1069360|4057, https://www.baidu.com, 
1008680|1, 1013332|215, 1012844|383, 1015200|585, 1017680|762, 1020532|871, 1024872|1029, 1029956|1136, 1036108|1310, 1049252|1591, 1051360|1767, 1058528|2224, 1056532|2382, 1057524|2464, 1055912|2561, 1057028|2654, 1055664|2745, 1056532|2834, 1056036|2946, 1057276|3046, 1058964|3130, 1062640|3231, 1065120|3370, 1064172|3447, 1065220|3521, 1064184|3603, 1066556|3748, 1065516|3872, 1067016|3971, 1065452|4080, https://www.yahoo.com, 
1010000|1, 1011736|185, 1015704|278, 1017812|395, 1019400|538, 1023648|671, 1018192|819, 1021912|949, 1028236|1067, 1031336|1181, 1045968|1454, 1051464|1652, 1052580|1969, 1055308|2240, 1056796|2354, 1054688|2460, 1054076|2632, 1054944|2713, 1054724|2816, 1056152|2896, 1057412|2983, 1058336|3108, 1062180|3210, 1062512|3372, 1063804|3457, 1064916|3537, 1063180|3619, 1064428|3697, 1062940|3782, 1063764|3860, 1064732|3940, 1063452|4018, https://www.yahoo.com, 
