186|1, 186|806, 194|1260, 197|1612, 197|1711, 198|1792, 198|2822, 199|2931, 199|3768, 200|3907, 200|4015, https://www.mit.edu, 
202|1, 204|166, 204|303, 205|484, 205|1086, 206|1320, 208|1862, 208|1953, 209|2059, 209|2154, 210|2249, 210|2673, 209|2769, 206|2950, 206|3080, 220|3198, 228|3320, 232|3421, 230|3523, 230|3707, 226|3828, 232|4002, https://www.jd.com, 
255|1, 255|151, 254|260, 253|411, 253|847, 252|1123, 247|1295, 237|1720, 219|1930, 219|2097, 220|2195, 218|2289, 216|2385, 216|2580, 215|2673, 215|3232, 210|3330, 205|3541, 209|3650, 210|3745, 210|3837, 208|3940, 208|4096, https://www.yahoo.com, 
231|1, 234|177, 234|800, 233|1024, 235|1243, 244|1592, 246|1830, 246|1986, 247|2066, 247|3059, 263|3174, 269|3299, 273|3432, 277|3629, 277|3829, 278|3947, 278|4037, https://www.jd.com, 
254|1, 254|137, 255|269, 255|685, 253|936, 254|1160, 258|1502, 260|1790, 260|1924, 261|2011, 261|2337, 264|2442, 264|4119, https://www.mit.edu, 
218|1, 221|192, 221|732, 219|846, 219|1103, 220|1372, 225|1794, 228|1967, 228|2048, 227|2125, 228|2210, 228|2545, 226|2628, 226|3003, 230|3146, 248|3303, 252|3433, 252|3653, 255|3808, 256|4102, https://www.jd.com, 
241|1, 241|164, 244|307, 243|461, 243|591, 240|698, 240|1149, 245|1466, 248|1792, 250|1925, 250|2086, 251|2169, 251|3485, 250|3570, 250|4014, https://www.pku.edu.cn, 
249|1, 252|196, 252|383, 253|518, 253|1073, 248|1291, 245|1595, 253|1958, 254|2111, 254|2199, 255|2295, 255|3217, 264|3345, 264|3459, 268|3579, 269|3680, 269|4012, https://www.baidu.com, 
248|1, 246|111, 247|514, 248|738, 246|842, 246|1124, 244|1282, 249|1520, 252|1874, 254|2021, 254|2181, 255|2266, 255|3074, 256|3256, 256|3565, 253|3646, 253|4019, https://www.pku.edu.cn, 
245|1, 248|178, 248|332, 249|516, 249|1303, 255|1612, 263|1972, 263|2119, 264|2202, 264|2865, 263|3040, 263|3150, 262|3296, 271|3419, 269|3569, 273|3693, 273|3860, 270|3938, 270|4016, https://www.baidu.com, 
269|1, 267|118, 267|279, 270|472, 266|612, 266|1041, 262|1279, 262|1475, 266|1863, 266|2103, 267|2192, 267|2351, 268|2477, 269|2555, 269|2756, 270|2863, 270|3010, 271|3134, 287|3262, 295|3404, 295|3702, 299|3872, 304|4061, https://www.jd.com, 
324|1, 324|360, 326|517, 325|658, 325|758, 324|878, 324|1073, 325|1302, 326|1665, 328|2018, 328|2188, 329|2272, 329|2853, 319|3048, 335|3183, 343|3313, 345|3477, 349|3632, 348|3761, 348|4022, https://www.jd.com, 
346|1, 346|176, 349|342, 350|503, 346|619, 346|751, 342|1109, 342|1310, 345|1776, 346|2000, 346|2087, 347|2175, 347|2402, 348|2489, 348|2704, 347|2809, 342|2955, 341|3094, 344|4009, https://www.pku.edu.cn, 
283|1, 283|114, 284|282, 284|839, 282|957, 280|1209, 281|1386, 281|1823, 282|2076, 282|2155, 283|2260, 284|2351, 285|2440, 285|2775, 276|2855, 276|3127, 279|3265, 279|4042, https://www.mit.edu, 
225|1, 225|242, 226|372, 226|516, 227|679, 227|781, 225|1036, 227|1262, 232|1639, 235|1976, 235|2105, 236|2187, 236|2431, 237|2508, 237|3003, 236|3120, 236|3245, 238|3348, 245|3495, 249|3627, 249|4051, https://www.baidu.com, 
281|1, 280|183, 283|337, 283|1175, 284|1311, 284|1471, 293|1804, 292|1983, 294|2082, 293|2159, 294|2238, 293|2317, 293|2654, 291|2755, 291|2839, 282|3001, 282|3119, 288|3227, 304|3354, 308|3468, 308|3773, 312|3942, 312|4094, https://www.jd.com, 
321|1, 323|165, 323|335, 326|483, 326|869, 324|1074, 327|1461, 332|1915, 331|2016, 332|2104, 333|2202, 332|2278, 332|2603, 333|2712, 333|3097, 339|3211, 346|3324, 352|3442, 356|3611, 355|3769, 355|3882, 354|3974, 354|4050, https://www.jd.com, 
357|1, 358|203, 360|363, 360|507, 358|665, 355|779, 355|917, 352|1200, 350|1466, 351|1950, 351|2045, 350|2131, 349|2211, 350|2306, 350|2393, 349|2475, 348|2557, 348|3200, 344|3283, 341|3367, 341|3508, 356|3703, 356|3824, 357|3962, 357|4072, https://www.yahoo.com, 
347|1, 347|218, 345|434, 345|681, 346|829, 346|933, 345|1158, 344|1377, 345|1683, 347|2028, 346|2165, 346|2240, 347|2318, 346|2402, 346|2716, 347|2823, 347|2943, 346|3078, 346|3313, 340|3425, 340|3712, 341|3833, 341|4002, https://www.pku.edu.cn, 
272|1, 272|254, 271|420, 271|585, 270|744, 270|869, 266|1120, 265|1275, 270|1552, 273|1833, 273|2043, 272|2129, 273|2220, 274|2324, 273|2400, 273|2549, 274|2637, 274|2943, 273|3080, 269|3227, 267|3360, 267|3877, 270|3965, 270|4061, https://www.pku.edu.cn, 
218|1, 218|194, 219|421, 219|607, 217|719, 217|942, 215|1194, 215|1374, 218|1666, 224|2130, 225|2243, 224|2332, 224|2799, 222|2914, 222|3205, 211|3291, 211|3433, 223|3556, 237|3688, 238|3815, 238|4051, https://www.jd.com, 
264|1, 264|239, 267|417, 267|923, 266|1143, 266|1354, 268|1499, 276|1902, 276|2155, 275|2255, 275|2347, 276|2438, 276|3085, 273|3176, 267|3255, 267|3413, 273|3602, 283|3759, 283|3858, 284|3992, 284|4100, https://www.yahoo.com, 
332|1, 332|219, 335|379, 335|898, 334|1096, 331|1325, 332|1490, 337|1998, 338|2141, 338|2316, 339|2397, 339|2491, 340|2576, 341|2662, 341|2761, 340|2864, 338|2974, 338|3364, 345|3512, 356|3618, 356|3789, 357|3885, 357|4092, https://www.yahoo.com, 
347|1, 345|144, 348|293, 348|716, 346|830, 345|970, 343|1243, 346|1545, 347|1814, 349|2089, 349|2176, 350|2279, 350|2608, 351|2712, 351|2908, 350|3044, 350|3312, 349|3395, 349|3783, 350|3875, 350|4040, https://www.pku.edu.cn, 
295|1, 293|102, 295|217, 298|379, 293|525, 293|640, 291|784, 290|902, 288|1028, 287|1322, 285|1733, 285|2102, 287|2249, 287|2420, 289|2508, 289|2824, 286|2923, 285|3041, 285|3176, 286|3348, 286|4031, https://www.pku.edu.cn, 
240|1, 240|114, 234|252, 234|538, 232|668, 232|1158, 231|1476, 233|1770, 234|2178, 233|2281, 234|2393, 234|2807, 224|2905, 224|2996, 222|3171, 222|3279, 236|3381, 248|3529, 248|3671, 249|3782, 246|3919, 250|4111, https://www.jd.com, 
275|1, 275|99, 276|241, 280|455, 281|587, 281|845, 280|952, 280|1385, 282|1670, 292|2049, 292|2154, 293|2279, 293|2619, 294|2711, 293|2821, 285|2908, 285|3625, 284|3740, 284|4021, https://www.mit.edu, 
271|1, 271|312, 274|483, 274|1365, 277|1695, 286|2075, 287|2213, 287|2290, 288|2377, 288|2713, 285|2809, 283|2917, 282|3071, 285|4058, https://www.pku.edu.cn, 
230|1, 231|106, 229|206, 230|477, 229|607, 228|783, 225|907, 225|1021, 224|1224, 221|1469, 226|1878, 228|2175, 228|2258, 229|2340, 230|2421, 230|2725, 224|2804, 224|4074, https://www.pku.edu.cn, 
210|1, 211|154, 214|359, 214|484, 213|641, 213|784, 212|883, 211|1101, 210|1321, 214|1671, 220|2024, 221|2159, 221|2238, 222|2317, 222|2624, 217|2703, 217|3283, 219|3372, 226|3523, 230|3640, 230|4010, https://www.baidu.com, 
251|1, 251|257, 250|453, 253|582, 253|1000, 254|1154, 254|1595, 262|2017, 262|2236, 263|2337, 263|2431, 264|2512, 264|2752, 255|2839, 255|3019, 256|3178, 256|3470, 265|3592, 265|3728, 269|3855, 269|4102, https://www.baidu.com, 
290|1, 290|272, 293|477, 294|635, 294|971, 295|1277, 295|1451, 300|1928, 301|2147, 301|2233, 302|2315, 303|2416, 303|2816, 300|2911, 296|3061, 295|3181, 295|4013, https://www.pku.edu.cn, 
266|1, 264|106, 262|230, 265|360, 265|649, 261|809, 261|1026, 257|1238, 255|1440, 258|1653, 261|2093, 264|2313, 264|2399, 265|2493, 265|2571, 266|2648, 267|2737, 267|2809, 265|2892, 264|2975, 261|3068, 260|3206, 260|3331, 272|3433, 282|3573, 286|3690, 290|4040, https://www.jd.com, 
302|1, 298|152, 298|325, 301|481, 301|603, 297|777, 296|888, 290|1102, 288|1335, 291|1618, 292|2047, 294|2208, 294|2291, 295|2386, 295|2785, 293|2881, 289|2965, 289|3677, 288|3768, 288|4012, https://www.mit.edu, 
273|1, 273|262, 276|453, 276|805, 277|955, 275|1222, 274|1428, 279|1603, 280|1973, 281|2153, 281|2311, 282|2398, 282|2859, 276|2965, 276|4044, https://www.mit.edu, 
222|1, 219|125, 222|356, 222|620, 220|794, 220|1128, 218|1324, 221|1499, 225|1855, 226|2113, 227|2200, 227|2285, 228|2366, 228|2671, 224|2768, 219|2863, 219|3482, 216|3574, 216|4066, https://www.yahoo.com, 
251|1, 251|429, 254|562, 254|1205, 253|1485, 255|1793, 263|2164, 264|2271, 264|2355, 265|2433, 265|2962, 264|3114, 264|3256, 265|3351, 265|3648, 282|3794, 282|4064, https://www.yahoo.com, 
306|1, 306|266, 309|440, 309|598, 308|718, 308|855, 306|970, 305|1156, 304|1392, 308|1637, 310|2048, 312|2173, 311|2256, 311|2332, 310|2423, 310|2582, 307|2662, 307|3186, 306|3311, 307|3442, 307|4034, https://www.mit.edu, 
247|1, 247|295, 250|462, 247|628, 247|742, 243|860, 243|1264, 242|1432, 249|1757, 250|1996, 250|2186, 251|2262, 251|2573, 245|2650, 245|3156, 242|3242, 242|3480, 248|3583, 251|3704, 253|3842, 257|3958, 257|4043, https://www.baidu.com, 
250|1, 250|229, 242|433, 240|565, 241|711, 241|850, 237|950, 236|1271, 236|1417, 240|1674, 244|2098, 244|2310, 245|2392, 245|2619, 244|2701, 244|2781, 239|2869, 240|2997, 240|3149, 239|3268, 239|3482, 254|3596, 255|3709, 259|3831, 259|4017, https://www.baidu.com, 
274|1, 274|93, 271|250, 273|439, 273|809, 270|914, 270|1177, 274|1502, 276|1884, 277|2082, 277|2247, 278|2336, 278|2415, 277|2492, 277|2658, 272|2776, 272|3222, 273|3350, 273|4085, https://www.mit.edu, 
234|1, 234|132, 235|270, 234|442, 234|1034, 228|1250, 226|1443, 226|1599, 225|1898, 230|2252, 232|2354, 232|2525, 233|2607, 233|2773, 229|2862, 229|3476, 226|3566, 223|3653, 223|4003, https://www.yahoo.com, 
212|1, 212|255, 207|396, 206|574, 202|693, 202|819, 201|935, 203|1155, 203|1393, 211|1878, 210|2085, 211|2171, 210|2256, 211|2332, 211|2574, 212|2675, 212|2753, 213|2845, 211|2948, 204|3067, 203|4004, https://www.mit.edu, 
188|1, 188|216, 192|428, 192|1277, 196|1612, 202|1985, 203|2269, 203|2357, 204|2456, 204|3141, 203|3300, 203|3404, 207|3506, 212|3683, 219|3801, 219|4005, https://www.baidu.com, 
234|1, 232|142, 232|419, 235|560, 235|677, 230|839, 228|963, 228|1383, 230|1626, 229|1968, 230|2198, 230|2284, 231|2378, 231|2470, 232|2562, 232|2917, 233|3035, 233|3150, 232|3257, 232|4008, https://www.mit.edu, 
211|1, 211|308, 215|487, 215|884, 216|1066, 216|1319, 217|1470, 224|1904, 226|2130, 225|2216, 226|2314, 226|2875, 224|2986, 222|3162, 222|3334, 224|3478, 240|3737, 243|4020, https://www.yahoo.com, 
268|1, 264|129, 264|330, 267|530, 267|651, 265|782, 263|884, 262|1133, 263|1441, 264|1867, 264|2156, 265|2239, 265|2396, 264|2471, 265|2560, 265|2810, 264|2901, 261|3084, 260|3227, 261|3347, 268|3472, 274|3648, 274|4071, https://www.baidu.com, 
291|1, 291|288, 294|438, 294|884, 296|1100, 296|1361, 297|1581, 303|2034, 302|2143, 302|2223, 303|2319, 303|3204, 302|3317, 312|3460, 316|3598, 316|4021, https://www.baidu.com, 
289|1, 287|172, 287|368, 289|549, 289|657, 286|817, 283|921, 282|1077, 277|1375, 277|1555, 276|2001, 275|2171, 275|2254, 276|2350, 276|2919, 272|3020, 272|3392, 274|3517, 290|3661, 290|3760, 291|3869, 292|3958, 292|4065, https://www.yahoo.com, 
292|1, 292|217, 290|359, 287|494, 290|637, 287|772, 287|890, 283|1004, 282|1275, 279|1475, 281|1756, 283|2064, 283|2285, 284|2455, 283|2537, 283|2640, 282|2720, 281|2807, 281|2933, 277|3034, 273|3195, 273|3443, 274|3521, 274|3606, 275|3683, 275|4004, https://www.yahoo.com, 
