186|1, 186|812, 194|1266, 197|1621, 197|1721, 198|1801, 198|2831, 199|2940, 199|3777, 200|3916, 200|4025, https://www.mit.edu, 
202|1, 204|172, 204|309, 205|483, 205|1093, 206|1325, 208|1868, 208|1959, 209|2064, 209|2160, 210|2255, 210|2679, 209|2775, 206|2956, 206|3086, 219|3204, 228|3322, 232|3427, 230|3526, 230|3713, 226|3832, 232|3995, 232|4154, https://www.jd.com, 
255|1, 255|154, 254|260, 253|413, 253|850, 252|1125, 247|1295, 237|1720, 219|1932, 219|2101, 220|2198, 218|2293, 216|2387, 216|2583, 215|2675, 215|3236, 210|3333, 204|3543, 209|3653, 210|3747, 210|3840, 208|3942, 208|4099, https://www.yahoo.com, 
231|1, 234|181, 234|798, 233|1023, 234|1234, 244|1598, 246|1836, 246|1993, 247|2072, 247|3066, 263|3180, 269|3304, 273|3436, 277|3635, 277|3835, 278|3953, 278|4044, https://www.jd.com, 
254|1, 254|141, 255|273, 255|687, 253|938, 254|1164, 258|1505, 260|1793, 260|1928, 261|2015, 261|2341, 264|2445, 264|4004, https://www.mit.edu, 
218|1, 221|201, 221|743, 219|856, 219|1107, 218|1345, 225|1803, 228|1977, 228|2554, 226|2638, 226|3013, 229|3156, 248|3312, 252|3443, 252|3663, 254|3817, 256|4112, https://www.jd.com, 
241|1, 241|174, 244|316, 243|467, 243|601, 240|706, 240|1159, 245|1469, 248|1802, 250|1935, 250|2097, 251|2179, 251|3495, 250|3580, 250|4023, https://www.pku.edu.cn, 
249|1, 252|199, 252|380, 253|515, 253|1068, 248|1294, 245|1597, 253|1961, 254|2114, 254|2202, 255|2298, 255|3221, 264|3347, 264|3462, 268|3582, 269|3683, 269|4015, https://www.baidu.com, 
248|1, 246|114, 247|517, 248|732, 246|844, 246|1127, 244|1283, 249|1523, 252|1876, 254|2024, 254|2184, 255|2269, 255|3077, 256|3259, 256|3568, 253|3649, 253|4022, https://www.pku.edu.cn, 
245|1, 248|184, 248|338, 249|522, 249|1307, 255|1612, 263|1977, 263|2125, 264|2208, 264|2871, 263|3045, 263|3156, 262|3301, 271|3425, 269|3574, 273|3699, 273|3867, 271|3944, 270|4023, https://www.baidu.com, 
269|1, 267|120, 267|279, 270|474, 266|613, 266|1039, 262|1280, 262|1478, 266|1865, 266|2105, 267|2193, 267|2353, 268|2479, 269|2557, 269|2758, 270|2865, 270|3012, 271|3136, 286|3264, 295|3406, 295|3704, 299|3872, 304|4063, https://www.jd.com, 
324|1, 324|364, 326|517, 325|660, 325|762, 324|878, 324|1077, 325|1306, 323|1641, 328|2021, 328|2192, 329|2276, 329|2857, 319|3049, 334|3187, 343|3317, 345|3481, 349|3636, 348|3756, 348|4027, https://www.jd.com, 
346|1, 346|179, 349|346, 350|507, 346|623, 346|755, 342|1100, 342|1314, 345|1777, 346|2004, 346|2091, 347|2179, 347|2406, 348|2493, 348|2708, 347|2813, 342|2959, 341|3098, 344|4010, https://www.pku.edu.cn, 
283|1, 283|112, 284|285, 284|842, 282|960, 280|1212, 281|1389, 281|1826, 282|2078, 282|2158, 283|2262, 284|2355, 285|2443, 285|2777, 276|2858, 276|3131, 279|3268, 279|4045, https://www.mit.edu, 
225|1, 225|245, 226|374, 226|521, 227|683, 227|785, 225|1040, 227|1253, 232|1634, 235|1980, 235|2109, 236|2191, 236|2435, 237|2512, 237|3007, 236|3124, 236|3249, 238|3352, 245|3498, 249|3631, 249|4056, https://www.baidu.com, 
281|1, 280|184, 283|339, 283|1178, 284|1313, 284|1474, 293|1807, 292|1986, 294|2084, 293|2162, 294|2240, 293|2320, 293|2657, 291|2757, 291|2842, 282|3004, 282|3122, 288|3230, 304|3357, 308|3471, 308|3776, 312|3944, 312|4097, https://www.jd.com, 
321|1, 323|167, 323|335, 326|481, 326|870, 324|1073, 327|1463, 332|1917, 331|2018, 332|2106, 333|2204, 332|2280, 332|2605, 333|2714, 333|3099, 339|3212, 346|3326, 352|3444, 356|3613, 355|3771, 355|3884, 354|3976, 354|4052, https://www.jd.com, 
357|1, 358|205, 360|365, 360|509, 358|667, 355|781, 355|919, 352|1202, 350|1467, 351|1952, 351|2047, 350|2133, 349|2212, 350|2308, 350|2395, 349|2477, 348|2559, 348|3203, 344|3285, 342|3363, 341|3510, 356|3703, 356|3826, 357|3964, 357|4074, https://www.yahoo.com, 
347|1, 347|217, 345|432, 345|683, 346|828, 346|935, 345|1142, 344|1379, 345|1677, 347|2027, 346|2167, 346|2243, 347|2320, 346|2404, 346|2718, 347|2825, 347|2945, 346|3080, 346|3314, 340|3427, 340|3714, 341|3835, 341|4003, https://www.pku.edu.cn, 
272|1, 272|258, 271|424, 271|586, 270|745, 270|873, 266|1088, 265|1277, 270|1556, 273|1837, 273|2047, 272|2133, 273|2224, 274|2328, 273|2404, 273|2554, 274|2641, 274|2947, 273|3083, 269|3231, 267|3363, 267|3881, 270|3969, 270|4065, https://www.pku.edu.cn, 
218|1, 218|196, 219|423, 219|608, 217|721, 217|943, 215|1196, 215|1376, 218|1666, 224|2131, 225|2245, 224|2334, 224|2801, 222|2916, 222|3207, 211|3293, 211|3435, 223|3557, 237|3688, 238|3815, 238|4053, https://www.jd.com, 
264|1, 264|240, 267|416, 267|925, 266|1142, 266|1353, 268|1500, 276|1901, 276|2157, 275|2257, 275|2348, 276|2440, 276|3087, 273|3177, 267|3257, 267|3416, 273|3604, 283|3761, 283|3860, 284|3993, 284|4101, https://www.yahoo.com, 
332|1, 332|220, 335|379, 335|900, 334|1088, 331|1326, 331|1483, 337|1998, 338|2142, 338|2317, 339|2398, 339|2492, 340|2577, 341|2662, 341|2762, 340|2864, 338|2975, 338|3366, 345|3509, 356|3619, 356|3790, 357|3886, 357|4092, https://www.yahoo.com, 
347|1, 345|145, 348|293, 348|717, 346|831, 345|971, 343|1243, 346|1546, 347|1800, 349|2090, 349|2177, 350|2279, 350|2610, 351|2713, 351|2909, 350|3045, 350|3313, 349|3396, 349|3876, 350|3962, 350|4041, https://www.pku.edu.cn, 
295|1, 293|103, 295|215, 298|379, 293|526, 293|641, 291|784, 290|903, 288|1029, 287|1323, 285|1734, 285|2103, 287|2249, 287|2421, 289|2509, 289|2825, 286|2920, 285|3032, 285|3177, 286|3348, 286|4031, https://www.pku.edu.cn, 
240|1, 240|117, 234|249, 234|540, 232|670, 232|1152, 231|1469, 233|1772, 234|2180, 233|2284, 234|2395, 234|2809, 224|2907, 224|2999, 222|3172, 222|3282, 236|3383, 248|3527, 248|3674, 249|3783, 246|3920, 250|4111, https://www.jd.com, 
275|1, 275|101, 276|243, 280|456, 281|589, 281|847, 280|953, 280|1387, 282|1672, 291|2049, 292|2156, 293|2281, 293|2622, 294|2713, 293|2822, 285|2910, 285|3627, 284|3742, 284|4023, https://www.mit.edu, 
271|1, 271|318, 274|485, 274|1370, 277|1701, 286|2082, 287|2220, 287|2297, 288|2383, 288|2718, 285|2810, 283|2922, 282|3077, 285|4064, https://www.pku.edu.cn, 
230|1, 231|109, 229|209, 230|479, 229|610, 228|785, 225|909, 225|1024, 224|1227, 221|1471, 226|1879, 228|2178, 228|2261, 229|2343, 230|2424, 230|2728, 224|2807, 224|4077, https://www.pku.edu.cn, 
210|1, 211|154, 214|360, 214|483, 213|635, 213|785, 212|884, 211|1102, 210|1319, 214|1672, 220|2021, 221|2160, 221|2239, 222|2318, 222|2625, 217|2703, 217|3284, 219|3373, 226|3524, 230|3640, 230|4011, https://www.baidu.com, 
251|1, 251|258, 250|453, 253|583, 253|1001, 254|1155, 254|1596, 262|2017, 262|2238, 263|2338, 263|2432, 264|2512, 264|2753, 255|2840, 255|3020, 256|3179, 256|3471, 265|3589, 265|3729, 269|3852, 269|4103, https://www.baidu.com, 
290|1, 290|274, 293|478, 294|636, 294|972, 295|1277, 295|1452, 300|1928, 301|2148, 301|2233, 302|2315, 303|2417, 303|2817, 300|2911, 296|3062, 295|3182, 295|4014, https://www.pku.edu.cn, 
266|1, 264|107, 262|231, 265|357, 265|650, 261|810, 261|1027, 257|1215, 255|1441, 258|1654, 261|2094, 264|2314, 264|2400, 265|2493, 265|2572, 266|2649, 267|2738, 267|2810, 265|2893, 264|2976, 261|3069, 260|3206, 260|3332, 272|3434, 282|3573, 286|3691, 290|4039, https://www.jd.com, 
302|1, 298|153, 298|327, 301|482, 301|605, 297|779, 296|889, 290|1084, 288|1337, 291|1620, 292|2049, 294|2210, 294|2294, 295|2388, 295|2787, 293|2883, 289|2967, 289|3679, 288|3769, 288|4014, https://www.mit.edu, 
273|1, 273|262, 276|448, 276|804, 277|955, 275|1210, 274|1429, 279|1604, 280|1973, 281|2154, 281|2312, 282|2399, 282|2860, 276|2965, 276|4044, https://www.mit.edu, 
222|1, 219|126, 222|356, 222|621, 220|794, 220|1129, 218|1320, 221|1496, 225|1856, 226|2114, 227|2201, 227|2286, 228|2367, 228|2673, 224|2769, 219|2864, 219|3484, 216|3575, 216|4067, https://www.yahoo.com, 
251|1, 251|429, 254|563, 254|1207, 253|1486, 255|1781, 263|2165, 264|2268, 264|2356, 265|2434, 265|2963, 264|3114, 264|3257, 265|3352, 265|3649, 282|3795, 282|4065, https://www.yahoo.com, 
306|1, 306|270, 309|442, 309|602, 308|722, 308|858, 306|974, 305|1160, 304|1396, 308|1639, 310|2045, 312|2176, 311|2260, 311|2336, 310|2427, 310|2586, 307|2665, 307|3190, 306|3312, 307|3445, 307|4038, https://www.mit.edu, 
247|1, 247|296, 250|463, 247|630, 247|744, 243|861, 243|1262, 242|1432, 249|1758, 250|1998, 250|2188, 251|2264, 251|2575, 245|2651, 245|3158, 242|3244, 242|3482, 248|3584, 251|3706, 253|3843, 257|3960, 257|4045, https://www.baidu.com, 
250|1, 250|230, 242|434, 240|565, 241|712, 241|849, 237|951, 236|1269, 236|1418, 240|1654, 244|2099, 244|2312, 245|2393, 245|2620, 244|2702, 244|2782, 239|2870, 240|2998, 240|3150, 239|3269, 239|3483, 254|3597, 255|3709, 259|3830, 259|4015, https://www.baidu.com, 
274|1, 274|94, 271|246, 273|439, 273|810, 270|912, 270|1173, 274|1491, 276|1884, 277|2083, 277|2249, 278|2337, 278|2416, 277|2493, 277|2659, 272|2777, 272|3223, 273|3351, 273|4086, https://www.mit.edu, 
234|1, 234|133, 235|270, 233|443, 234|626, 234|1036, 228|1218, 226|1442, 226|1600, 225|1899, 230|2254, 232|2355, 232|2526, 233|2608, 233|2774, 229|2863, 229|3477, 226|3567, 223|3654, 223|4004, https://www.yahoo.com, 
212|1, 212|255, 207|395, 206|575, 202|690, 202|820, 201|936, 203|1155, 203|1394, 211|1877, 210|2086, 211|2172, 210|2257, 211|2333, 211|2575, 212|2676, 212|2754, 213|2845, 211|2949, 204|3062, 203|4005, https://www.mit.edu, 
188|1, 188|218, 192|429, 192|1279, 196|1613, 202|1986, 203|2271, 203|2359, 204|2458, 204|3144, 203|3302, 203|3406, 207|3508, 212|3631, 219|3803, 219|4006, https://www.baidu.com, 
234|1, 232|143, 232|421, 235|562, 235|679, 230|840, 228|963, 228|1382, 230|1628, 229|1958, 230|2200, 230|2286, 231|2380, 231|2472, 232|2564, 232|2919, 233|3037, 233|3152, 232|3258, 232|4010, https://www.mit.edu, 
211|1, 211|308, 215|488, 215|886, 216|1067, 216|1470, 224|1897, 226|2131, 225|2217, 226|2315, 226|2876, 224|2987, 222|3163, 222|3333, 224|3479, 240|3738, 243|4021, https://www.yahoo.com, 
268|1, 266|130, 264|331, 267|532, 267|653, 265|783, 263|885, 262|1116, 263|1434, 264|1869, 264|2157, 265|2241, 265|2398, 264|2473, 265|2562, 265|2812, 264|2903, 261|3078, 260|3229, 261|3349, 268|3474, 274|3650, 274|4072, https://www.baidu.com, 
291|1, 291|289, 294|439, 294|885, 296|1101, 296|1362, 297|1582, 303|2035, 302|2144, 302|2225, 303|2319, 303|3205, 302|3317, 312|3460, 316|3600, 316|4022, https://www.baidu.com, 
289|1, 287|173, 287|369, 289|551, 289|659, 286|819, 283|923, 282|1075, 277|1377, 277|1557, 276|2002, 275|2173, 275|2256, 276|2352, 276|2922, 272|3021, 272|3395, 274|3519, 290|3663, 290|3762, 291|3869, 292|3959, 292|4067, https://www.yahoo.com, 
292|1, 292|219, 290|357, 287|493, 290|632, 287|773, 287|890, 283|1005, 282|1265, 279|1476, 281|1754, 283|2065, 283|2286, 284|2454, 283|2538, 283|2640, 282|2721, 281|2808, 281|2934, 277|3035, 273|3196, 273|3445, 274|3522, 274|3607, 275|3684, 275|4005, https://www.yahoo.com, 
