7|1, 7|4075, https://www.mit.edu, 
7|1, 7|1620, 10|1882, 8|2399, 8|3859, 10|3956, 13|4063, https://www.jd.com, 
8|1, 8|1755, 9|2194, 10|2376, 10|2458, 8|2543, 12|2645, 18|2735, 24|2831, 27|2940, 27|3501, 13|3590, 14|3679, 14|3776, 10|3988, 17|4094, https://www.yahoo.com, 
8|1, 8|1455, 9|1673, 8|2034, 8|3722, 12|3858, 12|4054, https://www.jd.com, 
8|1, 8|2668, 9|2759, 9|4005, https://www.mit.edu, 
9|1, 9|1520, 10|1820, 9|2207, 9|3837, 10|3947, 9|4067, https://www.jd.com, 
9|1, 9|4049, https://www.pku.edu.cn, 
9|1, 9|3535, 15|3661, 36|3781, 34|3897, 34|4079, https://www.baidu.com, 
9|1, 9|4024, https://www.pku.edu.cn, 
9|1, 9|2290, 21|2435, 21|3612, 24|3734, 59|3890, 61|4010, https://www.baidu.com, 
9|1, 9|1626, 11|1850, 14|2226, 9|2450, 9|3353, 10|3482, 10|3615, 14|3750, 9|3862, 15|3954, 9|4047, https://www.jd.com, 
9|1, 9|1431, 10|1649, 11|2046, 9|2357, 9|3521, 11|3669, 11|4101, https://www.jd.com, 
9|1, 9|1430, 11|1665, 9|2088, 9|4047, https://www.pku.edu.cn, 
9|1, 9|3381, 10|3519, 11|3655, 9|3753, 9|4043, https://www.mit.edu, 
9|1, 9|1392, 14|1609, 11|2003, 11|2300, 15|2427, 15|3670, 29|3821, 41|3951, 21|4048, https://www.baidu.com, 
9|1, 9|1654, 10|1821, 10|2161, 14|2326, 14|2828, 9|2903, 9|3692, 13|3814, 9|3927, 11|4005, https://www.jd.com, 
9|1, 9|3574, 12|3692, 13|3866, 11|4019, https://www.jd.com, 
9|1, 9|1513, 11|1782, 11|2486, 10|2581, 13|2668, 13|2751, 25|2834, 25|3558, 10|3645, 18|3785, 19|3981, 21|4099, https://www.yahoo.com, 
9|1, 9|4115, https://www.pku.edu.cn, 
9|1, 9|4028, https://www.pku.edu.cn, 
9|1, 9|1641, 10|1998, 9|2393, 9|3814, 13|3944, 9|4074, https://www.jd.com, 
9|1, 9|1758, 10|2170, 11|2407, 12|2506, 15|2600, 25|2690, 28|2790, 28|3663, 17|3863, 20|4014, https://www.yahoo.com, 
9|1, 9|1789, 11|2292, 11|2416, 9|2497, 11|2582, 10|2665, 12|2759, 12|3546, 10|3632, 16|3784, 22|3885, 28|3971, 36|4061, https://www.yahoo.com, 
9|1, 9|4084, https://www.pku.edu.cn, 
9|1, 9|4023, https://www.pku.edu.cn, 
9|1, 9|1511, 10|1777, 11|2070, 9|2453, 9|3656, 13|3820, 9|3948, 9|4070, https://www.jd.com, 
10|1, 10|2277, 13|2383, 12|2503, 12|4071, https://www.mit.edu, 
10|1, 10|1984, 11|2355, 11|2475, 10|2553, 10|4035, https://www.pku.edu.cn, 
10|1, 10|4020, https://www.pku.edu.cn, 
10|1, 10|2257, 26|2388, 26|3603, 54|3762, 59|3871, 53|3970, 26|4064, https://www.baidu.com, 
10|1, 10|2471, 38|2574, 38|3705, 44|3837, 63|3963, 63|4090, https://www.baidu.com, 
10|1, 10|4066, https://www.pku.edu.cn, 
10|1, 10|1698, 12|1919, 10|2390, 10|4039, https://www.jd.com, 
10|1, 10|1578, 13|1884, 10|2289, 10|4006, https://www.mit.edu, 
10|1, 10|1644, 13|1844, 10|2196, 10|4031, https://www.mit.edu, 
10|1, 10|1555, 11|1737, 11|2102, 12|2341, 12|2674, 10|2747, 10|2896, 11|2994, 11|3089, 12|3231, 12|3445, 13|3533, 13|4042, https://www.yahoo.com, 
10|1, 10|2066, 12|2353, 12|2461, 11|2539, 11|2626, 12|2735, 11|2819, 11|2906, 18|3030, 11|3151, 29|3305, 30|3443, 30|3695, 20|3855, 28|3981, 33|4065, https://www.yahoo.com, 
10|1, 10|1590, 12|1858, 10|2253, 10|4027, https://www.mit.edu, 
10|1, 10|1672, 13|1988, 10|2228, 20|2411, 20|3811, 37|3931, 21|4067, https://www.baidu.com, 
9|1, 9|1875, 12|2271, 25|2380, 32|2479, 32|3650, 43|3766, 40|3882, 56|4003, https://www.baidu.com, 
9|1, 9|1380, 13|1700, 9|2086, 9|4009, https://www.mit.edu, 
9|1, 9|2136, 11|2489, 11|2670, 12|2758, 22|2841, 22|2928, 23|3006, 24|3097, 24|3457, 20|3558, 20|3802, 16|3887, 17|3979, 17|4071, https://www.yahoo.com, 
9|1, 9|4069, https://www.mit.edu, 
9|1, 9|1448, 15|1803, 9|2181, 14|2417, 14|3654, 49|3844, 43|3949, 45|4061, https://www.baidu.com, 
9|1, 9|1587, 13|1836, 9|2171, 9|4075, https://www.mit.edu, 
9|1, 9|1684, 11|2134, 11|2427, 12|2522, 15|2607, 15|2706, 32|2814, 35|2911, 35|3546, 32|3701, 16|3949, 17|4045, https://www.yahoo.com, 
9|1, 9|220, 10|356, 10|1407, 16|1674, 12|2111, 23|2290, 23|3566, 39|3688, 43|3864, 27|4046, https://www.baidu.com, 
10|1, 10|1813, 11|2230, 10|2334, 10|2415, 11|2512, 10|2611, 10|3509, 21|3652, 33|3792, 25|3880, 10|3965, 10|4047, https://www.baidu.com, 
10|1, 10|1585, 11|1763, 12|2242, 12|2457, 15|2553, 21|2648, 25|2738, 27|2827, 27|3122, 18|3226, 18|3514, 14|3597, 12|3742, 12|3865, 17|3963, 18|4074, https://www.yahoo.com, 
10|1, 10|1975, 12|2241, 12|2620, 10|2701, 15|2803, 16|2883, 11|2972, 13|3096, 15|3205, 15|3769, 17|3848, 17|4006, https://www.yahoo.com, 
