1204|1, 1204|2613, 1205|2736, 1205|2831, 1207|2995, 1207|3172, 1208|3293, 1208|4100, https://www.mit.edu, 
1216|1, 1216|2708, 1217|2787, 1217|2956, 1218|3050, 1219|3235, 1220|3338, 1220|4096, https://www.jd.com, 
1228|1, 1228|2793, 1229|2883, 1229|2987, 1230|3122, 1231|3247, 1231|3352, 1232|3442, 1232|4038, https://www.yahoo.com, 
1241|1, 1241|2677, 1242|2761, 1242|2945, 1243|3023, 1244|3121, 1244|3271, 1245|3372, 1245|4044, https://www.jd.com, 
1253|1, 1253|2640, 1254|2742, 1254|2839, 1255|2919, 1256|3009, 1256|3124, 1257|3297, 1257|4007, https://www.mit.edu, 
1265|1, 1265|2834, 1266|2924, 1266|3025, 1267|3172, 1268|3317, 1269|3481, 1269|4126, https://www.jd.com, 
1277|1, 1277|2779, 1278|2861, 1278|3040, 1280|3178, 1280|3266, 1281|3410, 1281|4058, https://www.pku.edu.cn, 
1297|1, 1297|2763, 1298|2851, 1298|3054, 1300|3197, 1300|3331, 1301|3430, 1301|4056, https://www.baidu.com, 
1315|1, 1315|2779, 1316|2870, 1316|2986, 1318|3151, 1319|3350, 1319|4047, https://www.pku.edu.cn, 
1335|1, 1335|2828, 1336|2919, 1336|2999, 1337|3133, 1338|3285, 1339|3413, 1339|4007, https://www.baidu.com, 
1355|1, 1355|3021, 1356|3134, 1357|3275, 1358|3416, 1358|3538, 1359|3671, 1359|4172, https://www.jd.com, 
1367|1, 1367|2795, 1368|2891, 1368|2986, 1369|3128, 1370|3329, 1371|3450, 1371|4009, https://www.jd.com, 
1381|1, 1381|2702, 1382|2823, 1382|2928, 1383|3037, 1384|3210, 1385|3346, 1385|4053, https://www.pku.edu.cn, 
1401|1, 1401|2780, 1402|2863, 1402|2953, 1403|3056, 1404|3198, 1405|3331, 1405|4050, https://www.mit.edu, 
1413|1, 1413|2814, 1414|2902, 1414|2992, 1415|3113, 1416|3239, 1417|3364, 1417|4022, https://www.baidu.com, 
1431|1, 1431|2823, 1432|2910, 1432|3017, 1433|3148, 1434|3274, 1434|3396, 1435|3499, 1435|4054, https://www.jd.com, 
1443|1, 1443|2688, 1444|2773, 1444|2888, 1445|3054, 1446|3157, 1447|3284, 1447|4055, https://www.jd.com, 
1455|1, 1455|2860, 1456|2953, 1457|3087, 1458|3205, 1458|3316, 1459|3396, 1459|4045, https://www.yahoo.com, 
1467|1, 1467|2925, 1468|3016, 1469|3187, 1470|3295, 1470|3421, 1471|3532, 1471|4034, https://www.pku.edu.cn, 
1487|1, 1487|2746, 1488|2834, 1488|2935, 1489|3047, 1490|3168, 1490|3320, 1491|3464, 1491|4070, https://www.pku.edu.cn, 
1507|1, 1507|3001, 1508|3106, 1508|3244, 1510|3384, 1510|3510, 1511|3628, 1511|4007, https://www.jd.com, 
1521|1, 1521|2929, 1522|3031, 1522|3169, 1523|3270, 1524|3359, 1524|3510, 1525|3602, 1525|4051, https://www.yahoo.com, 
1533|1, 1533|2992, 1534|3096, 1535|3236, 1536|3344, 1536|3503, 1537|3620, 1537|4022, https://www.yahoo.com, 
1546|1, 1546|2853, 1547|2968, 1547|3053, 1548|3153, 1549|3331, 1550|3444, 1550|4024, https://www.pku.edu.cn, 
1566|1, 1566|2987, 1567|3094, 1567|3232, 1569|3365, 1569|3551, 1570|3665, 1570|4091, https://www.pku.edu.cn, 
1586|1, 1586|2895, 1587|2981, 1587|3074, 1588|3207, 1589|3358, 1590|3450, 1590|4135, https://www.jd.com, 
1598|1, 1598|2772, 1599|2868, 1599|2977, 1600|3086, 1601|3230, 1601|3335, 1602|3437, 1602|4011, https://www.mit.edu, 
1610|1, 1610|2885, 1611|2995, 1611|3112, 1614|3262, 1614|3402, 1615|3531, 1615|4032, https://www.pku.edu.cn, 
1636|1, 1636|400, 1637|638, 1637|2395, 1638|2475, 1638|2859, 1639|2940, 1639|3118, 1641|3270, 1641|3382, 1643|3523, 1643|4079, https://www.pku.edu.cn, 
1664|1, 1664|1603, 1665|1979, 1665|2882, 1666|2986, 1666|3126, 1668|3283, 1668|3380, 1669|3468, 1669|4020, https://www.baidu.com, 
1687|1, 1687|3088, 1688|3189, 1689|3358, 1690|3522, 1691|3635, 1691|4017, https://www.baidu.com, 
1709|1, 1709|2783, 1710|2865, 1710|3055, 1712|3219, 1712|3350, 1713|3475, 1713|4049, https://www.pku.edu.cn, 
1729|1, 1729|2970, 1730|3051, 1730|3144, 1731|3252, 1732|3384, 1732|3499, 1733|3606, 1733|4062, https://www.jd.com, 
1741|1, 1741|2946, 1742|3040, 1742|3181, 1744|3329, 1744|3482, 1745|3588, 1745|4082, https://www.mit.edu, 
1753|1, 1753|2840, 1754|2918, 1754|3021, 1755|3188, 1756|3321, 1757|3429, 1757|4100, https://www.mit.edu, 
1765|1, 1765|2840, 1766|2938, 1766|3056, 1767|3172, 1768|3298, 1768|3394, 1769|3485, 1769|4064, https://www.yahoo.com, 
1777|1, 1777|2884, 1778|3002, 1778|3148, 1780|3278, 1780|3505, 1781|3585, 1781|4036, https://www.yahoo.com, 
1794|1, 1794|2895, 1795|2996, 1795|3081, 1797|3248, 1797|3364, 1798|3493, 1798|4014, https://www.mit.edu, 
1806|1, 1806|2742, 1807|2819, 1807|2993, 1808|3097, 1809|3210, 1809|3326, 1810|3450, 1810|4033, https://www.baidu.com, 
1828|1, 1828|2821, 1829|2907, 1829|3008, 1830|3163, 1831|3273, 1832|3397, 1832|3509, 1833|3610, 1833|4049, https://www.baidu.com, 
1852|1, 1852|2707, 1853|2806, 1853|3002, 1855|3141, 1855|3273, 1856|3390, 1856|4046, https://www.mit.edu, 
1864|1, 1864|3091, 1866|3230, 1867|3370, 1868|3463, 1868|3622, 1869|3710, 1869|4062, https://www.yahoo.com, 
1877|1, 1877|2898, 1878|2997, 1878|3090, 1880|3246, 1880|3349, 1881|3459, 1881|4046, https://www.mit.edu, 
1889|1, 1889|2899, 1890|3006, 1890|3098, 1891|3177, 1892|3294, 1892|3429, 1893|3531, 1893|4038, https://www.baidu.com, 
1908|1, 1908|2889, 1909|2976, 1909|3084, 1910|3212, 1911|3323, 1911|3413, 1912|3574, 1912|4053, https://www.mit.edu, 
1920|1, 1920|2755, 1921|2850, 1921|2938, 1922|3030, 1923|3167, 1923|3306, 1924|3387, 1924|4013, https://www.yahoo.com, 
1934|1, 1934|2728, 1935|2804, 1935|2892, 1936|2990, 1937|3117, 1937|3281, 1938|3425, 1938|4012, https://www.baidu.com, 
1953|1, 1953|2708, 1954|2868, 1954|2954, 1955|3049, 1956|3207, 1957|3368, 1957|4067, https://www.baidu.com, 
1971|1, 1971|2808, 1972|2907, 1972|3088, 1974|3245, 1974|3403, 1975|3482, 1975|4042, https://www.yahoo.com, 
1983|1, 1983|2848, 1984|2957, 1984|3061, 1986|3219, 1986|3330, 1987|3406, 1987|4044, https://www.yahoo.com, 
