34898|1, 34898|1167, 34900|1332, 34914|1952, 34914|4009, https://www.mit.edu, 
34956|1, 34956|1519, 34972|1963, 34991|2259, 34991|3611, 34992|3718, 34993|3817, 35009|3923, 35009|4012, https://www.jd.com, 
35259|1, 35259|1475, 35265|1717, 35272|2153, 35277|2242, 35278|2325, 35290|2420, 35302|2510, 35317|2600, 35338|2706, 35347|2808, 35347|3003, 35348|3137, 35352|3262, 35358|3368, 35372|3457, 35373|3544, 35385|3673, 35405|3870, 35421|3965, 35440|4054, https://www.yahoo.com, 
35722|1, 35722|1398, 35729|1668, 35755|2013, 35755|3498, 35757|3633, 35769|3807, 35769|4056, https://www.jd.com, 
35954|1, 35954|1338, 35966|1567, 35968|1904, 35968|2473, 35969|2554, 35969|4014, https://www.mit.edu, 
36011|1, 36011|1484, 36018|1888, 36018|3486, 36028|3635, 36035|3736, 36068|3850, 36072|3987, 36072|4133, https://www.jd.com, 
36252|1, 36252|1513, 36264|1896, 36264|4065, https://www.pku.edu.cn, 
36338|1, 36338|1561, 36375|2012, 36429|2236, 36429|3439, 36458|3572, 36591|3690, 36641|3806, 36641|4066, https://www.baidu.com, 
36809|1, 36809|1520, 36821|1892, 36821|4055, https://www.pku.edu.cn, 
36887|1, 36887|1581, 36920|2072, 36920|2229, 36975|2352, 36975|3550, 37016|3668, 37152|3822, 37188|3929, 37188|4015, https://www.baidu.com, 
37371|1, 37371|1571, 37376|1876, 37405|2241, 37405|3284, 37407|3424, 37407|3547, 37419|3678, 37425|3794, 37449|3877, 37462|3975, 37462|4181, https://www.jd.com, 
37746|1, 37746|1397, 37751|1635, 37780|2100, 37780|3458, 37794|3612, 37794|4018, https://www.jd.com, 
37964|1, 37964|1015, 37965|1394, 37979|1728, 37979|4060, https://www.pku.edu.cn, 
38038|1, 38038|1416, 38053|1670, 38056|2166, 38056|3336, 38062|3492, 38072|3594, 38072|4056, https://www.mit.edu, 
38116|1, 38116|1339, 38138|1593, 38154|2057, 38216|2230, 38216|3490, 38234|3615, 38370|3757, 38420|3861, 38420|4027, https://www.baidu.com, 
38598|1, 38598|1598, 38604|1874, 38621|2152, 38632|2259, 38632|3620, 38649|3753, 38649|3853, 38686|3934, 38686|4053, https://www.jd.com, 
38863|1, 38863|1358, 38869|1802, 38897|2101, 38897|3503, 38912|3650, 38912|3804, 38913|3967, 38913|4059, https://www.jd.com, 
39093|1, 39093|1477, 39099|1900, 39105|2163, 39109|2246, 39111|2328, 39117|2422, 39127|2505, 39142|2590, 39143|2671, 39172|2759, 39200|2862, 39201|2959, 39201|3321, 39202|3400, 39202|3479, 39204|3587, 39235|3778, 39258|3928, 39272|4050, https://www.yahoo.com, 
39603|1, 39603|1629, 39617|1998, 39617|4043, https://www.pku.edu.cn, 
39687|1, 39687|1367, 39694|1516, 39701|1863, 39701|4075, https://www.pku.edu.cn, 
39753|1, 39753|1416, 39758|1621, 39760|1999, 39789|2344, 39789|3775, 39805|3884, 39805|4011, https://www.jd.com, 
40059|1, 40059|1562, 40060|1721, 40071|2167, 40078|2353, 40093|2446, 40125|2540, 40136|2637, 40150|2728, 40157|2812, 40171|2911, 40172|3039, 40173|3174, 40173|3367, 40174|3442, 40174|3519, 40177|3610, 40218|3843, 40233|3961, 40255|4059, https://www.yahoo.com, 
40638|1, 40638|1589, 40645|1926, 40655|2284, 40657|2376, 40657|2457, 40680|2541, 40708|2633, 40728|2718, 40748|2805, 40749|2891, 40750|2994, 40750|3428, 40751|3506, 40759|3623, 40773|3761, 40784|3846, 40810|3934, 40830|4025, https://www.yahoo.com, 
41161|1, 41161|1372, 41171|1539, 41175|1880, 41175|4033, https://www.pku.edu.cn, 
41231|1, 41231|1284, 41240|1621, 41252|2068, 41252|4099, https://www.pku.edu.cn, 
41327|1, 41327|1468, 41334|1755, 41361|2104, 41361|3566, 41377|3753, 41377|3871, 41414|3974, 41414|4125, https://www.jd.com, 
41600|1, 41600|1956, 41602|2222, 41614|2341, 41616|2449, 41616|4013, https://www.mit.edu, 
41662|1, 41662|1574, 41676|2014, 41679|2290, 41679|4042, https://www.pku.edu.cn, 
41731|1, 41731|1460, 41741|1746, 41743|2158, 41743|4082, https://www.pku.edu.cn, 
41820|1, 41820|1367, 41836|1604, 41851|1980, 41851|2233, 41905|2343, 41905|3471, 41917|3580, 42069|3735, 42141|3831, 42141|4023, https://www.baidu.com, 
42316|1, 42316|1627, 42332|1866, 42358|2250, 42358|2402, 42413|2509, 42413|3642, 42481|3786, 42605|3916, 42645|4022, https://www.baidu.com, 
42842|1, 42842|1477, 42852|1714, 42854|2170, 42854|4052, https://www.pku.edu.cn, 
42916|1, 42916|1645, 42922|1982, 42948|2347, 42948|3608, 42958|3759, 42966|3858, 42978|3949, 43003|4051, https://www.jd.com, 
43179|1, 43179|1556, 43193|1997, 43193|4085, https://www.mit.edu, 
43235|1, 43235|1594, 43249|1915, 43249|4105, https://www.mit.edu, 
43291|1, 43291|1521, 43297|1754, 43304|2179, 43309|2287, 43311|2370, 43311|2768, 43312|2843, 43312|2941, 43314|3059, 43314|3175, 43317|3301, 43317|3398, 43321|3487, 43321|3571, 43330|3656, 43330|4068, https://www.yahoo.com, 
43634|1, 43634|1692, 43642|2114, 43646|2341, 43646|2509, 43647|2598, 43650|2704, 43652|2791, 43657|2883, 43682|3001, 43717|3151, 43741|3280, 43742|3423, 43743|3507, 43743|3588, 43754|3661, 43792|3852, 43809|3952, 43837|4038, https://www.yahoo.com, 
44171|1, 44171|1575, 44185|1894, 44185|4009, https://www.mit.edu, 
44222|1, 44222|1482, 44238|1748, 44255|1982, 44306|2268, 44306|3659, 44316|3772, 44445|3902, 44534|4039, https://www.baidu.com, 
44679|1, 44679|1567, 44707|1989, 44712|2230, 44764|2348, 44764|3612, 44839|3736, 44920|3858, 44974|3968, 44974|4052, https://www.baidu.com, 
45162|1, 45162|1406, 45176|1709, 45176|4047, https://www.mit.edu, 
45232|1, 45232|1620, 45233|1834, 45239|2210, 45250|2416, 45252|2499, 45261|2586, 45276|2668, 45284|2758, 45286|2834, 45291|2917, 45298|3006, 45298|3232, 45299|3371, 45299|3466, 45301|3543, 45301|3625, 45303|3710, 45304|3803, 45308|3893, 45312|3987, 45314|4064, https://www.yahoo.com, 
45512|1, 45512|1379, 45525|1696, 45526|2125, 45526|4048, https://www.mit.edu, 
45571|1, 45571|1473, 45589|1851, 45611|2220, 45663|2393, 45663|3533, 45676|3636, 45834|3826, 45947|3936, 46015|4040, https://www.baidu.com, 
46175|1, 46175|1590, 46189|1870, 46189|4054, https://www.mit.edu, 
46231|1, 46231|1504, 46237|1758, 46244|2172, 46244|2287, 46250|2385, 46263|2469, 46275|2555, 46313|2668, 46339|2763, 46343|2858, 46343|3038, 46344|3174, 46346|3314, 46347|3396, 46350|3495, 46448|3757, 46469|3904, 46481|4021, https://www.yahoo.com, 
46829|1, 46829|201, 46830|368, 46830|1423, 46850|1755, 46863|2129, 46942|2259, 46942|3434, 46960|3556, 47087|3667, 47153|3833, 47191|3935, 47191|4020, https://www.baidu.com, 
47414|1, 47414|1346, 47430|1542, 47448|1918, 47453|2195, 47453|2285, 47455|2372, 47502|2471, 47523|2564, 47523|3370, 47531|3482, 47672|3649, 47673|3742, 47673|4070, https://www.baidu.com, 
47860|1, 47860|1587, 47866|1838, 47878|2259, 47879|2340, 47888|2424, 47905|2531, 47925|2616, 47939|2705, 47969|2809, 47970|2908, 47970|3090, 47972|3245, 47972|3331, 47974|3405, 47975|3484, 47977|3563, 47983|3739, 47991|3838, 48012|3942, 48028|4043, https://www.yahoo.com, 
48351|1, 48351|1641, 48358|2015, 48362|2218, 48362|2331, 48363|2423, 48368|2591, 48372|2685, 48380|2773, 48385|2856, 48397|2966, 48404|3070, 48414|3228, 48422|3339, 48427|3416, 48430|3496, 48431|3575, 48432|3655, 48433|3739, 48435|3820, 48437|3898, 48440|3975, 48444|4053, https://www.yahoo.com, 
