5257017|1, 5257017|887, 5260155|1249, 5260670|1695, 5260670|1799, 5260748|1878, 5260748|2061, 5260822|2152, 5260822|2332, 5260920|2459, 5260920|2567, 5261096|2768, 5261174|2902, 5261250|3015, 5261250|3840, 5261324|3987, 5261324|4098, https://www.mit.edu, 
5274654|1, 5274882|247, 5274882|385, 5274954|558, 5274954|1165, 5275851|1389, 5279250|1918, 5279250|2040, 5279328|2144, 5279328|2241, 5279589|2329, 5279589|2503, 5279687|2591, 5279687|2758, 5279863|2854, 5279863|3037, 5279941|3163, 5280889|3281, 5281719|3400, 5283037|3506, 5283037|3601, 5285480|3711, 5285480|3790, 5286884|3905, 5287638|4067, https://www.jd.com, 
5335182|1, 5335182|317, 5335412|465, 5335412|865, 5335502|1178, 5335600|1344, 5337617|1716, 5340006|1985, 5340494|2072, 5340674|2157, 5341562|2255, 5343632|2347, 5344712|2442, 5346152|2542, 5346512|2639, 5346610|2733, 5346610|2865, 5346966|2976, 5347236|3104, 5348860|3204, 5349130|3290, 5349310|3383, 5351854|3569, 5355830|3708, 5358228|3798, 5360622|3892, 5362474|3996, 5363776|4151, https://www.yahoo.com, 
5406952|1, 5407168|224, 5407168|1050, 5407937|1265, 5410044|1591, 5412010|1871, 5412010|2038, 5412088|2117, 5412088|2508, 5412186|2602, 5412186|2780, 5412362|2859, 5412362|2977, 5412440|3108, 5413554|3219, 5414218|3340, 5415784|3470, 5416818|3670, 5416818|3880, 5416889|3992, 5416889|4082, https://www.jd.com, 
5463174|1, 5463174|219, 5463407|340, 5463407|977, 5463660|1236, 5466831|1571, 5467007|1853, 5467007|2009, 5467085|2094, 5467085|2330, 5467155|2421, 5467753|2525, 5467753|2705, 5467851|2785, 5467929|2882, 5468007|3056, 5468007|4074, https://www.mit.edu, 
5481585|1, 5481806|235, 5481806|1137, 5482691|1374, 5483826|1837, 5484259|2016, 5484259|2178, 5484337|2263, 5484337|2678, 5484435|2772, 5484435|2866, 5484611|3042, 5484611|3175, 5486467|3352, 5489727|3485, 5489785|3597, 5491421|3702, 5491739|4152, https://www.jd.com, 
5537156|1, 5537156|223, 5537381|354, 5537630|516, 5537630|895, 5537720|1211, 5540114|1502, 5540738|1835, 5540914|1987, 5540914|2153, 5540992|2235, 5540992|2629, 5541090|2718, 5541090|2894, 5541266|3034, 5541266|3141, 5541344|3268, 5541344|4079, https://www.pku.edu.cn, 
5564272|1, 5564272|230, 5564492|407, 5564570|548, 5564570|1312, 5566662|1586, 5570290|1985, 5572006|2150, 5572006|2239, 5572084|2333, 5572084|2674, 5572182|2767, 5572182|2858, 5572280|2978, 5572358|3147, 5572436|3252, 5575611|3375, 5584052|3483, 5586884|3604, 5589567|3716, 5589567|4050, https://www.baidu.com, 
5629791|1, 5629791|138, 5630130|537, 5630387|747, 5630387|1307, 5632781|1524, 5633405|1883, 5633581|2047, 5633581|2208, 5633659|2293, 5633659|2612, 5633757|2700, 5633757|2799, 5633855|2940, 5633933|3099, 5634256|3281, 5634256|4045, https://www.pku.edu.cn, 
5653684|1, 5653903|218, 5653903|353, 5653975|555, 5653975|1336, 5656430|1623, 5659561|2013, 5661311|2165, 5661389|2249, 5661389|2650, 5661487|2730, 5661487|2913, 5661663|3084, 5661663|3191, 5661741|3339, 5662203|3464, 5675346|3607, 5679379|3737, 5679437|3828, 5679437|4062, https://www.baidu.com, 
5723362|1, 5723362|308, 5723586|511, 5723586|1474, 5726305|1893, 5727953|2131, 5728031|2233, 5728031|2394, 5728109|2519, 5728109|2598, 5728360|2688, 5728360|2898, 5728537|3048, 5728799|3174, 5730330|3302, 5731208|3437, 5734226|3547, 5734284|3653, 5735398|3743, 5735716|3875, 5739271|4101, https://www.jd.com, 
5788951|1, 5788951|396, 5789104|552, 5789104|1334, 5790611|1647, 5793680|2052, 5793758|2150, 5793758|2229, 5793836|2313, 5793836|2683, 5793934|2774, 5793934|2888, 5794110|3060, 5794975|3221, 5796110|3353, 5798248|3500, 5798566|3671, 5798566|4062, https://www.jd.com, 
5841671|1, 5841671|199, 5841901|382, 5842160|522, 5842160|788, 5842218|1107, 5844258|1329, 5845848|1795, 5846024|2041, 5846024|2128, 5846102|2215, 5846102|2443, 5846175|2529, 5846175|2624, 5846273|2743, 5846371|2850, 5846449|2996, 5846449|3135, 5846527|3287, 5846781|4043, https://www.pku.edu.cn, 
5864006|1, 5864006|130, 5864230|301, 5864230|1384, 5867500|1800, 5867676|2099, 5867676|2180, 5867754|2283, 5868011|2372, 5868085|2464, 5868085|2624, 5868183|2708, 5868183|2878, 5868359|3044, 5868359|3143, 5869348|3280, 5870279|3421, 5870804|3525, 5870804|4064, https://www.mit.edu, 
5884640|1, 5884640|288, 5884863|417, 5884863|559, 5884977|713, 5884977|1043, 5885133|1285, 5888791|1662, 5891614|2010, 5894430|2155, 5894508|2236, 5894508|2557, 5894581|2642, 5894679|2724, 5894679|2913, 5894855|3052, 5894855|3163, 5894933|3288, 5894933|3396, 5904493|3535, 5908587|3666, 5910900|3773, 5910900|4023, https://www.baidu.com, 
5953713|1, 5953713|205, 5954009|358, 5954009|520, 5954099|662, 5954099|1193, 5954177|1333, 5954177|1479, 5956677|1829, 5958889|2009, 5959038|2108, 5959038|2185, 5959116|2265, 5959116|2681, 5959214|2782, 5959214|2867, 5959390|3019, 5959390|3140, 5959468|3251, 5961246|3377, 5962870|3485, 5964622|3607, 5964622|3697, 5966548|3789, 5966866|3967, 5966866|4119, https://www.jd.com, 
6006720|1, 6006868|157, 6006868|351, 6007090|492, 6007090|1082, 6008154|1427, 6011601|1920, 6011679|2035, 6011934|2125, 6012012|2221, 6012012|2625, 6012185|2731, 6012185|2825, 6012361|3007, 6012361|3115, 6012889|3230, 6014049|3345, 6014517|3453, 6016569|3627, 6016887|3782, 6017172|3902, 6017172|4071, https://www.jd.com, 
6060102|1, 6060329|200, 6060329|375, 6060476|518, 6060476|680, 6060729|797, 6060729|919, 6060819|1212, 6061614|1435, 6063973|1945, 6065305|2065, 6065793|2150, 6065793|2229, 6067221|2325, 6068571|2410, 6068661|2494, 6070551|2577, 6072171|2669, 6073979|2771, 6073979|2891, 6074077|3013, 6074155|3140, 6074309|3221, 6074387|3303, 6074387|3380, 6075737|3506, 6078589|3688, 6082696|3843, 6084684|3963, 6087124|4092, https://www.yahoo.com, 
6147113|1, 6147113|416, 6147268|575, 6147268|849, 6147343|954, 6147343|1376, 6150028|1670, 6151048|2016, 6151224|2189, 6151224|2342, 6151302|2422, 6151302|2739, 6151655|2843, 6151655|2935, 6151753|3101, 6151831|3234, 6151831|3335, 6151909|3447, 6151909|3734, 6152170|3855, 6152170|4024, https://www.pku.edu.cn, 
6171661|1, 6171661|282, 6171882|453, 6171882|1307, 6174888|1555, 6175512|1852, 6175688|2080, 6175688|2167, 6176017|2248, 6176262|2360, 6176262|2587, 6176338|2673, 6176436|2777, 6176436|2865, 6176534|2978, 6176612|3110, 6176690|3249, 6176690|3914, 6176944|3999, 6179688|4094, https://www.pku.edu.cn, 
6193342|1, 6193342|211, 6193567|430, 6193567|961, 6193643|1206, 6193643|1378, 6194792|1633, 6198392|2119, 6198568|2262, 6198568|2427, 6198646|2505, 6198646|2930, 6198744|3040, 6198842|3223, 6198920|3309, 6198920|3437, 6199697|3569, 6202516|3699, 6204351|3827, 6205465|4058, https://www.jd.com, 
6253901|1, 6253901|264, 6254121|436, 6254121|1377, 6254376|1515, 6256401|1903, 6259200|2183, 6260178|2284, 6261798|2374, 6263586|2463, 6264576|2562, 6266466|2653, 6267186|2740, 6267726|2859, 6268004|2980, 6268004|3105, 6268180|3204, 6268334|3285, 6268334|3361, 6268412|3443, 6269942|3590, 6274528|3784, 6278846|3886, 6281611|4017, https://www.yahoo.com, 
6353943|1, 6353943|280, 6354163|438, 6354163|1542, 6357227|2032, 6359137|2209, 6359227|2298, 6359677|2379, 6360475|2464, 6361825|2559, 6363319|2644, 6363941|2729, 6364031|2828, 6364380|2931, 6364380|3042, 6364478|3176, 6364710|3269, 6364710|3426, 6365982|3564, 6368834|3685, 6371398|3771, 6374332|3856, 6377334|3952, 6379024|4056, https://www.yahoo.com, 
6436432|1, 6436432|307, 6436653|456, 6436653|1247, 6439395|1503, 6440283|1803, 6440704|2112, 6440704|2200, 6440782|2302, 6440782|2633, 6440958|2733, 6440958|2932, 6441134|3065, 6441134|3212, 6441212|3334, 6441212|3899, 6441459|3985, 6441459|4063, https://www.pku.edu.cn, 
6459143|1, 6459143|116, 6459299|226, 6459522|389, 6459522|1017, 6459762|1322, 6464069|1675, 6464957|2109, 6465133|2262, 6465133|2435, 6465284|2522, 6465284|2839, 6465633|2924, 6465633|3032, 6465731|3190, 6466064|3351, 6466142|3501, 6466142|4039, https://www.pku.edu.cn, 
6486991|1, 6486991|435, 6487217|553, 6487217|1158, 6488102|1458, 6489008|1778, 6491777|2178, 6491777|2284, 6491855|2410, 6491855|2826, 6491953|2922, 6491953|3015, 6492129|3181, 6492129|3298, 6492906|3396, 6494129|3516, 6497361|3688, 6497593|3792, 6498608|3930, 6498926|4122, https://www.jd.com, 
6544151|1, 6544151|116, 6544226|253, 6544527|445, 6544602|602, 6544602|1131, 6544855|1396, 6545194|1661, 6545706|2035, 6548244|2172, 6548930|2285, 6549098|2390, 6549098|2634, 6549173|2724, 6549271|2838, 6549271|2927, 6549369|3063, 6549447|3193, 6549447|3293, 6549525|3396, 6549525|4036, https://www.mit.edu, 
6564370|1, 6564370|312, 6564600|493, 6564600|1092, 6564678|1378, 6566808|1622, 6569157|2088, 6569305|2235, 6569305|2313, 6569383|2394, 6569383|2825, 6569481|2936, 6569657|3086, 6569735|3223, 6569735|3364, 6569813|3482, 6570067|4076, https://www.pku.edu.cn, 
6586021|1, 6586172|121, 6586172|219, 6586347|470, 6586347|1456, 6589365|1878, 6589541|2185, 6589541|2276, 6589639|2356, 6589815|2437, 6589815|2820, 6589913|2909, 6589913|2989, 6590011|3137, 6590089|3235, 6590187|3370, 6590265|3501, 6590265|4090, https://www.pku.edu.cn, 
6611828|1, 6611905|151, 6612130|355, 6612130|645, 6612202|797, 6612202|1329, 6614585|1611, 6617832|2024, 6619650|2173, 6619650|2256, 6619728|2335, 6619728|2720, 6619826|2815, 6619826|2909, 6620081|3076, 6620081|3301, 6620159|3389, 6630380|3532, 6635802|3656, 6638293|3758, 6638293|4025, https://www.baidu.com, 
6680713|1, 6680713|455, 6680933|596, 6680933|1010, 6681184|1155, 6681184|1593, 6685741|1997, 6687205|2251, 6689293|2339, 6689989|2448, 6690067|2525, 6690067|2947, 6690165|3029, 6690414|3193, 6690590|3342, 6690590|3484, 6691286|3589, 6705614|3739, 6711455|3866, 6711455|4042, https://www.baidu.com, 
6755610|1, 6755610|276, 6755834|486, 6755936|643, 6755936|975, 6756013|1279, 6756013|1458, 6759031|1865, 6759207|2160, 6759207|2243, 6759285|2328, 6759530|2428, 6759530|2736, 6759628|2828, 6759628|2924, 6759726|3060, 6759804|3193, 6759882|3319, 6759882|4022, https://www.pku.edu.cn, 
6777332|1, 6777332|239, 6777557|361, 6777557|1450, 6778550|1616, 6781513|2088, 6781764|2327, 6781764|2415, 6781842|2507, 6781842|2587, 6781918|2663, 6781989|2752, 6781989|2825, 6782087|2905, 6782087|3083, 6782263|3219, 6782263|3342, 6782962|3446, 6784119|3583, 6787312|3703, 6787370|3803, 6788820|3895, 6788820|4045, https://www.jd.com, 
6834177|1, 6834177|497, 6834403|617, 6834482|790, 6834482|1077, 6834847|1342, 6836701|1615, 6838045|2044, 6838221|2225, 6838221|2404, 6838299|2486, 6838299|2802, 6838397|2895, 6838397|2982, 6838495|3150, 6838573|3306, 6838651|3431, 6838651|4029, https://www.mit.edu, 
6852420|1, 6852420|426, 6852643|575, 6852643|818, 6852969|967, 6852969|1442, 6853331|1600, 6856242|1980, 6856418|2169, 6856418|2328, 6856496|2410, 6856496|2796, 6856594|2875, 6856594|2982, 6856770|3172, 6856770|3301, 6856848|3405, 6856848|4058, https://www.mit.edu, 
6870489|1, 6870489|133, 6870790|368, 6870790|1323, 6870888|1479, 6873160|1866, 6875549|2132, 6876378|2219, 6876378|2306, 6876456|2384, 6876456|2692, 6876546|2779, 6876644|2882, 6876824|3008, 6877000|3115, 6877270|3235, 6877916|3326, 6877994|3420, 6878624|3498, 6878714|4003, https://www.yahoo.com, 
6919334|1, 6919334|416, 6919478|569, 6919554|733, 6919554|1485, 6920973|1763, 6922983|2170, 6923061|2278, 6923316|2366, 6923394|2445, 6924640|2536, 6924858|2642, 6925218|2731, 6926208|2850, 6928646|2966, 6931984|3123, 6933322|3267, 6933721|3362, 6933799|3444, 6933799|3520, 6935869|3625, 6940717|3804, 6943641|3890, 6947295|3991, 6948622|4073, https://www.yahoo.com, 
7005747|1, 7005747|287, 7005966|454, 7005966|1180, 7006038|1409, 7008792|1606, 7009236|2039, 7009485|2197, 7009485|2358, 7009563|2449, 7009563|2767, 7009661|2859, 7009661|3047, 7009837|3211, 7009837|3335, 7010166|3465, 7010166|4059, https://www.mit.edu, 
7022300|1, 7022300|296, 7022522|475, 7022522|986, 7022783|1248, 7022783|1445, 7026468|1761, 7028064|1997, 7030520|2208, 7030598|2288, 7030598|2674, 7030696|2754, 7030696|2927, 7030872|3034, 7030872|3261, 7030950|3402, 7030950|3504, 7031412|3595, 7039134|3725, 7045681|3864, 7048540|3981, 7048540|4067, https://www.baidu.com, 
7077602|1, 7077602|563, 7077829|714, 7077829|957, 7077901|1216, 7077901|1422, 7080051|1649, 7083375|2099, 7083453|2205, 7086423|2319, 7086501|2400, 7086501|2787, 7086599|2877, 7086858|2985, 7087034|3157, 7087034|3275, 7087112|3388, 7087170|3485, 7092153|3600, 7097953|3711, 7104663|3834, 7106577|3936, 7106577|4020, https://www.baidu.com, 
7150827|1, 7150827|252, 7151051|448, 7151051|928, 7151165|1141, 7151361|1432, 7154620|1865, 7154796|2098, 7154796|2264, 7154874|2346, 7154874|2668, 7155227|2789, 7155227|2877, 7155325|2982, 7155403|3123, 7155403|3237, 7155726|3364, 7155726|4010, https://www.mit.edu, 
7173989|1, 7173989|274, 7174066|447, 7174287|627, 7174287|771, 7174538|934, 7174538|1606, 7176209|1906, 7178938|2266, 7179512|2368, 7179512|2451, 7180322|2538, 7181750|2620, 7182470|2710, 7183010|2787, 7183640|2875, 7183730|2964, 7183886|3051, 7183886|3214, 7184360|3339, 7184438|3416, 7184438|3491, 7184606|3578, 7184696|3667, 7184786|3758, 7185146|3847, 7185686|3938, 7185686|4018, https://www.yahoo.com, 
7213723|1, 7213723|835, 7213799|950, 7213948|1163, 7213948|1389, 7217219|1865, 7217317|2102, 7217395|2190, 7217395|2352, 7217473|2434, 7217473|2595, 7217549|2694, 7217549|2774, 7217722|2863, 7217722|2953, 7217820|3072, 7217898|3204, 7217898|3321, 7217976|3423, 7217976|4019, https://www.mit.edu, 
7231965|1, 7231965|212, 7232269|409, 7232269|1239, 7232597|1566, 7238578|1945, 7239532|2237, 7240344|2367, 7240422|2465, 7240422|2869, 7240520|2980, 7240520|3067, 7240618|3151, 7240696|3305, 7240774|3409, 7241005|3506, 7249742|3635, 7256091|3808, 7262587|3923, 7263283|4014, https://www.baidu.com, 
7294669|1, 7294669|436, 7294891|573, 7294891|1395, 7297465|1632, 7298089|1936, 7298265|2215, 7298265|2303, 7298343|2397, 7298343|2488, 7298588|2580, 7298588|2836, 7298764|2934, 7298764|3051, 7299013|3165, 7299013|3273, 7299091|3396, 7299091|4015, https://www.mit.edu, 
7312360|1, 7312360|325, 7312673|501, 7312673|907, 7312751|1073, 7312751|1479, 7315582|1856, 7317274|2150, 7317274|2239, 7318110|2334, 7319190|2420, 7320810|2514, 7324770|2623, 7326038|2725, 7326038|2898, 7326136|2999, 7326484|3129, 7326716|3260, 7326716|3347, 7330496|3485, 7337872|3758, 7340840|3851, 7343874|4032, https://www.yahoo.com, 
7410923|1, 7410923|141, 7410993|337, 7411217|506, 7411217|1108, 7413319|1421, 7416786|1842, 7420964|2091, 7420964|2174, 7421042|2256, 7421042|2488, 7421289|2577, 7421289|2649, 7421387|2731, 7421387|2828, 7421485|2918, 7421563|3087, 7421641|3231, 7421641|3358, 7427310|3483, 7439303|3655, 7441333|3758, 7441333|4011, https://www.baidu.com, 
7488098|1, 7488098|289, 7488321|448, 7488321|893, 7488468|1103, 7488468|1358, 7490908|1566, 7493955|2041, 7493955|2235, 7494091|2327, 7497301|2429, 7497301|2669, 7497399|2824, 7497399|2918, 7497497|3018, 7497575|3206, 7497653|3326, 7503606|3466, 7511871|3608, 7511871|4030, https://www.baidu.com, 
7545666|1, 7545666|385, 7545898|566, 7545898|1398, 7546859|1575, 7548980|2007, 7550890|2206, 7551610|2288, 7552228|2384, 7553218|2476, 7555828|2564, 7557628|2659, 7558978|2758, 7559166|2857, 7559166|2951, 7559354|3052, 7559808|3194, 7559808|3273, 7559886|3347, 7559976|3427, 7560426|3533, 7562492|3695, 7564156|3789, 7568315|3899, 7570350|3991, 7571860|4098, https://www.yahoo.com, 
7626754|1, 7626754|499, 7626979|621, 7626979|1472, 7628488|1700, 7630069|2064, 7630147|2188, 7630147|2292, 7631689|2455, 7631779|2546, 7632139|2643, 7633309|2729, 7633849|2815, 7635117|2942, 7635665|3038, 7636553|3202, 7637199|3292, 7637817|3370, 7637907|3453, 7637907|3529, 7638334|3616, 7638685|3694, 7638775|3774, 7639225|3852, 7639585|3930, 7639855|4014, https://www.yahoo.com, 
