43684|1, 43684|995, 43705|1262, 43713|1797, 43713|1988, 43714|2094, 43714|2170, 43715|2254, 43715|2443, 43716|2566, 43716|2676, 43718|2843, 43719|3001, 43719|3121, 43720|3224, 43721|4069, https://www.mit.edu, 
43788|1, 43793|327, 43793|466, 43794|629, 43794|1209, 43800|1425, 43834|1963, 43834|2127, 43835|2227, 43835|2322, 43837|2407, 43837|2590, 43838|2674, 43838|2838, 43840|2934, 43840|3123, 43841|3233, 43847|3350, 43863|3483, 43872|3587, 43872|3687, 43890|3794, 43891|3877, 43928|3983, 43935|4133, https://www.jd.com, 
44246|1, 44246|376, 44249|523, 44249|897, 44250|1230, 44251|1386, 44262|1686, 44278|2047, 44284|2134, 44286|2219, 44296|2317, 44309|2405, 44331|2501, 44344|2602, 44351|2701, 44352|2793, 44352|2907, 44354|3031, 44359|3164, 44375|3265, 44379|3352, 44380|3439, 44394|3581, 44438|3768, 44463|3860, 44475|3951, 44494|4057, https://www.yahoo.com, 
44829|1, 44832|275, 44832|1102, 44834|1307, 44846|1592, 44876|1911, 44877|2093, 44878|2172, 44878|2565, 44879|2655, 44879|2837, 44880|2916, 44881|3033, 44882|3163, 44890|3270, 44904|3385, 44912|3521, 44928|3716, 44928|4045, https://www.jd.com, 
45219|1, 45219|275, 45222|392, 45222|1003, 45224|1288, 45247|1594, 45248|1883, 45249|2069, 45250|2153, 45250|2390, 45251|2479, 45258|2577, 45258|2764, 45259|2844, 45260|2935, 45260|3081, 45261|3233, 45261|4034, https://www.mit.edu, 
45337|1, 45340|278, 45340|1143, 45346|1409, 45358|1845, 45360|2057, 45362|2153, 45362|2231, 45363|2316, 45363|2732, 45364|2820, 45364|2918, 45366|3077, 45366|3215, 45389|3400, 45412|3535, 45413|3641, 45450|3749, 45454|4063, https://www.jd.com, 
45736|1, 45736|267, 45739|393, 45741|558, 45741|922, 45742|1253, 45754|1469, 45764|1859, 45765|2023, 45766|2120, 45766|2200, 45767|2284, 45767|2678, 45768|2765, 45768|2940, 45770|3084, 45770|3179, 45771|3312, 45771|4041, https://www.pku.edu.cn, 
45919|1, 45919|251, 45922|392, 45923|578, 45923|1341, 45944|1547, 45972|2008, 46022|2181, 46022|2275, 46023|2367, 46023|2710, 46024|2800, 46024|2894, 46025|3010, 46026|3179, 46026|3282, 46044|3394, 46090|3516, 46177|3638, 46231|3748, 46231|4003, https://www.baidu.com, 
46446|1, 46446|156, 46450|553, 46452|749, 46452|1334, 46456|1488, 46474|1877, 46476|2073, 46476|2240, 46477|2322, 46477|2644, 46478|2730, 46478|2951, 46480|3107, 46483|3308, 46483|4070, https://www.pku.edu.cn, 
46604|1, 46607|236, 46607|560, 46608|726, 46608|1355, 46631|1594, 46655|2045, 46711|2203, 46712|2289, 46712|2691, 46713|2769, 46713|2944, 46715|3104, 46715|3232, 46716|3367, 46722|3500, 46814|3623, 46887|3760, 46908|3864, 46908|4026, https://www.baidu.com, 
47146|1, 47146|354, 47149|550, 47149|1506, 47165|1867, 47190|2170, 47191|2282, 47191|2444, 47192|2568, 47192|2648, 47194|2736, 47194|2947, 47196|3091, 47197|3213, 47208|3343, 47225|3474, 47247|3593, 47248|3702, 47285|3793, 47294|4145, https://www.jd.com, 
47667|1, 47667|436, 47669|586, 47669|1358, 47681|1643, 47711|2077, 47712|2194, 47712|2274, 47713|2358, 47713|2728, 47714|2818, 47714|2910, 47715|3085, 47724|3264, 47741|3392, 47757|3539, 47761|3701, 47761|4019, https://www.jd.com, 
48027|1, 48027|199, 48030|398, 48032|546, 48032|814, 48033|1077, 48039|1346, 48059|1761, 48061|2070, 48061|2159, 48062|2244, 48062|2473, 48063|2557, 48063|2648, 48064|2759, 48064|2879, 48066|3025, 48066|3159, 48067|3299, 48070|4072, https://www.pku.edu.cn, 
48179|1, 48179|150, 48182|323, 48182|1402, 48207|1745, 48209|2128, 48209|2210, 48210|2302, 48212|2397, 48212|2493, 48213|2577, 48213|2654, 48214|2737, 48214|2908, 48216|3067, 48216|3172, 48220|3303, 48229|3449, 48235|3550, 48235|4008, https://www.mit.edu, 
48311|1, 48311|295, 48314|439, 48314|720, 48315|861, 48315|1298, 48349|1626, 48368|2036, 48431|2187, 48432|2269, 48432|2593, 48433|2675, 48434|2756, 48434|2946, 48436|3082, 48436|3193, 48437|3311, 48437|3430, 48497|3565, 48581|3698, 48614|3803, 48614|4055, https://www.baidu.com, 
48851|1, 48851|250, 48855|415, 48855|586, 48856|720, 48856|1255, 48857|1393, 48857|1530, 48877|1863, 48903|2077, 48905|2176, 48905|2253, 48906|2332, 48906|2741, 48907|2831, 48907|2936, 48909|3083, 48909|3194, 48910|3318, 48932|3429, 48934|3544, 48956|3673, 48956|3767, 48993|3852, 48997|4021, https://www.jd.com, 
49251|1, 49253|154, 49253|365, 49256|485, 49256|1101, 49257|1355, 49299|1893, 49303|2058, 49305|2147, 49306|2244, 49306|2645, 49308|2734, 49308|2847, 49310|3029, 49310|3125, 49312|3249, 49331|3357, 49335|3476, 49354|3643, 49358|3791, 49360|3924, 49360|4018, https://www.jd.com, 
49618|1, 49621|212, 49621|399, 49623|540, 49623|691, 49625|825, 49625|920, 49626|1238, 49627|1447, 49646|1912, 49655|2096, 49660|2181, 49660|2262, 49676|2356, 49691|2439, 49692|2524, 49713|2608, 49731|2701, 49750|2801, 49751|2896, 49752|3036, 49753|3168, 49754|3252, 49755|3335, 49755|3409, 49770|3535, 49803|3716, 49828|3869, 49847|3987, 49869|4098, https://www.yahoo.com, 
50264|1, 50264|424, 50266|597, 50266|845, 50267|979, 50267|1386, 50283|1665, 50294|1993, 50296|2218, 50296|2371, 50297|2450, 50297|2768, 50300|2866, 50300|2964, 50301|3128, 50302|3257, 50302|3361, 50303|3474, 50303|3763, 50305|3879, 50305|4052, https://www.pku.edu.cn, 
50427|1, 50427|301, 50430|477, 50430|1330, 50449|1565, 50456|1855, 50458|2105, 50458|2272, 50463|2387, 50463|2616, 50464|2698, 50465|2782, 50465|2890, 50466|3002, 50467|3131, 50468|3273, 50470|4022, https://www.pku.edu.cn, 
50569|1, 50569|231, 50572|414, 50572|983, 50573|1214, 50573|1380, 50579|1627, 50601|2027, 50621|2285, 50621|2450, 50622|2528, 50622|2947, 50623|3051, 50624|3243, 50625|3328, 50625|3456, 50632|3587, 50653|3718, 50673|3844, 50710|4067, https://www.jd.com, 
51025|1, 51025|283, 51028|440, 51028|1380, 51030|1543, 51041|1838, 51062|2200, 51073|2316, 51091|2405, 51111|2495, 51122|2595, 51136|2683, 51151|2769, 51157|2891, 51160|3004, 51160|3136, 51162|3234, 51163|3318, 51163|3395, 51164|3469, 51181|3620, 51228|3810, 51256|3917, 51276|4026, https://www.yahoo.com, 
51758|1, 51758|456, 51761|584, 51761|1560, 51782|2006, 51794|2238, 51796|2327, 51800|2408, 51810|2493, 51822|2587, 51834|2671, 51849|2757, 51850|2854, 51853|2958, 51853|3070, 51854|3200, 51856|3297, 51856|3457, 51871|3583, 51903|3713, 51915|3800, 51938|3885, 51961|3982, 51980|4074, https://www.yahoo.com, 
52375|1, 52375|351, 52378|489, 52378|1299, 52394|1530, 52404|1830, 52408|2150, 52408|2256, 52409|2357, 52409|2690, 52411|2786, 52411|2988, 52413|3099, 52413|3264, 52414|3387, 52416|4035, https://www.pku.edu.cn, 
52523|1, 52523|127, 52525|238, 52528|398, 52528|1300, 52540|1635, 52562|2092, 52564|2281, 52564|2455, 52566|2536, 52566|2859, 52569|2940, 52569|3048, 52570|3184, 52571|3350, 52574|3513, 52574|4051, https://www.pku.edu.cn, 
52701|1, 52701|449, 52704|561, 52704|1172, 52706|1447, 52719|1775, 52746|2129, 52747|2295, 52748|2427, 52748|2844, 52749|2940, 52749|3023, 52751|3192, 52751|3314, 52754|3408, 52776|3522, 52797|3702, 52797|3808, 52835|3941, 52839|4122, https://www.jd.com, 
53124|1, 53124|139, 53125|258, 53129|447, 53130|621, 53130|1134, 53132|1402, 53136|1668, 53141|1985, 53153|2190, 53163|2308, 53166|2414, 53166|2743, 53168|2859, 53168|2944, 53169|3068, 53170|3214, 53170|3305, 53171|3418, 53171|4055, https://www.mit.edu, 
53252|1, 53252|302, 53255|507, 53255|1106, 53256|1373, 53261|1558, 53287|2067, 53292|2255, 53292|2413, 53293|2509, 53293|2846, 53294|2955, 53295|3099, 53297|3238, 53297|3381, 53298|3503, 53300|4095, https://www.pku.edu.cn, 
53403|1, 53405|132, 53405|232, 53407|460, 53407|1460, 53426|1810, 53430|2193, 53431|2293, 53432|2373, 53434|2454, 53434|2837, 53435|2923, 53435|3007, 53436|3132, 53437|3251, 53438|3380, 53439|3507, 53439|4059, https://www.pku.edu.cn, 
53579|1, 53579|165, 53583|368, 53583|671, 53584|804, 53584|1340, 53607|1601, 53630|2045, 53677|2192, 53686|2286, 53686|2362, 53687|2445, 53687|2751, 53688|2844, 53688|2934, 53690|3093, 53691|3241, 53691|3329, 53692|3418, 53746|3546, 53856|3682, 53903|3788, 53903|4048, https://www.baidu.com, 
54135|1, 54135|474, 54138|620, 54138|1033, 54140|1175, 54140|1613, 54180|2006, 54192|2269, 54207|2361, 54248|2469, 54249|2551, 54249|2973, 54250|3053, 54252|3213, 54254|3363, 54254|3503, 54255|3600, 54377|3754, 54498|3889, 54498|4064, https://www.baidu.com, 
54751|1, 54751|285, 54754|477, 54755|652, 54755|991, 54756|1222, 54756|1464, 54778|1815, 54780|2169, 54780|2260, 54781|2345, 54783|2441, 54783|2755, 54784|2839, 54784|2940, 54785|3042, 54786|3196, 54787|3326, 54787|4029, https://www.pku.edu.cn, 
54898|1, 54898|254, 54901|377, 54901|1463, 54902|1628, 54938|2087, 54941|2344, 54941|2436, 54942|2527, 54942|2608, 54943|2683, 54944|2772, 54944|2925, 54945|3010, 54945|3104, 54947|3234, 54947|3357, 54953|3464, 54970|3594, 54993|3722, 54994|3822, 55020|3904, 55031|4032, https://www.jd.com, 
55314|1, 55314|501, 55317|622, 55318|792, 55318|1083, 55320|1338, 55321|1548, 55345|2023, 55347|2231, 55347|2416, 55348|2500, 55348|2818, 55349|2906, 55349|2997, 55350|3166, 55351|3314, 55352|3439, 55352|4043, https://www.mit.edu, 
55426|1, 55426|420, 55429|585, 55429|827, 55432|961, 55432|1452, 55434|1579, 55457|1946, 55459|2166, 55459|2341, 55460|2423, 55460|2808, 55461|2887, 55461|2993, 55463|3183, 55463|3299, 55464|3405, 55464|4070, https://www.mit.edu, 
55537|1, 55537|157, 55541|374, 55541|1499, 55561|1890, 55572|2162, 55578|2247, 55580|2334, 55581|2416, 55581|2724, 55582|2806, 55583|2903, 55585|3031, 55587|3139, 55590|3263, 55596|3356, 55597|3449, 55597|3531, 55604|3623, 55605|4032, https://www.yahoo.com, 
55992|1, 55992|433, 55994|590, 55995|752, 55995|1503, 56001|1724, 56021|2185, 56022|2302, 56024|2390, 56025|2469, 56029|2560, 56031|2666, 56032|2751, 56043|2858, 56070|2978, 56110|3145, 56125|3285, 56126|3385, 56129|3469, 56129|3546, 56148|3631, 56199|3827, 56226|3913, 56255|4002, https://www.yahoo.com, 
56654|1, 56654|264, 56657|450, 56657|1169, 56658|1412, 56664|1550, 56682|1994, 56685|2207, 56685|2370, 56686|2461, 56686|2779, 56687|2868, 56687|3060, 56689|3219, 56689|3340, 56692|3468, 56692|4070, https://www.mit.edu, 
56751|1, 56751|301, 56754|477, 56754|1002, 56756|1214, 56756|1452, 56795|1759, 56801|2004, 56853|2225, 56854|2306, 56854|2693, 56855|2772, 56855|2945, 56857|3052, 56857|3279, 56858|3408, 56858|3515, 56862|3611, 56891|3728, 57017|3879, 57057|3988, 57057|4084, https://www.baidu.com, 
57262|1, 57262|569, 57265|708, 57265|966, 57266|1218, 57266|1424, 57272|1593, 57312|2064, 57313|2216, 57365|2326, 57366|2410, 57366|2796, 57367|2885, 57369|2988, 57371|3167, 57371|3281, 57372|3396, 57372|3488, 57394|3599, 57467|3719, 57515|3840, 57567|3945, 57567|4028, https://www.baidu.com, 
57812|1, 57812|249, 57815|437, 57815|935, 57816|1094, 57818|1435, 57842|1844, 57844|2107, 57844|2275, 57845|2356, 57845|2678, 57848|2782, 57848|2987, 57850|3128, 57850|3248, 57853|3371, 57853|4019, https://www.mit.edu, 
57943|1, 57943|283, 57944|460, 57947|637, 57947|787, 57949|944, 57949|1619, 57961|1872, 57970|2243, 57983|2387, 57983|2471, 57992|2557, 58008|2640, 58016|2730, 58022|2806, 58024|2894, 58030|2982, 58030|3064, 58032|3228, 58034|3345, 58037|3436, 58037|3512, 58038|3597, 58040|3685, 58041|3777, 58045|3866, 58049|3957, 58051|4037, https://www.yahoo.com, 
58314|1, 58314|850, 58315|955, 58317|1165, 58317|1382, 58339|1796, 58343|2111, 58344|2203, 58344|2368, 58345|2447, 58345|2609, 58346|2708, 58346|2788, 58348|2875, 58348|2969, 58349|3077, 58350|3218, 58350|3334, 58351|3437, 58351|4027, https://www.mit.edu, 
58426|1, 58426|220, 58427|389, 58430|601, 58430|1235, 58433|1523, 58482|1943, 58486|2230, 58533|2379, 58534|2467, 58534|2880, 58535|2990, 58535|3079, 58536|3158, 58537|3306, 58537|3414, 58538|3514, 58581|3637, 58684|3814, 58853|3933, 58865|4023, https://www.baidu.com, 
59077|1, 59077|450, 59080|583, 59080|1399, 59086|1605, 59104|1915, 59106|2233, 59106|2416, 59107|2509, 59109|2593, 59109|2857, 59111|2952, 59111|3064, 59114|3183, 59114|3402, 59115|3550, 59115|4033, https://www.mit.edu, 
59183|1, 59183|326, 59186|482, 59187|682, 59187|921, 59188|1057, 59188|1485, 59206|1790, 59218|2157, 59218|2255, 59223|2347, 59239|2431, 59257|2528, 59301|2637, 59314|2729, 59315|2821, 59315|2908, 59316|3012, 59318|3140, 59321|3274, 59322|3359, 59343|3475, 59445|3766, 59457|3865, 59474|4023, https://www.yahoo.com, 
59940|1, 59940|155, 59941|343, 59944|516, 59944|1406, 59990|1802, 60072|2114, 60072|2197, 60073|2279, 60073|2513, 60075|2601, 60075|2674, 60076|2755, 60076|2851, 60077|2940, 60078|3093, 60079|3236, 60079|3375, 60112|3502, 60231|3649, 60335|3777, 60335|4034, https://www.baidu.com, 
60616|1, 60616|295, 60619|459, 60619|1054, 60621|1357, 60639|1556, 60668|2015, 60669|2158, 60669|2246, 60671|2341, 60736|2441, 60736|2680, 60737|2836, 60737|2921, 60738|3028, 60739|3178, 60740|3337, 60770|3470, 60899|3616, 60901|3713, 60901|4037, https://www.baidu.com, 
61141|1, 61141|399, 61144|583, 61144|1417, 61145|1590, 61163|1969, 61178|2234, 61185|2315, 61193|2413, 61204|2504, 61224|2589, 61253|2688, 61268|2785, 61270|2885, 61270|3065, 61274|3221, 61276|3302, 61277|3376, 61278|3456, 61280|3538, 61307|3721, 61314|3817, 61339|3922, 61353|4019, https://www.yahoo.com, 
61761|1, 61761|501, 61764|608, 61764|1468, 61774|1685, 61787|2035, 61788|2197, 61788|2303, 61793|2390, 61796|2556, 61800|2652, 61808|2738, 61819|2823, 61828|2951, 61839|3037, 61849|3205, 61855|3303, 61859|3380, 61862|3463, 61863|3540, 61867|3623, 61870|3705, 61871|3784, 61873|3862, 61880|3940, 61883|4024, https://www.yahoo.com, 
