4|1, 4|1282, 6|1431, 5|1982, 6|2226, 6|4061, https://www.mit.edu, 
4|1, 4|1912, 6|2391, 6|4059, https://www.jd.com, 
4|1, 4|1556, 5|1734, 6|2179, 7|2353, 7|3754, 11|3966, 13|4072, https://www.yahoo.com, 
4|1, 4|1662, 5|2019, 6|2241, 6|4037, https://www.jd.com, 
4|1, 4|1354, 6|1572, 5|1938, 6|2212, 6|4099, https://www.mit.edu, 
4|1, 4|1509, 5|1802, 5|2189, 6|2351, 6|4059, https://www.jd.com, 
4|1, 4|1891, 5|2181, 6|2310, 6|4043, https://www.pku.edu.cn, 
4|1, 4|1939, 6|2280, 6|4068, https://www.baidu.com, 
4|1, 4|1825, 6|2158, 6|4019, https://www.pku.edu.cn, 
4|1, 4|1626, 5|1965, 6|2284, 6|4087, https://www.baidu.com, 
4|1, 4|1620, 5|1862, 5|2230, 6|2446, 6|4040, https://www.jd.com, 
4|1, 4|1650, 5|2047, 6|2351, 6|4094, https://www.jd.com, 
4|1, 4|1431, 7|1690, 6|2096, 6|4042, https://www.pku.edu.cn, 
4|1, 4|1462, 6|1662, 5|2094, 6|2321, 6|4037, https://www.mit.edu, 
4|1, 4|1592, 5|1999, 6|2293, 6|4029, https://www.baidu.com, 
4|1, 4|1645, 5|1813, 5|2166, 6|2319, 6|4102, https://www.jd.com, 
4|1, 4|1757, 6|2164, 6|4015, https://www.jd.com, 
4|1, 4|1502, 6|1798, 7|2224, 7|3796, 10|3970, 11|4110, https://www.yahoo.com, 
4|1, 4|1983, 6|2336, 6|4116, https://www.pku.edu.cn, 
4|1, 4|1398, 5|1542, 4|1861, 6|2136, 6|4023, https://www.pku.edu.cn, 
4|1, 4|1636, 5|1995, 6|2392, 6|4070, https://www.jd.com, 
4|1, 4|1609, 5|1753, 6|2170, 7|2400, 13|4009, https://www.yahoo.com, 
4|1, 4|1600, 6|1794, 6|2292, 7|2410, 7|3626, 10|3786, 13|3879, 12|4056, https://www.yahoo.com, 
4|1, 4|1884, 5|2140, 6|2393, 6|4082, https://www.pku.edu.cn, 
4|1, 4|1288, 6|1586, 5|2030, 7|2357, 7|4018, https://www.pku.edu.cn, 
5|1, 5|1809, 6|2067, 7|2446, 7|4063, https://www.jd.com, 
5|1, 5|1909, 9|2267, 9|4061, https://www.mit.edu, 
5|1, 5|1982, 9|2355, 9|4032, https://www.pku.edu.cn, 
9|1, 9|1655, 10|2099, 11|2350, 11|2431, 12|2513, 12|4017, https://www.pku.edu.cn, 
10|1, 10|1910, 12|2254, 12|4061, https://www.baidu.com, 
10|1, 10|1848, 11|2253, 12|2467, 12|4087, https://www.baidu.com, 
10|1, 10|1465, 12|1626, 12|4062, https://www.pku.edu.cn, 
10|1, 10|1535, 9|1682, 10|1912, 11|2398, 11|4023, https://www.jd.com, 
7|1, 7|1571, 9|1892, 8|2288, 8|4001, https://www.mit.edu, 
6|1, 6|1642, 9|1850, 7|2206, 8|2363, 8|4026, https://www.mit.edu, 
6|1, 6|1554, 8|1757, 8|2101, 9|2334, 9|4036, https://www.yahoo.com, 
6|1, 6|1677, 8|2065, 9|2361, 9|3853, 14|3978, 14|4063, https://www.yahoo.com, 
6|1, 6|1865, 8|2253, 8|4022, https://www.mit.edu, 
6|1, 6|1669, 7|1987, 8|2286, 8|4065, https://www.baidu.com, 
6|1, 6|1869, 8|2265, 8|4085, https://www.baidu.com, 
6|1, 6|1389, 9|1703, 7|2094, 8|2262, 8|4006, https://www.mit.edu, 
6|1, 6|2133, 9|2484, 9|4065, https://www.yahoo.com, 
6|1, 6|1586, 7|2097, 8|2260, 8|4068, https://www.mit.edu, 
6|1, 6|1802, 7|2189, 8|2414, 8|4062, https://www.baidu.com, 
6|1, 6|1585, 9|1834, 7|2180, 8|2386, 8|4078, https://www.mit.edu, 
6|1, 6|1544, 7|1683, 9|2145, 9|3543, 10|3742, 15|3947, 14|4043, https://www.yahoo.com, 
6|1, 6|1412, 7|1682, 8|2110, 8|4045, https://www.baidu.com, 
6|1, 6|1808, 8|2227, 8|4042, https://www.baidu.com, 
7|1, 7|1586, 9|1783, 10|2241, 10|3741, 16|3863, 15|4073, https://www.yahoo.com, 
7|1, 7|1641, 8|1989, 9|2240, 9|4003, https://www.yahoo.com, 
