436|1, 442|190, 446|226, 446|276, 448|332, 450|409, 452|464, 455|512, 457|631, 467|740, 470|793, 474|922, 474|1042, 477|1086, 481|1117, 481|1150, 483|1209, 483|2539, 489|2577, 489|2649, 476|2731, 425|2793, 425|3762, 431|3802, 431|3848, 433|3909, 431|4262, com.android.chrome/org.chromium.chrome.browser.customtabs.PaymentHandlerActivity, 
431|1, 432|102, 432|151, 440|190, 440|326, 438|400, 438|2852, 444|2875, 444|2973, 438|3040, 438|3063, 425|3088, 425|4011, com.android.chrome/org.chromium.chrome.browser.sync.ui.PassphraseActivity, 
428|1, 434|135, 434|237, 438|263, 438|317, 440|375, 440|546, 446|597, 446|632, 448|722, 450|810, 455|886, 459|932, 467|1015, 467|1175, 471|1327, 471|1576, 472|1607, 474|1631, 474|1657, 478|1689, 478|1756, 480|1786, 480|2882, 486|2916, 486|2949, 462|3022, 431|3065, 425|3114, 425|4034, com.android.chrome/org.chromium.chrome.browser.incognito.IncognitoTabLauncher, 
431|1, 431|89, 432|115, 432|187, 436|210, 440|232, 440|482, 438|516, 438|2841, 444|2874, 444|2991, 425|3048, 425|4015, com.android.chrome/org.chromium.chrome.browser.sync.ui.PassphraseActivity, 
429|1, 438|117, 440|151, 442|183, 442|217, 446|285, 452|377, 459|498, 461|578, 465|656, 465|701, 468|761, 472|841, 472|1126, 475|1166, 475|1214, 479|1244, 479|1281, 481|1316, 481|1420, 483|1443, 483|2859, 489|2893, 489|3059, 470|3105, 470|3132, 442|3176, 425|3219, 425|4022, com.android.chrome/org.chromium.chrome.browser.customtabs.PaymentHandlerActivity, 
431|1, 436|113, 436|160, 440|183, 444|216, 444|301, 442|340, 450|409, 458|574, 461|636, 461|695, 463|796, 467|846, 467|891, 470|978, 474|1075, 474|1450, 477|1480, 477|1541, 481|1581, 481|1633, 483|1668, 483|2866, 489|2902, 489|3019, 425|3135, 425|4005, com.android.chrome/org.chromium.chrome.browser.customtabs.CustomTabActivity, 
431|1, 431|173, 435|212, 435|244, 436|273, 440|309, 440|340, 443|378, 443|427, 441|460, 445|487, 449|517, 451|557, 455|680, 458|716, 458|757, 460|849, 464|907, 464|953, 467|1001, 471|1033, 471|1362, 477|1393, 477|1420, 481|1449, 481|1517, 483|1546, 483|2913, 489|2962, 489|3098, 446|3176, 425|3252, 425|4025, com.android.chrome/org.chromium.chrome.browser.customtabs.CustomTabActivity, 
428|1, 432|106, 432|165, 436|212, 438|251, 438|363, 444|413, 446|442, 446|488, 450|595, 453|643, 455|682, 461|811, 464|909, 474|999, 474|1241, 475|1267, 477|1306, 477|1334, 481|1359, 481|1382, 483|1424, 483|2864, 491|2901, 489|2934, 489|3034, 465|3105, 459|3164, 425|3190, 425|4023, com.android.chrome/org.chromium.chrome.browser.customtabs.PaymentHandlerActivity, 
427|1, 431|155, 431|189, 432|215, 434|245, 434|274, 436|312, 436|349, 440|414, 444|474, 444|564, 442|596, 448|619, 450|657, 456|762, 461|835, 463|925, 463|1028, 467|1113, 467|1245, 471|1352, 471|1596, 474|1623, 474|1688, 478|1736, 478|1775, 480|1823, 480|2938, 486|2984, 486|3031, 477|3083, 425|3155, 425|4002, com.android.chrome/org.chromium.chrome.browser.incognito.IncognitoTabLauncher, 
428|1, 428|97, 430|131, 430|153, 434|190, 434|315, 438|359, 438|405, 440|448, 440|591, 442|637, 446|682, 446|715, 449|811, 452|876, 459|961, 463|1011, 467|1113, 471|1339, 471|1682, 474|1712, 474|1748, 478|1798, 478|1845, 480|1880, 480|2403, 483|2441, 483|2901, 489|2923, 489|2987, 476|3056, 452|3092, 431|3146, 425|3211, 425|4021, com.android.chrome/org.chromium.chrome.browser.incognito.IncognitoTabLauncher, 
430|1, 430|111, 434|138, 434|213, 438|276, 440|327, 440|361, 438|411, 444|448, 446|514, 448|581, 452|649, 457|719, 461|826, 461|901, 474|975, 474|1240, 477|1276, 477|1312, 481|1342, 481|1394, 483|1429, 483|2873, 489|2907, 489|2986, 476|3038, 442|3122, 442|3200, 425|3246, 425|4007, com.android.chrome/org.chromium.chrome.browser.customtabs.CustomTabActivity, 
431|1, 431|139, 432|166, 440|204, 442|252, 443|303, 449|341, 451|393, 455|474, 453|602, 456|633, 456|698, 460|739, 460|767, 458|884, 458|1249, 460|1280, 462|1306, 462|2841, 468|2869, 468|2956, 462|3041, 457|3081, 440|3126, 440|3158, 437|3181, 425|3203, 425|3484, 429|3509, 428|3553, 434|4035, com.android.chrome/org.chromium.chrome.browser.firstrun.FirstRunActivity, 
430|1, 432|114, 436|176, 437|233, 437|271, 439|305, 445|335, 445|465, 443|545, 443|2905, 449|2944, 449|3059, 443|3096, 443|3241, 430|3279, 430|4027, com.android.chrome/org.chromium.chrome.browser.sync.ui.PassphraseActivity, 
435|1, 435|204, 443|233, 443|358, 451|406, 451|441, 453|492, 455|588, 458|709, 458|816, 462|859, 466|1093, 466|1301, 467|1335, 467|2928, 473|2954, 473|3047, 467|3122, 430|3173, 430|4012, com.android.chrome/org.chromium.chrome.browser.firstrun.FirstRunActivity, 
432|1, 436|123, 436|172, 437|210, 443|250, 445|279, 445|363, 450|417, 456|445, 456|478, 458|529, 460|635, 460|733, 463|795, 463|877, 467|909, 465|969, 465|1393, 467|1424, 469|1463, 469|2112, 471|2156, 469|2195, 469|2279, 470|2323, 470|2354, 469|2383, 469|2490, 471|2528, 469|2554, 469|2773, 471|2818, 471|2849, 469|2897, 469|2953, 477|2988, 477|3031, 469|3131, 455|3158, 455|3365, 451|3425, 434|3456, 430|3485, 430|4019, com.android.chrome/org.chromium.chrome.browser.firstrun.FirstRunActivity, 
434|1, 434|74, 438|105, 439|139, 439|172, 443|200, 443|229, 446|275, 446|366, 454|426, 458|511, 460|560, 463|647, 467|731, 469|778, 472|869, 472|936, 476|1022, 476|1245, 480|1280, 482|1307, 482|1337, 486|1393, 488|1427, 488|2922, 494|2959, 494|3111, 470|3165, 430|3224, 430|3381, 432|3406, 432|3529, 430|3552, 432|3586, 432|3661, 430|3694, 430|4014, com.android.chrome/org.chromium.chrome.browser.customtabs.PaymentHandlerActivity, 
436|1, 436|51, 441|88, 441|120, 445|161, 449|219, 449|292, 455|349, 455|390, 457|435, 459|511, 463|607, 466|640, 466|682, 468|771, 472|815, 472|842, 475|920, 479|999, 479|1247, 482|1282, 482|1307, 486|1344, 488|1411, 488|2865, 494|2893, 494|3029, 430|3125, 430|4017, com.android.chrome/org.chromium.chrome.browser.customtabs.PaymentHandlerActivity, 
435|1, 435|51, 437|92, 437|118, 441|142, 441|222, 445|254, 447|331, 445|396, 451|444, 453|477, 460|611, 462|675, 464|758, 468|816, 468|898, 477|955, 481|1042, 481|1275, 482|1305, 486|1341, 488|1368, 488|1391, 490|1421, 490|2910, 496|2939, 496|3069, 432|3193, 432|4026, com.android.chrome/org.chromium.chrome.browser.customtabs.CustomTabActivity, 
436|1, 436|126, 439|182, 439|215, 443|261, 443|323, 447|369, 447|440, 451|479, 451|585, 450|652, 454|719, 458|862, 463|948, 469|1064, 469|1275, 473|1369, 473|1638, 477|1675, 479|1708, 479|1752, 483|1790, 483|1826, 485|1854, 485|2964, 491|2997, 491|3018, 478|3096, 467|3148, 430|3252, 430|4011, com.android.chrome/org.chromium.chrome.browser.incognito.IncognitoTabLauncher, 
432|1, 436|89, 436|235, 437|268, 443|293, 449|341, 449|398, 451|433, 457|481, 459|546, 462|685, 464|801, 464|854, 468|913, 466|1067, 466|1326, 467|1407, 467|1603, 469|1655, 469|2931, 475|2961, 475|3005, 460|3092, 455|3139, 455|3367, 430|3399, 430|4009, com.android.chrome/org.chromium.chrome.browser.firstrun.FirstRunActivity, 
432|1, 433|47, 433|152, 437|179, 437|242, 441|278, 443|319, 443|429, 451|484, 451|523, 453|584, 458|683, 460|719, 462|781, 466|852, 466|890, 469|987, 479|1060, 479|1325, 482|1348, 482|1376, 486|1420, 486|1472, 488|1503, 488|2983, 494|3013, 494|3076, 485|3158, 430|3266, 430|4001, com.android.chrome/org.chromium.chrome.browser.customtabs.PaymentHandlerActivity, 
432|1, 435|51, 435|323, 437|361, 439|407, 439|569, 443|598, 445|631, 445|729, 443|763, 445|796, 451|830, 453|874, 455|930, 455|975, 456|1015, 464|1068, 466|1119, 472|1240, 472|1405, 476|1500, 476|1743, 479|1784, 479|1810, 483|1837, 485|1892, 485|2992, 491|3025, 491|3056, 488|3123, 436|3165, 430|3258, 430|4007, com.android.chrome/org.chromium.chrome.browser.incognito.IncognitoTabLauncher, 
434|1, 435|72, 435|243, 443|276, 447|346, 447|401, 453|429, 453|454, 455|535, 457|631, 460|773, 460|858, 464|923, 468|1116, 468|1252, 469|1313, 469|2981, 475|3005, 475|3113, 469|3201, 430|3237, 430|4045, com.android.chrome/org.chromium.chrome.browser.firstrun.FirstRunActivity, 
432|1, 436|78, 436|208, 437|237, 437|272, 445|321, 450|375, 448|407, 454|445, 458|512, 460|637, 463|759, 463|835, 467|880, 467|904, 465|1111, 465|1363, 469|1388, 469|2982, 475|3021, 475|3112, 464|3176, 445|3215, 445|3301, 442|3323, 430|3346, 430|4008, com.android.chrome/org.chromium.chrome.browser.firstrun.FirstRunActivity, 
430|1, 434|103, 434|180, 437|207, 437|239, 441|293, 441|403, 445|446, 447|486, 448|545, 448|623, 446|658, 450|709, 456|806, 458|887, 463|959, 463|1013, 467|1083, 469|1141, 469|1284, 473|1364, 473|1510, 477|1545, 477|1676, 479|1709, 479|1740, 483|1761, 483|1815, 485|1862, 485|2987, 491|3022, 491|3046, 478|3104, 452|3136, 430|3210, 430|4012, com.android.chrome/org.chromium.chrome.browser.incognito.IncognitoTabLauncher, 
430|1, 434|49, 434|165, 438|188, 439|217, 439|251, 443|285, 445|317, 447|379, 447|421, 449|468, 453|491, 455|518, 457|568, 463|668, 468|749, 472|841, 475|957, 479|1038, 479|1340, 480|1384, 482|1411, 482|1434, 486|1461, 486|1500, 488|1533, 488|2994, 494|3034, 494|3164, 475|3246, 430|3292, 430|4020, com.android.chrome/org.chromium.chrome.browser.customtabs.PaymentHandlerActivity, 
435|1, 435|229, 443|298, 443|427, 441|520, 441|923, 443|950, 443|2854, 449|2888, 449|3009, 443|3055, 430|3099, 430|4011, com.android.chrome/org.chromium.chrome.browser.sync.ui.PassphraseActivity, 
432|1, 435|62, 435|158, 439|212, 439|253, 443|315, 445|375, 445|457, 451|501, 453|531, 453|592, 457|676, 457|783, 464|851, 462|945, 466|992, 466|1018, 473|1073, 479|1155, 479|1390, 480|1436, 482|1469, 482|1491, 486|1512, 486|1544, 488|1578, 488|2937, 494|2960, 494|3049, 470|3104, 430|3159, 430|4010, com.android.chrome/org.chromium.chrome.browser.customtabs.PaymentHandlerActivity, 
438|1, 436|49, 435|86, 435|226, 439|267, 439|310, 443|354, 445|405, 445|504, 447|543, 453|595, 453|631, 455|698, 460|800, 460|844, 462|929, 466|991, 466|1050, 476|1110, 479|1147, 479|1456, 482|1500, 482|1525, 486|1555, 488|1602, 488|3007, 494|3042, 494|3153, 464|3212, 430|3259, 430|4006, com.android.chrome/org.chromium.chrome.browser.customtabs.PaymentHandlerActivity, 
436|1, 436|173, 441|207, 441|267, 445|292, 447|324, 449|367, 449|394, 447|440, 449|469, 455|500, 455|542, 463|663, 464|722, 468|813, 468|866, 472|915, 474|947, 475|1005, 479|1050, 479|1303, 482|1334, 482|1368, 486|1389, 486|1454, 488|1499, 488|2933, 494|2957, 494|3030, 487|3110, 430|3179, 430|4030, com.android.chrome/org.chromium.chrome.browser.customtabs.CustomTabActivity, 
436|1, 435|72, 435|271, 441|300, 443|322, 443|510, 441|603, 441|892, 443|913, 441|955, 441|1008, 443|1031, 443|2973, 449|3030, 449|3079, 443|3127, 430|3165, 430|4017, com.android.chrome/org.chromium.chrome.browser.sync.ui.PassphraseActivity, 
436|1, 436|158, 437|185, 437|251, 439|292, 445|321, 445|477, 443|545, 443|2926, 449|2966, 449|3062, 443|3102, 430|3140, 430|4002, com.android.chrome/org.chromium.chrome.browser.sync.ui.PassphraseActivity, 
432|1, 434|52, 434|143, 439|177, 439|259, 447|316, 447|420, 453|467, 455|503, 457|532, 463|644, 466|678, 468|758, 472|815, 472|927, 479|990, 479|1290, 482|1316, 482|1379, 486|1432, 488|1475, 488|2974, 494|3010, 494|3060, 470|3122, 430|3182, 430|4002, com.android.chrome/org.chromium.chrome.browser.customtabs.PaymentHandlerActivity, 
434|1, 436|55, 436|169, 440|198, 441|224, 441|291, 447|344, 448|381, 448|429, 446|457, 448|479, 454|505, 454|558, 456|623, 460|685, 463|749, 463|816, 469|885, 469|917, 472|971, 476|1021, 476|1356, 482|1399, 482|1433, 486|1460, 488|1508, 488|2930, 494|2968, 494|3128, 430|3229, 430|4019, com.android.chrome/org.chromium.chrome.browser.customtabs.CustomTabActivity, 
434|1, 436|72, 436|140, 437|190, 437|218, 441|245, 445|282, 447|333, 450|378, 448|414, 456|484, 458|595, 460|724, 461|808, 463|839, 463|928, 467|968, 465|1022, 465|1347, 467|1382, 469|1408, 469|2948, 475|2976, 475|3052, 469|3130, 450|3181, 445|3218, 445|3302, 430|3338, 430|4010, com.android.chrome/org.chromium.chrome.browser.firstrun.FirstRunActivity, 
436|1, 436|207, 437|245, 437|307, 445|336, 448|381, 448|456, 454|495, 456|549, 461|686, 463|800, 463|869, 467|913, 467|940, 465|1101, 465|1379, 469|1421, 469|2966, 475|2988, 475|3121, 464|3164, 464|3189, 445|3215, 445|3256, 430|3286, 430|4012, com.android.chrome/org.chromium.chrome.browser.firstrun.FirstRunActivity, 
436|1, 436|186, 437|216, 439|251, 437|290, 441|332, 441|391, 445|442, 447|499, 449|534, 449|615, 451|655, 455|693, 457|761, 461|828, 461|861, 466|906, 466|983, 472|1118, 472|1241, 476|1316, 476|1671, 479|1704, 479|1762, 483|1793, 483|1828, 485|1868, 485|2923, 491|2952, 491|2984, 477|3058, 430|3127, 430|4005, com.android.chrome/org.chromium.chrome.browser.incognito.IncognitoTabLauncher, 
432|1, 435|63, 435|242, 439|283, 439|331, 443|361, 443|391, 445|438, 443|515, 447|550, 451|586, 453|622, 455|722, 457|777, 464|879, 462|930, 466|985, 469|1060, 479|1134, 479|1468, 482|1506, 482|1539, 486|1560, 486|1610, 488|1643, 488|3000, 494|3032, 494|3177, 464|3267, 430|3307, 430|4005, com.android.chrome/org.chromium.chrome.browser.customtabs.CustomTabActivity, 
438|1, 432|53, 432|81, 436|118, 436|313, 437|344, 437|407, 443|441, 445|477, 445|637, 443|720, 443|906, 445|969, 443|995, 443|3029, 449|3064, 449|3130, 443|3190, 443|3346, 430|3387, 430|4010, com.android.chrome/org.chromium.chrome.browser.sync.ui.PassphraseActivity, 
434|1, 436|72, 436|179, 437|211, 437|295, 439|326, 445|351, 445|533, 443|591, 443|2979, 449|3012, 449|3113, 443|3185, 430|3215, 430|4004, com.android.chrome/org.chromium.chrome.browser.sync.ui.PassphraseActivity, 
436|1, 432|47, 432|80, 436|142, 436|303, 437|347, 437|378, 439|407, 443|431, 445|452, 445|597, 443|670, 443|3015, 449|3040, 449|3148, 443|3197, 443|3219, 430|3245, 430|4004, com.android.chrome/org.chromium.chrome.browser.sync.ui.PassphraseActivity, 
436|1, 432|53, 436|85, 436|262, 441|301, 441|348, 445|381, 448|438, 448|552, 450|592, 454|651, 456|692, 460|853, 465|940, 465|995, 469|1050, 469|1110, 472|1160, 476|1227, 476|1427, 480|1471, 480|1544, 482|1575, 482|1608, 486|1653, 486|1699, 488|1726, 488|3022, 494|3047, 494|3117, 485|3176, 451|3256, 430|3294, 430|4010, com.android.chrome/org.chromium.chrome.browser.customtabs.CustomTabActivity, 
432|1, 436|53, 436|250, 437|283, 437|333, 439|363, 445|393, 445|557, 443|613, 443|2984, 449|3006, 449|3074, 443|3135, 430|3162, 430|4001, com.android.chrome/org.chromium.chrome.browser.sync.ui.PassphraseActivity, 
434|1, 435|92, 435|229, 443|282, 447|328, 445|364, 449|406, 453|446, 455|548, 458|701, 460|765, 460|871, 464|940, 464|978, 468|1152, 468|1270, 469|1301, 469|2964, 475|2999, 475|3075, 430|3178, 430|4032, com.android.chrome/org.chromium.chrome.browser.firstrun.FirstRunActivity, 
432|1, 435|72, 435|318, 443|348, 443|382, 445|425, 443|471, 453|529, 455|617, 457|698, 457|829, 460|874, 460|905, 464|942, 464|976, 468|1224, 468|1373, 469|1413, 469|2010, 471|2054, 469|2081, 469|2985, 475|3021, 475|3107, 469|3181, 432|3237, 432|4012, com.android.chrome/org.chromium.chrome.browser.firstrun.FirstRunActivity, 
438|1, 438|128, 442|159, 443|189, 443|213, 447|251, 449|295, 451|338, 451|369, 449|416, 457|481, 459|557, 464|637, 466|677, 466|743, 472|832, 472|860, 473|928, 477|1010, 477|1282, 480|1323, 480|1390, 484|1417, 484|1456, 486|1488, 486|1580, 488|1616, 488|2905, 494|2944, 494|3051, 485|3133, 430|3207, 430|4005, com.android.chrome/org.chromium.chrome.browser.customtabs.CustomTabActivity, 
430|1, 430|69, 434|94, 434|257, 435|317, 437|351, 437|446, 441|498, 441|560, 445|592, 449|663, 449|761, 447|801, 455|860, 457|914, 460|1017, 464|1079, 464|1146, 470|1272, 474|1448, 474|1854, 477|1892, 477|1946, 481|1977, 483|2010, 483|2060, 485|2107, 485|2991, 491|3026, 491|3059, 488|3115, 452|3158, 430|3239, 430|4010, com.android.chrome/org.chromium.chrome.browser.incognito.IncognitoTabLauncher, 
430|1, 436|57, 435|101, 435|227, 439|260, 439|327, 441|352, 443|389, 445|450, 445|483, 443|517, 447|551, 451|640, 457|763, 460|797, 462|867, 462|948, 466|1010, 469|1052, 479|1127, 479|1446, 482|1490, 482|1535, 486|1586, 488|1627, 488|2997, 494|3045, 494|3193, 430|3285, 430|4011, com.android.chrome/org.chromium.chrome.browser.customtabs.CustomTabActivity, 
436|1, 434|63, 434|217, 437|261, 437|283, 441|324, 441|407, 445|453, 445|516, 449|556, 449|704, 447|735, 455|795, 461|954, 466|1004, 466|1124, 472|1257, 476|1462, 476|1792, 479|1821, 479|1873, 483|1915, 483|2010, 485|2065, 485|3001, 491|3025, 491|3084, 467|3159, 467|3184, 430|3272, 430|4007, com.android.chrome/org.chromium.chrome.browser.incognito.IncognitoTabLauncher, 
436|1, 433|59, 433|237, 435|278, 435|317, 439|375, 439|421, 443|464, 443|498, 445|567, 445|697, 443|741, 445|777, 451|842, 453|945, 458|1036, 466|1104, 468|1156, 472|1264, 472|1458, 476|1512, 476|1731, 477|1763, 479|1787, 479|1812, 483|1844, 483|1928, 485|1967, 485|2998, 491|3027, 491|3078, 482|3151, 430|3241, 430|4023, com.android.chrome/org.chromium.chrome.browser.incognito.IncognitoTabLauncher, 
