153416635|1, 153416635|662, 153421316|787, 153421472|858, 153422223|986, 153422770|1046, 153422770|2789, 153422822|2856, 153422822|4283, com.android.chrome/org.chromium.chrome.browser.customtabs.PaymentHandlerActivity, 
153422822|1, 153422822|371, 153422996|434, 153423170|507, 153423170|4007, com.android.chrome/org.chromium.chrome.browser.sync.ui.PassphraseActivity, 
153423170|1, 153423170|1033, 153427850|1172, 153428921|1353, 153428921|1396, 153429468|1455, 153429468|3268, 153429682|3297, 153429682|4019, com.android.chrome/org.chromium.chrome.browser.incognito.IncognitoTabLauncher, 
153429682|1, 153429682|532, 153429856|560, 153429856|4033, com.android.chrome/org.chromium.chrome.browser.sync.ui.PassphraseActivity, 
153429856|1, 153429856|605, 153430413|686, 153434484|738, 153434484|792, 153435391|854, 153435391|965, 153435938|993, 153435938|3173, 153435990|3210, 153435990|4006, com.android.chrome/org.chromium.chrome.browser.customtabs.PaymentHandlerActivity, 
153435990|1, 153435990|705, 153436547|815, 153440670|862, 153440670|908, 153441577|997, 153442124|1098, 153442124|3139, 153442176|3196, 153442176|4011, com.android.chrome/org.chromium.chrome.browser.customtabs.CustomTabActivity, 
153442176|1, 153442176|784, 153442621|879, 153442733|933, 153446961|983, 153447712|1021, 153447712|1112, 153448259|1149, 153448259|3163, 153448311|3281, 153448311|4004, com.android.chrome/org.chromium.chrome.browser.customtabs.CustomTabActivity, 
153448311|1, 153448311|715, 153448485|823, 153452939|928, 153453846|1019, 153453846|1222, 153453923|1254, 153453923|1791, 153454561|1833, 153454561|3220, 153454613|3256, 153454613|4022, com.android.chrome/org.chromium.chrome.browser.customtabs.PaymentHandlerActivity, 
153454613|1, 153454613|943, 153454787|1034, 153455344|1134, 153459579|1259, 153460486|1379, 153460486|1764, 153461033|1803, 153461033|3117, 153461085|3175, 153461085|4031, com.android.chrome/org.chromium.chrome.browser.incognito.IncognitoTabLauncher, 
153461085|1, 153461085|1072, 153461642|1173, 153466784|1379, 153466784|1453, 153467331|1491, 153467331|2390, 153467660|2460, 153467660|3155, 153467712|3192, 153467712|4029, com.android.chrome/org.chromium.chrome.browser.incognito.IncognitoTabLauncher, 
153467712|1, 153467712|765, 153468443|880, 153472513|918, 153472669|957, 153473420|1009, 153473420|1114, 153473967|1155, 153473967|3091, 153474019|3171, 153474019|4017, com.android.chrome/org.chromium.chrome.browser.customtabs.CustomTabActivity, 
153474019|1, 153474019|483, 153474367|628, 153474367|4008, com.android.chrome/org.chromium.chrome.browser.firstrun.FirstRunActivity, 
153474367|1, 153474367|557, 153474541|626, 153474541|4020, com.android.chrome/org.chromium.chrome.browser.sync.ui.PassphraseActivity, 
153474541|1, 153474541|598, 153474715|739, 153474889|787, 153474889|4016, com.android.chrome/org.chromium.chrome.browser.firstrun.FirstRunActivity, 
153474889|1, 153474889|653, 153475063|774, 153475063|2199, 153475123|2241, 153475123|2323, 153475360|2361, 153475360|2402, 153475412|2430, 153475412|2538, 153475710|2573, 153475710|2625, 153476186|2704, 153476186|2897, 153476290|2943, 153477268|2971, 153477268|3073, 153477360|3169, 153477360|4030, com.android.chrome/org.chromium.chrome.browser.firstrun.FirstRunActivity, 
153477360|1, 153477360|658, 153477534|757, 153477917|807, 153482143|889, 153482894|957, 153482894|1054, 153483441|1109, 153483441|3193, 153483493|3258, 153483493|3440, 153483723|3469, 153483723|3586, 153483775|3620, 153483775|3727, 153484051|3756, 153484051|3910, 153484097|3942, 153484097|4024, com.android.chrome/org.chromium.chrome.browser.customtabs.PaymentHandlerActivity, 
153484097|1, 153484097|114, 153484149|147, 153484471|186, 153484517|246, 153484517|708, 153484691|796, 153485074|843, 153485074|870, 153489302|944, 153490053|1012, 153490053|1850, 153490600|1894, 153490600|3056, 153490652|3138, 153490652|4009, com.android.chrome/org.chromium.chrome.browser.customtabs.PaymentHandlerActivity, 
153490652|1, 153490652|262, 153490980|329, 153491026|408, 153491026|772, 153491200|822, 153491583|877, 153494435|908, 153494435|967, 153495655|1055, 153495811|1086, 153496510|1116, 153496510|1220, 153497057|1252, 153497057|3059, 153497109|3202, 153497109|3961, 153497177|3987, 153497177|4009, com.android.chrome/org.chromium.chrome.browser.customtabs.CustomTabActivity, 
153497177|1, 153497177|659, 153497575|728, 153497575|1127, 153498132|1222, 153503274|1386, 153503274|1523, 153503821|1573, 153503821|3159, 153503873|3271, 153503873|4031, com.android.chrome/org.chromium.chrome.browser.incognito.IncognitoTabLauncher, 
153503873|1, 153503873|571, 153504047|669, 153504047|819, 153504221|875, 153504221|4036, com.android.chrome/org.chromium.chrome.browser.firstrun.FirstRunActivity, 
153504221|1, 153504221|741, 153504395|802, 153504395|867, 153504952|915, 153509024|995, 153509931|1083, 153509931|1148, 153510426|1183, 153510478|1220, 153510478|3183, 153510530|3287, 153510530|4025, com.android.chrome/org.chromium.chrome.browser.customtabs.PaymentHandlerActivity, 
153510530|1, 153510530|1132, 153510704|1232, 153515332|1368, 153516403|1506, 153516403|1618, 153516950|1657, 153516950|3170, 153517002|3264, 153517002|4019, com.android.chrome/org.chromium.chrome.browser.incognito.IncognitoTabLauncher, 
153517002|1, 153517002|620, 153517176|776, 153517176|4005, com.android.chrome/org.chromium.chrome.browser.firstrun.FirstRunActivity, 
153517176|1, 153517176|634, 153517350|765, 153517524|813, 153517524|4017, com.android.chrome/org.chromium.chrome.browser.firstrun.FirstRunActivity, 
153517524|1, 153517524|1088, 153517698|1157, 153518081|1226, 153523171|1376, 153523223|1459, 153523770|1498, 153523770|3159, 153523822|3218, 153523822|4031, com.android.chrome/org.chromium.chrome.browser.incognito.IncognitoTabLauncher, 
153523822|1, 153523822|741, 153524267|839, 153528450|954, 153529357|1038, 153529357|1107, 153529852|1155, 153529904|1204, 153529904|3300, 153529956|3327, 153529956|4027, com.android.chrome/org.chromium.chrome.browser.customtabs.PaymentHandlerActivity, 
153529956|1, 153529956|536, 153530130|593, 153530130|4006, com.android.chrome/org.chromium.chrome.browser.sync.ui.PassphraseActivity, 
153530130|1, 153530130|862, 153530687|956, 153534758|1002, 153534758|1031, 153534914|1064, 153535665|1157, 153535665|1204, 153536212|1244, 153536212|3117, 153536264|3172, 153536264|4018, com.android.chrome/org.chromium.chrome.browser.customtabs.PaymentHandlerActivity, 
153536264|1, 153536264|853, 153536438|907, 153536612|998, 153536995|1032, 153541067|1060, 153541067|1122, 153541223|1159, 153541974|1211, 153541974|1298, 153542521|1356, 153542521|3217, 153542573|3268, 153542573|4019, com.android.chrome/org.chromium.chrome.browser.customtabs.PaymentHandlerActivity, 
153542573|1, 153542573|805, 153543130|873, 153547200|923, 153547356|958, 153548055|1015, 153548055|1950, 153548602|1985, 153548602|3189, 153548654|3223, 153548654|4015, com.android.chrome/org.chromium.chrome.browser.customtabs.CustomTabActivity, 
153548654|1, 153548654|611, 153548828|676, 153548828|4009, com.android.chrome/org.chromium.chrome.browser.sync.ui.PassphraseActivity, 
153548828|1, 153548828|489, 153549002|539, 153549176|588, 153549176|4010, com.android.chrome/org.chromium.chrome.browser.sync.ui.PassphraseActivity, 
153549176|1, 153549176|769, 153549733|825, 153549733|862, 153553803|935, 153553959|987, 153554710|1054, 153554710|1105, 153555348|1165, 153555348|3132, 153555400|3192, 153555400|4010, com.android.chrome/org.chromium.chrome.browser.customtabs.PaymentHandlerActivity, 
153555400|1, 153555400|826, 153555574|884, 153555957|927, 153560028|978, 153560184|1031, 153560935|1070, 153560935|1982, 153561430|2011, 153561482|2042, 153561482|3121, 153561534|3234, 153561534|4022, com.android.chrome/org.chromium.chrome.browser.customtabs.CustomTabActivity, 
153561534|1, 153561534|591, 153561708|720, 153561708|4005, com.android.chrome/org.chromium.chrome.browser.firstrun.FirstRunActivity, 
153561708|1, 153561708|535, 153561882|678, 153562056|812, 153562056|4003, com.android.chrome/org.chromium.chrome.browser.firstrun.FirstRunActivity, 
153562056|1, 153562056|1113, 153566683|1252, 153566899|1329, 153567754|1402, 153567754|1478, 153568301|1543, 153568301|3121, 153568353|3219, 153568353|4007, com.android.chrome/org.chromium.chrome.browser.incognito.IncognitoTabLauncher, 
153568353|1, 153568353|880, 153568910|938, 153572981|980, 153573137|1058, 153573888|1132, 153573888|1170, 153574435|1199, 153574435|3257, 153574487|3314, 153574487|4010, com.android.chrome/org.chromium.chrome.browser.customtabs.CustomTabActivity, 
153574487|1, 153574487|645, 153574835|728, 153574835|4021, com.android.chrome/org.chromium.chrome.browser.sync.ui.PassphraseActivity, 
153574835|1, 153574835|544, 153575009|610, 153575009|4021, com.android.chrome/org.chromium.chrome.browser.sync.ui.PassphraseActivity, 
153575009|1, 153575009|598, 153575183|680, 153575183|4010, com.android.chrome/org.chromium.chrome.browser.sync.ui.PassphraseActivity, 
153575183|1, 153575183|859, 153575357|950, 153575914|1008, 153575914|1054, 153580141|1113, 153580892|1160, 153580892|1368, 153581439|1400, 153581439|3244, 153581491|3307, 153581491|4017, com.android.chrome/org.chromium.chrome.browser.customtabs.CustomTabActivity, 
153581491|1, 153581491|563, 153581665|627, 153581839|659, 153581839|4016, com.android.chrome/org.chromium.chrome.browser.sync.ui.PassphraseActivity, 
153581839|1, 153581839|550, 153582013|715, 153582013|4014, com.android.chrome/org.chromium.chrome.browser.firstrun.FirstRunActivity, 
153582013|1, 153582013|704, 153582187|843, 153582187|1359, 153582304|1397, 153582304|4018, com.android.chrome/org.chromium.chrome.browser.firstrun.FirstRunActivity, 
153582304|1, 153582304|773, 153582861|867, 153582861|900, 153586933|951, 153587935|1042, 153587935|1139, 153588482|1180, 153588482|3153, 153588534|3237, 153588534|4011, com.android.chrome/org.chromium.chrome.browser.customtabs.CustomTabActivity, 
153588534|1, 153588534|1145, 153588708|1259, 153593336|1405, 153594407|1557, 153594407|1640, 153594954|1688, 153594954|3168, 153595006|3243, 153595006|4004, com.android.chrome/org.chromium.chrome.browser.incognito.IncognitoTabLauncher, 
153595006|1, 153595006|861, 153595563|956, 153599634|1006, 153599790|1060, 153600541|1124, 153600541|1208, 153601088|1244, 153601088|3194, 153601140|3284, 153601140|4015, com.android.chrome/org.chromium.chrome.browser.customtabs.CustomTabActivity, 
153601140|1, 153601140|1127, 153601314|1229, 153607013|1449, 153607013|1552, 153607560|1609, 153607560|3200, 153607612|3286, 153607612|4019, com.android.chrome/org.chromium.chrome.browser.incognito.IncognitoTabLauncher, 
153607612|1, 153607612|1161, 153608169|1260, 153612560|1407, 153613311|1464, 153613311|1520, 153613858|1579, 153613858|3214, 153613910|3292, 153613910|4032, com.android.chrome/org.chromium.chrome.browser.incognito.IncognitoTabLauncher, 
