258787|1, 258787|700, 258794|807, 258798|902, 258804|1022, 258808|1091, 258809|1130, 258809|1258, 258810|1311, 258810|2015, 258811|2052, 258811|2268, 258812|2307, 258812|2816, 258814|2900, 258814|4274, com.android.chrome/org.chromium.chrome.browser.customtabs.PaymentHandlerActivity, 
258814|1, 258814|424, 258816|485, 258820|562, 258820|847, 258821|873, 258821|1082, 258822|1112, 258822|1842, 258823|1878, 258823|2091, 258824|2127, 258824|4013, com.android.chrome/org.chromium.chrome.browser.sync.ui.PassphraseActivity, 
258824|1, 258824|1046, 258831|1179, 258843|1368, 258844|1425, 258846|1480, 258846|1535, 258847|1564, 258847|1594, 258848|1633, 258848|1783, 258849|1818, 258849|2362, 258850|2395, 258850|2543, 258851|2579, 258851|2603, 258852|2632, 258852|2777, 258853|2803, 258853|3067, 258854|3124, 258854|3296, 258857|3325, 258857|4020, com.android.chrome/org.chromium.chrome.browser.incognito.IncognitoTabLauncher, 
258857|1, 258857|570, 258859|607, 258859|854, 258860|902, 258860|1120, 258861|1155, 258861|1879, 258862|1903, 258862|2108, 258863|2144, 258863|4018, com.android.chrome/org.chromium.chrome.browser.sync.ui.PassphraseActivity, 
258863|1, 258863|582, 258864|637, 258871|742, 258874|793, 258874|845, 258878|905, 258881|986, 258882|1021, 258884|1049, 258885|1086, 258885|1220, 258886|1253, 258886|1539, 258887|1563, 258887|1989, 258888|2027, 258888|2236, 258889|2256, 258889|2474, 258890|2506, 258890|3230, 258892|3266, 258892|4001, com.android.chrome/org.chromium.chrome.browser.customtabs.PaymentHandlerActivity, 
258893|1, 258893|741, 258900|859, 258904|906, 258904|948, 258910|1032, 258913|1143, 258913|1301, 258914|1349, 258914|2051, 258915|2090, 258915|2290, 258916|2311, 258916|3163, 258918|3241, 258918|3502, 258919|3523, 258919|4019, com.android.chrome/org.chromium.chrome.browser.customtabs.CustomTabActivity, 
258919|1, 258919|825, 258921|913, 258926|976, 258932|1025, 258934|1063, 258934|1153, 258936|1192, 258937|1221, 258937|1399, 258938|1435, 258938|2177, 258939|2201, 258939|2402, 258940|2443, 258940|3208, 258942|3320, 258942|4027, com.android.chrome/org.chromium.chrome.browser.customtabs.CustomTabActivity, 
258942|1, 258942|742, 258944|830, 258952|942, 258958|1044, 258958|1090, 258959|1129, 258959|1207, 258960|1248, 258961|1281, 258961|1326, 258962|1362, 258962|1794, 258965|1861, 258965|1905, 258966|1940, 258966|2044, 258967|2093, 258967|2327, 258968|2356, 258968|3248, 258970|3283, 258970|4002, com.android.chrome/org.chromium.chrome.browser.customtabs.PaymentHandlerActivity, 
258970|1, 258970|950, 258974|1036, 258981|1148, 258986|1269, 258993|1390, 258993|1521, 258994|1542, 258994|1619, 258995|1647, 258995|1771, 258998|1817, 258998|2361, 258999|2384, 258999|2535, 259000|2567, 259000|2603, 259001|2645, 259001|2759, 259002|2796, 259002|3164, 259004|3248, 259004|4013, com.android.chrome/org.chromium.chrome.browser.incognito.IncognitoTabLauncher, 
259004|1, 259004|1095, 259008|1156, 259022|1384, 259023|1468, 259025|1515, 259025|1594, 259026|1626, 259026|1650, 259027|1671, 259027|1830, 259028|1880, 259028|2289, 259029|2326, 259029|2410, 259030|2466, 259030|2574, 259031|2615, 259031|2661, 259032|2687, 259032|2843, 259033|2871, 259033|3178, 259035|3214, 259035|4014, com.android.chrome/org.chromium.chrome.browser.incognito.IncognitoTabLauncher, 
259035|1, 259035|786, 259044|899, 259047|940, 259050|986, 259053|1028, 259053|1110, 259054|1142, 259056|1184, 259056|1358, 259057|1390, 259057|2115, 259058|2149, 259058|2365, 259059|2396, 259059|3110, 259061|3194, 259061|3285, 259062|3323, 259062|4024, com.android.chrome/org.chromium.chrome.browser.customtabs.CustomTabActivity, 
259062|1, 259062|418, 259064|496, 259066|635, 259066|853, 259067|1025, 259067|1136, 259068|1171, 259068|1911, 259069|1948, 259069|2146, 259070|2169, 259070|4009, com.android.chrome/org.chromium.chrome.browser.firstrun.FirstRunActivity, 
259070|1, 259070|561, 259072|641, 259072|916, 259073|948, 259073|1185, 259074|1220, 259074|1935, 259075|1968, 259075|2183, 259076|2214, 259076|4008, com.android.chrome/org.chromium.chrome.browser.sync.ui.PassphraseActivity, 
259076|1, 259076|606, 259078|745, 259080|795, 259080|1063, 259081|1174, 259081|1313, 259082|1348, 259082|2066, 259083|2086, 259083|2325, 259084|2358, 259084|4017, com.android.chrome/org.chromium.chrome.browser.firstrun.FirstRunActivity, 
259084|1, 259084|665, 259086|774, 259086|1001, 259087|1240, 259087|1298, 259088|1343, 259088|2039, 259089|2069, 259089|2212, 259091|2254, 259091|2303, 259092|2334, 259094|2373, 259095|2415, 259096|2444, 259096|2546, 259098|2585, 259098|2639, 259102|2699, 259102|2907, 259106|2955, 259110|2985, 259110|3080, 259114|3177, 259114|4040, com.android.chrome/org.chromium.chrome.browser.firstrun.FirstRunActivity, 
259114|1, 259114|659, 259116|770, 259121|812, 259126|902, 259130|963, 259130|1064, 259133|1122, 259133|1321, 259134|1355, 259134|2071, 259135|2101, 259135|2316, 259136|2349, 259136|3204, 259138|3270, 259138|3411, 259139|3454, 259140|3482, 259140|3600, 259142|3632, 259142|3711, 259143|3740, 259145|3770, 259145|3922, 259146|3955, 259146|4036, com.android.chrome/org.chromium.chrome.browser.customtabs.PaymentHandlerActivity, 
259146|1, 259146|116, 259147|148, 259150|182, 259153|222, 259153|744, 259155|831, 259160|879, 259160|905, 259166|972, 259169|1039, 259170|1116, 259170|1313, 259171|1337, 259171|1887, 259173|1930, 259173|2054, 259174|2099, 259174|2306, 259175|2334, 259175|3091, 259177|3171, 259177|4004, com.android.chrome/org.chromium.chrome.browser.customtabs.PaymentHandlerActivity, 
259177|1, 259177|108, 259178|151, 259178|254, 259179|281, 259181|338, 259183|425, 259183|780, 259185|836, 259190|886, 259192|926, 259192|986, 259193|1072, 259196|1105, 259198|1134, 259200|1163, 259200|1239, 259204|1270, 259204|1374, 259205|1400, 259205|1832, 259206|1858, 259206|2132, 259207|2154, 259207|2385, 259208|2408, 259208|3050, 259210|3206, 259211|4006, com.android.chrome/org.chromium.chrome.browser.customtabs.CustomTabActivity, 
259211|1, 259211|679, 259213|749, 259213|1148, 259220|1230, 259231|1409, 259231|1455, 259232|1488, 259232|1525, 259234|1596, 259235|1627, 259235|1678, 259236|1714, 259236|1832, 259237|1868, 259237|2445, 259238|2468, 259238|2584, 259239|2616, 259239|2676, 259240|2718, 259240|2841, 259241|2881, 259241|3178, 259243|3290, 259243|4025, com.android.chrome/org.chromium.chrome.browser.incognito.IncognitoTabLauncher, 
259243|1, 259243|674, 259245|843, 259247|895, 259247|1040, 259248|1265, 259248|1377, 259249|1444, 259249|2095, 259250|2161, 259250|2391, 259251|2450, 259251|4010, com.android.chrome/org.chromium.chrome.browser.firstrun.FirstRunActivity, 
259251|1, 259251|748, 259255|816, 259255|868, 259262|920, 259265|1000, 259271|1093, 259271|1155, 259272|1192, 259274|1234, 259274|1410, 259275|1451, 259275|2172, 259276|2208, 259276|2426, 259277|2463, 259277|3197, 259279|3300, 259279|4003, com.android.chrome/org.chromium.chrome.browser.customtabs.PaymentHandlerActivity, 
259279|1, 259279|1133, 259281|1222, 259291|1375, 259298|1506, 259299|1566, 259300|1601, 259300|1629, 259302|1667, 259303|1694, 259303|1833, 259304|1859, 259304|1900, 259305|1951, 259305|2582, 259306|2615, 259306|2678, 259307|2711, 259307|2836, 259308|2879, 259308|2922, 259309|2946, 259309|3180, 259311|3273, 259311|4022, com.android.chrome/org.chromium.chrome.browser.incognito.IncognitoTabLauncher, 
259311|1, 259311|631, 259313|791, 259313|942, 259314|1011, 259314|1220, 259315|1268, 259315|1994, 259316|2041, 259316|2228, 259317|2261, 259317|4010, com.android.chrome/org.chromium.chrome.browser.firstrun.FirstRunActivity, 
259317|1, 259317|642, 259319|769, 259321|821, 259321|1092, 259322|1161, 259322|1321, 259323|1355, 259323|2098, 259324|2123, 259324|2332, 259325|2365, 259325|4025, com.android.chrome/org.chromium.chrome.browser.firstrun.FirstRunActivity, 
259325|1, 259325|1087, 259327|1158, 259332|1232, 259343|1381, 259344|1460, 259346|1507, 259346|1674, 259348|1700, 259348|1924, 259349|1945, 259349|2435, 259350|2467, 259350|2662, 259351|2687, 259352|2725, 259352|2929, 259353|2954, 259353|3169, 259355|3223, 259355|4008, com.android.chrome/org.chromium.chrome.browser.incognito.IncognitoTabLauncher, 
259355|1, 259355|748, 259359|842, 259365|939, 259371|1037, 259371|1117, 259372|1165, 259374|1215, 259374|1361, 259375|1396, 259375|2131, 259376|2163, 259376|2374, 259377|2401, 259377|3257, 259378|3305, 259379|3339, 259379|4010, com.android.chrome/org.chromium.chrome.browser.customtabs.PaymentHandlerActivity, 
259379|1, 259379|511, 259381|600, 259381|841, 259382|867, 259382|1064, 259383|1105, 259383|1843, 259384|1879, 259384|2083, 259385|2112, 259385|4012, com.android.chrome/org.chromium.chrome.browser.sync.ui.PassphraseActivity, 
259385|1, 259385|843, 259392|961, 259395|1006, 259395|1038, 259398|1069, 259401|1150, 259402|1210, 259404|1250, 259404|1410, 259405|1448, 259405|2152, 259406|2235, 259406|2405, 259407|2424, 259407|3121, 259408|3174, 259409|3204, 259409|4023, com.android.chrome/org.chromium.chrome.browser.customtabs.PaymentHandlerActivity, 
259409|1, 259409|862, 259411|915, 259412|1002, 259418|1040, 259421|1068, 259421|1129, 259424|1166, 259427|1218, 259427|1302, 259430|1363, 259430|1547, 259431|1577, 259431|2293, 259432|2319, 259432|2552, 259433|2575, 259433|3220, 259434|3276, 259435|3307, 259435|4021, com.android.chrome/org.chromium.chrome.browser.customtabs.PaymentHandlerActivity, 
259435|1, 259435|818, 259442|885, 259445|929, 259448|969, 259450|1020, 259451|1075, 259451|1125, 259452|1154, 259452|1362, 259453|1394, 259453|1963, 259457|1997, 259457|2080, 259458|2138, 259458|2354, 259459|2388, 259459|3200, 259461|3235, 259461|4023, com.android.chrome/org.chromium.chrome.browser.customtabs.CustomTabActivity, 
259461|1, 259461|612, 259463|676, 259463|935, 259464|969, 259464|1164, 259465|1183, 259465|1940, 259466|1977, 259466|2179, 259467|2201, 259467|4017, com.android.chrome/org.chromium.chrome.browser.sync.ui.PassphraseActivity, 
259467|1, 259467|498, 259471|547, 259473|600, 259473|871, 259474|901, 259474|1127, 259475|1147, 259475|1889, 259476|1919, 259476|2137, 259477|2159, 259477|4001, com.android.chrome/org.chromium.chrome.browser.sync.ui.PassphraseActivity, 
259477|1, 259477|772, 259484|836, 259484|875, 259487|946, 259490|1000, 259493|1068, 259494|1116, 259497|1164, 259497|1339, 259498|1367, 259498|2097, 259499|2138, 259499|2321, 259500|2350, 259500|3144, 259502|3203, 259502|4019, com.android.chrome/org.chromium.chrome.browser.customtabs.PaymentHandlerActivity, 
259502|1, 259502|832, 259504|897, 259509|940, 259512|990, 259515|1045, 259518|1084, 259518|1175, 259519|1203, 259519|1410, 259520|1459, 259520|2021, 259522|2055, 259522|2194, 259523|2216, 259523|2402, 259524|2436, 259524|3135, 259526|3238, 259526|4012, com.android.chrome/org.chromium.chrome.browser.customtabs.CustomTabActivity, 
259526|1, 259526|592, 259528|726, 259528|1025, 259529|1242, 259529|1271, 259530|1301, 259530|2023, 259531|2064, 259531|2272, 259532|2294, 259532|4020, com.android.chrome/org.chromium.chrome.browser.firstrun.FirstRunActivity, 
259532|1, 259532|545, 259536|681, 259538|817, 259538|1077, 259539|1229, 259539|1324, 259540|1359, 259540|2079, 259541|2111, 259541|2305, 259542|2336, 259542|4009, com.android.chrome/org.chromium.chrome.browser.firstrun.FirstRunActivity, 
259542|1, 259542|1115, 259549|1240, 259555|1336, 259559|1408, 259560|1453, 259561|1488, 259565|1545, 259565|1612, 259566|1642, 259566|1699, 259567|1733, 259567|1860, 259568|1893, 259568|2452, 259569|2484, 259569|2606, 259570|2636, 259570|2716, 259571|2763, 259571|2848, 259572|2878, 259572|3129, 259574|3224, 259574|4016, com.android.chrome/org.chromium.chrome.browser.incognito.IncognitoTabLauncher, 
259574|1, 259574|879, 259581|944, 259584|984, 259587|1060, 259590|1136, 259590|1177, 259594|1206, 259595|1255, 259595|1428, 259596|1456, 259596|2186, 259597|2213, 259597|2419, 259598|2456, 259598|3261, 259600|3321, 259600|4013, com.android.chrome/org.chromium.chrome.browser.customtabs.CustomTabActivity, 
259600|1, 259600|648, 259606|707, 259606|958, 259607|1014, 259607|1208, 259608|1250, 259608|1975, 259609|2005, 259609|2228, 259610|2264, 259610|4002, com.android.chrome/org.chromium.chrome.browser.sync.ui.PassphraseActivity, 
259610|1, 259610|554, 259612|618, 259612|872, 259613|896, 259613|1119, 259614|1159, 259614|1870, 259615|1910, 259615|2119, 259616|2140, 259616|4029, com.android.chrome/org.chromium.chrome.browser.sync.ui.PassphraseActivity, 
259616|1, 259616|604, 259618|687, 259618|886, 259619|947, 259619|1169, 259620|1212, 259620|1914, 259621|1946, 259621|2164, 259622|2190, 259622|4014, com.android.chrome/org.chromium.chrome.browser.sync.ui.PassphraseActivity, 
259622|1, 259622|840, 259626|958, 259633|1014, 259633|1046, 259639|1117, 259641|1167, 259641|1279, 259642|1310, 259642|1377, 259644|1408, 259644|1530, 259645|1564, 259645|2267, 259646|2292, 259646|2524, 259647|2551, 259647|3239, 259649|3315, 259649|4022, com.android.chrome/org.chromium.chrome.browser.customtabs.CustomTabActivity, 
259649|1, 259649|571, 259653|624, 259655|673, 259655|957, 259656|997, 259656|1204, 259657|1227, 259657|1959, 259658|1997, 259658|2208, 259659|2230, 259659|4010, com.android.chrome/org.chromium.chrome.browser.sync.ui.PassphraseActivity, 
259659|1, 259659|551, 259661|728, 259661|970, 259662|1001, 259662|1214, 259663|1247, 259663|1969, 259664|1994, 259664|2211, 259665|2251, 259665|4008, com.android.chrome/org.chromium.chrome.browser.firstrun.FirstRunActivity, 
259665|1, 259665|505, 259666|558, 259666|704, 259668|848, 259668|1010, 259669|1163, 259669|1310, 259670|1343, 259670|1368, 259674|1398, 259674|2038, 259675|2082, 259675|2296, 259676|2325, 259676|4004, com.android.chrome/org.chromium.chrome.browser.firstrun.FirstRunActivity, 
259676|1, 259676|800, 259683|898, 259683|932, 259686|973, 259693|1061, 259693|1172, 259696|1211, 259696|1380, 259697|1427, 259697|2161, 259698|2186, 259698|2359, 259699|2392, 259699|3179, 259701|3262, 259701|4009, com.android.chrome/org.chromium.chrome.browser.customtabs.CustomTabActivity, 
259701|1, 259701|1145, 259703|1240, 259713|1412, 259721|1565, 259721|1606, 259722|1648, 259724|1696, 259724|1760, 259725|1791, 259725|1852, 259726|1876, 259726|2001, 259727|2025, 259727|2610, 259728|2637, 259728|2770, 259729|2801, 259729|2831, 259730|2873, 259730|3009, 259731|3046, 259731|3172, 259733|3251, 259733|4012, com.android.chrome/org.chromium.chrome.browser.incognito.IncognitoTabLauncher, 
259733|1, 259733|863, 259735|958, 259740|1014, 259746|1073, 259749|1135, 259749|1218, 259752|1257, 259752|1433, 259753|1468, 259753|2210, 259754|2240, 259754|2438, 259755|2487, 259755|3207, 259757|3282, 259757|4020, com.android.chrome/org.chromium.chrome.browser.customtabs.CustomTabActivity, 
259757|1, 259757|1130, 259759|1236, 259774|1458, 259777|1536, 259777|1568, 259780|1622, 259780|1691, 259781|1720, 259781|1791, 259782|1823, 259782|1938, 259783|1992, 259783|2567, 259784|2614, 259784|2693, 259785|2755, 259785|2804, 259786|2840, 259786|2899, 259787|2948, 259787|3215, 259789|3296, 259789|4007, com.android.chrome/org.chromium.chrome.browser.incognito.IncognitoTabLauncher, 
259789|1, 259789|1163, 259791|1229, 259804|1404, 259807|1466, 259807|1507, 259810|1574, 259810|1638, 259811|1661, 259811|1746, 259812|1777, 259812|1897, 259813|1936, 259813|2502, 259814|2524, 259814|2650, 259815|2693, 259815|2743, 259816|2782, 259816|2886, 259817|2913, 259817|3219, 259819|3292, 259819|4032, com.android.chrome/org.chromium.chrome.browser.incognito.IncognitoTabLauncher, 
