83|1, 81|431, 81|796, 87|929, 87|1112, 89|1206, 89|1390, 90|1437, 90|4007, com.android.chrome/org.chromium.chrome.browser.customtabs.PaymentHandlerActivity, 
90|1, 88|393, 88|651, 91|749, 93|776, 93|970, 94|1032, 95|1063, 95|1301, 96|1341, 96|4031, com.android.chrome/org.chromium.chrome.browser.sync.ui.PassphraseActivity, 
96|1, 96|293, 94|341, 92|384, 92|522, 90|581, 90|1158, 96|1245, 100|1443, 101|1533, 101|1565, 102|1637, 103|1674, 103|1704, 104|1739, 104|1894, 105|1930, 105|4008, com.android.chrome/org.chromium.chrome.browser.incognito.IncognitoTabLauncher, 
101|1, 101|676, 103|733, 104|777, 104|959, 105|1021, 106|1072, 106|1278, 107|1328, 107|4008, com.android.chrome/org.chromium.chrome.browser.sync.ui.PassphraseActivity, 
103|1, 103|742, 106|834, 109|896, 109|995, 110|1090, 111|1132, 111|1361, 112|1400, 112|3834, 110|3870, 110|4007, com.android.chrome/org.chromium.chrome.browser.customtabs.PaymentHandlerActivity, 
109|1, 109|857, 112|941, 115|1024, 115|1123, 117|1230, 117|1425, 118|1463, 118|3592, 116|3627, 116|3697, 114|3736, 114|4008, com.android.chrome/org.chromium.chrome.browser.customtabs.CustomTabActivity, 
114|1, 114|925, 116|985, 120|1078, 120|1212, 121|1246, 121|1291, 122|1328, 122|1500, 123|1540, 123|4017, com.android.chrome/org.chromium.chrome.browser.customtabs.CustomTabActivity, 
119|1, 119|837, 122|929, 125|1038, 125|1132, 126|1196, 127|1235, 127|1434, 128|1469, 128|3505, 126|3528, 126|3560, 124|3593, 124|4012, com.android.chrome/org.chromium.chrome.browser.customtabs.PaymentHandlerActivity, 
124|1, 124|999, 126|1097, 132|1216, 132|1298, 136|1430, 137|1521, 137|1547, 138|1572, 138|1620, 139|1659, 139|1692, 140|1724, 140|1848, 141|1892, 139|4003, com.android.chrome/org.chromium.chrome.browser.incognito.IncognitoTabLauncher, 
135|1, 135|1175, 138|1239, 144|1423, 146|1563, 146|1644, 147|1689, 148|1725, 148|1775, 149|1802, 149|1926, 150|1979, 150|2382, 151|2426, 151|3540, 149|3600, 149|4007, com.android.chrome/org.chromium.chrome.browser.incognito.IncognitoTabLauncher, 
149|1, 149|848, 154|964, 157|1026, 157|1100, 158|1189, 158|1229, 159|1270, 159|1476, 160|1512, 160|3483, 158|3504, 158|3525, 156|3552, 156|4023, com.android.chrome/org.chromium.chrome.browser.customtabs.CustomTabActivity, 
156|1, 156|548, 162|684, 162|912, 164|1078, 164|1208, 165|1241, 165|3509, 163|3538, 163|3602, 161|3626, 161|4052, com.android.chrome/org.chromium.chrome.browser.firstrun.FirstRunActivity, 
161|1, 161|644, 162|744, 165|777, 165|987, 166|1019, 166|1049, 167|1084, 167|1290, 168|1327, 168|3810, 167|3834, 166|3871, 164|3905, 164|4032, com.android.chrome/org.chromium.chrome.browser.sync.ui.PassphraseActivity, 
164|1, 164|650, 167|766, 170|861, 170|1030, 172|1240, 172|1381, 173|1411, 173|3833, 171|3865, 171|3912, 169|3933, 169|4034, com.android.chrome/org.chromium.chrome.browser.firstrun.FirstRunActivity, 
169|1, 169|849, 172|940, 172|1096, 174|1252, 174|1400, 175|1435, 175|2303, 176|2347, 176|2647, 178|2685, 180|2717, 180|2788, 184|2856, 184|3006, 186|3052, 186|4021, com.android.chrome/org.chromium.chrome.browser.firstrun.FirstRunActivity, 
178|1, 178|823, 184|881, 184|1027, 185|1132, 186|1171, 186|1389, 187|1427, 187|3525, 189|3554, 189|3672, 190|3697, 190|4025, com.android.chrome/org.chromium.chrome.browser.customtabs.PaymentHandlerActivity, 
184|1, 184|220, 185|261, 185|811, 187|877, 191|958, 191|986, 190|1037, 190|1106, 192|1187, 192|1416, 193|1453, 193|3959, 192|3980, 189|4020, com.android.chrome/org.chromium.chrome.browser.customtabs.PaymentHandlerActivity, 
187|1, 187|180, 189|223, 189|326, 190|352, 190|476, 191|545, 191|752, 192|821, 192|897, 198|952, 198|1108, 199|1172, 197|1201, 198|1232, 198|1439, 199|1472, 199|1606, 193|1630, 193|2032, 192|2053, 192|3043, 191|3068, 191|3739, 189|3760, 189|3821, 187|3853, 187|4014, com.android.chrome/org.chromium.chrome.browser.customtabs.CustomTabActivity, 
188|1, 188|723, 190|796, 190|1007, 189|1099, 190|1206, 196|1270, 198|1441, 197|1510, 198|1543, 198|1581, 199|1650, 200|1689, 200|1772, 201|1818, 201|1862, 200|1887, 200|1924, 201|1960, 201|2973, 200|2996, 200|3825, 198|3850, 198|4023, com.android.chrome/org.chromium.chrome.browser.incognito.IncognitoTabLauncher, 
198|1, 198|697, 199|837, 202|933, 202|1413, 203|1474, 202|1547, 202|1784, 201|1827, 201|2131, 200|2190, 200|2802, 199|2821, 199|3735, 197|3765, 197|3866, 195|3911, 195|4004, com.android.chrome/org.chromium.chrome.browser.firstrun.FirstRunActivity, 
195|1, 195|576, 192|630, 192|870, 194|932, 200|996, 199|1057, 199|1206, 200|1233, 200|1269, 201|1310, 201|1488, 202|1522, 202|3934, 200|3960, 200|4002, com.android.chrome/org.chromium.chrome.browser.customtabs.PaymentHandlerActivity, 
200|1, 200|320, 197|371, 197|767, 196|791, 196|1165, 197|1234, 199|1364, 202|1534, 203|1595, 204|1635, 204|1665, 205|1699, 205|1733, 206|1758, 206|1870, 207|1897, 207|1983, 208|2018, 208|3866, 206|3890, 204|3922, 204|4008, com.android.chrome/org.chromium.chrome.browser.incognito.IncognitoTabLauncher, 
204|1, 204|567, 201|654, 204|795, 204|973, 201|1035, 202|1265, 203|1305, 203|1421, 202|1490, 202|2093, 200|2121, 200|2308, 199|2339, 197|4012, com.android.chrome/org.chromium.chrome.browser.firstrun.FirstRunActivity, 
195|1, 195|295, 192|322, 192|606, 194|772, 197|858, 197|1042, 199|1199, 199|1391, 200|1425, 200|2140, 199|2164, 199|3386, 198|3410, 196|4020, com.android.chrome/org.chromium.chrome.browser.firstrun.FirstRunActivity, 
194|1, 191|173, 191|548, 190|583, 189|641, 189|1054, 190|1117, 190|1176, 196|1264, 196|1403, 200|1487, 201|1538, 201|1645, 202|1684, 202|1710, 203|1735, 204|1770, 204|1958, 205|1982, 205|2022, 204|2052, 204|2797, 203|2830, 203|3845, 202|3867, 201|3896, 201|3966, 200|3986, 200|4009, com.android.chrome/org.chromium.chrome.browser.incognito.IncognitoTabLauncher, 
191|1, 191|858, 197|963, 197|1059, 198|1146, 199|1201, 199|1395, 200|1430, 200|3744, 198|3779, 198|3861, 196|3893, 196|4036, com.android.chrome/org.chromium.chrome.browser.customtabs.PaymentHandlerActivity, 
192|1, 191|198, 191|603, 194|704, 194|904, 195|933, 195|978, 196|1021, 196|1211, 197|1246, 197|3849, 195|3879, 195|3910, 191|3942, 191|4005, com.android.chrome/org.chromium.chrome.browser.sync.ui.PassphraseActivity, 
190|1, 190|227, 187|277, 187|848, 193|965, 193|1082, 194|1146, 195|1226, 195|1428, 196|1461, 196|1705, 195|1736, 195|3657, 194|3679, 194|4013, com.android.chrome/org.chromium.chrome.browser.customtabs.PaymentHandlerActivity, 
186|1, 184|99, 183|128, 183|922, 185|1016, 191|1070, 191|1278, 192|1332, 193|1387, 193|1577, 194|1607, 194|3814, 192|3835, 192|4024, com.android.chrome/org.chromium.chrome.browser.customtabs.PaymentHandlerActivity, 
191|1, 191|254, 186|287, 186|634, 184|760, 184|810, 190|910, 190|1097, 191|1148, 192|1176, 192|1388, 193|1421, 193|3743, 191|3778, 191|3880, 189|3913, 189|4014, com.android.chrome/org.chromium.chrome.browser.customtabs.CustomTabActivity, 
186|1, 185|136, 185|625, 188|720, 188|909, 189|944, 189|987, 190|1015, 190|1235, 191|1260, 191|3945, 190|3966, 190|4001, com.android.chrome/org.chromium.chrome.browser.sync.ui.PassphraseActivity, 
184|1, 182|115, 182|354, 181|389, 181|540, 183|577, 186|643, 186|886, 187|912, 188|943, 188|1190, 189|1214, 189|1933, 188|1962, 188|4010, com.android.chrome/org.chromium.chrome.browser.sync.ui.PassphraseActivity, 
183|1, 183|141, 180|186, 180|778, 183|855, 186|905, 186|1031, 187|1096, 188|1148, 188|1378, 189|1405, 189|1959, 188|1985, 188|3875, 186|3911, 186|4017, com.android.chrome/org.chromium.chrome.browser.customtabs.PaymentHandlerActivity, 
185|1, 185|344, 182|392, 182|917, 188|980, 188|1165, 189|1194, 189|1242, 190|1278, 190|1450, 191|1492, 191|2096, 190|2124, 190|4008, com.android.chrome/org.chromium.chrome.browser.customtabs.CustomTabActivity, 
186|1, 186|175, 183|199, 183|621, 182|747, 185|871, 185|1019, 186|1064, 186|1095, 187|1228, 187|1341, 188|1373, 188|2234, 187|2259, 187|4017, com.android.chrome/org.chromium.chrome.browser.firstrun.FirstRunActivity, 
181|1, 181|370, 178|392, 178|671, 176|816, 179|923, 179|1028, 180|1246, 180|1362, 181|1395, 181|2192, 180|2211, 180|4006, com.android.chrome/org.chromium.chrome.browser.firstrun.FirstRunActivity, 
176|1, 176|484, 172|540, 172|951, 168|1003, 169|1117, 174|1230, 175|1354, 178|1425, 179|1478, 179|1510, 180|1567, 181|1616, 181|1645, 182|1670, 182|1762, 183|1794, 183|1881, 184|1923, 184|2162, 183|2207, 183|3790, 181|3821, 181|4023, com.android.chrome/org.chromium.chrome.browser.incognito.IncognitoTabLauncher, 
181|1, 181|376, 178|425, 178|820, 177|899, 183|986, 183|1175, 184|1224, 184|1249, 185|1297, 185|1476, 186|1504, 186|2311, 185|2366, 185|3736, 183|3772, 183|3808, 181|3837, 181|4015, com.android.chrome/org.chromium.chrome.browser.customtabs.CustomTabActivity, 
180|1, 178|105, 178|517, 176|553, 176|674, 178|718, 181|796, 181|956, 182|983, 183|1045, 183|1272, 184|1321, 184|3904, 180|3939, 180|4008, com.android.chrome/org.chromium.chrome.browser.sync.ui.PassphraseActivity, 
178|1, 178|333, 175|355, 175|577, 178|645, 178|845, 179|902, 179|927, 180|955, 180|1147, 181|1184, 181|4017, com.android.chrome/org.chromium.chrome.browser.sync.ui.PassphraseActivity, 
177|1, 177|97, 174|124, 174|525, 172|566, 172|630, 175|696, 175|907, 176|967, 177|997, 177|1193, 178|1239, 178|3805, 176|3844, 176|4006, com.android.chrome/org.chromium.chrome.browser.sync.ui.PassphraseActivity, 
175|1, 175|319, 173|363, 173|741, 172|843, 174|980, 180|1055, 180|1262, 181|1319, 182|1347, 182|1488, 181|1521, 181|1568, 182|1606, 182|1706, 181|1751, 180|1789, 180|2130, 179|2152, 178|2177, 178|3793, 176|3814, 176|3880, 174|3917, 174|4007, com.android.chrome/org.chromium.chrome.browser.customtabs.CustomTabActivity, 
174|1, 172|117, 172|456, 170|487, 170|598, 172|653, 175|705, 175|939, 176|984, 177|1029, 177|1241, 178|1263, 178|2187, 177|2214, 177|2887, 176|2907, 176|4016, com.android.chrome/org.chromium.chrome.browser.sync.ui.PassphraseActivity, 
172|1, 170|155, 170|309, 167|339, 167|696, 169|813, 169|935, 170|1003, 171|1047, 171|1259, 172|1295, 172|2255, 171|2296, 168|4003, com.android.chrome/org.chromium.chrome.browser.firstrun.FirstRunActivity, 
166|1, 166|143, 165|170, 165|525, 167|573, 165|636, 165|727, 168|843, 169|942, 169|978, 168|1005, 168|1045, 169|1105, 170|1324, 170|1349, 171|1382, 171|2115, 172|2156, 172|2253, 171|2308, 171|3875, 167|3896, 167|4006, com.android.chrome/org.chromium.chrome.browser.firstrun.FirstRunActivity, 
167|1, 167|309, 165|339, 165|721, 160|802, 160|829, 162|923, 166|984, 166|1027, 167|1102, 168|1166, 166|1208, 166|1228, 167|1256, 167|1435, 168|1478, 168|2287, 167|2319, 167|3714, 165|3745, 165|4021, com.android.chrome/org.chromium.chrome.browser.customtabs.CustomTabActivity, 
165|1, 163|107, 163|486, 160|506, 160|1172, 163|1271, 169|1426, 172|1592, 173|1646, 174|1687, 174|1738, 175|1772, 175|1899, 176|1922, 176|2043, 177|2071, 177|2390, 176|2413, 176|3055, 175|3084, 175|3252, 174|3341, 174|3747, 172|3768, 172|4019, com.android.chrome/org.chromium.chrome.browser.incognito.IncognitoTabLauncher, 
172|1, 172|308, 169|330, 169|689, 168|783, 168|904, 170|981, 174|1068, 174|1173, 175|1252, 176|1309, 176|1487, 177|1520, 177|2264, 176|2293, 176|4015, com.android.chrome/org.chromium.chrome.browser.customtabs.CustomTabActivity, 
170|1, 170|473, 167|513, 167|842, 162|928, 162|1167, 165|1238, 173|1460, 174|1574, 174|1612, 175|1656, 176|1711, 176|1738, 177|1763, 177|1865, 178|1897, 178|1982, 179|2023, 179|2192, 178|2220, 178|3738, 176|3766, 176|3803, 174|3829, 174|4009, com.android.chrome/org.chromium.chrome.browser.incognito.IncognitoTabLauncher, 
173|1, 173|188, 171|231, 171|604, 170|657, 170|1198, 171|1259, 176|1394, 179|1508, 180|1554, 181|1612, 182|1685, 182|1712, 183|1736, 183|1795, 184|1825, 184|1942, 185|1982, 185|3721, 183|3747, 183|4004, com.android.chrome/org.chromium.chrome.browser.incognito.IncognitoTabLauncher, 
