37224513|1, 37224513|423, 37225274|550, 37225482|648, 37226210|730, 37226402|834, 37226649|891, 37226649|1020, 37226709|1062, 37226709|1495, 37226789|1519, 37226789|1724, 37226869|1775, 37226869|1805, 37226929|1856, 37226929|2031, 37226989|2063, 37226989|2642, 37227093|2707, 37227093|4211, com.android.chrome/org.chromium.chrome.browser.customtabs.PaymentHandlerActivity, 
37227093|1, 37227093|377, 37227173|414, 37227173|608, 37227253|670, 37227313|701, 37227313|940, 37227373|979, 37227373|1386, 37227453|1421, 37227453|1627, 37227533|1665, 37227593|1702, 37227593|1921, 37227653|1949, 37227653|4007, com.android.chrome/org.chromium.chrome.browser.sync.ui.PassphraseActivity, 
37227653|1, 37227653|910, 37227733|983, 37229295|1184, 37229622|1284, 37229622|1317, 37229845|1389, 37229845|1425, 37229905|1456, 37229965|1491, 37229965|1647, 37230025|1682, 37230025|1925, 37230105|1951, 37230105|2111, 37230185|2149, 37230185|2184, 37230265|2207, 37230265|2229, 37230325|2253, 37230325|2362, 37230405|2402, 37230465|2440, 37230465|2469, 37230525|2493, 37230525|2665, 37230585|2692, 37230585|2912, 37230637|2982, 37230637|3156, 37230689|3187, 37230793|3219, 37230793|4029, com.android.chrome/org.chromium.chrome.browser.incognito.IncognitoTabLauncher, 
37230793|1, 37230793|438, 37230873|478, 37230873|665, 37230953|726, 37231013|778, 37231013|983, 37231073|1033, 37231073|1422, 37231153|1454, 37231153|1677, 37231233|1710, 37231233|1739, 37231293|1761, 37231293|1976, 37231353|2008, 37231353|4019, com.android.chrome/org.chromium.chrome.browser.sync.ui.PassphraseActivity, 
37231353|1, 37231353|326, 37231405|457, 37231485|543, 37232166|611, 37232322|655, 37232967|709, 37233234|799, 37233294|847, 37233346|873, 37233437|902, 37233489|945, 37233489|1076, 37233549|1115, 37233549|1365, 37233601|1390, 37233601|1534, 37233681|1558, 37233681|1757, 37233761|1787, 37233761|1816, 37233821|1847, 37233821|2064, 37233881|2084, 37233881|2296, 37233933|2329, 37233933|3082, 37234037|3136, 37234037|4011, com.android.chrome/org.chromium.chrome.browser.customtabs.PaymentHandlerActivity, 
37234089|1, 37234089|585, 37234169|667, 37234850|750, 37235058|798, 37235651|848, 37235978|944, 37236121|1026, 37236121|1152, 37236181|1189, 37236181|1623, 37236261|1665, 37236261|1848, 37236341|1870, 37236341|1895, 37236401|1937, 37236401|2162, 37236461|2192, 37236461|2993, 37236565|3087, 37236565|3375, 37236617|3398, 37236617|4011, com.android.chrome/org.chromium.chrome.browser.customtabs.CustomTabActivity, 
37236617|1, 37236617|711, 37237378|808, 37237534|853, 37238127|896, 37238262|943, 37238342|976, 37238342|1022, 37238545|1059, 37238545|1232, 37238605|1271, 37238605|1714, 37238685|1738, 37238685|1964, 37238765|2009, 37238825|2040, 37238825|2237, 37238885|2274, 37238885|3038, 37238989|3137, 37238989|4008, com.android.chrome/org.chromium.chrome.browser.customtabs.CustomTabActivity, 
37238989|1, 37238989|602, 37239069|681, 37239750|798, 37240499|877, 37240766|960, 37240826|1001, 37240826|1077, 37240903|1119, 37240943|1154, 37240943|1200, 37241003|1234, 37241003|1656, 37241290|1723, 37241290|1779, 37241342|1801, 37241342|1892, 37241422|1916, 37241422|1962, 37241482|2006, 37241482|2202, 37241542|2224, 37241542|3123, 37241646|3155, 37241646|4015, com.android.chrome/org.chromium.chrome.browser.customtabs.PaymentHandlerActivity, 
37241646|1, 37241646|880, 37242407|1000, 37242563|1078, 37243503|1209, 37243563|1302, 37243563|1332, 37243643|1356, 37243643|1405, 37243703|1443, 37243703|1477, 37243763|1508, 37243763|1632, 37243966|1675, 37243966|1918, 37244046|1954, 37244046|2081, 37244126|2108, 37244126|2188, 37244206|2222, 37244206|2244, 37244266|2269, 37244266|2337, 37244346|2374, 37244346|2396, 37244406|2426, 37244406|2457, 37244466|2497, 37244466|2614, 37244526|2655, 37244526|3019, 37244630|3097, 37244630|4004, com.android.chrome/org.chromium.chrome.browser.incognito.IncognitoTabLauncher, 
37244630|1, 37244630|987, 37245547|1150, 37246547|1324, 37246690|1372, 37246690|1406, 37246770|1447, 37246830|1485, 37246830|1537, 37246890|1562, 37246890|1686, 37246950|1729, 37246950|1969, 37247030|2005, 37247030|2144, 37247110|2186, 37247110|2235, 37247190|2265, 37247250|2307, 37247250|2416, 37247330|2437, 37247330|2471, 37247390|2518, 37247450|2550, 37247450|2706, 37247510|2731, 37247510|3033, 37247562|3073, 37247614|3136, 37247614|4017, com.android.chrome/org.chromium.chrome.browser.incognito.IncognitoTabLauncher, 
37247614|1, 37247614|623, 37247694|736, 37248375|801, 37248531|840, 37249124|875, 37249311|963, 37249391|1005, 37249594|1045, 37249594|1251, 37249654|1286, 37249654|1703, 37249734|1731, 37249734|1929, 37249814|1970, 37249814|2006, 37249874|2041, 37249874|2256, 37249934|2292, 37249934|3024, 37250038|3109, 37250038|3146, 37250090|3174, 37250090|4021, com.android.chrome/org.chromium.chrome.browser.customtabs.CustomTabActivity, 
37250090|1, 37250090|370, 37250170|502, 37250250|575, 37250250|741, 37250390|881, 37250390|1037, 37250450|1069, 37250450|1487, 37250530|1510, 37250530|1741, 37250610|1763, 37250610|1811, 37250670|1846, 37250670|2047, 37250730|2069, 37250730|4036, com.android.chrome/org.chromium.chrome.browser.firstrun.FirstRunActivity, 
37250730|1, 37250730|443, 37250810|543, 37250890|576, 37250890|787, 37250970|818, 37250970|848, 37251030|883, 37251030|1090, 37251090|1126, 37251090|1517, 37251170|1563, 37251170|1805, 37251250|1836, 37251310|1867, 37251310|2087, 37251370|2113, 37251370|4005, com.android.chrome/org.chromium.chrome.browser.sync.ui.PassphraseActivity, 
37251370|1, 37251370|452, 37251450|564, 37251530|669, 37251530|839, 37251670|1049, 37251670|1191, 37251730|1220, 37251730|1633, 37251810|1670, 37251810|1885, 37251890|1913, 37251890|1964, 37251950|1985, 37251950|2199, 37252010|2231, 37252010|4006, com.android.chrome/org.chromium.chrome.browser.firstrun.FirstRunActivity, 
37252010|1, 37252010|591, 37252090|669, 37252090|838, 37252230|993, 37252230|1142, 37252290|1167, 37252290|1603, 37252370|1625, 37252370|1837, 37252450|1872, 37252450|1909, 37252510|1941, 37252510|2044, 37252622|2087, 37252622|2147, 37252682|2171, 37252682|2212, 37252950|2258, 37253054|2285, 37253054|2425, 37253214|2458, 37253214|2483, 37253454|2523, 37253574|2596, 37253574|2747, 37253634|2782, 37255730|2828, 37255770|2860, 37255770|2920, 37255850|2968, 37255930|3062, 37255930|4009, com.android.chrome/org.chromium.chrome.browser.firstrun.FirstRunActivity, 
37255930|1, 37255930|633, 37256691|695, 37256847|747, 37257627|841, 37257707|938, 37257910|984, 37257910|1205, 37257970|1241, 37257970|1653, 37258050|1675, 37258050|1896, 37258130|1926, 37258130|1959, 37258190|1983, 37258190|2200, 37258250|2230, 37258250|3077, 37258354|3142, 37258354|3488, 37258414|3512, 37258454|3553, 37258454|3591, 37259271|3627, 37259363|3655, 37259363|3807, 37259403|3839, 37259403|4045, com.android.chrome/org.chromium.chrome.browser.customtabs.PaymentHandlerActivity, 
37259403|1, 37259403|34, 37259463|73, 37261368|111, 37261500|157, 37261500|683, 37261640|767, 37262261|800, 37262417|847, 37263197|918, 37263337|1000, 37263337|1230, 37263397|1266, 37263397|1688, 37263477|1715, 37263477|1809, 37263620|1858, 37263620|1901, 37263700|1942, 37263700|1982, 37263760|2019, 37263760|2230, 37263820|2259, 37263820|3017, 37263924|3113, 37263924|4009, com.android.chrome/org.chromium.chrome.browser.customtabs.PaymentHandlerActivity, 
37263924|1, 37263924|34, 37264004|75, 37264004|179, 37264064|205, 37265449|253, 37265895|329, 37265975|398, 37265975|469, 37266401|603, 37266481|668, 37266481|747, 37267482|803, 37267848|849, 37267952|895, 37267952|954, 37268677|1025, 37268812|1054, 37268992|1085, 37269044|1125, 37269044|1165, 37269200|1192, 37269291|1227, 37269291|1292, 37269351|1324, 37269351|1756, 37269431|1783, 37269483|1808, 37269483|1989, 37269563|2031, 37269563|2059, 37269623|2079, 37269623|2312, 37269683|2334, 37269683|3068, 37269787|3178, 37269787|4014, com.android.chrome/org.chromium.chrome.browser.customtabs.CustomTabActivity, 
37269787|1, 37269787|914, 37269867|1020, 37270628|1083, 37271457|1246, 37271724|1325, 37271784|1359, 37271784|1392, 37272007|1462, 37272067|1502, 37272067|1587, 37272127|1630, 37272127|1740, 37272187|1775, 37272187|2031, 37272267|2071, 37272267|2182, 37272347|2207, 37272347|2277, 37272427|2314, 37272427|2345, 37272487|2369, 37272487|2425, 37272567|2458, 37272567|2487, 37272627|2518, 37272627|2586, 37272687|2630, 37272687|2712, 37272747|2751, 37272747|3045, 37272851|3136, 37272851|4002, com.android.chrome/org.chromium.chrome.browser.incognito.IncognitoTabLauncher, 
37272851|1, 37272851|529, 37272931|667, 37273011|765, 37273011|879, 37273091|1101, 37273151|1203, 37273151|1238, 37273211|1305, 37273211|1708, 37273291|1762, 37273291|1964, 37273371|2022, 37273431|2066, 37273431|2271, 37273491|2326, 37273491|4013, com.android.chrome/org.chromium.chrome.browser.firstrun.FirstRunActivity, 
37273491|1, 37273491|775, 37274252|839, 37274408|900, 37275001|982, 37275188|1049, 37275268|1077, 37275268|1109, 37275471|1154, 37275471|1333, 37275531|1365, 37275531|1804, 37275611|1838, 37275611|2039, 37275691|2078, 37275751|2129, 37275751|2341, 37275811|2376, 37275811|3064, 37275915|3210, 37275915|4007, com.android.chrome/org.chromium.chrome.browser.customtabs.PaymentHandlerActivity, 
37275915|1, 37275915|1107, 37276756|1259, 37277585|1415, 37277852|1486, 37277912|1532, 37277912|1562, 37278044|1593, 37278135|1629, 37278195|1653, 37278195|1767, 37278255|1793, 37278255|1880, 37278315|1914, 37278315|2225, 37278395|2257, 37278395|2332, 37278475|2354, 37278475|2462, 37278555|2485, 37278555|2514, 37278615|2549, 37278615|2574, 37278695|2595, 37278695|2614, 37278755|2645, 37278755|2770, 37278815|2804, 37278815|2881, 37278875|2907, 37278875|3106, 37278979|3158, 37278979|4027, com.android.chrome/org.chromium.chrome.browser.incognito.IncognitoTabLauncher, 
37278979|1, 37278979|524, 37279059|656, 37279059|842, 37279139|904, 37279199|1126, 37279259|1174, 37279259|1617, 37279339|1662, 37279339|1858, 37279419|1901, 37279479|1962, 37279479|2145, 37279539|2177, 37279539|4023, com.android.chrome/org.chromium.chrome.browser.firstrun.FirstRunActivity, 
37279539|1, 37279539|497, 37279619|652, 37279699|748, 37279699|890, 37279839|1089, 37279839|1281, 37279899|1315, 37279899|1724, 37279979|1754, 37279979|1984, 37280059|2030, 37280119|2054, 37280119|2257, 37280179|2294, 37280179|4024, com.android.chrome/org.chromium.chrome.browser.firstrun.FirstRunActivity, 
37280179|1, 37280179|896, 37280259|959, 37280259|1019, 37280399|1090, 37281769|1238, 37282116|1326, 37282176|1380, 37282319|1415, 37282319|1487, 37282399|1526, 37282399|1553, 37282459|1577, 37282519|1612, 37282519|1801, 37282579|1824, 37282579|2007, 37282659|2046, 37282659|2266, 37282819|2303, 37282879|2341, 37282879|2512, 37282959|2541, 37282959|2564, 37283079|2597, 37283079|2807, 37283139|2833, 37283139|3074, 37283243|3164, 37283243|4019, com.android.chrome/org.chromium.chrome.browser.incognito.IncognitoTabLauncher, 
37283243|1, 37283243|751, 37284004|851, 37284753|960, 37285020|1043, 37285080|1103, 37285223|1148, 37285223|1332, 37285283|1373, 37285283|1791, 37285363|1816, 37285363|2030, 37285443|2062, 37285503|2102, 37285503|2314, 37285563|2342, 37285563|3238, 37285667|3280, 37285667|4013, com.android.chrome/org.chromium.chrome.browser.customtabs.PaymentHandlerActivity, 
37285667|1, 37285667|417, 37285747|516, 37285747|695, 37285827|746, 37285827|791, 37285887|826, 37285887|1024, 37285947|1059, 37285947|1468, 37286027|1505, 37286027|1728, 37286107|1765, 37286167|1804, 37286167|2033, 37286227|2075, 37286227|4001, com.android.chrome/org.chromium.chrome.browser.sync.ui.PassphraseActivity, 
37286227|1, 37286227|759, 37286307|867, 37286988|926, 37287144|965, 37287737|993, 37287924|1056, 37288064|1137, 37288207|1168, 37288207|1340, 37288267|1371, 37288267|1817, 37288347|1863, 37288347|2037, 37288427|2074, 37288487|2125, 37288487|2355, 37288547|2376, 37288547|3089, 37288651|3132, 37288651|4023, com.android.chrome/org.chromium.chrome.browser.customtabs.PaymentHandlerActivity, 
37288651|1, 37288651|920, 37289412|979, 37289412|1003, 37289568|1057, 37289568|1097, 37290348|1141, 37290348|1187, 37290428|1235, 37290631|1296, 37290631|1487, 37290691|1512, 37290691|1935, 37290771|1964, 37290771|2184, 37290851|2214, 37290851|2254, 37290911|2291, 37290911|2495, 37290971|2516, 37290971|3200, 37291075|3247, 37291075|4035, com.android.chrome/org.chromium.chrome.browser.customtabs.PaymentHandlerActivity, 
37291075|1, 37291075|713, 37291836|811, 37291992|856, 37292585|899, 37292720|936, 37292772|1000, 37292852|1051, 37292912|1079, 37292912|1292, 37292972|1324, 37292972|1773, 37293052|1798, 37293052|1890, 37293299|1925, 37293299|2006, 37293379|2040, 37293439|2096, 37293439|2312, 37293499|2347, 37293499|3105, 37293603|3163, 37293603|4014, com.android.chrome/org.chromium.chrome.browser.customtabs.CustomTabActivity, 
37293603|1, 37293603|594, 37293683|664, 37293683|791, 37293763|826, 37293763|870, 37293823|897, 37293823|1118, 37293883|1142, 37293883|1574, 37293963|1602, 37293963|1804, 37294043|1828, 37294043|1869, 37294103|1906, 37294103|2114, 37294163|2134, 37294163|4017, com.android.chrome/org.chromium.chrome.browser.sync.ui.PassphraseActivity, 
37294163|1, 37294163|535, 37294243|562, 37294243|779, 37294323|805, 37294323|834, 37294383|873, 37294383|1083, 37294443|1106, 37294443|1537, 37294523|1575, 37294523|1782, 37294603|1805, 37294603|1826, 37294663|1854, 37294663|2063, 37294723|2095, 37294723|4045, com.android.chrome/org.chromium.chrome.browser.sync.ui.PassphraseActivity, 
37294723|1, 37294723|672, 37294803|748, 37295484|799, 37295640|861, 37296233|923, 37296420|980, 37296560|1042, 37296560|1085, 37296767|1140, 37296767|1272, 37296827|1299, 37296827|1734, 37296907|1758, 37296907|1952, 37296987|1988, 37296987|2029, 37297047|2065, 37297047|2280, 37297107|2313, 37297107|3106, 37297211|3171, 37297211|4020, com.android.chrome/org.chromium.chrome.browser.customtabs.PaymentHandlerActivity, 
37297211|1, 37297211|807, 37297972|870, 37297972|906, 37298721|963, 37298908|1009, 37298908|1054, 37298988|1084, 37298988|1132, 37299048|1167, 37299048|1337, 37299108|1382, 37299108|1835, 37299188|1857, 37299188|1954, 37299331|1985, 37299331|2043, 37299411|2097, 37299411|2127, 37299471|2148, 37299471|2363, 37299531|2401, 37299531|3144, 37299635|3213, 37299635|4003, com.android.chrome/org.chromium.chrome.browser.customtabs.CustomTabActivity, 
37299635|1, 37299635|581, 37299715|702, 37299715|855, 37299795|901, 37299795|933, 37299855|1064, 37299855|1179, 37299915|1211, 37299915|1644, 37299995|1667, 37299995|1884, 37300075|1909, 37300075|1934, 37300135|1966, 37300135|2183, 37300195|2204, 37300195|4028, com.android.chrome/org.chromium.chrome.browser.firstrun.FirstRunActivity, 
37300195|1, 37300195|700, 37300275|798, 37300275|920, 37300415|1137, 37300415|1254, 37300475|1287, 37300475|1698, 37300555|1737, 37300555|1947, 37300635|1972, 37300635|2008, 37300695|2039, 37300695|2264, 37300755|2299, 37300755|4013, com.android.chrome/org.chromium.chrome.browser.firstrun.FirstRunActivity, 
37300755|1, 37300755|892, 37300835|994, 37300915|1118, 37301752|1242, 37302560|1312, 37302692|1371, 37302692|1405, 37302999|1457, 37303079|1511, 37303079|1540, 37303139|1564, 37303139|1657, 37303199|1688, 37303199|1776, 37303259|1814, 37303259|2102, 37303339|2129, 37303339|2237, 37303419|2267, 37303419|2338, 37303499|2373, 37303499|2409, 37303559|2433, 37303559|2480, 37303639|2521, 37303639|2561, 37303699|2587, 37303699|2638, 37303759|2680, 37303759|2799, 37303819|2835, 37303819|3044, 37303923|3123, 37303923|4027, com.android.chrome/org.chromium.chrome.browser.incognito.IncognitoTabLauncher, 
37303923|1, 37303923|778, 37304003|877, 37304684|921, 37304840|983, 37305620|1072, 37305700|1121, 37305700|1147, 37306007|1194, 37306007|1374, 37306067|1401, 37306067|1849, 37306147|1881, 37306147|2084, 37306227|2130, 37306227|2159, 37306287|2182, 37306287|2396, 37306347|2436, 37306347|3172, 37306399|3259, 37306451|3294, 37306451|4015, com.android.chrome/org.chromium.chrome.browser.customtabs.CustomTabActivity, 
37306451|1, 37306451|616, 37306531|698, 37306531|858, 37306611|884, 37306671|947, 37306671|1175, 37306731|1221, 37306731|1616, 37306811|1646, 37306811|1872, 37306891|1900, 37306891|1933, 37306951|1970, 37306951|2162, 37307011|2192, 37307011|4023, com.android.chrome/org.chromium.chrome.browser.sync.ui.PassphraseActivity, 
37307011|1, 37307011|455, 37307091|526, 37307091|727, 37307171|784, 37307171|809, 37307231|837, 37307231|1024, 37307291|1065, 37307291|1495, 37307371|1523, 37307371|1742, 37307451|1776, 37307451|1811, 37307511|1851, 37307511|2034, 37307571|2055, 37307571|4006, com.android.chrome/org.chromium.chrome.browser.sync.ui.PassphraseActivity, 
37307571|1, 37307571|538, 37307651|603, 37307651|816, 37307731|874, 37307791|906, 37307791|1102, 37307851|1146, 37307851|1560, 37307931|1593, 37307931|1812, 37308011|1848, 37308011|1879, 37308071|1908, 37308071|2124, 37308131|2158, 37308131|4014, com.android.chrome/org.chromium.chrome.browser.sync.ui.PassphraseActivity, 
37308131|1, 37308131|931, 37308892|982, 37309641|1042, 37309776|1094, 37309776|1149, 37309856|1211, 37309916|1239, 37309916|1340, 37310059|1379, 37310059|1460, 37310119|1498, 37310119|1936, 37310199|1985, 37310199|2163, 37310279|2201, 37310279|2229, 37310339|2260, 37310339|2455, 37310399|2489, 37310399|3161, 37310503|3243, 37310503|4023, com.android.chrome/org.chromium.chrome.browser.customtabs.CustomTabActivity, 
37310503|1, 37310503|594, 37310583|633, 37310583|829, 37310663|871, 37310723|917, 37310723|1130, 37310783|1152, 37310783|1594, 37310863|1634, 37310863|1835, 37310943|1857, 37310943|1881, 37311003|1914, 37311003|2133, 37311063|2155, 37311063|4007, com.android.chrome/org.chromium.chrome.browser.sync.ui.PassphraseActivity, 
37311063|1, 37311063|546, 37311143|675, 37311143|793, 37311223|863, 37311283|911, 37311283|1122, 37311343|1157, 37311343|1579, 37311423|1609, 37311423|1843, 37311503|1876, 37311563|1908, 37311563|2119, 37311623|2159, 37311623|4006, com.android.chrome/org.chromium.chrome.browser.firstrun.FirstRunActivity, 
37311623|1, 37311623|396, 37311703|443, 37311703|595, 37312149|710, 37312229|813, 37312229|876, 37312289|916, 37312549|965, 37312609|1194, 37312609|1221, 37312669|1252, 37312669|1278, 37312761|1304, 37312872|1345, 37312872|1671, 37312952|1703, 37312952|1750, 37313032|1774, 37313032|1913, 37313112|1941, 37313478|1985, 37313618|2027, 37313618|2180, 37313678|2206, 37313750|2229, 37314104|2264, 37314104|2438, 37314164|2485, 37314164|4009, com.android.chrome/org.chromium.chrome.browser.firstrun.FirstRunActivity, 
37314164|1, 37314164|750, 37314925|823, 37315081|863, 37315674|940, 37315941|1005, 37315941|1068, 37316144|1094, 37316144|1274, 37316204|1316, 37316204|1764, 37316284|1786, 37316284|1963, 37316364|2008, 37316364|2056, 37316424|2082, 37316424|2280, 37316484|2318, 37316484|3130, 37316588|3202, 37316588|4029, com.android.chrome/org.chromium.chrome.browser.customtabs.CustomTabActivity, 
37316588|1, 37316588|1070, 37316668|1158, 37317429|1297, 37318258|1462, 37318525|1543, 37318585|1585, 37318728|1636, 37318808|1669, 37318808|1704, 37318868|1732, 37318868|1797, 37318928|1819, 37318928|1969, 37318988|2001, 37318988|2263, 37319068|2287, 37319068|2421, 37319148|2443, 37319148|2496, 37319228|2529, 37319228|2555, 37319288|2576, 37319288|2645, 37319368|2677, 37319368|2713, 37319428|2743, 37319428|2806, 37319488|2856, 37319488|2953, 37319548|2982, 37319548|3151, 37319652|3238, 37319652|4002, com.android.chrome/org.chromium.chrome.browser.incognito.IncognitoTabLauncher, 
37319652|1, 37319652|860, 37320413|949, 37320569|1006, 37321162|1049, 37321429|1132, 37321541|1192, 37321632|1222, 37321632|1372, 37321692|1401, 37321692|1854, 37321772|1886, 37321772|2093, 37321852|2125, 37321852|2177, 37321912|2223, 37321912|2371, 37321972|2413, 37321972|3186, 37322076|3282, 37322076|4004, com.android.chrome/org.chromium.chrome.browser.customtabs.CustomTabActivity, 
37322076|1, 37322076|1116, 37323073|1338, 37323933|1456, 37324013|1494, 37324125|1538, 37324296|1593, 37324296|1620, 37324356|1645, 37324356|1748, 37324416|1778, 37324416|1865, 37324476|1905, 37324476|2194, 37324556|2228, 37324556|2337, 37324636|2373, 37324636|2451, 37324716|2489, 37324776|2526, 37324776|2568, 37324856|2591, 37324856|2617, 37324916|2671, 37324916|2724, 37324976|2763, 37324976|2864, 37325036|2917, 37325036|3144, 37325088|3183, 37325140|3270, 37325140|4033, com.android.chrome/org.chromium.chrome.browser.incognito.IncognitoTabLauncher, 
37325140|1, 37325140|1154, 37326057|1283, 37326917|1402, 37326997|1449, 37327057|1501, 37327280|1580, 37327280|1608, 37327340|1631, 37327340|1690, 37327400|1720, 37327400|1832, 37327460|1877, 37327460|2168, 37327540|2190, 37327540|2304, 37327620|2327, 37327620|2404, 37327700|2442, 37327760|2471, 37327760|2547, 37327840|2588, 37327900|2632, 37327900|2689, 37327960|2722, 37327960|2858, 37328020|2885, 37328020|3145, 37328124|3230, 37328124|4017, com.android.chrome/org.chromium.chrome.browser.incognito.IncognitoTabLauncher, 
