11971757|1, 11971757|716, 11971837|824, 11971837|909, 11971917|1032, 11971917|1748, 11971997|1774, 11971997|1985, 11972077|2033, 11972077|4004, com.android.chrome/org.chromium.chrome.browser.customtabs.PaymentHandlerActivity, 
11972077|1, 11972077|526, 11972157|603, 11972157|795, 11972237|850, 11972237|1601, 11972317|1636, 11972317|1840, 11972397|1880, 11972397|4020, com.android.chrome/org.chromium.chrome.browser.sync.ui.PassphraseActivity, 
11972397|1, 11972397|1058, 11972477|1170, 11972637|1377, 11972637|1474, 11972717|1546, 11972717|2071, 11972797|2100, 11972869|2126, 11972869|2237, 11972949|2265, 11972949|2303, 11973029|2330, 11973029|2509, 11973109|2555, 11973109|4032, com.android.chrome/org.chromium.chrome.browser.incognito.IncognitoTabLauncher, 
11973109|1, 11973109|582, 11973189|634, 11973189|809, 11973269|882, 11973269|1619, 11973349|1646, 11973349|1844, 11973429|1875, 11973429|4007, com.android.chrome/org.chromium.chrome.browser.sync.ui.PassphraseActivity, 
11973429|1, 11973429|645, 11973509|751, 11973509|907, 11973589|996, 11973589|1696, 11973669|1718, 11973669|1941, 11973749|1975, 11973749|4011, com.android.chrome/org.chromium.chrome.browser.customtabs.PaymentHandlerActivity, 
11973749|1, 11973749|754, 11973829|850, 11973829|960, 11973909|1031, 11973909|1744, 11973989|1789, 11973989|2008, 11974069|2033, 11974069|4030, com.android.chrome/org.chromium.chrome.browser.customtabs.CustomTabActivity, 
11974069|1, 11974069|849, 11974149|922, 11974149|1136, 11974229|1177, 11974229|1901, 11974309|1926, 11974309|2117, 11974389|2159, 11974389|4025, com.android.chrome/org.chromium.chrome.browser.customtabs.CustomTabActivity, 
11974389|1, 11974389|750, 11974469|841, 11974469|953, 11974549|1056, 11974549|1801, 11974629|1873, 11974629|2031, 11974709|2056, 11974709|4014, com.android.chrome/org.chromium.chrome.browser.customtabs.PaymentHandlerActivity, 
11974709|1, 11974709|1043, 11974789|1155, 11974869|1262, 11975021|1396, 11975021|1476, 11975101|1503, 11975101|2071, 11975181|2100, 11975181|2232, 11975261|2254, 11975261|2302, 11975341|2339, 11975341|2449, 11975421|2486, 11975421|4020, com.android.chrome/org.chromium.chrome.browser.incognito.IncognitoTabLauncher, 
11975421|1, 11975421|1087, 11975501|1161, 11975581|1368, 11975661|1479, 11975661|1558, 11975741|1600, 11975741|2120, 11975821|2154, 11975821|2300, 11975901|2337, 11975901|2360, 11975981|2383, 11975981|2561, 11976061|2585, 11976061|4019, com.android.chrome/org.chromium.chrome.browser.incognito.IncognitoTabLauncher, 
11976061|1, 11976061|800, 11976141|913, 11976141|1035, 11976221|1124, 11976221|1858, 11976301|1882, 11976301|2085, 11976381|2127, 11976381|4004, com.android.chrome/org.chromium.chrome.browser.customtabs.CustomTabActivity, 
11976381|1, 11976381|502, 11976541|641, 11976541|815, 11976621|857, 11976621|1594, 11976701|1618, 11976701|1848, 11976781|1870, 11976781|4078, com.android.chrome/org.chromium.chrome.browser.firstrun.FirstRunActivity, 
11976781|1, 11976781|506, 11976861|567, 11976941|649, 11976941|896, 11977021|921, 11977021|1636, 11977101|1671, 11977101|1887, 11977181|1906, 11977181|4014, com.android.chrome/org.chromium.chrome.browser.sync.ui.PassphraseActivity, 
11977181|1, 11977181|612, 11977261|737, 11977341|801, 11977341|918, 11977421|1069, 11977421|1762, 11977501|1802, 11977501|2014, 11977581|2044, 11977581|4022, com.android.chrome/org.chromium.chrome.browser.firstrun.FirstRunActivity, 
11977581|1, 11977581|670, 11977661|778, 11977661|1006, 11977813|1246, 11977813|1765, 11977893|1793, 11977893|2003, 11977973|2038, 11977973|2591, 11978133|2622, 11978133|2645, 11978373|2701, 11978493|2772, 11978493|4005, com.android.chrome/org.chromium.chrome.browser.firstrun.FirstRunActivity, 
11978493|1, 11978493|770, 11978573|823, 11978573|974, 11978653|1075, 11978653|1777, 11978733|1799, 11978733|2020, 11978813|2057, 11978813|4047, com.android.chrome/org.chromium.chrome.browser.customtabs.PaymentHandlerActivity, 
11978813|1, 11978813|761, 11978893|843, 11978893|986, 11978973|1055, 11978973|1810, 11979053|1839, 11979053|2024, 11979133|2071, 11979133|4021, com.android.chrome/org.chromium.chrome.browser.customtabs.PaymentHandlerActivity, 
11979133|1, 11979133|120, 11979213|162, 11979213|348, 11979659|434, 11979659|516, 11979719|579, 11980165|706, 11980165|847, 11980485|897, 11980851|938, 11980851|1063, 11980931|1116, 11980991|1145, 11981051|1171, 11981051|1844, 11981131|1869, 11981131|2076, 11981211|2121, 11981211|4016, com.android.chrome/org.chromium.chrome.browser.customtabs.CustomTabActivity, 
11981211|1, 11981211|984, 11981291|1073, 11981291|1160, 11981371|1238, 11981451|1420, 11981531|1465, 11981531|1539, 11981611|1609, 11981611|2132, 11981691|2176, 11981691|2318, 11981771|2343, 11981771|2421, 11981851|2458, 11981851|2565, 11981931|2597, 11981931|4009, com.android.chrome/org.chromium.chrome.browser.incognito.IncognitoTabLauncher, 
11981931|1, 11981931|680, 11982011|838, 11982091|904, 11982091|1050, 11982171|1274, 11982171|1841, 11982251|1900, 11982251|2104, 11982331|2169, 11982331|4019, com.android.chrome/org.chromium.chrome.browser.firstrun.FirstRunActivity, 
11982331|1, 11982331|873, 11982411|928, 11982411|1139, 11982491|1164, 11982491|1892, 11982571|1924, 11982571|2127, 11982651|2165, 11982651|4012, com.android.chrome/org.chromium.chrome.browser.customtabs.PaymentHandlerActivity, 
11982651|1, 11982651|1138, 11982731|1202, 11982811|1356, 11982891|1509, 11982971|1563, 11982971|1631, 11983051|1665, 11983051|2274, 11983131|2294, 11983131|2382, 11983211|2401, 11983211|2533, 11983291|2555, 11983291|2643, 11983371|2664, 11983371|4026, com.android.chrome/org.chromium.chrome.browser.incognito.IncognitoTabLauncher, 
11983371|1, 11983371|642, 11983451|791, 11983451|887, 11983531|954, 11983531|1668, 11983611|1715, 11983611|1908, 11983691|1952, 11983691|4023, com.android.chrome/org.chromium.chrome.browser.firstrun.FirstRunActivity, 
11983691|1, 11983691|617, 11983771|771, 11983851|822, 11983851|930, 11983931|1058, 11983931|1165, 11984003|1197, 11984003|1800, 11984083|1827, 11984083|2029, 11984163|2071, 11984163|4003, com.android.chrome/org.chromium.chrome.browser.firstrun.FirstRunActivity, 
11984163|1, 11984163|1040, 11984243|1094, 11984323|1166, 11984323|1386, 11984483|1467, 11984483|1621, 11984563|1658, 11984563|2138, 11984643|2179, 11984643|2376, 11984723|2402, 11984803|2444, 11984803|2605, 11984883|2646, 11984883|4016, com.android.chrome/org.chromium.chrome.browser.incognito.IncognitoTabLauncher, 
11984883|1, 11984883|840, 11984963|942, 11984963|1039, 11985043|1123, 11985043|1833, 11985123|1856, 11985123|2062, 11985203|2097, 11985203|4008, com.android.chrome/org.chromium.chrome.browser.customtabs.PaymentHandlerActivity, 
11985203|1, 11985203|516, 11985283|613, 11985283|808, 11985363|833, 11985363|1561, 11985443|1592, 11985443|1818, 11985523|1857, 11985523|4006, com.android.chrome/org.chromium.chrome.browser.sync.ui.PassphraseActivity, 
11985523|1, 11985523|842, 11985603|959, 11985603|1071, 11985683|1152, 11985683|1847, 11985763|1898, 11985763|2111, 11985843|2154, 11985843|4025, com.android.chrome/org.chromium.chrome.browser.customtabs.PaymentHandlerActivity, 
11985843|1, 11985843|1002, 11985923|1042, 11985923|1221, 11986003|1260, 11986003|1997, 11986083|2029, 11986083|2254, 11986163|2276, 11986163|4023, com.android.chrome/org.chromium.chrome.browser.customtabs.PaymentHandlerActivity, 
11986163|1, 11986163|822, 11986243|889, 11986243|1078, 11986323|1129, 11986323|1480, 11986395|1533, 11986395|1825, 11986475|1848, 11986475|2047, 11986555|2085, 11986555|4027, com.android.chrome/org.chromium.chrome.browser.customtabs.CustomTabActivity, 
11986555|1, 11986555|610, 11986635|679, 11986635|862, 11986715|896, 11986715|1642, 11986795|1680, 11986795|1876, 11986875|1898, 11986875|4019, com.android.chrome/org.chromium.chrome.browser.sync.ui.PassphraseActivity, 
11986875|1, 11986875|554, 11986955|608, 11986955|829, 11987035|852, 11987035|1589, 11987115|1616, 11987115|1830, 11987195|1855, 11987195|4008, com.android.chrome/org.chromium.chrome.browser.sync.ui.PassphraseActivity, 
11987195|1, 11987195|772, 11987275|840, 11987275|1004, 11987355|1067, 11987355|1784, 11987435|1806, 11987435|2028, 11987515|2069, 11987515|4023, com.android.chrome/org.chromium.chrome.browser.customtabs.PaymentHandlerActivity, 
11987515|1, 11987515|902, 11987595|949, 11987595|1133, 11987675|1163, 11987675|1891, 11987755|1911, 11987755|2128, 11987835|2178, 11987835|4020, com.android.chrome/org.chromium.chrome.browser.customtabs.CustomTabActivity, 
11987835|1, 11987835|732, 11987915|836, 11987915|956, 11987995|1001, 11987995|1739, 11988075|1764, 11988075|1980, 11988155|2006, 11988155|4025, com.android.chrome/org.chromium.chrome.browser.firstrun.FirstRunActivity, 
11988155|1, 11988155|676, 11988235|815, 11988235|968, 11988315|1040, 11988315|1227, 11988387|1274, 11988387|1776, 11988467|1815, 11988467|2020, 11988547|2055, 11988547|4014, com.android.chrome/org.chromium.chrome.browser.firstrun.FirstRunActivity, 
11988547|1, 11988547|991, 11988627|1106, 11988707|1243, 11988787|1339, 11988787|1412, 11988867|1456, 11988867|1549, 11988947|1593, 11988947|2145, 11989027|2185, 11989027|2320, 11989107|2345, 11989107|2424, 11989187|2456, 11989187|2566, 11989267|2604, 11989267|4020, com.android.chrome/org.chromium.chrome.browser.incognito.IncognitoTabLauncher, 
11989267|1, 11989267|877, 11989347|945, 11989347|1139, 11989427|1179, 11989427|1913, 11989507|1938, 11989507|2143, 11989587|2189, 11989587|4016, com.android.chrome/org.chromium.chrome.browser.customtabs.CustomTabActivity, 
11989587|1, 11989587|649, 11989667|705, 11989667|929, 11989747|960, 11989747|1689, 11989827|1722, 11989827|1941, 11989907|1978, 11989907|4004, com.android.chrome/org.chromium.chrome.browser.sync.ui.PassphraseActivity, 
11989907|1, 11989907|557, 11989987|620, 11989987|793, 11990067|846, 11990067|1584, 11990147|1614, 11990147|1807, 11990227|1836, 11990227|4003, com.android.chrome/org.chromium.chrome.browser.sync.ui.PassphraseActivity, 
11990227|1, 11990227|607, 11990307|690, 11990307|853, 11990387|890, 11990387|1633, 11990467|1660, 11990467|1883, 11990547|1917, 11990547|4017, com.android.chrome/org.chromium.chrome.browser.sync.ui.PassphraseActivity, 
11990547|1, 11990547|960, 11990627|1015, 11990627|1169, 11990699|1223, 11990779|1282, 11990779|1959, 11990859|2011, 11990859|2229, 11990939|2270, 11990939|4024, com.android.chrome/org.chromium.chrome.browser.customtabs.CustomTabActivity, 
11990939|1, 11990939|636, 11991019|684, 11991019|922, 11991099|971, 11991099|1657, 11991179|1690, 11991179|1925, 11991259|1948, 11991259|4025, com.android.chrome/org.chromium.chrome.browser.sync.ui.PassphraseActivity, 
11991259|1, 11991259|554, 11991339|714, 11991339|896, 11991419|970, 11991419|1674, 11991499|1701, 11991499|1900, 11991579|1938, 11991579|4012, com.android.chrome/org.chromium.chrome.browser.firstrun.FirstRunActivity, 
11991579|1, 11991579|511, 11991659|564, 11991659|710, 11992185|853, 11992185|975, 11992245|1015, 11992505|1091, 11992505|1768, 11992585|1799, 11992585|1821, 11992665|1847, 11992665|2008, 11992745|2044, 11993111|2086, 11993191|2124, 11993191|2245, 11993251|2278, 11993251|2302, 11993617|2331, 11993617|2513, 11993677|2545, 11993677|4010, com.android.chrome/org.chromium.chrome.browser.firstrun.FirstRunActivity, 
11993677|1, 11993677|798, 11993757|901, 11993757|1065, 11993837|1134, 11993837|1849, 11993917|1874, 11993917|2073, 11993997|2122, 11993997|4014, com.android.chrome/org.chromium.chrome.browser.customtabs.CustomTabActivity, 
11993997|1, 11993997|1140, 11994077|1239, 11994157|1408, 11994237|1568, 11994317|1606, 11994317|1701, 11994397|1736, 11994397|2300, 11994477|2323, 11994477|2461, 11994557|2481, 11994557|2556, 11994637|2594, 11994637|2706, 11994717|2742, 11994717|4017, com.android.chrome/org.chromium.chrome.browser.incognito.IncognitoTabLauncher, 
11994717|1, 11994717|856, 11994797|950, 11994797|1137, 11994877|1218, 11994877|1922, 11994957|1955, 11994957|2125, 11995037|2162, 11995037|4023, com.android.chrome/org.chromium.chrome.browser.customtabs.CustomTabActivity, 
11995037|1, 11995037|1129, 11995117|1221, 11995277|1456, 11995357|1538, 11995357|1627, 11995437|1671, 11995437|2272, 11995517|2312, 11995517|2387, 11995597|2422, 11995597|2502, 11995677|2529, 11995677|2644, 11995757|2670, 11995757|4012, com.android.chrome/org.chromium.chrome.browser.incognito.IncognitoTabLauncher, 
11995757|1, 11995757|1173, 11995837|1234, 11995917|1380, 11995997|1474, 11995997|1583, 11996077|1648, 11996077|2204, 11996157|2231, 11996157|2367, 11996237|2390, 11996237|2438, 11996317|2476, 11996317|2620, 11996397|2660, 11996397|4009, com.android.chrome/org.chromium.chrome.browser.incognito.IncognitoTabLauncher, 
