624|1, 952|363, 1016|392, 1016|482, 1164|563, 1164|1315, 1304|1370, 1336|1414, 1336|2187, 96|2221, 96|2328, 164|2366, 164|2950, 240|3003, 460|3024, 460|3334, 408|3368, 408|3503, 472|3542, 472|3656, 484|3692, 484|4002, com.android.chrome/org.chromium.chrome.browser.customtabs.PaymentHandlerActivity, 
484|1, 576|288, 576|505, 724|566, 724|888, 1164|931, 1164|1045, 1144|1078, 1144|1100, 1244|1130, 1244|1438, 1256|1473, 1256|2078, 1260|2110, 1260|2935, 120|2980, 120|3085, 40|3119, 40|3206, 340|3250, 340|4007, com.android.chrome/org.chromium.chrome.browser.sync.ui.PassphraseActivity, 
664|1, 664|558, 668|586, 640|644, 640|1512, 724|1584, 856|1615, 856|2165, 872|2199, 872|3429, 652|3475, 208|3514, 208|3557, 48|3588, 84|3617, 84|4030, com.android.chrome/org.chromium.chrome.browser.incognito.IncognitoTabLauncher, 
232|1, 328|250, 328|423, 624|506, 624|1052, 668|1108, 760|1169, 796|1213, 796|1611, 1240|1653, 1240|2106, 1208|2127, 68|4043, com.android.chrome/org.chromium.chrome.browser.sync.ui.PassphraseActivity, 
228|1, 228|318, 524|356, 524|609, 668|676, 668|1628, 724|1668, 796|1706, 824|1727, 824|2647, 832|2676, 832|3624, 868|3664, 868|4021, com.android.chrome/org.chromium.chrome.browser.customtabs.PaymentHandlerActivity, 
868|1, 64|253, 64|429, 212|478, 212|531, 360|649, 360|1084, 772|1204, 772|4010, com.android.chrome/org.chromium.chrome.browser.customtabs.CustomTabActivity, 
800|1, 800|474, 136|513, 136|552, 316|594, 316|951, 684|1035, 684|1529, 804|1557, 816|1582, 816|2554, 856|2578, 856|3550, 868|3572, 868|4020, com.android.chrome/org.chromium.chrome.browser.customtabs.CustomTabActivity, 
880|1, 880|865, 144|978, 364|1082, 660|1130, 660|1829, 580|1896, 580|1946, 624|1976, 624|2969, 640|2997, 640|3946, 672|3984, 672|4021, com.android.chrome/org.chromium.chrome.browser.customtabs.PaymentHandlerActivity, 
672|1, 672|397, 680|440, 680|817, 828|896, 828|1297, 0|1422, 344|1488, 344|1901, 644|1946, 644|2426, 588|2451, 588|3369, 632|3415, 656|3444, 656|3873, 680|3909, 680|4015, com.android.chrome/org.chromium.chrome.browser.incognito.IncognitoTabLauncher, 
748|1, 748|837, 864|916, 868|964, 868|1869, 480|1920, 532|1948, 532|1970, 828|2000, 828|2147, 1048|2181, 1048|2320, 996|2365, 996|2882, 1000|2909, 1020|2946, 1020|3915, 1100|3951, 1120|4006, com.android.chrome/org.chromium.chrome.browser.incognito.IncognitoTabLauncher, 
1148|1, 1148|333, 1164|373, 1164|683, 1312|755, 1312|1311, 1324|1336, 1368|1361, 1368|2356, 124|2400, 124|2733, 424|2771, 604|2792, 604|3318, 560|3356, 592|3398, 592|4024, com.android.chrome/org.chromium.chrome.browser.customtabs.CustomTabActivity, 
648|1, 648|702, 692|738, 928|765, 928|869, 1368|1048, 1368|1731, 1432|1755, 1428|1776, 1428|2747, 1456|2771, 1160|2796, 512|2834, 512|3074, 712|3140, 712|3722, 836|3786, 844|3845, 844|4013, com.android.chrome/org.chromium.chrome.browser.firstrun.FirstRunActivity, 
1064|1, 1064|346, 1072|381, 1092|411, 1092|522, 1240|590, 1240|1347, 1324|1394, 1296|1419, 1296|2390, 1300|2428, 1300|3391, 1364|3425, 1364|3449, 40|3471, 40|4012, com.android.chrome/org.chromium.chrome.browser.sync.ui.PassphraseActivity, 
296|1, 296|622, 592|727, 592|889, 736|935, 1312|1043, 1312|1723, 1340|1752, 1340|1936, 1344|1966, 1344|2911, 1348|2948, 1348|3928, 1364|3966, 1364|4016, com.android.chrome/org.chromium.chrome.browser.firstrun.FirstRunActivity, 
156|1, 156|403, 452|445, 528|499, 528|690, 676|800, 676|1027, 1116|1268, 1116|1417, 1232|1453, 1296|1486, 1296|2448, 1304|2476, 1304|3457, 1328|3496, 1328|4010, com.android.chrome/org.chromium.chrome.browser.firstrun.FirstRunActivity, 
1328|1, 12|161, 12|347, 308|390, 528|433, 528|916, 580|995, 844|1100, 844|2013, 852|2045, 852|3008, 888|3040, 924|4020, com.android.chrome/org.chromium.chrome.browser.customtabs.PaymentHandlerActivity, 
924|1, 924|379, 940|417, 944|474, 944|577, 208|669, 208|848, 428|911, 428|938, 576|1001, 576|1406, 648|1430, 812|1496, 812|2417, 792|2437, 808|2464, 808|3406, 832|3429, 844|3463, 844|4010, com.android.chrome/org.chromium.chrome.browser.customtabs.PaymentHandlerActivity, 
860|1, 860|863, 864|918, 968|959, 968|1070, 84|1138, 304|1167, 304|1922, 312|1957, 312|2927, 328|2965, 328|3231, 624|3287, 624|3948, 712|3985, 712|4013, com.android.chrome/org.chromium.chrome.browser.customtabs.CustomTabActivity, 
712|1, 712|488, 672|514, 724|567, 724|1490, 900|1524, 960|1565, 960|1668, 76|1698, 76|1909, 296|1941, 592|1969, 592|2509, 536|2535, 536|3515, 676|3538, 676|4004, com.android.chrome/org.chromium.chrome.browser.incognito.IncognitoTabLauncher, 
708|1, 732|156, 732|970, 972|1030, 972|1984, 1032|2037, 1032|2123, 1472|2169, 440|2212, 440|2979, 624|3013, 624|3117, 824|3220, 924|4033, com.android.chrome/org.chromium.chrome.browser.firstrun.FirstRunActivity, 
1072|1, 1072|528, 1096|589, 1096|1539, 1220|1564, 1340|1601, 1340|2764, 0|2797, 0|3221, 500|3328, 500|3545, 604|3586, 604|4027, com.android.chrome/org.chromium.chrome.browser.customtabs.PaymentHandlerActivity, 
604|1, 692|88, 692|1001, 728|1046, 852|1088, 852|2033, 892|2064, 964|2101, 964|3057, 972|3095, 972|3266, 236|3339, 236|3712, 292|3758, 488|3815, 488|4007, com.android.chrome/org.chromium.chrome.browser.incognito.IncognitoTabLauncher, 
560|1, 560|545, 688|651, 688|1348, 836|1409, 836|1555, 936|1622, 936|2024, 1380|2071, 1380|2562, 1336|2598, 1336|2662, 1332|2696, 1332|3567, 1336|3590, 1336|3811, 392|3848, 392|4035, com.android.chrome/org.chromium.chrome.browser.firstrun.FirstRunActivity, 
688|1, 704|100, 704|619, 1148|779, 1148|948, 1368|1023, 1252|1182, 1252|2046, 1304|2081, 1304|3053, 1308|3090, 1308|4001, com.android.chrome/org.chromium.chrome.browser.firstrun.FirstRunActivity, 
0|1, 144|156, 144|576, 292|632, 292|670, 588|706, 588|808, 736|909, 736|1590, 880|1630, 880|2614, 908|2655, 908|3586, 936|3615, 972|3640, 972|4021, com.android.chrome/org.chromium.chrome.browser.incognito.IncognitoTabLauncher, 
972|1, 972|118, 996|175, 996|347, 0|418, 260|446, 260|844, 480|947, 480|1043, 680|1133, 812|1181, 812|1594, 1252|1616, 1252|2108, 1240|2147, 1240|3137, 1244|3162, 1244|3556, 1292|3593, 1292|4018, com.android.chrome/org.chromium.chrome.browser.customtabs.PaymentHandlerActivity, 
1304|1, 1304|479, 1332|518, 1332|761, 448|820, 668|845, 668|1036, 660|1086, 660|1499, 648|1533, 676|1569, 676|2494, 688|2523, 688|3109, 984|3150, 984|3494, 1028|3523, 1028|4017, com.android.chrome/org.chromium.chrome.browser.sync.ui.PassphraseActivity, 
1104|1, 1104|91, 1176|118, 1176|1047, 1252|1075, 1380|1157, 1380|1388, 128|1418, 128|1904, 348|1943, 348|2095, 308|2116, 304|2159, 304|3052, 324|3129, 324|3174, 620|3213, 620|3432, 584|3462, 584|4005, com.android.chrome/org.chromium.chrome.browser.customtabs.PaymentHandlerActivity, 
688|1, 688|659, 696|703, 696|1662, 816|1691, 864|1711, 988|1733, 988|1762, 1012|1795, 1012|1960, 128|1985, 128|2074, 284|2107, 284|2646, 204|2676, 192|2701, 192|3213, 488|3277, 488|3550, 516|3589, 516|3666, 624|3689, 624|3726, 632|3765, 632|4006, com.android.chrome/org.chromium.chrome.browser.customtabs.PaymentHandlerActivity, 
632|1, 632|99, 636|124, 696|160, 696|825, 844|896, 844|1082, 932|1135, 944|1161, 944|2127, 956|2180, 956|2433, 160|2468, 160|2537, 48|2575, 48|3102, 424|3201, 644|3247, 644|4001, com.android.chrome/org.chromium.chrome.browser.customtabs.CustomTabActivity, 
644|1, 644|696, 840|770, 840|822, 1280|885, 1280|1132, 1292|1167, 1292|1702, 1304|1731, 1304|2722, 1316|2757, 1316|3018, 1020|3067, 28|3104, 28|3170, 428|3210, 576|3241, 576|3726, 572|3748, 572|3799, 520|3838, 520|4009, com.android.chrome/org.chromium.chrome.browser.sync.ui.PassphraseActivity, 
668|1, 668|255, 696|287, 696|414, 844|485, 844|801, 1284|840, 1284|862, 1296|889, 1296|1244, 1272|1274, 1276|1295, 1276|1315, 1288|1346, 1288|2250, 1292|2282, 1292|3242, 1288|3263, 1292|3285, 1292|3614, 52|3648, 52|4018, com.android.chrome/org.chromium.chrome.browser.sync.ui.PassphraseActivity, 
588|1, 588|762, 772|849, 772|1796, 840|1819, 840|2792, 844|2819, 844|3781, 872|3803, 888|3826, 888|3893, 896|3932, 908|4036, com.android.chrome/org.chromium.chrome.browser.customtabs.PaymentHandlerActivity, 
112|1, 332|104, 332|301, 252|337, 288|378, 288|428, 584|482, 584|775, 732|857, 732|1300, 772|1322, 840|1345, 840|1436, 844|1479, 844|2329, 860|2359, 860|4016, com.android.chrome/org.chromium.chrome.browser.customtabs.CustomTabActivity, 
884|1, 884|216, 0|263, 0|601, 296|742, 684|867, 740|910, 740|1068, 1180|1282, 1180|1870, 1276|1891, 1276|1962, 1288|1993, 1288|2858, 1292|2888, 1292|3851, 1304|3884, 1304|3953, 1316|3992, 1316|4027, com.android.chrome/org.chromium.chrome.browser.firstrun.FirstRunActivity, 
1316|1, 1316|346, 1344|371, 1344|658, 388|818, 608|901, 608|1050, 1048|1232, 1048|1339, 1076|1374, 1076|2352, 1112|2386, 1112|3353, 1120|3378, 1124|3402, 1124|4020, com.android.chrome/org.chromium.chrome.browser.firstrun.FirstRunActivity, 
1160|1, 1160|785, 1308|848, 1308|1221, 276|1347, 276|1777, 352|1808, 300|1830, 340|1864, 340|1905, 636|1938, 636|2144, 600|2189, 600|2812, 620|2841, 620|3772, 624|3807, 624|3829, 712|3853, 712|3911, 740|3947, 740|4006, com.android.chrome/org.chromium.chrome.browser.incognito.IncognitoTabLauncher, 
740|1, 740|394, 744|421, 780|455, 780|732, 928|800, 928|1385, 984|1418, 1008|1446, 1012|1474, 1012|1596, 1232|1623, 1452|1668, 1452|1835, 420|1873, 420|1899, 480|1927, 628|1952, 628|2433, 584|2472, 584|3245, 880|3337, 1100|3366, 1100|3389, 1096|3436, 1056|3474, 1056|4030, com.android.chrome/org.chromium.chrome.browser.customtabs.CustomTabActivity, 
1104|1, 1104|853, 1212|882, 1212|940, 1276|967, 1276|1856, 1348|1892, 1348|2274, 552|2309, 552|2852, 504|2885, 504|3194, 804|3250, 804|3839, 748|3861, 864|3888, 864|4013, com.android.chrome/org.chromium.chrome.browser.sync.ui.PassphraseActivity, 
1084|1, 1084|398, 1100|422, 1060|453, 1060|493, 1208|531, 1208|1137, 1232|1175, 1232|1416, 1328|1447, 1328|1597, 1352|1627, 1352|2414, 1364|2444, 1364|2861, 0|2895, 0|3223, 424|3262, 424|3412, 404|3442, 404|3466, 428|3489, 428|4009, com.android.chrome/org.chromium.chrome.browser.sync.ui.PassphraseActivity, 
600|1, 600|549, 748|613, 748|896, 1264|954, 1264|2904, 1268|2926, 1268|3363, 28|3397, 28|3890, 48|3919, 48|4023, com.android.chrome/org.chromium.chrome.browser.sync.ui.PassphraseActivity, 
268|1, 268|456, 296|512, 592|569, 592|1424, 856|1466, 856|2452, 864|2473, 864|3427, 876|3454, 888|3478, 888|3925, 592|3948, 392|3982, 392|4008, com.android.chrome/org.chromium.chrome.browser.customtabs.CustomTabActivity, 
612|1, 612|547, 760|588, 760|900, 1220|927, 1220|1888, 1228|1912, 1228|2895, 1232|2927, 1232|3904, 1236|3937, 1236|4003, com.android.chrome/org.chromium.chrome.browser.sync.ui.PassphraseActivity, 
1236|1, 352|134, 352|438, 292|481, 292|554, 588|698, 736|785, 736|1044, 1176|1226, 1176|1336, 1324|1374, 1324|1435, 1264|1460, 1320|1484, 1320|1731, 1340|1754, 1340|2223, 1364|2259, 1364|2445, 1344|2470, 1348|2490, 1348|3469, 1364|3490, 1364|4019, com.android.chrome/org.chromium.chrome.browser.firstrun.FirstRunActivity, 
1364|1, 1384|126, 1384|521, 0|564, 0|618, 208|716, 428|861, 428|988, 524|1027, 1200|1104, 1200|1889, 1232|1927, 1232|2022, 1288|2052, 1288|3036, 1292|3075, 1292|4019, com.android.chrome/org.chromium.chrome.browser.firstrun.FirstRunActivity, 
1308|1, 1308|506, 1336|562, 1336|1002, 84|1087, 380|1158, 380|1489, 460|1515, 612|1550, 612|2509, 644|2532, 644|3496, 692|3517, 716|3545, 716|4018, com.android.chrome/org.chromium.chrome.browser.customtabs.CustomTabActivity, 
736|1, 740|88, 740|941, 784|1023, 784|1424, 120|1580, 120|1930, 56|1988, 320|2024, 320|2105, 616|2148, 616|2981, 572|3006, 660|3036, 720|4001, com.android.chrome/org.chromium.chrome.browser.incognito.IncognitoTabLauncher, 
780|1, 780|520, 796|557, 796|656, 944|788, 944|1485, 984|1531, 1004|1558, 1004|1606, 1444|1664, 1444|1906, 1396|1934, 1396|2102, 452|2138, 452|2227, 600|2257, 600|2501, 592|2546, 568|2570, 568|3277, 1084|3362, 1084|3506, 1088|3541, 1056|3562, 1056|3776, 1060|3813, 1060|4032, com.android.chrome/org.chromium.chrome.browser.customtabs.CustomTabActivity, 
1060|1, 1100|114, 1100|927, 1300|1057, 1300|2011, 1380|2047, 1380|2590, 40|2636, 40|2668, 188|2692, 188|2828, 388|2868, 388|3018, 440|3059, 440|3721, 660|3754, 660|3930, 760|3958, 760|4014, com.android.chrome/org.chromium.chrome.browser.incognito.IncognitoTabLauncher, 
700|1, 700|492, 740|542, 740|951, 888|1027, 888|1401, 972|1492, 984|1537, 984|2037, 1424|2065, 1424|2492, 1432|2532, 1432|2578, 1384|2599, 1392|2633, 1392|3098, 448|3126, 448|3163, 748|3232, 968|3318, 968|3443, 1028|3498, 1000|3531, 1000|4008, com.android.chrome/org.chromium.chrome.browser.incognito.IncognitoTabLauncher, 
