62171548|1, 62171548|1645, 62176041|2207, 62176041|3399, 62179629|3548, 62188647|3764, 62189351|4024, https://www.jd.com, 
62286399|1, 62286841|561, 62286841|1475, 62302632|2035, 62302632|3456, 62305889|3619, 62309082|3736, 62309082|4072, https://www.douyin.com, 
62328358|1, 62328358|768, 62328477|932, 62328477|1571, 62329124|1889, 62329304|2227, 62334908|2335, 62343524|2430, 62343524|2834, 62350009|2945, 62350009|3053, 62350790|3150, 62350790|3328, 62352336|3472, 62352708|3610, 62353637|3708, 62357636|3796, 62358304|3888, 62360226|4063, http://www.ox.ac.uk, 
62650946|1, 62650946|1265, 62651061|1536, 62651706|1868, 62651706|4075, https://www.shodan.io, 
62654658|1, 62654658|871, 62655000|1000, 62655246|1285, 62655246|1496, 62656182|1835, 62656398|4036, https://www.netflix.com, 
62657238|1, 62657533|393, 62657533|1563, 62665744|1879, 62670075|2177, 62676269|2294, 62679176|2385, 62679490|4055, https://www.linkedin.com, 
62755089|1, 62755089|1638, 62755557|1988, 62755557|3604, 62756264|3718, 62756324|3814, 62756376|3906, 62756376|4016, http://www.ox.ac.uk, 
63861570|1, 63861785|318, 63861785|1518, 63870022|1904, 63874459|2290, 63874459|3708, 63882285|3856, 63901309|3962, 63914727|4068, https://www.pinduoduo.com, 
63933008|1, 63933358|332, 63933358|1610, 63942181|1951, 63947150|2255, 63951911|2388, 63952626|2471, 63952626|2892, 63953976|3044, 63953976|3403, 63955420|3545, 63955746|3640, 63955746|4012, https://world.taobao.com, 
64050013|1, 64050013|1652, 64050361|1926, 64050481|2225, 64050481|3516, 64050905|3660, 64054894|3763, 64055562|3865, 64055562|4036, http://www.ox.ac.uk, 
64097065|1, 64097065|342, 64097409|482, 64097409|1400, 64097513|1667, 64109181|2013, 64116110|2271, 64116998|2444, 64116998|3562, 64117809|3725, 64118212|3821, 64118212|4078, https://www.ctrip.com, 
64188342|1, 64188342|291, 64188476|418, 64188476|1622, 64193156|1855, 64223506|2293, 64223506|3587, 64225679|3677, 64227198|3820, 64236282|3949, 64288335|4057, https://www.jd.com, 
64389809|1, 64389809|302, 64390091|463, 64390091|1624, 64390721|2061, 64390721|2352, 64391056|2437, 64396522|2533, 64397766|2623, 64397812|2709, 64397812|3652, 64401471|3772, 64402411|3903, 64402760|4034, https://www.alipay.com, 
64420917|1, 64420917|1461, 64429829|1703, 64434808|2016, 64436322|2274, 64436760|2395, 64436760|3415, 64437169|3540, 64437169|4014, https://www.ctrip.com, 
64498097|1, 64498097|1477, 64498993|1869, 64498993|3626, 64499597|3789, 64500551|3929, 64500551|4085, https://www.yahoo.com, 
64553078|1, 64553078|1579, 64561805|1897, 64568020|2308, 64573025|2438, 64573025|3765, 64574795|3894, 64574795|4064, https://world.taobao.com, 
64657034|1, 64657034|1759, 64657970|2129, 64657970|4108, https://www.netflix.com, 
64658976|1, 64658976|1575, 64659324|2016, 64659324|4134, https://www.mit.edu, 
64697301|1, 64697301|1731, 64697475|2023, 64697855|2421, 64697855|3662, 64699258|3797, 64699377|3891, 64699377|4059, https://www.shodan.io, 
64700373|1, 64700373|1526, 64707911|1872, 64716194|2191, 64716194|3858, 64718718|3953, 64722644|4058, https://www.douyin.com, 
64737900|1, 64737900|1589, 64742185|1857, 64742807|2181, 64747776|2308, 64748325|2412, 64753904|2529, 64753950|2629, 64753950|3519, 64755720|3681, 64755720|4020, https://world.taobao.com, 
64836804|1, 64836804|266, 64837099|415, 64837099|1486, 64845136|1835, 64858468|2229, 64858468|4034, https://www.linkedin.com, 
64930220|1, 64930220|1722, 64930394|1951, 64930842|2408, 64930842|3398, 64931090|3504, 64931211|4118, https://www.yahoo.com, 
64984642|1, 64984642|378, 64985149|570, 64985149|1727, 64996778|2180, 64996778|2393, 65009568|2502, 65009568|3711, 65014509|3857, 65014832|3970, 65014832|4062, https://www.jianshu.com, 
65070030|1, 65070030|360, 65070441|538, 65070441|1563, 65078661|1956, 65087416|2317, 65088037|2428, 65088480|2521, 65124059|2628, 65124059|4005, https://www.bing.com, 
65126264|1, 65126264|231, 65126470|357, 65126470|1682, 65126818|2199, 65126818|4053, https://www.pku.edu.cn, 
65140712|1, 65140712|1659, 65148476|1970, 65153045|2343, 65165768|2471, 65165768|3704, 65170373|3810, 65170709|3958, 65171032|4076, https://www.jianshu.com, 
65237054|1, 65237054|1332, 65237228|1607, 65238071|2240, 65243901|2379, 65244661|2502, 65244661|3614, 65244895|3704, 65248320|3811, 65249191|3951, 65249191|4038, https://www.alipay.com, 
65267593|1, 65267593|1686, 65279161|2140, 65291921|2430, 65291921|3601, 65296526|3729, 65296862|3824, 65297185|3941, 65297185|4041, https://www.jianshu.com, 
65351678|1, 65351678|286, 65351874|420, 65351874|1448, 65352152|1701, 65377869|2160, 65377869|3318, 65378825|3456, 65421005|3629, 65458560|3737, 65496029|3850, 65501825|3941, 65501825|4027, http://blogs.360.cn, 
65527972|1, 65527972|457, 65528087|639, 65528178|838, 65528178|1492, 65528259|1843, 65528732|2241, 65529273|4029, https://www.shodan.io, 
65531331|1, 65531331|1223, 65531663|1521, 65531837|1836, 65532343|2327, 65532343|4059, https://www.mit.edu, 
65577861|1, 65577861|1540, 65578699|1918, 65601004|2295, 65601004|3257, 65618450|3424, 65618450|3623, 65648003|3766, 65656879|3867, 65682750|3966, 65683094|4080, http://blogs.360.cn, 
65712541|1, 65712541|358, 65712730|539, 65712730|1602, 65720840|1792, 65726451|2241, 65727566|2470, 65731973|2586, 65731973|2942, 65733273|3026, 65733319|3124, 65733319|3687, 65734763|3808, 65735089|3912, 65735089|4073, https://world.taobao.com, 
65827082|1, 65827082|1657, 65827430|2061, 65827430|4069, https://www.mit.edu, 
65868827|1, 65868827|311, 65869171|433, 65869171|1486, 65877909|1714, 65879287|2025, 65885123|2369, 65885607|2501, 65885607|3562, 65885821|3681, 65886016|3816, 65886016|4084, https://www.ctrip.com, 
65951365|1, 65951365|365, 65951795|528, 65951795|1733, 65960205|2053, 65968336|2410, 65968336|3443, 65971472|3612, 65974786|3725, 65974786|4005, https://www.douyin.com, 
65990541|1, 65990541|1768, 65990889|2243, 65990889|4020, https://www.pku.edu.cn, 
66000895|1, 66000895|1298, 66000999|1503, 66010621|1860, 66016524|2250, 66017412|2350, 66017412|2909, 66017458|3025, 66017458|3484, 66017867|3589, 66017867|4079, https://www.ctrip.com, 
66078981|1, 66078981|1708, 66088191|1977, 66095061|2379, 66095499|2524, 66095499|3575, 66095908|3710, 66095908|4054, https://www.ctrip.com, 
66161270|1, 66161270|1425, 66168988|1787, 66173557|2242, 66186380|2390, 66186380|3628, 66191321|3796, 66191644|3926, 66191644|4029, https://www.jianshu.com, 
66240140|1, 66240140|1645, 66247778|1865, 66253527|2297, 66263018|2531, 66263018|3008, 66263064|3101, 66263064|4046, https://www.linkedin.com, 
66331471|1, 66331471|286, 66331923|398, 66331923|1567, 66340749|1749, 66356603|2185, 66356603|2575, 66356649|2662, 66356649|3452, 66504866|3616, 66662242|3762, 66675076|3844, 66864369|4024, https://www.apple.com, 
66889806|1, 66889806|398, 66890148|587, 66890394|788, 66890394|1602, 66890568|1887, 66891330|2248, 66891330|4024, https://www.netflix.com, 
66892342|1, 66892342|1568, 66900379|1860, 66914277|2243, 66914591|4183, https://www.linkedin.com, 
66965198|1, 66965198|1073, 66965446|1320, 66965446|1524, 66973187|1853, 66977060|2265, 66989894|2388, 66989894|3234, 66990437|3446, 66990437|3597, 66995378|3723, 66995701|3881, 66995701|4070, https://www.jianshu.com, 
67059133|1, 67059133|455, 67059428|666, 67059428|1707, 67059548|1913, 67071843|2410, 67071895|2507, 67081283|2601, 67081283|4054, https://www.linkedin.com, 
67128106|1, 67128106|318, 67128403|488, 67128403|1684, 67163506|2150, 67163506|3326, 67163692|3476, 67165525|3590, 67167291|3719, 67177209|3850, 67229613|4075, https://www.jd.com, 
67390705|1, 67390705|311, 67390827|496, 67390827|1541, 67391105|1771, 67416822|2240, 67416822|3282, 67417484|3401, 67434268|3524, 67434268|3622, 67438390|3736, 67447988|3836, 67461199|3940, 67474546|4053, http://blogs.360.cn, 
67500059|1, 67500059|1616, 67508183|1876, 67516668|2324, 67522297|2436, 67522297|4084, https://www.linkedin.com, 
67582424|1, 67582424|1675, 67617088|2172, 67617088|3411, 67617274|3571, 67620803|3677, 67629665|3828, 67630242|3926, 67682434|4027, https://www.jd.com, 
67801222|1, 67801222|325, 67801629|532, 67801629|1548, 67801733|1811, 67815037|2239, 67828279|2481, 67828279|3508, 67832459|3680, 67837833|3805, 67838492|3910, 67840539|4025, https://zhuanlan.zhihu.com, 
67863110|1, 67863110|388, 67863325|565, 67863325|1572, 67863429|1730, 67870669|1997, 67875495|2348, 67875495|3702, 67875939|3848, 67900730|3972, 67915718|4083, https://www.pinduoduo.com, 
67933880|1, 67933880|1626, 67942490|1912, 67956372|2274, 67956686|4164, https://www.linkedin.com, 
68015254|1, 68015254|364, 68015604|545, 68015604|1636, 68023712|1873, 68029844|2284, 68034200|2463, 68035565|2588, 68035565|3694, 68037335|3834, 68037335|4019, https://world.taobao.com, 
68133758|1, 68133758|305, 68133964|467, 68133964|1424, 68134138|1806, 68134312|2153, 68134312|4003, https://www.pku.edu.cn, 
68144505|1, 68144505|1535, 68152439|1727, 68154063|2226, 68160098|2450, 68160196|2549, 68163928|2646, 68164643|2739, 68164643|2823, 68165342|2903, 68165342|3635, 68167112|3766, 68167112|4014, https://world.taobao.com, 
68245642|1, 68245642|292, 68245939|413, 68245939|1446, 68250038|1691, 68255596|2030, 68280971|2311, 68280971|3638, 68284500|3774, 68292955|3883, 68293939|3977, 68346315|4066, https://www.jd.com, 
68439075|1, 68439075|1494, 68439179|1701, 68439445|1926, 68465070|2363, 68465070|3475, 68465732|3597, 68482516|3712, 68482516|3885, 68505454|3991, 68509217|4082, http://blogs.360.cn, 
68546636|1, 68546636|324, 68547088|520, 68547088|1609, 68557142|1851, 68572964|2322, 68572964|3432, 68684671|3600, 68979470|3754, 68979470|3850, 68979726|3939, 68979772|4024, https://www.apple.com, 
69001544|1, 69001544|355, 69001680|488, 69001680|1271, 69001784|1660, 69009917|2118, 69014354|2373, 69014354|3559, 69015104|3731, 69040012|3831, 69054622|3961, 69062700|4050, https://www.pinduoduo.com, 
69072772|1, 69072772|1554, 69080858|1804, 69082557|2094, 69099960|2428, 69099960|3548, 69109589|3762, 69120313|3888, 69120313|4003, https://zhuanlan.zhihu.com, 
69142620|1, 69142620|199, 69142709|361, 69142786|561, 69142786|1656, 69143300|1975, 69143601|4010, https://www.buaa.edu.cn, 
69158912|1, 69158912|306, 69159189|445, 69159189|1723, 69166249|2059, 69170677|2487, 69170677|2595, 69184703|2696, 69184703|3620, 69189308|3750, 69189644|3882, 69189967|3999, 69189967|4087, https://www.jianshu.com, 
69242116|1, 69242116|1625, 69246591|1924, 69277117|2342, 69277117|3604, 69280646|3711, 69289101|3834, 69290039|3942, 69290039|4032, https://www.jd.com, 
69472898|1, 69472898|277, 69473087|373, 69473087|1563, 69481197|1832, 69486832|2233, 69487999|2471, 69493005|2570, 69493005|3596, 69494449|3723, 69494775|3819, 69494775|4060, https://world.taobao.com, 
69570758|1, 69570758|1632, 69578500|1906, 69585037|2319, 69592046|2471, 69592046|4011, https://www.linkedin.com, 
69665090|1, 69665090|447, 69665372|598, 69665372|1670, 69666002|2097, 69670651|2465, 69673002|2570, 69673048|2674, 69673048|3187, 69673234|3289, 69673234|3720, 69676893|3850, 69677834|3993, 69677834|4068, https://www.alipay.com, 
69693680|1, 69693680|1679, 69694028|2079, 69694120|4102, https://www.pku.edu.cn, 
69705144|1, 69705144|301, 69705441|439, 69705441|1751, 69714330|2151, 69739943|2400, 69739943|3483, 69740446|3614, 69743986|3743, 69753174|3889, 69805144|4086, https://www.jd.com, 
69892853|1, 69892853|1350, 69900105|1610, 69905527|2065, 69905527|3516, 69905890|3631, 69930762|3753, 69932675|3848, 69945721|3942, 69953845|4034, https://www.pinduoduo.com, 
69963806|1, 69963806|373, 69964248|601, 69964248|1806, 69975805|2212, 69980008|2453, 69980008|3557, 69982774|3694, 69986522|3799, 69986522|4106, https://www.douyin.com, 
70005639|1, 70005639|1651, 70014465|1867, 70019521|2186, 70030341|2396, 70030341|3338, 70039443|3523, 70152443|3685, 70245012|3808, 70245268|3898, 70245314|4007, https://www.apple.com, 
70263664|1, 70263664|314, 70264075|442, 70264075|1774, 70271957|2118, 70281050|2421, 70281671|2524, 70282114|2613, 70317131|2712, 70317616|4155, https://www.bing.com, 
70319349|1, 70319349|1220, 70319468|1422, 70319468|1684, 70320235|2035, 70320355|2333, 70320355|2499, 70334727|2602, 70334727|2927, 70339572|3011, 70339572|3465, 70339692|3600, 70340064|3725, 70344053|3821, 70344105|3911, 70345127|4025, http://www.ox.ac.uk, 
70382024|1, 70382024|300, 70382228|465, 70382228|1571, 70391054|1819, 70391332|2205, 70391332|3466, 70420196|3629, 70593875|3758, 70772356|3891, 70772612|4070, https://www.apple.com, 
70788199|1, 70788199|288, 70788626|506, 70788626|1564, 70788776|1747, 70800160|2217, 70800160|2476, 70812989|2586, 70812989|2986, 70813066|3100, 70813066|3658, 70817671|3804, 70818330|3947, 70818330|4087, https://www.jianshu.com, 
70883378|1, 70883378|343, 70883593|608, 70883593|1705, 70891111|2091, 70895763|2331, 70895763|3554, 70896207|3707, 70920998|3817, 70935986|3937, 70942107|4032, https://www.pinduoduo.com, 
70954218|1, 70954218|277, 70954418|438, 70954625|601, 70954625|1590, 70962977|1948, 70968240|2291, 70981394|2402, 70981394|3416, 70985118|3559, 70990890|3707, 70991549|3807, 70993596|3909, 70993596|4030, https://zhuanlan.zhihu.com, 
71021262|1, 71021262|1596, 71021892|2030, 71021892|2369, 71026541|2461, 71028178|2559, 71028940|2665, 71028940|3622, 71032599|3774, 71033539|3920, 71033539|4005, https://www.alipay.com, 
71050682|1, 71050682|1743, 71061954|2217, 71062852|2460, 71062852|3644, 71081105|3801, 71090987|3900, 71103092|4006, https://www.pinduoduo.com, 
71122576|1, 71122576|1663, 71122924|2040, 71122924|3220, 71123090|3357, 71123090|3872, 71128354|3995, 71128354|4105, https://www.buaa.edu.cn, 
71138977|1, 71138977|279, 71139170|414, 71139170|1621, 71147052|1845, 71155899|2308, 71156962|2470, 71193068|2571, 71193206|4034, https://www.bing.com, 
71195264|1, 71195264|283, 71195525|418, 71195525|1655, 71210541|2190, 71308102|2387, 71308102|3538, 71321728|3684, 71481005|3844, 71531488|3954, 71531488|4048, https://www.baidu.com, 
71633118|1, 71633118|531, 71633502|710, 71633502|1629, 71636550|1790, 71641442|2097, 71646268|2387, 71646268|3867, 71652085|3992, 71673714|4140, https://www.pinduoduo.com, 
71704496|1, 71704496|345, 71704611|573, 71704702|755, 71704702|1598, 71705256|1948, 71705256|3808, 71705678|3912, 71705958|4026, https://www.shodan.io, 
71708174|1, 71708174|269, 71708531|412, 71708531|1703, 71720644|2089, 71733577|2440, 71733577|3713, 71738182|3837, 71738841|3969, 71738841|4066, https://www.jianshu.com, 
71803111|1, 71803111|1447, 71812263|1749, 71831551|2146, 71831551|3341, 71835720|3477, 71841707|3615, 71843484|3713, 71843484|4127, https://zhuanlan.zhihu.com, 
71871146|1, 71871146|251, 71871352|413, 71871352|1654, 71871700|2014, 71871700|4075, https://www.pku.edu.cn, 
71881885|1, 71881885|1447, 71882391|1760, 71882897|2206, 71882897|3479, 71883251|3607, 71886942|3731, 71888401|3819, 71888401|4097, https://www.mit.edu, 
71927047|1, 71927047|1516, 71927221|1752, 71927395|2240, 71927395|3439, 71927561|3580, 71932825|4046, https://www.buaa.edu.cn, 
71947204|1, 71947204|1719, 71955086|1959, 71964552|2394, 71964995|2520, 71964995|2606, 71999997|2717, 72000481|4100, https://www.bing.com, 
72002205|1, 72002205|1579, 72009301|1904, 72018027|2281, 72018027|3542, 72024477|3668, 72024477|4026, https://www.douyin.com, 
72043855|1, 72043855|1468, 72051198|1754, 72068905|2181, 72068905|3357, 72073510|3486, 72074169|3661, 72074169|4068, https://www.jianshu.com, 
72130456|1, 72130456|688, 72130999|896, 72130999|1686, 72131347|2173, 72131347|3704, 72131521|3813, 72131521|4040, https://www.pku.edu.cn, 
72141818|1, 72141818|933, 72141878|1076, 72141924|1286, 72141924|1590, 72142098|1832, 72142478|2312, 72142478|3447, 72143398|3570, 72144000|3683, 72144000|4068, https://www.shodan.io, 
72145006|1, 72145006|1501, 72145180|1800, 72145354|2208, 72145354|3373, 72145520|3555, 72145520|3804, 72150784|3941, 72150784|4038, https://www.buaa.edu.cn, 
72164991|1, 72164991|1745, 72165459|2038, 72165459|3705, 72165883|3828, 72169872|3914, 72169924|4005, http://www.ox.ac.uk, 
72215822|1, 72215822|1625, 72215996|1878, 72216170|2328, 72216170|4079, https://www.mit.edu, 
72255089|1, 72255089|1643, 72255263|1859, 72255643|2289, 72255643|3447, 72256779|3587, 72257165|3684, 72257165|4067, https://www.shodan.io, 
72258179|1, 72258179|1733, 72258527|2121, 72258527|4082, https://www.mit.edu, 
72304408|1, 72304408|344, 72304623|470, 72304623|1701, 72315895|2190, 72316839|2394, 72316839|3704, 72317283|3814, 72342795|3962, 72357108|4077, https://www.pinduoduo.com, 
72378947|1, 72378947|1612, 72379121|1911, 72379501|2226, 72379501|3654, 72381023|3745, 72381023|4005, https://www.shodan.io, 
72382023|1, 72382023|1702, 72382700|2120, 72382909|2426, 72382909|2602, 72383029|2688, 72383029|3640, 72383521|3764, 72387511|3852, 72387563|3941, 72388179|4026, http://www.ox.ac.uk, 
72427399|1, 72427399|726, 72427786|911, 72427786|1491, 72434754|1734, 72440073|2219, 72452829|2343, 72452829|3548, 72457770|3693, 72458093|3837, 72458093|4009, https://www.jianshu.com, 
72498350|1, 72498350|230, 72498513|326, 72498647|504, 72498647|1514, 72503624|1953, 72535001|2234, 72535001|3575, 72537296|3683, 72546669|3817, 72547711|3949, 72599909|4071, https://www.jd.com, 
72700955|1, 72700955|330, 72701229|525, 72701229|1663, 72701403|1957, 72701851|2310, 72701851|4035, https://www.yahoo.com, 
72739674|1, 72739674|1667, 72739848|1901, 72740022|2365, 72740022|4093, https://www.pku.edu.cn, 
72749843|1, 72749843|185, 72750113|297, 72750113|433, 72750408|667, 72750408|1775, 72758874|2095, 72773145|2447, 72773145|4002, https://www.linkedin.com, 
72849121|1, 72849121|413, 72849236|592, 72849327|851, 72849327|1753, 72849501|2044, 72849881|2413, 72849881|3497, 72850067|3604, 72850067|4100, https://www.shodan.io, 
72852632|1, 72852632|1908, 72853186|2332, 72853186|3794, 72854620|3903, 72854792|4088, https://www.shodan.io, 
72855802|1, 72855802|1719, 72855976|1927, 72856270|2351, 72856270|3564, 72856582|3716, 72856694|3829, 72860684|3933, 72861352|4035, http://www.ox.ac.uk, 
72907680|1, 72907680|389, 72908091|549, 72908091|1803, 72916311|2139, 72925685|2445, 72926128|2582, 72963664|2688, 72963664|4020, https://www.bing.com, 
72966084|1, 72966084|310, 72966514|462, 72966514|1704, 72980972|2114, 72982293|2387, 72982293|4005, https://www.douyin.com, 
73004198|1, 73004198|1281, 73004530|1672, 73004878|2115, 73005210|2359, 73005210|4021, https://www.mit.edu, 
73043889|1, 73043889|308, 73044233|500, 73044233|1658, 73044511|1859, 73058124|2194, 73060075|2441, 73060075|3632, 73060484|3749, 73060484|4073, https://www.ctrip.com, 
73121892|1, 73121892|254, 73122096|424, 73122096|1626, 73131230|2021, 73146822|2271, 73146822|3277, 73242734|3466, 73575744|3598, 73575744|3705, 73576000|3804, 73576046|3902, 73576231|4005, https://www.apple.com, 
73602867|1, 73602867|319, 73602985|503, 73602985|1667, 73617563|2060, 73618001|2401, 73618001|2507, 73685705|2634, 73685705|3779, 73690949|3897, 73779982|4028, https://www.baidu.com, 
73973258|1, 73973258|418, 73973555|582, 73973555|1724, 74008254|2230, 74008254|3631, 74012072|3748, 74021713|3941, 74035973|4067, https://www.jd.com, 
74215240|1, 74215240|579, 74215582|757, 74215828|910, 74215828|1808, 74216764|2160, 74216764|4210, https://www.netflix.com, 
74217748|1, 74217748|1382, 74227496|1721, 74232849|2085, 74305608|2261, 74305608|3605, 74314692|3735, 74408185|3873, 74490074|3983, 74541082|4082, https://www.baidu.com, 
74592520|1, 74592520|286, 74592802|433, 74592802|1800, 74593258|2123, 74593258|2898, 74597907|2986, 74599475|3079, 74600233|3198, 74600233|3688, 74603892|3835, 74604833|3973, 74604833|4054, https://www.alipay.com, 
74622021|1, 74622021|279, 74622157|436, 74622157|1488, 74634327|2089, 74634327|3669, 74635031|3784, 74659985|3915, 74674595|4019, https://www.pinduoduo.com, 
74698901|1, 74698901|313, 74699251|503, 74699251|1644, 74708235|1956, 74713777|2268, 74714228|2390, 74718584|2489, 74719299|2573, 74719299|2672, 74719952|2761, 74719998|2854, 74719998|3587, 74721768|3722, 74721768|4050, https://world.taobao.com, 
74803283|1, 74803283|347, 74803813|476, 74803813|1582, 74804218|1814, 74804840|2283, 74804840|3751, 74806403|3931, 74806675|4064, https://www.yahoo.com, 
74843894|1, 74843894|332, 74844152|439, 74844152|1684, 74844706|2055, 74844706|3521, 74846312|3668, 74846312|4045, https://www.shodan.io, 
74847060|1, 74847332|202, 74847332|378, 74847536|545, 74847536|1785, 74861418|2186, 74872216|2467, 74872216|3531, 74903290|3649, 75154063|3832, 75173668|3928, 75173924|4024, https://www.apple.com, 
75192689|1, 75192689|249, 75193159|350, 75193159|1489, 75193333|1794, 75193507|2261, 75193507|4018, https://www.pku.edu.cn, 
75207235|1, 75207235|138, 75207493|237, 75207493|1542, 75207833|1911, 75208007|2196, 75208007|3870, 75213271|3993, 75213271|4097, https://www.buaa.edu.cn, 
75223513|1, 75223513|466, 75223921|619, 75223921|1778, 75224095|2054, 75224543|2396, 75226378|4068, https://www.yahoo.com, 
75267545|1, 75267545|1596, 75267893|2085, 75267893|4038, https://www.pku.edu.cn, 
75277744|1, 75277744|335, 75278026|558, 75278026|1618, 75278200|1924, 75278656|2312, 75284457|2550, 75285701|2652, 75285701|3481, 75285935|3616, 75290301|3833, 75291017|4030, https://www.alipay.com, 
75307580|1, 75307580|140, 75307846|245, 75307846|1456, 75308020|1760, 75308476|2115, 75314277|2334, 75315466|2421, 75315512|2535, 75315512|3469, 75319171|3618, 75320111|3736, 75335098|4018, https://www.alipay.com, 
75338201|1, 75338201|683, 75338320|863, 75338320|1717, 75339480|2101, 75339689|2346, 75339689|2489, 75339809|2594, 75339809|3457, 75340121|3632, 75340233|3759, 75343085|3848, 75345290|3952, 75345678|4060, http://www.ox.ac.uk, 
75383809|1, 75383809|1511, 75391919|1817, 75397577|2263, 75398080|2383, 75398080|2469, 75403704|2602, 75403704|3489, 75405474|3606, 75405474|4018, https://world.taobao.com, 
75513156|1, 75513156|1794, 75513624|2170, 75513624|3617, 75513996|3718, 75517986|3812, 75518038|3900, 75518654|3992, 75518654|4104, http://www.ox.ac.uk, 
75560328|1, 75560328|307, 75560524|459, 75560524|1664, 75560802|1880, 75586519|2275, 75586519|3434, 75606376|3593, 75637335|3723, 75650185|3823, 75673721|3927, 75673767|4011, http://blogs.360.cn, 
75700437|1, 75700437|1708, 75700905|2036, 75700905|3568, 75701277|3694, 75705267|3793, 75705319|3890, 75705935|3993, 75706211|4085, http://www.ox.ac.uk, 
75751637|1, 75751637|351, 75752202|539, 75752202|1663, 75764145|2001, 75774213|2419, 75774213|4090, https://www.linkedin.com, 
75846740|1, 75846740|1512, 75846914|1794, 75852671|2310, 75852671|2427, 75853218|2549, 75853848|4110, https://www.yahoo.com, 
75902834|1, 75902834|1471, 75903008|1721, 75907636|2264, 75908543|2388, 75908543|2481, 75909090|2586, 75909090|4096, https://www.pku.edu.cn, 
75919353|1, 75919353|346, 75919478|468, 75919478|1989, 75924380|2428, 75925287|2556, 75925834|2655, 75925834|3643, 75926398|3906, 75927788|4028, https://www.yahoo.com, 
75985318|1, 75985318|527, 75986696|660, 75986696|1329, 75986892|1599, 75994898|1876, 76004389|2309, 76007802|2459, 76012913|2636, 76012913|3068, 76014291|3153, 76014291|3682, 76016061|3800, 76016061|4042, https://world.taobao.com, 
76099910|1, 76099910|1419, 76108736|1738, 76109397|2135, 76115544|2266, 76115596|2344, 76116143|2450, 76116143|3346, 76146181|3476, 76500732|3609, 76573745|3740, 76574001|4004, https://www.apple.com, 
76596106|1, 76596106|1750, 76622101|2232, 76627409|2501, 76627461|2592, 76628008|2698, 76628008|3570, 76642550|3706, 76659082|4031, http://blogs.360.cn, 
76710361|1, 76710361|1643, 76710983|2011, 76716344|2418, 76716891|2563, 76716891|3826, 76718845|3987, 76718845|4158, https://www.yahoo.com, 
76764452|1, 76764452|1564, 76765082|1937, 76771660|2371, 76772594|2468, 76778008|2551, 76779207|2641, 76779253|2735, 76779253|3618, 76782912|3739, 76783851|3887, 76796635|4117, https://www.alipay.com, 
76802408|1, 76802408|1499, 76802740|1730, 76802914|2036, 76803751|2442, 76807927|2604, 76808782|2715, 76809186|2804, 76809329|2906, 76809329|4063, https://www.mit.edu, 
76843954|1, 76843954|1009, 76844103|1254, 76844103|1488, 76844277|1752, 76844725|2182, 76850086|2382, 76850724|2514, 76850724|3687, 76851696|3868, 76852678|4055, https://www.yahoo.com, 
76897156|1, 76897156|1606, 76897330|1832, 76898161|2307, 76903139|2497, 76903139|2587, 76903686|2705, 76903686|3667, 76904806|3881, 76905640|4037, https://www.yahoo.com, 
76962593|1, 76962593|181, 76962853|310, 76963283|529, 76963283|1579, 76970287|1859, 76983527|2357, 76984434|2463, 76984434|3027, 76985072|3131, 76985072|3687, 76989656|3816, 76991522|3901, 76991522|4086, https://www.douyin.com, 
77006835|1, 77006835|324, 77007039|519, 77007039|1599, 77015865|1939, 77032844|2315, 77037454|2455, 77038205|2542, 77038700|2620, 77038752|2707, 77038752|3456, 77079793|3578, 77206697|3735, 77206953|3841, 77206999|3940, 77207184|4038, https://www.apple.com, 
77222119|1, 77222119|1827, 77223132|2319, 77228444|2545, 77234457|2648, 77235646|2742, 77235692|2842, 77235692|3699, 77235926|3819, 77240291|4001, https://www.alipay.com, 
77258753|1, 77258753|350, 77259097|544, 77259097|1423, 77259201|1664, 77269341|1973, 77279181|2247, 77281569|2476, 77281569|3556, 77281783|3650, 77281978|3744, 77281978|4001, https://www.ctrip.com, 
77347919|1, 77347919|1627, 77348093|1942, 77348267|2333, 77352878|2509, 77353629|2595, 77353629|2681, 77354176|2771, 77354176|3580, 77354342|3757, 77354342|3864, 77354643|3992, 77359606|4112, https://www.buaa.edu.cn, 
77369991|1, 77369991|304, 77370288|564, 77370288|1723, 77379177|2132, 77409394|2408, 77410301|2511, 77410301|3102, 77410939|3226, 77410939|3425, 77411489|3581, 77415353|3723, 77424805|3843, 77424851|3939, 77476613|4037, https://www.jd.com, 
77589560|1, 77589560|590, 77589606|724, 77589606|1633, 77589780|1780, 77594407|2324, 77595314|2448, 77595861|2530, 77595861|4148, https://www.mit.edu, 
77630062|1, 77630062|325, 77630473|466, 77630473|1606, 77638355|1858, 77647585|2223, 77654846|2486, 77690412|2627, 77690412|4056, https://www.bing.com, 
77692644|1, 77692644|459, 77692859|704, 77692859|1749, 77700592|2140, 77709691|2451, 77710390|2585, 77710937|2670, 77718763|4008, https://www.pinduoduo.com, 
77769428|1, 77769428|320, 77769689|475, 77769689|1409, 77778653|1732, 77789323|2121, 77855833|2315, 77856380|2406, 77856380|3550, 77866675|3682, 78036593|3828, 78125386|3960, 78125386|4040, https://www.baidu.com, 
78179420|1, 78179420|1554, 78187302|1860, 78195687|2260, 78201432|2429, 78202626|2531, 78238188|2642, 78238672|4146, https://www.bing.com, 
78240455|1, 78240455|1420, 78249107|1693, 78250683|2054, 78255137|2307, 78256044|2405, 78256044|2488, 78256591|2603, 78256591|3462, 78280825|3598, 78673654|3785, 78673910|4069, https://www.apple.com, 
78691163|1, 78691163|315, 78691570|528, 78691570|1628, 78705131|2126, 78723647|2414, 78724194|2551, 78724194|3527, 78727918|3687, 78734349|3848, 78735505|3934, 78736396|4032, https://zhuanlan.zhihu.com, 
78762735|1, 78762735|1571, 78770617|1810, 78783918|2253, 78785889|2412, 78786436|2510, 78823441|2598, 78823926|4079, https://www.bing.com, 
78825711|1, 78825711|1677, 78826059|2110, 78831421|2392, 78831421|2482, 78831968|2601, 78831968|3520, 78832134|3644, 78832134|3799, 78836690|3946, 78837398|4057, https://www.buaa.edu.cn, 
78847996|1, 78847996|376, 78848192|524, 78848192|1778, 78848470|2041, 78874187|2400, 78878797|2620, 78879548|2713, 78880095|2808, 78880095|3431, 78880757|3570, 78914504|3718, 78924242|3834, 78936691|3934, 78936691|4028, http://blogs.360.cn, 
78961824|1, 78961824|1626, 78971572|1911, 78981450|2282, 79090273|2447, 79090325|2594, 79090325|3710, 79090684|3804, 79133612|3935, 79275869|4045, https://www.baidu.com, 
79365553|1, 79365553|1871, 79370181|2324, 79371088|2435, 79371636|2527, 79371636|3435, 79371843|3578, 79375550|3690, 79377167|3813, 79377167|4116, https://www.mit.edu, 
79419936|1, 79419936|1775, 79431542|2141, 79441198|2444, 79441198|2539, 79441746|2636, 79441746|3572, 79445003|3698, 79448196|3820, 79448196|4074, https://www.douyin.com, 
79467023|1, 79467289|192, 79467289|1577, 79476437|1925, 79486315|2223, 79556288|2347, 79556835|2454, 79556835|3604, 79673210|3787, 79733140|3898, 79748725|3992, 79748725|4081, https://www.baidu.com, 
79803096|1, 79803096|299, 79803378|472, 79803378|1626, 79803552|1916, 79808618|2317, 79809369|2451, 79810251|2551, 79815717|2636, 79816961|2725, 79817007|2815, 79817007|3410, 79817241|3560, 79821567|3753, 79821916|4042, https://www.alipay.com, 
79838770|1, 79838770|1546, 79839048|1743, 79864765|2165, 79869219|2377, 79870126|2498, 79870447|2587, 79870673|2677, 79870673|2956, 79870777|3029, 79873589|3165, 79873589|3505, 79907460|3665, 79915048|3776, 79920901|3862, 79933350|3968, 79933740|4248, http://blogs.360.cn, 
79958314|1, 79958314|1618, 79958830|1806, 79964292|2252, 79965199|2454, 79965199|2622, 79965785|2717, 79965785|4014, https://www.netflix.com, 
79967065|1, 79967065|221, 79967476|350, 79967476|1578, 79975994|1979, 79984588|2296, 79990584|2439, 79990630|2522, 80025610|2624, 80025610|3027, 80026106|3122, 80026158|3240, 80026644|4016, https://www.bing.com, 
80028169|1, 80028431|243, 80028431|1717, 80038762|1932, 80049614|2329, 80051984|2529, 80052969|2623, 80052969|3560, 80053164|3677, 80053378|3801, 80053378|4058, https://www.ctrip.com, 
80115019|1, 80115019|1877, 80126012|2247, 80137205|2625, 80138190|2726, 80138190|3826, 80138599|3972, 80138599|4103, https://www.ctrip.com, 
80204117|1, 80204117|3097, 80204291|3422, 80205053|4031, https://www.netflix.com, 
80211854|1, 80211854|3056, 80212420|3455, 80238232|3954, 80241836|4173, http://blogs.360.cn, 
80354550|1, 80354550|2971, 80354966|3465, 80383412|3995, 80384319|4178, http://blogs.360.cn, 
80499664|1, 80499664|3233, 80514765|3823, 80591727|4265, https://www.baidu.com, 
80843162|1, 80843162|542, 80843506|1068, 80843506|2846, 80852418|3350, 80863706|4076, https://www.ctrip.com, 
80908556|1, 80908556|2664, 80916642|2978, 80932920|3724, 80943071|4167, https://zhuanlan.zhihu.com, 
80970370|1, 80970370|420, 80970574|597, 80970574|2974, 80979226|3242, 80980832|3732, 81002104|4260, https://www.apple.com, 
81452019|1, 81452019|3271, 81452533|3920, 81452916|4440, https://www.buaa.edu.cn, 
81475567|1, 81475567|250, 81475685|688, 81475685|2832, 81484649|3158, 81559170|3901, 81564097|4080, https://www.baidu.com, 
81781038|1, 81781038|528, 81781468|1020, 81781468|3098, 81789222|3634, 81798008|4110, https://www.douyin.com, 
81831324|1, 81831324|3090, 81831498|3534, 81836126|4101, https://www.buaa.edu.cn, 
81853588|1, 81853588|3121, 81853708|3338, 81867566|3890, 81960916|4368, https://www.baidu.com, 
82134732|1, 82134732|2956, 82143788|3392, 82256406|4132, https://www.baidu.com, 
82456038|1, 82461428|4097, https://www.netflix.com, 
82463714|1, 82463714|432, 82464121|724, 82464121|2915, 82472207|3253, 82496900|4147, https://zhuanlan.zhihu.com, 
82524364|1, 82524364|640, 82525318|1177, 82525318|3245, 82533857|3840, 82548625|4464, https://www.bing.com, 
82587001|1, 82587001|3099, 82587105|3349, 82602723|4020, https://www.douyin.com, 
82634919|1, 82634919|3132, 82643005|3539, 82650961|4238, https://zhuanlan.zhihu.com, 
82698517|1, 82698517|2726, 82706603|3040, 82721954|3750, 82739265|4125, https://zhuanlan.zhihu.com, 
82767940|1, 82767940|3067, 82768288|3596, 82772898|4108, https://www.buaa.edu.cn, 
82790094|1, 82790094|940, 82790682|1496, 82790682|3595, 82790856|3902, 82791618|4458, https://www.netflix.com, 
82798382|1, 82798382|3389, 82799318|3873, 82803772|4484, https://www.netflix.com, 
82806078|1, 82806078|3186, 82814430|3640, 82839252|4268, https://zhuanlan.zhihu.com, 
82867024|1, 82867024|3284, 82867960|3833, 82873322|4278, https://www.netflix.com, 
