627|1, 627|194, 628|207, 628|547, 621|554, 627|561, 627|1227, 628|1235, 628|1580, 627|1588, 621|1595, 627|1601, 627|1669, 621|1683, 627|1690, 627|1733, tap_regular_character, 
627|1, 627|629, 628|635, 628|1026, 623|1032, 621|1038, 621|1750, 627|1756, 627|1833, 622|1841, 621|1848, 627|1855, 627|1920, short_swipe, 
627|1, 627|134, 626|143, 626|534, 627|539, 627|632, 628|643, 628|1229, 629|1235, 628|1240, 628|1280, 621|1285, 621|1729, 627|1735, 627|1809, 621|1819, 621|1832, 627|1842, 627|1878, long_swipe, 
627|1, 627|638, 628|644, 628|1241, 629|1247, 628|1253, 628|1530, 622|1536, 621|1541, 621|1746, 628|1751, 627|1757, 627|1829, 621|1839, 621|1845, 627|1850, 627|1892, long_press_character, 
627|1, 627|659, 628|665, 628|997, 621|1004, 621|1009, 627|1014, 627|1663, 628|1669, 628|1995, 623|2000, 621|2006, 627|2010, 627|2085, 621|2093, 627|2099, 627|2161, tap_regular_character, 
627|1, 627|606, 628|612, 628|718, 630|725, 630|1016, 623|1023, 623|1113, 624|1119, 622|1124, 621|1132, 621|1158, 620|1164, 620|1183, 622|1193, 622|1199, 619|1210, 619|1393, 620|1398, 620|1735, 626|1741, 626|1808, 620|1822, 626|1833, 626|1881, short_swipe, 
626|1, 626|626, 627|632, 627|915, 628|922, 627|928, 627|973, 620|979, 626|984, 626|1636, 627|1641, 627|1976, 622|1982, 620|1987, 626|1997, 620|2078, 622|2085, 626|2092, 626|2127, tap_regular_character, 
626|1, 626|626, 627|631, 627|1039, 620|1050, 620|1755, 626|1768, 626|1833, 620|1839, 620|1844, 626|1851, 626|1888, short_swipe, 
626|1, 626|627, 627|633, 627|972, 620|977, 620|982, 626|988, 626|1478, 627|1483, 627|1616, 628|1837, 628|1975, 621|1981, 621|1986, 627|1992, 627|2169, tap_regular_character, 
627|1, 627|582, 628|587, 628|974, 621|980, 621|986, 627|992, 627|1648, 628|1653, 628|2020, 621|2027, 627|2032, 627|2092, 628|2097, 627|2103, 622|2109, 621|2115, 621|2120, 627|2125, 627|2169, tap_shift, 
627|1, 627|661, 628|671, 628|949, 629|954, 628|960, 628|1557, 621|1564, 621|1748, 627|1753, 627|1840, 621|1846, 621|1851, 627|1856, 627|1900, long_press_character, 
627|1, 627|36, 628|41, 627|48, 627|637, 628|647, 628|983, 621|988, 629|993, 627|999, 627|1640, 628|1645, 628|1984, 623|1990, 621|1995, 627|2000, 627|2078, 621|2091, 627|2099, 627|2139, tap_regular_character, 
627|1, 627|226, 626|232, 626|644, 627|650, 627|898, 628|903, 628|978, 622|984, 621|989, 627|994, 627|1652, 628|1657, 628|1993, 621|2003, 621|2008, 627|2016, 627|2081, 621|2088, 621|2094, 627|2099, 627|2169, tap_regular_character, 
627|1, 627|593, 628|598, 628|999, 621|1005, 621|1725, 627|1730, 627|1797, 621|1803, 621|1819, 627|1825, 627|1895, short_swipe, 
627|1, 627|617, 628|624, 628|983, 629|989, 628|995, 628|1037, 621|1043, 621|1716, 627|1724, 627|1787, 621|1794, 627|1806, 627|1870, short_swipe, 
627|1, 627|597, 628|602, 628|958, 623|964, 621|970, 627|975, 627|1657, 628|1662, 628|2020, 627|2035, 627|2096, 626|2101, 626|2118, 620|2129, 620|2135, 626|2144, 626|2177, tap_shift, 
626|1, 626|651, 627|657, 627|679, 628|685, 628|1250, 629|1255, 628|1261, 628|1533, 621|1539, 621|1755, 627|1760, 627|1837, 621|1850, 621|1857, 627|1865, 627|1908, long_press_character, 
627|1, 627|641, 628|647, 628|1049, 622|1057, 621|1066, 621|1745, 627|1750, 627|1829, 621|1837, 628|1846, 627|1852, 627|1890, short_swipe, 
627|1, 627|652, 628|657, 628|995, 621|1000, 621|1005, 627|1011, 627|1663, 628|1669, 628|2011, 621|2017, 628|2023, 627|2029, 627|2099, 621|2107, 627|2116, 627|2176, tap_regular_character, 
627|1, 627|621, 628|634, 628|1034, 621|1039, 621|1736, 623|1740, 627|1746, 627|1828, 625|1834, 621|1842, 627|1850, 627|1892, short_swipe, 
627|1, 627|181, 626|187, 626|653, 627|659, 627|860, 628|865, 628|1073, 622|1078, 621|1083, 621|1751, 629|1756, 627|1762, 627|1894, short_swipe, 
627|1, 627|648, 628|654, 628|1012, 629|1018, 628|1024, 628|1063, 621|1068, 621|1753, 627|1760, 627|1826, 621|1832, 621|1838, 628|1843, 627|1851, 627|1895, short_swipe, 
627|1, 627|636, 628|642, 628|1534, 621|1540, 621|1718, 623|1730, 623|1739, 621|1744, 627|1750, 627|1821, 628|1827, 627|1832, 627|1842, 621|1851, 627|1869, 627|1974, long_press_character, 
627|1, 627|548, 628|555, 628|968, 621|973, 621|1678, 627|1683, 627|1763, 621|1774, 621|1782, 627|1789, 627|1819, short_swipe, 
627|1, 627|633, 628|638, 628|979, 621|985, 628|992, 627|998, 627|1658, 628|1665, 628|1686, 627|1692, 627|2000, 620|2005, 620|2009, 626|2014, 626|2091, 620|2099, 620|2104, 626|2109, 626|2143, tap_regular_character, 
626|1, 627|15, 627|656, 628|661, 628|1307, 621|1312, 621|1759, 627|1764, 627|1847, 621|1855, 627|1874, 627|1908, long_swipe, 
627|1, 627|648, 628|654, 628|940, 629|945, 628|951, 628|990, 621|996, 621|1001, 627|1005, 627|1666, 628|1672, 628|2008, 621|2013, 621|2018, 627|2023, 627|2101, 621|2107, 621|2112, 627|2118, 627|2187, tap_regular_character, 
627|1, 627|586, 628|591, 628|954, 621|966, 627|972, 627|1623, 628|1629, 628|1967, 621|1973, 621|1978, 627|1982, 627|2128, tap_regular_character, 
627|1, 627|661, 628|672, 628|815, 627|821, 627|1040, 620|1046, 620|1051, 626|1061, 626|1363, 627|1368, 627|1709, 628|1714, 628|2005, 629|2011, 628|2019, 628|2071, 621|2079, 627|2087, 627|2161, 621|2168, 621|2174, 627|2181, 627|2216, tap_shift, 
627|1, 627|644, 628|649, 628|1282, 622|1288, 621|1293, 621|1432, 622|1436, 621|1441, 621|1756, 627|1763, 627|1848, 621|1854, 621|1861, 627|1866, 627|1906, long_swipe, 
627|1, 627|646, 628|651, 628|1289, 621|1294, 621|1754, 627|1768, 627|1827, 621|1837, 621|1843, 627|1854, 627|1884, long_swipe, 
627|1, 627|663, 628|668, 628|1165, 629|1171, 628|1176, 628|1322, 621|1327, 621|1758, 627|1763, 627|1838, 621|1846, 627|1862, 627|1916, long_swipe, 
627|1, 627|264, 626|269, 626|634, 627|643, 627|925, 628|930, 628|1536, 621|1541, 621|1743, 627|1748, 627|1817, 621|1829, 621|1835, 627|1840, 627|1878, long_press_character, 
627|1, 627|640, 628|646, 628|1277, 622|1282, 621|1288, 621|1652, 622|1657, 621|1661, 621|1754, 627|1760, 627|1840, 621|1848, 628|1854, 627|1861, 627|1894, long_swipe, 
627|1, 627|669, 628|674, 628|1088, 621|1094, 621|1760, 627|1767, 627|1844, 621|1852, 621|1858, 627|1865, 627|1906, short_swipe, 
627|1, 627|619, 628|624, 628|975, 629|980, 628|986, 628|1024, 621|1030, 621|1429, 623|1434, 623|1751, 629|1757, 629|1834, 623|1840, 623|1845, 629|1851, 630|1857, 627|1898, short_swipe, 
627|1, 626|47, 626|54, 628|60, 628|71, 625|78, 625|290, 626|295, 626|632, 627|637, 627|1228, 628|1233, 627|1239, 627|1292, 620|1298, 620|1748, 627|1753, 626|1760, 626|1912, long_swipe, 
626|1, 626|637, 627|643, 627|1006, 620|1011, 626|1018, 626|1673, 627|1679, 627|2031, 620|2038, 626|2046, 626|2119, 620|2128, 626|2192, tap_shift, 
626|1, 626|622, 627|631, 627|917, 628|924, 627|943, 627|991, 622|998, 620|1003, 624|1008, 626|1016, 626|1681, 627|1687, 627|2044, 620|2051, 626|2059, 626|2134, 620|2143, 620|2149, 626|2154, 626|2206, tap_shift, 
626|1, 627|16, 627|617, 628|622, 628|1267, 621|1273, 621|1749, 627|1757, 627|1832, 621|1839, 621|1844, 627|1851, 627|1893, long_swipe, 
627|1, 627|640, 628|646, 628|931, 629|938, 628|944, 628|982, 621|987, 621|992, 627|997, 627|1642, 628|1648, 628|1990, 621|1995, 621|2000, 627|2006, 627|2077, 621|2084, 621|2090, 627|2096, 627|2134, tap_regular_character, 
627|1, 627|627, 628|633, 628|1272, 621|1277, 621|1755, 627|1761, 627|1818, 628|1824, 627|1834, 621|1843, 621|1849, 627|1854, 627|1899, long_swipe, 
627|1, 627|628, 628|633, 628|907, 629|913, 628|918, 628|1016, 629|1020, 628|1026, 628|1505, 621|1512, 620|1517, 620|1749, 626|1755, 626|1847, 620|1853, 620|1859, 626|1865, 626|1896, long_press_character, 
626|1, 626|131, 627|137, 627|647, 628|653, 628|939, 629|946, 628|952, 628|1283, 621|1288, 621|1763, 627|1768, 627|1852, 623|1857, 621|1863, 621|1869, 627|1873, 627|1921, long_swipe, 
627|1, 627|607, 628|613, 628|1246, 621|1253, 621|1753, 627|1758, 627|1834, 621|1841, 621|1846, 627|1851, 627|1895, long_swipe, 
627|1, 627|655, 628|660, 628|1298, 621|1304, 621|1750, 627|1755, 627|1833, 621|1842, 627|1860, 627|1893, long_swipe, 
627|1, 627|640, 628|645, 628|1237, 629|1241, 628|1246, 628|1281, 625|1287, 621|1293, 621|1749, 627|1754, 627|1801, 626|1806, 626|1812, 627|1819, 626|1826, 626|1833, 620|1844, 626|1855, 626|1886, long_swipe, 
626|1, 626|371, 627|376, 627|650, 628|656, 628|1538, 621|1544, 621|1759, 623|1763, 627|1769, 627|1836, 622|1842, 627|1850, 627|1899, long_press_character, 
627|1, 627|639, 628|644, 628|932, 629|938, 628|949, 628|983, 621|990, 621|995, 627|1000, 627|1650, 628|1656, 628|1987, 621|1996, 627|2005, 627|2074, 621|2086, 627|2096, 627|2137, tap_regular_character, 
627|1, 627|632, 628|638, 628|1020, 629|1026, 628|1037, 628|1223, 629|1229, 628|1235, 628|1277, 621|1285, 621|1757, 627|1778, 627|1823, 628|1828, 627|1837, 627|1842, 621|1847, 621|1860, 627|1866, 627|1912, long_swipe, 
627|1, 627|619, 628|624, 628|900, 629|910, 628|915, 628|1017, 623|1022, 621|1027, 621|1742, 627|1747, 627|1825, 621|1831, 627|1838, 627|1877, short_swipe, 
627|1, 627|154, 626|159, 626|593, 627|603, 627|633, 628|638, 628|969, 621|973, 621|978, 627|982, 627|1625, 628|1631, 628|1962, 621|1968, 621|1972, 629|1977, 627|1983, 627|2056, 621|2062, 621|2068, 628|2075, 627|2106, tap_regular_character, 
627|1, 627|679, 628|685, 628|1036, 629|1042, 628|1047, 628|1083, 621|1090, 621|1763, 627|1771, 627|1837, 623|1843, 621|1849, 627|1859, 627|1897, short_swipe, 
627|1, 627|663, 628|674, 628|1037, 621|1044, 628|1050, 627|1055, 627|1710, 628|1716, 628|2052, 621|2066, 621|2074, 627|2081, 627|2151, 621|2158, 621|2164, 626|2169, 627|2200, tap_shift, 
627|1, 627|655, 628|661, 628|946, 629|951, 628|957, 628|1051, 629|1061, 628|1066, 628|1309, 621|1322, 621|1761, 627|1766, 627|1864, 621|1869, 627|1905, long_swipe, 
627|1, 627|652, 628|656, 628|887, 627|899, 627|943, 628|951, 627|958, 627|1150, 628|1155, 627|1167, 627|1251, 628|1256, 627|1262, 627|1318, 628|1323, 628|1545, 621|1557, 621|1773, 627|1778, 627|1875, 621|1885, 627|1892, 627|1934, long_press_character, 
627|1, 627|632, 628|638, 628|1512, 621|1525, 621|1749, 627|1757, 627|1834, 622|1840, 621|1846, 627|1852, 627|1893, long_press_character, 
627|1, 627|654, 628|659, 628|950, 629|961, 628|967, 628|1029, 621|1036, 627|1042, 627|1707, 628|1711, 628|2080, 623|2091, 621|2098, 627|2107, 627|2235, tap_shift, 
627|1, 627|648, 628|653, 628|1546, 621|1551, 621|1757, 627|1769, 627|1839, 621|1845, 621|1851, 628|1856, 627|1868, 627|1894, long_press_character, 
627|1, 627|629, 626|634, 626|653, 627|659, 627|979, 620|985, 626|1004, 626|1088, 627|1097, 627|1638, 628|1647, 628|1994, 621|2000, 621|2005, 627|2010, 627|2080, 621|2085, 621|2091, 627|2105, 627|2158, tap_regular_character, 
627|1, 627|605, 628|611, 628|1010, 623|1016, 621|1022, 621|1734, 627|1740, 627|1825, 621|1832, 627|1842, 627|1884, short_swipe, 
627|1, 627|640, 628|645, 628|1538, 623|1545, 621|1550, 621|1756, 627|1762, 627|1830, 621|1842, 627|1849, 627|1883, long_press_character, 
627|1, 627|33, 628|39, 627|45, 627|640, 628|651, 628|1280, 621|1287, 621|1763, 627|1768, 627|1843, 621|1854, 627|1906, long_swipe, 
627|1, 627|256, 626|261, 626|618, 627|623, 627|660, 628|666, 628|1034, 621|1040, 621|1750, 627|1756, 627|1824, 621|1831, 621|1837, 627|1842, 627|1903, short_swipe, 
627|1, 627|609, 628|614, 628|1487, 621|1494, 621|1732, 627|1737, 627|1812, 621|1818, 627|1826, 627|1854, long_press_character, 
627|1, 627|671, 628|677, 628|1037, 621|1052, 627|1058, 627|1717, 628|1722, 628|2080, 621|2087, 621|2091, 627|2102, 627|2158, 628|2164, 627|2170, 621|2176, 621|2181, 627|2187, 627|2219, tap_shift, 
627|1, 627|658, 629|664, 630|669, 630|959, 631|964, 630|970, 630|1047, 631|1053, 631|1057, 630|1062, 628|1069, 628|1092, 630|1098, 630|1104, 629|1109, 629|1134, 626|1139, 626|1325, 627|1337, 627|1571, 620|1576, 620|1763, 626|1768, 626|1932, long_press_character, 
626|1, 626|617, 627|623, 627|972, 620|982, 626|1045, 626|1655, 627|1661, 627|1841, 626|2106, 626|2126, 620|2135, 626|2141, 626|2186, tap_shift, 
626|1, 626|621, 627|627, 627|1015, 620|1026, 626|1036, 626|1705, 627|1710, 627|2075, 620|2081, 620|2092, 626|2099, 626|2432, tap_shift, 
626|1, 626|445, 627|450, 627|806, 628|811, 628|1360, 621|1365, 621|1553, 627|1560, 627|1610, 621|1625, 627|1632, 627|1712, long_press_character, 
627|1, 627|609, 628|615, 628|978, 621|983, 627|988, 627|1638, 628|1645, 628|1976, 621|1981, 621|1986, 627|1991, 627|2066, 621|2076, 627|2083, 627|2118, tap_regular_character, 
627|1, 627|646, 628|652, 628|933, 629|939, 628|945, 628|1302, 621|1309, 621|1761, 627|1768, 627|1844, 621|1850, 627|1859, 627|1885, long_swipe, 
627|1, 627|642, 628|648, 628|924, 629|930, 628|936, 628|1060, 621|1065, 621|1769, 627|1774, 627|1903, short_swipe, 
627|1, 627|581, 626|586, 626|668, 627|675, 627|1064, 628|1070, 628|1096, 621|1110, 621|1767, 627|1773, 627|1846, 621|1852, 621|1862, 627|1868, 628|1875, 627|1908, short_swipe, 
627|1, 627|635, 628|641, 628|1036, 621|1044, 621|1751, 627|1758, 627|1825, 625|1831, 621|1836, 627|1843, 627|1892, short_swipe, 
627|1, 627|637, 628|642, 628|1016, 621|1025, 621|1029, 627|1035, 627|1677, 628|1684, 628|2038, 623|2044, 621|2053, 627|2059, 627|2125, 621|2135, 621|2140, 627|2146, 627|2176, tap_shift, 
627|1, 627|665, 628|670, 628|957, 629|964, 628|970, 628|1310, 623|1316, 621|1321, 621|1763, 627|1769, 627|1866, 621|1873, 627|1881, 627|1909, long_swipe, 
627|1, 627|536, 626|542, 626|645, 627|653, 627|955, 628|961, 628|1547, 622|1554, 621|1565, 621|1764, 627|1770, 627|1851, 621|1861, 627|1868, 627|1897, long_press_character, 
627|1, 627|657, 628|663, 628|1023, 629|1036, 628|1042, 628|1075, 623|1081, 621|1087, 621|1780, 627|1786, 627|1866, 621|1872, 621|1878, 628|1884, 627|1903, short_swipe, 
627|1, 627|663, 628|668, 628|1295, 621|1300, 621|1775, 627|1782, 627|1852, 621|1858, 621|1863, 627|1870, 627|1895, long_swipe, 
627|1, 627|657, 628|662, 628|1160, 629|1165, 628|1170, 628|1259, 629|1266, 628|1277, 628|1548, 623|1554, 621|1559, 621|1766, 627|1772, 627|1865, 621|1873, 627|1879, 627|1905, long_press_character, 
627|1, 627|662, 628|667, 628|947, 627|952, 627|1078, 620|1083, 620|1410, 621|1415, 621|1775, 627|1782, 627|1853, 621|1862, 627|1874, 627|1918, short_swipe, 
627|1, 627|649, 628|654, 628|1026, 629|1032, 628|1037, 628|1074, 621|1080, 621|1746, 627|1752, 627|1833, 621|1842, 627|1848, 627|1873, short_swipe, 
627|1, 627|647, 628|653, 628|1549, 621|1562, 621|1772, 627|1781, 627|1853, 621|1858, 627|1864, 627|1895, long_press_character, 
627|1, 627|656, 628|661, 628|1045, 621|1052, 627|1057, 627|1726, 628|1733, 628|2092, 621|2101, 627|2106, 627|2199, 621|2211, 627|2237, tap_shift, 
627|1, 627|670, 628|675, 628|1261, 629|1266, 628|1272, 628|1319, 621|1324, 621|1781, 627|1786, 627|1857, 625|1864, 621|1870, 623|1875, 627|1887, 627|1930, long_swipe, 
627|1, 627|99, 626|105, 626|515, 627|520, 627|602, 628|609, 628|1243, 621|1251, 621|1742, 627|1748, 627|1861, long_swipe, 
627|1, 627|645, 628|650, 628|1282, 621|1288, 621|1767, 627|1771, 627|1850, 621|1856, 621|1861, 627|1867, 627|1897, long_swipe, 
627|1, 627|641, 628|646, 628|978, 621|983, 621|988, 627|993, 627|1638, 628|1643, 628|1980, 623|1985, 621|1991, 623|1995, 627|2001, 627|2089, 621|2096, 627|2120, tap_regular_character, 
627|1, 627|712, 628|717, 628|1094, 629|1099, 628|1104, 628|1351, 621|1358, 621|1695, 620|1700, 620|1782, 626|1786, 626|1923, long_swipe, 
626|1, 626|282, 627|293, 627|626, 628|632, 628|912, 629|917, 628|922, 628|1515, 621|1520, 621|1751, 627|1767, 627|1829, 623|1835, 621|1842, 627|1853, 627|1885, long_press_character, 
627|1, 627|621, 628|627, 628|978, 629|985, 628|991, 628|1028, 621|1034, 621|1759, 627|1767, 627|1854, 621|1862, 627|1887, short_swipe, 
627|1, 627|638, 628|643, 628|983, 621|989, 623|994, 627|1001, 627|1652, 628|1664, 628|2002, 621|2008, 621|2013, 627|2017, 627|2103, 621|2109, 627|2118, 627|2142, tap_regular_character, 
627|1, 627|633, 628|639, 628|1051, 621|1057, 621|1307, 620|1318, 620|1718, 621|1722, 621|1774, 627|1779, 627|1927, short_swipe, 
627|1, 627|611, 628|617, 628|979, 621|986, 621|993, 627|1001, 627|1646, 628|1652, 628|2032, 621|2041, 627|2047, 627|2121, 621|2131, 627|2136, 627|2166, tap_shift, 
627|1, 627|649, 628|655, 628|999, 621|1004, 621|1008, 627|1014, 627|1667, 628|1674, 628|2014, 621|2021, 621|2026, 627|2031, 627|2112, 621|2118, 621|2123, 627|2129, 627|2160, tap_regular_character, 
627|1, 627|634, 628|640, 628|997, 621|1006, 627|1019, 627|1659, 629|1666, 629|1692, 630|1698, 630|2062, 623|2076, 629|2081, 629|2139, 630|2145, 629|2151, 623|2157, 629|2162, 629|2203, tap_shift, 
629|1, 629|24, 630|36, 630|132, 625|139, 625|401, 626|407, 626|648, 627|654, 627|1018, 620|1025, 620|1030, 628|1036, 626|1043, 626|1699, 627|1704, 627|2067, 622|2074, 620|2080, 626|2086, 626|2168, 620|2180, 626|2190, 626|2220, tap_shift, 
626|1, 626|654, 627|659, 627|1063, 628|1068, 627|1074, 627|1557, 620|1563, 620|1746, 626|1840, 626|2049, long_press_character, 
626|1, 626|485, 627|491, 627|852, 626|1210, 626|1560, 627|1571, 627|1910, 628|1919, 628|1925, 621|1930, 621|1941, 627|1947, 627|2018, 621|2031, 627|2042, 627|2070, tap_shift, 
627|1, 627|704, 628|709, 628|1128, 621|1135, 621|1764, 627|1773, 627|1843, 621|1849, 621|1856, 622|1861, 627|1867, 627|1886, short_swipe, 
627|1, 627|643, 628|648, 628|1004, 623|1011, 621|1017, 621|1021, 627|1036, 627|1696, 628|1702, 628|2064, 621|2070, 627|2079, 627|2159, 625|2164, 627|2178, 627|2215, tap_shift, 
627|1, 627|625, 628|630, 628|1519, 621|1525, 621|1757, 627|1764, 627|1834, 621|1841, 621|1848, 627|1852, 627|1902, long_press_character, 
627|1, 627|624, 628|631, 628|955, 623|968, 621|974, 627|979, 627|1380, 626|1389, 626|1651, 627|1661, 627|1852, 628|1857, 628|2007, 621|2013, 621|2018, 627|2026, 627|2102, 623|2107, 621|2115, 627|2123, 627|2152, tap_regular_character, 
627|1, 627|631, 628|637, 628|1239, 629|1244, 628|1250, 628|1527, 621|1534, 621|1764, 627|1772, 627|1833, 621|1844, 621|1855, 627|1861, 627|1887, long_press_character, 
627|1, 627|630, 628|636, 628|1289, 621|1296, 621|1767, 627|1774, 627|1855, 621|1865, 627|1874, 627|1903, long_swipe, 
627|1, 627|134, 628|138, 627|143, 627|652, 628|657, 628|1020, 629|1029, 628|1035, 628|1072, 621|1077, 621|1766, 627|1772, 627|1843, 621|1851, 621|1859, 627|1866, 627|1896, short_swipe, 
627|1, 627|624, 628|629, 628|975, 621|980, 621|984, 627|991, 627|1122, 628|1127, 627|1132, 627|1504, 626|1509, 626|1653, 627|1658, 627|1914, 628|1919, 628|1993, 623|1999, 621|2005, 621|2011, 627|2017, 627|2096, 621|2104, 621|2111, 627|2120, 627|2141, tap_regular_character, 
627|1, 627|662, 628|668, 628|1011, 621|1018, 626|1024, 627|1036, 627|1679, 628|1691, 628|2027, 621|2034, 629|2039, 627|2045, 627|2126, 622|2134, 627|2155, tap_regular_character, 
627|1, 627|670, 628|675, 628|1321, 621|1328, 621|1784, 627|1789, 627|1868, 621|1876, 621|1882, 627|1887, 627|1905, long_swipe, 
627|1, 627|668, 628|673, 628|1037, 625|1052, 627|1063, 627|1731, 628|1738, 628|2109, 621|2115, 623|2121, 627|2127, 627|2201, 621|2207, 621|2212, 627|2218, 627|2273, tap_shift, 
627|1, 627|651, 628|656, 628|1128, 627|1134, 627|1296, 621|1302, 620|1308, 620|1572, 621|1584, 621|1741, 627|1748, 627|1809, 623|1818, 621|1828, 627|1834, 627|1871, long_swipe, 
627|1, 627|661, 628|668, 628|1010, 621|1016, 627|1021, 627|1705, 628|1711, 628|2043, 623|2049, 621|2054, 627|2058, 627|2134, 621|2139, 621|2145, 627|2150, 627|2181, tap_regular_character, 
627|1, 627|674, 628|679, 628|1067, 621|1074, 627|1080, 627|1746, 628|1751, 628|2027, 629|2033, 628|2038, 628|2104, 621|2113, 627|2119, 627|2191, 621|2201, 621|2208, 627|2220, 627|2243, tap_shift, 
627|1, 627|637, 628|642, 628|978, 621|991, 627|997, 627|1641, 628|1652, 628|1978, 622|1984, 621|1989, 628|1994, 627|2000, 627|2054, 628|2059, 627|2066, 621|2081, 627|2090, 627|2116, tap_regular_character, 
627|1, 627|640, 628|645, 628|1035, 621|1043, 627|1051, 627|1643, 626|1648, 626|1710, 627|1715, 627|1995, 628|2001, 627|2006, 627|2041, 628|2047, 627|2053, 627|2064, 620|2070, 623|2075, 627|2083, 627|2164, 621|2172, 627|2177, 627|2207, tap_shift, 
627|1, 627|662, 628|667, 628|1080, 621|1085, 621|1765, 627|1772, 627|1841, 625|1846, 621|1854, 627|1860, 627|1884, short_swipe, 
627|1, 627|669, 628|675, 628|1568, 621|1575, 621|1772, 627|1776, 627|1845, 621|1857, 621|1863, 627|1872, 627|1913, long_press_character, 
627|1, 627|655, 628|662, 628|947, 629|953, 628|959, 628|1149, 629|1154, 628|1159, 628|1251, 629|1256, 628|1261, 628|1554, 621|1559, 621|1751, 627|1757, 627|1830, 621|1838, 621|1844, 627|1850, 627|1872, long_press_character, 
627|1, 627|664, 628|669, 628|959, 629|968, 628|973, 628|1013, 621|1019, 621|1024, 627|1028, 627|1210, 626|1215, 626|1664, 627|1673, 627|1689, 628|1695, 628|2048, 621|2053, 621|2058, 627|2064, 627|2139, 621|2146, 621|2151, 627|2157, 627|2198, tap_regular_character, 
627|1, 627|634, 628|646, 628|1041, 622|1047, 621|1052, 621|1755, 627|1761, 627|1837, 621|1851, 627|1891, short_swipe, 
627|1, 627|639, 628|645, 628|1005, 623|1012, 621|1018, 627|1023, 627|1684, 628|1689, 628|2048, 621|2054, 627|2061, 627|2135, 622|2143, 621|2150, 627|2175, tap_shift, 
627|1, 627|667, 628|673, 628|963, 629|969, 628|974, 628|1020, 621|1025, 621|1030, 627|1035, 627|1685, 628|1690, 628|2027, 621|2033, 621|2037, 627|2042, 627|2118, 621|2127, 621|2133, 627|2138, 627|2165, tap_regular_character, 
627|1, 627|215, 626|221, 626|609, 627|614, 627|636, 628|642, 628|1042, 621|1047, 621|1766, 627|1771, 627|1844, 621|1854, 627|1863, 627|1895, short_swipe, 
627|1, 627|660, 628|666, 628|1328, 621|1336, 621|1763, 627|1769, 627|1843, 621|1850, 627|1857, 627|1901, long_swipe, 
627|1, 627|625, 628|631, 628|957, 621|970, 627|976, 627|1633, 628|1640, 628|1921, 629|1926, 628|1931, 628|1967, 621|1973, 621|1982, 627|1988, 627|2066, 621|2072, 627|2078, 627|2097, tap_regular_character, 
627|1, 627|667, 628|672, 628|788, 630|795, 630|1105, 623|1112, 623|1228, 621|1234, 621|1261, 620|1266, 620|1315, 619|1319, 617|1325, 617|1780, 623|1788, 623|1931, short_swipe, 
623|1, 623|672, 624|678, 624|1087, 617|1092, 617|1769, 623|1774, 623|1846, 619|1860, 623|1869, 623|1902, short_swipe, 
623|1, 623|679, 624|686, 624|1025, 617|1031, 617|1038, 622|1043, 623|1052, 623|1699, 624|1706, 624|2047, 617|2052, 617|2057, 623|2063, 623|2129, 617|2143, 623|2178, tap_regular_character, 
623|1, 623|639, 624|646, 624|989, 617|996, 617|1001, 623|1006, 623|1668, 624|1674, 624|2004, 619|2010, 617|2015, 617|2020, 623|2026, 623|2095, 617|2102, 623|2116, 623|2140, tap_regular_character, 
623|1, 623|637, 624|650, 624|979, 617|986, 619|991, 623|997, 623|1658, 624|1664, 624|1993, 617|2005, 623|2013, 623|2080, 617|2086, 623|2093, 623|2142, tap_regular_character, 
623|1, 623|622, 624|628, 624|1037, 617|1042, 617|1748, 623|1758, 623|1831, 617|1847, 623|1865, 623|1904, short_swipe, 
623|1, 623|658, 624|664, 624|954, 625|962, 624|968, 624|1085, 617|1090, 617|1748, 623|1755, 623|1832, 617|1854, 623|1863, 623|1906, short_swipe, 
623|1, 623|619, 624|625, 624|1039, 617|1044, 617|1755, 623|1764, 623|1824, 617|1846, 623|1878, 624|1917, short_swipe, 
624|1, 623|14, 623|638, 624|643, 624|1049, 617|1055, 617|1735, 623|1741, 623|1823, 617|1834, 623|1877, short_swipe, 
623|1, 624|23, 623|36, 623|648, 624|653, 624|1056, 617|1064, 617|1754, 625|1762, 623|1772, 623|1816, 624|1825, 623|1833, 623|1844, 617|1854, 623|1864, 623|1889, short_swipe, 
623|1, 623|648, 624|656, 624|1021, 619|1027, 617|1032, 624|1038, 623|1044, 623|1700, 624|1705, 624|2081, 617|2091, 617|2096, 623|2105, 623|2194, 617|2201, 623|2214, 623|2236, tap_shift, 
623|1, 623|650, 624|655, 624|1031, 617|1038, 623|1047, 623|1731, 624|1738, 624|2019, 625|2026, 624|2032, 624|2095, 618|2101, 617|2107, 623|2112, 623|2199, 617|2207, 623|2214, 623|2250, tap_shift, 
623|1, 623|637, 624|643, 624|1004, 618|1011, 617|1016, 623|1024, 623|1686, 624|1692, 624|2054, 617|2070, 623|2079, 623|2145, 617|2156, 617|2163, 623|2170, 623|2199, tap_shift, 
623|1, 623|646, 624|652, 624|1527, 617|1536, 617|1762, 623|1772, 623|1838, 617|1850, 623|1856, 623|1945, long_press_character, 
623|1, 623|644, 624|650, 624|1008, 617|1013, 617|1018, 623|1025, 623|1687, 624|1694, 624|2037, 617|2043, 617|2047, 623|2052, 623|2126, 617|2138, 623|2154, 623|2178, tap_regular_character, 
623|1, 623|647, 624|653, 624|1543, 619|1548, 617|1554, 617|1766, 623|1771, 623|1849, 617|1866, 623|1877, 623|1912, long_press_character, 
623|1, 623|677, 624|685, 624|1057, 619|1064, 617|1071, 623|1079, 623|1736, 624|1742, 624|2106, 617|2111, 617|2119, 623|2129, 623|2197, 622|2203, 617|2210, 623|2218, 623|2242, tap_shift, 
623|1, 623|659, 624|665, 624|1295, 617|1304, 617|1770, 623|1775, 623|1943, 617|1954, 623|1967, 623|1999, long_swipe, 
623|1, 623|622, 624|628, 624|1258, 617|1264, 617|1761, 624|1766, 623|1773, 623|1842, 617|1862, 624|1874, 623|1936, long_swipe, 
623|1, 623|613, 624|619, 624|905, 625|910, 624|916, 624|1009, 617|1015, 617|1020, 623|1025, 623|1697, 624|1703, 624|2073, 617|2079, 617|2087, 623|2094, 623|2181, 617|2188, 623|2197, 623|2214, tap_shift, 
623|1, 623|638, 624|644, 624|975, 619|980, 617|985, 623|990, 623|1654, 624|1659, 624|1996, 617|2002, 623|2013, 623|2093, 617|2100, 623|2111, 623|2130, tap_regular_character, 
623|1, 623|391, 624|405, 626|410, 626|419, 627|424, 627|679, 628|685, 628|1321, 621|1327, 621|1628, 627|1635, 627|1645, 625|1652, 625|1657, 628|1665, 626|1673, 626|1685, 627|1691, 626|1697, 628|1704, 628|1721, 630|1726, 631|1731, 631|1776, 637|1784, 637|1832, 640|1839, 640|1848, 639|1856, 635|1866, 638|1873, 638|1911, long_swipe, 
638|1, 637|10, 636|16, 636|34, 639|40, 637|47, 637|138, 638|144, 638|681, 639|686, 639|1585, 632|1592, 632|1760, 638|1765, 638|1809, 639|1814, 639|1845, 633|1851, 635|1861, 639|1873, 639|1905, long_press_character, 
639|1, 639|159, 641|164, 641|170, 642|176, 642|355, 640|363, 640|368, 642|372, 642|402, 640|407, 640|652, 641|658, 641|812, 643|818, 643|920, 645|925, 645|931, 646|936, 644|947, 644|1014, 637|1020, 637|1025, 643|1030, 643|1683, 644|1917, 644|2060, 637|2073, 637|2079, 643|2093, 643|2157, 637|2165, 643|2171, 643|2200, tap_shift, 
643|1, 643|622, 645|627, 645|658, 644|665, 644|743, 643|750, 640|758, 640|961, 639|974, 639|992, 632|997, 632|1003, 638|1009, 638|1669, 639|1681, 639|1877, 640|1943, 640|2045, 635|2051, 633|2058, 633|2063, 639|2069, 641|2076, 641|2092, 640|2145, 635|2151, 634|2158, 640|2166, 640|2188, tap_shift, 
640|1, 640|669, 641|675, 641|1095, 634|1102, 634|1769, 642|1774, 640|1779, 640|1830, 641|1835, 640|1842, 640|1847, 634|1854, 640|1882, short_swipe, 
640|1, 640|672, 641|677, 641|1017, 634|1022, 634|1027, 640|1032, 640|1605, 639|1610, 639|1690, 640|1700, 640|1842, 641|1848, 639|1853, 639|2034, 632|2040, 632|2046, 638|2054, 638|2128, 632|2134, 638|2140, 638|2160, tap_regular_character, 
638|1, 638|658, 639|669, 639|878, 638|883, 638|1064, 633|1070, 631|1075, 631|1298, 634|1304, 634|1309, 632|1314, 632|1775, 634|1780, 638|1787, 638|1863, 632|1869, 632|1875, 638|1881, 638|1902, short_swipe, 
638|1, 638|601, 641|608, 640|621, 640|656, 641|661, 641|692, 640|697, 640|728, 639|735, 639|867, 643|874, 641|880, 641|1055, 642|1059, 642|1084, 641|1089, 641|1317, 634|1322, 634|1560, 635|1574, 635|1774, 641|1779, 641|1904, long_swipe, 
641|1, 641|664, 642|669, 642|723, 644|729, 642|735, 642|952, 643|957, 643|1020, 642|1025, 639|1033, 635|1039, 635|1044, 641|1051, 642|1056, 642|1073, 641|1088, 641|1715, 642|1720, 642|2066, 635|2082, 635|2087, 641|2097, 641|2174, 639|2179, 635|2185, 635|2191, 641|2196, 641|2221, tap_shift, 
641|1, 641|291, 640|298, 640|526, 641|531, 641|627, 640|632, 640|638, 641|644, 641|1442, 642|1447, 641|1452, 641|1523, 634|1535, 634|1558, 635|1563, 635|1651, 634|1664, 635|1669, 635|1674, 634|1678, 634|1760, 635|1765, 638|1773, 638|1850, 632|1859, 638|1875, 638|1895, long_press_character, 
638|1, 638|22, 640|29, 640|55, 643|62, 643|79, 642|85, 642|91, 637|97, 637|337, 639|349, 639|530, 638|535, 638|638, 639|643, 639|1293, 641|1298, 641|1361, 640|1365, 640|1526, 633|1532, 633|1768, 639|1774, 639|1858, 633|1866, 639|1886, long_press_character, 
639|1, 639|655, 640|660, 640|1142, 639|1147, 639|1252, 640|1259, 639|1264, 639|1298, 632|1304, 632|1572, 633|1577, 633|1784, 639|1789, 639|1857, 633|1864, 633|1870, 639|1875, 639|1907, long_swipe, 
639|1, 639|642, 640|647, 640|979, 633|988, 639|995, 639|1648, 640|1661, 640|2004, 633|2010, 639|2015, 639|2138, tap_regular_character, 
639|1, 639|403, 638|407, 638|451, 637|456, 637|647, 638|660, 638|695, 637|703, 636|707, 636|951, 637|958, 636|964, 636|1256, 637|1261, 636|1266, 636|1558, 630|1564, 629|1569, 629|1705, 634|1710, 632|1717, 631|1728, 631|1769, 637|1776, 637|1843, 631|1851, 637|1861, 637|1905, long_press_character, 
637|1, 637|211, 639|216, 639|241, 640|246, 639|251, 639|268, 638|273, 638|642, 639|648, 639|1056, 632|1063, 632|1752, 638|1758, 638|1837, 632|1844, 638|1850, 638|1896, short_swipe, 
638|1, 638|624, 639|630, 639|901, 641|909, 640|918, 640|1011, 641|1016, 640|1021, 640|1232, 639|1244, 639|1505, 632|1514, 632|1733, 633|1739, 633|1749, 635|1754, 639|1760, 639|1839, 633|1850, 640|1858, 639|1878, long_press_character, 
639|1, 639|626, 640|632, 640|959, 633|971, 633|976, 639|981, 639|1476, 638|1483, 638|1630, 639|1644, 639|1821, 641|1826, 641|1887, 640|1893, 640|1898, 641|1903, 641|1916, 640|1928, 640|1966, 635|1972, 633|1978, 639|1983, 639|2060, 633|2067, 639|2074, 639|2124, tap_regular_character, 
639|1, 639|616, 640|621, 640|886, 642|891, 644|896, 644|963, 643|968, 643|984, 642|989, 642|1506, 636|1511, 635|1517, 635|1749, 641|1755, 641|1834, 635|1841, 635|1846, 641|1856, 641|1872, long_press_character, 
641|1, 641|654, 642|660, 642|1082, 635|1087, 635|1776, 641|1782, 641|1864, 635|1869, 641|1876, 641|1908, short_swipe, 
641|1, 641|169, 640|176, 640|627, 641|632, 641|1040, 634|1046, 634|1766, 640|1772, 640|1834, 634|1850, 640|1856, 640|1879, short_swipe, 
640|1, 640|274, 639|281, 639|676, 640|686, 640|703, 639|708, 639|1037, 640|1043, 639|1049, 639|1086, 632|1098, 632|1137, 633|1142, 633|1263, 634|1269, 633|1274, 633|1337, 635|1342, 634|1348, 634|1773, 640|1778, 640|1843, 638|1853, 634|1859, 640|1864, 641|1871, 640|1896, short_swipe, 
640|1, 640|179, 639|190, 639|494, 642|500, 642|505, 641|510, 641|656, 640|662, 641|669, 641|873, 640|877, 640|1545, 633|1550, 633|1766, 639|1772, 639|1843, 633|1858, 639|1869, 639|1891, long_press_character, 
639|1, 639|635, 640|643, 640|988, 635|994, 633|999, 639|1004, 639|1671, 640|1676, 640|2010, 633|2016, 633|2025, 638|2031, 639|2036, 639|2108, 633|2115, 639|2140, tap_regular_character, 
639|1, 639|155, 640|160, 639|166, 639|452, 640|457, 640|468, 638|475, 638|676, 639|682, 639|977, 640|982, 639|987, 639|1392, 640|1396, 639|1402, 639|1571, 632|1585, 632|1780, 638|1786, 638|1839, 640|1845, 640|1871, 633|1883, 639|1893, 640|1911, long_press_character, 
640|1, 639|10, 639|444, 638|450, 638|619, 637|624, 637|670, 638|676, 638|1032, 637|1049, 637|1137, 638|1143, 638|1714, 639|1719, 639|2087, 634|2093, 632|2100, 638|2104, 638|2180, 636|2189, 632|2198, 638|2204, 638|2225, tap_shift, 
638|1, 638|277, 639|282, 639|356, 637|361, 639|365, 639|414, 638|418, 638|668, 639|673, 639|1058, 632|1064, 632|1069, 638|1074, 638|1218, 637|1223, 637|1736, 638|1742, 638|2115, 631|2124, 637|2134, 637|2212, 632|2218, 631|2228, 637|2254, tap_shift, 
637|1, 637|487, 636|492, 636|655, 637|660, 637|972, 639|977, 639|1063, 640|1069, 639|1074, 639|1322, 632|1331, 632|1714, 633|1727, 635|1732, 635|1737, 634|1741, 634|1774, 640|1780, 640|1796, 639|1801, 639|1851, 634|1860, 633|1867, 639|1875, 639|1902, long_swipe, 
639|1, 639|658, 640|663, 640|1084, 633|1090, 633|1766, 639|1771, 639|1848, 637|1853, 639|1866, 639|1907, short_swipe, 
639|1, 639|121, 638|126, 638|159, 639|165, 641|171, 641|178, 639|184, 639|544, 640|550, 640|657, 641|662, 641|1061, 642|1072, 641|1077, 641|1315, 634|1326, 634|1757, 640|1762, 640|1837, 634|1843, 640|1864, 640|1890, long_swipe, 
640|1, 640|671, 641|677, 641|948, 642|962, 641|967, 641|1086, 640|1091, 640|1378, 641|1383, 640|1388, 640|1564, 633|1570, 633|1758, 639|1763, 639|1830, 633|1838, 633|1850, 639|1856, 639|1886, long_press_character, 
639|1, 639|400, 641|405, 641|486, 640|491, 640|658, 641|664, 641|970, 642|976, 641|981, 641|1068, 642|1073, 641|1078, 641|1325, 634|1337, 634|1763, 640|1769, 640|1852, 634|1859, 640|1883, long_swipe, 
640|1, 640|390, 642|396, 642|652, 643|657, 643|795, 644|800, 641|806, 641|831, 640|836, 640|893, 637|900, 637|1062, 632|1068, 630|1073, 630|1549, 629|1555, 629|1781, 635|1787, 635|1856, 629|1870, 635|1882, 635|1897, short_swipe, 
635|1, 635|679, 636|690, 636|1093, 629|1102, 629|1688, 628|1693, 628|1757, 627|1762, 628|1768, 628|1778, 634|1783, 634|1847, 635|1859, 630|1876, 628|1890, 634|1916, short_swipe, 
634|1, 634|657, 635|677, 635|866, 637|872, 636|877, 636|1014, 629|1019, 629|1032, 635|1036, 635|1696, 636|1704, 636|2031, 629|2044, 629|2058, 635|2063, 635|2147, 629|2162, 635|2200, tap_regular_character, 
635|1, 635|644, 636|650, 636|1287, 629|1293, 629|1669, 630|1674, 629|1678, 629|1758, 635|1763, 635|1909, long_swipe, 
635|1, 635|660, 636|666, 636|1549, 629|1556, 629|1763, 635|1768, 635|1834, 629|1857, 635|1887, 635|1920, long_press_character, 
635|1, 635|633, 636|639, 636|1000, 629|1005, 629|1014, 635|1022, 635|1691, 636|1696, 635|1703, 635|2092, 628|2100, 634|2111, 634|2186, 630|2194, 628|2202, 628|2207, 634|2215, 634|2232, tap_shift, 
634|1, 634|640, 635|646, 635|1538, 628|1544, 628|1771, 634|1779, 634|1930, long_press_character, 
634|1, 634|545, 633|550, 633|649, 634|654, 634|991, 627|997, 627|1006, 633|1010, 633|1678, 634|1683, 634|2019, 627|2024, 627|2033, 633|2040, 633|2120, 627|2126, 627|2139, 633|2145, 633|2164, tap_regular_character, 
633|1, 633|652, 634|658, 634|1052, 635|1057, 634|1062, 634|1316, 627|1331, 627|1769, 633|1775, 633|1836, 627|1862, 633|1898, long_swipe, 
633|1, 633|494, 637|499, 637|505, 636|511, 635|516, 635|694, 636|700, 636|1047, 629|1055, 629|1059, 635|1066, 635|1714, 636|1721, 636|1778, 632|1793, 630|1801, 627|1809, 627|1820, 626|1827, 626|1851, 624|1858, 624|1946, 626|1951, 626|2093, 619|2098, 619|2104, 627|2111, 625|2122, 625|2191, 619|2196, 625|2219, tap_regular_character, 
625|1, 625|132, 626|137, 626|675, 627|681, 627|732, 629|737, 629|757, 627|768, 627|1053, 620|1059, 620|1070, 626|1076, 626|1731, 627|1736, 627|2087, 620|2095, 620|2100, 626|2105, 626|2185, 620|2191, 620|2196, 626|2202, 626|2219, tap_shift, 
626|1, 626|641, 627|648, 627|931, 628|941, 627|948, 627|996, 622|1005, 620|1012, 626|1018, 626|1696, 627|1701, 627|2068, 620|2075, 620|2080, 624|2085, 626|2091, 626|2165, 620|2171, 620|2181, 626|2189, 626|2206, tap_shift, 
626|1, 626|242, 628|247, 628|268, 626|538, 626|713, 627|717, 627|1096, 628|1101, 627|1106, 627|1352, 620|1359, 620|1768, 628|1777, 626|1784, 626|1858, 621|1872, 627|1911, long_swipe, 
627|1, 627|652, 628|664, 628|1005, 621|1011, 621|1020, 627|1025, 627|1694, 628|1699, 628|2045, 622|2051, 621|2056, 621|2060, 627|2065, 627|2133, 621|2138, 621|2150, 627|2156, 627|2184, tap_regular_character, 
627|1, 627|635, 628|640, 628|1012, 621|1019, 621|1026, 627|1032, 627|1700, 628|1706, 628|2137, 621|2142, 621|2147, 627|2152, 627|2245, 621|2251, 627|2262, 627|2288, tap_shift, 
627|1, 627|638, 628|643, 628|992, 621|998, 621|1002, 627|1007, 627|1652, 628|1657, 628|2089, 621|2097, 621|2103, 627|2108, 627|2275, 621|2287, 627|2298, 627|2341, tap_regular_character, 
627|1, 627|192, 629|197, 627|203, 629|209, 627|215, 627|262, 629|268, 629|281, 627|287, 627|311, 629|319, 627|330, 627|391, 626|396, 626|624, 627|630, 627|879, 628|885, 628|957, 621|964, 621|970, 627|974, 627|1638, 628|1644, 628|1975, 621|1988, 627|2000, 627|2075, 621|2083, 628|2088, 627|2105, tap_regular_character, 
627|1, 627|649, 628|654, 628|1073, 621|1079, 621|1775, 627|1784, 627|1858, 621|1865, 621|1871, 623|1877, 627|1898, short_swipe, 
627|1, 627|654, 628|659, 628|1541, 621|1549, 621|1777, 627|1783, 627|1862, 625|1869, 621|1876, 627|1896, long_press_character, 
627|1, 627|667, 628|672, 628|954, 629|960, 628|965, 628|1032, 621|1038, 627|1045, 627|1696, 628|1701, 628|2050, 621|2058, 621|2062, 627|2068, 627|2129, 628|2134, 627|2141, 627|2145, 621|2151, 621|2162, 627|2169, 627|2195, tap_shift, 
627|1, 627|178, 629|184, 627|192, 627|344, 626|348, 626|656, 627|661, 627|750, 628|755, 628|1016, 621|1023, 621|1029, 627|1034, 627|1702, 628|1707, 628|2082, 621|2088, 621|2099, 627|2110, 627|2185, 621|2190, 621|2202, 627|2207, 627|2221, tap_shift, 
627|1, 627|673, 628|678, 628|1331, 621|1337, 621|1778, 627|1786, 627|1863, 622|1872, 621|1878, 628|1886, 627|1916, long_swipe, 
627|1, 627|647, 628|658, 628|991, 621|999, 627|1007, 627|1148, 625|1162, 625|1661, 626|1666, 626|2006, 619|2012, 619|2017, 625|2022, 625|2102, 619|2113, 626|2124, 625|2136, 625|2160, tap_regular_character, 
625|1, 625|677, 626|682, 626|1108, 619|1114, 619|1756, 625|1762, 625|1832, 623|1846, 619|1853, 619|1858, 625|1869, 625|1892, short_swipe, 
625|1, 625|64, 624|69, 624|508, 625|515, 625|618, 626|629, 626|1417, 627|1421, 626|1427, 626|1506, 619|1513, 619|1762, 625|1770, 625|1838, 619|1844, 625|1873, long_press_character, 
625|1, 625|665, 626|671, 626|887, 627|896, 628|906, 628|1002, 626|1009, 626|1040, 619|1048, 619|1054, 625|1062, 625|1724, 626|1731, 626|2073, 619|2078, 619|2083, 625|2088, 625|2165, 619|2175, 625|2193, tap_regular_character, 
625|1, 625|669, 626|674, 626|1261, 627|1266, 626|1271, 626|1317, 619|1324, 619|1786, 625|1792, 625|1884, 622|1890, 619|1896, 619|1902, 625|1910, 625|1942, long_swipe, 
625|1, 625|636, 626|643, 626|1069, 619|1074, 619|1760, 625|1767, 625|1838, 619|1854, 625|1891, short_swipe, 
625|1, 625|639, 626|646, 626|1061, 619|1068, 619|1078, 618|1083, 618|1509, 619|1514, 619|1764, 625|1770, 625|1838, 619|1850, 619|1855, 625|1864, 625|1888, short_swipe, 
625|1, 625|671, 626|676, 626|1568, 619|1574, 619|1758, 625|1783, 625|1849, 619|1864, 625|1887, 625|1905, long_press_character, 
625|1, 625|651, 626|659, 626|1067, 620|1073, 619|1078, 619|1706, 620|1710, 619|1716, 619|1758, 625|1763, 625|1835, 620|1843, 619|1849, 619|1854, 625|1860, 625|1874, short_swipe, 
625|1, 625|665, 626|671, 626|1004, 619|1009, 619|1014, 625|1019, 625|1686, 626|1691, 626|2037, 619|2043, 619|2048, 625|2054, 625|2135, 619|2142, 619|2148, 625|2153, 625|2171, tap_regular_character, 
625|1, 625|675, 626|681, 626|743, 625|750, 625|1214, 626|1220, 626|1587, 619|1599, 619|1780, 625|1788, 625|1851, 619|1861, 625|1875, 625|1915, long_press_character, 
625|1, 625|636, 626|641, 626|1239, 627|1245, 626|1250, 626|1554, 619|1560, 619|1754, 625|1760, 625|1840, 624|1850, 619|1856, 619|1861, 625|1867, 625|1886, long_press_character, 
625|1, 625|666, 626|672, 626|955, 627|960, 626|966, 626|1079, 619|1085, 619|1772, 625|1789, 625|1859, 619|1866, 619|1871, 625|1876, 625|1900, short_swipe, 
625|1, 625|654, 626|659, 626|1060, 620|1067, 619|1073, 619|1088, 626|1093, 625|1101, 625|1757, 626|1762, 626|2136, 619|2158, 625|2173, 625|2242, 626|2248, 625|2257, 625|2268, 619|2282, 625|2300, tap_shift, 
625|1, 625|281, 624|288, 624|699, 625|704, 626|718, 626|1125, 619|1132, 625|1141, 625|1829, 626|1834, 626|2264, 619|2273, 619|2278, 625|2289, 625|2366, 619|2378, 625|2400, tap_shift, 
625|1, 625|685, 626|690, 626|1329, 619|1344, 619|1770, 625|1786, 625|1851, 619|1864, 625|1872, 625|1890, long_swipe, 
625|1, 625|675, 626|680, 626|1053, 619|1064, 619|1070, 625|1075, 625|1732, 626|1743, 626|2126, 625|2134, 619|2152, 625|2166, 625|2231, 626|2237, 625|2243, 625|2255, 619|2268, 625|2289, 625|2328, tap_shift, 
625|1, 627|31, 627|444, 625|476, 624|496, 624|533, 621|539, 621|756, 622|761, 622|1044, 623|1051, 622|1057, 622|1134, 615|1143, 615|1148, 621|1156, 621|1816, 622|1821, 622|2199, 615|2206, 615|2211, 621|2216, 621|2301, 615|2311, 621|2324, 621|2356, tap_shift, 
621|1, 621|649, 622|655, 622|1307, 615|1313, 615|1760, 621|1772, 621|1884, 615|1893, 615|1900, 621|1910, 621|1931, long_swipe, 
621|1, 621|657, 622|663, 622|1572, 615|1581, 615|1766, 621|1775, 621|1855, 615|1863, 621|1896, long_press_character, 
621|1, 621|630, 622|642, 622|1280, 615|1287, 615|1775, 621|1781, 621|1865, 615|1874, 621|1896, long_swipe, 
621|1, 621|660, 622|665, 622|1549, 615|1555, 615|1783, 621|1788, 621|1948, long_press_character, 
621|1, 621|649, 622|654, 622|1557, 615|1563, 615|1764, 621|1769, 621|1861, 615|1874, 615|1880, 621|1885, 621|1905, long_press_character, 
621|1, 621|377, 623|386, 623|489, 621|493, 621|681, 622|686, 622|1013, 616|1018, 615|1023, 615|1028, 621|1033, 621|1702, 622|1709, 622|2054, 615|2059, 615|2063, 621|2068, 621|2146, 615|2154, 617|2165, 621|2194, tap_regular_character, 
621|1, 621|645, 622|652, 622|1027, 615|1039, 615|1044, 621|1052, 621|1723, 622|1732, 622|2092, 616|2102, 615|2108, 621|2114, 621|2189, 619|2195, 615|2201, 615|2207, 621|2213, 621|2227, tap_shift, 
621|1, 621|663, 622|668, 622|1035, 615|1041, 621|1057, 621|1721, 622|1727, 622|2079, 615|2094, 621|2103, 621|2174, 615|2181, 615|2188, 621|2196, 621|2217, tap_shift, 
621|1, 621|641, 622|648, 622|1051, 615|1058, 615|1771, 621|1778, 621|1849, 615|1862, 621|1873, 621|1891, short_swipe, 
621|1, 621|663, 622|669, 622|1564, 615|1571, 615|1780, 621|1786, 621|1870, 615|1879, 621|1922, long_press_character, 
621|1, 621|650, 622|655, 622|996, 615|1003, 615|1008, 621|1016, 621|1671, 622|1677, 622|2029, 615|2034, 615|2039, 621|2044, 621|2118, 615|2125, 621|2155, tap_regular_character, 
621|1, 621|660, 622|675, 622|1563, 617|1569, 615|1575, 615|1774, 621|1781, 621|1852, 615|1870, 621|1921, long_press_character, 
621|1, 621|677, 622|683, 622|1044, 615|1049, 615|1054, 621|1065, 621|1734, 622|1740, 622|2146, 615|2157, 621|2164, 621|2232, 615|2239, 621|2269, tap_shift, 
621|1, 621|675, 622|682, 622|1320, 615|1325, 615|1777, 621|1782, 621|1858, 615|1877, 621|1916, long_swipe, 
621|1, 621|645, 622|650, 622|1032, 623|1037, 622|1041, 622|1548, 615|1560, 615|1655, 616|1659, 615|1664, 615|1766, 621|1774, 621|1830, 622|1839, 615|1859, 621|1882, 621|1924, long_press_character, 
621|1, 621|647, 622|652, 622|987, 621|1003, 621|1650, 622|1660, 622|1996, 615|2002, 621|2009, 621|2074, 615|2086, 621|2120, tap_regular_character, 
621|1, 621|671, 622|677, 622|1556, 615|1562, 615|1770, 621|1784, 621|1856, 615|1862, 615|1867, 621|1874, 621|1891, long_press_character, 
621|1, 621|665, 622|671, 622|1312, 615|1317, 615|1777, 621|1782, 621|1867, 615|1880, 621|1900, long_swipe, 
621|1, 621|673, 622|679, 622|1050, 615|1058, 621|1069, 621|1723, 622|1731, 622|2075, 616|2082, 615|2088, 621|2098, 621|2188, 615|2200, 621|2211, 621|2226, tap_shift, 
621|1, 621|31, 622|43, 621|54, 621|670, 622|684, 622|972, 623|978, 622|987, 622|1179, 623|1184, 622|1189, 622|1569, 615|1575, 615|1777, 621|1781, 621|1850, 615|1862, 615|1869, 621|1888, 621|1907, long_press_character, 
621|1, 621|630, 622|637, 622|964, 621|980, 621|1655, 622|1662, 622|2000, 616|2006, 615|2011, 615|2016, 621|2021, 621|2097, 615|2111, 621|2139, tap_regular_character, 
621|1, 621|661, 622|667, 622|1083, 615|1089, 615|1778, 621|1788, 621|1871, 615|1882, 615|1888, 621|1894, 621|1935, short_swipe, 
621|1, 621|674, 622|680, 622|1056, 615|1061, 615|1068, 621|1074, 621|1741, 622|1747, 622|2105, 615|2111, 621|2122, 621|2208, 615|2218, 617|2223, 621|2250, tap_shift, 
621|1, 621|644, 622|651, 622|945, 623|954, 622|960, 622|1023, 615|1031, 615|1037, 622|1043, 621|1049, 621|1705, 622|1711, 622|2079, 617|2089, 615|2096, 621|2103, 621|2180, 615|2191, 621|2197, 621|2222, tap_shift, 
621|1, 621|654, 622|659, 622|1030, 617|1046, 615|1058, 621|1076, 621|1733, 622|1739, 622|2043, 623|2050, 622|2058, 622|2129, 615|2138, 621|2151, 621|2224, 616|2233, 615|2241, 622|2248, 621|2263, tap_shift, 
621|1, 621|663, 622|670, 622|1304, 616|1312, 615|1317, 615|1782, 621|1788, 621|1954, long_swipe, 
621|1, 621|628, 622|633, 622|915, 623|921, 622|927, 622|1522, 615|1533, 615|1756, 621|1763, 621|1826, 615|1857, 621|1906, long_press_character, 
621|1, 621|648, 622|655, 622|939, 623|945, 622|955, 622|1069, 615|1075, 615|1756, 621|1761, 621|1848, 615|1863, 621|1892, 621|1927, short_swipe, 
621|1, 621|615, 622|620, 622|972, 615|981, 620|986, 621|995, 621|1645, 622|1655, 622|2013, 615|2019, 615|2024, 621|2031, 621|2110, 615|2120, 621|2152, tap_shift, 
621|1, 621|656, 622|661, 622|993, 615|1000, 621|1018, 621|1667, 622|1674, 622|2004, 616|2010, 615|2015, 615|2019, 621|2024, 621|2139, tap_regular_character, 
621|1, 621|660, 622|672, 622|1348, 615|1354, 615|1777, 621|1783, 621|1930, long_swipe, 
621|1, 621|641, 622|647, 622|1009, 615|1017, 621|1029, 621|1702, 622|1707, 622|2068, 617|2074, 615|2080, 617|2085, 621|2094, 621|2162, 615|2169, 615|2175, 621|2190, 621|2205, tap_shift, 
621|1, 621|665, 622|671, 622|1163, 623|1168, 622|1173, 622|1556, 615|1564, 615|1764, 621|1780, 621|1867, 616|1875, 621|1897, long_press_character, 
621|1, 621|682, 622|688, 622|989, 623|997, 622|1004, 622|1098, 623|1103, 622|1110, 622|1586, 615|1593, 615|1791, 621|1797, 621|1874, 615|1882, 621|1891, 621|1906, long_press_character, 
621|1, 621|661, 622|667, 622|1570, 615|1575, 615|1778, 621|1786, 621|1870, 615|1876, 621|1935, long_press_character, 
621|1, 621|82, 622|88, 621|93, 621|655, 622|662, 622|996, 619|1001, 615|1007, 615|1012, 621|1017, 621|1655, 622|1660, 622|1992, 615|1999, 615|2008, 621|2013, 621|2086, 615|2098, 621|2108, 621|2126, tap_regular_character, 
621|1, 621|641, 622|652, 622|933, 623|940, 622|947, 622|1011, 615|1018, 615|1023, 621|1029, 621|1705, 622|1711, 622|2002, 623|2009, 622|2015, 622|2076, 615|2086, 615|2095, 621|2117, 621|2180, 615|2190, 615|2198, 621|2205, 621|2223, tap_shift, 
621|1, 621|653, 622|659, 622|1020, 621|1029, 615|1038, 621|1051, 621|1715, 622|1725, 622|2082, 615|2093, 615|2099, 621|2105, 621|2176, 615|2191, 621|2214, tap_shift, 
621|1, 621|657, 622|664, 622|1546, 615|1552, 615|1775, 621|1780, 615|1893, long_press_character, 
615|1, 622|37, 621|51, 621|138, 622|143, 621|148, 621|695, 622|700, 622|1033, 615|1041, 615|1046, 621|1057, 621|1721, 622|1733, 622|2017, 623|2023, 622|2028, 622|2067, 615|2073, 615|2082, 621|2087, 621|2170, 615|2180, 621|2193, 621|2207, tap_regular_character, 
621|1, 621|666, 622|672, 622|1578, 615|1585, 615|1775, 621|1780, 621|1862, 615|1875, 621|1915, long_press_character, 
621|1, 621|678, 622|683, 622|1155, 623|1160, 622|1173, 622|1306, 615|1313, 615|1762, 621|1770, 621|1875, 615|1888, 621|1901, long_swipe, 
621|1, 621|672, 622|678, 622|1023, 615|1029, 615|1034, 621|1039, 621|1737, 622|1743, 622|2076, 617|2087, 615|2093, 615|2097, 621|2101, 621|2161, 622|2166, 621|2174, 615|2181, 615|2192, 621|2198, 621|2216, tap_regular_character, 
621|1, 621|26, 622|32, 621|39, 621|670, 622|676, 622|1250, 623|1261, 622|1266, 622|1578, 615|1584, 615|1772, 621|1778, 621|1826, 615|1859, 621|1878, 621|1932, long_press_character, 
621|1, 621|326, 623|333, 623|488, 621|493, 621|689, 622|696, 622|1100, 615|1105, 615|1732, 621|1738, 621|1838, 615|1859, 621|1891, short_swipe, 
621|1, 621|649, 622|655, 622|1027, 617|1034, 615|1040, 621|1051, 621|1699, 622|1704, 622|2061, 617|2068, 615|2073, 615|2079, 621|2086, 621|2179, 615|2184, 615|2190, 621|2196, 621|2210, tap_shift, 
621|1, 621|659, 622|664, 622|992, 617|998, 615|1004, 621|1009, 621|1669, 622|1675, 622|2018, 615|2023, 615|2041, 621|2046, 621|2123, 615|2136, 621|2171, tap_regular_character, 
621|1, 621|666, 622|672, 622|1559, 615|1567, 615|1774, 621|1780, 621|1887, 615|1895, 615|1900, 621|1910, 621|1959, long_press_character, 
621|1, 621|644, 622|651, 622|1553, 615|1561, 615|1741, 621|1750, 621|1874, long_press_character, 
621|1, 621|664, 622|669, 622|1012, 619|1017, 615|1022, 615|1027, 621|1031, 621|1683, 622|1688, 622|2026, 621|2031, 615|2037, 615|2041, 621|2046, 621|2122, 615|2128, 615|2134, 621|2139, 621|2152, tap_regular_character, 
621|1, 621|645, 622|650, 622|1009, 617|1021, 615|1028, 621|1038, 621|1708, 622|1714, 622|2088, 615|2096, 615|2106, 621|2115, 621|2193, 615|2204, 621|2220, 621|2249, tap_shift, 
621|1, 621|639, 622|645, 622|1299, 615|1308, 615|1752, 621|1762, 621|1845, 615|1858, 615|1865, 621|1873, 621|1886, long_swipe, 
621|1, 621|667, 622|673, 622|1317, 615|1326, 615|1783, 621|1789, 621|1867, 615|1889, 621|1950, long_swipe, 
621|1, 621|653, 622|659, 622|939, 623|946, 622|952, 622|1137, 623|1143, 622|1148, 622|1292, 615|1297, 615|1742, 621|1750, 621|1832, 615|1854, 615|1872, long_swipe, 
615|1, 615|29, 621|36, 621|697, 622|704, 622|1081, 615|1088, 615|1093, 622|1099, 621|1106, 621|1771, 622|1777, 622|2063, 623|2070, 622|2076, 622|2163, 615|2172, 615|2183, 621|2190, 621|2255, 615|2264, 615|2273, 621|2286, 621|2309, tap_shift, 
621|1, 621|676, 622|682, 622|1110, 615|1116, 615|1762, 621|1769, 621|1893, 615|1905, 621|1915, 621|1948, short_swipe, 
621|1, 621|652, 622|657, 622|1026, 615|1034, 615|1040, 621|1052, 621|1719, 622|1728, 622|2086, 615|2094, 615|2100, 621|2108, 621|2197, 615|2204, 621|2215, 621|2239, tap_shift, 
621|1, 621|646, 622|651, 622|1015, 619|1024, 615|1031, 621|1037, 621|1715, 622|1721, 622|2083, 615|2094, 615|2107, 621|2113, 621|2175, 622|2180, 621|2186, 621|2191, 615|2199, 621|2208, 621|2227, tap_shift, 
621|1, 621|664, 622|669, 622|1572, 615|1578, 615|1775, 621|1781, 621|1855, 615|1868, 621|1901, long_press_character, 
621|1, 621|669, 622|675, 622|1002, 615|1008, 615|1013, 621|1018, 621|1697, 622|1703, 622|2045, 615|2052, 615|2062, 621|2067, 621|2134, 615|2147, 615|2154, 621|2163, 621|2188, tap_regular_character, 
621|1, 621|648, 622|654, 622|1289, 615|1294, 615|1768, 621|1784, 621|1842, 615|1862, 621|1899, long_swipe, 
621|1, 621|636, 622|642, 622|917, 623|924, 622|931, 622|967, 615|974, 615|984, 621|989, 621|1627, 622|1633, 622|1965, 617|1970, 615|1976, 615|1980, 621|1986, 621|2052, 615|2062, 621|2090, tap_regular_character, 
621|1, 621|657, 622|662, 622|1002, 615|1010, 615|1015, 621|1029, 621|1690, 622|1699, 622|1976, 623|1982, 622|1988, 622|2037, 617|2042, 615|2047, 615|2051, 621|2056, 621|2131, 615|2137, 615|2160, tap_regular_character, 
615|1, 615|10, 621|16, 621|678, 622|684, 622|1080, 615|1087, 615|1794, 621|1810, 621|1881, 615|1896, 621|1963, short_swipe, 
621|1, 621|613, 622|618, 622|984, 615|992, 615|997, 621|1007, 621|1663, 622|1671, 622|2036, 615|2044, 621|2051, 621|2126, 615|2140, 621|2163, tap_shift, 
621|1, 621|673, 622|678, 622|1270, 623|1275, 622|1281, 622|1322, 615|1327, 615|1783, 621|1788, 621|1895, long_swipe, 
621|1, 621|705, 622|713, 622|1371, 621|1377, 615|1390, 615|1787, 622|1792, 621|1798, 621|1880, 615|1888, 621|1897, 621|1920, long_swipe, 
621|1, 621|677, 622|682, 622|1466, 623|1471, 622|1476, 622|1568, 615|1573, 615|1766, 621|1772, 621|1850, 615|1866, 621|1879, 621|1918, long_press_character, 
621|1, 621|672, 622|678, 622|1070, 617|1075, 615|1081, 615|1756, 621|1762, 621|1848, 615|1864, 621|1881, 621|1902, short_swipe, 
621|1, 621|649, 622|660, 622|998, 615|1004, 615|1009, 623|1013, 621|1019, 621|1666, 622|1673, 622|1995, 615|2001, 615|2007, 621|2022, 621|2091, 615|2099, 621|2117, tap_regular_character, 
621|1, 621|676, 622|682, 622|1015, 615|1021, 615|1026, 621|1030, 621|1688, 622|1701, 622|2035, 615|2041, 615|2051, 621|2057, 621|2124, 615|2138, 621|2161, tap_regular_character, 
621|1, 621|661, 622|667, 622|1096, 615|1106, 615|1780, 621|1784, 621|1873, 615|1886, 621|1922, short_swipe, 
621|1, 621|666, 622|671, 622|1044, 615|1052, 620|1060, 621|1068, 621|1732, 622|1737, 622|2100, 615|2107, 615|2112, 617|2119, 621|2127, 621|2196, 615|2205, 621|2232, tap_shift, 
621|1, 621|663, 622|668, 622|1024, 615|1030, 615|1034, 621|1040, 621|1696, 622|1701, 622|2043, 615|2049, 615|2053, 621|2059, 621|2137, 615|2143, 621|2161, tap_regular_character, 
621|1, 621|669, 622|674, 622|1573, 615|1581, 615|1789, 621|1796, 621|1867, 615|1891, 621|1922, long_press_character, 
621|1, 621|670, 622|676, 622|1568, 616|1573, 615|1577, 615|1772, 621|1777, 621|1844, 616|1857, 615|1865, 621|1870, 621|1889, long_press_character, 
621|1, 621|649, 622|655, 622|983, 615|990, 615|995, 621|1007, 621|1661, 622|1667, 622|2004, 617|2010, 615|2015, 615|2019, 621|2024, 621|2095, 615|2107, 621|2150, tap_regular_character, 
621|1, 621|629, 622|634, 622|1514, 615|1521, 615|1759, 621|1771, 621|1850, 615|1867, 621|1884, 621|1909, long_press_character, 
621|1, 621|652, 622|658, 622|1073, 615|1080, 615|1763, 621|1772, 621|1895, short_swipe, 
621|1, 621|681, 622|687, 622|1279, 623|1285, 622|1289, 622|1330, 615|1335, 615|1795, 621|1801, 621|1877, 615|1895, 621|1932, long_swipe, 
621|1, 621|645, 622|651, 622|975, 615|990, 621|996, 621|1645, 622|1653, 622|2000, 615|2007, 615|2012, 621|2017, 621|2080, 615|2098, 621|2127, tap_regular_character, 
621|1, 621|662, 622|668, 622|959, 623|965, 622|970, 622|1082, 615|1089, 615|1775, 621|1782, 621|1845, 615|1858, 615|1868, 621|1877, 621|1901, short_swipe, 
621|1, 621|671, 622|677, 622|1317, 615|1323, 615|1766, 621|1775, 621|1842, 615|1864, 621|1885, 621|1927, long_swipe, 
621|1, 621|627, 622|632, 622|1013, 615|1025, 615|1066, 621|1072, 621|1737, 622|1743, 622|2122, 615|2130, 621|2141, 621|2213, 615|2229, 621|2253, tap_shift, 
621|1, 621|34, 622|39, 621|45, 621|667, 622|672, 622|955, 623|961, 622|967, 622|1080, 615|1086, 615|1787, 621|1792, 621|1860, 615|1875, 621|1887, 621|1936, short_swipe, 
621|1, 621|639, 622|644, 622|1010, 621|1033, 621|1686, 622|1701, 622|2074, 615|2082, 615|2088, 621|2097, 621|2179, 615|2191, 621|2206, tap_shift, 
621|1, 621|670, 622|675, 622|1024, 617|1037, 615|1045, 622|1050, 621|1058, 621|1703, 622|1709, 622|2094, 615|2102, 615|2109, 621|2115, 621|2189, 615|2204, 621|2214, 621|2230, tap_shift, 
621|1, 621|674, 622|688, 622|1275, 623|1282, 622|1288, 622|1338, 615|1345, 615|1476, 616|1480, 615|1485, 615|1778, 621|1793, 621|1868, 615|1878, 615|1893, long_swipe, 
615|1, 621|14, 621|674, 622|679, 622|1073, 623|1078, 622|1083, 622|1566, 615|1571, 615|1792, 618|1797, 621|1802, 621|1887, 615|1895, 621|1910, 621|1949, long_press_character, 
621|1, 621|619, 622|624, 622|1040, 615|1047, 615|1749, 621|1754, 621|1832, 615|1848, 621|1873, short_swipe, 
621|1, 621|653, 622|658, 622|936, 623|943, 622|949, 622|1018, 615|1025, 621|1035, 621|1699, 622|1713, 622|2090, 615|2101, 615|2106, 621|2110, 621|2184, 622|2190, 621|2196, 615|2207, 621|2230, tap_shift, 
621|1, 621|17, 622|23, 621|29, 621|693, 622|699, 622|1365, 615|1371, 615|1792, 621|1798, 621|1863, 622|1874, 621|1892, 621|1932, long_swipe, 
621|1, 621|668, 622|673, 622|1041, 615|1046, 615|1053, 623|1059, 621|1066, 621|1713, 622|1718, 622|2088, 617|2098, 615|2104, 615|2109, 622|2116, 621|2122, 621|2180, 617|2191, 615|2198, 621|2208, 621|2224, tap_shift, 
621|1, 621|648, 622|657, 622|1017, 616|1023, 615|1029, 615|1033, 621|1037, 621|1711, 622|1716, 622|2078, 615|2097, 621|2105, 621|2175, 615|2181, 621|2201, tap_shift, 
621|1, 621|678, 622|683, 622|964, 623|970, 622|976, 622|1571, 615|1584, 615|1786, 621|1792, 621|1938, long_press_character, 
621|1, 621|658, 622|671, 622|1313, 615|1318, 615|1767, 621|1772, 621|1825, 622|1834, 621|1843, 615|1859, 621|1909, long_swipe, 
621|1, 621|633, 622|640, 622|1046, 615|1051, 615|1749, 621|1765, 621|1877, short_swipe, 
621|1, 621|673, 622|679, 622|960, 623|966, 622|971, 622|1051, 615|1056, 615|1062, 621|1066, 621|1724, 622|1737, 622|2087, 615|2094, 615|2099, 621|2107, 621|2183, 615|2190, 621|2213, tap_shift, 
621|1, 621|676, 622|681, 622|1333, 615|1346, 615|1785, 621|1792, 621|1859, 615|1874, 621|1890, 621|1959, long_swipe, 
621|1, 621|614, 622|620, 622|1023, 615|1028, 615|1722, 621|1727, 621|1851, short_swipe, 
621|1, 621|653, 622|659, 622|1009, 615|1015, 615|1019, 621|1025, 621|1687, 622|1693, 622|2029, 615|2036, 615|2045, 621|2052, 621|2116, 615|2125, 621|2156, tap_regular_character, 
621|1, 621|644, 622|650, 622|1287, 615|1295, 615|1774, 621|1783, 621|1870, 615|1885, 621|1904, long_swipe, 
621|1, 621|658, 622|668, 622|1365, 623|1370, 622|1374, 622|1557, 615|1563, 615|1780, 617|1785, 621|1791, 621|1877, 617|1884, 621|1946, long_press_character, 
621|1, 621|658, 622|663, 622|1062, 623|1067, 622|1072, 622|1556, 615|1561, 615|1749, 619|1753, 621|1762, 621|1830, 615|1835, 615|1844, 621|1851, 621|1863, long_press_character, 
621|1, 621|122, 620|127, 621|132, 621|670, 622|676, 622|1574, 615|1580, 615|1780, 621|1785, 621|1896, long_press_character, 
621|1, 621|686, 622|691, 622|1094, 615|1100, 615|1789, 621|1797, 621|1845, 622|1853, 621|1861, 621|1867, 615|1886, 621|1904, 621|1932, short_swipe, 
621|1, 621|638, 622|643, 622|1261, 615|1274, 615|1752, 621|1759, 621|1822, 615|1836, 615|1842, 621|1853, 621|1870, long_swipe, 
621|1, 621|650, 622|655, 622|1554, 615|1560, 615|1772, 621|1778, 621|1857, 615|1866, 621|1888, 621|1918, long_press_character, 
621|1, 621|655, 622|660, 622|1338, 623|1343, 622|1347, 622|1536, 615|1542, 615|1764, 621|1769, 621|1848, 615|1858, 621|1922, long_press_character, 
621|1, 621|617, 622|622, 622|920, 623|927, 622|934, 622|995, 623|1000, 622|1005, 622|1037, 617|1042, 615|1050, 615|1737, 621|1744, 621|1799, 616|1820, 621|1857, short_swipe, 
621|1, 621|684, 622|689, 622|970, 623|977, 622|984, 622|1026, 615|1035, 621|1046, 621|1702, 622|1709, 622|2048, 615|2054, 615|2063, 621|2068, 621|2150, 615|2158, 621|2175, 621|2192, tap_regular_character, 
621|1, 621|651, 622|657, 622|932, 623|941, 622|946, 622|1301, 617|1306, 615|1311, 615|1773, 621|1780, 621|1874, 615|1888, 615|1903, long_swipe, 
615|1, 615|21, 621|26, 621|686, 622|692, 622|1045, 623|1052, 622|1057, 622|1094, 616|1100, 615|1105, 615|1785, 621|1793, 621|1874, 615|1889, 621|1911, short_swipe, 
621|1, 621|642, 622|647, 622|986, 615|992, 615|1000, 621|1006, 621|1668, 622|1674, 622|2010, 617|2015, 615|2020, 615|2025, 621|2029, 621|2083, 622|2089, 621|2104, 615|2114, 620|2129, tap_regular_character, 
620|1, 621|9, 621|677, 622|683, 622|1093, 615|1098, 615|1789, 621|1794, 615|1908, short_swipe, 
615|1, 621|17, 621|710, 622|716, 622|1041, 615|1051, 615|1056, 621|1061, 621|1717, 622|1729, 622|2066, 615|2073, 615|2077, 621|2082, 621|2171, 615|2186, 621|2204, tap_regular_character, 
621|1, 621|30, 622|35, 621|41, 621|659, 622|671, 622|1059, 621|1072, 615|1079, 615|1789, 621|1797, 621|1864, 615|1879, 621|1888, 621|1909, short_swipe, 
621|1, 621|661, 622|667, 622|1036, 621|1041, 615|1047, 615|1054, 621|1060, 621|1720, 622|1726, 622|2081, 615|2088, 615|2092, 621|2098, 621|2185, 615|2193, 621|2215, tap_shift, 
621|1, 621|661, 622|674, 622|1013, 615|1018, 615|1027, 621|1032, 621|1682, 622|1688, 622|2031, 615|2036, 615|2045, 621|2050, 621|2124, 615|2130, 621|2157, tap_regular_character, 
621|1, 621|649, 622|655, 622|947, 623|954, 622|960, 622|1038, 615|1044, 615|1056, 621|1061, 621|1733, 622|1738, 622|2105, 615|2116, 615|2124, 621|2134, 621|2204, 615|2217, 621|2249, tap_shift, 
621|1, 621|646, 622|653, 622|981, 615|992, 615|997, 621|1001, 621|1652, 622|1659, 622|1988, 615|1993, 615|2002, 621|2007, 621|2082, 615|2094, 621|2122, tap_regular_character, 
621|1, 621|647, 622|653, 622|998, 615|1005, 615|1009, 618|1014, 621|1020, 621|1679, 622|1684, 622|2017, 615|2022, 615|2031, 621|2036, 621|2103, 615|2114, 621|2142, tap_regular_character, 
621|1, 621|653, 622|659, 622|1027, 615|1038, 621|1045, 621|1717, 622|1723, 622|2103, 615|2109, 621|2120, 621|2177, 622|2185, 621|2191, 621|2198, 615|2207, 621|2244, tap_shift, 
621|1, 621|674, 622|679, 622|1322, 615|1331, 615|1770, 621|1779, 621|1847, 615|1865, 621|1899, long_swipe, 
621|1, 621|665, 622|671, 622|951, 623|958, 622|964, 622|1305, 617|1310, 615|1316, 615|1772, 621|1777, 621|1864, 615|1877, 621|1897, long_swipe, 
621|1, 621|650, 622|656, 622|1310, 615|1319, 615|1780, 621|1786, 621|1859, 615|1886, 621|1915, long_swipe, 
621|1, 621|660, 622|666, 622|950, 623|955, 622|961, 622|1302, 615|1309, 615|1778, 621|1783, 621|1856, 615|1875, 621|1886, 621|1906, long_swipe, 
621|1, 621|678, 622|685, 622|1018, 615|1023, 615|1031, 621|1039, 621|1702, 622|1710, 622|2048, 615|2053, 615|2058, 621|2063, 621|2133, 615|2149, 615|2155, 621|2165, 621|2184, tap_regular_character, 
621|1, 621|660, 622|669, 622|1305, 615|1310, 615|1773, 621|1777, 621|1851, 615|1868, 621|1932, long_swipe, 
621|1, 621|656, 622|662, 622|1015, 617|1021, 621|1049, 621|1688, 622|1694, 622|2068, 615|2076, 615|2081, 621|2086, 621|2167, 615|2181, 621|2224, tap_shift, 
621|1, 621|648, 622|653, 622|1306, 615|1312, 615|1762, 621|1771, 621|1869, long_swipe, 
621|1, 621|29, 622|50, 621|61, 621|712, 622|718, 622|1362, 615|1370, 615|1796, 621|1801, 621|1887, 615|1911, long_swipe, 
