110552|1, 110552|3210, 110556|3253, 110580|3283, 110580|4012, com.tripadvisor.tripadvisor, 
110548|1, 110548|1611, 110636|1649, 110636|2629, 110652|2695, 110652|3588, 110660|3642, 110660|4018, com.github.shadowsocks, 
110628|1, 110628|1107, 110728|1202, 110728|1657, 110744|1717, 110748|1774, 110748|2695, 110692|2844, 110692|4040, com.sometimeswefly.littlealchemy, 
110660|1, 110660|1779, 110644|1828, 110644|3807, 110592|3847, 110592|4039, com.tripadvisor.tripadvisor, 
110516|1, 110516|639, 110524|769, 110532|917, 110532|1696, 110580|1790, 110580|2702, 110604|2823, 110604|3138, 110704|3239, 110704|3702, 110816|3791, 110816|4030, com.github.shadowsocks, 
110840|1, 110840|692, 110872|760, 110872|1699, 110860|1759, 110860|2747, 110852|2857, 110852|3707, 110900|3741, 110868|3771, 110868|4008, com.tripadvisor.tripadvisor, 
110844|1, 110844|726, 110840|768, 110840|1684, 110956|1768, 110956|2695, 111168|2746, 111168|3106, 111040|3148, 111040|3743, 110784|3774, 110784|4031, com.ted.android, 
110828|1, 110828|542, 110928|603, 110928|698, 110944|723, 111036|752, 111036|1220, 111136|1369, 111136|1659, 111232|1738, 111224|1810, 111224|2714, 111176|2947, 111176|3720, 111172|3750, 111172|4043, com.sometimeswefly.littlealchemy, 
111068|1, 111068|675, 111044|751, 111044|1631, 111008|1711, 111008|2634, 110980|2747, 110980|3610, 110976|3697, 110976|4022, com.sometimeswefly.littlealchemy, 
110916|1, 110916|725, 110892|760, 110892|1659, 110888|1691, 110888|3648, 110852|3702, 110852|4021, com.tripadvisor.tripadvisor, 
110864|1, 110864|699, 110856|734, 110852|793, 110852|1748, 110868|1822, 110868|2511, 110996|2549, 110996|2677, 110932|2838, 110932|4104, com.ted.android, 
110896|1, 110896|363, 111024|721, 110936|773, 110936|928, 110924|992, 110924|1889, 110908|2079, 110908|3944, 110892|3978, 110892|4007, com.sometimeswefly.littlealchemy, 
110888|1, 110848|136, 110848|1993, 110852|2042, 110852|2442, 110724|2587, 110724|3010, 110788|3230, 110784|4226, com.booking, 
110720|1, 110720|1146, 110920|1355, 110920|2140, 110864|2225, 110864|3010, 110876|3230, 110876|4009, com.tripadvisor.tripadvisor, 
110856|1, 110856|1326, 110852|1372, 110852|4023, com.tripadvisor.tripadvisor, 
110884|1, 110884|569, 110984|593, 110984|1364, 110916|1438, 110916|3417, 110956|3458, 110828|4158, com.booking, 
110892|1, 110892|1475, 110996|1554, 111028|1665, 111028|4006, com.github.shadowsocks, 
110756|1, 110756|1701, 110752|1742, 110752|3708, 110688|3743, 110720|3770, 110720|4003, com.sometimeswefly.littlealchemy, 
110712|1, 110712|3498, 110612|3544, 110612|3840, 110580|3863, 110580|4012, com.github.shadowsocks, 
110580|1, 110580|2995, 110612|3062, 110612|4018, com.tripadvisor.tripadvisor, 
110736|1, 110736|208, 110704|236, 110704|2180, 110712|2222, 110712|4002, com.sometimeswefly.littlealchemy, 
110612|1, 110612|2261, 110680|2304, 110680|2946, 110684|2984, 110684|3919, 110688|3948, 110688|4025, com.ted.android, 
110624|1, 110624|543, 110628|598, 110628|1349, 110600|1460, 110600|4011, com.ted.android, 
110588|1, 110588|1558, 110576|1592, 110576|2554, 110672|2628, 110672|3423, 110704|3448, 110704|3615, 110640|3649, 110640|4008, com.sometimeswefly.littlealchemy, 
110512|1, 110512|749, 110448|779, 110448|2733, 110432|2757, 110432|4020, com.github.shadowsocks, 
110428|1, 110428|1919, 110460|1940, 110460|2781, 110652|2813, 110652|2931, 110648|2952, 110648|3905, 110616|3944, 110616|4011, com.github.shadowsocks, 
110756|1, 110756|2976, 110760|3021, 110760|4015, com.sometimeswefly.littlealchemy, 
110568|1, 110568|2110, 110672|2147, 110672|2974, 110676|3007, 110676|3154, 110612|3186, 110612|4023, com.github.shadowsocks, 
110496|1, 110496|261, 110560|294, 110560|2239, 110592|2349, 110592|2889, 110848|3175, 110848|4011, com.booking, 
110624|1, 110624|1362, 110592|1425, 110588|1508, 110588|3327, 110592|3459, 110624|3626, 110624|4006, com.tripadvisor.tripadvisor, 
110552|1, 110552|1661, 110548|1734, 110548|4002, com.github.shadowsocks, 
110284|1, 110284|685, 110348|714, 110380|743, 110380|1642, 110412|1713, 110412|4002, com.booking, 
110560|1, 110560|808, 110528|889, 110528|2604, 110524|2838, 110524|3827, 110504|3860, 110504|4016, com.sometimeswefly.littlealchemy, 
110364|1, 110364|2918, 110332|2975, 110332|3520, 110460|3557, 110460|3914, 110396|3947, 110396|4007, com.tripadvisor.tripadvisor, 
110380|1, 110380|1039, 110384|1060, 110384|4016, com.github.shadowsocks, 
110360|1, 110360|995, 110364|1040, 110360|1099, 110360|1982, 110368|2059, 110368|2658, 110468|2736, 110468|3199, 110652|3233, 110652|4058, com.booking, 
110668|1, 110668|106, 110672|127, 110576|158, 110576|605, 110684|800, 110684|1121, 110652|1170, 110652|2128, 110656|2258, 110656|4011, com.ted.android, 
110488|1, 110488|2215, 110456|2248, 110456|3036, 110420|3065, 110420|3213, 110388|3247, 110388|4001, com.github.shadowsocks, 
110368|1, 110368|1322, 110464|1367, 110464|3308, 110468|3368, 110468|4008, com.tripadvisor.tripadvisor, 
110520|1, 110520|1447, 110528|1501, 110528|2414, 110628|2501, 110628|3468, 110660|3508, 110660|3620, 110888|3700, 110888|4021, com.booking, 
110776|1, 110776|502, 110648|595, 110616|651, 110616|3599, 110620|3626, 110620|4026, com.sometimeswefly.littlealchemy, 
110512|1, 110512|2816, 110412|3097, 110412|3468, 110316|3510, 110308|3580, 110340|4073, com.booking, 
110520|1, 110520|1357, 110652|1727, 110652|2587, 110604|2685, 110604|3676, 110608|3711, 110608|4031, com.booking, 
110412|1, 110412|1644, 110416|1752, 110416|3702, 110420|3898, 110428|3937, 110428|4034, com.ted.android, 
110456|1, 110456|562, 110560|616, 110560|744, 110888|1002, 110888|1724, 110896|1815, 110820|1924, 110820|3790, 110824|3829, 110744|3859, 110744|4001, com.ted.android, 
110640|1, 110640|1763, 110632|1861, 110632|2814, 110732|3135, 110732|3827, 110652|3852, 110652|4004, com.ted.android, 
110504|1, 110504|497, 110612|756, 110612|861, 110652|892, 110708|937, 110708|1829, 110688|1922, 110688|4005, com.booking, 
110496|1, 110496|1892, 110500|1926, 110500|2589, 110628|2684, 110628|2853, 110632|2927, 110632|3866, 110664|3905, 110920|4042, com.booking, 
110872|1, 110872|890, 110940|967, 110940|1848, 110960|1960, 110960|4006, com.ted.android, 
110704|1, 110700|86, 110700|2622, 110800|2661, 110800|2697, 110672|2867, 110672|2996, 110640|3044, 110640|3694, 110660|3734, 110660|4003, com.ted.android, 
