249444013|1, 249444013|518, 249444500|552, 249444500|2611, 249444612|2650, 249444612|2820, 249448554|2880, 249448554|3620, 249448864|3661, 249448864|4004, com.tripadvisor.tripadvisor, 
249450472|1, 249450472|1849, 249450947|1903, 249450947|1937, 249454461|1972, 249454789|2013, 249455276|2064, 249455276|4051, com.github.shadowsocks, 
249455328|1, 249455328|1971, 249455400|2053, 249455400|2156, 249455460|2243, 249456304|2323, 249456304|3324, 249456845|3423, 249456845|4077, com.sometimeswefly.littlealchemy, 
249456905|1, 249456905|2772, 249456965|2831, 249456965|3453, 249460907|3505, 249460907|3639, 249462009|3700, 249462371|3733, 249462371|4003, com.tripadvisor.tripadvisor, 
249463502|1, 249463502|2928, 249464043|3061, 249464043|3211, 249464095|3301, 249464175|3394, 249464175|3844, 249467921|3942, 249467967|4031, com.github.shadowsocks, 
249476398|1, 249476398|753, 249476478|843, 249476478|1860, 249479542|1916, 249479542|2318, 249479722|2465, 249479782|2571, 249479862|2675, 249479862|2783, 249483824|2862, 249483824|3421, 249484896|3483, 249484896|3906, 249486910|3954, 249486910|4030, com.tripadvisor.tripadvisor, 
249490033|1, 249490033|1508, 249490113|1582, 249495611|1643, 249495756|1738, 249495943|1803, 249496015|1855, 249496015|1933, 249496075|2009, 249496075|2150, 249499312|2234, 249499312|2284, 249502501|2330, 249502501|2701, 249502932|2970, 249502932|3291, 249503642|3321, 249503642|4024, com.ted.android, 
249505444|1, 249505444|2119, 249505516|2329, 249506420|2537, 249506420|4023, com.sometimeswefly.littlealchemy, 
249506480|1, 249506480|396, 249506584|478, 249506584|2285, 249506656|2360, 249506656|2459, 249506716|2559, 249507560|2646, 249507560|4063, com.sometimeswefly.littlealchemy, 
249507662|1, 249507662|2764, 249507722|2818, 249507722|3500, 249511664|3545, 249511664|3741, 249511728|3786, 249512090|3847, 249512090|4017, com.tripadvisor.tripadvisor, 
249513814|1, 249513814|842, 249514126|868, 249514126|1390, 249514206|1479, 249519704|1544, 249519704|1578, 249519891|1638, 249519963|1698, 249520023|1766, 249520023|2003, 249523330|2049, 249523330|2576, 249523615|2733, 249523615|3130, 249525105|3173, 249525105|3252, 249526531|3288, 249526531|3722, 249526893|3930, 249527073|4308, com.ted.android, 
249527869|1, 249527869|2359, 249528001|2591, 249528001|4007, com.sometimeswefly.littlealchemy, 
249529676|1, 249529676|660, 249531174|715, 249531174|814, 249531414|858, 249531474|951, 249531474|1042, 249531554|1093, 249531734|1245, 249531734|1284, 249535420|1338, 249535978|1396, 249535978|1474, 249536358|1550, 249536358|1591, 249541952|1690, 249542024|1777, 249542628|1845, 249542628|1912, 249542732|2009, 249542784|2071, 249543408|2166, 249543460|2262, 249543460|2314, 249549015|2448, 249550501|2523, 249550501|2565, 249553358|2624, 249557903|2754, 249561713|2871, 249565759|3096, 249566112|3141, 249567177|3193, 249567177|3244, 249573592|3290, 249573696|3328, 249573696|3361, 249574139|3422, 249574139|3568, 249574557|3627, 249575414|3668, 249575414|3712, 249575645|3745, 249582393|4087, com.booking, 
249585429|1, 249585429|2798, 249585489|3038, 249589431|4019, com.tripadvisor.tripadvisor, 
249593104|1, 249593104|426, 249593172|454, 249593172|3510, 249593402|3561, 249593454|3638, 249593454|3673, 249593576|3701, 249593576|3895, 249593852|3937, 249593852|4010, com.tripadvisor.tripadvisor, 
249594332|1, 249594332|1206, 249594392|1253, 249594452|1336, 249600048|1406, 249600048|1569, 249600350|1624, 249600350|1773, 249600402|1846, 249600704|1901, 249600704|1936, 249600872|1985, 249600872|2046, 249600932|2177, 249600932|2232, 249613270|2331, 249618916|2479, 249622488|2602, 249622488|2672, 249625523|2736, 249633149|3065, 249634699|3112, 249636626|3160, 249637355|3203, 249637803|3231, 249640183|3281, 249640235|3332, 249640281|3375, 249641262|3423, 249642146|3475, 249642680|3511, 249642680|3555, 249643142|3597, 249643444|3633, 249643444|3663, 249643676|3691, 249643676|3821, 249643736|3850, 249648351|4075, com.booking, 
249653343|1, 249653343|2967, 249653709|3110, 249653755|3154, 249653755|3192, 249654296|3226, 249654296|3387, 249654348|3438, 249654348|3470, 249654624|3497, 249654624|3582, 249654670|3626, 249654670|4001, com.github.shadowsocks, 
249654670|1, 249654670|2351, 249654742|2408, 249654742|2559, 249654802|2614, 249654802|2645, 249655646|2695, 249655646|4026, com.sometimeswefly.littlealchemy, 
249656365|1, 249656365|4012, com.github.shadowsocks, 
249656407|1, 249656407|3092, 249656467|3126, 249656467|3732, 249660409|3811, 249660996|3863, 249660996|4002, com.tripadvisor.tripadvisor, 
249662033|1, 249662033|2243, 249662105|2321, 249662105|2405, 249662165|2437, 249662165|2478, 249663009|2531, 249663009|4011, com.sometimeswefly.littlealchemy, 
249663069|1, 249663069|1514, 249663149|1567, 249663149|1616, 249668647|1682, 249668647|1736, 249668834|1806, 249668906|1865, 249668966|1925, 249668966|2171, 249672325|2205, 249672325|3634, 249674036|3827, 249674036|4004, com.ted.android, 
249676553|1, 249676553|1304, 249676674|1409, 249676863|1576, 249682620|1784, 249682752|1965, 249689250|2148, 249689250|2788, 249689681|2986, 249689802|3129, 249689802|3159, 249690480|3184, 249690480|4010, com.ted.android, 
249699451|1, 249699451|2404, 249699523|2476, 249699575|2547, 249699575|2594, 249699635|2622, 249699635|2700, 249699700|2742, 249699700|2877, 249700479|2926, 249700479|4015, com.sometimeswefly.littlealchemy, 
249700539|1, 249700539|4008, com.github.shadowsocks, 
249700539|1, 249700539|2290, 249701080|2318, 249701080|4009, com.github.shadowsocks, 
249701080|1, 249701080|1685, 249701178|1729, 249701178|2338, 249701250|2392, 249701250|2539, 249701310|2575, 249701310|2625, 249702154|2693, 249702154|4021, com.sometimeswefly.littlealchemy, 
249702214|1, 249702214|1052, 249702755|1091, 249702755|4006, com.github.shadowsocks, 
249711458|1, 249711458|848, 249715132|961, 249715132|1151, 249715312|1195, 249715492|1257, 249715492|1367, 249715672|1434, 249715672|1500, 249721267|1566, 249721267|1612, 249721327|1656, 249721931|1708, 249721931|1761, 249724913|1821, 249726336|1874, 249726336|1910, 249726955|2013, 249727007|2090, 249727059|2157, 249727324|2227, 249727783|2312, 249735389|2409, 249735435|2484, 249736861|2561, 249737163|2678, 249738440|2801, 249739094|3075, 249743920|3147, 249743920|3191, 249746772|3268, 249748254|3329, 249748254|3385, 249751664|3425, 249752044|3472, 249752940|3515, 249754050|3563, 249754050|3639, 249754096|3702, 249754096|3748, 249754369|3784, 249754433|3811, 249754497|3841, 249754497|3866, 249754816|3920, 249756002|4154, com.booking, 
249761580|1, 249761580|2672, 249761686|2916, 249765622|3170, 249765622|4007, com.tripadvisor.tripadvisor, 
249766592|1, 249766592|4014, com.github.shadowsocks, 
249766660|1, 249766660|240, 249767201|319, 249767742|356, 249767742|1428, 249767862|1475, 249767922|1517, 249773515|1569, 249776312|1631, 249776312|1734, 249776674|1781, 249776976|1832, 249776976|1899, 249780010|1951, 249780062|2003, 249780114|2057, 249780723|2119, 249780723|2305, 249781035|2402, 249781147|2517, 249782573|2612, 249790346|2780, 249791717|2884, 249793143|2984, 249794107|3289, 249794107|3322, 249800401|3367, 249800461|3414, 249800461|3459, 249804109|3503, 249804109|3533, 249804382|3565, 249804434|3609, 249804538|3678, 249804538|3768, 249804877|3801, 249805898|3837, 249805898|3931, 249806436|3969, 249806436|4023, com.booking, 
249809167|1, 249809167|2184, 249809239|2400, 249810674|2642, 249810674|4003, com.sometimeswefly.littlealchemy, 
249811350|1, 249811350|3022, 249811410|3081, 249811410|3111, 249811456|3150, 249811997|3192, 249811997|3262, 249815939|3289, 249815939|3558, 249816249|3595, 249816249|4011, com.tripadvisor.tripadvisor, 
249817233|1, 249817233|148, 249817820|245, 249818361|291, 249818361|4020, com.github.shadowsocks, 
249819443|1, 249819443|1379, 249819623|1434, 249819623|1466, 249825217|1503, 249828015|1553, 249828015|1706, 249828921|1742, 249828921|1831, 249829495|1916, 249829547|1983, 249830281|2094, 249835580|2279, 249844615|2387, 249844667|2501, 249848790|2595, 249850276|2668, 249852583|2734, 249852643|2792, 249855019|2871, 249858182|2948, 249864194|3170, 249864194|3196, 249865287|3234, 249865287|3277, 249867523|3325, 249867523|3354, 249867692|3393, 249869555|3431, 249869711|3483, 249869711|3527, 249871235|3566, 249871662|3594, 249873022|3629, 249873022|3688, 249873253|3738, 249873253|3778, 249873433|3817, 249873433|4035, com.booking, 
249885213|1, 249885213|1460, 249885334|1544, 249885414|1626, 249890912|1708, 249891171|1796, 249891243|2001, 249891243|2141, 249894550|2318, 249894709|2525, 249894709|3952, 249894802|3992, 249894802|4024, com.ted.android, 
249900059|1, 249900059|1395, 249900600|1498, 249900600|4031, com.github.shadowsocks, 
249901141|1, 249901141|810, 249901258|857, 249901258|2701, 249901618|2800, 249901678|2858, 249903156|2907, 249905620|2946, 249905620|3014, 249905930|3074, 249905930|3100, 249905982|3142, 249905982|3283, 249906458|3330, 249906458|3411, 249906510|3450, 249906510|3592, 249906914|3630, 249906914|3714, 249907455|3749, 249907455|3770, 249907996|3792, 249907996|4024, com.tripadvisor.tripadvisor, 
249908131|1, 249908131|745, 249908672|768, 249908672|1539, 249908894|1599, 249908894|1657, 249909014|1697, 249909014|1751, 249914668|1813, 249914668|1912, 249917651|1962, 249917651|2072, 249918260|2154, 249918312|2238, 249918312|2341, 249919133|2421, 249919185|2546, 249925418|2674, 249925892|2786, 249925892|2837, 249930015|2902, 249930320|2986, 249934919|3235, 249934919|3470, 249935248|3504, 249935248|3535, 249935913|3626, 249942026|3750, 249942026|3779, 249942328|3806, 249946606|3856, 249946606|3898, 249947261|3945, 249948995|3996, 249949357|4121, com.booking, 
249976765|1, 249976765|188, 249977428|447, 249977428|1838, 249977538|1912, 249977538|2840, 249978125|2940, 249978125|3264, 249978405|3343, 249978524|3390, 249978524|3564, 249978619|3609, 249978619|3738, 249978763|3797, 249978763|3885, 249978823|3927, 249979667|4026, com.sometimeswefly.littlealchemy, 
249980328|1, 249980328|1334, 249980388|1373, 249980508|1417, 249980508|1461, 249988900|1518, 249988900|1635, 249989202|1669, 249989564|1698, 249989866|1728, 249989866|1784, 249993005|1858, 249993005|1935, 249993312|1977, 249993312|2016, 249993786|2086, 249993846|2202, 249994357|2300, 249995991|2369, 250004981|2472, 250004981|2718, 250010610|2996, 250012216|3079, 250014299|3177, 250014449|3226, 250014816|3257, 250014816|3283, 250014868|3330, 250017851|3380, 250017903|3425, 250020039|3481, 250020837|3535, 250020837|3564, 250021228|3626, 250021228|3667, 250021292|3703, 250021292|3753, 250021947|3982, 250022126|4037, com.booking, 
250035524|1, 250035524|1623, 250035644|1708, 250038501|1814, 250041838|1931, 250043269|2003, 250046855|2072, 250046959|2203, 250047266|2304, 250049500|2485, 250049959|2567, 250050011|2680, 250054134|2830, 250054660|3029, 250055641|3274, 250061728|3369, 250062244|3402, 250062858|3440, 250069749|3516, 250069749|3558, 250069913|3588, 250070746|3619, 250070806|3668, 250071409|3718, 250080860|3794, 250080992|3836, 250081380|3871, 250083108|3900, 250083969|3937, 250084124|3997, 250084176|4041, com.booking, 
250101646|1, 250101646|144, 250103269|169, 250103269|1550, 250103349|1632, 250108847|1772, 250109238|1924, 250109238|2135, 250115736|2216, 250115736|3126, 250116167|3193, 250116167|3398, 250116247|3432, 250116247|3461, 250116836|3492, 250116836|3601, 250116908|3659, 250119208|3866, 250119208|3891, 250119408|3939, 250119949|4027, com.ted.android, 
250127435|1, 250127435|913, 250127615|1013, 250128697|1310, 250128697|1429, 250128777|1539, 250134275|1635, 250134275|1721, 250134594|1831, 250134594|2022, 250137783|2104, 250137783|2295, 250141449|2481, 250141449|3435, 250141629|3473, 250142127|4015, com.ted.android, 
250155009|1, 250155009|1685, 250160587|1784, 250160587|1839, 250160774|1903, 250160846|2023, 250160846|2680, 250164316|2731, 250165596|2787, 250165596|3159, 250166137|3207, 250166137|4006, com.ted.android, 
250167747|1, 250167747|206, 250168288|277, 250168288|1525, 250168408|1622, 250174002|1710, 250174002|1801, 250174666|1902, 250177570|2060, 250178182|2390, 250187949|2620, 250192971|2905, 250200526|3179, 250203741|3260, 250207292|3312, 250208894|3348, 250208894|3376, 250209201|3412, 250211434|3468, 250211506|3519, 250211558|3572, 250211636|3597, 250211740|3627, 250211740|3699, 250213215|3746, 250213215|3935, 250214087|3985, 250214486|4031, com.booking, 
250234625|1, 250234625|1543, 250234745|1602, 250234745|1653, 250240340|1719, 250240340|1806, 250240400|1848, 250240400|1885, 250240702|1949, 250243685|2005, 250243737|2073, 250243789|2156, 250244398|2220, 250244502|2343, 250246043|2481, 250246525|2580, 250246637|2672, 250256256|2765, 250256256|2843, 250262312|2901, 250263738|2960, 250263738|3098, 250264186|3154, 250265058|3233, 250265058|3270, 250265501|3328, 250270808|3531, 250270808|3565, 250273791|3607, 250273791|3695, 250274098|3734, 250274098|3818, 250275883|3890, 250276190|3995, 250277052|4022, com.booking, 
250284698|1, 250284698|582, 250285239|629, 250285239|1517, 250285319|1633, 250290817|1740, 250291004|1839, 250291136|1953, 250291136|2286, 250297582|2371, 250297582|3328, 250298134|3367, 250298134|3910, 250298224|3941, 250298224|4009, com.ted.android, 
250300018|1, 250300018|1458, 250300559|1511, 250300559|1554, 250300639|1612, 250306137|1687, 250306137|1741, 250306396|1799, 250306396|1846, 250306468|1883, 250306468|2609, 250311368|2782, 250311368|3611, 250311428|3644, 250312906|4040, com.ted.android, 
