438320|1, 437988|264, 437988|596, 438208|635, 438208|691, 439968|736, 439968|1212, 440068|1259, 440012|1300, 440012|2068, 440160|2118, 440600|2141, 441040|2166, 441040|2204, 441184|2244, 441176|2281, 441836|2313, 442056|2361, 442056|2432, 442496|2483, 442496|2649, 445356|2701, 445356|2793, 445576|2826, 445576|2968, 446900|3010, 446900|3033, 447120|3064, 447120|3217, 447212|3260, 447188|3291, 447188|4020, com.tripadvisor.tripadvisor, 
439404|1, 439404|367, 438524|405, 438524|461, 438744|485, 438744|611, 438920|644, 438872|682, 438872|855, 438360|923, 438876|952, 438876|981, 440424|1032, 441312|1089, 441976|1116, 442716|1171, 443160|1202, 443308|1231, 443604|1260, 443456|1320, 443604|1353, 443604|1426, 444488|1506, 445080|1618, 445316|1655, 445316|1765, 445612|1811, 445612|2009, 445760|2049, 445760|2630, 445892|2701, 445892|2754, 445948|2796, 445948|3033, 446168|3080, 446168|3413, 446388|3479, 446388|3585, 446432|3644, 446440|3719, 446440|3805, 446660|3860, 446660|4024, com.github.shadowsocks, 
440732|1, 440292|393, 440292|495, 440512|538, 440512|688, 440676|784, 440676|860, 440896|915, 440896|1005, 441336|1115, 441336|1319, 441556|1420, 441556|1481, 441776|1525, 441996|1606, 442216|1666, 442844|1725, 444888|1782, 445328|1836, 446800|1908, 447240|1975, 448196|2041, 450040|2135, 450260|2215, 450480|2275, 450700|2344, 450920|2433, 452020|2532, 450920|2614, 450476|2703, 450440|2838, 450660|2963, 450660|3701, 450848|3797, 450848|4048, com.sometimeswefly.littlealchemy, 
442700|1, 442700|480, 441820|514, 441820|704, 442040|742, 442040|787, 442096|842, 442108|891, 442108|994, 442328|1062, 442328|1092, 442768|1126, 442768|1158, 442548|1196, 442548|1788, 442724|1837, 442828|1870, 442828|2434, 443048|2489, 443928|2535, 443928|2657, 445028|2723, 445028|2835, 445280|2911, 445280|2949, 445500|2988, 447040|3052, 447700|3115, 447920|3167, 447920|3425, 449020|3493, 449020|3815, 449284|3855, 449284|4008, com.tripadvisor.tripadvisor, 
442256|1, 442916|280, 443136|455, 442916|645, 443468|774, 443220|922, 444840|1041, 446096|1175, 448312|1303, 449052|1414, 449052|1484, 449568|1579, 449936|1686, 450628|1795, 450776|1874, 451072|1952, 451072|2084, 451292|2162, 451292|2268, 451512|2336, 451512|2402, 451732|2443, 451732|2478, 451952|2517, 451952|2579, 452392|2687, 452748|2821, 452748|2928, 452968|3010, 452968|3708, 453176|3797, 453176|4036, com.github.shadowsocks, 
430416|1, 432396|424, 432616|481, 431736|525, 431956|583, 431736|635, 431736|700, 432284|769, 432564|836, 432784|911, 433224|1038, 433884|1097, 434104|1161, 434544|1242, 434544|1294, 434764|1346, 434764|1440, 434984|1541, 434984|1614, 435204|1704, 435388|1767, 435344|1844, 435344|1912, 435564|1968, 435784|2017, 435784|2133, 436004|2207, 436004|2254, 436224|2312, 436224|2375, 436444|2447, 437764|2606, 437764|2658, 438912|2733, 438948|2865, 439388|2993, 441368|3074, 442028|3136, 442028|3175, 442248|3255, 442248|3392, 443348|3452, 443348|3547, 443568|3592, 443568|3715, 443652|3749, 443532|3779, 443532|3812, 443660|3873, 443660|4016, com.tripadvisor.tripadvisor, 
437368|1, 437588|193, 437588|464, 436708|509, 436708|695, 436756|733, 436904|776, 436904|918, 436684|977, 436684|1040, 439104|1095, 440424|1186, 441084|1228, 443504|1268, 444604|1304, 445704|1362, 446364|1414, 446364|1462, 446584|1506, 446584|1651, 447024|1692, 447408|1775, 447408|1838, 447628|1927, 448288|1993, 448948|2049, 448948|2126, 449608|2209, 450048|2279, 449976|2333, 450196|2423, 450196|2468, 450416|2516, 450856|2553, 450636|2592, 450856|2635, 451296|2703, 451560|2754, 451780|2794, 452000|2836, 452000|3114, 456112|3155, 456112|3180, 456332|3226, 456552|3269, 456552|3314, 456772|3339, 456772|3363, 456992|3404, 456992|3445, 457212|3472, 457212|3504, 457432|3541, 457652|3750, 458952|3781, 458952|3838, 459172|3877, 459392|3914, 459392|3940, 459612|3964, 459612|4007, com.ted.android, 
456904|1, 441348|553, 441348|708, 441464|734, 441612|762, 441612|792, 444472|854, 449752|975, 449752|1050, 449972|1121, 450192|1230, 450412|1379, 450632|1528, 450632|1606, 450852|1669, 451264|1748, 451484|1820, 451924|1889, 451924|1941, 454784|2092, 459564|2330, 459784|2499, 460444|2724, 459408|2957, 458528|3203, 447308|3249, 447308|3690, 447268|3730, 447244|3761, 447268|3796, 447268|4010, com.sometimeswefly.littlealchemy, 
427424|1, 427644|300, 427644|454, 426764|506, 426984|558, 426984|686, 427296|763, 427296|959, 427516|1040, 427956|1110, 428176|1177, 427956|1268, 428176|1360, 428176|1479, 428616|1588, 428616|1643, 428796|1719, 429456|1817, 429456|1876, 430116|1949, 430556|2016, 432536|2107, 434076|2206, 434956|2274, 437376|2334, 437376|2503, 437964|2570, 438404|2646, 439600|2758, 437400|2845, 437400|3261, 437620|3307, 437620|3615, 437784|3702, 437796|3778, 437796|4033, com.sometimeswefly.littlealchemy, 
429820|1, 429820|414, 429160|445, 428940|485, 428940|651, 429096|684, 429096|729, 429080|763, 429080|859, 429520|925, 429520|994, 429740|1031, 429740|1624, 429788|1662, 429956|1695, 429956|1726, 429936|1763, 429936|2388, 430156|2449, 430596|2484, 431036|2580, 431892|2692, 431892|2733, 431976|2838, 432416|2922, 432416|2981, 434616|3056, 434616|3118, 434836|3194, 434836|3260, 435936|3308, 435936|3622, 436080|3652, 436224|3705, 436224|4002, com.tripadvisor.tripadvisor, 
429948|1, 429948|397, 429068|432, 429068|672, 429288|704, 429116|738, 429264|798, 429264|851, 430144|917, 430804|948, 431684|976, 432564|1018, 434764|1080, 436304|1129, 438064|1164, 438284|1194, 438504|1233, 438504|1276, 438724|1335, 438944|1412, 439164|1445, 439164|1509, 440044|1601, 440044|1654, 440264|1688, 440704|1752, 441084|1824, 441304|1894, 441892|1970, 441892|2023, 442112|2076, 442332|2114, 442332|2164, 442992|2197, 442772|2237, 442992|2279, 443212|2322, 443212|2354, 443652|2392, 443652|2438, 443872|2473, 444092|2516, 444092|2554, 444312|2581, 444312|2621, 444532|2653, 444532|2682, 447120|2843, 447340|2873, 447340|2916, 447560|2963, 447560|2994, 447780|3018, 447780|3046, 448000|3083, 448220|3119, 448220|3159, 448440|3183, 448440|3209, 448660|3237, 448660|3282, 448880|3329, 449100|3359, 449100|3396, 449320|3427, 449320|3506, 449980|3563, 450420|3706, 451348|3868, 452484|4108, com.ted.android, 
443368|1, 443960|148, 440000|170, 427812|192, 427812|215, 428032|237, 428032|723, 427400|775, 427400|863, 432240|917, 435524|994, 435744|1036, 435744|1201, 435964|1317, 436184|1420, 436184|1600, 436404|1674, 436844|1735, 437284|1775, 437504|1891, 441560|2082, 444860|2244, 444860|2349, 445376|2544, 445744|2759, 445164|2959, 445300|3162, 433860|3260, 433860|3895, 433876|3942, 433824|3981, 433824|4009, com.sometimeswefly.littlealchemy, 
425028|1, 424888|139, 424888|427, 424008|450, 424008|709, 424228|750, 424448|794, 424448|853, 424228|905, 424228|943, 425328|994, 430392|1088, 432812|1139, 434352|1170, 435232|1256, 438092|1377, 438312|1437, 438972|1476, 440292|1536, 442492|1623, 442712|1691, 442932|1766, 443592|1829, 444692|1914, 445352|1996, 445540|2044, 445980|2144, 445980|2219, 446420|2300, 447080|2403, 447080|2445, 448180|2589, 449060|2659, 449940|2695, 450600|2765, 452360|2895, 453240|3012, 454384|3232, 454824|3273, 455044|3328, 455044|3380, 455264|3420, 455264|3458, 455484|3497, 455484|3553, 455704|3592, 455924|3618, 455924|3647, 456144|3697, 456144|3762, 456364|3798, 456584|3842, 456584|3874, 456804|3917, 457172|3955, 458136|4218, com.booking, 
442308|1, 443612|204, 443760|247, 443760|300, 443908|362, 444056|412, 443324|461, 443324|509, 443472|561, 443472|616, 443620|671, 443840|724, 427472|766, 427912|859, 427912|933, 428500|998, 428720|1045, 428720|1085, 428620|1149, 427300|1357, 427960|1425, 433240|1478, 436100|1576, 436100|2086, 436080|2143, 436056|2223, 436716|2418, 438256|2615, 438476|2799, 441556|3012, 431604|3233, 431604|4011, com.tripadvisor.tripadvisor, 
424616|1, 424836|98, 424836|344, 425016|375, 425016|454, 424136|491, 424176|515, 424176|663, 424396|684, 424396|910, 424616|960, 425056|1002, 425056|1047, 425276|1070, 425276|1328, 425472|1374, 425592|1408, 425592|1432, 425556|1465, 425556|2345, 425572|2374, 425572|2412, 426012|2450, 426452|2503, 426452|2556, 426672|2582, 427112|2669, 427112|2710, 427332|2749, 427552|2779, 427552|2926, 429752|2986, 430192|3018, 430412|3060, 430412|3136, 431732|3190, 431732|3322, 431628|3366, 431752|3392, 431752|4025, com.tripadvisor.tripadvisor, 
424784|1, 425004|93, 425004|205, 425224|249, 425224|379, 424380|415, 424160|441, 424160|711, 423940|774, 424600|817, 423940|856, 425260|892, 427240|942, 429660|985, 430540|1019, 431200|1065, 433840|1101, 434500|1147, 435160|1205, 436480|1242, 437360|1293, 438240|1368, 439732|1443, 440392|1498, 441052|1546, 442372|1610, 442812|1655, 443252|1716, 443912|1768, 444352|1808, 445232|1872, 445672|1940, 445892|1991, 446112|2022, 446332|2074, 446552|2152, 446992|2270, 447432|2333, 447784|2442, 448224|2593, 449104|2697, 450424|2767, 451524|3055, 453944|3154, 453944|3255, 454164|3290, 454164|3319, 454604|3375, 455040|3421, 455156|3462, 455376|3515, 455376|3561, 456036|3598, 456036|3683, 456256|3721, 456256|3749, 456476|3778, 456476|3823, 456696|3861, 456916|3908, 457576|4163, com.booking, 
443028|1, 443472|201, 443620|250, 443768|339, 443916|396, 443256|456, 443404|498, 443552|546, 443648|610, 443796|680, 444384|736, 444384|816, 428456|922, 429932|999, 431260|1058, 432516|1130, 433624|1172, 433772|1488, 434732|1568, 443904|1673, 443904|1764, 444200|1847, 444200|2390, 444420|2470, 444640|2621, 444468|2784, 444468|3187, 435668|3302, 433028|3340, 433028|3580, 433064|3626, 433016|3656, 433016|4019, com.github.shadowsocks, 
425712|1, 426592|106, 426592|476, 425712|509, 425712|700, 425780|738, 425916|770, 425696|798, 425696|891, 426356|966, 426356|1038, 426136|1079, 426136|1236, 426576|1301, 426796|1352, 426796|1557, 427016|1598, 427016|1640, 427676|1684, 427676|1708, 427440|1748, 427912|1800, 428132|1828, 428352|1854, 429672|1886, 430552|1928, 430552|1960, 431652|2007, 431872|2030, 431872|2052, 432312|2089, 432312|2152, 432752|2176, 434292|2210, 435172|2241, 435172|2357, 435392|2378, 435392|2415, 435832|2449, 436052|2511, 436052|2560, 436712|2605, 437812|2674, 435832|2714, 435300|2748, 435572|2796, 435572|3714, 435580|3749, 435640|3776, 435640|4010, com.sometimeswefly.littlealchemy, 
426468|1, 426908|98, 426908|447, 426028|477, 426028|777, 425928|831, 426076|870, 426076|951, 427180|985, 427180|1008, 427844|1031, 427992|1059, 428436|1089, 429028|1130, 429840|1160, 430724|1191, 431316|1224, 431464|1266, 431760|1355, 431760|1461, 431908|1503, 432204|1558, 432204|1595, 430740|1666, 431108|1718, 431328|1764, 431328|1825, 431480|1882, 431480|2817, 431576|2860, 431576|3425, 431628|3448, 431628|3824, 431684|3846, 431696|3870, 431696|4018, com.github.shadowsocks, 
423880|1, 424724|87, 424724|489, 424064|526, 424064|877, 424284|921, 424284|949, 424944|994, 425004|1028, 425000|1068, 425000|1112, 425220|1135, 425220|2032, 425140|2060, 425140|2416, 425360|2443, 425800|2465, 426240|2517, 426240|2564, 427120|2651, 427120|2678, 427340|2755, 427340|2854, 427560|2892, 427560|2963, 429540|2996, 430456|3064, 430456|3338, 431556|3383, 431556|3821, 431996|3905, 431996|4016, com.tripadvisor.tripadvisor, 
424684|1, 424904|132, 424904|160, 424768|186, 424876|210, 424948|238, 424948|490, 424068|513, 424068|769, 424288|799, 424288|876, 424068|904, 424288|963, 424288|996, 424508|1063, 424508|1105, 424728|1171, 424856|1274, 424856|1493, 425076|1533, 425296|1578, 425516|1615, 425296|1643, 425296|1670, 425516|1711, 426176|1747, 426176|1776, 426836|1799, 427056|1826, 428596|1862, 428816|1894, 429036|1926, 430356|1964, 430576|1989, 430796|2025, 430796|2056, 433656|2104, 433656|2150, 433708|2182, 433796|2224, 433796|2263, 434016|2292, 434384|2322, 434604|2388, 435264|2452, 436144|2492, 434384|2531, 434384|2561, 433944|2606, 433944|3142, 433964|3179, 434220|3204, 434220|4005, com.sometimeswefly.littlealchemy, 
424424|1, 424864|97, 424864|265, 424988|323, 424988|500, 424108|533, 424108|644, 424328|689, 424328|803, 424548|831, 424548|860, 425208|898, 424988|968, 424988|993, 426308|1047, 426528|1079, 428068|1143, 429608|1204, 431148|1232, 432248|1268, 433604|1314, 434396|1384, 434616|1431, 434616|1471, 434836|1508, 435056|1557, 434836|1619, 434836|1674, 435496|1731, 435716|1779, 436156|1850, 436376|1908, 436816|1963, 437256|2028, 437624|2082, 437844|2165, 437844|2231, 438064|2266, 438232|2308, 438252|2347, 438472|2397, 438912|2453, 439132|2490, 439132|2518, 439352|2549, 439572|2591, 439572|2635, 439792|2951, 442236|2989, 442384|3028, 442384|3059, 442532|3103, 442680|3137, 442828|3176, 442976|3205, 442976|3233, 443124|3260, 443272|3297, 443296|3345, 443592|3385, 443740|3416, 443740|3447, 443888|3493, 443888|3577, 444108|3608, 444108|3668, 444328|3694, 444328|3892, 444988|3923, 444988|3953, 445136|3987, 445284|4030, com.ted.android, 
443844|1, 444800|144, 428800|184, 428800|207, 429020|228, 429020|547, 427912|602, 427912|692, 436052|757, 436272|809, 436272|886, 436052|945, 437592|1027, 439572|1115, 441112|1175, 442212|1248, 442652|1354, 442672|1465, 442892|1565, 443552|1749, 444652|1979, 444800|2128, 445020|2349, 445204|2533, 445204|2646, 446824|2791, 447044|2979, 447044|3172, 435604|3263, 435604|3362, 435664|3400, 435592|3435, 435592|4015, com.ted.android, 
424756|1, 425416|75, 425416|400, 425552|438, 425552|501, 424812|524, 424812|546, 424832|577, 424832|772, 424980|802, 424980|840, 424760|901, 424760|940, 424980|983, 424980|1043, 426080|1070, 424980|1103, 424980|1146, 425200|1203, 425200|1310, 425420|1371, 425420|1455, 425640|1505, 425640|1560, 425832|1592, 425832|1678, 426492|1721, 426712|1744, 426712|1814, 426932|1850, 426932|1876, 427152|1908, 428472|1942, 429352|1979, 429572|2011, 430892|2044, 430892|2071, 431332|2095, 431332|2135, 431552|2171, 433312|2201, 434192|2232, 434192|2382, 434412|2404, 434412|2440, 434632|2499, 435072|2555, 435964|2629, 436404|2667, 434424|2696, 434424|3425, 434444|3449, 434444|3550, 434364|3571, 434528|3595, 434528|3617, 434524|3650, 434524|4009, com.sometimeswefly.littlealchemy, 
425412|1, 425780|122, 425780|474, 424900|515, 425120|549, 425120|734, 425200|764, 425584|795, 425584|822, 425364|881, 426024|928, 427060|994, 427648|1045, 428020|1085, 428760|1105, 429348|1145, 430456|1190, 430752|1223, 431048|1259, 431048|1373, 431196|1427, 431564|1458, 431564|1513, 431712|1545, 432596|1626, 432596|1713, 432764|1753, 432988|1787, 433136|1826, 433136|2086, 433144|2111, 433144|2258, 433244|2281, 433244|2442, 433220|2484, 433220|2748, 433280|2773, 433280|3749, 433296|3788, 433296|4016, com.github.shadowsocks, 
425612|1, 426492|113, 426492|329, 426460|370, 426460|513, 425572|539, 425572|693, 425720|714, 425720|780, 425868|809, 425720|843, 425720|911, 424936|956, 425820|986, 426484|1021, 427960|1085, 428700|1112, 429216|1134, 429512|1177, 429956|1204, 430104|1240, 430400|1371, 430400|1438, 431284|1486, 431432|1549, 432536|1667, 432536|1728, 432832|1768, 432832|1840, 432980|1878, 432980|1926, 432872|1946, 432836|1979, 432820|2015, 432820|2910, 432844|2938, 432828|2958, 432828|3912, 432872|3951, 432884|3982, 432884|4018, com.github.shadowsocks, 
425992|1, 425872|86, 425872|453, 425212|474, 425212|529, 425108|564, 425108|605, 425256|633, 425256|826, 425476|887, 425256|914, 425256|966, 425220|996, 425608|1038, 425608|1173, 425828|1230, 425828|1303, 426048|1344, 426048|1569, 426488|1609, 426928|1650, 426928|1767, 427588|1818, 429568|1864, 430668|1891, 430668|1952, 430972|1988, 431308|2023, 431528|2046, 431528|2070, 431748|2105, 431748|2146, 433728|2183, 433948|2207, 433948|2229, 434828|2260, 435048|2297, 435268|2340, 435268|2390, 435636|2423, 435856|2487, 436296|2548, 436516|2590, 436516|2619, 436736|2661, 436736|2717, 436956|2782, 437396|2820, 437616|2853, 437616|2929, 437836|2977, 435740|3022, 435740|3118, 435300|3168, 435300|3451, 435328|3480, 435320|4016, com.sometimeswefly.littlealchemy, 
426128|1, 426348|60, 426348|111, 426504|141, 426504|438, 425624|468, 425624|726, 425844|759, 425844|804, 425624|851, 425624|895, 426360|974, 426876|1002, 427688|1057, 428464|1111, 429104|1159, 429696|1202, 430288|1240, 430436|1287, 430732|1314, 430732|1382, 431100|1425, 431468|1466, 431616|1555, 431616|1580, 431764|1617, 432648|1656, 432868|1736, 433312|1781, 433312|2010, 433532|2036, 433532|2080, 433464|2112, 433552|2148, 433552|2976, 433412|3008, 433412|3096, 433424|3122, 433420|3155, 433416|3188, 433416|4025, com.github.shadowsocks, 
425820|1, 426480|102, 426480|262, 426564|295, 426564|479, 425684|502, 425684|773, 425904|799, 428324|823, 428324|855, 428104|893, 428104|1042, 430304|1097, 433384|1152, 435364|1189, 436684|1235, 437804|1293, 438464|1338, 439784|1401, 440884|1454, 441544|1529, 443524|1586, 444404|1655, 445284|1694, 445504|1741, 445944|1799, 446164|1850, 447264|1912, 447484|1955, 447924|1993, 448804|2099, 449244|2191, 449464|2239, 449584|2348, 449804|2405, 450024|2502, 450464|2571, 450904|2646, 452004|2792, 454204|2889, 455304|3176, 456112|3232, 456352|3281, 456572|3359, 457012|3414, 457012|3467, 456132|3513, 456352|3561, 456572|3597, 456572|3653, 457012|3691, 457012|3723, 457452|3788, 457672|3829, 457672|3865, 457892|3893, 457892|3922, 458112|3953, 458112|4011, com.booking, 
444744|1, 445260|125, 445408|168, 445556|214, 445704|263, 445704|308, 445852|352, 446000|404, 445488|455, 445624|517, 445624|568, 445772|627, 429636|686, 429856|733, 429416|780, 430076|871, 430076|941, 431396|1008, 431396|1363, 439416|1425, 439440|1508, 439440|2313, 440540|2467, 441628|2639, 441848|2790, 444708|3098, 446248|3328, 446632|3459, 446684|3627, 446684|3771, 438104|3908, 437664|3946, 435244|3977, 435244|4006, com.tripadvisor.tripadvisor, 
426360|1, 426800|114, 426800|504, 425920|530, 425920|582, 426140|635, 426184|666, 426184|790, 426404|827, 426404|964, 426624|995, 427580|1048, 427580|1090, 428764|1138, 429132|1162, 429428|1183, 429576|1210, 430684|1251, 431052|1313, 431644|1363, 431940|1412, 432088|1459, 432088|1570, 432308|1617, 433004|1663, 432888|1736, 432888|1784, 433552|1829, 433772|1899, 433772|1938, 434068|1989, 434068|2531, 434052|2553, 434052|2648, 434096|2680, 434096|3636, 434108|3665, 434120|3702, 434120|4004, com.github.shadowsocks, 
427256|1, 427256|248, 427476|312, 427476|520, 426816|556, 426816|651, 426752|687, 426864|716, 426836|745, 426836|1039, 427716|1086, 429696|1157, 432996|1212, 433436|1247, 435856|1281, 436956|1344, 437836|1392, 440036|1462, 440696|1499, 440916|1544, 441356|1587, 442676|1640, 443568|1715, 444524|1767, 444744|1801, 445184|1849, 445624|1898, 446064|1932, 446504|1968, 447384|2021, 448044|2081, 449364|2128, 448264|2191, 448484|2246, 448924|2294, 449144|2377, 449144|2479, 450024|2597, 450648|2712, 451876|2850, 452976|2964, 454516|3319, 455396|3359, 455396|3388, 455616|3437, 455836|3483, 456056|3529, 456056|3569, 456276|3598, 456276|3631, 456496|3681, 456996|3748, 457216|3784, 457216|3808, 457436|3833, 457436|3867, 457656|3911, 457656|4003, com.booking, 
444288|1, 445464|186, 445612|220, 445760|279, 445908|342, 446056|400, 446056|456, 446204|490, 445692|542, 445840|599, 445840|660, 445988|718, 445988|768, 446252|813, 430192|893, 430412|974, 430412|1199, 430852|1259, 431072|1340, 431072|1592, 431292|1623, 431292|1652, 440092|1728, 440092|1786, 440528|1862, 441848|1914, 443168|1982, 444268|2034, 444708|2108, 445148|2178, 447568|2234, 447716|2282, 447716|2355, 448892|2608, 448276|2832, 448220|3030, 448220|3199, 439860|3343, 439420|3385, 437220|3424, 436780|3456, 436780|3786, 436776|3831, 436772|3864, 436772|4017, com.sometimeswefly.littlealchemy, 
428296|1, 428296|450, 427636|486, 427636|550, 427612|574, 427612|859, 427624|909, 428032|945, 428032|989, 428252|1020, 428252|1305, 428328|1335, 428328|1917, 428352|1958, 428352|2323, 427760|2403, 428204|2438, 428424|2462, 428644|2500, 428644|2535, 429524|2582, 429744|2613, 429744|2722, 429964|2772, 429964|2917, 432076|2976, 432516|3027, 432736|3097, 432736|3266, 433836|3304, 433836|3875, 433924|3915, 433868|3949, 433868|4009, com.tripadvisor.tripadvisor, 
427144|1, 427516|72, 427472|93, 427472|525, 426592|564, 426592|730, 426812|759, 426812|815, 427032|836, 426812|861, 426812|1043, 427576|1065, 427876|1100, 428836|1146, 429500|1190, 429796|1221, 430388|1254, 431420|1301, 431864|1338, 432160|1405, 432456|1455, 432456|1567, 432604|1613, 432972|1651, 432900|1686, 432900|1724, 433268|1764, 433268|1817, 433488|1857, 433488|1883, 433856|1943, 434004|1999, 434156|2061, 434236|2105, 434236|3031, 434264|3059, 434264|4020, com.github.shadowsocks, 
426948|1, 427044|70, 427044|442, 426164|465, 426164|698, 426384|732, 426384|889, 426604|955, 427484|999, 428752|1036, 432180|1103, 433500|1143, 434820|1182, 435920|1221, 436580|1257, 436800|1292, 437240|1322, 439000|1363, 439880|1406, 440100|1455, 441860|1504, 442080|1532, 442960|1584, 443620|1637, 444500|1682, 444940|1730, 444940|1775, 445380|1810, 446260|1855, 447140|1912, 447580|1986, 447792|2062, 448012|2184, 449112|2365, 449552|2497, 450212|2588, 451752|2662, 452852|2740, 453292|2801, 454172|2868, 454832|2959, 455052|3202, 456028|3237, 456028|3265, 456248|3307, 456468|3348, 456468|3392, 456688|3421, 456908|3463, 457128|3497, 457568|3560, 457788|3593, 458008|3633, 458008|3662, 458228|3696, 458668|3761, 458888|3805, 459108|4061, com.booking, 
445284|1, 445800|109, 445964|131, 446060|162, 446208|185, 446208|207, 446356|229, 446356|250, 446504|271, 430356|295, 430356|355, 430576|399, 430576|467, 429696|522, 429696|804, 430576|869, 430356|909, 430356|938, 430576|999, 440696|1075, 441576|1125, 442160|1174, 443260|1257, 445240|1399, 445240|1578, 445680|1665, 445900|1732, 446120|1827, 446780|1955, 447000|2131, 447296|2262, 447516|2451, 447516|2650, 448916|2834, 448916|3141, 448892|3255, 437452|3298, 437452|3468, 437460|3508, 437460|4014, com.ted.android, 
428196|1, 428196|200, 428104|224, 428104|448, 427224|479, 427224|746, 427444|773, 427444|800, 427224|848, 427224|924, 428328|985, 429140|1020, 429584|1047, 429732|1070, 429880|1105, 430620|1143, 431808|1194, 432392|1245, 432688|1274, 432688|1330, 432836|1403, 432984|1488, 433500|1574, 433648|1622, 434164|1670, 434680|1738, 434680|1867, 434828|1905, 434828|2182, 434896|2216, 434972|2250, 434972|2278, 435056|2302, 435056|3194, 435064|3215, 435064|4002, com.github.shadowsocks, 
427928|1, 428148|79, 428148|332, 428104|358, 428176|394, 428176|471, 427296|503, 427296|646, 427516|668, 427516|776, 427296|807, 427296|885, 427516|937, 427736|981, 429276|1016, 429276|1326, 429368|1370, 429452|1415, 429452|2345, 429456|2391, 429900|2449, 430564|2520, 430564|2569, 431444|2638, 431444|2740, 431884|2785, 431884|2944, 433864|2985, 434524|3020, 434524|3102, 434964|3152, 434964|3172, 436284|3215, 436284|3308, 436484|3370, 436484|4011, com.tripadvisor.tripadvisor, 
427740|1, 428180|70, 428180|260, 428300|296, 428300|455, 428352|489, 428416|523, 427536|559, 427536|735, 427756|787, 427756|864, 427536|902, 427756|960, 427756|1040, 427536|1094, 427536|1131, 429296|1165, 430396|1188, 432156|1219, 433476|1251, 435456|1330, 437876|1385, 438976|1448, 440836|1502, 441128|1534, 442228|1616, 442888|1671, 443768|1723, 444868|1769, 445528|1825, 446408|1887, 447068|1937, 447508|1978, 448168|2033, 448388|2090, 448828|2145, 449268|2229, 449928|2312, 449708|2358, 450148|2415, 450752|2503, 451116|2632, 451776|2771, 453536|2862, 453756|2904, 454856|2991, 456616|3232, 456836|3309, 457056|3352, 457276|3386, 457056|3426, 457276|3470, 457388|3509, 457448|3537, 457668|3572, 457888|3622, 458328|3702, 458768|3819, 458768|3846, 458988|3874, 458988|3931, 459208|3969, 459428|4022, com.booking, 
444332|1, 445432|140, 445652|165, 445652|215, 445872|241, 445872|266, 446092|291, 446092|504, 445804|597, 446104|653, 446252|728, 446252|797, 446400|863, 446768|926, 446916|1026, 446696|1096, 447064|1161, 447284|1278, 447652|1408, 447872|1518, 431872|1615, 432028|1727, 432468|1815, 432468|1918, 432908|1983, 432468|2055, 434888|2444, 439508|2522, 440316|2567, 448868|2648, 449236|2718, 449456|2786, 451436|2885, 448796|2991, 448796|3328, 445716|3430, 439996|3482, 438016|3530, 437576|3571, 437576|3601, 437560|3627, 437440|3661, 437440|4027, com.sometimeswefly.littlealchemy, 
426644|1, 426864|92, 426864|463, 425984|498, 426024|529, 426024|607, 426244|636, 426244|783, 426464|802, 426464|830, 426244|906, 427344|952, 426024|994, 426904|1015, 427564|1052, 430424|1091, 432404|1134, 433284|1181, 435044|1208, 435704|1253, 436144|1297, 437904|1364, 439664|1421, 439884|1461, 440368|1512, 441340|1553, 442000|1609, 442660|1677, 443760|1722, 444420|1754, 444420|1785, 444860|1822, 445740|1871, 447060|1950, 447280|1984, 447940|2026, 447720|2063, 448160|2110, 448380|2200, 448968|2317, 449628|2394, 450068|2463, 450344|2577, 451004|2634, 451444|2686, 452984|2743, 453864|2818, 455184|3097, 455404|3191, 456284|3278, 456064|3313, 456284|3342, 456284|3367, 456504|3423, 456504|3469, 456892|3512, 457092|3575, 457312|3621, 457312|3655, 457532|3712, 457680|3758, 458120|3789, 458340|3814, 459132|4074, com.booking, 
443960|1, 444916|100, 444916|133, 445064|161, 445212|190, 445212|217, 445360|242, 445360|267, 445508|320, 445656|373, 445656|429, 445804|500, 445072|576, 445300|650, 445300|707, 445448|756, 429416|815, 429416|880, 429636|986, 429636|1047, 430516|1173, 433816|1258, 437556|1364, 439688|1733, 448048|1831, 450688|1957, 451788|2045, 452448|2107, 453328|2185, 454648|2309, 454648|2470, 455308|2593, 455684|2691, 455904|2794, 456784|2953, 458984|3163, 460084|3401, 449084|3466, 449084|3563, 449304|3615, 449332|3655, 449332|3682, 449384|3717, 449384|3770, 449824|3823, 450044|3895, 450264|3934, 450264|4034, com.booking, 
426196|1, 427076|73, 427076|479, 426196|518, 426196|610, 426220|634, 426220|679, 426192|712, 426244|745, 426244|785, 426464|807, 426464|826, 427124|855, 427124|906, 426904|944, 426904|1024, 428444|1046, 428664|1077, 429984|1125, 432184|1176, 433724|1233, 435044|1266, 435704|1289, 436144|1317, 436144|1365, 436584|1422, 436584|1470, 436804|1509, 437024|1541, 437244|1579, 437464|1645, 438088|1747, 438308|1847, 439188|2004, 439408|2051, 439628|2120, 440216|2228, 440656|2302, 440656|2337, 440876|2389, 440656|2424, 441316|2464, 441096|2506, 441316|2545, 441316|2576, 441536|2607, 441536|2647, 441764|2707, 441996|2750, 442216|2781, 442436|2809, 442436|3005, 442584|3038, 444496|3064, 444716|3096, 444716|3141, 444936|3205, 445376|3270, 445376|3302, 445596|3327, 445596|3359, 445816|3399, 446036|3436, 446036|3469, 446256|3505, 446256|3564, 446476|3600, 446696|3641, 446696|3703, 447628|3899, 447776|3937, 448072|4021, com.ted.android, 
445476|1, 446800|189, 446800|297, 446948|343, 446948|400, 430800|454, 430800|500, 430140|556, 430140|746, 430036|1003, 431576|1092, 436636|1392, 444996|1508, 444996|1617, 445656|1725, 445768|1817, 446016|1907, 446456|2032, 446824|2123, 446824|2293, 447264|2355, 447264|2680, 447232|2871, 448776|3040, 448776|3223, 437336|3251, 437336|3688, 437348|3718, 437348|3791, 437356|3827, 437300|3861, 437368|3885, 437368|4003, com.ted.android, 
427620|1, 427620|534, 426880|578, 426880|770, 427024|810, 427024|851, 427172|888, 427024|922, 427024|1029, 427464|1088, 428564|1139, 429664|1197, 431864|1257, 433184|1283, 434944|1339, 436264|1424, 436484|1505, 436484|1590, 436704|1651, 436924|1699, 437144|1751, 437588|1862, 437808|1910, 438468|2006, 438908|2093, 439128|2150, 439496|2234, 439716|2309, 439716|2349, 439936|2386, 440156|2421, 440156|2453, 440376|2488, 440376|2534, 440816|2585, 441036|2622, 441036|2650, 441256|2677, 441256|2706, 441476|2745, 441796|2815, 443604|3136, 443752|3193, 443900|3225, 444120|3278, 444340|3315, 444340|3353, 444560|3379, 444560|3403, 444780|3434, 444780|3468, 445000|3508, 445000|3544, 445220|3580, 445440|3613, 445440|3828, 446148|3854, 446296|3887, 446444|3925, 446592|3964, 446740|4005, com.ted.android, 
446420|1, 446716|122, 446716|150, 446864|176, 446864|204, 430716|231, 430716|336, 430936|396, 430936|511, 430496|770, 430496|875, 430584|905, 430540|951, 434720|1028, 438680|1134, 440220|1241, 443080|1304, 445280|1383, 446820|1545, 449460|1668, 450340|1751, 451660|1843, 453316|1935, 454636|2039, 455736|2251, 456616|2556, 457276|2786, 460824|3062, 452904|3325, 450264|3380, 450264|3870, 450484|3908, 450508|3932, 450508|4019, com.booking, 
427892|1, 428112|83, 428112|546, 427232|576, 427232|837, 427452|878, 427624|920, 427708|961, 427708|1085, 427488|1170, 429248|1215, 431888|1256, 433868|1317, 434968|1353, 436948|1391, 437608|1434, 438048|1489, 440248|1557, 440908|1595, 441128|1623, 441568|1687, 442668|1737, 443768|1823, 445208|1894, 445448|1929, 446108|1989, 446548|2035, 447208|2095, 448088|2181, 448748|2244, 448968|2328, 449188|2446, 449848|2585, 450728|2686, 450728|2776, 450948|2855, 451360|2930, 452020|2985, 452240|3052, 453560|3126, 454660|3187, 455100|3265, 455540|3317, 455540|3353, 456860|3573, 456860|3615, 457080|3645, 457300|3692, 457300|3739, 457520|3775, 457740|3816, 457740|3842, 457960|3869, 458012|3907, 458592|4044, com.booking, 
444492|1, 445152|113, 446112|372, 446112|412, 446260|448, 446408|493, 445528|541, 445676|591, 446044|632, 446412|681, 446412|741, 446780|794, 430632|890, 430344|969, 433204|1043, 433864|1101, 434744|1159, 436284|1209, 437164|1494, 437384|1519, 437384|1562, 443764|1638, 445964|1753, 446184|1850, 446532|1961, 446752|2061, 449172|2171, 449172|2328, 449392|2395, 449612|2482, 449832|2553, 449832|2867, 462668|3017, 462888|3212, 462888|3341, 451448|3365, 451448|3584, 451480|3611, 451480|3889, 451524|3921, 451504|3949, 451580|4007, com.ted.android, 
427444|1, 428268|88, 428268|508, 427388|534, 427388|788, 427608|822, 427608|939, 427604|980, 427628|1020, 427316|1055, 429076|1092, 430836|1173, 431936|1220, 433916|1252, 435236|1280, 436116|1330, 436556|1381, 436996|1454, 437216|1545, 437436|1598, 437436|1646, 438536|1716, 438756|1779, 438976|1841, 439196|1886, 439416|1935, 439856|1971, 440204|2039, 442404|2134, 442624|2182, 442624|2209, 442844|2240, 443064|2272, 443284|2307, 443284|2360, 443504|2407, 443944|2446, 443944|2472, 444164|2511, 444164|2540, 444384|2579, 444384|2620, 444604|2662, 444604|2698, 445264|2869, 445484|2900, 445704|2933, 458664|2998, 458728|3045, 459168|3086, 459168|3115, 459388|3141, 459388|3166, 459608|3208, 459608|3243, 459828|3286, 460048|3324, 460048|3383, 460268|3411, 460268|3646, 461148|3671, 461148|3696, 461368|3736, 461516|3801, 461664|3844, 461812|3879, 462032|3904, 462244|4002, com.ted.android, 
