39046582|1, 39046582|336, 39046634|404, 39046634|539, 39048118|594, 39048118|665, 39048158|714, 39048158|2184, 39048218|2219, 39048218|2728, 39048505|2762, 39048557|2811, 39048557|2973, 39048713|3034, 39048891|3062, 39048891|3771, 39050018|3819, 39050018|4005, com.tripadvisor.tripadvisor, 
39051983|1, 39051983|223, 39052035|246, 39052035|1918, 39052165|1964, 39052510|2013, 39052718|2039, 39053603|2077, 39053655|2127, 39053655|4048, com.github.shadowsocks, 
39053811|1, 39053811|1749, 39053871|1814, 39053871|1986, 39053931|2058, 39053931|2699, 39053991|2819, 39053991|2973, 39054051|3048, 39054051|3470, 39054552|3550, 39054592|3654, 39054592|4014, com.sometimeswefly.littlealchemy, 
39054764|1, 39054764|2557, 39054824|2613, 39054824|2880, 39055111|2955, 39055111|3517, 39055514|3566, 39055692|3615, 39055692|3762, 39055756|3805, 39056935|3836, 39056935|4026, com.tripadvisor.tripadvisor, 
39059539|1, 39059539|3081, 39060080|3180, 39060080|3271, 39060140|3330, 39060180|3429, 39060326|4060, com.github.shadowsocks, 
39060446|1, 39060446|2482, 39060506|2594, 39060506|2723, 39060793|2816, 39060793|2948, 39060961|3020, 39061139|3068, 39061139|3595, 39062318|3630, 39062318|4024, com.tripadvisor.tripadvisor, 
39065116|1, 39065116|1626, 39065177|1709, 39065177|1785, 39065237|1864, 39065237|2061, 39065517|2138, 39065517|2355, 39065673|2403, 39065851|2443, 39065851|2772, 39066194|3043, 39066194|3368, 39066348|3397, 39066348|3429, 39066400|3469, 39066400|4024, com.ted.android, 
39067369|1, 39067369|2017, 39067429|2226, 39067489|2405, 39067489|2916, 39067549|3070, 39067549|3237, 39067609|3264, 39067609|4020, com.sometimeswefly.littlealchemy, 
39067729|1, 39067729|2014, 39067789|2105, 39067789|2234, 39067849|2308, 39067849|3006, 39067909|3094, 39067909|3269, 39067969|3341, 39067969|4053, com.sometimeswefly.littlealchemy, 
39068089|1, 39068089|2518, 39068149|2633, 39068149|2866, 39068436|2933, 39068436|3560, 39068671|3588, 39069005|3644, 39069005|3836, 39070184|3905, 39070184|4001, com.tripadvisor.tripadvisor, 
39073369|1, 39073369|879, 39073497|905, 39073497|1489, 39073557|1576, 39073557|1793, 39073837|1865, 39073837|2616, 39074065|2642, 39074129|2805, 39074129|3200, 39074193|3251, 39074193|3316, 39074423|3356, 39074766|4131, com.ted.android, 
39075276|1, 39075276|1862, 39075336|2046, 39075336|2201, 39075396|2319, 39075396|2954, 39075456|3132, 39075456|3258, 39075516|3287, 39075516|4008, com.sometimeswefly.littlealchemy, 
39076177|1, 39076177|1120, 39076313|1222, 39076313|1428, 39076629|1489, 39077263|1579, 39077263|1631, 39077483|1720, 39077757|1797, 39077861|1868, 39080142|1945, 39080299|1999, 39080299|2094, 39080359|2173, 39080709|2269, 39080769|2351, 39081160|2418, 39081436|2544, 39082558|2605, 39082747|2641, 39085072|2758, 39087382|2884, 39092078|3134, 39093080|3179, 39093391|3220, 39093727|3278, 39093727|3324, 39094801|3366, 39095864|3402, 39095864|3499, 39095916|3533, 39095916|3657, 39096043|3707, 39096222|3744, 39096334|3784, 39096514|3825, 39096514|3863, 39097780|3903, 39100890|4171, com.booking, 
39102749|1, 39102749|1095, 39102815|1307, 39102815|1364, 39102875|1428, 39102875|2213, 39102935|2410, 39102995|2591, 39102995|3040, 39103282|3167, 39103282|4017, com.tripadvisor.tripadvisor, 
39109348|1, 39109348|481, 39109444|518, 39109444|678, 39109504|721, 39109504|2559, 39109564|2635, 39109564|3541, 39109752|3588, 39109752|3628, 39109852|3703, 39109852|3728, 39109924|3759, 39109924|3919, 39110741|3959, 39110833|4002, com.tripadvisor.tripadvisor, 
39112538|1, 39112538|751, 39112598|789, 39112598|1178, 39112718|1216, 39112778|1278, 39113352|1358, 39113560|1424, 39113560|1476, 39113894|1543, 39113894|1591, 39113946|1641, 39114990|1703, 39114990|1792, 39115127|1856, 39115396|1924, 39116633|1966, 39116633|2063, 39116976|2167, 39117036|2253, 39117368|2331, 39118326|2424, 39119195|2595, 39120856|2680, 39121201|2748, 39126214|3065, 39129157|3134, 39131052|3184, 39133025|3229, 39133207|3263, 39133287|3294, 39133729|3358, 39133729|3401, 39134298|3437, 39137574|3505, 39137944|3536, 39138307|3582, 39138307|3623, 39138507|3660, 39138507|3697, 39138547|3722, 39138599|3754, 39138599|3802, 39138659|3842, 39139628|4104, com.booking, 
39145196|1, 39145196|3008, 39145491|3170, 39145491|3227, 39145911|3267, 39145911|3305, 39145951|3342, 39145951|3454, 39146051|3513, 39146051|3550, 39147412|3578, 39147452|3616, 39147492|3658, 39147532|3700, 39147532|4012, com.github.shadowsocks, 
39147532|1, 39147532|1984, 39147592|2007, 39147592|2231, 39147652|2260, 39147652|2984, 39147712|3029, 39147712|3237, 39147772|3279, 39147772|4007, com.sometimeswefly.littlealchemy, 
39148433|1, 39148433|4011, com.github.shadowsocks, 
39148433|1, 39148433|2530, 39148493|2613, 39148493|3116, 39148780|3139, 39148780|3792, 39149449|3876, 39149667|3909, 39149667|4014, com.tripadvisor.tripadvisor, 
39153500|1, 39153500|1936, 39153560|1961, 39153560|2159, 39153620|2203, 39153620|2945, 39153680|2979, 39153680|3199, 39153740|3240, 39153740|4026, com.sometimeswefly.littlealchemy, 
39153860|1, 39153860|1631, 39153920|1689, 39153920|1933, 39154200|1990, 39154200|3646, 39154328|3845, 39154328|4019, com.ted.android, 
39155071|1, 39155071|1440, 39155195|1553, 39155255|1782, 39155535|1976, 39155535|2127, 39155869|2367, 39155869|2984, 39156276|3179, 39156276|3247, 39156418|3287, 39156418|4004, com.ted.android, 
39156721|1, 39156721|831, 39156773|877, 39156773|2045, 39156833|2068, 39156833|2291, 39156893|2328, 39156893|2483, 39156945|2533, 39156945|3038, 39157005|3081, 39157005|3298, 39157065|3331, 39157065|4026, com.sometimeswefly.littlealchemy, 
39157185|1, 39157185|4002, com.github.shadowsocks, 
39157185|1, 39157185|2281, 39157686|2326, 39157726|2364, 39157726|4014, com.github.shadowsocks, 
39157726|1, 39157726|1704, 39157787|1749, 39157787|2014, 39157847|2039, 39157847|2235, 39157907|2273, 39157907|2995, 39157967|3026, 39157967|3252, 39158027|3287, 39158027|4021, com.sometimeswefly.littlealchemy, 
39158147|1, 39158147|1000, 39158648|1055, 39158648|1095, 39158688|1144, 39158688|4011, com.github.shadowsocks, 
39158753|1, 39158753|1325, 39158933|1391, 39159220|1454, 39159794|1530, 39160074|1590, 39160348|1644, 39160348|1679, 39160969|1734, 39163354|1792, 39163745|1847, 39163861|1900, 39163925|1945, 39163925|1977, 39165213|2104, 39165213|2232, 39165507|2343, 39165845|2412, 39166288|2500, 39166477|2584, 39167437|2689, 39167437|2789, 39168485|2896, 39170255|3163, 39170423|3223, 39171477|3280, 39172949|3359, 39173768|3398, 39173768|3424, 39174144|3456, 39175447|3505, 39176347|3549, 39176451|3595, 39176569|3643, 39176844|3678, 39176844|3721, 39178805|3776, 39179769|3818, 39179769|3849, 39180053|3878, 39180053|3905, 39180113|3941, 39180817|4189, com.booking, 
39184963|1, 39184963|2480, 39185023|2628, 39185023|2852, 39185390|3120, 39185724|3340, 39185724|4040, com.tripadvisor.tripadvisor, 
39187259|1, 39187259|1458, 39187311|1502, 39187311|4021, com.github.shadowsocks, 
39187511|1, 39187511|225, 39188012|296, 39188553|368, 39188553|394, 39188593|414, 39188593|1380, 39188773|1437, 39189060|1483, 39189399|1518, 39189634|1565, 39189842|1635, 39190280|1706, 39190469|1748, 39190469|1782, 39190573|1827, 39193146|1876, 39193146|1957, 39193587|2010, 39193587|2065, 39195955|2126, 39195955|2371, 39196127|2463, 39196700|2593, 39196752|2718, 39197116|2837, 39197240|2969, 39200903|3300, 39200903|3336, 39201227|3378, 39202236|3422, 39202236|3468, 39204086|3512, 39205178|3547, 39205294|3576, 39205294|3610, 39205346|3669, 39205346|3842, 39205525|3897, 39205629|3941, 39205749|3980, 39206679|4011, com.booking, 
39209926|1, 39209926|1984, 39209986|2060, 39209986|2230, 39210046|2347, 39210506|2614, 39210506|2827, 39210566|3013, 39210566|3170, 39210626|3281, 39210626|4004, com.sometimeswefly.littlealchemy, 
39211339|1, 39211339|2518, 39211399|2559, 39211399|3013, 39212187|3080, 39212187|3163, 39212227|3200, 39212227|3279, 39212383|3302, 39212383|3328, 39212561|3364, 39212561|3608, 39213688|3634, 39213688|4007, com.tripadvisor.tripadvisor, 
39215165|1, 39215165|165, 39215666|232, 39216207|298, 39216207|334, 39216247|368, 39216247|4014, com.github.shadowsocks, 
39217329|1, 39217329|441, 39217381|482, 39217381|1300, 39217561|1345, 39217561|1389, 39218135|1436, 39218422|1479, 39218422|1510, 39218794|1566, 39218794|1622, 39219205|1665, 39219205|1751, 39222550|1793, 39222550|1831, 39222707|1903, 39222893|1974, 39222893|2052, 39223340|2182, 39224981|2363, 39225425|2489, 39225731|2589, 39226154|2641, 39228764|2735, 39229010|2781, 39229891|2864, 39232257|2952, 39233109|3181, 39233109|3214, 39237225|3242, 39237225|3326, 39237497|3369, 39237675|3396, 39237873|3442, 39238952|3483, 39239212|3536, 39239264|3575, 39240523|3608, 39240523|3642, 39240846|3697, 39240846|3743, 39240966|3789, 39241018|4048, com.booking, 
39246380|1, 39246380|1476, 39246442|1547, 39246503|1639, 39246563|4020, com.ted.android, 
39248642|1, 39248642|1380, 39249143|1486, 39249183|1546, 39249183|4010, com.github.shadowsocks, 
39249776|1, 39249776|825, 39249967|876, 39249967|2581, 39250032|2622, 39250032|2728, 39250097|2800, 39250157|2865, 39250444|2932, 39250600|2969, 39250778|3004, 39250778|3039, 39251905|3094, 39251905|3355, 39251957|3386, 39253238|3411, 39253238|3623, 39253290|3653, 39253791|3732, 39254332|3775, 39254332|3844, 39254372|3875, 39254372|4022, com.tripadvisor.tripadvisor, 
39254504|1, 39254504|716, 39255005|758, 39255005|782, 39255045|808, 39255045|1383, 39255181|1426, 39255181|1598, 39255361|1653, 39255361|1701, 39255995|1758, 39255995|1806, 39256824|1867, 39256824|1950, 39257245|2008, 39257382|2070, 39259557|2136, 39259617|2231, 39259617|2331, 39259960|2416, 39261032|2528, 39261464|2656, 39261802|2766, 39261980|2848, 39262100|2900, 39263943|2984, 39266954|3218, 39267238|3287, 39267290|3326, 39267290|3405, 39267350|3448, 39267410|3482, 39267410|3511, 39267618|3547, 39268298|3620, 39270426|3762, 39270713|3793, 39270713|3818, 39271836|3858, 39271888|3904, 39272052|4006, com.booking, 
39283081|1, 39283081|245, 39283799|479, 39283799|1884, 39283860|1955, 39283860|2027, 39283920|2408, 39284043|2481, 39284043|2867, 39284584|2968, 39284584|3225, 39284644|3292, 39285160|3388, 39285223|3445, 39285283|3488, 39285283|4016, com.sometimeswefly.littlealchemy, 
39285944|1, 39285944|1284, 39286124|1354, 39286124|1404, 39286698|1452, 39286985|1503, 39287193|1544, 39287297|1599, 39287768|1662, 39287768|1704, 39289057|1736, 39291165|1765, 39291734|1812, 39291891|1882, 39292163|1931, 39292223|1974, 39293302|2014, 39293302|2111, 39293466|2214, 39293757|2316, 39294219|2402, 39294271|2455, 39294974|2567, 39294974|2623, 39295152|2677, 39296088|2738, 39299424|3024, 39300146|3100, 39303054|3194, 39303989|3262, 39305644|3295, 39305644|3360, 39305800|3408, 39305916|3457, 39305968|3503, 39307083|3569, 39307135|3603, 39307262|3653, 39307314|3701, 39307610|4062, com.booking, 
39311384|1, 39311384|1223, 39311444|1610, 39311624|1697, 39312485|1806, 39313254|1929, 39314189|2009, 39314253|2074, 39316493|2167, 39317572|2289, 39318217|2457, 39318337|2565, 39318675|2683, 39318961|2792, 39319760|2983, 39321016|3205, 39324460|3385, 39325150|3420, 39327263|3457, 39330408|3528, 39330700|3572, 39330700|3609, 39332922|3639, 39333291|3674, 39333291|3728, 39333810|3787, 39334576|3858, 39335554|3888, 39335606|3921, 39336793|3953, 39336845|4008, com.booking, 
39346240|1, 39346240|182, 39346396|209, 39346396|1620, 39346456|1739, 39346456|1870, 39346736|1981, 39346736|2108, 39346904|2214, 39347082|2278, 39347082|3188, 39347373|3244, 39347425|3272, 39347425|3476, 39347591|3504, 39348092|4027, com.ted.android, 
39348300|1, 39348300|1019, 39349342|1326, 39349382|1442, 39349382|1537, 39349442|1655, 39349442|1841, 39349722|1958, 39349722|2128, 39350056|2218, 39350056|2450, 39350399|2628, 39350399|3479, 39350553|3515, 39350553|4004, com.ted.android, 
39351604|1, 39351604|1692, 39351664|1766, 39351664|2737, 39351724|2796, 39351724|3120, 39352225|3174, 39352265|3214, 39352265|4022, com.ted.android, 
39352637|1, 39352637|186, 39353138|277, 39353178|339, 39353178|1338, 39353358|1514, 39353645|1617, 39353932|1690, 39354212|1797, 39355107|1887, 39357460|1991, 39357520|2275, 39358776|2559, 39360087|2821, 39366525|3079, 39371086|3262, 39372648|3316, 39372816|3359, 39373461|3395, 39373461|3421, 39374753|3470, 39375861|3525, 39375861|3615, 39377005|3644, 39377005|3710, 39377987|3748, 39378384|3803, 39378436|4034, com.booking, 
39388342|1, 39388342|1461, 39388522|1524, 39388522|1558, 39389096|1614, 39389096|1714, 39389513|1805, 39389650|1859, 39389702|1897, 39391367|1957, 39391367|2003, 39391692|2067, 39391808|2152, 39392887|2220, 39393847|2296, 39394889|2421, 39395161|2575, 39395540|2658, 39396241|2753, 39396586|2842, 39396690|2913, 39396742|2962, 39396948|3028, 39398717|3096, 39398895|3157, 39399059|3238, 39399712|3281, 39399764|3319, 39402924|3542, 39403824|3581, 39403980|3610, 39404096|3658, 39404096|3706, 39405026|3747, 39405026|3831, 39405090|3894, 39405258|4009, com.booking, 
39412379|1, 39412379|611, 39412799|665, 39412839|714, 39412839|1635, 39412899|1759, 39412899|1958, 39413179|2062, 39413179|2377, 39413513|2465, 39413513|3403, 39413868|3451, 39413958|4016, com.ted.android, 
39415208|1, 39415208|1455, 39415749|1522, 39415749|1622, 39415809|1692, 39415809|2633, 39415869|2667, 39415869|3660, 39416149|3706, 39416149|4011, com.ted.android, 
