416259|1, 416259|180, 416260|219, 416260|422, 416262|478, 416262|508, 416263|544, 416263|2022, 416264|2058, 416264|2601, 416266|2641, 416267|2687, 416267|2810, 416270|2871, 416271|2910, 416271|3610, 416272|3652, 416272|4029, com.tripadvisor.tripadvisor, 
416280|1, 416280|134, 416281|161, 416281|1839, 416286|1899, 416286|1927, 416292|1963, 416292|2003, 416293|2054, 416293|4041, com.github.shadowsocks, 
416296|1, 416296|1270, 416297|1331, 416297|1513, 416299|1586, 416299|1815, 416301|1893, 416301|1953, 416303|2036, 416303|2226, 416306|2306, 416306|2436, 416307|2569, 416308|2648, 416308|2804, 416309|2888, 416309|3306, 416311|3405, 416311|4059, com.sometimeswefly.littlealchemy, 
416318|1, 416318|2482, 416319|2532, 416319|2763, 416321|2826, 416321|3444, 416326|3496, 416326|3630, 416327|3692, 416329|3725, 416329|4022, com.tripadvisor.tripadvisor, 
416335|1, 416335|2865, 416337|2999, 416338|3083, 416338|3148, 416340|3239, 416342|3331, 416342|3781, 416346|3879, 416348|3969, 416351|4048, com.github.shadowsocks, 
416370|1, 416370|728, 416373|818, 416373|1836, 416376|1892, 416376|2293, 416378|2441, 416379|2547, 416382|2650, 416382|2759, 416385|2839, 416386|2881, 416386|3366, 416387|3396, 416389|3459, 416389|3881, 416391|3929, 416392|3969, 416393|4006, com.tripadvisor.tripadvisor, 
416402|1, 416402|848, 416403|905, 416403|1450, 416404|1501, 416406|1576, 416412|1637, 416416|1731, 416417|1796, 416417|1848, 416418|1926, 416420|2002, 416420|2143, 416422|2228, 416422|2277, 416426|2324, 416426|2694, 416428|2964, 416428|3284, 416430|3314, 416431|3346, 416431|3888, 416432|3914, 416433|4018, com.ted.android, 
416448|1, 416448|1463, 416449|1523, 416449|1710, 416451|1940, 416453|2105, 416455|2315, 416458|2544, 416460|2822, 416460|3025, 416461|3051, 416461|4009, com.sometimeswefly.littlealchemy, 
416467|1, 416467|1580, 416468|1647, 416468|1802, 416470|1909, 416470|2119, 416472|2205, 416472|2272, 416474|2347, 416474|2546, 416477|2634, 416477|2806, 416478|2901, 416479|2966, 416479|3081, 416480|3160, 416480|4061, com.sometimeswefly.littlealchemy, 
416487|1, 416487|2423, 416488|2521, 416488|2757, 416490|2811, 416490|3493, 416494|3541, 416495|3591, 416495|3796, 416497|3841, 416497|4010, com.tripadvisor.tripadvisor, 
416506|1, 416506|798, 416507|838, 416509|864, 416509|1333, 416510|1388, 416512|1475, 416521|1540, 416521|1574, 416522|1635, 416522|1695, 416524|1763, 416525|1853, 416525|1999, 416528|2046, 416528|2572, 416530|2730, 416530|3126, 416531|3170, 416531|3248, 416532|3285, 416533|3316, 416533|3718, 416536|3927, 416538|4305, com.ted.android, 
416546|1, 416546|1629, 416547|1708, 416547|1897, 416549|2073, 416549|2193, 416551|2354, 416553|2587, 416554|2767, 416555|2976, 416556|3105, 416556|3211, 416557|3243, 416557|4003, com.sometimeswefly.littlealchemy, 
416573|1, 416573|652, 416574|709, 416574|851, 416575|944, 416576|993, 416576|1034, 416578|1117, 416580|1237, 416581|1276, 416585|1331, 416590|1388, 416591|1467, 416597|1543, 416597|1583, 416601|1683, 416604|1769, 416608|1838, 416608|1904, 416610|2001, 416610|2063, 416612|2159, 416615|2254, 416615|2306, 416623|2444, 416628|2516, 416631|2557, 416635|2617, 416654|2746, 416663|2863, 416677|3089, 416679|3133, 416684|3185, 416684|3236, 416687|3283, 416690|3320, 416690|3353, 416691|3414, 416692|3454, 416692|3621, 416697|3661, 416698|3704, 416703|3737, 416727|4079, com.booking, 
416768|1, 416768|1005, 416770|1234, 416771|1276, 416771|1998, 416772|2193, 416774|2382, 416774|2791, 416776|3032, 416779|4013, com.tripadvisor.tripadvisor, 
416818|1, 416818|423, 416820|452, 416820|616, 416821|654, 416821|2490, 416822|2542, 416822|3483, 416823|3507, 416825|3558, 416827|3635, 416827|3671, 416828|3698, 416828|3863, 416829|3892, 416831|3934, 416831|4008, com.tripadvisor.tripadvisor, 
416839|1, 416839|507, 416840|533, 416840|680, 416841|727, 416841|892, 416842|927, 416842|1107, 416844|1147, 416845|1201, 416846|1256, 416849|1331, 416853|1401, 416853|1446, 416856|1513, 416856|1564, 416858|1620, 416858|1768, 416860|1842, 416863|1898, 416864|1931, 416864|2041, 416867|2172, 416869|2227, 416884|2327, 416894|2474, 416901|2597, 416903|2667, 416909|2731, 416940|3061, 416944|3107, 416950|3156, 416952|3198, 416954|3227, 416958|3276, 416959|3328, 416960|3371, 416964|3418, 416970|3470, 416975|3507, 416976|3550, 416981|3593, 416981|3658, 416982|3687, 416983|3727, 416983|3770, 416984|3816, 416985|3845, 416993|4071, com.booking, 
417047|1, 417047|2957, 417053|3101, 417053|3145, 417054|3182, 417055|3216, 417055|3322, 417056|3378, 417057|3428, 417058|3460, 417059|3487, 417060|3530, 417060|3572, 417061|3617, 417061|4016, com.github.shadowsocks, 
417061|1, 417061|1637, 417062|1696, 417062|1859, 417063|1905, 417063|1949, 417064|1980, 417064|2201, 417066|2231, 417066|2348, 417068|2406, 417068|2642, 417071|2693, 417071|2880, 417072|2911, 417072|2959, 417073|3008, 417073|3172, 417074|3215, 417074|4023, com.sometimeswefly.littlealchemy, 
417083|1, 417083|4007, com.github.shadowsocks, 
417084|1, 417084|2478, 417085|2560, 417085|3090, 417087|3124, 417087|3730, 417091|3809, 417093|3861, 417093|4022, com.tripadvisor.tripadvisor, 
417099|1, 417099|1542, 417100|1583, 417100|1798, 417101|1834, 417101|1861, 417102|1891, 417102|2050, 417103|2096, 417104|2134, 417104|2239, 417106|2318, 417106|2474, 417108|2528, 417109|2571, 417109|2808, 417110|2841, 417111|2875, 417111|3101, 417112|3129, 417112|4008, com.sometimeswefly.littlealchemy, 
417118|1, 417118|978, 417119|1043, 417119|1456, 417120|1512, 417122|1566, 417122|1615, 417131|1681, 417131|1734, 417132|1805, 417132|1863, 417134|1924, 417134|1973, 417135|2052, 417135|2169, 417137|2204, 417138|2249, 417138|3632, 417140|3825, 417141|4003, com.ted.android, 
417150|1, 417150|881, 417151|962, 417151|1298, 417153|1404, 417157|1570, 417167|1778, 417170|1959, 417179|2142, 417179|2782, 417181|2994, 417182|3123, 417182|3153, 417184|3179, 417184|3898, 417185|3937, 417185|4005, com.ted.android, 
417201|1, 417201|819, 417202|861, 417202|1695, 417203|1739, 417203|1936, 417204|1967, 417204|2019, 417205|2056, 417205|2238, 417207|2274, 417207|2402, 417209|2474, 417210|2547, 417210|2698, 417212|2741, 417212|2875, 417213|2925, 417213|2961, 417214|2989, 417214|3017, 417215|3070, 417215|3245, 417216|3279, 417216|4013, com.sometimeswefly.littlealchemy, 
417222|1, 417222|4029, com.github.shadowsocks, 
417222|1, 417222|2179, 417223|2245, 417223|2285, 417224|2313, 417224|4005, com.github.shadowsocks, 
417224|1, 417224|1649, 417225|1683, 417226|1728, 417226|1904, 417227|1939, 417227|1963, 417228|1987, 417228|2174, 417229|2212, 417230|2252, 417230|2335, 417232|2393, 417232|2622, 417235|2691, 417235|2886, 417236|2931, 417236|2971, 417237|3005, 417237|3224, 417238|3268, 417238|4018, com.sometimeswefly.littlealchemy, 
417244|1, 417244|995, 417245|1051, 417246|1092, 417246|4005, com.github.shadowsocks, 
417269|1, 417269|837, 417272|951, 417272|998, 417276|1054, 417276|1247, 417278|1303, 417279|1356, 417285|1424, 417285|1489, 417290|1556, 417292|1601, 417293|1646, 417297|1697, 417299|1750, 417302|1810, 417304|1863, 417304|1899, 417305|2003, 417308|2080, 417308|2146, 417311|2231, 417313|2302, 417320|2398, 417322|2473, 417324|2551, 417326|2667, 417329|2790, 417338|3064, 417344|3137, 417345|3180, 417348|3261, 417355|3318, 417356|3349, 417356|3374, 417363|3415, 417367|3462, 417368|3505, 417372|3552, 417373|3594, 417373|3691, 417375|3737, 417376|3774, 417377|3801, 417379|3830, 417379|3855, 417381|3910, 417389|4144, com.booking, 
417436|1, 417436|2322, 417437|2474, 417437|2663, 417441|2908, 417445|3171, 417445|4032, com.tripadvisor.tripadvisor, 
417455|1, 417455|1375, 417456|1421, 417456|4011, com.github.shadowsocks, 
417459|1, 417459|180, 417460|238, 417462|319, 417462|373, 417463|395, 417463|1067, 417464|1144, 417464|1320, 417467|1384, 417467|1425, 417471|1473, 417473|1515, 417477|1566, 417479|1629, 417482|1693, 417484|1731, 417486|1779, 417490|1830, 417490|1896, 417494|1948, 417495|2001, 417495|2054, 417498|2116, 417499|2170, 417499|2302, 417501|2400, 417506|2520, 417507|2609, 417515|2778, 417516|2884, 417519|2984, 417535|3286, 417535|3319, 417543|3365, 417547|3412, 417547|3456, 417553|3501, 417553|3530, 417554|3563, 417555|3607, 417556|3675, 417556|3799, 417557|3835, 417561|3894, 417561|3928, 417565|3966, 417566|4021, com.booking, 
417602|1, 417602|1624, 417603|1706, 417603|1824, 417604|1874, 417605|1954, 417605|2128, 417606|2181, 417609|2398, 417613|2640, 417614|2841, 417616|3032, 417617|3188, 417617|4024, com.sometimeswefly.littlealchemy, 
417627|1, 417627|2510, 417628|2548, 417628|3020, 417631|3080, 417631|3149, 417632|3191, 417632|3260, 417635|3287, 417636|3317, 417636|3556, 417637|3593, 417637|4009, com.tripadvisor.tripadvisor, 
417642|1, 417642|146, 417645|243, 417645|290, 417646|323, 417646|4018, com.github.shadowsocks, 
417650|1, 417650|427, 417651|470, 417651|1027, 417652|1074, 417652|1249, 417654|1292, 417655|1331, 417655|1376, 417661|1432, 417661|1463, 417665|1500, 417668|1550, 417668|1608, 417671|1661, 417671|1703, 417676|1740, 417677|1784, 417677|1828, 417681|1916, 417681|1980, 417684|2099, 417696|2276, 417705|2384, 417708|2498, 417714|2592, 417717|2665, 417727|2731, 417732|2790, 417736|2868, 417745|2946, 417757|3167, 417757|3193, 417765|3237, 417765|3274, 417768|3322, 417770|3352, 417771|3391, 417775|3428, 417776|3480, 417776|3525, 417778|3563, 417779|3591, 417781|3626, 417785|3686, 417788|3735, 417789|4032, com.booking, 
417845|1, 417845|880, 417846|954, 417846|1457, 417848|1541, 417851|1624, 417857|1705, 417861|1793, 417862|1998, 417862|2138, 417867|2332, 417868|2522, 417868|3128, 417869|3187, 417869|3949, 417871|3989, 417871|4021, com.ted.android, 
417887|1, 417887|1393, 417889|1496, 417889|4029, com.github.shadowsocks, 
417892|1, 417892|809, 417896|859, 417896|2491, 417897|2563, 417897|2699, 417899|2804, 417901|2857, 417902|2906, 417904|2945, 417905|2974, 417905|3012, 417906|3072, 417906|3328, 417908|3357, 417908|3590, 417909|3628, 417910|3712, 417912|3748, 417912|3791, 417913|3815, 417913|4023, com.tripadvisor.tripadvisor, 
417916|1, 417916|663, 417917|716, 417917|743, 417918|767, 417918|1182, 417919|1247, 417919|1372, 417921|1433, 417921|1537, 417924|1598, 417924|1655, 417929|1696, 417929|1749, 417934|1812, 417935|1862, 417935|1910, 417938|1961, 417941|2002, 417941|2070, 417945|2152, 417946|2236, 417946|2339, 417952|2420, 417953|2545, 417962|2672, 417966|2785, 417966|2835, 417972|2901, 417978|3114, 417993|3233, 417995|3279, 417995|3355, 417996|3400, 417997|3438, 417997|3468, 418000|3502, 418000|3533, 418007|3625, 418015|3749, 418015|3777, 418016|3805, 418018|3854, 418018|3943, 418022|3994, 418027|4119, com.booking, 
418114|1, 418114|185, 418123|445, 418123|1252, 418124|1369, 418124|1761, 418125|1835, 418126|1910, 418126|1975, 418129|2379, 418130|2430, 418130|2724, 418131|2837, 418133|2938, 418133|3022, 418134|3105, 418135|3181, 418135|3261, 418141|3340, 418142|3388, 418143|3431, 418143|3561, 418144|3607, 418145|3648, 418145|3735, 418148|3795, 418150|4024, com.sometimeswefly.littlealchemy, 
418161|1, 418161|1045, 418162|1090, 418162|1210, 418164|1271, 418165|1332, 418167|1372, 418171|1416, 418171|1459, 418177|1516, 418178|1578, 418181|1633, 418182|1667, 418185|1696, 418188|1726, 418189|1782, 418193|1856, 418194|1891, 418195|1933, 418196|1975, 418196|2014, 418198|2085, 418201|2200, 418205|2298, 418208|2367, 418219|2470, 418219|2541, 418220|2596, 418220|2643, 418222|2717, 418242|2997, 418247|3077, 418254|3175, 418256|3225, 418259|3255, 418259|3328, 418263|3379, 418263|3423, 418266|3480, 418269|3533, 418269|3562, 418271|3625, 418272|3665, 418272|3751, 418275|3981, 418278|4036, com.booking, 
418329|1, 418329|1151, 418330|1251, 418334|1621, 418338|1730, 418342|1814, 418347|1929, 418352|2002, 418359|2075, 418361|2201, 418362|2303, 418367|2484, 418368|2566, 418371|2685, 418378|2828, 418383|3028, 418398|3277, 418410|3367, 418415|3400, 418418|3450, 418430|3515, 418431|3557, 418433|3586, 418436|3617, 418438|3667, 418438|3716, 418453|3793, 418455|3835, 418456|3869, 418460|3899, 418460|3935, 418463|3996, 418463|4040, com.booking, 
418534|1, 418534|142, 418537|168, 418537|1004, 418538|1045, 418538|1468, 418539|1505, 418539|1548, 418542|1631, 418550|1771, 418554|1922, 418554|1973, 418555|2034, 418555|2133, 418564|2215, 418564|3124, 418566|3192, 418567|3229, 418567|3396, 418569|3431, 418569|3459, 418571|3490, 418571|3824, 418574|3864, 418574|3889, 418576|3940, 418578|4025, com.ted.android, 
418596|1, 418596|903, 418597|1004, 418601|1300, 418602|1419, 418605|1536, 418610|1626, 418613|1711, 418616|1821, 418616|1933, 418617|2019, 418620|2094, 418621|2164, 418621|2285, 418625|2486, 418625|3425, 418627|3463, 418629|4006, com.ted.android, 
418655|1, 418655|1062, 418656|1127, 418656|1580, 418657|1628, 418657|1683, 418665|1783, 418668|1838, 418669|1911, 418669|2072, 418670|2128, 418670|2678, 418673|2746, 418675|3062, 418676|3123, 418676|3157, 418677|3206, 418677|4005, com.ted.android, 
418684|1, 418684|203, 418686|275, 418686|1177, 418687|1247, 418687|1379, 418690|1523, 418694|1619, 418698|1707, 418701|1798, 418707|1903, 418709|2058, 418718|2391, 418738|2617, 418758|2903, 418787|3176, 418796|3257, 418804|3309, 418807|3345, 418807|3373, 418808|3410, 418814|3465, 418818|3517, 418819|3570, 418820|3595, 418821|3625, 418821|3696, 418825|3743, 418826|3787, 418826|3932, 418827|3982, 418829|4028, com.booking, 
418914|1, 418914|1173, 418915|1228, 418915|1398, 418918|1465, 418918|1540, 418922|1600, 418922|1650, 418926|1717, 418929|1803, 418930|1846, 418931|1882, 418933|1947, 418936|2002, 418938|2071, 418938|2153, 418942|2218, 418943|2340, 418948|2486, 418953|2590, 418957|2669, 418965|2763, 418966|2840, 418969|2899, 418970|2957, 418971|3029, 418975|3097, 418978|3158, 418983|3230, 418983|3267, 418989|3327, 419003|3528, 419003|3562, 419007|3605, 419007|3692, 419008|3731, 419008|3784, 419009|3815, 419011|3887, 419013|3992, 419013|4019, com.booking, 
419059|1, 419059|531, 419060|580, 419061|626, 419061|838, 419062|940, 419062|1461, 419063|1516, 419065|1630, 419074|1738, 419075|1836, 419078|1951, 419078|2283, 419085|2369, 419085|3325, 419087|3368, 419087|3907, 419089|3939, 419089|4006, com.ted.android, 
419098|1, 419098|996, 419099|1067, 419099|1350, 419100|1456, 419102|1510, 419102|1552, 419105|1611, 419110|1685, 419113|1739, 419114|1798, 419115|1844, 419115|1939, 419116|2039, 419116|2607, 419123|2781, 419123|3609, 419125|3643, 419127|4038, com.ted.android, 
