29184|1, 29184|646, 29186|672, 29186|2980, 29187|3041, 29187|4011, com.tripadvisor.tripadvisor, 
29188|1, 29188|1970, 29189|2019, 29189|2045, 29190|2083, 29190|4054, com.github.shadowsocks, 
29190|1, 29190|2403, 29191|2478, 29191|4030, com.sometimeswefly.littlealchemy, 
29191|1, 29191|3523, 29192|3571, 29192|3764, 29193|3810, 29193|4030, com.tripadvisor.tripadvisor, 
29196|1, 29197|4068, com.github.shadowsocks, 
29201|1, 29201|2099, 29202|2158, 29202|3046, 29203|3094, 29203|4014, com.tripadvisor.tripadvisor, 
29206|1, 29206|1714, 29207|1786, 29208|1868, 29209|1925, 29209|2361, 29210|2408, 29210|4004, com.ted.android, 
29210|1, 29210|2420, 29211|2648, 29211|4010, com.sometimeswefly.littlealchemy, 
29211|1, 29211|2554, 29212|2669, 29212|4008, com.sometimeswefly.littlealchemy, 
29212|1, 29212|3592, 29213|3648, 29213|3788, 29214|3836, 29214|4005, com.tripadvisor.tripadvisor, 
29217|1, 29217|1488, 29218|1579, 29218|1652, 29220|1728, 29220|3203, 29221|3254, 29221|4134, com.ted.android, 
29222|1, 29222|2506, 29223|2740, 29223|4010, com.sometimeswefly.littlealchemy, 
29223|1, 29223|748, 29224|813, 29224|1950, 29225|2002, 29226|2095, 29226|2356, 29227|2422, 29227|2762, 29228|2886, 29229|3136, 29229|3181, 29230|3224, 29230|3282, 29231|3325, 29231|3447, 29233|3503, 29233|3787, 29234|3829, 29235|4175, com.booking, 
29240|1, 29240|4026, com.tripadvisor.tripadvisor, 
29246|1, 29246|3921, 29247|3961, 29247|4005, com.tripadvisor.tripadvisor, 
29248|1, 29248|1853, 29249|1926, 29249|1969, 29250|2002, 29251|2065, 29251|2333, 29252|2424, 29252|2597, 29253|2682, 29253|2747, 29255|3067, 29255|3186, 29256|3231, 29256|3296, 29258|3360, 29258|3439, 29259|3507, 29259|3538, 29260|3584, 29261|3625, 29263|3662, 29264|3699, 29265|3724, 29265|4106, com.booking, 
29271|1, 29271|3581, 29272|3618, 29272|4014, com.github.shadowsocks, 
29272|1, 29272|2569, 29273|2636, 29273|4004, com.sometimeswefly.littlealchemy, 
29275|1, 29275|4012, com.github.shadowsocks, 
29275|1, 29275|3794, 29276|3877, 29277|3910, 29277|4016, com.tripadvisor.tripadvisor, 
29280|1, 29280|2475, 29281|2513, 29281|4007, com.sometimeswefly.littlealchemy, 
29281|1, 29281|1640, 29282|1698, 29282|1745, 29283|1816, 29284|1889, 29284|2229, 29285|2274, 29285|4028, com.ted.android, 
29285|1, 29285|1556, 29286|1785, 29288|1979, 29288|2124, 29289|2353, 29289|4007, com.ted.android, 
29290|1, 29290|2645, 29291|2678, 29291|4028, com.sometimeswefly.littlealchemy, 
29291|1, 29291|4004, com.github.shadowsocks, 
29291|1, 29291|4016, com.github.shadowsocks, 
29291|1, 29291|2564, 29292|2596, 29292|4023, com.sometimeswefly.littlealchemy, 
29292|1, 29292|4012, com.github.shadowsocks, 
29294|1, 29294|1897, 29295|1946, 29295|1978, 29296|2105, 29296|2185, 29297|2233, 29297|2501, 29298|2584, 29298|2680, 29299|2790, 29299|2896, 29300|3164, 29300|3277, 29301|3359, 29301|3502, 29302|3547, 29302|3596, 29303|3640, 29303|3850, 29305|3879, 29306|4190, com.booking, 
29311|1, 29311|2844, 29312|3121, 29312|4039, com.tripadvisor.tripadvisor, 
29314|1, 29314|4025, com.github.shadowsocks, 
29314|1, 29314|1960, 29316|2008, 29316|3380, 29317|3424, 29317|3578, 29318|3612, 29319|3670, 29320|3728, 29320|3943, 29321|3982, 29321|4013, com.booking, 
29324|1, 29324|2602, 29325|2828, 29325|4029, com.sometimeswefly.littlealchemy, 
29325|1, 29325|3126, 29326|3161, 29326|3281, 29327|3303, 29327|4008, com.tripadvisor.tripadvisor, 
29329|1, 29329|224, 29330|299, 29330|4015, com.github.shadowsocks, 
29330|1, 29330|1833, 29331|1904, 29332|1975, 29332|2362, 29333|2489, 29333|2591, 29334|2641, 29334|2782, 29335|2865, 29335|2954, 29336|3182, 29336|3444, 29338|3482, 29339|3537, 29340|3576, 29340|3609, 29341|3643, 29341|3744, 29342|3790, 29342|4049, com.booking, 
29349|1, 29349|1642, 29350|1702, 29350|1804, 29352|1985, 29352|4022, com.ted.android, 
29353|1, 29353|4011, com.github.shadowsocks, 
29353|1, 29353|2933, 29354|2969, 29354|3166, 29355|3198, 29355|3436, 29356|3472, 29356|4022, com.tripadvisor.tripadvisor, 
29356|1, 29356|2137, 29357|2230, 29357|2524, 29359|2657, 29359|2849, 29360|2900, 29360|2985, 29361|3218, 29361|3621, 29362|3763, 29363|3794, 29363|3905, 29364|3950, 29364|4007, com.booking, 
29370|1, 29370|266, 29371|489, 29371|4005, com.sometimeswefly.littlealchemy, 
29372|1, 29372|1813, 29373|1883, 29375|1932, 29375|2048, 29376|2112, 29376|2456, 29378|2568, 29378|2739, 29379|3024, 29379|3194, 29380|3263, 29382|3296, 29382|3323, 29383|3359, 29383|3409, 29384|3454, 29384|3654, 29385|3702, 29385|3740, 29386|3770, 29386|4063, com.booking, 
29390|1, 29390|2168, 29392|2290, 29393|2458, 29393|2682, 29394|2784, 29394|2967, 29395|3206, 29395|3527, 29397|3573, 29398|3610, 29400|3640, 29400|3729, 29402|3787, 29403|3859, 29404|3889, 29405|3922, 29406|4008, com.booking, 
29416|1, 29416|1624, 29417|1737, 29418|1875, 29419|1983, 29419|2112, 29420|2218, 29420|3677, 29422|3881, 29422|4031, com.ted.android, 
29425|1, 29425|1657, 29426|1738, 29427|1843, 29428|1960, 29428|2130, 29429|2220, 29429|4006, com.ted.android, 
29432|1, 29432|1767, 29433|1851, 29433|1906, 29435|2023, 29435|4023, com.ted.android, 
29436|1, 29436|1993, 29437|2277, 29437|2559, 29438|2823, 29439|3080, 29439|3265, 29440|3318, 29440|3361, 29442|3397, 29442|3424, 29443|3472, 29443|3585, 29444|3617, 29444|3647, 29445|3673, 29447|4036, com.booking, 
29461|1, 29461|2004, 29462|2068, 29462|2221, 29463|2297, 29464|2414, 29464|3158, 29465|3235, 29465|3283, 29466|3319, 29466|3833, 29467|3881, 29467|4010, com.booking, 
29473|1, 29473|1636, 29474|1760, 29474|1847, 29476|1959, 29476|4017, com.ted.android, 
29477|1, 29477|1694, 29478|1754, 29478|1815, 29479|1865, 29480|1902, 29480|4012, com.ted.android, 
