363828|1, 363828|559, 363832|589, 363832|2652, 363834|2688, 363834|2856, 363838|2913, 363838|3661, 363839|3700, 363839|4024, com.tripadvisor.tripadvisor, 
363845|1, 363845|1865, 363849|1915, 363849|1956, 363853|1988, 363856|2032, 363857|2078, 363857|4018, com.github.shadowsocks, 
363858|1, 363858|2015, 363859|2092, 363859|2197, 363860|2286, 363860|2352, 363862|2497, 363862|3356, 363863|3463, 363863|4032, com.sometimeswefly.littlealchemy, 
363864|1, 363864|2794, 363865|2847, 363865|3475, 363869|3522, 363869|3661, 363871|3717, 363873|3755, 363873|4022, com.tripadvisor.tripadvisor, 
363879|1, 363879|3069, 363880|3165, 363880|3232, 363881|3313, 363882|3414, 363882|3865, 363887|3961, 363888|4039, com.github.shadowsocks, 
363916|1, 363916|790, 363917|879, 363917|1897, 363922|1952, 363922|2355, 363925|2481, 363926|2607, 363927|2710, 363927|2819, 363930|2892, 363931|2942, 363931|3457, 363933|3516, 363933|3943, 363937|3989, 363937|4029, com.tripadvisor.tripadvisor, 
363948|1, 363948|1535, 363949|1609, 363949|1663, 363956|1763, 363958|1830, 363959|1882, 363959|1949, 363960|2035, 363960|2178, 363964|2254, 363964|2310, 363968|2356, 363968|2729, 363970|2997, 363970|3319, 363973|3347, 363973|4015, com.ted.android, 
363984|1, 363984|2131, 363985|2331, 363988|2569, 363988|4002, com.sometimeswefly.littlealchemy, 
363989|1, 363989|428, 363990|510, 363990|2317, 363991|2390, 363991|2491, 363992|2589, 363994|2671, 363994|4027, com.sometimeswefly.littlealchemy, 
363995|1, 363995|2780, 363996|2831, 363996|3516, 364000|3559, 364000|3757, 364001|3798, 364003|3862, 364003|4001, com.tripadvisor.tripadvisor, 
364011|1, 364011|854, 364013|879, 364013|1395, 364014|1489, 364020|1555, 364020|1590, 364022|1642, 364023|1709, 364023|1772, 364024|1865, 364024|2012, 364029|2060, 364029|2588, 364030|2741, 364030|3142, 364032|3180, 364032|3264, 364033|3299, 364033|3734, 364035|3894, 364037|4319, com.ted.android, 
364042|1, 364042|2342, 364044|2593, 364044|4022, com.sometimeswefly.littlealchemy, 
364051|1, 364051|673, 364053|725, 364053|826, 364057|870, 364058|956, 364058|1054, 364059|1103, 364062|1256, 364062|1296, 364066|1347, 364070|1404, 364070|1485, 364076|1561, 364076|1603, 364080|1700, 364081|1784, 364083|1855, 364083|1924, 364085|2018, 364086|2077, 364088|2175, 364089|2273, 364089|2325, 364095|2458, 364097|2535, 364097|2576, 364100|2623, 364107|2754, 364116|2882, 364125|3107, 364127|3152, 364131|3198, 364131|3256, 364138|3299, 364140|3339, 364140|3373, 364142|3429, 364143|3474, 364143|3579, 364144|3636, 364145|3679, 364145|3715, 364149|3755, 364161|4084, com.booking, 
364197|1, 364197|2795, 364198|3053, 364198|4013, com.tripadvisor.tripadvisor, 
364228|1, 364228|435, 364229|462, 364229|3519, 364231|3569, 364232|3636, 364232|3681, 364233|3709, 364233|3902, 364236|3945, 364236|4019, com.tripadvisor.tripadvisor, 
364243|1, 364243|1262, 364245|1343, 364249|1411, 364249|1578, 364250|1632, 364250|1782, 364251|1851, 364252|1906, 364252|1944, 364255|1992, 364255|2055, 364256|2184, 364256|2240, 364262|2339, 364275|2487, 364278|2599, 364281|2680, 364285|2744, 364301|3074, 364304|3120, 364308|3167, 364310|3211, 364312|3239, 364315|3280, 364318|3341, 364318|3384, 364323|3430, 364326|3483, 364329|3520, 364329|3563, 364337|3605, 364339|3642, 364339|3672, 364341|3699, 364341|3829, 364342|3858, 364346|4083, com.booking, 
364385|1, 364385|2984, 364390|3122, 364391|3171, 364391|3208, 364392|3241, 364392|3400, 364393|3453, 364393|3487, 364396|3513, 364396|3642, 364397|3671, 364397|4017, com.github.shadowsocks, 
364397|1, 364397|2354, 364398|2412, 364398|2565, 364399|2620, 364399|2651, 364401|2700, 364401|4021, com.sometimeswefly.littlealchemy, 
364405|1, 364405|4018, com.github.shadowsocks, 
364405|1, 364405|3102, 364406|3132, 364406|3818, 364412|3871, 364412|4007, com.tripadvisor.tripadvisor, 
364418|1, 364418|2255, 364419|2328, 364419|2416, 364420|2450, 364420|2492, 364422|2544, 364422|4024, com.sometimeswefly.littlealchemy, 
364423|1, 364423|1519, 364424|1573, 364424|1619, 364430|1687, 364430|1742, 364432|1810, 364433|1868, 364434|1929, 364434|2177, 364440|2209, 364440|3640, 364442|3831, 364442|4010, com.ted.android, 
364448|1, 364448|1313, 364449|1414, 364451|1567, 364460|1792, 364462|1966, 364471|2123, 364471|2797, 364473|2993, 364474|3134, 364474|3168, 364477|3192, 364477|4018, com.ted.android, 
364489|1, 364489|2408, 364490|2481, 364491|2553, 364491|2628, 364492|2669, 364492|2707, 364493|2748, 364493|2884, 364494|2926, 364494|4021, com.sometimeswefly.littlealchemy, 
364495|1, 364495|4013, com.github.shadowsocks, 
364495|1, 364495|2301, 364496|2328, 364496|4020, com.github.shadowsocks, 
364496|1, 364496|1685, 364497|1734, 364497|2344, 364498|2395, 364498|2545, 364499|2580, 364499|2630, 364501|2692, 364501|4005, com.sometimeswefly.littlealchemy, 
364502|1, 364502|1057, 364503|1087, 364503|4011, com.github.shadowsocks, 
364530|1, 364530|851, 364534|966, 364534|1157, 364537|1201, 364540|1261, 364540|1372, 364543|1440, 364543|1506, 364547|1571, 364547|1615, 364548|1661, 364550|1712, 364550|1766, 364553|1818, 364555|1878, 364555|1916, 364556|2014, 364558|2095, 364559|2163, 364560|2231, 364562|2315, 364570|2405, 364571|2489, 364572|2563, 364573|2682, 364575|2806, 364580|3079, 364585|3152, 364585|3195, 364586|3273, 364590|3334, 364590|3391, 364595|3426, 364597|3477, 364599|3521, 364602|3568, 364602|3645, 364603|3707, 364603|3753, 364604|3789, 364604|3817, 364606|3846, 364606|3872, 364607|3924, 364611|4160, com.booking, 
364651|1, 364651|2664, 364653|2920, 364657|3166, 364657|4011, com.tripadvisor.tripadvisor, 
364663|1, 364663|4025, com.github.shadowsocks, 
364664|1, 364664|236, 364665|321, 364666|361, 364666|1433, 364668|1479, 364669|1515, 364673|1570, 364675|1628, 364675|1738, 364677|1785, 364678|1832, 364678|1904, 364682|1954, 364683|2008, 364684|2060, 364686|2120, 364686|2309, 364687|2405, 364689|2512, 364690|2607, 364696|2734, 364698|2887, 364699|2977, 364705|3293, 364705|3327, 364713|3371, 364714|3418, 364714|3464, 364720|3507, 364720|3538, 364721|3569, 364722|3613, 364724|3681, 364724|3774, 364725|3806, 364725|3840, 364727|3900, 364727|3936, 364732|3972, 364732|4003, com.booking, 
364754|1, 364754|2203, 364755|2409, 364759|2641, 364759|4021, com.sometimeswefly.littlealchemy, 
364762|1, 364762|3021, 364763|3080, 364763|3113, 364764|3155, 364765|3191, 364765|3267, 364769|3292, 364769|3564, 364770|3599, 364770|4015, com.tripadvisor.tripadvisor, 
364774|1, 364774|153, 364776|248, 364777|296, 364777|4004, com.github.shadowsocks, 
364779|1, 364779|1384, 364782|1432, 364782|1471, 364786|1507, 364788|1557, 364788|1711, 364791|1746, 364791|1826, 364795|1905, 364796|1986, 364798|2097, 364805|2263, 364812|2390, 364815|2494, 364819|2599, 364821|2667, 364826|2738, 364827|2792, 364832|2875, 364838|2951, 364845|3173, 364845|3202, 364851|3236, 364851|3282, 364854|3324, 364854|3359, 364855|3396, 364857|3434, 364861|3485, 364861|3533, 364864|3569, 364867|3598, 364870|3633, 364870|3690, 364874|3737, 364874|3783, 364875|3821, 364875|4039, com.booking, 
364918|1, 364918|1468, 364919|1544, 364920|1627, 364926|1714, 364928|1803, 364930|2008, 364930|2137, 364935|2325, 364936|2521, 364936|3960, 364937|3999, 364937|4029, com.ted.android, 
364948|1, 364948|1399, 364949|1493, 364949|4004, com.github.shadowsocks, 
364950|1, 364950|818, 364952|861, 364952|2709, 364954|2800, 364955|2863, 364956|2915, 364959|2952, 364959|3023, 364960|3080, 364960|3108, 364961|3150, 364961|3292, 364962|3337, 364962|3419, 364963|3455, 364963|3599, 364964|3636, 364964|3721, 364965|3757, 364965|3779, 364966|3800, 364966|4002, com.tripadvisor.tripadvisor, 
364968|1, 364968|749, 364969|771, 364969|1543, 364971|1602, 364971|1662, 364973|1697, 364973|1754, 364975|1803, 364978|1867, 364978|1916, 364981|1965, 364981|2076, 364983|2153, 364984|2240, 364984|2332, 364987|2423, 364988|2549, 364995|2677, 364997|2788, 364997|2837, 365001|2899, 365001|2980, 365014|3238, 365014|3474, 365016|3506, 365016|3539, 365019|3627, 365027|3754, 365027|3783, 365028|3809, 365031|3859, 365031|3902, 365033|3948, 365035|3999, 365037|4124, com.booking, 
365103|1, 365103|204, 365110|460, 365110|1854, 365111|1927, 365111|2849, 365113|2953, 365113|3268, 365117|3357, 365118|3404, 365118|3580, 365119|3624, 365119|3754, 365121|3804, 365121|3895, 365122|3942, 365122|4004, com.sometimeswefly.littlealchemy, 
365127|1, 365127|1341, 365128|1380, 365130|1425, 365130|1469, 365136|1524, 365136|1637, 365137|1673, 365139|1704, 365140|1735, 365140|1786, 365145|1863, 365146|1900, 365146|1942, 365147|1984, 365147|2024, 365149|2092, 365150|2209, 365152|2304, 365154|2376, 365165|2478, 365165|2714, 365178|3001, 365180|3086, 365184|3182, 365185|3230, 365189|3263, 365189|3291, 365190|3337, 365193|3387, 365194|3432, 365198|3487, 365199|3542, 365199|3572, 365201|3629, 365201|3674, 365202|3710, 365202|3761, 365204|3989, 365207|4040, com.booking, 
365241|1, 365241|1625, 365243|1712, 365246|1817, 365248|1935, 365251|2000, 365253|2075, 365258|2207, 365259|2308, 365263|2482, 365264|2569, 365265|2681, 365269|2810, 365272|3016, 365277|3260, 365287|3373, 365290|3406, 365292|3444, 365302|3521, 365302|3563, 365305|3592, 365309|3623, 365310|3659, 365311|3721, 365324|3796, 365325|3840, 365328|3875, 365330|3904, 365331|3941, 365333|3998, 365334|4046, com.booking, 
365386|1, 365386|148, 365389|172, 365389|1553, 365390|1629, 365396|1763, 365401|1916, 365401|2130, 365410|2219, 365410|3120, 365412|3195, 365412|3402, 365413|3435, 365413|3466, 365415|3494, 365415|3663, 365420|3867, 365420|3895, 365423|3938, 365423|4027, com.ted.android, 
365445|1, 365445|924, 365448|1020, 365450|1320, 365450|1439, 365451|1547, 365457|1646, 365457|1731, 365461|1837, 365461|2032, 365465|2113, 365465|2306, 365471|2491, 365471|3447, 365473|3482, 365474|4025, com.ted.android, 
365496|1, 365496|1691, 365498|1783, 365503|1842, 365505|1906, 365506|2027, 365506|2686, 365512|2729, 365513|2790, 365513|3165, 365514|3212, 365514|4011, com.ted.android, 
365518|1, 365518|197, 365519|273, 365519|1525, 365521|1620, 365525|1712, 365525|1806, 365528|1904, 365531|2053, 365534|2376, 365551|2612, 365559|2895, 365580|3184, 365585|3263, 365593|3316, 365597|3352, 365597|3381, 365598|3409, 365603|3472, 365604|3523, 365605|3577, 365606|3602, 365608|3631, 365608|3704, 365611|3748, 365611|3939, 365615|3988, 365617|4032, com.booking, 
365680|1, 365680|1546, 365682|1606, 365682|1653, 365686|1721, 365686|1810, 365687|1850, 365687|1889, 365688|1951, 365691|2001, 365692|2077, 365693|2155, 365695|2220, 365696|2328, 365700|2485, 365702|2573, 365704|2675, 365711|2769, 365711|2848, 365716|2904, 365717|2963, 365717|3092, 365719|3158, 365722|3236, 365722|3275, 365726|3326, 365735|3535, 365735|3570, 365738|3606, 365738|3700, 365739|3738, 365739|3822, 365742|3890, 365743|3999, 365744|4026, com.booking, 
365776|1, 365776|591, 365777|637, 365777|1521, 365778|1640, 365784|1749, 365786|1841, 365787|1956, 365788|2059, 365788|2294, 365796|2367, 365796|3333, 365799|3375, 365799|3946, 365800|3985, 365800|4017, com.ted.android, 
365806|1, 365806|1461, 365807|1515, 365807|1554, 365808|1610, 365814|1691, 365814|1746, 365817|1802, 365817|1849, 365818|1887, 365818|2614, 365824|2785, 365824|3616, 365825|3648, 365825|4003, com.ted.android, 
