309649|1, 309649|533, 309653|565, 309653|2626, 309655|2664, 309655|2830, 309659|2888, 309659|3635, 309660|3676, 309660|4019, com.tripadvisor.tripadvisor, 
309666|1, 309666|1855, 309668|1905, 309668|1946, 309672|1979, 309675|2022, 309676|2068, 309676|4008, com.github.shadowsocks, 
309677|1, 309677|1988, 309678|2066, 309678|2171, 309679|2260, 309679|2340, 309681|2471, 309681|3329, 309682|3437, 309682|4005, com.sometimeswefly.littlealchemy, 
309683|1, 309683|2781, 309684|2835, 309684|3462, 309688|3510, 309688|3648, 309690|3705, 309692|3742, 309692|4010, com.tripadvisor.tripadvisor, 
309698|1, 309698|3058, 309699|3154, 309699|3220, 309700|3309, 309701|3403, 309701|3853, 309706|3950, 309707|4028, com.github.shadowsocks, 
309735|1, 309735|762, 309736|851, 309736|1869, 309741|1925, 309741|2327, 309744|2454, 309745|2580, 309746|2683, 309746|2791, 309749|2867, 309750|2914, 309750|3429, 309752|3488, 309752|3915, 309756|3962, 309756|4002, com.tripadvisor.tripadvisor, 
309767|1, 309767|1521, 309768|1596, 309768|1649, 309774|1750, 309776|1816, 309777|1868, 309777|1935, 309778|2022, 309778|2164, 309782|2247, 309782|2296, 309786|2343, 309786|2715, 309788|2984, 309788|3305, 309791|3334, 309791|4002, com.ted.android, 
309800|1, 309800|2135, 309801|2317, 309804|2554, 309804|4016, com.sometimeswefly.littlealchemy, 
309805|1, 309805|2298, 309806|2372, 309806|2472, 309807|2572, 309809|2653, 309809|4009, com.sometimeswefly.littlealchemy, 
309810|1, 309810|2771, 309811|2824, 309811|3507, 309815|3551, 309815|3748, 309816|3789, 309818|3854, 309818|4024, com.tripadvisor.tripadvisor, 
309826|1, 309826|1388, 309827|1483, 309833|1549, 309833|1583, 309835|1636, 309836|1703, 309836|1765, 309837|1861, 309837|2005, 309842|2054, 309842|2581, 309843|2734, 309843|3135, 309845|3174, 309845|3257, 309846|3292, 309846|3727, 309848|3888, 309850|4313, com.ted.android, 
309855|1, 309855|2332, 309857|2583, 309857|4012, com.sometimeswefly.littlealchemy, 
309864|1, 309864|665, 309866|718, 309866|818, 309870|862, 309871|948, 309871|1046, 309872|1095, 309875|1249, 309875|1288, 309879|1340, 309879|1478, 309885|1553, 309885|1595, 309889|1693, 309890|1780, 309892|1848, 309892|1916, 309894|2011, 309895|2069, 309897|2168, 309898|2265, 309898|2317, 309904|2451, 309906|2527, 309906|2568, 309909|2616, 309916|2747, 309925|2874, 309934|3100, 309936|3145, 309940|3190, 309940|3248, 309947|3292, 309949|3331, 309949|3365, 309951|3424, 309952|3466, 309952|3571, 309953|3629, 309954|3672, 309954|3707, 309958|3748, 309970|4090, com.booking, 
310005|1, 310005|2783, 310006|3042, 310006|4002, com.tripadvisor.tripadvisor, 
310033|1, 310033|3565, 310034|3631, 310034|3897, 310037|3941, 310037|4014, com.tripadvisor.tripadvisor, 
310044|1, 310044|1258, 310046|1340, 310050|1408, 310050|1574, 310051|1629, 310051|1778, 310052|1848, 310053|1906, 310053|1941, 310056|1988, 310056|2051, 310057|2181, 310057|2237, 310063|2336, 310076|2484, 310079|2606, 310082|2676, 310086|2741, 310102|3070, 310105|3116, 310109|3165, 310111|3207, 310113|3236, 310116|3279, 310119|3337, 310119|3380, 310124|3427, 310127|3480, 310130|3516, 310130|3559, 310138|3602, 310140|3638, 310140|3668, 310142|3695, 310142|3826, 310143|3854, 310147|4080, com.booking, 
310186|1, 310186|2970, 310191|3113, 310192|3158, 310192|3194, 310193|3228, 310193|3387, 310194|3440, 310194|3473, 310197|3499, 310197|3628, 310198|3658, 310198|4004, com.github.shadowsocks, 
310198|1, 310198|2350, 310199|2409, 310199|2561, 310200|2616, 310200|2647, 310202|2697, 310202|4018, com.sometimeswefly.littlealchemy, 
310206|1, 310206|4011, com.github.shadowsocks, 
310206|1, 310206|3098, 310207|3129, 310207|3815, 310213|3867, 310213|4004, com.tripadvisor.tripadvisor, 
310219|1, 310219|2245, 310220|2320, 310220|2406, 310221|2441, 310221|2482, 310223|2535, 310223|4015, com.sometimeswefly.littlealchemy, 
310224|1, 310224|1517, 310225|1570, 310225|1616, 310231|1685, 310231|1739, 310233|1808, 310234|1865, 310235|1927, 310235|2174, 310241|2207, 310241|3637, 310243|3829, 310243|4007, com.ted.android, 
310249|1, 310249|1409, 310250|1562, 310259|1788, 310261|1968, 310270|2147, 310270|2792, 310272|2989, 310273|3133, 310273|3163, 310276|3188, 310276|4014, com.ted.android, 
310288|1, 310288|2404, 310289|2478, 310290|2550, 310290|2624, 310291|2665, 310291|2703, 310292|2745, 310292|2880, 310293|2923, 310293|4017, com.sometimeswefly.littlealchemy, 
310294|1, 310294|4010, com.github.shadowsocks, 
310294|1, 310294|2292, 310295|2320, 310295|4011, com.github.shadowsocks, 
310295|1, 310295|2341, 310296|2394, 310296|2542, 310297|2578, 310297|2627, 310299|2695, 310299|4002, com.sometimeswefly.littlealchemy, 
310300|1, 310300|1054, 310301|1084, 310301|4008, com.github.shadowsocks, 
310327|1, 310327|847, 310331|963, 310331|1153, 310334|1197, 310337|1259, 310337|1369, 310340|1436, 310340|1502, 310344|1567, 310344|1611, 310345|1657, 310347|1710, 310347|1763, 310350|1822, 310352|1874, 310352|1912, 310353|2011, 310355|2092, 310356|2159, 310356|2228, 310357|2312, 310365|2401, 310366|2486, 310367|2560, 310368|2679, 310370|2803, 310375|3076, 310380|3148, 310380|3192, 310381|3269, 310385|3331, 310385|3387, 310390|3423, 310392|3473, 310394|3517, 310397|3565, 310397|3641, 310398|3704, 310398|3749, 310399|3786, 310399|3813, 310401|3842, 310401|3868, 310402|3921, 310406|4156, com.booking, 
310446|1, 310446|2661, 310448|2917, 310452|3164, 310452|4009, com.tripadvisor.tripadvisor, 
310458|1, 310458|4018, com.github.shadowsocks, 
310458|1, 310458|233, 310459|318, 310460|358, 310460|1430, 310462|1477, 310463|1512, 310467|1571, 310469|1633, 310469|1736, 310471|1783, 310472|1834, 310472|1901, 310476|1952, 310477|2005, 310478|2057, 310480|2118, 310480|2306, 310481|2403, 310483|2513, 310484|2613, 310490|2732, 310492|2884, 310493|2975, 310499|3291, 310499|3324, 310507|3368, 310508|3416, 310508|3461, 310514|3504, 310514|3535, 310515|3567, 310516|3611, 310518|3678, 310518|3771, 310519|3803, 310519|3837, 310521|3898, 310521|3933, 310526|3970, 310526|4025, com.booking, 
310547|1, 310547|2192, 310548|2404, 310552|2630, 310552|4009, com.sometimeswefly.littlealchemy, 
310555|1, 310555|3019, 310556|3080, 310556|3111, 310557|3153, 310558|3189, 310558|3266, 310562|3291, 310562|3562, 310563|3597, 310563|4014, com.tripadvisor.tripadvisor, 
310567|1, 310567|150, 310569|246, 310570|294, 310570|4001, com.github.shadowsocks, 
310572|1, 310572|1381, 310575|1436, 310575|1468, 310579|1504, 310581|1555, 310581|1708, 310584|1744, 310584|1823, 310586|1903, 310587|1983, 310589|2096, 310596|2260, 310603|2387, 310606|2492, 310610|2597, 310612|2669, 310617|2736, 310618|2791, 310623|2872, 310629|2949, 310636|3172, 310636|3199, 310642|3236, 310642|3279, 310645|3322, 310645|3356, 310646|3394, 310648|3432, 310652|3482, 310652|3530, 310655|3567, 310658|3595, 310661|3630, 310661|3688, 310665|3735, 310665|3780, 310666|3819, 310666|4037, com.booking, 
310708|1, 310708|1548, 310709|1625, 310715|1712, 310717|1801, 310719|2006, 310719|2134, 310724|2322, 310725|2518, 310725|4027, com.ted.android, 
310736|1, 310736|1397, 310737|1491, 310737|4002, com.github.shadowsocks, 
310738|1, 310738|814, 310740|860, 310740|2800, 310741|2861, 310742|2911, 310745|2949, 310745|3019, 310746|3077, 310746|3104, 310747|3146, 310747|3288, 310748|3334, 310748|3415, 310749|3454, 310749|3595, 310750|3633, 310750|3718, 310751|3753, 310751|3775, 310752|3796, 310752|4028, com.tripadvisor.tripadvisor, 
310754|1, 310754|747, 310755|770, 310755|1660, 310757|1698, 310757|1752, 310759|1815, 310762|1866, 310762|1914, 310765|1964, 310765|2074, 310767|2152, 310768|2239, 310768|2330, 310771|2422, 310772|2548, 310779|2675, 310781|2786, 310781|2835, 310785|2903, 310785|2978, 310798|3236, 310798|3472, 310800|3505, 310800|3537, 310803|3627, 310811|3752, 310811|3781, 310812|3808, 310815|3857, 310815|3900, 310817|3947, 310819|3998, 310821|4122, com.booking, 
310885|1, 310885|195, 310888|452, 310888|2843, 310890|2946, 310890|3259, 310892|3349, 310892|3745, 310894|3800, 310894|3886, 310895|3934, 310897|4033, com.sometimeswefly.littlealchemy, 
310900|1, 310900|1337, 310901|1375, 310903|1420, 310903|1464, 310909|1520, 310909|1632, 310910|1672, 310912|1700, 310913|1731, 310913|1782, 310918|1859, 310919|1896, 310919|1938, 310920|1979, 310920|2019, 310922|2088, 310923|2204, 310925|2300, 310927|2371, 310938|2474, 310938|2709, 310951|2997, 310953|3081, 310957|3178, 310958|3225, 310962|3259, 310962|3286, 310963|3332, 310966|3382, 310967|3428, 310971|3483, 310972|3537, 310972|3567, 310974|3625, 310974|3669, 310975|3706, 310975|3756, 310977|3985, 310980|4036, com.booking, 
311014|1, 311014|1622, 311016|1710, 311019|1815, 311021|1933, 311024|1998, 311026|2073, 311031|2204, 311032|2306, 311036|2484, 311037|2568, 311038|2678, 311042|2808, 311045|3014, 311050|3258, 311060|3370, 311061|3403, 311063|3442, 311073|3518, 311073|3560, 311076|3590, 311080|3621, 311081|3657, 311082|3718, 311095|3794, 311096|3838, 311099|3872, 311101|3902, 311102|3938, 311104|3999, 311105|4043, com.booking, 
311157|1, 311157|145, 311160|169, 311160|1550, 311161|1627, 311167|1771, 311172|1917, 311172|2135, 311181|2217, 311181|3117, 311183|3193, 311183|3399, 311184|3433, 311184|3463, 311186|3492, 311186|3660, 311191|3865, 311191|3892, 311194|3937, 311194|4028, com.ted.android, 
311216|1, 311216|915, 311219|1015, 311221|1311, 311221|1431, 311222|1539, 311228|1637, 311228|1722, 311232|1832, 311232|2023, 311236|2105, 311236|2297, 311242|2483, 311242|3438, 311244|3474, 311245|4016, com.ted.android, 
311266|1, 311266|1688, 311268|1786, 311273|1840, 311275|1903, 311276|2025, 311276|2683, 311282|2727, 311283|2790, 311283|3162, 311284|3210, 311284|4009, com.ted.android, 
311288|1, 311288|194, 311289|271, 311289|1523, 311291|1620, 311295|1709, 311295|1803, 311298|1902, 311301|2062, 311304|2373, 311321|2621, 311329|2907, 311350|3181, 311355|3260, 311363|3313, 311367|3350, 311367|3378, 311368|3407, 311373|3470, 311374|3521, 311375|3574, 311376|3599, 311378|3629, 311378|3701, 311381|3746, 311381|3936, 311385|3986, 311387|4032, com.booking, 
311450|1, 311450|1543, 311452|1604, 311452|1650, 311456|1719, 311456|1807, 311457|1848, 311457|1886, 311458|1949, 311461|1998, 311462|2075, 311463|2157, 311465|2218, 311466|2326, 311470|2482, 311472|2580, 311474|2672, 311481|2767, 311481|2845, 311486|2903, 311487|2960, 311487|3089, 311489|3155, 311492|3234, 311492|3272, 311496|3324, 311505|3533, 311505|3567, 311508|3607, 311508|3697, 311509|3735, 311509|3819, 311512|3888, 311513|3997, 311514|4023, com.booking, 
311546|1, 311546|587, 311547|634, 311547|1517, 311548|1637, 311554|1745, 311556|1837, 311557|1954, 311558|2056, 311558|2290, 311566|2367, 311566|3329, 311569|3372, 311569|3942, 311570|3981, 311570|4014, com.ted.android, 
311576|1, 311576|1459, 311577|1513, 311577|1551, 311578|1608, 311584|1688, 311584|1743, 311587|1800, 311587|1847, 311588|1884, 311588|2611, 311594|2783, 311594|3613, 311595|3646, 311595|4001, com.ted.android, 
