312260|1, 312260|386, 312261|453, 312261|588, 312263|641, 312263|711, 312264|762, 312264|2234, 312265|2267, 312265|2807, 312268|2860, 312268|3019, 312271|3081, 312272|3110, 312272|3817, 312273|3861, 312273|4010, com.tripadvisor.tripadvisor, 
312281|1, 312281|264, 312282|287, 312282|1959, 312283|2000, 312287|2051, 312291|2080, 312293|2117, 312294|2159, 312294|4030, com.github.shadowsocks, 
312297|1, 312297|1825, 312298|1890, 312298|2045, 312299|2129, 312299|2762, 312300|2878, 312300|3028, 312301|3111, 312301|3543, 312302|3618, 312303|3727, 312303|4034, com.sometimeswefly.littlealchemy, 
312306|1, 312306|2591, 312307|2652, 312307|2918, 312309|2987, 312309|3556, 312313|3602, 312314|3650, 312314|3798, 312315|3844, 312317|3875, 312317|4001, com.tripadvisor.tripadvisor, 
312323|1, 312323|3117, 312325|3220, 312325|3302, 312326|3367, 312327|3455, 312327|4005, com.github.shadowsocks, 
312331|1, 312331|2572, 312332|2658, 312332|2796, 312334|2896, 312334|3038, 312337|3104, 312338|3157, 312338|3683, 312340|3715, 312340|4004, com.tripadvisor.tripadvisor, 
312347|1, 312347|1739, 312348|1814, 312349|1891, 312349|2085, 312351|2168, 312351|2389, 312354|2435, 312355|2473, 312355|2806, 312357|3076, 312357|3430, 312359|3462, 312360|3502, 312360|4005, com.ted.android, 
312374|1, 312374|2069, 312375|2277, 312376|2465, 312376|2942, 312377|3139, 312377|3309, 312378|3335, 312378|4037, com.sometimeswefly.littlealchemy, 
312380|1, 312380|2058, 312381|2150, 312381|2276, 312382|2358, 312382|3040, 312383|3136, 312383|3321, 312384|3389, 312384|4032, com.sometimeswefly.littlealchemy, 
312386|1, 312386|2544, 312387|2663, 312387|2896, 312389|2952, 312389|3615, 312394|3673, 312394|3862, 312396|3933, 312396|4025, com.tripadvisor.tripadvisor, 
312405|1, 312405|897, 312407|923, 312407|1501, 312408|1588, 312408|1806, 312410|1880, 312410|2657, 312412|2820, 312412|3217, 312413|3265, 312413|3334, 312415|3373, 312417|4110, com.ted.android, 
312425|1, 312425|1872, 312426|2055, 312426|2211, 312427|2334, 312427|2956, 312428|3155, 312428|3277, 312429|3310, 312429|4025, com.sometimeswefly.littlealchemy, 
312433|1, 312433|1136, 312435|1238, 312435|1451, 312440|1511, 312445|1593, 312445|1657, 312449|1740, 312451|1807, 312451|1884, 312455|1963, 312456|2023, 312456|2116, 312457|2191, 312458|2282, 312461|2371, 312465|2424, 312469|2562, 312475|2626, 312477|2667, 312487|2773, 312502|2900, 312508|3157, 312523|3200, 312524|3244, 312529|3295, 312529|3347, 312532|3391, 312535|3427, 312535|3525, 312536|3559, 312536|3680, 312538|3733, 312541|3769, 312543|3808, 312547|3847, 312547|3887, 312551|3927, 312570|4196, com.booking, 
312610|1, 312610|1121, 312611|1335, 312611|1397, 312612|1450, 312612|2414, 312614|2581, 312614|3069, 312616|3199, 312616|4014, com.tripadvisor.tripadvisor, 
312649|1, 312649|496, 312650|527, 312650|688, 312651|727, 312651|2573, 312652|2649, 312652|3555, 312655|3592, 312655|3637, 312657|3713, 312657|3743, 312658|3774, 312658|3933, 312659|3972, 312661|4012, com.tripadvisor.tripadvisor, 
312669|1, 312669|761, 312670|800, 312670|1190, 312672|1225, 312673|1288, 312677|1355, 312681|1430, 312681|1483, 312683|1542, 312684|1597, 312684|1645, 312686|1710, 312686|1793, 312687|1862, 312689|1928, 312691|1977, 312691|2069, 312693|2163, 312695|2255, 312701|2332, 312712|2428, 312721|2598, 312727|2681, 312729|2750, 312752|3065, 312766|3138, 312772|3190, 312777|3239, 312780|3274, 312782|3303, 312784|3363, 312785|3407, 312786|3447, 312791|3502, 312796|3545, 312800|3581, 312801|3628, 312806|3670, 312806|3708, 312807|3732, 312807|3762, 312808|3811, 312808|3847, 312809|3891, 312810|3923, 312817|4151, com.booking, 
312871|1, 312871|3021, 312877|3194, 312877|3297, 312878|3331, 312879|3371, 312879|3482, 312881|3541, 312881|3579, 312882|3608, 312883|3645, 312884|3686, 312885|3730, 312885|4015, com.github.shadowsocks, 
312885|1, 312885|2000, 312886|2023, 312886|2247, 312887|2276, 312887|2995, 312888|3043, 312888|3252, 312889|3295, 312889|4018, com.sometimeswefly.littlealchemy, 
312893|1, 312893|4022, com.github.shadowsocks, 
312893|1, 312893|2539, 312894|2625, 312894|3123, 312895|3149, 312896|3192, 312896|3795, 312900|3882, 312902|3920, 312902|4024, com.tripadvisor.tripadvisor, 
312908|1, 312908|1952, 312909|1977, 312909|2216, 312910|2253, 312910|2961, 312911|2989, 312911|3215, 312912|3251, 312912|4015, com.sometimeswefly.littlealchemy, 
312914|1, 312914|1651, 312915|1707, 312915|1945, 312917|2008, 312917|3667, 312919|3865, 312919|4005, com.ted.android, 
312926|1, 312926|1447, 312928|1565, 312929|1756, 312931|1982, 312931|2126, 312935|2341, 312935|2970, 312937|3173, 312938|3244, 312938|3272, 312940|3303, 312940|4023, com.ted.android, 
312944|1, 312944|836, 312945|890, 312945|2058, 312946|2080, 312946|2303, 312947|2339, 312947|2491, 312948|2542, 312948|3051, 312949|3086, 312949|3306, 312950|3343, 312950|4035, com.sometimeswefly.littlealchemy, 
312952|1, 312952|4016, com.github.shadowsocks, 
312952|1, 312952|2286, 312953|2339, 312953|2378, 312954|2401, 312954|4027, com.github.shadowsocks, 
312954|1, 312954|1714, 312955|1763, 312955|2029, 312956|2053, 312956|2250, 312957|2284, 312957|3039, 312958|3072, 312958|3267, 312959|3297, 312959|4004, com.sometimeswefly.littlealchemy, 
312961|1, 312961|992, 312962|1060, 312962|1103, 312963|1150, 312963|4016, com.github.shadowsocks, 
312964|1, 312964|1329, 312967|1393, 312967|1458, 312973|1530, 312978|1590, 312980|1650, 312980|1686, 312982|1737, 312986|1796, 312990|1845, 312991|1903, 312992|1952, 312992|1985, 312995|2108, 312995|2239, 313000|2345, 313001|2412, 313008|2498, 313009|2570, 313012|2678, 313012|2796, 313015|2885, 313028|3169, 313030|3227, 313032|3280, 313039|3359, 313042|3407, 313042|3432, 313048|3463, 313052|3508, 313053|3553, 313055|3600, 313057|3646, 313058|3683, 313058|3714, 313060|3783, 313060|3820, 313061|3857, 313064|3885, 313064|3914, 313065|3949, 313072|4194, com.booking, 
313120|1, 313120|2463, 313121|2615, 313121|2819, 313125|3096, 313129|3314, 313129|4003, com.tripadvisor.tripadvisor, 
313139|1, 313139|1473, 313140|1519, 313140|4030, com.github.shadowsocks, 
313143|1, 313143|231, 313144|297, 313146|377, 313146|403, 313147|422, 313147|1379, 313150|1445, 313152|1490, 313155|1527, 313156|1573, 313160|1643, 313163|1704, 313167|1750, 313167|1788, 313169|1832, 313173|1883, 313173|1956, 313178|2011, 313178|2068, 313181|2130, 313181|2367, 313183|2464, 313188|2582, 313189|2701, 313196|2834, 313197|2961, 313216|3306, 313216|3343, 313221|3376, 313226|3422, 313228|3474, 313230|3520, 313234|3554, 313235|3581, 313235|3616, 313236|3671, 313236|3850, 313239|3899, 313241|3947, 313244|3987, 313245|4018, com.booking, 
313280|1, 313280|2006, 313281|2086, 313281|2247, 313282|2347, 313284|2597, 313284|3018, 313285|3172, 313286|3302, 313286|4021, com.sometimeswefly.littlealchemy, 
313291|1, 313291|2528, 313292|2568, 313292|3021, 313295|3089, 313295|3165, 313296|3203, 313296|3290, 313299|3311, 313299|3339, 313300|3374, 313300|3613, 313301|3644, 313301|4017, com.tripadvisor.tripadvisor, 
313306|1, 313306|172, 313307|212, 313309|303, 313309|340, 313310|375, 313310|4002, com.github.shadowsocks, 
313314|1, 313314|487, 313315|527, 313315|1309, 313318|1354, 313318|1400, 313322|1443, 313324|1489, 313324|1517, 313331|1575, 313331|1629, 313334|1670, 313334|1759, 313340|1797, 313340|1841, 313341|1909, 313344|1982, 313344|2062, 313348|2177, 313359|2365, 313368|2491, 313370|2576, 313375|2647, 313381|2727, 313388|2791, 313394|2859, 313406|2955, 313418|3188, 313418|3223, 313426|3251, 313426|3334, 313430|3378, 313431|3406, 313434|3452, 313435|3487, 313436|3546, 313437|3582, 313439|3618, 313439|3650, 313443|3704, 313445|3747, 313448|3793, 313449|4053, com.booking, 
313500|1, 313502|83, 313502|1469, 313503|1560, 313504|1639, 313504|4008, com.ted.android, 
313518|1, 313518|1395, 313519|1487, 313520|1562, 313520|4005, com.github.shadowsocks, 
313523|1, 313523|830, 313527|874, 313527|2573, 313528|2626, 313528|2729, 313529|2790, 313530|2873, 313532|2938, 313535|2975, 313536|3009, 313536|3045, 313537|3094, 313537|3362, 313538|3393, 313539|3418, 313539|3631, 313540|3654, 313541|3726, 313543|3783, 313543|3853, 313544|3883, 313544|4003, com.tripadvisor.tripadvisor, 
313547|1, 313547|721, 313548|769, 313548|793, 313549|819, 313549|1382, 313551|1432, 313551|1602, 313554|1662, 313554|1711, 313559|1768, 313559|1808, 313564|1871, 313565|1922, 313565|1961, 313569|2018, 313571|2078, 313573|2139, 313575|2238, 313575|2342, 313577|2410, 313582|2499, 313589|2639, 313590|2764, 313594|2849, 313594|2896, 313602|2982, 313617|3217, 313622|3294, 313623|3337, 313623|3409, 313624|3455, 313625|3494, 313625|3523, 313628|3557, 313633|3624, 313640|3772, 313642|3802, 313642|3829, 313643|3867, 313645|3914, 313647|4014, com.booking, 
313739|1, 313739|277, 313747|499, 313747|1912, 313748|1981, 313748|2050, 313749|2432, 313751|2509, 313751|2891, 313753|2984, 313753|3249, 313754|3317, 313759|3419, 313760|3477, 313761|3516, 313761|4016, com.sometimeswefly.littlealchemy, 
313765|1, 313765|1293, 313767|1359, 313768|1414, 313772|1452, 313774|1508, 313778|1553, 313780|1607, 313783|1670, 313784|1710, 313786|1743, 313789|1774, 313792|1816, 313792|1875, 313797|1939, 313797|1975, 313799|2019, 313799|2115, 313802|2219, 313804|2319, 313809|2397, 313810|2462, 313820|2570, 313820|2632, 313821|2676, 313821|2740, 313823|2817, 313845|3098, 313851|3191, 313856|3268, 313860|3303, 313860|3364, 313863|3413, 313864|3462, 313864|3503, 313868|3575, 313869|3612, 313869|3646, 313872|3708, 313875|4069, com.booking, 
313927|1, 313927|1345, 313931|1711, 313937|1814, 313943|1940, 313948|2023, 313949|2079, 313956|2167, 313958|2289, 313960|2451, 313963|2568, 313967|2683, 313970|2777, 313975|2958, 313982|3177, 314003|3391, 314006|3435, 314011|3470, 314023|3539, 314026|3587, 314026|3624, 314029|3652, 314033|3688, 314033|3743, 314038|3797, 314049|3868, 314050|3903, 314050|3935, 314054|3968, 314055|4018, com.booking, 
314127|1, 314127|198, 314130|225, 314130|1632, 314131|1746, 314131|1844, 314133|1992, 314133|2112, 314136|2221, 314137|2293, 314137|3205, 314138|3259, 314139|3288, 314139|3492, 314141|3519, 314142|4040, com.ted.android, 
314146|1, 314146|1034, 314149|1349, 314150|1468, 314150|1566, 314151|1682, 314151|1873, 314153|1986, 314153|2158, 314157|2236, 314157|2461, 314159|2647, 314159|3511, 314161|3550, 314161|4011, com.ted.android, 
314170|1, 314170|1767, 314171|1851, 314171|2739, 314172|2804, 314172|3127, 314173|3181, 314174|3217, 314174|4028, com.ted.android, 
314178|1, 314178|199, 314179|284, 314180|352, 314180|1328, 314182|1513, 314185|1616, 314187|1700, 314192|1797, 314194|1898, 314200|1988, 314203|2250, 314215|2538, 314231|2783, 314252|3066, 314269|3275, 314281|3326, 314284|3370, 314286|3408, 314286|3434, 314287|3482, 314296|3533, 314296|3629, 314298|3655, 314298|3722, 314299|3757, 314302|3812, 314303|3849, 314304|4043, com.booking, 
314388|1, 314388|1474, 314391|1538, 314391|1571, 314395|1625, 314395|1714, 314400|1813, 314402|1872, 314403|1907, 314406|1968, 314406|2014, 314410|2079, 314411|2165, 314412|2232, 314414|2308, 314417|2424, 314421|2580, 314426|2667, 314432|2765, 314437|2836, 314439|2913, 314440|2973, 314442|3034, 314446|3109, 314449|3166, 314452|3244, 314454|3294, 314455|3331, 314473|3555, 314474|3594, 314474|3623, 314478|3672, 314478|3715, 314479|3758, 314479|3845, 314480|3893, 314482|4022, com.booking, 
314528|1, 314528|630, 314529|682, 314530|732, 314530|1644, 314531|1764, 314531|1964, 314533|2064, 314533|2393, 314537|2481, 314537|3421, 314539|3468, 314540|4029, com.ted.android, 
314547|1, 314547|1468, 314549|1542, 314549|1634, 314550|1711, 314550|2655, 314551|2685, 314551|3682, 314553|3723, 314553|4031, com.ted.android, 
