124380|1, 124008|280, 124008|318, 123884|363, 123860|399, 123860|513, 124068|555, 124068|753, 123968|777, 123968|1176, 125068|1229, 125124|1275, 125212|1316, 125212|1742, 125712|1772, 125712|2085, 125968|2132, 125968|2261, 125984|2297, 125884|2330, 125884|2449, 125752|2500, 125060|2568, 125060|2756, 124324|2793, 124300|2842, 124200|2874, 123704|2920, 123332|2956, 123908|2985, 122884|3028, 122388|3050, 121644|3081, 121084|3140, 121736|3179, 121736|3234, 121332|3267, 121700|3308, 121700|3354, 121552|3397, 122128|3437, 122128|3506, 121884|3537, 121704|3575, 121704|3611, 121392|3647, 121144|3680, 121544|3705, 121544|3750, 121372|3783, 121448|3814, 121448|3885, 121264|3922, 121464|3961, 121464|4003, com.tripadvisor.tripadvisor, 
122824|1, 122700|223, 122700|423, 122948|454, 122700|479, 122700|534, 122600|570, 122608|605, 122608|630, 122584|662, 122608|697, 122608|760, 122204|795, 122304|853, 122304|873, 138056|942, 138056|1134, 137952|1189, 137952|1338, 138080|1371, 137628|1399, 137628|1444, 134624|1524, 125684|1636, 125396|1673, 125396|1783, 121796|1829, 121796|2648, 121764|2719, 121640|2773, 121648|2815, 121648|2881, 121400|2942, 121368|3003, 121204|3048, 120956|3098, 120460|3163, 120188|3254, 120288|3310, 120288|3498, 119824|3559, 119824|3604, 119760|3662, 119872|3737, 119872|4042, com.github.shadowsocks, 
122552|1, 122552|717, 122108|811, 137348|888, 137244|943, 137276|1033, 136372|1127, 136484|1216, 136320|1336, 135364|1448, 135108|1483, 135108|1634, 135208|1690, 135200|1749, 126296|1804, 118864|1864, 101628|1936, 101628|2003, 101008|2066, 95020|2159, 134676|2243, 134676|2304, 110724|2372, 105288|2456, 105688|2560, 103836|2633, 102348|2731, 101844|2865, 102044|2991, 102044|3148, 101920|3221, 101920|3715, 101840|3825, 101840|4010, com.sometimeswefly.littlealchemy, 
180012|1, 180112|248, 180112|598, 159772|654, 159772|768, 159592|813, 159456|868, 159480|917, 159480|971, 159380|1017, 149624|1088, 148352|1119, 148352|1814, 148368|1862, 148336|1896, 148336|2460, 148564|2515, 148564|2602, 148588|2641, 148588|2683, 148464|2749, 148464|2803, 148472|2860, 129992|2937, 122440|2975, 122440|3014, 122432|3077, 122464|3141, 121748|3193, 121748|3272, 121636|3324, 121636|3373, 121652|3408, 121652|3451, 121640|3514, 121640|3616, 121840|3649, 121840|3841, 121824|3881, 121924|3941, 121924|4034, com.tripadvisor.tripadvisor, 
146464|1, 146176|266, 146176|446, 126032|629, 125932|776, 125776|927, 145708|1052, 145624|1180, 145520|1313, 145324|1425, 145452|1495, 145340|1588, 145240|1697, 136360|1806, 136228|1885, 132916|1956, 132532|2022, 132532|2699, 132348|2832, 132348|3154, 131972|3253, 130532|3339, 128176|3408, 121464|3492, 120572|3605, 120572|3689, 119828|3800, 119828|3886, 120300|3977, 120300|4047, com.github.shadowsocks, 
114856|1, 114856|717, 114832|772, 114784|853, 114784|928, 115084|1048, 112560|1114, 112560|1363, 112372|1457, 112372|1721, 112500|1784, 112508|1861, 112508|2464, 112708|2623, 112708|2750, 112692|2882, 112572|3007, 112572|3090, 113588|3154, 113348|3192, 113020|3272, 113020|3829, 113212|3889, 113212|4033, com.tripadvisor.tripadvisor, 
136564|1, 136564|484, 116476|529, 116368|555, 116368|631, 116244|664, 116244|716, 116172|750, 116244|796, 116112|826, 116112|877, 115808|926, 115140|997, 136028|1056, 136028|1115, 135612|1200, 135612|1324, 135472|1380, 135472|1480, 135260|1525, 134952|1607, 134572|1671, 134572|1712, 134460|1795, 134184|1857, 134184|2065, 134052|2140, 133928|2229, 126992|2299, 123140|2352, 122224|2443, 122224|2655, 122080|2722, 121584|2771, 121584|3133, 110568|3173, 110568|3770, 110716|3801, 110716|4022, com.ted.android, 
112988|1, 112796|584, 112616|644, 112616|739, 112536|765, 112500|793, 112500|885, 112000|1006, 128376|1081, 128376|1261, 127960|1410, 127780|1559, 127360|1634, 127360|1694, 127352|1779, 127320|1851, 127320|1972, 110780|2122, 87364|2360, 112808|2530, 89016|2733, 89468|2981, 89668|3234, 90776|3280, 90776|3349, 90876|3387, 90876|3718, 90968|3761, 91068|3791, 91068|4010, com.sometimeswefly.littlealchemy, 
157420|1, 157420|573, 157256|638, 157132|700, 157048|783, 157048|833, 156024|903, 156224|967, 162760|1061, 162760|1194, 162472|1289, 162220|1381, 162220|1499, 138944|1609, 138664|1659, 138648|1740, 138524|1838, 138420|1898, 138420|2028, 121276|2127, 118196|2227, 118196|2295, 118048|2355, 118048|2524, 95020|2589, 93988|2667, 91252|2778, 104336|2866, 104336|3127, 104636|3216, 104636|3473, 104736|3533, 104736|3723, 104788|3799, 104788|4036, com.sometimeswefly.littlealchemy, 
150632|1, 150632|461, 130040|501, 130040|668, 129924|699, 129924|745, 129956|779, 129956|875, 130244|941, 130244|1001, 126620|1047, 126620|1078, 126504|1111, 126504|1640, 126512|1678, 126460|1711, 126460|1742, 126444|1779, 126444|2404, 127312|2465, 127312|2597, 127208|2708, 127208|2749, 127280|2854, 120752|2938, 120752|2996, 120472|3068, 120340|3134, 120100|3210, 120100|3272, 119968|3323, 119968|3398, 119860|3455, 119860|3638, 119868|3668, 119924|3721, 119924|3804, 119800|3830, 119800|3914, 119900|3976, 119900|4018, com.tripadvisor.tripadvisor, 
122880|1, 122880|545, 122516|579, 122516|654, 122360|681, 122360|713, 122344|747, 122124|807, 122124|830, 122228|855, 142480|923, 142480|958, 142112|985, 142008|1017, 142008|1138, 141904|1173, 141904|1285, 141632|1344, 141296|1421, 140976|1454, 140976|1518, 140540|1608, 140236|1663, 140236|1756, 140252|1828, 140252|1896, 129228|1979, 129100|2029, 128972|2085, 128844|2122, 128844|2288, 128588|2331, 128588|2525, 128460|2562, 128460|2691, 117344|2851, 117492|2882, 117492|3715, 117404|3877, 117404|4092, com.ted.android, 
137644|1, 137520|163, 137520|185, 137472|208, 137472|381, 137344|737, 121192|791, 121068|830, 120788|878, 120656|932, 137416|1010, 137416|1051, 137292|1111, 136988|1202, 136988|1329, 136792|1425, 136344|1526, 135992|1615, 135992|1906, 119708|2075, 111036|2249, 108556|2365, 93568|2559, 114604|2768, 114828|2973, 114956|3177, 117764|3275, 117868|3308, 117868|3596, 117968|3622, 117968|3955, 117876|3995, 117876|4024, com.sometimeswefly.littlealchemy, 
165628|1, 165508|146, 165508|458, 165384|480, 165384|586, 158708|627, 158536|664, 158536|692, 158356|716, 158356|801, 157984|860, 164704|910, 164924|950, 164924|1001, 164596|1095, 164376|1146, 164376|1263, 164140|1385, 164140|1482, 164036|1539, 164036|1921, 163872|2003, 163776|2051, 163300|2151, 163168|2220, 162840|2307, 162512|2403, 162364|2451, 162484|2594, 162484|2772, 162256|2902, 145492|3010, 144908|3239, 144908|3805, 142076|3849, 142076|3881, 141460|3922, 140692|3962, 140516|4224, com.booking, 
133976|1, 134024|216, 134024|384, 133976|434, 133976|639, 133852|693, 133852|785, 133728|873, 133488|955, 131160|1020, 131160|1107, 131128|1170, 131008|1371, 131008|2109, 130992|2165, 130984|2222, 131084|2440, 131084|2619, 120336|2795, 120048|3033, 119648|3254, 119648|3278, 119732|3327, 119732|3529, 119832|3560, 119832|3721, 119932|3751, 119932|3937, 120232|3993, 120232|4033, com.tripadvisor.tripadvisor, 
123244|1, 123244|504, 123236|529, 123236|760, 123056|799, 123056|876, 123100|923, 122848|973, 121020|1007, 121020|1342, 120988|1381, 121004|1416, 121004|1446, 120948|1478, 120948|2596, 120784|2668, 120784|2828, 120676|2889, 120676|2939, 120660|2999, 120668|3031, 120544|3066, 120068|3148, 119568|3203, 119568|3333, 119772|3375, 119820|3405, 119820|3492, 119924|3543, 119924|3621, 120024|3664, 120024|4038, com.tripadvisor.tripadvisor, 
138692|1, 138692|155, 138584|208, 138584|255, 138436|280, 138436|384, 138492|420, 138580|445, 138580|486, 122580|527, 122580|602, 122476|628, 122476|665, 122328|716, 122328|822, 138344|861, 138344|948, 138220|990, 137920|1024, 137920|1153, 137764|1209, 137764|1298, 137664|1352, 137552|1446, 137552|1721, 137280|1772, 137280|1945, 137004|1995, 137004|2028, 136636|2078, 136332|2157, 135972|2274, 135184|2338, 134880|2441, 134880|2598, 134692|2694, 134692|2764, 134580|3060, 132396|3159, 132396|3426, 132428|3467, 132444|4167, com.booking, 
120220|1, 120220|553, 120188|616, 120228|679, 120228|823, 136952|929, 136952|1179, 136764|1485, 135864|1574, 130632|1680, 130460|1771, 127260|1854, 127260|2081, 127088|2141, 126832|2209, 126832|2462, 126824|2627, 126752|2791, 126752|3194, 126864|3308, 126864|3419, 127364|3473, 126604|3528, 126604|3633, 126648|3663, 126648|4026, com.github.shadowsocks, 
121604|1, 121604|489, 121464|522, 121464|651, 121340|680, 121340|713, 121284|751, 121236|783, 121236|811, 120752|858, 120752|904, 136832|979, 136832|1051, 136980|1090, 136980|1134, 136816|1172, 136816|1246, 136712|1309, 136712|1366, 136580|1417, 136580|1501, 136472|1569, 136472|1721, 136488|1752, 136228|1811, 136228|1900, 122788|1941, 122788|1973, 118172|2020, 118172|2462, 110172|2524, 109804|2549, 109312|2572, 108196|2618, 105260|2682, 100676|2727, 100304|2758, 100272|2809, 100272|2851, 100148|2899, 100624|2938, 100624|2966, 100396|2995, 100024|3034, 99528|3078, 100004|3126, 100080|3156, 100080|3217, 99652|3256, 99280|3294, 99232|3330, 99232|3488, 99108|3525, 99208|3560, 99208|3648, 99032|3689, 99208|3727, 99272|3762, 99320|3789, 99320|3863, 99196|3901, 99224|3941, 99224|4022, com.sometimeswefly.littlealchemy, 
119204|1, 119204|482, 119056|503, 119056|617, 118932|644, 118932|781, 118240|834, 118192|875, 118192|896, 135236|955, 135236|1035, 135136|1063, 135136|1358, 135280|1398, 134884|1430, 134884|1465, 134720|1507, 134720|1600, 132968|1670, 129992|1722, 129604|1768, 129484|1829, 125992|1886, 125992|2303, 125736|2333, 125736|2654, 125624|2694, 125624|2822, 125656|2863, 125656|3429, 125664|3452, 125664|3509, 125320|3555, 125320|3736, 125424|3767, 125424|4002, com.github.shadowsocks, 
121256|1, 121296|91, 121296|558, 121172|583, 121172|690, 121000|719, 121000|925, 120944|952, 118996|998, 118964|1032, 118916|1072, 118916|2025, 119500|2064, 119500|2420, 119252|2447, 119352|2470, 119352|2569, 119252|2649, 119252|2800, 119056|2858, 119056|2967, 118900|3000, 118744|3065, 118488|3145, 118364|3179, 118364|3343, 118208|3387, 118084|3408, 118084|3909, 118184|3950, 118184|4020, com.tripadvisor.tripadvisor, 
120584|1, 136584|138, 136584|167, 136488|193, 136440|217, 136496|245, 136496|541, 136372|571, 120628|610, 120628|710, 120448|742, 120448|806, 120176|841, 120020|884, 119420|911, 136152|970, 136152|1070, 135732|1112, 135732|1176, 135408|1280, 135244|1361, 135244|1419, 134980|1470, 134980|1834, 129988|1869, 121540|1901, 121540|1933, 116952|1971, 116952|2157, 116928|2189, 116936|2231, 116936|2300, 107884|2328, 106028|2387, 104772|2459, 103864|2499, 100516|2538, 97824|2568, 96608|2611, 96116|2668, 96812|2706, 96812|2840, 96380|2901, 97080|2943, 97080|3106, 96768|3149, 96788|3187, 96792|3211, 96792|3309, 96544|3352, 96520|3386, 96720|3415, 96720|3473, 96864|3512, 96864|3555, 97364|3592, 97364|4011, com.sometimeswefly.littlealchemy, 
136308|1, 136492|103, 136492|271, 136476|326, 136476|539, 120732|572, 120732|733, 120608|765, 120608|904, 119752|974, 135556|999, 135668|1054, 135668|1085, 135564|1149, 135564|1211, 135424|1236, 135244|1275, 135220|1317, 135172|1390, 135048|1437, 135048|1477, 134760|1514, 134760|1560, 134656|1625, 134656|1727, 134360|1785, 134360|2033, 128780|2087, 128040|2169, 127928|2237, 127928|2311, 127800|2352, 127800|2396, 127644|2458, 127644|2677, 116208|2994, 116208|3303, 116168|3346, 116168|3499, 116044|3539, 116044|3929, 116144|3958, 116144|4036, com.ted.android, 
134164|1, 134132|149, 134132|552, 118052|607, 118052|662, 117872|697, 117700|762, 117700|891, 117624|950, 133784|1033, 133680|1120, 133680|1353, 133304|1463, 133016|1563, 132448|1752, 132184|1977, 128088|2116, 127584|2307, 127552|2538, 127552|2651, 115776|2783, 115776|3157, 115876|3268, 115876|3367, 115768|3404, 115792|3440, 115792|3463, 116248|3489, 116248|3869, 116588|3901, 116588|4002, com.ted.android, 
118644|1, 118504|85, 118504|410, 118704|448, 118704|556, 118748|587, 118648|618, 118648|713, 118476|747, 118476|782, 118352|812, 117916|850, 117604|909, 117604|949, 135044|993, 135044|1156, 134808|1212, 134396|1250, 134496|1276, 134372|1320, 134372|1377, 134092|1465, 134092|1571, 134044|1602, 133940|1650, 133940|1824, 133300|1860, 133300|1952, 120396|1989, 116684|2021, 116684|2292, 116488|2327, 116488|2450, 102640|2509, 101636|2565, 101608|2637, 100228|2677, 97996|2706, 93408|2746, 93036|2788, 93536|2825, 93536|2962, 93436|3010, 93436|3110, 93244|3160, 93296|3199, 93296|3329, 92948|3363, 93148|3396, 93148|3435, 93348|3459, 93348|3525, 93552|3560, 93552|3581, 93604|3605, 93604|3695, 93356|3731, 93436|3762, 93436|3870, 93368|3909, 93520|3950, 93520|4019, com.sometimeswefly.littlealchemy, 
134212|1, 133788|130, 133788|513, 116900|553, 116776|586, 116776|680, 116604|712, 116604|741, 116648|771, 116584|802, 116312|829, 116164|887, 116164|936, 132912|1001, 132912|1266, 132780|1305, 132880|1343, 132880|1434, 132732|1465, 132576|1519, 132576|1552, 127708|1629, 124620|1683, 124496|1720, 124544|1757, 124488|1790, 120836|1833, 120836|1868, 120732|1900, 120732|2093, 121164|2118, 121164|2449, 121580|2490, 121580|2756, 121680|2780, 121680|2806, 121552|2854, 121552|3482, 120660|3507, 120660|3757, 120676|3792, 120676|4023, com.github.shadowsocks, 
135636|1, 135332|116, 135332|333, 135632|373, 135632|543, 135540|576, 118804|617, 118804|697, 118680|718, 118508|744, 118376|784, 118376|847, 118304|915, 134932|960, 134932|1025, 134768|1089, 134768|1409, 134564|1442, 134564|1489, 134156|1553, 126484|1667, 126220|1722, 122904|1772, 122380|1802, 122380|1930, 122340|1950, 122276|1983, 122316|2019, 122316|2157, 122616|2192, 122616|2296, 122496|2359, 122360|2398, 122360|2792, 122168|2824, 122168|2911, 122176|2942, 122232|2962, 122232|3411, 121304|3451, 121304|3665, 121464|3685, 121464|3916, 121504|3955, 121504|4021, com.github.shadowsocks, 
134624|1, 134640|90, 134740|111, 134740|478, 134616|501, 134616|529, 134716|569, 118124|609, 118052|638, 118052|660, 117928|681, 117824|707, 117824|830, 117692|891, 117792|918, 134784|970, 134784|996, 134752|1042, 134752|1123, 134356|1174, 133920|1234, 133816|1265, 133816|1348, 133668|1403, 133496|1447, 133372|1513, 133372|1823, 125164|1868, 116580|1895, 116580|1956, 116588|1992, 116548|2027, 116548|2367, 112844|2394, 101560|2427, 100320|2485, 99516|2550, 99516|2663, 99392|2720, 98832|2781, 99032|2823, 99032|2891, 98916|2930, 98660|2980, 98444|3026, 98196|3060, 94848|3093, 92776|3122, 90544|3169, 90984|3214, 91084|3243, 91084|3265, 90804|3288, 90432|3317, 90060|3356, 89812|3398, 91212|3432, 91212|3456, 91116|3484, 91116|3599, 92188|3637, 92188|3664, 91984|3690, 91612|3721, 91124|3770, 90876|3811, 91260|3849, 91260|3919, 91396|3949, 91220|4020, com.sometimeswefly.littlealchemy, 
116940|1, 116940|114, 116988|144, 116988|700, 116856|728, 116956|762, 116956|898, 133896|977, 133896|1060, 133844|1113, 133860|1162, 133860|1359, 133728|1385, 133156|1428, 133156|1583, 133052|1620, 125688|1657, 124648|1739, 121164|1784, 120892|1812, 120892|2113, 120692|2151, 120692|2973, 120660|3011, 120660|3100, 120676|3125, 120668|3158, 120740|3191, 120740|3258, 120940|3280, 120940|3343, 121580|3391, 121580|3454, 120856|3482, 120856|4028, com.github.shadowsocks, 
135824|1, 135924|101, 135800|144, 135800|265, 135904|298, 135904|505, 135780|527, 135780|549, 135656|588, 135656|613, 117992|646, 117992|666, 117804|687, 117680|713, 117500|743, 117500|826, 117096|858, 117064|897, 117168|931, 134832|1045, 134832|1099, 134728|1155, 134624|1192, 134624|1236, 134616|1296, 134616|1341, 135472|1399, 135472|1658, 135368|1697, 135368|1996, 135140|2102, 134716|2193, 134420|2242, 134588|2345, 130096|2408, 129444|2504, 129444|2574, 129300|2647, 129168|2795, 129168|2891, 128700|3179, 127276|3235, 127156|3283, 126900|3361, 126900|3600, 124276|3650, 124148|3694, 124148|3726, 123404|3791, 122516|3832, 120084|4014, com.booking, 
118276|1, 118152|137, 118152|468, 117988|528, 117988|580, 117740|640, 117764|698, 117764|792, 117740|883, 117740|1374, 118408|1437, 118480|1520, 118480|2081, 118356|2195, 118356|2325, 118208|2479, 118276|2637, 118276|2802, 117988|3105, 117260|3300, 117184|3471, 117120|3614, 117220|3783, 117332|3920, 117332|4018, com.tripadvisor.tripadvisor, 
137340|1, 137340|587, 119652|640, 119664|671, 119664|832, 119336|894, 119024|939, 119136|969, 119136|1000, 136784|1053, 136784|1138, 136684|1167, 136784|1188, 136784|1318, 136572|1368, 136572|1575, 136072|1622, 136080|1668, 135940|1741, 135836|1787, 128776|1834, 126728|1904, 126596|1943, 126596|1995, 123268|2029, 125112|2074, 125112|2537, 125544|2559, 125544|2653, 125468|2685, 125468|3251, 125556|3271, 125556|3338, 125408|3379, 125408|4009, com.github.shadowsocks, 
119624|1, 119516|73, 119516|313, 119028|395, 119028|525, 118904|560, 118904|585, 118892|608, 118892|691, 118900|720, 118744|749, 118744|858, 118472|891, 118772|923, 118600|950, 118600|978, 136724|1040, 136724|1153, 136464|1216, 136464|1396, 136060|1461, 136060|1644, 135900|1718, 135860|1770, 135720|1804, 135360|1853, 135252|1903, 135252|2132, 135088|2195, 134744|2248, 134464|2298, 134464|2380, 134308|2474, 130204|2600, 129704|2715, 129648|2854, 129648|2968, 129492|3318, 127752|3362, 127752|3915, 124960|3968, 124960|4007, com.booking, 
117800|1, 117800|787, 117736|838, 117472|919, 134288|1000, 134288|1050, 134392|1130, 133916|1222, 133916|1285, 133508|1366, 132344|1618, 132024|1649, 132024|1812, 132008|1882, 128320|1940, 116160|2008, 116160|2250, 110276|2308, 109408|2381, 120868|2629, 127764|2850, 130248|3055, 130248|3225, 130548|3369, 130848|3411, 131148|3450, 131148|3507, 131748|3539, 131748|3812, 131844|3850, 131852|3890, 131852|4008, com.sometimeswefly.littlealchemy, 
164400|1, 164400|453, 164300|489, 164300|553, 164616|577, 164616|617, 164492|654, 164492|782, 163832|853, 163716|907, 149564|948, 147116|972, 147116|1309, 147224|1339, 147224|1920, 147568|1957, 147568|2326, 147720|2406, 147472|2441, 147472|2538, 147216|2585, 147216|2775, 118724|2819, 118724|2906, 118624|2977, 118244|3029, 118112|3100, 117948|3151, 117948|3264, 118048|3307, 118048|3422, 118148|3463, 118148|4012, com.tripadvisor.tripadvisor, 
136072|1, 136120|78, 136168|98, 136168|229, 135952|330, 135952|499, 121104|530, 121104|702, 120980|735, 120980|866, 120848|909, 120628|965, 120628|1008, 135672|1048, 135744|1070, 135756|1105, 135732|1152, 135732|1259, 135544|1306, 135544|1572, 135148|1618, 135396|1654, 135148|1684, 135000|1729, 135000|1822, 133164|1862, 131100|1889, 131100|1948, 127660|2004, 127492|2065, 127268|2110, 127268|2339, 127468|2367, 127468|3064, 127504|3091, 127504|3666, 127380|3688, 126612|3714, 126612|3907, 126712|3930, 126712|4025, com.github.shadowsocks, 
136348|1, 136320|77, 136320|449, 136196|472, 121220|504, 121096|550, 121096|647, 120924|673, 120924|781, 120464|810, 120332|851, 120332|896, 135436|962, 135436|1006, 135460|1043, 135460|1329, 135256|1370, 135152|1413, 135152|1591, 135048|1626, 135048|1919, 134772|1993, 134192|2059, 133460|2189, 133220|2370, 132748|2504, 132748|2669, 132628|2742, 132628|2808, 132464|2871, 132212|2966, 131276|3208, 130660|3244, 130660|3504, 130532|3563, 130532|3702, 127940|3767, 127196|3812, 127196|4068, com.booking, 
135084|1, 135084|112, 135164|134, 135112|165, 135112|274, 134988|298, 134988|569, 118700|611, 118700|807, 118280|871, 118116|913, 118116|1001, 134244|1078, 134232|1128, 134240|1172, 134232|1261, 134336|1392, 134544|1489, 134232|1581, 134100|1663, 133828|1735, 133828|1830, 133724|1958, 127788|2135, 127700|2265, 127256|2454, 127256|2653, 115088|2837, 115088|3145, 114976|3250, 114976|3472, 115568|3511, 115568|4017, com.ted.android, 
134888|1, 134864|86, 134864|207, 134924|231, 134924|486, 134800|521, 118032|559, 117844|594, 117844|633, 117688|655, 117688|808, 117352|855, 117248|889, 134248|931, 134240|993, 134240|1055, 134084|1077, 134084|1112, 134196|1146, 134244|1201, 134204|1252, 134204|1410, 133932|1495, 133932|1581, 133736|1629, 126964|1676, 125136|1745, 125136|1830, 121936|1870, 121568|1912, 121568|1986, 121396|2018, 121396|2189, 121564|2223, 121648|2257, 121648|2285, 121632|2309, 121632|2377, 121560|2408, 121560|2439, 121632|2459, 121632|3045, 121920|3073, 121920|3202, 121928|3222, 121928|3605, 121160|3630, 121160|4009, com.github.shadowsocks, 
118324|1, 118324|338, 118284|364, 118328|400, 118328|477, 117864|507, 117864|623, 117740|652, 117740|891, 117568|943, 117568|1327, 118036|1375, 118092|1420, 118092|2395, 118160|2455, 118160|2575, 118036|2644, 118036|2747, 117912|2784, 117912|2885, 117784|2944, 117784|2988, 117660|3026, 117660|3057, 117404|3106, 117048|3158, 117048|3178, 116924|3221, 116924|3721, 116784|3794, 116784|4017, com.tripadvisor.tripadvisor, 
117596|1, 117472|73, 117472|263, 117672|299, 117672|458, 117696|493, 117652|526, 117652|696, 117528|738, 117404|790, 117404|906, 117184|963, 117184|1043, 134164|1097, 134164|1223, 133696|1254, 133148|1327, 133016|1388, 133016|1451, 132916|1505, 132900|1537, 132784|1619, 132680|1673, 132680|1829, 132524|1890, 132524|2232, 132060|2311, 132060|2417, 129300|2505, 127404|2628, 126996|2774, 126972|2865, 126972|2907, 126592|2994, 124780|3203, 124500|3306, 124612|3355, 124612|3473, 124568|3512, 124584|3540, 124584|3625, 124328|3702, 121896|4025, com.booking, 
133000|1, 132756|144, 132756|506, 132884|592, 116280|656, 116280|731, 116156|800, 115984|856, 115984|929, 115384|1028, 132204|1098, 132204|1281, 132016|1408, 131912|1520, 131732|1618, 131716|1724, 131592|1818, 131592|2059, 122792|2437, 114472|2525, 114472|2570, 111684|2651, 92832|2721, 92636|2789, 90848|2886, 93640|2994, 101732|3088, 102448|3179, 102448|3433, 102952|3485, 103052|3533, 103052|3603, 103692|3630, 103848|3664, 103848|3788, 104148|3818, 104148|4027, com.sometimeswefly.littlealchemy, 
144040|1, 143916|96, 143916|503, 143956|533, 143956|612, 123768|640, 123768|835, 123108|910, 143008|956, 143008|1052, 142884|1095, 142744|1138, 142744|1212, 142644|1248, 142644|1368, 142632|1425, 142632|1465, 142316|1509, 142272|1552, 142272|1725, 142168|1758, 142168|2067, 141628|2114, 141348|2204, 135960|2321, 135656|2398, 135404|2467, 135204|2581, 135204|2638, 135308|2690, 135308|2746, 135208|2818, 134932|3100, 133684|3195, 133480|3282, 133224|3317, 133352|3346, 133352|3515, 132520|3578, 127912|3624, 127912|3659, 127528|3716, 126728|3759, 125960|3792, 126784|4078, com.booking, 
121944|1, 142388|115, 142388|515, 122416|591, 122432|665, 122432|722, 122308|771, 122344|830, 122344|895, 120868|1001, 119960|1062, 139904|1188, 139904|1273, 139800|1378, 139696|1748, 139696|1968, 139592|2058, 139592|2120, 139488|2200, 139284|2324, 139180|2481, 138516|2605, 134264|2701, 134036|2809, 133656|2968, 133656|3178, 132240|3406, 132068|3482, 132068|3511, 131912|3578, 132016|3626, 132088|3670, 132088|3698, 132176|3731, 132176|3782, 132072|3838, 129256|3910, 129256|3949, 128488|3981, 128488|4010, com.booking, 
121856|1, 121856|486, 121732|525, 121732|618, 121808|641, 121808|687, 121700|719, 121800|752, 121800|834, 121676|862, 121036|913, 121036|951, 140024|988, 140280|1031, 140280|1054, 139844|1083, 139844|1132, 139688|1182, 139468|1240, 139468|1273, 139360|1296, 139360|1324, 139212|1371, 139488|1430, 139036|1477, 138932|1516, 138612|1548, 138612|1652, 138508|1752, 138508|2057, 131192|2127, 126856|2234, 126728|2308, 126728|2344, 125936|2395, 125936|2582, 125684|2613, 125556|2653, 125484|2698, 125468|2757, 125468|3012, 121340|3045, 114172|3071, 114172|3710, 114092|3906, 114596|3944, 114596|4026, com.ted.android, 
115924|1, 115924|465, 115776|515, 115644|571, 115644|691, 115408|761, 114872|1019, 131432|1107, 131432|1406, 130960|1520, 130600|1631, 130452|1740, 130412|1832, 130356|1915, 130356|2046, 125768|2138, 125768|2369, 125660|2517, 125660|2695, 125644|2862, 113332|3054, 113332|3238, 113436|3266, 113436|3441, 113636|3466, 113636|3703, 113936|3730, 113936|3807, 114000|3842, 114040|3876, 114116|3899, 114116|4017, com.ted.android, 
116196|1, 116196|265, 116328|305, 116328|538, 116212|582, 116212|689, 116204|716, 116204|741, 116080|774, 116120|814, 116120|926, 115996|1001, 115996|1033, 133132|1090, 133132|1140, 132812|1201, 132712|1261, 132712|1286, 132572|1343, 132572|1424, 132468|1509, 132064|1594, 131612|1655, 131480|1703, 131444|1754, 131124|1861, 131124|2149, 127040|2237, 126844|2313, 126844|2536, 126684|2589, 126684|2749, 126604|2819, 113904|3140, 113832|3196, 113700|3228, 113700|3832, 113732|3858, 113732|4009, com.ted.android, 
132812|1, 133012|127, 133012|209, 133000|236, 132876|262, 132876|341, 132768|401, 132768|516, 115512|731, 115208|823, 115208|875, 114988|910, 114948|956, 114528|1033, 114632|1113, 131800|1246, 131696|1309, 131592|1388, 131580|1549, 131476|1671, 131476|1848, 131332|1926, 131332|2044, 131096|2230, 126224|2537, 125732|2781, 125452|3066, 123744|3330, 123948|3385, 123948|3871, 124044|3913, 124060|3937, 124060|4023, com.booking, 
132340|1, 132416|88, 132416|499, 123736|526, 115228|551, 115228|884, 115292|925, 115284|967, 115160|1031, 115012|1061, 115012|1090, 132136|1174, 132136|1261, 132036|1322, 131784|1358, 131784|1494, 131816|1562, 131964|1599, 131964|1828, 131824|1899, 131752|1934, 131752|1992, 131620|2039, 131620|2331, 131236|2451, 130516|2585, 126920|2691, 126676|2770, 126576|2856, 126012|2934, 126012|3263, 125904|3322, 125772|3357, 123924|3578, 123924|3874, 123860|3911, 123700|4049, com.booking, 
131524|1, 113616|124, 113616|595, 113396|643, 113396|692, 113216|752, 113216|897, 113404|980, 113300|1055, 113300|1220, 113040|1505, 112260|1530, 112260|1649, 112664|1758, 112004|1861, 111940|1971, 111940|2072, 111644|2182, 111644|2564, 111540|2717, 111540|2862, 111376|3028, 111376|3346, 111576|3377, 111576|3438, 111680|3484, 111680|3596, 111980|3621, 111980|3900, 112020|3932, 112076|3960, 112136|4018, com.ted.android, 
114784|1, 114692|99, 114692|359, 114580|398, 114580|519, 114456|545, 114456|606, 114444|642, 114444|729, 114272|751, 114100|772, 114100|885, 113984|946, 113704|991, 113664|1031, 114440|1065, 114440|1103, 113924|1184, 113744|1232, 113644|1263, 113644|1392, 113496|1465, 113372|1555, 112608|1609, 112608|1656, 111908|1727, 111908|1981, 111636|2050, 111636|2251, 111836|2282, 111836|2418, 111648|2457, 111648|2483, 111676|2522, 111564|2551, 111564|2709, 111572|2879, 111572|2944, 111636|3009, 111588|3050, 111588|3707, 111788|3746, 111780|4013, com.ted.android, 
