14080|1, 14104|246, 14104|1193, 14128|1244, 14160|1282, 14160|3199, 14208|3243, 14272|3273, 14272|4002, com.tripadvisor.tripadvisor, 
14096|1, 14096|591, 14128|624, 14160|662, 14160|1485, 14360|1598, 14560|1636, 14560|2616, 14632|2682, 14632|2734, 14656|2777, 14656|3574, 14648|3629, 14648|4005, com.github.shadowsocks, 
14112|1, 14112|656, 14192|754, 14192|1633, 14304|1694, 14560|1750, 14560|2681, 14584|2821, 14584|3669, 14600|3773, 14600|4017, com.sometimeswefly.littlealchemy, 
14168|1, 14168|769, 14224|817, 14216|866, 14216|1763, 14152|1812, 14184|1846, 14184|2752, 14176|2810, 14224|2886, 14224|3790, 14280|3831, 14280|4023, com.tripadvisor.tripadvisor, 
14160|1, 14160|631, 14192|772, 14264|909, 14264|1566, 14464|1687, 14632|1782, 14632|2694, 14808|2818, 14808|3131, 14608|3247, 14608|3694, 14680|3784, 14680|4022, com.github.shadowsocks, 
14136|1, 14136|660, 14184|729, 14200|798, 14200|1668, 14184|1728, 14184|2715, 14248|2826, 14248|3675, 14256|3710, 14288|3739, 14288|3772, 14272|3833, 14272|4012, com.tripadvisor.tripadvisor, 
14128|1, 14128|678, 14184|716, 14176|759, 14176|1489, 14376|1572, 14376|1675, 14680|1760, 14680|2686, 14816|2737, 14816|3734, 14840|3765, 14840|4026, com.ted.android, 
14192|1, 14192|684, 14240|710, 14264|739, 14264|1645, 14592|1725, 14648|1796, 14648|2700, 14704|2937, 14704|3707, 14568|3737, 14568|4030, com.sometimeswefly.littlealchemy, 
13816|1, 13816|667, 13888|741, 13888|1621, 14256|1701, 14256|2627, 14288|2737, 14288|4011, com.sometimeswefly.littlealchemy, 
13832|1, 13832|641, 13840|674, 13840|719, 13832|753, 13832|1614, 13824|1652, 13824|1716, 13840|1756, 13840|2570, 13912|2682, 13912|2726, 13896|2828, 13896|3612, 13864|3642, 13936|3696, 13936|4015, com.tripadvisor.tripadvisor, 
13800|1, 13800|692, 13808|729, 13912|787, 13912|1503, 14112|1597, 14112|1742, 14392|1819, 14392|2671, 14472|2832, 14472|3712, 14560|3857, 14560|4109, com.ted.android, 
13712|1, 13712|711, 13696|757, 13696|912, 13848|976, 13848|1872, 14176|2063, 14176|2740, 14208|2957, 14192|3146, 14192|3927, 14072|3962, 14072|4017, com.sometimeswefly.littlealchemy, 
13600|1, 13720|129, 13720|984, 13872|1080, 13872|1681, 14072|1756, 14072|1986, 14352|2035, 14352|2885, 14552|3002, 14816|3223, 14824|4218, com.booking, 
13720|1, 13728|194, 13728|355, 13744|409, 13744|1074, 13792|1144, 13792|2076, 13808|2133, 13808|3011, 13944|3223, 13944|4001, com.tripadvisor.tripadvisor, 
13728|1, 13728|335, 13744|366, 13744|482, 13752|506, 13752|1319, 13816|1366, 13816|1423, 13784|1456, 13784|3313, 13840|3357, 13888|3383, 13888|4017, com.tripadvisor.tripadvisor, 
13760|1, 13760|407, 13776|433, 13776|1363, 14168|1435, 14168|2066, 14368|2148, 14368|2330, 14632|2434, 14632|3367, 14736|3413, 14832|3455, 14832|4158, com.booking, 
13856|1, 13856|518, 13888|582, 13880|652, 13880|1540, 14368|1651, 14368|2610, 14472|2773, 14472|3558, 14464|3598, 14336|3628, 14336|4014, com.github.shadowsocks, 
13800|1, 13800|688, 13840|727, 13880|758, 13880|1224, 14080|1289, 14080|1696, 14128|1737, 14248|1788, 14248|2739, 14272|2785, 14272|3738, 14264|3765, 14264|4033, com.sometimeswefly.littlealchemy, 
13800|1, 13800|772, 13880|821, 13960|860, 13960|1815, 14312|1873, 14312|3415, 14320|3438, 14320|3814, 14312|3836, 14296|3860, 14296|4009, com.github.shadowsocks, 
13768|1, 13784|82, 13784|988, 13728|1023, 13824|1063, 13824|2992, 13888|3059, 13888|4015, com.tripadvisor.tripadvisor, 
13792|1, 13792|155, 13808|181, 13792|205, 13816|234, 13816|1169, 14072|1269, 14072|2145, 14160|2177, 14256|2220, 14256|3175, 14264|3199, 14264|4022, com.sometimeswefly.littlealchemy, 
13768|1, 13768|254, 13792|312, 13792|1257, 13960|1303, 14120|1373, 14120|2255, 14336|2298, 14400|2336, 14400|2942, 14432|2978, 14432|3286, 14456|3334, 14456|4019, com.ted.android, 
13848|1, 13848|540, 13856|596, 13856|1347, 14144|1458, 14144|2342, 14488|2526, 14488|3355, 14448|3393, 14376|3428, 14376|4009, com.ted.android, 
13728|1, 13728|540, 13720|571, 13744|602, 13744|834, 13880|896, 13880|1554, 14048|1589, 14048|2549, 14200|2624, 14200|3418, 14192|3444, 14192|3544, 14208|3565, 14200|3589, 14200|4003, com.sometimeswefly.littlealchemy, 
13736|1, 13736|713, 13744|743, 13752|774, 13752|1605, 13952|1655, 13952|1691, 14016|1735, 14256|1767, 14256|2728, 14264|2752, 14264|3728, 14248|3767, 14248|4015, com.github.shadowsocks, 
13752|1, 13752|900, 13824|944, 13824|1914, 14096|1936, 14144|1972, 14264|2005, 14264|2927, 14256|2947, 14256|3905, 14248|3940, 14248|4007, com.github.shadowsocks, 
13712|1, 13752|82, 13752|961, 13824|992, 13864|1033, 13864|1948, 14168|1984, 14208|2018, 14208|2973, 14200|3019, 14184|4012, com.sometimeswefly.littlealchemy, 
13704|1, 13704|106, 13720|137, 13720|1065, 13752|1109, 13864|1155, 13864|1462, 14064|1551, 14064|2076, 14168|2108, 14248|2144, 14248|2971, 14240|3005, 14240|3092, 14224|3118, 14232|3151, 14224|3184, 14224|4021, com.github.shadowsocks, 
13688|1, 13688|258, 13712|292, 13712|1232, 14024|1290, 14024|2096, 14224|2194, 14224|2236, 14528|2348, 14528|3229, 14768|3278, 14768|4009, com.booking, 
13768|1, 13768|448, 13816|509, 13816|627, 13792|679, 13792|1356, 13800|1418, 13816|1502, 13816|2460, 13856|2631, 13856|3321, 13880|3481, 13960|3625, 13960|4025, com.tripadvisor.tripadvisor, 
13688|1, 13688|658, 13704|691, 13704|1563, 13904|1611, 13824|1656, 14032|1730, 14032|2524, 14048|2547, 14048|2601, 14184|2641, 14248|2676, 14248|3629, 14216|3658, 14216|4032, com.github.shadowsocks, 
13696|1, 13696|680, 13712|709, 13728|738, 13728|1636, 13952|1710, 14168|1760, 14168|2472, 14368|2590, 14512|2705, 14656|2843, 14656|3674, 14760|3741, 14760|4027, com.booking, 
13816|1, 13816|749, 13864|793, 13888|875, 13888|1325, 14088|1573, 14088|1767, 14272|1845, 14272|2824, 14304|3025, 14304|3767, 14176|3812, 14168|3846, 14168|4002, com.sometimeswefly.littlealchemy, 
13768|1, 13768|544, 13752|569, 13752|853, 13792|904, 13744|940, 13744|1300, 13768|1330, 13768|1911, 13776|1953, 13776|2916, 13800|2983, 13800|3870, 13872|3910, 13880|3944, 13880|4004, com.tripadvisor.tripadvisor, 
13720|1, 13704|59, 13736|80, 13736|1030, 13800|1052, 13808|1087, 13808|1930, 14008|1986, 14192|2048, 14272|2092, 14272|3046, 14256|3072, 14256|4011, com.github.shadowsocks, 
13704|1, 13728|64, 13728|993, 13824|1043, 13816|1097, 13816|1525, 14016|1580, 14016|1980, 14432|2057, 14432|2862, 14632|2953, 14632|3196, 14784|3231, 14784|4059, com.booking, 
13784|1, 13784|124, 13808|155, 13808|1125, 13960|1167, 13960|2124, 14376|2309, 14376|3134, 14432|3249, 14432|3461, 14440|3501, 14440|4007, com.ted.android, 
13704|1, 13704|195, 13728|219, 13728|1137, 13736|1189, 13952|1240, 13952|2177, 14096|2211, 14120|2245, 14120|2272, 14264|2297, 14264|3032, 14256|3062, 14256|3189, 14248|3210, 14248|4017, com.github.shadowsocks, 
13696|1, 13696|327, 13720|353, 13744|389, 13744|1321, 13784|1367, 13744|1409, 13744|3307, 13856|3367, 13856|4007, com.tripadvisor.tripadvisor, 
13696|1, 13696|450, 13688|485, 13712|518, 13712|1443, 14008|1498, 14040|1529, 14040|2224, 14240|2307, 14240|2410, 14376|2506, 14536|2627, 14536|3465, 14656|3505, 14712|3532, 14712|4018, com.booking, 
13768|1, 13768|592, 13808|648, 13808|1410, 14008|1514, 14008|1610, 14232|1722, 14232|2562, 14280|2644, 14280|3596, 14264|3623, 14208|3656, 14208|4022, com.sometimeswefly.littlealchemy, 
13704|1, 13704|494, 13752|525, 13752|1133, 13952|1177, 13952|1459, 14008|1508, 14120|1549, 14120|2059, 14320|2106, 14320|2460, 14648|2574, 14648|3465, 14760|3508, 14776|3579, 14776|4071, com.booking, 
13784|1, 13784|558, 13800|632, 13800|738, 13816|797, 13816|1350, 14024|1717, 14024|1942, 14224|2035, 14224|2452, 14424|2576, 14568|2674, 14568|3597, 14592|3637, 14592|3664, 14680|3700, 14680|4023, com.booking, 
13688|1, 13688|675, 13672|708, 13712|741, 13712|1466, 13912|1505, 13912|1641, 14320|1755, 14320|2644, 14376|2704, 14408|2746, 14408|3699, 14424|3895, 14424|4032, com.ted.android, 
13792|1, 13792|731, 13872|979, 13872|1700, 13920|1792, 14320|1908, 14320|2668, 14368|2852, 14464|3028, 14464|3766, 14400|3806, 14352|3836, 14352|4015, com.ted.android, 
13720|1, 13720|765, 13776|805, 13776|1584, 13976|1647, 13976|1759, 14336|1858, 14336|2747, 14400|2810, 14400|3823, 14416|3849, 14416|4001, com.ted.android, 
13832|1, 13832|855, 13840|885, 13888|935, 13888|1732, 14088|1823, 14224|1922, 14224|2766, 14688|3063, 14688|3850, 14696|3888, 14680|3912, 14680|4036, com.booking, 
13736|1, 13736|873, 13768|914, 13784|956, 13784|1731, 13984|1817, 14016|1888, 14216|1923, 14216|2440, 14416|2585, 14416|2849, 14672|2924, 14672|3863, 14776|3906, 14792|4039, com.booking, 
13808|1, 13808|889, 13928|966, 13928|1558, 14128|1635, 14128|1848, 14328|1958, 14328|2864, 14456|3035, 14456|3886, 14416|3918, 14376|3946, 14344|4004, com.ted.android, 
13688|1, 13712|81, 13712|932, 13768|973, 13816|1012, 13840|1047, 13840|1639, 14040|1716, 14040|1964, 14320|2036, 14320|2991, 14368|3039, 14368|3955, 14376|3997, 14376|4034, com.ted.android, 
