342224|1, 342204|292, 342204|1190, 342004|1234, 342000|1283, 341992|1330, 341992|2271, 341984|2307, 341984|3248, 341956|3280, 341924|3322, 341924|4017, com.tripadvisor.tripadvisor, 
341880|1, 341880|645, 341872|673, 341872|1648, 341816|1683, 341816|2788, 341812|2829, 341812|4012, com.github.shadowsocks, 
341540|1, 341540|754, 341536|827, 341536|1518, 341684|1546, 341684|1591, 341980|1663, 342276|1727, 342240|1786, 343108|1841, 343108|2040, 343408|2103, 364324|2195, 366132|2280, 366132|2409, 366368|2492, 366072|2597, 366072|2670, 365572|2760, 365684|2899, 365684|3752, 365600|3861, 365600|4047, com.sometimeswefly.littlealchemy, 
355816|1, 355816|829, 355768|884, 355744|933, 355744|1831, 355728|1878, 355644|1912, 355644|2875, 355592|2951, 355592|3854, 355412|3896, 355412|4013, com.tripadvisor.tripadvisor, 
352524|1, 352524|644, 352512|791, 352504|921, 352504|2714, 352464|2829, 352464|3699, 352360|3814, 352360|4049, com.github.shadowsocks, 
352060|1, 345696|468, 345696|627, 342440|679, 342440|736, 342368|798, 342368|955, 342020|1073, 342020|1748, 341836|1811, 341532|1888, 341532|2777, 341452|2908, 341452|3793, 341428|3823, 341428|3856, 341400|3916, 341400|4023, com.tripadvisor.tripadvisor, 
341308|1, 341308|730, 341272|763, 341264|810, 341264|1726, 341328|1809, 341328|2550, 341476|2586, 341328|2625, 341328|2736, 341324|2784, 341324|4036, com.ted.android, 
340952|1, 340952|764, 340940|790, 340940|1719, 341228|1798, 341512|1876, 341512|1997, 342548|2147, 356488|2369, 375440|2543, 375924|2757, 379684|2992, 377464|3254, 368484|3304, 368484|3743, 368452|3785, 368352|3816, 368348|3852, 368348|4007, com.sometimeswefly.littlealchemy, 
348872|1, 348872|711, 348868|794, 348868|1671, 348864|1742, 349012|1849, 349308|1908, 349308|1975, 349456|2039, 350196|2121, 350196|2238, 350492|2306, 351380|2367, 351380|2445, 351528|2531, 351528|2678, 351392|2783, 364008|2877, 364008|3647, 363924|3724, 363908|3809, 363908|4047, com.sometimeswefly.littlealchemy, 
349576|1, 349576|690, 349572|721, 349572|1663, 349548|1699, 349540|1733, 349540|2619, 349532|2729, 349532|2771, 349528|2863, 349528|3660, 349524|3689, 349508|3743, 349508|4039, com.tripadvisor.tripadvisor, 
346600|1, 346600|722, 346588|756, 346548|816, 346548|1765, 346400|1837, 346400|2182, 346548|2215, 346400|2251, 346400|3724, 346392|3862, 346392|4101, com.ted.android, 
337704|1, 337704|940, 337700|1011, 337700|1120, 337552|1210, 337700|1334, 337700|1755, 337996|1799, 338144|1911, 339080|2083, 340116|2257, 339968|2373, 355628|2543, 367736|2776, 366704|2963, 366468|3170, 354964|3274, 354780|4003, com.sometimeswefly.littlealchemy, 
343624|1, 343576|154, 343576|1009, 343568|1102, 343568|2008, 343576|2056, 343576|3016, 343688|3246, 343556|4232, com.booking, 
342220|1, 342220|1120, 342188|1183, 342188|2122, 342160|2177, 342160|3026, 342084|3267, 342084|4006, com.tripadvisor.tripadvisor, 
339112|1, 339112|1386, 339096|1425, 339096|1455, 339056|1487, 339056|4007, com.tripadvisor.tripadvisor, 
339052|1, 339052|426, 339040|450, 339040|1158, 339188|1211, 339188|1357, 339040|1443, 339040|2341, 339164|2446, 339164|3385, 339188|3430, 339112|3472, 339112|4172, com.booking, 
338944|1, 338944|1588, 338916|1693, 338916|2642, 338880|2791, 338880|4001, com.github.shadowsocks, 
338876|1, 338876|764, 338864|795, 338864|1321, 339012|1377, 339012|1664, 339160|1709, 339308|1733, 339364|1764, 339588|1823, 339588|1879, 340624|1908, 340476|1954, 340328|1985, 340328|2202, 341512|2235, 341512|2739, 341120|2769, 341024|2820, 341024|3739, 341032|3773, 341032|4011, com.sometimeswefly.littlealchemy, 
338844|1, 338844|837, 338832|878, 338832|1833, 338836|1887, 338836|4001, com.github.shadowsocks, 
338760|1, 338760|1040, 338764|1079, 338764|4001, com.tripadvisor.tripadvisor, 
338796|1, 338796|200, 338736|224, 338736|1173, 338764|1273, 338764|1592, 339060|1629, 339060|1658, 339356|1684, 339356|1814, 339800|1840, 340244|1873, 340244|2071, 341280|2118, 341280|2165, 341372|2194, 341480|2238, 341480|2575, 341036|2618, 341036|3153, 341004|3194, 340952|3218, 340952|4017, com.sometimeswefly.littlealchemy, 
338636|1, 338636|1280, 338628|1317, 338628|2277, 338720|2314, 338736|2357, 338736|2682, 338840|2999, 338840|3308, 338732|3351, 338732|4040, com.ted.android, 
338440|1, 338440|557, 338416|611, 338416|1357, 338400|1466, 338400|2121, 338548|2310, 338440|2521, 338440|3368, 338436|3404, 338436|4006, com.ted.android, 
338228|1, 338228|1587, 338352|1617, 338352|1704, 338500|1745, 338500|1770, 338796|1799, 338796|1903, 338944|1935, 339980|1966, 339832|2005, 339832|2197, 340572|2228, 340868|2258, 340868|2306, 340720|2340, 340720|2582, 340888|2652, 340888|2692, 340444|2723, 340444|3451, 340452|3475, 340452|3576, 340392|3598, 340388|3621, 340388|3644, 340392|3675, 340392|4011, com.sometimeswefly.littlealchemy, 
338216|1, 338216|751, 338192|780, 338184|811, 338184|1729, 338192|1766, 338152|1798, 338152|4032, com.github.shadowsocks, 
338092|1, 338092|919, 338056|964, 338056|1935, 338064|1955, 338060|1988, 338060|2947, 338008|2967, 338008|4020, com.github.shadowsocks, 
338000|1, 338000|1308, 338148|1351, 338148|1613, 338296|1653, 338296|1692, 338444|1718, 338444|1739, 338592|1774, 338740|1826, 339776|1868, 339776|1899, 339628|1925, 339628|1960, 339496|1995, 339564|2030, 339564|2153, 340452|2189, 340452|2303, 340600|2347, 340600|2398, 340748|2430, 340748|2980, 340688|3028, 340688|3125, 340244|3170, 340188|4023, com.sometimeswefly.littlealchemy, 
338000|1, 338000|1124, 337996|1173, 337996|2094, 338000|2124, 337964|2162, 337964|3136, 338024|3169, 337964|3202, 337964|4002, com.github.shadowsocks, 
337904|1, 337904|269, 337900|302, 337900|1240, 337844|1289, 337844|2245, 337972|2334, 337972|3239, 338000|3283, 338000|4017, com.booking, 
337836|1, 337836|1376, 337636|1441, 337556|1506, 337556|2483, 337508|2641, 337508|4022, com.tripadvisor.tripadvisor, 
337496|1, 337496|675, 337480|708, 337480|1627, 337476|1672, 337452|1745, 337452|2000, 337304|2034, 337304|2658, 337308|2690, 337308|4014, com.github.shadowsocks, 
337304|1, 337304|1648, 337248|1715, 337280|1774, 337280|2604, 337284|2708, 337416|2858, 337416|2972, 337268|3103, 337268|3689, 337176|3756, 337176|4004, com.booking, 
336972|1, 336972|853, 336968|932, 336968|1693, 337264|1758, 337560|1827, 337704|1897, 338296|1953, 338592|2013, 338592|2216, 339628|2265, 339628|2383, 368332|2632, 368716|2863, 370868|3059, 370868|3231, 369436|3377, 368252|3426, 361888|3465, 360852|3493, 360852|3520, 360704|3551, 360704|3827, 360700|3864, 360700|4023, com.sometimeswefly.littlealchemy, 
347796|1, 347796|860, 347800|913, 347776|954, 347776|1315, 347756|1345, 347756|1926, 347760|1963, 347760|3883, 347752|3923, 347752|4015, com.tripadvisor.tripadvisor, 
344972|1, 344972|1057, 344940|1078, 344940|2069, 344944|2118, 344944|3044, 344940|3072, 344944|3099, 344944|4005, com.github.shadowsocks, 
344908|1, 344908|1999, 344948|2065, 344948|3211, 344952|3250, 344952|4073, com.booking, 
344608|1, 344608|117, 344604|138, 344604|1083, 344404|1131, 344348|1176, 344348|1583, 344496|1664, 344496|2139, 344484|2269, 344484|3121, 344480|3253, 344480|4002, com.ted.android, 
344316|1, 344316|212, 344308|235, 344308|2193, 344316|2227, 344312|2261, 344312|4013, com.github.shadowsocks, 
344308|1, 344308|376, 344304|412, 344304|1337, 344296|1387, 344300|1426, 344300|4009, com.tripadvisor.tripadvisor, 
344260|1, 344260|267, 344236|303, 344236|1331, 344384|1392, 344384|1455, 344300|1509, 344236|1541, 344236|2363, 344384|2421, 344372|2498, 344356|2629, 344356|3476, 344392|3514, 344380|3544, 344380|4028, com.booking, 
344204|1, 344204|597, 344160|659, 344160|1410, 344308|1517, 344308|1622, 344304|1726, 344304|1822, 344452|1925, 344748|1989, 344748|2063, 345636|2441, 346672|2527, 346672|2574, 346800|2650, 346800|2882, 372236|2998, 373256|3092, 373512|3174, 373512|3436, 371832|3488, 364284|3535, 363544|3575, 363248|3607, 362844|3633, 362856|3667, 362856|4031, com.sometimeswefly.littlealchemy, 
348064|1, 348064|505, 348056|535, 348056|1468, 348180|1510, 348056|1554, 348056|2116, 348204|2200, 348204|2468, 348080|2582, 348080|3472, 348128|3517, 348104|3578, 348104|4080, com.booking, 
347712|1, 347712|790, 347708|850, 347708|2616, 347844|2714, 347844|3646, 347868|3690, 347868|3718, 347864|3751, 347864|4001, com.booking, 
347696|1, 347696|1554, 347844|1592, 347844|1637, 347800|1738, 347800|2437, 347948|2476, 347800|2519, 347800|2658, 347900|2704, 347800|2757, 347800|3690, 347812|3911, 347812|4031, com.ted.android, 
347668|1, 347668|785, 347608|1034, 347608|1655, 347756|1762, 347752|1851, 347724|1939, 347724|2719, 347720|2885, 347704|3066, 347704|3899, 347632|3923, 347632|4004, com.ted.android, 
347484|1, 347484|1758, 347616|1864, 347616|2394, 347764|2428, 347616|2460, 347616|2752, 347576|2822, 347576|4012, com.ted.android, 
347416|1, 347416|2234, 347564|2541, 347564|2785, 347576|3049, 347576|4027, com.booking, 
347408|1, 347408|1833, 347532|1907, 347408|1943, 347408|2865, 347532|2942, 347532|3881, 347528|3920, 347536|4058, com.booking, 
347376|1, 347376|904, 347360|979, 347360|1579, 347508|1655, 347508|1867, 347492|1969, 347492|2335, 347640|2403, 347492|2499, 347492|4005, com.ted.android, 
347348|1, 347344|122, 347344|1014, 347336|1044, 347336|2004, 347472|2072, 347472|2274, 347620|2305, 347472|2339, 347472|3031, 347468|3073, 347468|4036, com.ted.android, 
