16|1, 16|528, 18|585, 18|655, 16|705, 16|2174, 17|2209, 17|2717, 18|2751, 18|2966, 19|3025, 19|4030, com.tripadvisor.tripadvisor, 
17|1, 17|511, 16|551, 16|1958, 17|2004, 18|2033, 18|2068, 17|2120, 17|2217, 16|2260, 16|4039, com.github.shadowsocks, 
14|1, 14|1417, 15|1483, 15|1672, 16|1727, 17|1801, 17|1964, 19|2036, 19|2441, 20|2559, 18|2678, 18|3447, 19|3528, 19|3687, 18|3748, 18|4052, com.sometimeswefly.littlealchemy, 
13|1, 13|1306, 12|1342, 12|2548, 13|2604, 13|3507, 14|3557, 14|4016, com.tripadvisor.tripadvisor, 
12|1, 12|2949, 13|3073, 13|3182, 14|3263, 14|3891, 15|3983, 15|4067, com.github.shadowsocks, 
13|1, 13|667, 12|768, 12|2060, 13|2130, 13|2938, 14|3008, 14|3310, 13|3352, 13|3583, 14|3618, 14|4017, com.tripadvisor.tripadvisor, 
11|1, 11|977, 12|1036, 12|1513, 13|1570, 13|1699, 15|1783, 16|1857, 16|2128, 13|2219, 15|2269, 14|2348, 15|2393, 15|3419, 14|3459, 15|3668, 15|4015, com.ted.android, 
12|1, 12|1673, 13|1742, 13|1820, 15|2010, 16|2219, 17|2401, 17|2619, 16|2895, 16|4038, com.sometimeswefly.littlealchemy, 
12|1, 12|1700, 13|1757, 13|1911, 14|2012, 15|2092, 15|2222, 17|2296, 17|2651, 18|2733, 18|2903, 16|2998, 16|4041, com.sometimeswefly.littlealchemy, 
12|1, 12|2522, 13|2624, 13|3550, 14|3585, 14|4026, com.tripadvisor.tripadvisor, 
13|1, 13|113, 12|133, 12|872, 13|899, 13|1368, 14|1407, 14|1483, 16|1572, 17|1610, 17|1926, 14|1984, 14|2031, 17|2072, 15|2118, 15|3163, 16|3193, 15|4145, com.ted.android, 
12|1, 12|1703, 13|1883, 15|2056, 15|2196, 17|2329, 17|2744, 16|2949, 16|4004, com.sometimeswefly.littlealchemy, 
13|1, 13|853, 12|888, 13|951, 14|1037, 14|1424, 16|1489, 16|1628, 18|1715, 18|2094, 17|2183, 16|2278, 16|2346, 18|2414, 19|2539, 19|2635, 22|2754, 24|2880, 24|3318, 23|3361, 23|3439, 21|3495, 21|3527, 20|3552, 20|3778, 19|3820, 24|4167, com.booking, 
11|1, 11|1090, 12|1301, 12|1355, 13|1436, 13|2403, 14|2584, 14|4009, com.tripadvisor.tripadvisor, 
13|1, 13|1824, 12|1842, 12|2556, 13|2636, 13|3586, 14|3625, 14|3916, 15|3956, 15|4020, com.tripadvisor.tripadvisor, 
12|1, 12|959, 13|992, 13|1175, 15|1215, 16|1274, 16|1354, 18|1428, 18|1472, 19|1540, 19|1788, 18|1856, 19|1923, 19|2060, 20|2164, 18|2249, 21|2340, 24|2421, 27|2600, 28|2679, 29|2744, 36|3065, 34|3130, 35|3181, 36|3226, 36|3354, 35|3398, 35|3434, 30|3502, 27|3532, 28|3578, 27|3619, 26|3656, 26|3693, 25|3718, 25|3751, 21|3798, 22|4101, com.booking, 
12|1, 12|3148, 11|3207, 12|3244, 12|3556, 13|3594, 13|3635, 12|3677, 11|3713, 11|4023, com.github.shadowsocks, 
9|1, 9|1659, 10|1710, 10|1920, 11|1958, 11|1980, 12|2004, 12|2230, 13|2257, 14|2285, 14|2665, 15|2711, 15|2879, 13|2907, 13|4004, com.sometimeswefly.littlealchemy, 
9|1, 9|4010, com.github.shadowsocks, 
9|1, 9|2526, 10|2615, 10|3789, 12|3872, 12|4011, com.tripadvisor.tripadvisor, 
9|1, 9|1642, 10|1688, 10|1865, 11|1894, 11|1933, 12|1957, 12|2156, 14|2200, 14|2530, 15|2584, 15|2750, 13|2815, 13|4023, com.sometimeswefly.littlealchemy, 
9|1, 9|994, 10|1040, 10|1519, 11|1572, 11|1626, 13|1686, 14|1731, 14|1991, 11|2053, 11|2215, 12|2264, 12|2588, 11|2901, 11|3641, 13|3841, 13|4015, com.ted.android, 
9|1, 9|895, 10|989, 10|1433, 11|1557, 14|1769, 14|1974, 11|2115, 15|2355, 15|4027, com.ted.android, 
10|1, 10|1714, 11|1754, 11|1988, 12|2018, 12|2043, 13|2071, 13|2289, 15|2327, 15|2482, 14|2547, 14|2931, 13|2978, 13|4024, com.sometimeswefly.littlealchemy, 
9|1, 9|4028, com.github.shadowsocks, 
9|1, 9|2277, 10|2323, 10|2545, 9|2568, 9|4009, com.github.shadowsocks, 
9|1, 9|1701, 10|1746, 10|1921, 11|1961, 11|2010, 12|2037, 12|2232, 14|2270, 14|2629, 15|2691, 15|2855, 13|2898, 13|4018, com.sometimeswefly.littlealchemy, 
9|1, 9|998, 10|1054, 10|1268, 9|1299, 9|4010, com.github.shadowsocks, 
10|1, 10|962, 11|1044, 12|1089, 12|1220, 10|1288, 10|1322, 13|1396, 13|1527, 16|1589, 16|1789, 17|1846, 17|1974, 15|2105, 15|2340, 14|2417, 15|2499, 16|2582, 16|2686, 15|2786, 17|3017, 17|3160, 18|3220, 20|3283, 21|3357, 21|3422, 23|3453, 23|3774, 21|3815, 22|3846, 20|4187, com.booking, 
9|1, 9|2473, 10|2639, 10|2853, 8|3146, 9|3331, 9|4032, com.tripadvisor.tripadvisor, 
7|1, 7|4017, com.github.shadowsocks, 
7|1, 7|234, 8|295, 8|555, 7|575, 7|1151, 8|1192, 8|1330, 10|1379, 11|1436, 11|1565, 13|1634, 15|1705, 15|1906, 16|1956, 16|2285, 17|2374, 17|2592, 18|2719, 19|2846, 20|2968, 23|3300, 23|3334, 26|3376, 26|3512, 27|3545, 27|3575, 26|3608, 26|3841, 25|3896, 23|3941, 22|3979, 22|4009, com.booking, 
7|1, 7|1666, 8|1721, 8|1904, 9|1970, 10|2044, 10|2213, 12|2359, 13|2598, 13|2810, 12|2996, 12|4011, com.sometimeswefly.littlealchemy, 
7|1, 7|2517, 8|2560, 8|3017, 9|3079, 9|3301, 8|3327, 9|3363, 9|4005, com.tripadvisor.tripadvisor, 
7|1, 7|163, 8|237, 8|499, 7|532, 7|4013, com.github.shadowsocks, 
7|1, 7|1030, 8|1085, 8|1298, 11|1343, 11|1507, 15|1564, 15|1900, 16|1978, 16|2180, 18|2367, 22|2486, 21|2588, 21|2638, 23|2741, 23|2779, 25|2869, 26|2950, 28|3179, 28|3394, 30|3440, 30|3481, 31|3534, 31|3639, 27|3695, 27|3740, 26|3787, 25|4045, com.booking, 
7|1, 7|972, 8|1038, 8|1482, 9|1541, 9|1637, 10|1706, 11|1799, 11|1982, 8|2110, 8|2302, 11|2477, 11|3135, 12|3215, 13|4015, com.ted.android, 
7|1, 7|1386, 8|1498, 8|1663, 7|1706, 7|4006, com.github.shadowsocks, 
7|1, 7|2794, 8|2860, 8|2926, 9|2962, 9|3299, 8|3348, 7|4017, com.tripadvisor.tripadvisor, 
7|1, 7|714, 8|755, 8|961, 7|982, 7|1194, 8|1239, 8|1596, 11|1653, 11|1698, 12|1755, 12|1803, 14|1865, 14|1916, 15|1965, 15|2137, 16|2233, 16|2329, 17|2419, 17|2533, 21|2659, 20|2768, 20|2845, 21|2898, 22|2983, 26|3216, 25|3286, 24|3323, 24|3508, 25|3544, 25|3760, 24|3790, 24|3815, 25|3855, 23|3905, 22|4004, com.booking, 
7|1, 7|231, 9|475, 9|550, 8|607, 8|1876, 9|1947, 9|2021, 11|2398, 12|2472, 12|2853, 13|2966, 13|3052, 12|3121, 12|3606, 13|3652, 14|3696, 14|4003, com.sometimeswefly.littlealchemy, 
9|1, 8|75, 8|1073, 9|1120, 9|1282, 12|1353, 12|1501, 14|1542, 15|1605, 16|1662, 16|1810, 17|1884, 17|1929, 18|1973, 18|2048, 17|2109, 18|2213, 18|2401, 17|2453, 19|2567, 19|2676, 20|2737, 24|3023, 26|3099, 26|3362, 27|3412, 24|3455, 24|3501, 22|3567, 23|3601, 23|3652, 22|3700, 20|4064, com.booking, 
8|1, 8|1153, 9|1222, 10|1609, 12|1701, 12|1803, 16|1927, 16|2287, 15|2465, 17|2563, 15|2681, 17|2797, 17|2980, 18|3218, 23|3384, 24|3418, 25|3458, 28|3528, 28|3725, 30|3784, 29|3855, 28|4009, com.booking, 
7|1, 7|1054, 8|1103, 8|1512, 9|1556, 9|1617, 12|1737, 10|1895, 10|2033, 9|2116, 12|2217, 12|3186, 13|3241, 14|4026, com.ted.android, 
7|1, 7|1018, 9|1325, 9|1546, 10|1659, 12|1735, 12|2057, 9|2127, 10|2216, 10|2262, 11|2472, 11|4002, com.ted.android, 
7|1, 7|1067, 8|1126, 8|1629, 9|1693, 10|1769, 12|1847, 12|2133, 9|2235, 9|2687, 12|2734, 10|2794, 10|3117, 11|3172, 11|3379, 10|3410, 10|4019, com.ted.android, 
6|1, 6|185, 7|275, 7|470, 6|703, 6|1186, 7|1235, 7|1336, 10|1513, 10|1700, 13|1804, 13|1885, 14|1989, 15|2336, 16|2565, 21|2820, 26|3130, 28|3264, 31|3315, 31|3524, 30|3582, 28|3613, 28|3905, 25|3947, 26|3986, 26|4033, com.booking, 
6|1, 6|1230, 7|1280, 7|1458, 10|1522, 10|1649, 12|1711, 13|1806, 13|1957, 14|2001, 14|2301, 15|2461, 16|2573, 14|2657, 15|2757, 18|2841, 19|2910, 17|2964, 17|3093, 19|3155, 20|3237, 20|3317, 24|3540, 24|3578, 25|3608, 24|3658, 24|4007, com.booking, 
6|1, 6|568, 7|608, 7|779, 6|867, 6|952, 7|1021, 7|1639, 9|1763, 10|1843, 10|2060, 7|2172, 7|2374, 9|2462, 9|4013, com.ted.android, 
5|1, 5|1018, 6|1058, 6|1356, 7|1456, 7|1521, 8|1565, 8|1621, 9|1699, 10|1752, 10|1812, 8|1863, 8|2035, 7|2103, 7|2631, 9|2779, 9|4009, com.ted.android, 
