179985758|1, 179985758|643, 179986245|669, 179986245|2732, 179986357|2765, 179986357|2977, 179990299|3037, 179990299|3775, 179990609|3823, 179990609|4008, com.tripadvisor.tripadvisor, 
179992217|1, 179992217|1921, 179992339|1966, 179992692|2015, 179996102|2042, 179996206|2080, 179997021|2130, 179997021|4051, com.github.shadowsocks, 
179997073|1, 179997073|3553, 179997614|3657, 179997614|4017, com.sometimeswefly.littlealchemy, 
179997614|1, 179997614|2883, 179997674|2958, 179997674|3520, 180001616|3569, 180001616|3765, 180002718|3808, 180003080|3839, 180003080|4028, com.tripadvisor.tripadvisor, 
180004211|1, 180004211|3087, 180004752|3186, 180004752|3336, 180004804|3435, 180004804|4066, com.github.shadowsocks, 
180006131|1, 180006131|2726, 180006191|2818, 180006191|2951, 180010081|3022, 180010081|3598, 180010391|3632, 180010391|4027, com.tripadvisor.tripadvisor, 
180011522|1, 180011522|1787, 180011667|1865, 180011667|2063, 180011727|2138, 180011727|2357, 180014916|2405, 180014916|2774, 180015347|3045, 180015347|3370, 180016057|3399, 180016057|4001, com.ted.android, 
180017787|1, 180017787|4022, com.sometimeswefly.littlealchemy, 
180017787|1, 180017787|4056, com.sometimeswefly.littlealchemy, 
180017787|1, 180017787|2869, 180017847|2936, 180017847|3591, 180021789|3647, 180021789|3786, 180021853|3838, 180022215|3908, 180022215|4004, com.tripadvisor.tripadvisor, 
180023939|1, 180023939|881, 180024251|907, 180024251|1795, 180024311|1866, 180024311|2644, 180024596|2806, 180024596|3202, 180026086|3253, 180026086|3318, 180027512|3357, 180027874|4133, com.ted.android, 
180028778|1, 180028778|4009, com.sometimeswefly.littlealchemy, 
180029319|1, 180029319|1430, 180029877|1491, 180029997|1581, 180029997|1633, 180035591|1720, 180035591|1799, 180036195|1868, 180036195|1947, 180036247|2000, 180036351|2095, 180036351|2175, 180037027|2271, 180037027|2353, 180039784|2420, 180042642|2546, 180044068|2607, 180044128|2643, 180051048|2760, 180051930|2886, 180059326|3134, 180059633|3181, 180060467|3222, 180060744|3280, 180061068|3323, 180067211|3368, 180067263|3404, 180067263|3445, 180067706|3501, 180067706|3659, 180068124|3709, 180068981|3746, 180068981|3786, 180069212|3827, 180069212|3865, 180069332|3904, 180075960|4173, com.booking, 
180078996|1, 180078996|3041, 180079056|3168, 180079056|4017, com.tripadvisor.tripadvisor, 
180086415|1, 180086415|482, 180086483|518, 180086483|3542, 180086713|3589, 180086713|3629, 180086765|3704, 180086765|3729, 180086887|3760, 180086887|3920, 180086933|3960, 180087163|4003, com.tripadvisor.tripadvisor, 
180087643|1, 180087643|1279, 180087763|1358, 180093359|1425, 180093359|1592, 180093661|1637, 180093661|1857, 180094015|1924, 180094015|1967, 180094131|2001, 180094183|2064, 180094243|2163, 180094243|2254, 180100228|2332, 180106581|2423, 180112227|2596, 180115799|2681, 180118782|2745, 180123357|3065, 180127685|3135, 180128010|3185, 180130244|3230, 180131114|3264, 180132004|3295, 180133546|3359, 180133546|3402, 180133592|3438, 180135094|3506, 180135927|3537, 180135991|3583, 180136043|3623, 180136453|3661, 180136755|3698, 180136987|3723, 180140236|4105, com.booking, 
180146654|1, 180146654|3009, 180147020|3170, 180147020|3228, 180147066|3268, 180147066|3306, 180147607|3342, 180147607|3455, 180147659|3514, 180147659|3579, 180147935|3617, 180147935|3701, 180147981|3737, 180147981|4013, com.github.shadowsocks, 
180147981|1, 180147981|4008, com.sometimeswefly.littlealchemy, 
180148568|1, 180148568|4012, com.github.shadowsocks, 
180148568|1, 180148568|3117, 180148628|3140, 180148628|3793, 180152570|3876, 180153157|3910, 180153157|4015, com.tripadvisor.tripadvisor, 
180154194|1, 180154194|4007, com.sometimeswefly.littlealchemy, 
180154194|1, 180154194|1934, 180154254|1989, 180154254|2221, 180154306|2265, 180154306|3647, 180156017|3846, 180156017|4020, com.ted.android, 
180158462|1, 180158462|1441, 180158583|1554, 180158692|1783, 180158752|1977, 180158752|2128, 180161941|2351, 180161941|2985, 180162493|3179, 180162493|3248, 180163171|3287, 180163171|4005, com.ted.android, 
180164286|1, 180164286|2484, 180164338|2533, 180164338|4026, com.sometimeswefly.littlealchemy, 
180164338|1, 180164338|4003, com.github.shadowsocks, 
180164338|1, 180164338|2327, 180164879|2364, 180164879|4015, com.github.shadowsocks, 
180164879|1, 180164879|1705, 180164977|1750, 180164977|4022, com.sometimeswefly.littlealchemy, 
180164977|1, 180164977|1096, 180165518|1145, 180165518|4012, com.github.shadowsocks, 
180165709|1, 180165709|1392, 180165769|1454, 180165889|1531, 180171484|1591, 180171484|1680, 180171544|1734, 180172148|1790, 180175130|1848, 180175130|1901, 180176553|1946, 180176553|1978, 180177224|2105, 180177224|2187, 180177276|2233, 180178000|2343, 180179478|2412, 180185606|2501, 180187078|2584, 180187380|2690, 180187432|2789, 180188657|2896, 180192711|3164, 180194137|3224, 180195563|3281, 180198471|3359, 180198471|3425, 180201881|3457, 180202261|3506, 180202307|3550, 180203917|3596, 180204267|3644, 180204267|3722, 180204313|3777, 180204313|3819, 180204586|3850, 180204714|3878, 180206219|4190, com.booking, 
180211617|1, 180211617|2852, 180211769|3120, 180215659|3340, 180215659|4040, com.tripadvisor.tripadvisor, 
180216629|1, 180216629|4022, com.github.shadowsocks, 
180216697|1, 180216697|297, 180217238|369, 180217779|395, 180217779|1438, 180217839|1484, 180217959|1519, 180217959|1566, 180223552|1636, 180226349|1707, 180226349|1783, 180226711|1827, 180227013|1876, 180227013|1958, 180230099|2010, 180230151|2066, 180230760|2126, 180230760|2372, 180231072|2464, 180231184|2593, 180232610|2719, 180240383|2838, 180241754|2961, 180244144|3300, 180244144|3337, 180247403|3379, 180250498|3423, 180250498|3469, 180250857|3513, 180254146|3548, 180254419|3577, 180254471|3611, 180254523|3670, 180254575|3727, 180254575|3784, 180254914|3815, 180254914|3843, 180255935|3898, 180255935|3942, 180256166|3981, 180256473|4012, com.booking, 
180259132|1, 180259132|2348, 180259673|2602, 180259673|4004, com.sometimeswefly.littlealchemy, 
180260214|1, 180260214|3014, 180260274|3081, 180260274|3125, 180260320|3163, 180260861|3201, 180260861|3280, 180264803|3303, 180264803|3609, 180265113|3635, 180265113|4008, com.tripadvisor.tripadvisor, 
180266097|1, 180266097|233, 180266684|298, 180267225|335, 180267225|4015, com.github.shadowsocks, 
180268307|1, 180268307|1389, 180268427|1434, 180268487|1479, 180268487|1510, 180276879|1566, 180276879|1751, 180277785|1793, 180277785|1831, 180277837|1902, 180278359|1973, 180278411|2051, 180279205|2181, 180284985|2362, 180293531|2488, 180293531|2589, 180297654|2640, 180299442|2734, 180301447|2781, 180302457|2864, 180307046|2952, 180313058|3181, 180313058|3214, 180314151|3241, 180314151|3287, 180314424|3326, 180316387|3369, 180316387|3396, 180318112|3442, 180318523|3483, 180318575|3536, 180320099|3575, 180320202|3608, 180321283|3642, 180321886|3697, 180321886|3743, 180322117|3789, 180322297|3830, 180322297|4047, com.booking, 
180334005|1, 180334005|1477, 180334126|1547, 180334219|4021, com.ted.android, 
180339404|1, 180339404|1487, 180339945|1547, 180339945|4011, com.github.shadowsocks, 
180340486|1, 180340486|826, 180340603|876, 180340603|2729, 180340804|2801, 180340963|2866, 180341023|2933, 180344965|2970, 180344965|3040, 180345275|3094, 180345275|3166, 180345327|3198, 180345327|3306, 180345803|3355, 180345803|3436, 180345855|3471, 180345855|3624, 180346259|3653, 180346259|3733, 180346800|3776, 180346800|3804, 180347341|3825, 180347341|4023, com.tripadvisor.tripadvisor, 
180347476|1, 180347476|783, 180348017|809, 180348017|1599, 180348239|1653, 180348239|1702, 180348359|1758, 180348359|1807, 180354013|1867, 180354013|1951, 180356996|2009, 180356996|2071, 180357605|2137, 180357657|2232, 180357657|2332, 180358176|2417, 180358478|2527, 180364763|2657, 180365237|2767, 180365237|2849, 180369360|2900, 180369360|2985, 180371101|3219, 180374264|3287, 180374264|3512, 180374593|3548, 180374951|3620, 180381259|3763, 180381371|3794, 180381371|3819, 180384525|3858, 180385951|3905, 180386003|3953, 180388340|4007, com.booking, 
180416038|1, 180416038|246, 180416701|480, 180416701|1885, 180416811|1956, 180416811|2868, 180417398|2969, 180417398|3293, 180417678|3389, 180417797|3446, 180417797|3620, 180417892|3662, 180417892|4017, com.sometimeswefly.littlealchemy, 
180418433|1, 180418433|1405, 180418553|1453, 180418613|1504, 180424207|1545, 180427005|1600, 180427005|1705, 180427307|1737, 180427971|1766, 180427971|1813, 180428023|1882, 180431110|1932, 180431110|1975, 180431417|2015, 180431417|2047, 180431891|2112, 180431951|2214, 180432410|2317, 180434096|2403, 180434096|2456, 180443086|2568, 180443086|2739, 180443481|3024, 180450141|3101, 180451799|3194, 180452450|3263, 180452921|3296, 180452921|3323, 180452973|3361, 180455956|3409, 180456008|3454, 180456871|3504, 180458144|3570, 180458942|3604, 180459281|3654, 180459333|3702, 180459333|3739, 180459397|3770, 180460052|4063, com.booking, 
180473629|1, 180473629|1698, 180473809|1807, 180479402|1930, 180480003|2009, 180481374|2073, 180484960|2168, 180485371|2289, 180487605|2458, 180487605|2566, 180488116|2684, 180492239|2793, 180492765|2967, 180492871|3206, 180499833|3386, 180499833|3421, 180500349|3458, 180507750|3529, 180507854|3573, 180507906|3610, 180508851|3640, 180508911|3674, 180508911|3729, 180514712|3787, 180519097|3859, 180519143|3889, 180519787|3922, 180522074|3954, 180522126|4008, com.booking, 
180539751|1, 180539751|183, 180541374|210, 180541374|1871, 180541434|1980, 180541434|2109, 180544623|2215, 180544623|3189, 180545054|3245, 180545054|3477, 180545643|3504, 180545643|3674, 180545695|3878, 180545695|4028, com.ted.android, 
180546288|1, 180546288|1020, 180546829|1327, 180547370|1443, 180547370|1842, 180547430|1959, 180547430|2129, 180550619|2219, 180550619|2451, 180551050|2629, 180551050|3480, 180551230|3515, 180551230|4005, com.ted.android, 
180553576|1, 180553576|3174, 180554117|3214, 180554117|4021, com.ted.android, 
180555655|1, 180555655|278, 180556196|339, 180556196|1515, 180556256|1604, 180556316|1691, 180561910|1797, 180561970|1888, 180565426|1992, 180565900|2276, 180566202|2560, 180578393|2822, 180580899|3079, 180587950|3263, 180594276|3317, 180595702|3359, 180595878|3395, 180595878|3422, 180596297|3471, 180598418|3526, 180598418|3584, 180598470|3616, 180598600|3645, 180598652|3672, 180598652|3711, 180599719|3749, 180600127|3804, 180600999|4035, com.booking, 
180621537|1, 180621537|1559, 180621657|1615, 180621657|1715, 180627252|1805, 180627252|1860, 180627312|1898, 180627614|1958, 180627614|2004, 180630649|2068, 180630649|2153, 180631008|2221, 180631362|2297, 180631955|2420, 180633377|2575, 180633489|2659, 180637719|2754, 180643168|2834, 180649224|2913, 180649224|2963, 180650650|3028, 180650650|3097, 180651098|3158, 180651970|3239, 180651970|3282, 180652076|3320, 180657413|3543, 180657720|3581, 180660703|3611, 180660703|3707, 180661010|3748, 180661010|3832, 180661369|3894, 180662795|4010, com.booking, 
180671610|1, 180671610|666, 180672151|715, 180672151|1959, 180672211|2063, 180672211|2378, 180675348|2465, 180675348|3404, 180675900|3451, 180675990|4017, com.ted.android, 
180677712|1, 180677712|1455, 180678253|1521, 180678253|3660, 180678313|3706, 180678313|4011, com.ted.android, 
