30197|1, 30197|2230, 30198|2264, 30198|4007, com.tripadvisor.tripadvisor, 
30198|1, 30198|1996, 30199|2045, 30199|4023, com.github.shadowsocks, 
30199|1, 30199|1507, 30200|1564, 30200|1753, 30201|1816, 30202|1881, 30202|2042, 30204|2119, 30204|4025, com.sometimeswefly.littlealchemy, 
30204|1, 30204|2587, 30205|2647, 30205|4020, com.tripadvisor.tripadvisor, 
30205|1, 30205|3217, 30206|3299, 30207|3364, 30207|4007, com.github.shadowsocks, 
30209|1, 30210|320, 30210|2558, 30211|2644, 30212|2783, 30212|4022, com.tripadvisor.tripadvisor, 
30213|1, 30213|998, 30214|1063, 30214|1550, 30215|1606, 30215|1811, 30216|1887, 30216|4001, com.ted.android, 
30216|1, 30216|1752, 30217|1820, 30217|1865, 30218|2061, 30219|2269, 30221|2457, 30221|4028, com.sometimeswefly.littlealchemy, 
30221|1, 30221|1759, 30222|1804, 30222|1957, 30223|2056, 30224|2149, 30224|2274, 30226|2358, 30226|4031, com.sometimeswefly.littlealchemy, 
30226|1, 30226|2538, 30227|2657, 30227|4019, com.tripadvisor.tripadvisor, 
30227|1, 30227|920, 30228|947, 30228|1388, 30229|1426, 30229|1497, 30230|1587, 30230|4127, com.ted.android, 
30230|1, 30230|1720, 30231|1865, 30233|2049, 30233|2205, 30235|2328, 30235|4019, com.sometimeswefly.littlealchemy, 
30236|1, 30236|909, 30237|959, 30238|1056, 30238|1237, 30239|1347, 30239|1449, 30242|1511, 30243|1592, 30243|2114, 30244|2195, 30244|2292, 30245|2370, 30245|2438, 30246|2561, 30246|2665, 30248|2780, 30251|2900, 30251|3156, 30253|3199, 30254|4194, com.booking, 
30254|1, 30254|1116, 30255|1331, 30255|1392, 30256|1445, 30256|2409, 30257|2607, 30257|4009, com.tripadvisor.tripadvisor, 
30262|1, 30262|2573, 30263|2649, 30263|3637, 30264|3712, 30264|4012, com.tripadvisor.tripadvisor, 
30265|1, 30265|971, 30266|1001, 30266|1188, 30268|1224, 30269|1287, 30269|1481, 30270|1545, 30270|1860, 30271|1926, 30271|2162, 30272|2253, 30273|2331, 30274|2427, 30275|2596, 30275|2749, 30282|3063, 30282|4149, com.booking, 
30283|1, 30283|3462, 30284|3521, 30284|4021, com.github.shadowsocks, 
30284|1, 30284|1676, 30285|1720, 30285|1939, 30286|1976, 30286|1999, 30287|2022, 30287|2246, 30288|2275, 30289|2302, 30289|4016, com.sometimeswefly.littlealchemy, 
30289|1, 30289|4021, com.github.shadowsocks, 
30289|1, 30289|2538, 30290|2624, 30290|4024, com.tripadvisor.tripadvisor, 
30290|1, 30290|1659, 30291|1702, 30291|1913, 30292|1951, 30293|1977, 30293|2169, 30294|2215, 30295|2253, 30295|4014, com.sometimeswefly.littlealchemy, 
30295|1, 30295|1019, 30296|1059, 30296|1537, 30297|1594, 30297|1650, 30298|1705, 30298|4007, com.ted.android, 
30298|1, 30298|1017, 30299|1109, 30299|1563, 30301|1769, 30301|4021, com.ted.android, 
30302|1, 30302|1763, 30303|1804, 30303|2000, 30304|2030, 30304|2057, 30305|2079, 30305|2301, 30307|2338, 30307|4033, com.sometimeswefly.littlealchemy, 
30307|1, 30307|4015, com.github.shadowsocks, 
30307|1, 30307|4025, com.github.shadowsocks, 
30307|1, 30307|1713, 30308|1762, 30308|1975, 30309|2006, 30309|2028, 30310|2052, 30310|2249, 30312|2284, 30312|4004, com.sometimeswefly.littlealchemy, 
30312|1, 30312|4016, com.github.shadowsocks, 
30315|1, 30315|1087, 30316|1145, 30316|1328, 30319|1393, 30319|1531, 30320|1590, 30320|2239, 30321|2345, 30322|2414, 30322|2569, 30323|2677, 30323|2795, 30324|2885, 30327|3169, 30327|3227, 30328|3281, 30328|4194, com.booking, 
30329|1, 30329|2463, 30330|2614, 30330|4003, com.tripadvisor.tripadvisor, 
30330|1, 30330|4028, com.github.shadowsocks, 
30330|1, 30330|1155, 30331|1198, 30331|1378, 30334|1443, 30334|1642, 30335|1710, 30335|2365, 30337|2463, 30337|2581, 30338|2700, 30338|2960, 30345|3305, 30345|4016, com.booking, 
30345|1, 30345|1695, 30346|1753, 30346|1939, 30347|2005, 30348|2085, 30348|2247, 30350|2360, 30350|4020, com.sometimeswefly.littlealchemy, 
30350|1, 30350|2527, 30351|2567, 30351|4015, com.tripadvisor.tripadvisor, 
30351|1, 30351|4001, com.github.shadowsocks, 
30351|1, 30351|1038, 30352|1097, 30352|1308, 30355|1354, 30355|1517, 30356|1575, 30356|1911, 30357|1982, 30357|2061, 30358|2177, 30360|2365, 30361|2491, 30361|2647, 30363|2730, 30363|2790, 30366|2860, 30366|2958, 30368|3188, 30368|4052, com.booking, 
30368|1, 30368|983, 30369|1049, 30369|1465, 30370|1557, 30370|3227, 30371|3269, 30371|4004, com.ted.android, 
30372|1, 30372|4003, com.github.shadowsocks, 
30372|1, 30372|2790, 30373|2872, 30373|4003, com.tripadvisor.tripadvisor, 
30373|1, 30373|1203, 30374|1240, 30374|1600, 30377|1659, 30377|1708, 30378|1765, 30378|2137, 30379|2236, 30379|2409, 30381|2497, 30381|2638, 30383|2762, 30383|2894, 30384|2991, 30389|3215, 30389|4011, com.booking, 
30390|1, 30390|277, 30392|499, 30392|1911, 30393|1981, 30393|2049, 30395|2431, 30396|2508, 30396|3317, 30397|3419, 30397|3647, 30398|3692, 30399|3738, 30399|4015, com.sometimeswefly.littlealchemy, 
30399|1, 30399|1083, 30400|1126, 30400|1293, 30402|1362, 30403|1413, 30403|1606, 30404|1670, 30404|1975, 30405|2018, 30405|2114, 30406|2218, 30407|2319, 30408|2396, 30408|2461, 30409|2570, 30409|2740, 30410|2816, 30413|3097, 30413|3191, 30414|3267, 30414|4069, com.booking, 
30415|1, 30415|1231, 30416|1344, 30419|1711, 30419|1814, 30420|1939, 30420|2461, 30421|2568, 30422|2686, 30422|2776, 30423|2957, 30427|3177, 30429|3391, 30430|3435, 30431|3469, 30431|4018, com.booking, 
30432|1, 30432|1066, 30433|1110, 30433|1520, 30434|1564, 30434|1629, 30435|1741, 30435|3199, 30436|3254, 30436|3683, 30437|3886, 30437|4035, com.ted.android, 
30438|1, 30438|1033, 30439|1349, 30439|1469, 30440|1565, 30441|1682, 30441|4011, com.ted.android, 
30442|1, 30442|1128, 30443|1192, 30443|1638, 30444|1689, 30444|1767, 30445|1851, 30445|4028, com.ted.android, 
30445|1, 30445|1239, 30446|1323, 30448|1508, 30449|1611, 30449|1695, 30450|1797, 30450|1983, 30451|2262, 30454|2532, 30456|2777, 30461|3060, 30465|3270, 30467|3320, 30467|4037, com.booking, 
30468|1, 30468|1238, 30469|1292, 30469|1472, 30472|1535, 30472|1712, 30473|1815, 30473|2422, 30474|2578, 30475|2665, 30475|2833, 30476|2911, 30476|3107, 30477|3168, 30478|3244, 30479|3292, 30479|3328, 30481|3552, 30481|4019, com.booking, 
30481|1, 30481|972, 30482|1042, 30482|1556, 30483|1644, 30484|1770, 30484|4032, com.ted.android, 
30484|1, 30484|1040, 30485|1078, 30485|1541, 30486|1587, 30486|1633, 30487|1711, 30487|4031, com.ted.android, 
