39007|1, 39007|675, 39008|922, 39014|1118, 39014|2017, 39016|2140, 39016|2485, 39018|2574, 39020|2691, 39020|4072, https://www.buaa.edu.cn, 
39020|1, 39020|658, 39022|839, 39024|997, 39024|1336, 39026|1410, 39026|1631, 39028|1717, 39028|1935, 39040|2103, 39040|2276, 39058|2399, 39064|2488, 39065|2542, 39066|2674, 39068|2778, 39068|3357, 39070|3439, 39070|4053, https://www.yahoo.com, 
39144|1, 39144|399, 39147|633, 39153|800, 39153|1210, 39155|1288, 39155|1359, 39157|1459, 39161|1568, 39164|1641, 39165|1716, 39165|2357, 39167|2431, 39169|2509, 39172|2601, 39173|2676, 39173|2746, 39180|2824, 39183|2883, 39183|2971, 39186|3037, 39189|3119, 39189|3747, 39190|3812, 39190|4011, https://www.mit.edu, 
39192|1, 39197|179, 39197|389, 39202|655, 39203|799, 39203|1218, 39205|1289, 39205|1798, 39207|1896, 39207|2025, 39209|2099, 39211|2176, 39211|4036, https://www.buaa.edu.cn, 
39214|1, 39216|165, 39216|616, 39221|836, 39222|964, 39222|1052, 39224|1144, 39224|1215, 39226|1279, 39226|1725, 39228|1804, 39236|1898, 39236|1949, 39237|2021, 39237|2475, 39245|2600, 39247|2747, 39251|2881, 39255|3016, 39257|3084, 39262|3200, 39264|3260, 39266|3333, 39266|4054, https://world.taobao.com, 
39270|1, 39272|102, 39272|199, 39274|295, 39276|390, 39276|789, 39280|993, 39280|1266, 39282|1330, 39282|1631, 39284|1753, 39286|1899, 39286|2064, 39287|2223, 39287|3186, 39289|3268, 39295|3388, 39295|4047, https://www.jianshu.com, 
39297|1, 39301|138, 39301|732, 39309|926, 39309|1038, 39311|1130, 39311|1581, 39313|1678, 39313|3524, 39317|3617, 39321|3681, 39323|3776, 39325|3835, 39327|4060, http://www.ox.ac.uk, 
39394|1, 39394|782, 39404|1066, 39404|2714, 39408|2840, 39408|4035, https://www.pku.edu.cn, 
39410|1, 39412|98, 39412|692, 39414|848, 39418|1014, 39418|1656, 39420|1748, 39420|1834, 39422|1907, 39422|1965, 39424|2061, 39428|2257, 39434|2430, 39437|2520, 39442|2592, 39444|2664, 39448|2731, 39448|2868, 39450|2945, 39450|4027, https://www.linkedin.com, 
39452|1, 39452|91, 39454|177, 39454|885, 39458|1069, 39460|1189, 39462|1314, 39462|1649, 39464|1783, 39464|2363, 39474|2449, 39474|2850, 39476|2933, 39478|3064, 39484|3193, 39486|3272, 39492|3374, 39492|4043, https://www.ctrip.com, 
39511|1, 39511|939, 39515|1144, 39515|1586, 39517|1696, 39541|1815, 39541|2130, 39545|2263, 39547|2377, 39547|2587, 39549|2662, 39549|3745, 39553|3820, 39553|4055, https://www.jd.com, 
39582|1, 39583|86, 39583|642, 39585|868, 39589|1028, 39589|1698, 39595|1772, 39601|1918, 39609|2020, 39609|2281, 39611|2358, 39611|2528, 39613|2602, 39613|3521, 39619|3591, 39623|3700, 39623|4062, https://www.baidu.com, 
39639|1, 39641|145, 39641|686, 39643|888, 39647|1012, 39647|1424, 39649|1497, 39649|1822, 39651|1950, 39651|2086, 39653|2177, 39653|2501, 39655|2578, 39655|2824, 39657|2906, 39657|3139, 39659|3198, 39659|4023, https://www.alipay.com, 
39661|1, 39661|874, 39667|1060, 39669|1164, 39669|1602, 39671|1699, 39671|1875, 39673|1938, 39673|2438, 39675|2537, 39675|4021, http://www.ox.ac.uk, 
39756|1, 39756|549, 39758|741, 39762|904, 39762|1633, 39764|1695, 39764|1872, 39766|1936, 39766|2261, 39768|2345, 39768|2552, 39770|2634, 39770|3476, 39772|3563, 39774|3636, 39776|3719, 39780|3794, 39780|3862, 39782|3955, 39782|4050, http://www.ox.ac.uk, 
39918|1, 39918|109, 39919|174, 39919|811, 39921|1045, 39925|1182, 39925|1570, 39929|1678, 39929|1931, 39933|2081, 39941|2170, 39941|2528, 39961|2652, 39965|2718, 39965|2959, 39967|3033, 39967|3108, 39969|3222, 39971|4035, https://www.yahoo.com, 
40139|1, 40139|596, 40143|837, 40145|956, 40147|1065, 40147|1338, 40149|1418, 40149|1633, 40151|1712, 40151|2205, 40159|2282, 40159|2730, 40163|2832, 40165|2916, 40167|3015, 40171|3113, 40173|3203, 40176|3285, 40177|3372, 40177|3638, 40179|3695, 40184|3810, 40186|3862, 40187|3940, 40187|4010, https://www.ctrip.com, 
40190|1, 40190|117, 40192|211, 40192|836, 40196|1098, 40196|1574, 40197|1646, 40199|1732, 40199|2460, 40205|2652, 40205|2761, 40209|2877, 40213|2963, 40220|3044, 40221|3100, 40224|3188, 40224|3345, 40226|3410, 40226|4040, https://www.linkedin.com, 
40244|1, 40244|143, 40248|259, 40248|737, 40250|937, 40254|1098, 40254|1251, 40257|1321, 40257|1732, 40259|1839, 40259|1909, 40263|1991, 40263|2174, 40265|2276, 40268|2444, 40268|2958, 40270|3065, 40270|4035, https://www.pinduoduo.com, 
40274|1, 40274|138, 40275|205, 40276|298, 40276|786, 40278|910, 40282|1052, 40282|2188, 40303|2316, 40311|2383, 40325|2520, 40325|3056, 40326|3132, 40326|4042, https://www.douyin.com, 
40330|1, 40330|149, 40332|281, 40332|991, 40336|1103, 40336|1193, 40338|1262, 40338|2122, 40340|2187, 40340|4012, https://www.netflix.com, 
40345|1, 40345|115, 40347|177, 40347|944, 40351|1137, 40351|1279, 40353|1397, 40355|1457, 40355|1737, 40357|1830, 40381|1939, 40381|2210, 40386|2315, 40387|2436, 40387|3362, 40389|3433, 40391|3532, 40391|3810, 40393|3902, 40395|3960, 40399|4068, https://www.jd.com, 
40417|1, 40417|227, 40419|341, 40419|1045, 40423|1259, 40423|1723, 40425|1814, 40425|1966, 40427|2073, 40427|3313, 40429|3403, 40429|3471, 40431|3559, 40433|3627, 40435|3796, 40435|4065, https://www.jianshu.com, 
40440|1, 40440|178, 40441|247, 40441|904, 40444|1028, 40444|1190, 40446|1257, 40446|1469, 40448|1558, 40448|2056, 40450|2169, 40453|2234, 40453|2320, 40455|2409, 40458|2497, 40458|2645, 40460|2749, 40460|2818, 40462|2911, 40462|2972, 40463|3056, 40463|3137, 40464|3228, 40464|3410, 40466|3505, 40468|4002, https://www.shodan.io, 
40468|1, 40468|948, 40474|1162, 40474|1753, 40476|1831, 40500|1928, 40500|2396, 40504|2521, 40504|3722, 40506|3792, 40508|4039, https://www.jd.com, 
40537|1, 40537|82, 40539|169, 40539|856, 40545|1128, 40545|1229, 40547|1319, 40547|1763, 40549|1872, 40549|2192, 40551|2285, 40553|2344, 40553|2410, 40561|2486, 40563|2546, 40563|2889, 40565|3009, 40567|3115, 40569|3230, 40573|3322, 40575|3396, 40578|3491, 40579|3566, 40579|4041, https://www.ctrip.com, 
40592|1, 40592|984, 40596|1143, 40596|1731, 40598|1796, 40598|2080, 40600|2152, 40600|2372, 40602|2451, 40608|2523, 40610|2587, 40612|2665, 40612|2903, 40614|2989, 40614|3468, 40625|3548, 40675|3648, 40675|3713, 40699|3828, 40716|3899, 40719|3992, 40719|4072, http://www.ox.ac.uk, 
40755|1, 40756|64, 40757|135, 40757|694, 40759|835, 40761|967, 40761|1547, 40765|1642, 40775|1848, 40775|2570, 40776|2658, 40778|2748, 40778|3433, 40780|3535, 40780|3815, 40782|3918, 40782|4034, https://zhuanlan.zhihu.com, 
40791|1, 40791|835, 40792|1019, 40796|1157, 40798|1261, 40798|2070, 40800|2170, 40800|2981, 40802|3056, 40802|4054, https://www.netflix.com, 
40803|1, 40803|720, 40805|957, 40809|1181, 40809|1692, 40811|1779, 40811|2155, 40815|2292, 40815|2354, 40817|2445, 40819|2522, 40819|3256, 40821|3329, 40821|4012, https://www.buaa.edu.cn, 
40821|1, 40821|136, 40822|234, 40823|359, 40823|906, 40827|1109, 40829|1218, 40829|2229, 40830|2341, 40830|2507, 40831|2607, 40832|2700, 40832|2775, 40834|2882, 40836|2989, 40836|4048, https://www.pku.edu.cn, 
40837|1, 40837|765, 40841|1009, 40845|1147, 40845|1490, 40847|1577, 40847|3768, 40849|3848, 40851|4011, https://www.netflix.com, 
40851|1, 40851|882, 40854|1117, 40857|1230, 40857|1953, 40859|2094, 40859|3021, 40861|3086, 40867|3171, 40870|3280, 40871|3386, 40871|3487, 40873|3587, 40873|3666, 40875|3799, 40875|4067, https://www.jianshu.com, 
40878|1, 40878|132, 40880|217, 40880|917, 40886|1104, 40886|1699, 40890|1812, 40890|2048, 40892|2124, 40899|2305, 40901|2443, 40901|2554, 40903|2669, 40905|2743, 40908|2839, 40913|2902, 40916|2967, 40919|3048, 40920|3108, 40921|4080, https://www.linkedin.com, 
40936|1, 40936|732, 40938|952, 40944|1184, 40944|1280, 40946|1372, 40946|2369, 40948|2511, 40952|2640, 40958|2775, 40961|2858, 40967|2987, 40970|3045, 40973|3126, 40973|4042, https://www.linkedin.com, 
40989|1, 40992|143, 40992|856, 40996|1026, 41000|1166, 41000|1602, 41002|1680, 41002|2038, 41014|2141, 41014|2367, 41016|2513, 41016|2663, 41018|2735, 41018|3430, 41034|3525, 41034|4034, https://www.yahoo.com, 
41192|1, 41192|218, 41196|312, 41196|750, 41199|1023, 41203|1153, 41203|1238, 41205|1342, 41205|1703, 41209|1812, 41211|1919, 41211|2249, 41212|2343, 41222|2423, 41222|2902, 41224|3003, 41226|3086, 41230|3169, 41234|3286, 41234|3433, 41236|3526, 41255|3605, 41259|3736, 41259|3807, 41261|3895, 41265|3975, 41268|4040, https://www.ctrip.com, 
41276|1, 41276|679, 41278|917, 41283|1115, 41283|1917, 41285|1993, 41285|2164, 41287|2251, 41287|2633, 41289|2716, 41291|2822, 41291|2981, 41293|3059, 41293|4047, https://www.buaa.edu.cn, 
41294|1, 41294|165, 41296|228, 41296|536, 41298|711, 41300|985, 41304|1156, 41306|1273, 41306|1365, 41307|1436, 41307|2013, 41310|2131, 41310|4030, https://www.bing.com, 
41316|1, 41316|1016, 41320|1189, 41320|1978, 41322|2035, 41322|2328, 41336|2452, 41336|2521, 41338|2643, 41338|2700, 41354|2836, 41359|2907, 41359|3313, 41361|3411, 41361|3794, 41362|3860, 41363|3940, 41364|4028, https://www.yahoo.com, 
41459|1, 41459|872, 41465|1050, 41465|1236, 41467|1321, 41467|1993, 41469|2046, 41469|2869, 41471|2935, 41471|3007, 41473|3087, 41473|4031, https://www.pku.edu.cn, 
41477|1, 41477|387, 41479|450, 41479|518, 41481|634, 41481|1067, 41487|1245, 41489|1401, 41489|1676, 41491|1791, 41493|1891, 41493|4046, https://www.bing.com, 
41493|1, 41493|228, 41494|315, 41494|811, 41498|1008, 41502|1155, 41502|1846, 41506|2002, 41506|2067, 41508|2140, 41508|3129, 41510|3222, 41513|3309, 41514|3391, 41514|3502, 41516|3615, 41516|4078, https://www.jianshu.com, 
41523|1, 41523|124, 41525|239, 41525|707, 41530|814, 41530|1030, 41535|1220, 41535|1951, 41537|2045, 41537|2612, 41539|2684, 41542|2769, 41547|2840, 41548|2925, 41548|3104, 41550|3189, 41550|3786, 41552|3866, 41552|4040, http://www.ox.ac.uk, 
41645|1, 41645|844, 41647|1016, 41650|1139, 41650|1466, 41653|1535, 41653|2052, 41655|2170, 41657|2243, 41681|2372, 41682|2438, 41682|2494, 41684|2597, 41686|2661, 41688|2744, 41691|2839, 41692|2897, 41692|3231, 41697|3301, 41699|3367, 41702|3449, 41705|3539, 41707|3611, 41708|3699, 41708|4022, https://www.mit.edu, 
41715|1, 41715|102, 41717|181, 41717|275, 41719|362, 41719|962, 41725|1165, 41725|1371, 41727|1434, 41727|1948, 41729|2049, 41729|3565, 41731|3657, 41731|4022, https://www.apple.com, 
41731|1, 41731|143, 41739|212, 41739|952, 41741|1129, 41743|1254, 41743|1697, 41745|1860, 41769|1974, 41769|2141, 41771|2248, 41773|2370, 41773|3758, 41775|3890, 41775|4036, https://www.jd.com, 
41801|1, 41801|911, 41807|1139, 41807|1443, 41809|1524, 41809|1816, 41821|1927, 41825|2042, 41827|2112, 41827|2190, 41829|2271, 41829|3266, 41830|3345, 41830|4056, https://zhuanlan.zhihu.com, 
41841|1, 41841|89, 41845|180, 41845|903, 41851|1071, 41851|1652, 41853|1748, 41855|1838, 41855|1916, 41881|2011, 41887|2079, 41891|2143, 41891|2237, 41893|2344, 41893|2416, 41897|2508, 41901|2635, 41904|2738, 41905|2848, 41909|2932, 41912|3019, 41915|3108, 41918|3186, 41918|4039, http://blogs.360.cn, 
41925|1, 41925|81, 41926|188, 41929|314, 41929|978, 41933|1153, 41934|1279, 41937|1376, 41937|1790, 41941|1894, 41943|2011, 41943|2456, 41950|2522, 41951|2613, 41952|2692, 41952|2940, 41956|3044, 41956|3157, 41962|3232, 41966|3332, 41968|3426, 41968|3683, 41972|3776, 41975|3862, 41978|3932, 41978|4071, https://www.ctrip.com, 
41981|1, 41981|814, 41990|1030, 41990|1138, 41992|1262, 41992|1777, 41994|1856, 41996|1983, 41996|2241, 41998|2301, 41998|2383, 42000|2451, 42008|2513, 42008|2922, 42010|3001, 42012|3133, 42018|3241, 42020|3340, 42024|3455, 42024|4019, https://www.ctrip.com, 
42037|1, 42037|139, 42039|246, 42039|835, 42047|1072, 42047|1635, 42049|1725, 42051|1813, 42055|1915, 42063|2012, 42064|2076, 42064|3530, 42068|3619, 42068|4049, https://zhuanlan.zhihu.com, 
42074|1, 42074|503, 42078|628, 42078|946, 42080|1072, 42082|1249, 42082|2978, 42084|3053, 42084|3190, 42086|3306, 42086|4047, https://www.pku.edu.cn, 
42088|1, 42088|840, 42090|1058, 42094|1179, 42094|1259, 42096|1342, 42096|1467, 42098|1550, 42098|1787, 42100|1855, 42100|2450, 42102|2503, 42108|2591, 42111|2672, 42112|2729, 42112|3401, 42136|3501, 42136|3724, 42154|3811, 42178|3904, 42180|3972, 42182|4087, http://www.ox.ac.uk, 
42254|1, 42254|167, 42255|225, 42256|333, 42256|421, 42260|532, 42260|1097, 42264|1231, 42264|1494, 42266|1561, 42268|1651, 42268|1856, 42270|1963, 42270|2025, 42276|2128, 42278|2230, 42278|2964, 42280|3039, 42292|3212, 42293|3338, 42318|3479, 42320|3567, 42320|3626, 42324|3730, 42328|3807, 42329|3863, 42331|3952, 42331|4038, https://world.taobao.com, 
42331|1, 42331|549, 42333|657, 42333|984, 42339|1164, 42339|1414, 42341|1469, 42341|1705, 42343|1814, 42343|2472, 42345|2554, 42349|2637, 42351|2696, 42355|2780, 42355|2862, 42356|2925, 42357|2996, 42357|3688, 42375|3793, 42405|3888, 42436|3967, 42458|4060, http://www.ox.ac.uk, 
42488|1, 42490|97, 42490|901, 42494|1028, 42496|1116, 42496|1269, 42498|1358, 42498|2077, 42501|2221, 42507|2350, 42510|2468, 42517|2559, 42520|2667, 42521|2751, 42523|2815, 42523|3182, 42525|3265, 42525|4005, https://www.linkedin.com, 
42546|1, 42546|679, 42552|884, 42552|1514, 42562|1619, 42564|1729, 42571|1799, 42572|1882, 42574|1968, 42574|2141, 42576|2251, 42578|2316, 42584|2472, 42586|2552, 42586|2713, 42590|2776, 42593|2838, 42597|2941, 42597|4064, http://blogs.360.cn, 
42602|1, 42602|876, 42604|1068, 42608|1280, 42608|2337, 42610|2431, 42610|3481, 42613|3580, 42616|3647, 42618|3759, 42620|4103, https://www.jianshu.com, 
42626|1, 42626|159, 42628|239, 42628|307, 42630|455, 42630|1008, 42636|1214, 42636|1693, 42638|1751, 42638|1929, 42654|2012, 42670|2110, 42670|2212, 42672|2280, 42672|2934, 42678|3026, 42680|3083, 42684|3215, 42684|4012, https://www.douyin.com, 
42693|1, 42693|355, 42694|445, 42694|497, 42695|625, 42695|877, 42699|1130, 42699|1537, 42701|1592, 42701|2053, 42703|2107, 42703|2701, 42707|2774, 42710|2890, 42714|2983, 42714|3045, 42716|3144, 42716|3856, 42718|3943, 42718|4087, https://www.shodan.io, 
42720|1, 42720|424, 42726|538, 42726|1028, 42730|1229, 42730|1792, 42732|1920, 42732|2045, 42735|2119, 42740|2216, 42740|2830, 42743|2891, 42744|3010, 42746|3107, 42747|3167, 42752|3259, 42752|3343, 42755|3412, 42757|3486, 42762|3584, 42763|3667, 42763|4041, https://www.mit.edu, 
42765|1, 42765|210, 42767|284, 42767|957, 42771|1199, 42773|1311, 42773|2999, 42775|3102, 42775|3240, 42776|3345, 42777|3418, 42777|3801, 42778|3919, 42779|4012, https://www.pku.edu.cn, 
42785|1, 42785|793, 42787|928, 42791|1101, 42791|2085, 42823|2169, 42825|2246, 42833|2400, 42835|2519, 42835|4016, https://www.douyin.com, 
42835|1, 42835|120, 42836|251, 42836|922, 42840|1185, 42840|1621, 42842|1741, 42842|2249, 42844|2307, 42844|3862, 42846|3921, 42846|4020, https://www.apple.com, 
42850|1, 42852|114, 42852|716, 42859|946, 42863|1116, 42863|1708, 42865|1816, 42865|1929, 42867|2000, 42875|2164, 42875|3761, 42879|3864, 42881|3953, 42885|4042, https://www.baidu.com, 
42902|1, 42902|194, 42904|271, 42904|754, 42908|999, 42908|1104, 42912|1275, 42912|3461, 42913|3549, 42914|4011, https://www.netflix.com, 
42915|1, 42915|871, 42919|1111, 42923|1312, 42923|1963, 42927|2120, 42927|2771, 42929|2886, 42929|3010, 42931|3114, 42935|3208, 42937|3325, 42937|3487, 42939|3631, 42939|3726, 42941|3851, 42941|4028, https://www.jianshu.com, 
42943|1, 42943|829, 42951|1099, 42951|1271, 42953|1372, 42953|1464, 42955|1531, 42955|2969, 42957|3058, 42957|3142, 42959|3215, 42959|4022, https://www.pku.edu.cn, 
42959|1, 42959|681, 42961|868, 42961|1049, 42965|1241, 42965|1662, 42967|1731, 42967|1826, 42969|1979, 42971|2065, 42983|2167, 42983|2627, 42985|2709, 42985|3573, 42987|3689, 42987|4041, https://zhuanlan.zhihu.com, 
42993|1, 42993|282, 42995|408, 42995|1003, 42999|1128, 42999|1324, 43001|1389, 43001|2016, 43003|2109, 43003|4035, https://www.apple.com, 
43007|1, 43007|857, 43009|1013, 43013|1161, 43013|1582, 43017|1652, 43017|1775, 43019|1895, 43021|1974, 43026|2085, 43026|2668, 43028|2744, 43030|2834, 43034|2939, 43036|3013, 43037|3075, 43045|3159, 43046|3239, 43049|3299, 43051|3370, 43051|4019, https://www.mit.edu, 
43054|1, 43054|978, 43058|1154, 43058|1224, 43060|1343, 43060|1846, 43067|1945, 43070|2014, 43070|2273, 43074|2395, 43074|4054, https://www.shodan.io, 
43078|1, 43078|831, 43080|973, 43084|1163, 43084|1521, 43087|1617, 43087|1766, 43091|1909, 43091|2009, 43103|2088, 43103|3504, 43104|3648, 43105|3776, 43105|4047, https://zhuanlan.zhihu.com, 
43111|1, 43111|988, 43117|1150, 43117|1247, 43119|1335, 43119|1815, 43121|1932, 43121|2464, 43128|2553, 43129|2618, 43129|2880, 43131|2996, 43133|3127, 43137|3225, 43141|3338, 43145|3448, 43145|4026, https://www.ctrip.com, 
43162|1, 43162|495, 43163|608, 43163|706, 43168|943, 43172|1148, 43172|1491, 43174|1570, 43174|1791, 43184|1959, 43188|2046, 43188|3404, 43190|3492, 43192|3572, 43192|4032, https://zhuanlan.zhihu.com, 
43198|1, 43198|183, 43200|273, 43200|933, 43206|1154, 43206|2126, 43210|2233, 43210|2469, 43216|2636, 43218|2752, 43224|2838, 43227|2940, 43230|3015, 43230|3170, 43232|3244, 43232|3400, 43234|3495, 43234|4035, https://www.linkedin.com, 
43251|1, 43251|160, 43253|250, 43257|351, 43257|1005, 43263|1230, 43265|1374, 43265|2026, 43280|2124, 43282|4010, https://zhuanlan.zhihu.com, 
43288|1, 43288|959, 43292|1128, 43292|1785, 43296|1933, 43306|2034, 43306|3560, 43308|3667, 43308|4016, https://zhuanlan.zhihu.com, 
43319|1, 43319|606, 43323|847, 43327|1087, 43327|1559, 43329|1646, 43329|2017, 43331|2092, 43331|2828, 43333|2912, 43333|3055, 43335|3195, 43335|4001, https://www.pku.edu.cn, 
43336|1, 43336|830, 43340|950, 43348|1197, 43350|1367, 43350|2096, 43362|2208, 43362|2492, 43364|2635, 43364|4055, https://www.shodan.io, 
43364|1, 43364|78, 43366|141, 43366|207, 43368|300, 43368|854, 43372|1020, 43372|1998, 43374|2135, 43376|2246, 43376|3249, 43378|3324, 43378|3392, 43380|3490, 43382|3621, 43382|3723, 43384|3848, 43386|4054, https://www.jianshu.com, 
43388|1, 43388|1078, 43400|1286, 43400|2047, 43402|2141, 43404|2249, 43409|2360, 43409|2428, 43411|2509, 43411|3056, 43415|3148, 43418|3270, 43419|3363, 43422|3430, 43427|3528, 43429|3626, 43430|3691, 43435|3806, 43435|4039, https://www.mit.edu, 
43439|1, 43439|724, 43445|1009, 43449|1225, 43449|3258, 43451|3367, 43451|3432, 43453|3564, 43453|4070, https://www.pku.edu.cn, 
43453|1, 43453|331, 43457|454, 43457|745, 43460|1016, 43464|1208, 43464|1359, 43466|1458, 43466|2263, 43468|2368, 43468|2733, 43470|2822, 43472|2930, 43472|4083, https://www.buaa.edu.cn, 
43473|1, 43473|157, 43477|279, 43479|363, 43479|797, 43481|997, 43485|1187, 43485|1553, 43487|1650, 43487|2164, 43492|2290, 43497|2378, 43498|2505, 43498|2606, 43500|2730, 43501|2802, 43521|2916, 43523|3032, 43523|3103, 43525|3218, 43525|3849, 43527|3958, 43527|4056, https://www.yahoo.com, 
43638|1, 43638|888, 43640|1115, 43644|1257, 43644|1830, 43646|1959, 43648|2075, 43651|2143, 43652|2234, 43652|2593, 43653|2677, 43654|2767, 43654|2870, 43662|2979, 43664|3061, 43666|3151, 43666|3270, 43673|3374, 43676|3443, 43679|3542, 43682|3682, 43682|4047, https://www.mit.edu, 
43684|1, 43684|117, 43686|216, 43686|864, 43693|1059, 43696|1250, 43698|1381, 43698|2081, 43700|2187, 43700|2973, 43708|3087, 43711|3170, 43712|3251, 43712|3481, 43714|3559, 43714|4078, http://www.ox.ac.uk, 
43808|1, 43808|911, 43814|1167, 43814|3217, 43816|3335, 43818|3453, 43818|4090, https://www.pku.edu.cn, 
43818|1, 43818|171, 43820|271, 43820|806, 43824|1031, 43826|1193, 43830|1361, 43830|1784, 43832|1882, 43832|2174, 43834|2343, 43836|2447, 43836|2819, 43838|2952, 43838|3584, 43840|3694, 43840|3804, 43842|3900, 43842|4068, https://www.alipay.com, 
43842|1, 43842|197, 43843|316, 43845|427, 43845|965, 43847|1127, 43851|1374, 43851|2371, 43853|2508, 43853|3151, 43855|3273, 43855|4006, https://www.apple.com, 
43857|1, 43857|357, 43860|463, 43861|620, 43861|992, 43867|1250, 43869|1382, 43869|1576, 43871|1684, 43871|2447, 43876|2516, 43879|2627, 43883|2778, 43885|2891, 43885|4040, https://www.shodan.io, 
43885|1, 43885|179, 43886|259, 43888|341, 43888|797, 43890|982, 43892|1207, 43894|1385, 43894|2259, 43900|2397, 43904|2505, 43904|4076, https://www.baidu.com, 
43934|1, 43936|135, 43936|802, 43938|966, 43942|1176, 43942|2119, 43955|2253, 43968|2424, 43968|2618, 43972|2814, 43972|3336, 43973|3444, 43974|3573, 43974|4014, https://www.jd.com, 
44005|1, 44005|103, 44007|213, 44007|957, 44010|1146, 44013|1398, 44015|1572, 44015|2105, 44016|2250, 44017|2361, 44017|2443, 44021|2573, 44021|2758, 44023|2880, 44023|3098, 44027|3242, 44027|3558, 44029|3662, 44029|4048, https://www.pinduoduo.com, 
44030|1, 44030|1105, 44034|1322, 44034|2203, 44036|2335, 44037|2407, 44038|2552, 44038|3385, 44039|3449, 44039|3798, 44041|3909, 44043|4051, https://www.jianshu.com, 
44053|1, 44053|827, 44059|1085, 44059|1504, 44063|1575, 44063|1775, 44064|1892, 44066|1976, 44072|2130, 44078|2262, 44078|2586, 44080|2724, 44080|4003, https://www.shodan.io, 
44080|1, 44080|754, 44084|1031, 44088|1248, 44090|1400, 44090|2048, 44092|2176, 44092|2276, 44096|2372, 44101|2493, 44102|2634, 44102|3014, 44103|3096, 44106|3204, 44110|3316, 44110|3392, 44115|3488, 44120|3604, 44123|3701, 44125|3790, 44126|3916, 44126|4029, https://www.mit.edu, 
44130|1, 44130|596, 44134|750, 44134|1068, 44136|1282, 44138|1497, 44138|2127, 44140|2237, 44162|2336, 44164|2477, 44164|2587, 44166|2706, 44168|2865, 44168|4024, https://www.jd.com, 
44198|1, 44198|1154, 44208|1311, 44208|2202, 44211|2323, 44211|4070, https://www.netflix.com, 
44215|1, 44215|145, 44216|247, 44219|352, 44219|1132, 44223|1323, 44223|1436, 44225|1591, 44225|2223, 44227|2367, 44227|2530, 44228|2641, 44228|2960, 44238|3107, 44238|3483, 44240|3568, 44242|3687, 44250|3845, 44252|3955, 44256|4054, https://www.ctrip.com, 
44270|1, 44270|167, 44272|325, 44272|556, 44274|729, 44274|923, 44276|1087, 44280|1340, 44280|2623, 44282|2692, 44282|3404, 44284|3504, 44288|3654, 44288|4076, https://www.pku.edu.cn, 
44288|1, 44288|1069, 44292|1266, 44292|2187, 44298|2314, 44302|2456, 44302|2789, 44304|2887, 44304|4051, https://www.baidu.com, 
44337|1, 44337|1056, 44341|1320, 44341|2164, 44343|2271, 44343|3633, 44347|3743, 44347|4039, http://www.ox.ac.uk, 
44478|1, 44478|998, 44484|1211, 44484|2018, 44486|2156, 44486|2553, 44488|2659, 44488|2815, 44490|2919, 44494|4028, http://www.ox.ac.uk, 
44644|1, 44644|1166, 44648|1389, 44648|2447, 44652|2561, 44652|2750, 44654|2886, 44654|3344, 44656|3436, 44656|4069, https://www.pinduoduo.com, 
44663|1, 44663|728, 44666|945, 44672|1172, 44672|2576, 44683|2738, 44684|2823, 44684|3183, 44686|3298, 44686|3821, 44688|3904, 44688|4089, https://www.shodan.io, 
44694|1, 44694|1194, 44698|1347, 44698|2066, 44710|2214, 44710|2762, 44712|2864, 44714|2976, 44714|4032, https://www.shodan.io, 
44720|1, 44720|869, 44724|1050, 44724|1931, 44732|2076, 44737|2196, 44737|2925, 44739|3009, 44741|3110, 44745|3280, 44750|3360, 44752|3449, 44755|3551, 44759|3674, 44759|4035, https://www.mit.edu, 
44771|1, 44771|797, 44777|1151, 44777|2111, 44779|2224, 44779|2310, 44781|2434, 44791|2617, 44791|3813, 44793|3902, 44793|4015, https://www.baidu.com, 
44824|1, 44824|1129, 44828|1348, 44828|2070, 44830|2231, 44832|2329, 44835|2417, 44836|2523, 44836|3274, 44838|3359, 44840|3431, 44844|3568, 44844|3680, 44849|3756, 44854|3834, 44855|3947, 44860|4070, https://www.mit.edu, 
44867|1, 44867|228, 44869|337, 44869|1016, 44875|1249, 44875|2150, 44879|2305, 44881|2407, 44881|2502, 44901|2623, 44913|2734, 44913|2999, 44919|3118, 44923|3238, 44924|3385, 44928|3538, 44930|3620, 44930|4069, https://www.douyin.com, 
44930|1, 44930|875, 44932|1140, 44936|1329, 44936|2229, 44938|2360, 44963|2465, 44972|2563, 44981|2719, 44985|2843, 44986|2977, 44987|3116, 44987|4049, https://www.douyin.com, 
44988|1, 44988|596, 44990|885, 44994|1047, 44994|1166, 44996|1285, 44996|1848, 44998|1964, 44998|2542, 45006|2627, 45006|2932, 45008|3011, 45010|3149, 45018|3307, 45020|3407, 45026|3536, 45028|3664, 45028|4030, https://www.ctrip.com, 
45044|1, 45044|906, 45046|1060, 45050|1251, 45050|1832, 45052|1952, 45064|2084, 45067|2165, 45067|2430, 45069|2494, 45069|4034, https://www.shodan.io, 
45071|1, 45071|96, 45072|204, 45073|342, 45073|901, 45075|1076, 45079|1294, 45079|2292, 45081|2435, 45081|2585, 45083|2698, 45085|2792, 45085|3220, 45087|3315, 45087|3623, 45089|3713, 45089|4042, https://www.buaa.edu.cn, 
45091|1, 45091|1035, 45095|1286, 45095|2305, 45097|2442, 45097|2703, 45099|2786, 45101|2888, 45103|3015, 45107|3160, 45107|4029, https://www.buaa.edu.cn, 
45107|1, 45107|904, 45111|1166, 45113|1300, 45113|3148, 45115|3240, 45117|3359, 45119|3422, 45119|4063, https://www.netflix.com, 
45120|1, 45120|186, 45121|259, 45122|367, 45122|1089, 45128|1248, 45128|1515, 45130|1579, 45130|2097, 45140|2236, 45140|2953, 45149|3097, 45158|3289, 45158|3415, 45162|3491, 45163|3569, 45165|3674, 45167|3765, 45167|3832, 45169|3948, 45171|4062, https://world.taobao.com, 
45176|1, 45176|170, 45178|299, 45178|1061, 45182|1241, 45182|2054, 45188|2257, 45196|2402, 45202|2532, 45202|3009, 45204|3102, 45204|4087, https://zhuanlan.zhihu.com, 
45215|1, 45215|161, 45217|262, 45217|866, 45221|1177, 45221|1602, 45223|1684, 45223|1960, 45225|2061, 45225|2160, 45227|2255, 45227|3000, 45229|3083, 45229|4014, https://www.alipay.com, 
45238|1, 45238|68, 45240|181, 45240|966, 45244|1233, 45244|1956, 45246|2039, 45246|2217, 45248|2324, 45248|2485, 45251|2569, 45251|3022, 45253|3142, 45254|3221, 45256|3289, 45259|3402, 45259|3499, 45263|3566, 45263|3750, 45265|3833, 45266|3892, 45268|4099, https://www.yahoo.com, 
45318|1, 45318|860, 45322|1062, 45322|1867, 45326|1974, 45336|2087, 45338|2181, 45338|2340, 45340|2427, 45342|2505, 45342|4057, https://zhuanlan.zhihu.com, 
45350|1, 45351|141, 45351|903, 45355|1061, 45355|1456, 45357|1535, 45357|1971, 45359|2107, 45359|2224, 45361|2365, 45361|2500, 45363|2585, 45365|4096, https://www.apple.com, 
45365|1, 45365|131, 45367|202, 45367|660, 45369|756, 45371|952, 45371|1083, 45375|1254, 45375|1866, 45376|1952, 45379|2056, 45383|2183, 45392|2294, 45396|2357, 45400|2496, 45402|2624, 45404|2705, 45410|2846, 45412|3007, 45414|3102, 45419|3204, 45420|3295, 45423|3417, 45423|4053, http://blogs.360.cn, 
45430|1, 45430|556, 45432|706, 45432|1102, 45436|1327, 45438|1504, 45438|1559, 45440|1647, 45440|1732, 45442|1822, 45442|2203, 45444|2279, 45444|2784, 45446|2880, 45452|2955, 45452|3282, 45454|3398, 45454|3634, 45461|3725, 45463|3852, 45468|4000, 45468|4077, https://www.ctrip.com, 
45481|1, 45481|147, 45483|210, 45484|286, 45485|398, 45485|845, 45495|1113, 45495|2112, 45497|2220, 45499|2318, 45503|2447, 45503|3228, 45507|3356, 45510|3468, 45510|3625, 45519|3741, 45522|3830, 45523|3885, 45528|3988, 45528|4093, https://www.mit.edu, 
45530|1, 45530|214, 45531|310, 45531|1013, 45537|1272, 45537|1731, 45539|1825, 45539|2125, 45541|2309, 45541|3274, 45543|3366, 45543|3471, 45547|3536, 45547|3631, 45549|3778, 45551|4147, https://www.jianshu.com, 
45554|1, 45554|905, 45562|1183, 45562|1440, 45564|1525, 45564|1745, 45566|1858, 45566|2195, 45568|2329, 45568|3865, 45570|3971, 45570|4073, https://www.apple.com, 
45570|1, 45570|149, 45572|233, 45572|1108, 45578|1335, 45578|1423, 45580|1529, 45580|1727, 45582|1795, 45582|1905, 45584|2040, 45584|2126, 45586|2231, 45588|2339, 45588|3150, 45590|3244, 45590|4028, https://www.alipay.com, 
45590|1, 45590|107, 45591|218, 45591|332, 45592|424, 45594|535, 45594|795, 45598|939, 45598|2614, 45600|2723, 45600|3667, 45604|3740, 45604|4083, https://www.netflix.com, 
45606|1, 45606|1061, 45612|1212, 45612|1647, 45614|1719, 45616|1782, 45616|2158, 45618|2309, 45618|2862, 45622|3010, 45622|4056, https://www.buaa.edu.cn, 
45622|1, 45622|104, 45624|214, 45624|1058, 45632|1283, 45634|1482, 45634|2571, 45636|2642, 45636|2747, 45638|2840, 45638|4001, https://www.bing.com, 
45638|1, 45638|903, 45642|1146, 45644|1278, 45646|1354, 45646|1815, 45660|1928, 45660|2644, 45670|2839, 45675|3006, 45676|3150, 45676|3231, 45680|3319, 45682|3386, 45685|3489, 45687|3580, 45689|3650, 45689|4045, https://world.taobao.com, 
45689|1, 45689|984, 45693|1149, 45693|1359, 45695|1433, 45695|3354, 45697|3412, 45699|4039, https://www.netflix.com, 
45700|1, 45700|135, 45702|228, 45702|1071, 45706|1254, 45706|1485, 45707|1567, 45708|1624, 45708|1968, 45712|2087, 45712|2279, 45714|2387, 45714|4053, https://www.pinduoduo.com, 
45719|1, 45719|137, 45721|266, 45721|988, 45727|1196, 45729|1321, 45729|1858, 45733|1967, 45755|2063, 45757|2190, 45757|2329, 45761|2512, 45761|3619, 45763|3732, 45765|4042, https://www.jd.com, 
45793|1, 45793|1137, 45797|1312, 45797|1794, 45801|1894, 45801|1967, 45802|2172, 45804|2249, 45804|2327, 45806|2453, 45806|3740, 45808|3864, 45808|4014, https://www.apple.com, 
45808|1, 45808|130, 45810|233, 45812|345, 45813|419, 45813|488, 45814|604, 45814|994, 45818|1268, 45818|2304, 45821|2383, 45821|2482, 45823|2585, 45823|2708, 45824|2773, 45825|2903, 45826|3023, 45826|3155, 45829|3246, 45829|3343, 45831|3422, 45831|3490, 45832|3578, 45832|4055, https://www.shodan.io, 
45833|1, 45833|165, 45834|268, 45834|880, 45842|1180, 45842|1343, 45844|1504, 45844|1674, 45846|1746, 45846|2725, 45848|2801, 45850|2906, 45850|4015, https://www.bing.com, 
45850|1, 45850|983, 45856|1154, 45856|1282, 45858|1412, 45858|1628, 45860|1726, 45860|2265, 45862|2393, 45862|4030, https://www.bing.com, 
45864|1, 45864|891, 45866|1036, 45870|1234, 45872|1418, 45874|1517, 45874|1826, 45876|1910, 45876|2516, 45878|2582, 45878|4008, https://www.bing.com, 
45878|1, 45878|557, 45880|674, 45880|923, 45886|1147, 45886|1950, 45888|2036, 45888|2141, 45890|2261, 45890|2398, 45892|2503, 45894|2592, 45894|4034, https://www.buaa.edu.cn, 
45894|1, 45894|69, 45896|169, 45896|663, 45900|926, 45904|1140, 45904|1732, 45906|1793, 45906|2140, 45908|2248, 45908|3194, 45910|3288, 45910|3456, 45912|3528, 45916|3666, 45916|4019, https://www.jianshu.com, 
45920|1, 45922|115, 45922|822, 45924|949, 45932|1129, 45932|1753, 45934|1815, 45934|2217, 45938|2349, 45939|2450, 45940|2508, 45940|2587, 45942|2697, 45946|2794, 45946|2886, 45948|2989, 45953|3121, 45958|3203, 45958|3375, 45966|3464, 45966|3621, 45969|3713, 45971|3818, 45971|3872, 45972|3974, 45972|4075, https://www.yahoo.com, 
46071|1, 46071|156, 46073|235, 46073|607, 46075|714, 46077|929, 46080|1103, 46086|1353, 46086|2027, 46088|2134, 46088|2457, 46090|2570, 46096|2793, 46101|2918, 46106|2996, 46109|3126, 46112|3227, 46112|4013, https://www.linkedin.com, 
46129|1, 46129|115, 46133|229, 46133|861, 46137|978, 46143|1184, 46143|1635, 46145|1777, 46145|2094, 46147|2229, 46169|2346, 46171|2449, 46171|2671, 46175|2767, 46175|4072, https://www.jd.com, 
46203|1, 46203|649, 46207|997, 46211|1175, 46211|1283, 46213|1376, 46213|2108, 46215|2207, 46215|2328, 46217|2431, 46217|2713, 46221|2852, 46221|4015, https://www.buaa.edu.cn, 
46226|1, 46226|126, 46227|289, 46227|981, 46231|1266, 46231|1961, 46233|2062, 46235|2155, 46238|2263, 46249|2369, 46255|2466, 46257|2584, 46259|2722, 46266|2880, 46269|3007, 46273|3137, 46276|3247, 46279|3313, 46280|3403, 46280|3488, 46282|3575, 46282|4025, http://blogs.360.cn, 
46287|1, 46287|929, 46289|1114, 46291|1259, 46291|1700, 46293|1785, 46293|1953, 46296|2080, 46300|2179, 46313|2270, 46317|2373, 46319|2506, 46319|2576, 46323|2703, 46331|2837, 46331|3029, 46338|3143, 46339|3218, 46342|3298, 46342|4009, http://blogs.360.cn, 
46350|1, 46350|142, 46352|219, 46352|663, 46356|1031, 46362|1170, 46362|2061, 46368|2203, 46372|2326, 46376|4067, https://www.baidu.com, 
46400|1, 46400|960, 46402|1163, 46406|1351, 46406|1956, 46408|2048, 46432|2153, 46432|2459, 46436|2582, 46438|2706, 46438|2923, 46442|3027, 46442|4014, https://www.jd.com, 
46472|1, 46472|966, 46474|1159, 46476|1297, 46478|1402, 46478|2451, 46480|2538, 46480|2632, 46482|2726, 46482|3802, 46484|3910, 46484|4005, https://www.netflix.com, 
46484|1, 46486|134, 46486|945, 46490|1163, 46492|1315, 46492|1591, 46494|1693, 46494|1848, 46496|1978, 46496|2084, 46498|2166, 46498|2268, 46500|2388, 46500|3129, 46502|3219, 46502|4018, https://www.alipay.com, 
46504|1, 46504|122, 46506|264, 46506|892, 46512|1105, 46516|1251, 46516|1649, 46518|1746, 46518|1929, 46548|2077, 46550|2175, 46550|2237, 46556|2369, 46562|2548, 46562|4034, https://www.douyin.com, 
46562|1, 46562|134, 46563|255, 46563|893, 46567|1080, 46567|1414, 46569|1475, 46569|2050, 46571|2141, 46571|2343, 46573|2467, 46573|2629, 46575|2740, 46575|3134, 46577|3232, 46577|4053, https://www.alipay.com, 
46582|1, 46582|1095, 46586|1283, 46586|1618, 46588|1722, 46588|2147, 46590|2259, 46592|2366, 46596|2497, 46596|3231, 46600|3305, 46600|4020, https://www.alipay.com, 
46601|1, 46601|1009, 46605|1167, 46605|1889, 46607|2042, 46617|2163, 46625|2245, 46626|2335, 46628|2455, 46628|2644, 46633|2780, 46638|2889, 46640|2975, 46640|3078, 46647|3175, 46647|3254, 46650|3318, 46651|3416, 46651|4013, http://blogs.360.cn, 
46663|1, 46663|999, 46669|1214, 46669|1337, 46671|1431, 46671|1852, 46683|2021, 46690|2159, 46691|2227, 46691|2313, 46693|2417, 46693|2506, 46695|2597, 46699|2732, 46704|2878, 46705|2974, 46709|3054, 46712|3155, 46715|3252, 46716|3326, 46718|3396, 46718|4059, http://blogs.360.cn, 
46723|1, 46723|857, 46727|1056, 46727|1359, 46729|1455, 46729|1939, 46735|2029, 46741|2192, 46741|3865, 46743|3966, 46751|4059, https://www.baidu.com, 
46775|1, 46775|831, 46777|1109, 46779|1272, 46779|1781, 46781|1875, 46781|2092, 46785|2167, 46795|2316, 46797|2429, 46797|3553, 46801|3651, 46805|4090, https://www.baidu.com, 
46828|1, 46828|157, 46830|262, 46830|776, 46832|1055, 46836|1267, 46840|1415, 46840|2163, 46844|2280, 46844|4018, https://www.bing.com, 
46844|1, 46844|1048, 46848|1242, 46848|1765, 46850|1868, 46850|2113, 46858|2207, 46862|2360, 46866|4088, https://www.baidu.com, 
46891|1, 46891|151, 46892|224, 46892|901, 46894|1100, 46898|1273, 46898|1462, 46900|1556, 46900|1641, 46902|1711, 46902|2091, 46912|2229, 46912|2639, 46914|2707, 46914|2885, 46920|3002, 46922|3130, 46928|3303, 46928|3423, 46930|3500, 46932|3577, 46939|3710, 46940|3801, 46941|3887, 46941|4053, https://world.taobao.com, 
46941|1, 46941|296, 46942|369, 46942|431, 46943|575, 46943|959, 46949|1173, 46949|2546, 46951|2636, 46951|2856, 46952|3020, 46952|4053, https://www.netflix.com, 
46959|1, 46959|210, 46961|311, 46961|1114, 46965|1328, 46965|2412, 46969|2519, 46969|2687, 46971|2810, 46975|2998, 46979|3097, 46985|3247, 46988|3357, 46992|3431, 46995|3505, 46995|4046, https://www.linkedin.com, 
47015|1, 47015|272, 47016|380, 47016|1071, 47018|1284, 47024|1422, 47026|1584, 47026|1897, 47028|1995, 47030|2102, 47030|2371, 47031|2496, 47032|2633, 47032|4032, https://www.bing.com, 
47032|1, 47032|958, 47040|1152, 47044|1374, 47046|1458, 47046|4017, https://www.bing.com, 
47046|1, 47046|210, 47050|331, 47050|766, 47052|1081, 47060|1338, 47060|2297, 47062|2395, 47064|4042, https://www.apple.com, 
47065|1, 47066|173, 47066|855, 47068|1016, 47074|1211, 47074|1270, 47076|1363, 47080|1489, 47080|1720, 47082|1843, 47082|1914, 47084|1998, 47084|2088, 47086|2195, 47086|3034, 47088|3123, 47088|4072, https://www.alipay.com, 
47088|1, 47088|158, 47095|248, 47095|1031, 47101|1206, 47101|2299, 47103|2376, 47103|2459, 47104|2547, 47106|4033, https://www.apple.com, 
47106|1, 47106|461, 47108|606, 47108|725, 47110|952, 47118|1214, 47118|2245, 47120|2347, 47120|4022, https://www.apple.com, 
47126|1, 47126|366, 47128|497, 47128|571, 47130|706, 47130|894, 47132|1036, 47138|1168, 47138|1316, 47142|1434, 47142|1856, 47152|1992, 47152|2718, 47158|2857, 47165|2979, 47166|3140, 47166|3226, 47168|3297, 47172|3391, 47174|3486, 47177|3576, 47178|3633, 47178|4025, https://world.taobao.com, 
47178|1, 47178|974, 47182|1175, 47186|1362, 47186|1842, 47188|1982, 47188|2131, 47190|2230, 47190|2397, 47196|2592, 47200|2734, 47203|2817, 47209|2919, 47212|3011, 47215|3080, 47215|4031, https://www.linkedin.com, 
47229|1, 47230|100, 47230|915, 47238|1091, 47238|1396, 47240|1493, 47240|1713, 47242|1856, 47252|1960, 47259|2045, 47260|2139, 47262|2233, 47262|2426, 47268|2554, 47274|2665, 47276|2745, 47276|3135, 47282|3233, 47285|3313, 47285|3368, 47289|3473, 47289|3748, 47291|3850, 47291|4011, http://blogs.360.cn, 
47296|1, 47296|81, 47298|215, 47298|788, 47300|999, 47306|1197, 47306|1809, 47308|1898, 47308|2364, 47314|2504, 47314|2618, 47316|2738, 47316|2898, 47317|2984, 47319|3055, 47319|3114, 47320|3212, 47320|3394, 47321|3449, 47322|3560, 47322|3815, 47325|3920, 47325|4034, https://www.yahoo.com, 
47366|1, 47366|224, 47368|368, 47368|1163, 47374|1362, 47374|2416, 47376|2539, 47380|2706, 47380|2829, 47382|2914, 47384|3020, 47393|3153, 47398|3239, 47399|3306, 47399|3755, 47401|3854, 47403|3946, 47403|4026, https://www.linkedin.com, 
47418|1, 47420|106, 47420|958, 47426|1104, 47428|1246, 47428|1348, 47430|1435, 47430|1495, 47432|1582, 47432|1982, 47442|2102, 47442|2715, 47450|2824, 47457|3032, 47460|3221, 47462|3323, 47472|3391, 47473|3487, 47475|3589, 47479|3699, 47479|4038, https://world.taobao.com, 
47482|1, 47482|1167, 47488|1356, 47488|1942, 47490|2046, 47490|2175, 47492|2283, 47496|2442, 47505|2540, 47505|3097, 47517|3235, 47529|3340, 47529|3413, 47530|3569, 47534|3673, 47536|4023, https://www.yahoo.com, 
47602|1, 47602|131, 47605|214, 47605|654, 47612|1028, 47618|1240, 47618|1431, 47620|1563, 47620|1971, 47622|2067, 47646|2189, 47646|2434, 47650|2558, 47651|2710, 47651|2892, 47652|2989, 47652|4015, https://www.jd.com, 
47682|1, 47682|297, 47684|453, 47684|1129, 47690|1350, 47690|2171, 47693|2283, 47693|2501, 47705|2678, 47729|2801, 47732|2900, 47735|2992, 47741|3198, 47741|4026, https://www.douyin.com, 
47742|1, 47742|199, 47744|330, 47744|835, 47746|1042, 47754|1258, 47754|2139, 47756|2259, 47756|2390, 47790|2530, 47799|2718, 47800|2900, 47800|4072, https://www.douyin.com, 
47800|1, 47800|1002, 47806|1214, 47806|1687, 47808|1804, 47810|1888, 47810|3348, 47822|3482, 47822|4049, https://www.yahoo.com, 
47860|1, 47860|161, 47862|272, 47862|1204, 47864|1425, 47868|1623, 47870|1767, 47870|1939, 47872|2050, 47872|2624, 47874|2732, 47876|2873, 47876|2994, 47878|3072, 47878|3616, 47880|3749, 47880|4034, https://www.pinduoduo.com, 
47881|1, 47881|122, 47882|243, 47882|884, 47890|1236, 47890|2154, 47892|2286, 47898|2451, 47904|2588, 47904|4011, https://www.baidu.com, 
47933|1, 47933|114, 47935|247, 47935|835, 47941|1157, 47943|1367, 47947|1533, 47949|1662, 47949|4023, https://www.bing.com, 
47951|1, 47951|195, 47953|313, 47953|962, 47959|1197, 47963|1401, 47963|1912, 47967|2038, 47977|2157, 47986|2243, 47987|2346, 47989|2441, 47989|2611, 47992|2725, 47997|2840, 48000|2931, 48002|3025, 48002|3142, 48004|3223, 48006|3280, 48009|3372, 48013|3492, 48013|4056, http://blogs.360.cn, 
48017|1, 48017|207, 48019|271, 48019|1141, 48027|1322, 48027|1735, 48029|1803, 48029|2024, 48031|2100, 48031|2200, 48032|2308, 48033|2424, 48033|3100, 48035|3170, 48037|3236, 48037|4044, https://www.alipay.com, 
48039|1, 48039|913, 48041|1073, 48047|1199, 48047|1327, 48049|1427, 48049|1630, 48051|1723, 48051|2012, 48061|2161, 48061|2873, 48067|3006, 48079|3268, 48081|3400, 48083|3477, 48095|3587, 48098|3673, 48100|3757, 48102|3849, 48102|4049, https://world.taobao.com, 
48103|1, 48103|1177, 48109|1412, 48111|1575, 48113|1722, 48113|2240, 48116|2321, 48126|2475, 48126|3148, 48134|3286, 48141|3469, 48142|3604, 48144|3720, 48146|3812, 48158|3893, 48159|3964, 48161|4079, https://world.taobao.com, 
48165|1, 48165|938, 48171|1144, 48173|1320, 48173|1623, 48175|1748, 48175|1957, 48207|2107, 48211|2206, 48217|2301, 48219|2418, 48219|4037, https://www.douyin.com, 
48227|1, 48227|638, 48229|738, 48229|1020, 48237|1241, 48239|1385, 48239|2163, 48243|2306, 48243|2447, 48245|2588, 48245|3736, 48247|3828, 48247|4042, https://www.pinduoduo.com, 
48247|1, 48247|831, 48253|1111, 48253|2015, 48261|2106, 48287|2203, 48291|2284, 48296|2401, 48297|2541, 48299|4058, https://www.douyin.com, 
48306|1, 48308|125, 48308|1004, 48316|1209, 48316|1625, 48318|1695, 48318|2034, 48320|2140, 48322|2275, 48322|3053, 48324|3121, 48324|4011, https://www.alipay.com, 
48327|1, 48327|590, 48331|869, 48337|1052, 48337|1862, 48341|2003, 48341|2198, 48343|2353, 48343|2841, 48345|2934, 48345|4047, https://www.pinduoduo.com, 
48349|1, 48349|1079, 48357|1285, 48359|1468, 48359|1610, 48361|1700, 48361|1933, 48373|2070, 48378|2176, 48381|2238, 48381|2308, 48383|2420, 48383|2530, 48384|2615, 48389|2731, 48393|2838, 48395|2927, 48395|3005, 48400|3097, 48402|3185, 48405|3265, 48408|3318, 48408|4026, http://blogs.360.cn, 
48412|1, 48412|112, 48413|188, 48413|574, 48415|715, 48415|946, 48421|1148, 48421|1290, 48423|1383, 48425|1464, 48425|1960, 48430|2094, 48433|2171, 48434|2240, 48434|2528, 48436|2613, 48436|2835, 48444|2985, 48453|3190, 48453|3384, 48455|3474, 48461|3602, 48464|3678, 48467|3757, 48467|4032, https://world.taobao.com, 
48467|1, 48467|1081, 48473|1246, 48473|2062, 48477|2192, 48479|2272, 48479|2345, 48481|2445, 48483|2570, 48483|4057, https://www.pinduoduo.com, 
48485|1, 48485|355, 48487|455, 48487|704, 48491|995, 48497|1101, 48497|2023, 48503|2155, 48503|2339, 48505|2495, 48505|4059, https://www.pinduoduo.com, 
48506|1, 48506|865, 48508|1054, 48514|1193, 48516|1326, 48516|1961, 48520|2089, 48520|2359, 48522|2483, 48522|4027, https://www.pinduoduo.com, 
