54240085|1, 54240157|231, 54240157|756, 54244433|987, 54248549|1181, 54253408|1318, 54253408|1799, 54260333|1917, 54262259|2010, 54264100|2080, 54268646|2215, 54269566|2307, 54269873|2374, 54270486|2462, 54271098|2561, 54271098|4025, https://www.buaa.edu.cn, 
54271530|1, 54271530|874, 54271690|1068, 54276012|1141, 54276683|1212, 54276827|1273, 54276827|1339, 54278038|1411, 54278160|1482, 54287120|1572, 54298640|1649, 54321680|1711, 54357664|1789, 54357664|1937, 54394232|2008, 54492443|2180, 54492603|2264, 54503147|2349, 54503910|2436, 54516952|2556, 54517032|2618, 54531149|2748, 54538158|2840, 54541775|2921, 54542121|3008, 54542121|3154, 54543083|3228, 54543083|4053, https://www.yahoo.com, 
54710716|1, 54710716|487, 54710876|681, 54724504|888, 54725202|1002, 54725202|1572, 54725490|1678, 54725490|2163, 54725775|2235, 54725775|2625, 54726060|2715, 54726060|4072, https://www.mit.edu, 
54726227|1, 54726227|391, 54734475|630, 54739478|839, 54739478|1474, 54741456|1570, 54746403|1660, 54748329|1755, 54750242|1832, 54753620|1948, 54756249|2019, 54756249|2075, 54756861|2151, 54756861|4014, https://www.buaa.edu.cn, 
54757293|1, 54757293|3833, 54757553|3898, 54757553|4042, https://world.taobao.com, 
54758289|1, 54758289|4076, https://www.jianshu.com, 
54758289|1, 54758289|4020, http://www.ox.ac.uk, 
54765479|1, 54765479|818, 54776603|1085, 54844519|1226, 54844519|2020, 55251088|2143, 55489684|2224, 55489684|2432, 55568797|2515, 55575009|2625, 55608392|2687, 55608392|2822, 55613098|3015, 55613098|3359, 55614228|3464, 55614228|4023, https://www.pku.edu.cn, 
55614660|1, 55614660|1769, 55614828|1876, 55614828|4064, https://www.linkedin.com, 
55614828|1, 55614828|4007, https://www.ctrip.com, 
55614828|1, 55614828|685, 55614900|834, 55614900|4009, https://www.jd.com, 
55614900|1, 55614900|1790, 55615116|1927, 55627929|2042, 55651259|2134, 55657659|2191, 55657659|4083, https://www.baidu.com, 
55733503|1, 55733503|845, 55733663|1035, 55733743|1148, 55733743|1226, 55739519|1306, 55739519|1363, 55740595|1442, 55740595|1522, 55740655|1610, 55740655|4047, https://www.alipay.com, 
55740715|1, 55740883|112, 55740883|4057, http://www.ox.ac.uk, 
55740883|1, 55740883|2403, 55740963|2464, 55741143|2541, 55741143|2674, 55741475|2767, 55741475|2907, 55741627|2967, 55741807|3083, 55741807|3150, 55741879|3235, 55741879|4015, http://www.ox.ac.uk, 
55748516|1, 55748516|777, 55748596|1023, 55753070|1189, 55757392|1296, 55758185|1374, 55758329|1457, 55758329|1596, 55763153|1677, 55772719|1760, 55797666|1834, 55799090|1901, 55799090|1950, 55799629|2056, 55839309|2186, 55875791|2291, 55896894|2398, 55917136|2476, 55934373|2547, 55938707|2664, 55939821|2737, 55947859|2816, 55952002|2892, 55958075|2973, 55958075|3125, 55958965|3242, 55958965|4051, https://www.yahoo.com, 
56114239|1, 56114239|4031, https://www.ctrip.com, 
56114239|1, 56114239|4058, https://www.linkedin.com, 
56114239|1, 56114239|2433, 56114311|2574, 56114311|4049, https://www.pinduoduo.com, 
56114311|1, 56114311|4059, https://www.douyin.com, 
56114311|1, 56114311|1421, 56114471|1482, 56114551|1562, 56121398|1655, 56121398|1728, 56125321|1804, 56125321|2134, 56125444|2204, 56125444|2288, 56125567|2366, 56126638|2434, 56127681|2508, 56127681|2584, 56127804|2643, 56127876|2714, 56127876|2789, 56140710|2847, 56140710|2975, 56149266|3028, 56149266|3101, 56153693|3193, 56153693|3275, 56155119|3391, 56155119|4025, https://www.netflix.com, 
56271332|1, 56271332|4065, https://www.jd.com, 
56271332|1, 56271332|4066, https://www.jianshu.com, 
56271332|1, 56271332|903, 56271404|1050, 56271404|1416, 56271548|1498, 56271548|1595, 56275868|1658, 56275868|1776, 56277163|1849, 56280727|1982, 56280727|2350, 56318666|2442, 56318666|2518, 56351598|2611, 56351598|2674, 56430911|2776, 56436591|2851, 56480611|2940, 56489131|3007, 56535991|3073, 56543855|3169, 56585035|3255, 56597159|3345, 56624139|3444, 56642599|3519, 56672419|3630, 56689459|3696, 56709339|3775, 56723539|3881, 56724959|3941, 56746259|4028, https://www.shodan.io, 
56819324|1, 56819324|4037, https://www.jd.com, 
56819324|1, 56819324|4046, https://www.ctrip.com, 
56819396|1, 56819396|3910, 56819476|3993, 56819852|4079, http://www.ox.ac.uk, 
56830858|1, 56830858|2875, 56831118|2958, 56831118|3089, 56831450|3156, 56831450|3361, 56831782|3428, 56831782|3537, 56831854|3620, 56831854|4043, https://zhuanlan.zhihu.com, 
56837571|1, 56837571|1141, 56837731|1257, 56837811|1331, 56837811|1479, 56841662|1540, 56841662|1675, 56841785|1770, 56841785|2079, 56842828|2175, 56842828|2292, 56842900|2381, 56853062|2444, 56853062|2544, 56861783|2625, 56861783|2785, 56867487|2862, 56867487|2977, 56870339|3065, 56870339|3281, 56870419|3348, 56870419|3565, 56872712|3649, 56872712|3771, 56876351|3850, 56876351|3926, 56877777|3984, 56877777|4060, https://www.netflix.com, 
56915047|1, 56915047|920, 56923955|1132, 56928742|1287, 56928742|1866, 56932445|1963, 56935667|2067, 56939434|2148, 57113626|2299, 57155934|2365, 57156546|2443, 57156546|4027, https://www.buaa.edu.cn, 
57156978|1, 57156978|893, 57164442|1087, 57168714|1227, 57168714|1820, 57281544|1929, 57312501|2011, 57312501|2105, 57727127|2237, 58199416|2341, 58480338|2442, 58480338|2525, 58506006|2621, 58645981|2713, 58757125|2789, 58911923|2893, 59021021|3001, 59615092|3172, 59618330|3279, 59669666|3358, 59740966|3475, 59812266|3540, 60536047|3701, 60633015|3786, 60633015|3918, 60640919|3975, 60640919|4050, https://www.pku.edu.cn, 
60641351|1, 60641351|969, 60641511|1160, 60641511|1254, 60641591|1340, 60641591|1420, 60645514|1496, 60645514|1667, 60645637|1760, 60645637|1990, 60645709|2051, 60645709|2583, 60646753|2674, 60646753|2809, 60646825|2883, 60646825|2937, 60656807|3018, 60656807|3135, 60662511|3223, 60662511|3303, 60665363|3355, 60665363|3474, 60668215|3559, 60668215|3640, 60671067|3718, 60671067|3857, 60673919|3953, 60673919|4028, https://www.netflix.com, 
60717366|1, 60717366|4082, https://www.jianshu.com, 
60717366|1, 60717366|4098, https://www.linkedin.com, 
60717438|1, 60717438|4002, https://www.linkedin.com, 
60717438|1, 60717438|849, 60717518|1028, 60717598|1184, 60721920|1276, 60721920|1335, 60722756|1416, 60722756|1468, 60727579|1541, 60742939|1624, 60768539|1690, 60835203|1788, 60835347|1845, 60835347|1906, 60839498|1987, 60901560|2062, 60901560|2159, 60960286|2304, 60962475|2380, 60969516|2519, 60969596|2595, 60977758|2674, 60980550|2758, 60989228|2827, 60989574|2928, 60989574|3457, 60990536|3537, 60990536|4059, https://www.yahoo.com, 
61179565|1, 61179565|4051, https://www.ctrip.com, 
61179565|1, 61179565|887, 61192081|1101, 61192816|1275, 61192816|1818, 61199127|1923, 61199741|1994, 61203508|2092, 61207982|2171, 61208288|2256, 61208902|2339, 61209209|2396, 61209209|2495, 61209515|2561, 61209515|2638, 61210127|2727, 61210127|4052, https://www.buaa.edu.cn, 
61210559|1, 61210559|335, 61210734|443, 61210734|4030, https://www.bing.com, 
61216286|1, 61216286|1002, 61216366|1163, 61216446|1300, 61220768|1396, 61220768|1447, 61221604|1529, 61226225|1605, 61241585|1666, 61279985|1764, 61286880|1831, 61320649|1895, 61335413|1984, 61335413|2047, 61335485|2110, 61335485|2246, 61374322|2326, 61448262|2457, 61448422|2522, 61458924|2646, 61460649|2712, 61469343|2832, 61470623|2918, 61475790|2979, 61476752|3065, 61485358|3134, 61485704|3205, 61486563|3318, 61486563|3405, 61487453|3502, 61487453|4038, https://www.yahoo.com, 
61644130|1, 61644130|881, 61651594|1033, 61655866|1163, 61655866|2057, 61657864|2153, 61657864|2320, 61660297|2402, 61660297|2521, 61666076|2658, 61666076|2881, 61666925|2940, 61666925|3166, 61668066|3261, 61668066|3349, 61668914|3427, 61669479|3543, 61669479|4043, https://www.pku.edu.cn, 
61669767|1, 61669767|4003, https://www.bing.com, 
61669767|1, 61669767|4005, https://www.jianshu.com, 
61669839|1, 61669839|3194, 61670295|3280, 61670295|4047, http://www.ox.ac.uk, 
61677099|1, 61677099|1541, 61686171|1641, 61686995|1727, 61687067|1791, 61687067|2065, 61687317|2170, 61687389|2246, 61716709|2373, 61716709|2503, 61716853|2597, 61716853|2739, 61772967|2845, 61772967|2988, 61773039|3094, 61773039|3236, 61773288|3313, 61773360|3372, 61773360|3609, 61773609|3706, 61773609|4032, https://www.mit.edu, 
61814684|1, 61814684|4039, https://www.apple.com, 
61814684|1, 61814684|4031, https://www.jd.com, 
61814924|1, 61814924|4047, https://zhuanlan.zhihu.com, 
61820572|1, 61820572|4056, http://blogs.360.cn, 
61820572|1, 61820572|4020, https://www.ctrip.com, 
61820644|1, 61820644|3128, 61820724|3253, 61820724|3326, 61824470|3462, 61824470|3548, 61824830|3648, 61824830|3737, 61825010|3796, 61825270|3887, 61825270|4034, https://www.ctrip.com, 
61825854|1, 61825854|155, 61826022|246, 61826022|4068, https://zhuanlan.zhihu.com, 
61831740|1, 61831740|914, 61839060|1061, 61843476|1251, 61843476|2263, 61845474|2381, 61845474|2457, 61847907|2538, 61847907|2665, 61849859|2761, 61853325|2857, 61853325|3068, 61853891|3131, 61854174|3203, 61854174|3315, 61855315|3379, 61855315|3542, 61855598|3621, 62051724|3753, 62051724|4056, https://www.pku.edu.cn, 
62051940|1, 62051940|4100, http://www.ox.ac.uk, 
62063791|1, 62063791|4043, https://world.taobao.com, 
62063791|1, 62063791|2566, 62063863|2648, 62063863|3011, 62063943|3088, 62064319|3157, 62064319|4066, http://www.ox.ac.uk, 
62071274|1, 62071274|4016, https://www.linkedin.com, 
62071274|1, 62071274|2324, 62071346|2471, 62071346|4067, http://blogs.360.cn, 
62071346|1, 62071346|4021, https://www.jianshu.com, 
62071418|1, 62071418|2123, 62071562|2219, 62071562|2426, 62077668|2522, 62077668|2653, 62094175|2736, 62094175|2850, 62130087|2946, 62130087|4029, https://www.douyin.com, 
62130207|1, 62130207|1115, 62130351|1264, 62130495|1372, 62130495|1461, 62134815|1551, 62134815|1611, 62136050|1686, 62136110|1777, 62138226|1845, 62138226|2372, 62139646|2450, 62139646|2512, 62139737|2607, 62139737|3059, 62139881|3139, 62139881|3254, 62144143|3313, 62144143|3480, 62162660|3549, 62162660|3606, 62165500|3689, 62165500|3779, 62167985|3868, 62167985|4088, https://www.shodan.io, 
62168779|1, 62168779|991, 62178031|1211, 62182567|1331, 62182979|1423, 62183051|1508, 62183051|1647, 62183301|1733, 62183301|1925, 62183373|2050, 62183661|2132, 62183661|2636, 62184018|2726, 62184018|2904, 62184090|3011, 62184090|3177, 62184339|3261, 62184339|4048, https://www.mit.edu, 
62185502|1, 62185502|903, 62192966|1202, 62197238|1305, 62197238|2152, 62199236|2274, 62199236|2721, 62201188|2814, 62205015|2906, 62205015|2998, 62207448|3095, 62208297|3173, 62208297|3348, 62209438|3426, 62209438|3489, 62209721|3595, 62209721|3726, 62210851|3807, 62210851|4014, https://www.pku.edu.cn, 
62211139|1, 62211139|4032, https://www.douyin.com, 
62211139|1, 62211139|2521, 62211211|2580, 62211211|4021, https://www.apple.com, 
62211211|1, 62211386|137, 62211386|4065, https://www.baidu.com, 
62211458|1, 62211458|1272, 62211618|1400, 62211698|1483, 62211698|1557, 62215621|1640, 62215621|1768, 62215744|1862, 62215744|2159, 62215816|2225, 62215816|2609, 62216859|2706, 62216859|2841, 62216931|2890, 62216931|2969, 62229765|3058, 62229765|3125, 62234043|3174, 62235469|3265, 62238321|3345, 62244025|3474, 62244135|3551, 62244135|4004, https://www.netflix.com, 
62323138|1, 62323138|4032, https://www.jianshu.com, 
62323138|1, 62323138|745, 62331977|1099, 62331977|2090, 62333975|2163, 62333975|2699, 62337004|2803, 62340187|2924, 62340187|2983, 62343761|3068, 62344044|3159, 62344044|3214, 62344610|3359, 62344610|3619, 62344893|3751, 62346023|3825, 62346023|4040, https://www.pku.edu.cn, 
62346551|1, 62346551|4067, https://zhuanlan.zhihu.com, 
62346551|1, 62346551|4050, https://www.apple.com, 
62346623|1, 62346623|846, 62355875|1039, 62355955|1188, 62355955|1622, 62360411|1681, 62361265|1799, 62361265|1930, 62361553|2009, 62361553|2499, 62361838|2598, 62361838|2783, 62362123|2855, 62362123|4049, https://www.mit.edu, 
62362290|1, 62362290|948, 62362434|1161, 62362434|1236, 62362506|1350, 62362506|1433, 62364667|1492, 62364667|1676, 62365390|1762, 62369016|1848, 62369076|1956, 62369076|2402, 62369136|2513, 62369659|2586, 62369659|2691, 62369719|2771, 62369719|3823, 62369901|3922, 62369901|4008, https://www.shodan.io, 
62369961|1, 62369961|2661, 62370221|2767, 62370221|2848, 62370373|2916, 62370553|3020, 62370553|3094, 62370625|3146, 62370885|3255, 62370885|3517, 62370957|3650, 62370957|4059, https://zhuanlan.zhihu.com, 
62370957|1, 62370957|4047, https://www.ctrip.com, 
62371029|1, 62371029|4040, https://zhuanlan.zhihu.com, 
62371029|1, 62371029|2636, 62371101|2761, 62371101|4038, https://www.linkedin.com, 
62371101|1, 62371101|4009, https://zhuanlan.zhihu.com, 
62371277|1, 62371277|4028, https://zhuanlan.zhihu.com, 
62371277|1, 62371277|829, 62383013|1078, 62383013|2100, 62385011|2208, 62385011|2359, 62387444|2443, 62387444|2571, 62390473|2656, 62393223|2788, 62393223|2924, 62394072|3022, 62394072|3078, 62395213|3205, 62395213|3307, 62396626|3416, 62396626|4022, https://www.pku.edu.cn, 
62396914|1, 62396914|963, 62397058|1214, 62397130|1390, 62397130|1467, 62399291|1562, 62399291|1644, 62399954|1718, 62399954|1804, 62403610|1916, 62403610|2763, 62403670|2867, 62404284|2991, 62404284|4011, https://www.shodan.io, 
62404448|1, 62404448|4056, https://www.jianshu.com, 
62404448|1, 62404448|1312, 62413700|1481, 62414416|1581, 62414416|1758, 62414666|1831, 62414666|2184, 62414738|2287, 62414738|2471, 62414989|2542, 62414989|2901, 62415346|3007, 62415346|3183, 62415418|3285, 62415418|3473, 62415667|3560, 62415667|4012, https://www.mit.edu, 
62415834|1, 62415834|728, 62415914|1000, 62424673|1241, 62424673|2314, 62426671|2415, 62426671|2579, 62429104|2682, 62429104|2927, 62435316|3041, 62435316|3276, 62446008|3386, 62446291|3454, 62446291|3569, 62447432|3669, 62447432|3757, 62447715|3846, 62448845|3995, 62448845|4088, https://www.pku.edu.cn, 
62449205|1, 62449205|742, 62450935|976, 62462456|1220, 62462456|1916, 62468695|2034, 62471307|2193, 62475064|2283, 62478072|2395, 62478758|2506, 62478758|2599, 62479371|2668, 62479983|2768, 62479983|4032, https://www.buaa.edu.cn, 
62481411|1, 62481411|989, 62485885|1176, 62490287|1353, 62490979|1448, 62491123|1557, 62513866|1656, 62549706|1740, 62578336|1827, 62604370|1954, 62604370|2030, 62604442|2084, 62604442|2174, 62649011|2284, 62671246|2387, 62727658|2498, 62729471|2617, 62735137|2742, 62745567|2807, 62751425|2922, 62753070|3035, 62753416|3116, 62753416|3223, 62753496|3357, 62753496|3607, 62757647|3698, 62758681|4067, https://www.yahoo.com, 
62915156|1, 62915156|606, 62915216|903, 62924468|1071, 62929004|1294, 62929774|1408, 62929774|2190, 62930062|2274, 62930062|2718, 62930347|2808, 62930347|3010, 62930632|3103, 62930632|4084, https://www.mit.edu, 
62930799|1, 62930799|3588, 62931255|3678, 62931255|4092, http://www.ox.ac.uk, 
62938725|1, 62938725|888, 62946189|1195, 62950461|1341, 62950461|2228, 62950621|2355, 62952459|2460, 62952459|2540, 62953270|2632, 62954892|2736, 62954892|2884, 62958001|2995, 62960671|3095, 62960671|3493, 62962944|3596, 62962944|3852, 62964074|3950, 62964074|4040, https://www.pku.edu.cn, 
62964362|1, 62964362|1169, 62964522|1366, 62964602|1487, 62970378|1615, 62970378|1714, 62971445|1791, 62972027|1885, 62972027|4068, https://www.alipay.com, 
62972087|1, 62972087|4011, https://www.apple.com, 
62972087|1, 62972087|984, 62972231|1282, 62972231|1426, 62972375|1505, 62972375|1605, 62976694|1727, 62976694|1801, 62977477|1894, 62981072|2010, 62981644|2144, 62981704|2237, 62981704|3021, 62981764|3132, 62982378|3267, 62982378|4018, https://www.shodan.io, 
62982438|1, 62982438|4086, https://www.baidu.com, 
62982438|1, 62982438|4053, https://www.jd.com, 
62982510|1, 62982510|4030, https://www.pinduoduo.com, 
62982510|1, 62982510|4088, https://www.jianshu.com, 
62982510|1, 62982510|1046, 62982654|1204, 62982726|1352, 62984887|1513, 62984887|1661, 62985610|1784, 62987272|1906, 62987532|1992, 62989466|2126, 62989798|2268, 62989798|2451, 62989870|2573, 62990130|2721, 62990262|2870, 62990876|3003, 62990876|4010, https://www.shodan.io, 
62990936|1, 62990936|1017, 63000332|1193, 63004958|1392, 63005566|1529, 63005566|2289, 63005854|2378, 63005854|2898, 63005926|3023, 63005926|3205, 63006651|3322, 63006651|3607, 63006900|3712, 63006900|4038, https://www.mit.edu, 
63007234|1, 63007234|4041, https://www.jd.com, 
63007234|1, 63007234|2329, 63007394|2464, 63007394|2606, 63009536|2702, 63009536|2872, 63012388|2933, 63012388|3015, 63013814|3108, 63013814|3261, 63013937|3349, 63013937|3691, 63016478|3814, 63016685|4006, https://www.netflix.com, 
63057589|1, 63057589|4064, https://www.ctrip.com, 
63057589|1, 63057589|940, 63064909|1097, 63069325|1353, 63069325|2378, 63071323|2486, 63071323|2721, 63073756|2818, 63073756|3062, 63097923|3175, 63097923|3525, 63099630|3678, 63100196|3761, 63100196|4093, https://www.pku.edu.cn, 
63101614|1, 63101614|4064, https://www.baidu.com, 
63101614|1, 63101614|4049, http://www.ox.ac.uk, 
63104699|1, 63104699|4034, http://www.ox.ac.uk, 
63112489|1, 63112489|4067, https://www.pinduoduo.com, 
63112489|1, 63112489|1161, 63112633|1316, 63112705|1405, 63112705|1473, 63114185|1578, 63114185|2194, 63114864|2300, 63114864|2396, 63115527|2475, 63119273|2576, 63119333|2740, 63119333|3306, 63119393|3445, 63120007|3557, 63120007|4001, https://www.shodan.io, 
63120067|1, 63120067|1178, 63120211|1371, 63120283|1547, 63121023|1616, 63121023|1792, 63122443|1887, 63122443|1961, 63123166|2087, 63125403|2223, 63126823|2334, 63126823|3109, 63126883|3220, 63127498|3342, 63127498|4061, https://www.shodan.io, 
63131744|1, 63131744|592, 63131904|826, 63141076|1082, 63145622|1215, 63146230|1342, 63146230|2312, 63146302|2412, 63146302|2593, 63146553|2672, 63146553|2810, 63146910|2951, 63146910|3132, 63147267|3293, 63147267|4061, https://www.mit.edu, 
63147434|1, 63147434|4026, https://www.baidu.com, 
63147434|1, 63147434|1144, 63156686|1340, 63161312|1535, 63161920|1669, 63161920|2214, 63162208|2356, 63162208|3095, 63162493|3194, 63162493|3462, 63162778|3595, 63162778|4105, https://www.mit.edu, 
63162945|1, 63162945|2441, 63163017|2515, 63163017|2645, 63166070|2768, 63166070|2832, 63174395|2922, 63174395|3027, 63181205|3136, 63181205|4019, https://www.douyin.com, 
63181265|1, 63181265|4085, https://www.douyin.com, 
63181265|1, 63181265|4043, https://www.ctrip.com, 
63181337|1, 63181337|1040, 63181481|1236, 63181553|1428, 63183714|1511, 63183714|1669, 63184437|1770, 63186612|1855, 63188092|1963, 63188092|2093, 63203193|2181, 63203193|2359, 63203337|2453, 63203337|2511, 63206238|2614, 63206238|2910, 63227214|2991, 63227214|3144, 63235866|3240, 63235866|4049, https://www.shodan.io, 
63240838|1, 63240838|873, 63249086|1035, 63254677|1286, 63254677|1982, 63260682|2082, 63276279|2171, 63280046|2293, 63317202|2449, 63318735|2508, 63318735|2593, 63319347|2690, 63319347|4047, https://www.buaa.edu.cn, 
63319779|1, 63319779|1026, 63328171|1248, 63333030|1431, 63333030|1942, 63334545|2105, 63339955|2205, 63341881|2299, 63345566|2442, 63348196|2522, 63349423|2611, 63349423|2793, 63350341|2873, 63350341|4035, https://www.buaa.edu.cn, 
63350773|1, 63350773|1143, 63350933|1317, 63351013|1466, 63351013|1559, 63354936|1650, 63354936|1799, 63355059|1888, 63355059|2027, 63355131|2122, 63355131|2203, 63356175|2293, 63356175|2445, 63356247|2559, 63370507|2639, 63370507|2696, 63380489|2795, 63380489|3074, 63381915|3167, 63381915|3268, 63383416|3384, 63383416|3632, 63383496|3729, 63383496|3905, 63387215|3998, 63387215|4088, https://www.netflix.com, 
63456500|1, 63456500|4073, https://world.taobao.com, 
63456500|1, 63456500|4008, https://zhuanlan.zhihu.com, 
63466650|1, 63466650|1197, 63466890|1317, 63466890|1410, 63472666|1503, 63473733|1597, 63473733|1712, 63473793|1796, 63473793|4039, https://www.alipay.com, 
63473853|1, 63473853|961, 63474013|1200, 63478335|1340, 63479027|1393, 63479171|1482, 63483994|1570, 63500634|1630, 63513434|1705, 63574874|1810, 63590964|1899, 63590964|1955, 63591036|2043, 63591036|2128, 63610068|2205, 63656271|2324, 63701992|2473, 63703352|2568, 63703352|2653, 63709098|2741, 63709098|3024, 63719719|3130, 63719719|3230, 63739246|3294, 63739398|3394, 63743286|3499, 63745163|3572, 63758051|3647, 63758123|3743, 63758123|3900, 63758195|3977, 63762273|4092, https://www.yahoo.com, 
63910495|1, 63910495|4076, https://zhuanlan.zhihu.com, 
63920717|1, 63920717|4013, https://www.apple.com, 
63920717|1, 63920717|4062, http://blogs.360.cn, 
63922102|1, 63922102|324, 63922362|444, 63922442|555, 63922594|688, 63922594|4087, https://www.ctrip.com, 
63922594|1, 63922594|836, 63922754|1045, 63936382|1264, 63937152|1437, 63937152|2227, 63937224|2312, 63937224|2548, 63937475|2620, 63937475|3052, 63937832|3172, 63937832|3332, 63937904|3468, 63938189|3565, 63938189|4090, https://www.mit.edu, 
63938356|1, 63938356|2276, 63938616|2457, 63938616|2550, 63938948|2639, 63938948|2895, 63939280|3044, 63939280|3368, 63939352|3478, 63939352|4136, https://www.jianshu.com, 
63939352|1, 63939352|4077, https://www.apple.com, 
63939352|1, 63939352|1090, 63939512|1326, 63939592|1436, 63945220|1528, 63945368|1659, 63946433|1738, 63946433|1808, 63946493|1905, 63946493|4026, https://www.alipay.com, 
63946553|1, 63946553|943, 63946713|1070, 63946873|1193, 63946873|1330, 63950868|1434, 63950868|1534, 63950991|1596, 63950991|1690, 63951990|1772, 63953105|1866, 63953105|1998, 63953177|2080, 63964585|2192, 63964585|2266, 63966011|2337, 63977365|2430, 63980217|2523, 63983069|2593, 63983192|2723, 63983192|3905, 63983272|3998, 63983272|4089, https://www.netflix.com, 
64079624|1, 64079624|732, 64087872|1049, 64092140|1216, 64092803|1354, 64092803|1880, 64094923|1986, 64099728|2085, 64101654|2161, 64105031|2297, 64107968|2422, 64108582|2499, 64109197|2599, 64109810|2705, 64109810|2784, 64110422|2864, 64110422|4062, https://www.buaa.edu.cn, 
64110854|1, 64110854|4031, https://www.bing.com, 
64110854|1, 64110854|4007, https://world.taobao.com, 
64110926|1, 64110926|1116, 64111086|1259, 64111166|1370, 64111166|1509, 64113663|1589, 64113663|1739, 64115089|1817, 64115089|1974, 64115212|2026, 64115212|2219, 64116327|2305, 64116327|2486, 64116399|2563, 64122011|2650, 64122011|2704, 64127715|2774, 64127715|2937, 64132300|3019, 64132300|3088, 64138004|3193, 64138004|3291, 64143677|3374, 64143677|3699, 64143757|3764, 64146050|4061, https://www.netflix.com, 
64205425|1, 64205425|4047, https://www.pinduoduo.com, 
64205425|1, 64205425|4036, https://www.jd.com, 
64206421|1, 64206421|4018, https://www.apple.com, 
64206421|1, 64206421|1274, 64206493|1399, 64206565|1471, 64206565|1602, 64208725|1692, 64208725|1823, 64209357|1919, 64211019|2019, 64211019|2083, 64212530|2178, 64213147|2305, 64213147|3121, 64213207|3171, 64213822|3260, 64213822|4071, https://www.shodan.io, 
64213882|1, 64213882|4012, https://www.bing.com, 
64213882|1, 64213882|4035, https://www.bing.com, 
64213954|1, 64213954|4037, https://www.bing.com, 
64214026|1, 64214026|911, 64226542|1149, 64227205|1274, 64227205|1836, 64232904|1971, 64234742|2054, 64236669|2156, 64240047|2266, 64243904|2359, 64243904|2424, 64244516|2504, 64244516|4057, https://www.buaa.edu.cn, 
64244948|1, 64244948|4034, https://www.jianshu.com, 
64244948|1, 64244948|986, 64245028|1132, 64249430|1284, 64249502|1374, 64250266|1455, 64250338|1531, 64255342|1601, 64273262|1696, 64316064|1795, 64342566|1865, 64363892|1936, 64363892|2155, 64395360|2236, 64427066|2389, 64432186|2493, 64438666|2561, 64442506|2628, 64446539|2737, 64467081|2846, 64477481|2920, 64501619|3035, 64509091|3153, 64512978|3253, 64520108|3325, 64520180|3420, 64524329|3515, 64524675|3580, 64524675|3763, 64525709|3853, 64525709|4018, https://www.yahoo.com, 
64683773|1, 64683773|4030, https://www.linkedin.com, 
64683773|1, 64683773|1768, 64683845|1904, 64683845|4004, https://www.jd.com, 
64683845|1, 64683845|640, 64692093|948, 64697096|1180, 64697096|1962, 64704021|2108, 64704021|2213, 64708712|2324, 64712568|2439, 64713182|2539, 64713182|2602, 64714407|2720, 64714407|4026, https://www.buaa.edu.cn, 
64715431|1, 64715503|137, 64715763|271, 64715763|679, 64715835|841, 64715835|4043, http://blogs.360.cn, 
64716628|1, 64716628|4021, http://blogs.360.cn, 
64717229|1, 64717229|4073, https://www.baidu.com, 
64717229|1, 64717229|315, 64717301|398, 64717301|4022, https://www.jd.com, 
64717301|1, 64717301|1145, 64717461|1294, 64717541|1414, 64717541|1558, 64720465|1655, 64720465|2294, 64721464|2390, 64721464|2535, 64721587|2639, 64721587|2737, 64721659|2796, 64722702|2893, 64722702|3051, 64722774|3126, 64722774|3179, 64731543|3297, 64740099|3401, 64740099|3535, 64747229|3598, 64747229|3704, 64749972|3800, 64749972|4011, https://www.netflix.com, 
64787406|1, 64787406|946, 64787566|1110, 64799142|1315, 64804918|1418, 64804918|1479, 64805992|1590, 64806052|1691, 64806052|4026, https://www.alipay.com, 
64806112|1, 64806112|4057, https://www.douyin.com, 
64806112|1, 64806112|865, 64806272|1049, 64806352|1213, 64812128|1350, 64813202|1432, 64813202|1495, 64813262|1585, 64813262|4069, https://www.alipay.com, 
64813322|1, 64813322|936, 64813490|1072, 64813650|1279, 64813730|1397, 64819506|1500, 64819506|1612, 64820491|1727, 64820551|1799, 64820551|4020, https://www.alipay.com, 
64820611|1, 64820611|4027, http://blogs.360.cn, 
64827488|1, 64827488|4064, http://blogs.360.cn, 
64828473|1, 64828473|4088, https://www.baidu.com, 
64839969|1, 64839969|4090, https://www.baidu.com, 
64840041|1, 64840041|4037, https://www.bing.com, 
64840041|1, 64840041|2771, 64840113|2827, 64840113|4086, https://www.baidu.com, 
64840113|1, 64840113|4066, https://world.taobao.com, 
64840185|1, 64840185|971, 64840345|1180, 64840345|1336, 64840505|1448, 64840505|1512, 64848351|1572, 64848351|1771, 64848597|1841, 64848597|2158, 64849713|2252, 64849713|2348, 64849785|2427, 64849785|2481, 64857096|2569, 64857096|2663, 64864226|2746, 64864226|2883, 64871356|3024, 64875576|3124, 64875576|4073, https://www.netflix.com, 
64916824|1, 64916824|4047, https://www.linkedin.com, 
64916824|1, 64916824|220, 64916896|279, 64916896|4030, https://www.bing.com, 
64916896|1, 64916896|4040, https://www.bing.com, 
64916968|1, 64916968|4039, https://www.apple.com, 
64916968|1, 64916968|998, 64917128|1198, 64917208|1297, 64922984|1369, 64923962|1477, 64923962|1581, 64924544|1640, 64924544|4020, https://www.alipay.com, 
64924604|1, 64924604|4050, https://www.apple.com, 
64924604|1, 64924604|731, 64924684|907, 64928430|1210, 64928610|1367, 64928790|1448, 64928790|1506, 64928870|1593, 64929050|1700, 64929050|1771, 64929122|1832, 64929382|1982, 64929454|2119, 64929454|4020, https://www.apple.com, 
64929454|1, 64929454|4045, https://world.taobao.com, 
64929526|1, 64929526|4025, https://www.linkedin.com, 
64929526|1, 64929526|2447, 64929598|2560, 64929598|4044, http://blogs.360.cn, 
64930424|1, 64930424|84, 64930544|183, 64930544|729, 64930624|985, 64930704|1185, 64933746|1305, 64933746|1899, 64933826|1987, 64933826|2047, 64938148|2134, 64938148|2214, 64938869|2314, 64940331|2374, 64947187|2505, 64952542|2619, 64961547|2749, 64964107|2805, 64973613|2902, 64984809|2989, 64987369|3065, 64988649|3125, 64990819|3210, 64992179|3313, 64998579|3404, 64998579|3460, 65011893|3563, 65023193|3663, 65027995|3750, 65032181|3816, 65043701|3921, 65052970|4030, https://www.yahoo.com, 
65288506|1, 65288506|4033, https://www.linkedin.com, 
65288506|1, 65288506|4055, https://world.taobao.com, 
65288578|1, 65288578|1187, 65288738|1372, 65293060|1519, 65293714|1614, 65295297|1707, 65296687|1793, 65300599|1855, 65318519|1971, 65346679|2077, 65363319|2152, 65378823|2214, 65398023|2317, 65414663|2434, 65444103|2582, 65450663|2645, 65476605|2755, 65484658|2848, 65491238|2938, 65508041|3029, 65514875|3125, 65518397|3263, 65518823|3381, 65523992|3452, 65532216|3590, 65539968|3705, 65547648|3805, 65550288|3895, 65557711|4044, https://www.yahoo.com, 
65715703|1, 65715703|4049, https://www.jd.com, 
65715703|1, 65715703|4064, https://www.douyin.com, 
65715775|1, 65715775|4016, https://www.douyin.com, 
65715775|1, 65715775|1015, 65715855|1191, 65718977|1372, 65718977|1561, 65720257|1676, 65720877|1798, 65720949|1897, 65723744|1989, 65746784|2104, 65772528|2221, 65785328|2293, 65804528|2411, 65819888|2539, 65822448|2635, 65826288|2702, 65830128|2797, 65833968|2894, 65837808|2986, 65841648|3048, 65848048|3127, 65851888|3225, 65858288|3324, 65865968|3483, 65871248|3570, 65882090|3738, 65885095|3845, 65896497|3955, 65904611|4058, https://www.yahoo.com, 
66138456|1, 66138456|4038, https://www.pinduoduo.com, 
66138456|1, 66138456|4012, https://www.baidu.com, 
66144149|1, 66144149|4049, https://www.bing.com, 
66144149|1, 66144149|4064, http://blogs.360.cn, 
66145245|1, 66145245|102, 66145305|216, 66145305|1128, 66145465|1303, 66145465|1450, 66145545|1532, 66151321|1633, 66152297|1740, 66152297|1808, 66152357|1905, 66152357|4001, https://www.alipay.com, 
66152417|1, 66152417|4062, https://world.taobao.com, 
66152417|1, 66152417|4079, https://world.taobao.com, 
66152489|1, 66152489|4054, https://www.douyin.com, 
66152489|1, 66152489|2584, 66152561|2703, 66152561|4003, https://www.pinduoduo.com, 
66152561|1, 66152561|805, 66152665|1087, 66152665|4068, https://www.douyin.com, 
66152737|1, 66152737|1030, 66152897|1217, 66152977|1408, 66158753|1485, 66158753|1578, 66159820|1659, 66159820|1736, 66159880|1799, 66159880|4036, https://www.alipay.com, 
66159940|1, 66159940|1046, 66160200|1228, 66160200|1380, 66160272|1446, 66160532|1537, 66160532|1727, 66160864|1866, 66160936|2009, 66160936|4005, https://www.pinduoduo.com, 
66160936|1, 66160936|2404, 66161040|2551, 66161040|4050, http://blogs.360.cn, 
66161040|1, 66161040|4053, https://world.taobao.com, 
66161112|1, 66161112|4061, https://www.pinduoduo.com, 
66161112|1, 66161112|4058, https://www.pinduoduo.com, 
66161524|1, 66161704|94, 66161776|230, 66162036|380, 66162108|492, 66162108|4035, https://www.pinduoduo.com, 
