166165217|1, 166165217|658, 166173637|917, 166178821|1104, 166179154|1231, 166179154|1614, 166180213|1702, 166186079|1820, 166188618|1916, 166191762|1999, 166200576|2115, 166200883|2209, 166200883|2279, 166201496|2368, 166202108|2465, 166202330|2558, 166203088|2667, 166203088|2921, 166207271|3007, 166207427|3069, 166210526|3159, 166210638|3224, 166211570|3321, 166211570|4047, https://www.buaa.edu.cn, 
166212455|1, 166212455|647, 166212983|830, 166217385|968, 166217385|1034, 166218056|1099, 166218200|1170, 166218200|1223, 166219533|1304, 166222357|1383, 166228757|1463, 166240277|1544, 166263461|1598, 166299573|1688, 166299573|1744, 166336141|1839, 166371981|1915, 166436203|2069, 166436443|2168, 166446907|2243, 166457270|2372, 166464996|2457, 166473567|2523, 166481333|2642, 166486823|2745, 166490368|2829, 166490714|2898, 166490714|2983, 166491676|3042, 166491676|3330, 166492081|3406, 166492081|3603, 166492141|3685, 166492141|3823, 166497690|3955, 166497690|4029, https://www.yahoo.com, 
166774786|1, 166774786|232, 166774838|370, 166784901|616, 166789795|771, 166790403|857, 166790403|1182, 166790673|1254, 166790673|1328, 166790967|1424, 166794281|1534, 166796156|1610, 166796204|1681, 166796204|2016, 166796489|2099, 166796489|2325, 166799699|2399, 166800096|2480, 166805875|2571, 166805923|2641, 166805923|2712, 166807264|2793, 166810068|2848, 166810180|2938, 166815700|3011, 166816229|3085, 166816229|3281, 166816281|3378, 166816281|3576, 166819768|3646, 166819768|3716, 166819899|3777, 166819945|3847, 166835052|3921, 166838441|3984, 166838441|4047, https://www.mit.edu, 
166843206|1, 166843867|131, 166843867|348, 166852853|600, 166857632|741, 166857632|1162, 166857892|1235, 166857892|1369, 166864131|1477, 166864817|1554, 166866743|1657, 166870500|1747, 166878394|1838, 166879927|1910, 166879927|1969, 166880761|2040, 166881105|2118, 166881105|2359, 166881631|2467, 166885858|2548, 166889079|2612, 166889191|2690, 166889507|2745, 166890123|2848, 166890123|4036, https://www.buaa.edu.cn, 
166891502|1, 166891502|572, 166892486|760, 166892532|887, 166896401|984, 166897711|1065, 166897711|1137, 166898781|1213, 166903188|1317, 166903188|1439, 166903841|1512, 166903841|1651, 166904511|1727, 166905657|1818, 166905657|1870, 166905788|1948, 166905788|2402, 166907138|2525, 166916880|2670, 166925024|2819, 166945270|2949, 166955926|3021, 166962399|3122, 166964196|3188, 166964887|3254, 166966091|3332, 166966091|3401, 166966137|3479, 166966137|3685, 166973490|3760, 166979526|3840, 166979526|3909, 166979598|3977, 166979858|4052, https://world.taobao.com, 
167026831|1, 167027258|105, 167027258|179, 167027514|275, 167027770|373, 167027770|768, 167039145|979, 167039145|1251, 167039411|1309, 167052171|1387, 167052171|1616, 167246337|1736, 167343682|1893, 167813702|2049, 168367397|2203, 168772709|2331, 168798619|2424, 168798619|3165, 168802354|3253, 168808386|3370, 168809423|3469, 168809423|3562, 168809535|3684, 168817759|3813, 168817871|3916, 168818803|4039, https://www.jianshu.com, 
168851489|1, 168852009|120, 168852009|706, 168852851|906, 168852851|1014, 168853031|1102, 168853031|1229, 168853151|1293, 168853211|1367, 168853263|1449, 168867311|1566, 168867739|1655, 168873003|1719, 168891704|1809, 168891756|1861, 168892589|1943, 168921918|2010, 168934752|2078, 168936395|2151, 168965695|2231, 169062862|2303, 169062862|2436, 169102089|2516, 169102089|2645, 169135939|2718, 169136166|2791, 169136166|2849, 169151368|2930, 169151638|3006, 169151853|3064, 169152070|3146, 169152287|3203, 169154332|3301, 169154332|3360, 169154773|3440, 169154773|3501, 169156061|3591, 169159670|3662, 169261135|3750, 169262064|3813, 169262064|3885, 169273742|3960, 169287543|4033, http://www.ox.ac.uk, 
169392807|1, 169392807|765, 169419595|1047, 169472921|1168, 169472921|1949, 170063444|2095, 170118086|2180, 170118086|2372, 170197199|2452, 170203411|2559, 170236794|2622, 170236794|2690, 170241217|2824, 170242299|2954, 170242299|3046, 170242411|3117, 170247622|3208, 170250744|3303, 170251736|3398, 170252352|3485, 170252352|4012, https://www.pku.edu.cn, 
170253096|1, 170253391|84, 170253391|687, 170253653|834, 170261586|1005, 170265318|1111, 170265894|1191, 170265946|1244, 170267735|1325, 170274744|1396, 170274744|1641, 170314916|1744, 170334299|1821, 170334559|1896, 170334559|1949, 170335193|2070, 171088619|2268, 171474891|2417, 171483296|2509, 171510502|2578, 171524213|2653, 171524596|2716, 171526383|2798, 171527108|2853, 171528371|2933, 171528371|3117, 171528431|3186, 171528431|3314, 171532238|3396, 171532290|3460, 171532648|3541, 171532648|3594, 171535927|3683, 171535927|3875, 171536030|3938, 171536030|4017, https://www.linkedin.com, 
171550826|1, 171550826|74, 171551170|169, 171551170|881, 171560472|1054, 171565105|1185, 171566572|1305, 171567010|1372, 171567010|1637, 171567419|1769, 171567867|1866, 171568270|1948, 171568270|2354, 171570111|2433, 171570111|2832, 171570449|2927, 171590698|3053, 171594908|3178, 171598483|3255, 171605732|3361, 171612705|3456, 171664640|3540, 171667670|3606, 171667834|3681, 171668150|3747, 171668766|3826, 171668894|4028, https://www.ctrip.com, 
171837932|1, 171837932|610, 171838050|802, 171842195|923, 171873868|1115, 171873868|1195, 171873920|1278, 171873920|1559, 171912461|1675, 172079908|1791, 172080206|1849, 172080252|1926, 172080252|1975, 172133078|2104, 172186820|2241, 172187955|2350, 172291596|2429, 172291596|2556, 172291864|2632, 172291864|3715, 172296501|3798, 172297408|3875, 172297408|4025, https://www.jd.com, 
172376238|1, 172376356|74, 172376356|659, 172386716|887, 172391489|1018, 172391489|1170, 172460248|1251, 172460248|1684, 172473874|1768, 172590672|1908, 172626344|2010, 172715151|2087, 172721491|2152, 172721491|2274, 172721749|2343, 172721749|2512, 172722017|2588, 172722017|3517, 172727028|3578, 172728356|3687, 172728356|3888, 172728468|3961, 172737141|4052, https://www.baidu.com, 
172926426|1, 172926708|133, 172926708|681, 172927138|889, 172927580|1003, 172927660|1127, 172927660|1185, 172933436|1273, 172933436|1326, 172934512|1413, 172934847|1488, 172940373|1577, 172940835|1641, 172941596|1751, 172941596|1818, 172945255|1939, 172946081|1999, 172946081|2073, 172946430|2172, 172959461|2270, 172960843|2329, 172960843|2489, 172961111|2565, 172961111|2812, 172961478|2901, 172961965|2972, 172961965|3066, 172962093|3128, 172962221|3193, 172962221|4011, https://www.alipay.com, 
172962760|1, 172962760|870, 172963317|1057, 172963693|1165, 172963693|1256, 172963753|1327, 172963753|1452, 172964028|1531, 172964028|1605, 172964296|1690, 172964296|1764, 172964664|1869, 172964776|1937, 172964776|2014, 172969171|2071, 172969223|2146, 172969839|2198, 172970161|2295, 172970649|2365, 172970649|2428, 172971128|2528, 172971345|2580, 172971345|2711, 172971779|2782, 172972214|2860, 172972214|2926, 172972431|2998, 172972431|3044, 172972708|3124, 172972708|3178, 172978412|3247, 172978412|4012, http://www.ox.ac.uk, 
173139426|1, 173139426|384, 173141069|570, 173142669|741, 173143172|905, 173143224|1000, 173143284|1077, 173143284|1202, 173143559|1249, 173143559|1627, 173143987|1683, 173144039|1788, 173148434|1860, 173148744|1930, 173149360|2020, 173150605|2123, 173150605|2249, 173151524|2334, 173151784|2389, 173151784|2472, 173152488|2543, 173152820|2628, 173152820|2756, 173167514|2830, 173167906|2906, 173167906|3006, 173196426|3074, 173196498|3168, 173205054|3241, 173219314|3327, 173219531|3406, 173226661|3465, 173239949|3562, 173242817|3627, 173263618|3714, 173270445|3782, 173270445|3854, 173282029|3945, 173293497|4039, http://www.ox.ac.uk, 
173732694|1, 173732694|106, 173732843|169, 173733060|274, 173733060|825, 173739670|1048, 173744124|1190, 173744124|1271, 173744989|1346, 173745061|1436, 173745061|1569, 173759977|1672, 173769971|1738, 173785068|1808, 173786348|1868, 173786348|1927, 173824904|2082, 173843842|2168, 173879812|2307, 173885987|2364, 173911895|2454, 173923526|2529, 173931686|2645, 173937018|2713, 173942990|2799, 173951312|2862, 173951384|2953, 173951642|3027, 173952837|3113, 173953242|4027, https://www.yahoo.com, 
174357099|1, 174357099|609, 174366529|849, 174372317|954, 174373670|1060, 174374154|1124, 174374154|1331, 174374424|1415, 174374424|1625, 174374833|1710, 174375684|1811, 174375684|2195, 174377199|2277, 174377199|2729, 174384573|2827, 174397850|2916, 174399016|3009, 174401682|3103, 174408885|3202, 174411281|3278, 174413305|3369, 174419275|3462, 174424483|3546, 174424885|3630, 174428625|3696, 174432944|3804, 174432992|3854, 174433040|3930, 174433040|4064, https://www.ctrip.com, 
174440533|1, 174440533|103, 174440874|201, 174440874|850, 174448971|1093, 174453271|1241, 174462115|1327, 174462115|1560, 174462183|1638, 174462455|1721, 174462455|2452, 174463699|2639, 174469067|2757, 174473692|2867, 174481054|2951, 174490474|3030, 174503221|3087, 174504018|3178, 174505327|3239, 174507000|3335, 174507000|3528, 174507106|3586, 174507106|3724, 174510385|3798, 174510957|3895, 174511327|4028, https://www.linkedin.com, 
174535122|1, 174535122|68, 174535530|146, 174535609|249, 174535609|731, 174535887|934, 174543348|1091, 174547573|1244, 174547759|1311, 174547759|1724, 174649214|1831, 174649214|1901, 174649710|1981, 174735405|2055, 175285852|2169, 175704851|2285, 176085727|2436, 176553903|2557, 176562018|2631, 176565454|2712, 176632458|2781, 176687221|2871, 176842170|2951, 176956728|3059, 177218681|3144, 177218681|4026, https://www.pinduoduo.com, 
177220053|1, 177220053|125, 177220495|203, 177220495|773, 177227583|899, 177231706|1062, 177236420|1197, 177236420|2174, 177246305|2303, 177255447|2391, 177257566|2524, 177261638|2618, 177264937|2705, 177265049|2765, 177265981|2841, 177265981|3042, 177266340|3119, 177266340|4032, https://www.douyin.com, 
177266872|1, 177266872|145, 177267138|271, 177267138|808, 177267654|1014, 177267996|1103, 177267996|1182, 177268488|1251, 177268488|1321, 177268648|1400, 177268728|1458, 177268728|1546, 177275575|1630, 177275575|1710, 177279498|1785, 177279498|2111, 177279893|2191, 177279893|2275, 177281087|2353, 177282130|2411, 177282130|2489, 177282253|2565, 177282253|2616, 177282325|2702, 177295159|2771, 177295159|2893, 177303715|2951, 177303715|3079, 177308142|3177, 177308142|3293, 177309568|3383, 177309568|4009, https://www.netflix.com, 
177426321|1, 177426321|104, 177426618|173, 177426618|748, 177430717|938, 177452625|1153, 177452625|1270, 177461447|1387, 177461707|1447, 177461707|1730, 177462429|1825, 177466568|1930, 177471502|2023, 177471548|2098, 177524321|2205, 177525567|2309, 177526480|2426, 177526480|3353, 177526742|3427, 177531115|3528, 177531907|3593, 177531953|3668, 177531953|3733, 177532260|3806, 177537463|3893, 177542285|3958, 177556180|4064, https://www.jd.com, 
177610915|1, 177610915|219, 177611342|335, 177611342|1042, 177622702|1261, 177622702|1574, 177635464|1664, 177635464|1719, 177635724|1808, 177635724|1969, 177636071|2073, 177640329|2145, 177640988|2226, 177640988|3306, 177645033|3396, 177645585|3464, 177645807|3554, 177646151|3623, 177651430|3792, 177651430|3875, 177651956|3973, 177656804|4058, https://www.jianshu.com, 
177678383|1, 177678383|168, 177678498|242, 177678498|709, 177678744|895, 177678859|1027, 177678859|1180, 177679041|1251, 177679041|1377, 177679185|1464, 177679441|1547, 177683761|1621, 177683761|1731, 177685116|1812, 177688620|1959, 177688620|2057, 177688832|2158, 177689138|2236, 177699977|2318, 177727450|2400, 177743636|2492, 177760676|2569, 177770736|2635, 177840205|2746, 177850145|2807, 177890291|2900, 177900231|2963, 177953651|3053, 177955071|3129, 178004212|3223, 178012732|3315, 178036872|3399, 178065528|3497, 178091088|3599, 178103868|3650, 178133688|3757, 178133688|3837, 178136528|3906, 178168038|3998, 178187918|4054, https://www.shodan.io, 
178229743|1, 178229743|796, 178233842|960, 178267119|1171, 178267119|1747, 178267887|1831, 178271980|1925, 178276914|2021, 178276960|2100, 178276960|2209, 178294072|2300, 178329428|2394, 178331187|2526, 178331233|2627, 178331233|3715, 178335606|3792, 178336513|3880, 178340876|4048, https://www.jd.com, 
178415862|1, 178415862|76, 178416206|169, 178416206|609, 178416310|894, 178430103|1129, 178431763|1224, 178432247|1311, 178432247|1760, 178432656|1877, 178433104|1978, 178433507|2055, 178433507|2127, 178433910|2186, 178434178|2283, 178434442|2333, 178434442|2400, 178435891|2477, 178436225|2540, 178436225|2882, 178444912|3015, 178456863|3113, 178458573|3225, 178461559|3312, 178464427|3388, 178469642|3485, 178476592|3561, 178483419|3675, 178483569|3744, 178485128|3814, 178486822|3889, 178486822|4036, https://www.ctrip.com, 
178500230|1, 178500230|621, 178500276|835, 178500276|995, 178500779|1145, 178500839|1230, 178500839|1425, 178501166|1505, 178501166|1729, 178501594|1791, 178501646|1875, 178506101|1946, 178506153|2003, 178506769|2073, 178508592|2146, 178508592|2299, 178509894|2366, 178510348|2445, 178513686|2516, 178516048|2582, 178530842|2662, 178530842|2896, 178546238|2984, 178546455|3056, 178546680|3138, 178570990|3238, 178581458|3303, 178592866|3392, 178603836|3461, 178630658|3550, 178664655|3649, 178687471|3706, 178787432|3824, 178793886|3894, 178816670|3986, 178831366|4070, http://www.ox.ac.uk, 
179208063|1, 179208470|60, 179208470|694, 179217327|847, 179221842|980, 179221842|1069, 179234727|1156, 179234805|1211, 179234805|1542, 179299386|1649, 180275126|1848, 180938216|1978, 181840874|2161, 181894396|2234, 181894396|2567, 181894491|2659, 181894842|2748, 181894842|2796, 181895102|2864, 181895102|3072, 181895434|3145, 181895434|3280, 181895506|3343, 181895766|3432, 181896038|3531, 181896110|3602, 181896110|3810, 181900890|3926, 181982452|4030, https://zhuanlan.zhihu.com, 
182005794|1, 182005794|838, 182005927|1017, 182006849|1154, 182007115|1261, 182007195|1323, 182007195|1461, 182011046|1536, 182011046|1605, 182011169|1681, 182011169|2010, 182012476|2069, 182012476|2288, 182012548|2374, 182022710|2430, 182022710|2536, 182031431|2613, 182031431|2697, 182037135|2773, 182037135|2895, 182039987|2979, 182040203|3050, 182040203|3205, 182040283|3265, 182040283|3558, 182042576|3640, 182042576|3703, 182042636|3765, 182046275|3851, 182047701|3910, 182047701|4055, https://www.netflix.com, 
182085028|1, 182085028|718, 182085292|954, 182098664|1181, 182099327|1261, 182099327|1677, 182099593|1776, 182099593|1839, 182106518|1962, 182108444|2046, 182144637|2150, 182332311|2282, 182332311|2345, 182333145|2438, 182333489|2509, 182333489|2717, 182338241|2845, 182341321|2909, 182341321|2968, 182341433|3044, 182342365|3105, 182342365|3245, 182342623|3316, 182342623|4063, https://www.buaa.edu.cn, 
182343322|1, 182343322|122, 182343528|227, 182343528|896, 182351430|1108, 182355908|1210, 182355908|1795, 182499695|1917, 182499695|2096, 183073019|2225, 183593509|2337, 183667661|2425, 183690477|2496, 183693458|2597, 183904778|2693, 183973226|2770, 184143661|2883, 184257069|2979, 184806477|3159, 184806589|3248, 184882167|3346, 184959777|3449, 185232598|3533, 185829942|3691, 185829942|3821, 185831368|3893, 185837846|3944, 185837846|4035, https://www.pku.edu.cn, 
185838459|1, 185838459|797, 185839065|1018, 185839813|1144, 185839813|1242, 185839893|1332, 185839893|1394, 185843816|1488, 185844082|1572, 185844082|1651, 185844205|1752, 185844205|1970, 185844277|2035, 185844277|2564, 185845321|2650, 185845321|2789, 185845393|2858, 185848245|2920, 185855375|3002, 185855375|3060, 185861079|3121, 185861079|3277, 185863931|3350, 185863931|3469, 185866783|3538, 185866783|3628, 185869635|3704, 185869635|3762, 185869893|3842, 185872745|3942, 185872961|4005, https://www.netflix.com, 
185916485|1, 185916485|889, 185924024|1119, 185928130|1236, 185928130|1523, 185940894|1611, 185940894|1949, 185946158|2106, 185946158|3017, 185949893|3080, 185990708|3170, 186056014|3281, 186056112|3380, 186056112|3479, 186061391|3580, 186066494|3667, 186070428|3799, 186071360|3858, 186078892|3987, 186078892|4059, https://www.jianshu.com, 
186101357|1, 186101357|124, 186101652|216, 186101652|759, 186101772|924, 186113989|1102, 186114223|1246, 186120369|1321, 186123276|1414, 186123276|1692, 186123796|1814, 186123796|2044, 186124052|2119, 186173968|2311, 186177162|2441, 186178165|2551, 186184453|2666, 186188258|2735, 186207555|2833, 186208147|2894, 186211606|2962, 186213466|3043, 186213574|3101, 186213574|3256, 186213634|3325, 186217433|3425, 186217589|3478, 186221001|3542, 186221111|3622, 186221214|3687, 186221214|3747, 186221317|3837, 186221317|3908, 186222639|3976, 186222943|4072, https://www.linkedin.com, 
186248629|1, 186248629|727, 186249007|983, 186261224|1182, 186261458|1273, 186270574|1370, 186270574|2368, 186271818|2515, 186277252|2647, 186281634|2775, 186284107|2854, 186288815|2985, 186290853|3038, 186298178|3120, 186298178|3185, 186298238|3253, 186298238|3390, 186301517|3453, 186301517|3595, 186302049|3654, 186303820|3750, 186303930|3826, 186305408|3888, 186306996|4036, https://www.linkedin.com, 
186335148|1, 186335541|113, 186335541|561, 186335672|827, 186336057|988, 186336585|1132, 186340907|1211, 186341599|1286, 186341743|1353, 186341743|1402, 186361926|1495, 186384966|1563, 186407129|1646, 186454596|1730, 186454596|1851, 186486770|1938, 186520809|2000, 186522613|2106, 186582765|2255, 186584562|2345, 186591013|2477, 186599235|2535, 186602027|2626, 186606907|2697, 186611475|2784, 186611475|3394, 186615281|3492, 186616571|4060, https://www.yahoo.com, 
187033754|1, 187033754|150, 187036192|214, 187036192|767, 187046554|1038, 187052342|1146, 187053313|1231, 187066767|1337, 187086677|1394, 187086677|1701, 187087719|1807, 187117511|1913, 187225252|2006, 187225252|2241, 187226630|2335, 187252493|2422, 187276814|2499, 187276814|2898, 187277212|2999, 187289713|3079, 187298032|3162, 187304225|3278, 187304225|3338, 187307963|3432, 187307963|3518, 187341796|3604, 187414953|3732, 187421647|3803, 187426707|3905, 187426989|3966, 187429637|4036, https://www.ctrip.com, 
187441874|1, 187441874|679, 187451218|939, 187456561|1129, 187456561|1721, 187457700|1823, 187463486|1912, 187463758|1993, 187469063|2087, 187472240|2161, 187477569|2251, 187478183|2321, 187478490|2396, 187478796|2481, 187479210|2546, 187479822|2632, 187480044|2713, 187480388|2832, 187480388|2976, 187480768|3055, 187484994|3156, 187488019|3222, 187488079|3283, 187488447|3359, 187489063|3435, 187489063|4045, https://www.buaa.edu.cn, 
187491088|1, 187491088|161, 187491499|232, 187491499|335, 187491674|434, 187491674|531, 187491936|725, 187507710|990, 187516419|1164, 187517420|1276, 187552313|1362, 187552487|1436, 187552487|2010, 187553683|2133, 187554030|2214, 187569009|2321, 187569558|2390, 187569558|4031, https://www.bing.com, 
187576309|1, 187576309|1022, 187576837|1195, 187576917|1300, 187581239|1382, 187581931|1440, 187582075|1531, 187586696|1593, 187602056|1663, 187647351|1752, 187681120|1820, 187695884|1905, 187695884|1978, 187696154|2033, 187696226|2105, 187696226|2229, 187735063|2338, 187811067|2450, 187811227|2521, 187822093|2642, 187823818|2697, 187835579|2839, 187841713|2904, 187843556|2974, 187852234|3065, 187852234|3119, 187852580|3209, 187853577|3315, 187854634|3415, 187854634|3796, 187855025|3858, 187855244|4027, https://www.yahoo.com, 
188175468|1, 188175468|876, 188189728|1055, 188190340|1157, 188190340|1234, 188190600|1316, 188190600|1986, 188192000|2049, 188192993|2153, 188192993|2241, 188195426|2315, 188195426|2511, 188201205|2654, 188201205|2864, 188202276|2933, 188202276|3001, 188202620|3082, 188203761|3166, 188203761|3254, 188204044|3340, 188205286|3431, 188209514|3534, 188212649|3601, 188213077|3685, 188213693|3764, 188213826|4026, https://www.pku.edu.cn, 
188217055|1, 188217055|381, 188219811|439, 188219811|517, 188220079|622, 188220079|835, 188235495|1058, 188244562|1246, 188245563|1389, 188245563|1446, 188279030|1529, 188279030|1667, 188279572|1786, 188279572|2109, 188279710|2218, 188279897|2330, 188280102|2395, 188280651|2484, 188280651|4039, https://www.bing.com, 
188280972|1, 188280972|202, 188281249|281, 188281249|781, 188288579|979, 188293068|1130, 188293068|1413, 188305833|1481, 188305833|1811, 188311369|1973, 188311369|2033, 188314125|2113, 188314125|3095, 188318624|3196, 188319236|3285, 188319236|3473, 188324515|3585, 188329617|3671, 188333100|3793, 188340545|3875, 188341477|3961, 188341477|4046, https://www.jianshu.com, 
188367634|1, 188367634|137, 188367904|243, 188367904|609, 188368279|715, 188368537|825, 188368537|1042, 188369010|1235, 188369130|1351, 188369250|1432, 188369250|1553, 188383562|1629, 188383562|1837, 188388552|1949, 188388980|2049, 188393637|2144, 188393697|2201, 188393749|2272, 188395879|2378, 188395879|2519, 188397537|2609, 188559922|2684, 188562760|2769, 188565497|2837, 188605913|2925, 188606710|3026, 188640879|3099, 188641767|3186, 188656470|3271, 188671667|3332, 188672326|3437, 188673090|3536, 188686463|3627, 188686463|3709, 188698088|3788, 188712787|3869, 188738894|3962, 188754128|4036, http://www.ox.ac.uk, 
188895772|1, 188895772|858, 188895946|1028, 188896266|1143, 188896266|1456, 188896864|1531, 188906036|1633, 188906680|1703, 188906752|1773, 188906752|1972, 188907002|2050, 188907296|2159, 188934438|2240, 188970062|2367, 188970062|2488, 188970464|2593, 188970918|2650, 188973674|2737, 189031468|2830, 189031516|2886, 189031516|2988, 189031588|3072, 189031588|3224, 189032888|3290, 189033250|3360, 189036054|3443, 189037914|3532, 189038701|3610, 189038701|3755, 189038761|3822, 189038761|3893, 189042134|3956, 189042134|4019, https://www.mit.edu, 
189130999|1, 189130999|93, 189131451|176, 189131451|270, 189131707|354, 189131707|761, 189131967|980, 189141349|1158, 189146411|1268, 189156473|1367, 189156745|1426, 189156745|1717, 189187768|1822, 189533190|1948, 189555102|2044, 189585828|2110, 189585828|2171, 189586013|2248, 189586013|2308, 189589339|2390, 189590020|2467, 189814007|2558, 189814059|2627, 189814794|2704, 189814794|2838, 190489144|2976, 190661736|3056, 190662828|3122, 190662828|3341, 190662967|3432, 190662967|3559, 190663371|3652, 190663431|3722, 190663431|3788, 190667914|3883, 190667914|4021, https://www.apple.com, 
190694400|1, 190694400|135, 190695505|208, 190695505|947, 190699824|1123, 190734065|1247, 190734065|1707, 190736358|1866, 190743748|1966, 190744279|2058, 190796260|2144, 190819735|2243, 190881942|2370, 190907278|2478, 190907278|3749, 190912443|3889, 190912489|3948, 190912489|4032, https://www.jd.com, 
191053773|1, 191053773|667, 191062121|926, 191067571|1139, 191067571|1232, 191080259|1332, 191080259|1442, 191080531|1519, 191080531|1815, 191092178|1933, 191102990|2042, 191175575|2107, 191175575|2186, 191175833|2272, 191175833|3264, 191175901|3341, 191175901|4052, https://zhuanlan.zhihu.com, 
191203571|1, 191203571|79, 191204031|171, 191204031|778, 191204135|905, 191230114|1067, 191230114|1639, 191247854|1741, 191250722|1828, 191255635|1908, 191310903|2006, 191315084|2068, 191316228|2137, 191350956|2231, 191351002|2332, 191351002|2407, 191354212|2517, 191363950|2624, 191368920|2732, 191370738|2841, 191411828|2920, 191414632|3007, 191417008|3098, 191487303|3174, 191487303|4028, http://blogs.360.cn, 
191489661|1, 191489661|76, 191489859|183, 191490261|315, 191490261|975, 191499569|1154, 191505044|1283, 191505540|1371, 191505978|1450, 191505978|1788, 191535200|1891, 191536488|2009, 191585612|2086, 191585612|2454, 191587127|2521, 191587127|2611, 191587195|2685, 191587195|2938, 191597540|3053, 191608610|3154, 191615127|3228, 191617871|3333, 191617967|3420, 191618432|3490, 191624062|3592, 191627444|3692, 191630312|3775, 191635529|3862, 191636193|3926, 191637064|3994, 191637064|4070, https://www.ctrip.com, 
191646833|1, 191646833|800, 191648159|1024, 191652476|1127, 191653945|1242, 191654383|1319, 191654383|1761, 191655095|1849, 191656041|1965, 191656041|2220, 191656301|2283, 191656301|2367, 191656559|2430, 191658074|2497, 191658074|2905, 191660893|2986, 191678745|3120, 191682446|3220, 191696916|3334, 191697801|3439, 191702928|3518, 191709463|3630, 191710283|3703, 191710839|3764, 191711767|3860, 191711839|4004, https://www.ctrip.com, 
191726705|1, 191726705|132, 191727264|241, 191727264|593, 191727528|835, 191736597|1080, 191741375|1217, 191760606|1307, 191760606|1628, 191760864|1721, 191764599|1811, 191788551|1917, 191790817|2009, 191790817|3439, 191795298|3522, 191796320|3619, 191796320|3781, 191796432|3866, 191800711|3975, 191804061|4043, https://zhuanlan.zhihu.com, 
191818738|1, 191818738|494, 191819270|623, 191819270|734, 191819502|963, 191826908|1083, 191831386|1251, 191831386|2170, 191833312|2262, 191833384|2374, 191833384|2434, 191835817|2523, 191835817|2656, 191840954|2753, 191841235|2835, 191841235|2970, 191841457|3047, 191842306|3108, 191842306|3187, 191843791|3299, 191843791|3437, 191843903|3533, 191848309|3616, 192047813|3736, 192047925|3820, 192048857|3883, 192048857|4044, https://www.pku.edu.cn, 
192049395|1, 192049395|856, 192050050|1080, 192050170|1170, 192050170|1252, 192050494|1332, 192050494|1388, 192050546|1461, 192065076|1542, 192065076|1601, 192070080|1697, 192070448|1778, 192070560|1846, 192074498|1927, 192075067|1998, 192075067|2051, 192076440|2143, 192077250|2209, 192077250|2284, 192077901|2359, 192078552|2441, 192079546|2501, 192083221|2587, 192142375|2662, 192142483|2720, 192162447|2808, 192213783|2884, 192214053|2935, 192242573|3005, 192266277|3094, 192277685|3152, 192312126|3237, 192342072|3335, 192342072|3391, 192396470|3492, 192399235|3576, 192428068|3647, 192445180|3720, 192448630|3808, 192511131|3895, 192557209|4085, http://www.ox.ac.uk, 
192825768|1, 192825768|159, 192826118|229, 192826118|330, 192826249|418, 192826644|526, 192826644|903, 192827312|1107, 192827410|1244, 192831795|1335, 192832321|1422, 192832726|1487, 192833442|1554, 192838107|1644, 192838107|1780, 192851260|1855, 192907273|1957, 192907273|2021, 192908385|2133, 192908711|2223, 192908711|2336, 192912443|2426, 192913158|2482, 192949401|2558, 192949401|2957, 192949745|3041, 193056229|3231, 193100869|3342, 193148215|3477, 193158436|3563, 193158600|3619, 193167418|3731, 193169922|3802, 193171180|3858, 193171817|3949, 193171863|4037, https://world.taobao.com, 
193260136|1, 193260136|541, 193260396|658, 193260396|856, 193260570|1010, 193261159|1159, 193261219|1259, 193261219|1409, 193261812|1464, 193261812|1700, 193262180|1810, 193262292|1906, 193266800|1970, 193266852|2041, 193267468|2113, 193269035|2184, 193269035|2342, 193270337|2411, 193270337|2470, 193270863|2549, 193274341|2629, 193293399|2688, 193294624|2773, 193295058|2854, 193313651|2918, 193313850|2991, 193316391|3075, 193345128|3145, 193345128|3213, 193366458|3335, 193366458|3467, 193371601|3558, 193371601|3680, 193374723|3790, 193378742|3881, 193406148|3968, 193407905|4052, http://www.ox.ac.uk, 
193438181|1, 193438476|97, 193438476|725, 193446166|918, 193450193|1031, 193451029|1119, 193451081|1194, 193457057|1268, 193460792|1356, 193460792|2077, 193461623|2228, 193462714|2346, 193475409|2474, 193490138|2560, 193513403|2663, 193514175|2746, 193515458|2809, 193515458|2939, 193516173|3046, 193516173|3181, 193516551|3266, 193519778|3340, 193520246|3405, 193520402|3489, 193523923|3572, 193524026|3627, 193524026|3776, 193525450|3858, 193525450|4007, https://www.linkedin.com, 
193551987|1, 193551987|677, 193577982|897, 193577982|1508, 193598265|1620, 193625442|1726, 193652398|1803, 193667091|1881, 193667435|1963, 193667435|2140, 193668593|2250, 193673275|2322, 193685990|2475, 193686766|2548, 193688214|2629, 193689328|2712, 193689328|2770, 193692132|2832, 193694040|2940, 193694040|4063, http://blogs.360.cn, 
193696136|1, 193696136|895, 193703282|1109, 193707710|1275, 193707710|2090, 193720544|2232, 193720544|2329, 193725149|2429, 193725808|2532, 193725808|3474, 193730117|3573, 193730891|3638, 193731235|3774, 193740697|4100, https://www.jianshu.com, 
193775359|1, 193775359|150, 193775617|234, 193775617|304, 193776047|468, 193776047|1004, 193787592|1212, 193791795|1383, 193791795|1684, 193792061|1747, 193792061|1824, 193792483|1923, 193795918|2009, 193798286|2104, 193798430|2205, 193798694|2271, 193798694|2336, 193804800|2423, 193804800|2556, 193812985|2633, 193821307|2722, 193821307|2828, 193857219|2931, 193860773|3018, 193864316|3076, 193871357|3211, 193872401|3333, 193876473|3406, 193879464|3505, 193879576|3587, 193879892|3636, 193880508|3718, 193880508|4011, https://www.douyin.com, 
193883112|1, 193883112|357, 193883227|433, 193883227|498, 193883318|616, 193883318|896, 193883842|1131, 193883914|1259, 193883986|1353, 193886147|1443, 193888306|1526, 193888566|1581, 193889861|1672, 193891917|1756, 193891977|1814, 193891977|2041, 193892243|2096, 193892243|2348, 193893663|2420, 193893663|2496, 193893754|2599, 193893754|2689, 193894176|2771, 193894992|2886, 193895164|2972, 193895164|3033, 193895524|3134, 193897685|3225, 193899786|3285, 193899786|3387, 193900930|3457, 193918303|3520, 193918303|3589, 193921143|3674, 193921143|3757, 193923628|3851, 193923898|3941, 193923958|4084, https://www.shodan.io, 
193925014|1, 193925014|416, 193925806|537, 193925806|781, 193925966|1028, 193935644|1224, 193940190|1318, 193940584|1413, 193940584|1635, 193940834|1723, 193940834|1785, 193941128|1921, 193941600|2041, 193948758|2114, 193950745|2210, 193950745|2620, 193951102|2747, 193951556|2823, 193952934|2893, 193958083|3008, 193960632|3099, 193960680|3160, 193962121|3255, 193962121|3336, 193962459|3405, 193965215|3483, 193967613|3597, 193967613|3729, 193967673|3813, 193967673|3894, 193972446|3960, 193972446|4034, https://www.mit.edu, 
193992909|1, 193992909|206, 193993115|310, 193993115|982, 194004619|1199, 194005487|1315, 194005487|2158, 194007485|2266, 194007485|2718, 194012911|2819, 194013264|2905, 194014075|2994, 194016202|3099, 194016768|3160, 194016768|3240, 194017112|3345, 194018253|3412, 194018253|3493, 194018536|3618, 194022718|3727, 194024755|3802, 194027965|3921, 194028581|4008, https://www.pku.edu.cn, 
194029709|1, 194029709|621, 194030135|795, 194033694|943, 194041552|1092, 194045725|1206, 194045725|1972, 194046241|2072, 194052048|2152, 194055258|2237, 194064582|2391, 194067179|2502, 194067291|2608, 194072322|2709, 194074693|2789, 194074805|2852, 194075737|2934, 194075737|4056, https://www.douyin.com, 
194075881|1, 194075881|114, 194076085|240, 194076085|923, 194089689|1181, 194100435|1280, 194100487|1374, 194100487|1606, 194100759|1728, 194100759|2008, 194478147|2161, 194478147|2234, 194478403|2295, 194485579|2393, 194514284|2493, 194519565|2556, 194530233|2650, 194531105|2733, 194531105|2792, 194533779|2872, 194534514|2953, 194534514|3021, 194536706|3093, 194538848|3194, 194538900|3274, 194538900|3655, 194539091|3771, 194539091|3848, 194539424|3907, 194539424|4011, https://www.apple.com, 
194547318|1, 194547754|107, 194547754|719, 194557770|962, 194562864|1108, 194562864|1341, 194628314|1416, 194628314|1697, 194674695|1822, 194674695|1920, 194679542|1997, 194921770|2166, 194921770|3749, 194922172|3856, 194922417|3942, 194927396|4039, https://www.baidu.com, 
195076404|1, 195076404|178, 195076992|260, 195076992|745, 195077514|992, 195077514|1088, 195078436|1264, 195078516|1393, 195078516|1528, 195082439|1613, 195082439|1746, 195082562|1844, 195082562|2131, 195082634|2200, 195082634|2524, 195083677|2578, 195083677|2805, 195083749|2869, 195096583|2949, 195096583|3087, 195100861|3155, 195102287|3240, 195110843|3333, 195110843|3448, 195111049|3542, 195111049|3876, 195111169|3996, 195111169|4063, https://www.netflix.com, 
195190233|1, 195190233|872, 195197473|1123, 195202054|1313, 195202054|1551, 195214830|1653, 195214830|1950, 195220362|2110, 195220362|2768, 195220624|2876, 195220624|2998, 195225123|3111, 195225651|3197, 195226409|3329, 195226409|3493, 195234821|3625, 195239980|3725, 195251529|3843, 195253062|3944, 195253062|4020, https://www.jianshu.com, 
195280491|1, 195280491|826, 195290148|1094, 195290148|1269, 195290408|1372, 195290408|1457, 195290680|1525, 195290680|2063, 195292678|2153, 195292678|2681, 195298537|2803, 195298890|2900, 195298890|2961, 195302686|3056, 195302969|3135, 195303313|3224, 195303879|3357, 195303879|3509, 195308344|3624, 195312192|3740, 195313176|3801, 195313792|3902, 195313792|4017, https://www.pku.edu.cn, 
195314372|1, 195314372|682, 195314644|901, 195322914|1048, 195328407|1244, 195328407|1657, 195357786|1728, 195357786|1821, 195358327|1985, 195363591|2063, 195368832|2169, 195370031|2261, 195370031|2623, 195370289|2707, 195370289|3482, 195370387|3576, 195375482|3693, 195375482|3841, 195375594|3960, 195379820|4037, https://zhuanlan.zhihu.com, 
195397207|1, 195397207|276, 195397473|410, 195397473|815, 195406855|1026, 195411917|1134, 195421979|1245, 195421979|1312, 195422247|1380, 195422247|1712, 195453010|1844, 195477840|1925, 195482732|2015, 195550670|2105, 195848517|2212, 195848702|2305, 195848702|2392, 195852028|2479, 195852028|2538, 195852884|2625, 195855900|2734, 195855952|2801, 195855952|2972, 195857447|3040, 195859768|3120, 195859820|3225, 195859820|3307, 195860139|3392, 195860139|3862, 195860330|3955, 195860330|4026, https://www.apple.com, 
195866466|1, 195866466|843, 195875892|1007, 195876478|1161, 195876478|1567, 195881620|1649, 195882300|1762, 195885638|1883, 195885750|1966, 195891888|2079, 195891888|2390, 195893013|2461, 195893298|2565, 195893298|2659, 195896508|2741, 195896793|2823, 195898521|2926, 195898791|2999, 195899313|3063, 195902359|3148, 195903737|3225, 195904519|3287, 195904748|3361, 195904748|3450, 195904800|3546, 195904852|3606, 195904852|3754, 195910296|3886, 195910296|4007, https://www.mit.edu, 
195931529|1, 195931529|985, 195932053|1151, 195932053|1223, 195932395|1343, 195932395|1414, 195934556|1480, 195934556|1572, 195935219|1680, 195935279|1749, 195938965|1843, 195939885|1942, 195940101|2015, 195940101|2269, 195940699|2398, 195940759|2498, 195941282|2585, 195941282|2679, 195941342|2770, 195941342|3726, 195941524|3831, 195941524|4061, https://www.shodan.io, 
195942112|1, 195942112|832, 195950646|976, 195955939|1149, 195974470|1294, 195974470|1514, 195974800|1604, 195974800|1751, 195984312|1900, 195986127|1995, 195987018|2073, 195987018|2563, 195987278|2647, 195987278|2813, 195987610|2907, 195987610|3055, 195987682|3121, 195987942|3249, 195987942|3494, 195991650|3641, 195993248|3763, 195997432|4044, https://zhuanlan.zhihu.com, 
196015540|1, 196015540|786, 196024370|1012, 196029529|1139, 196030501|1230, 196030997|1319, 196031481|1405, 196031481|1799, 196031890|1924, 196032787|2027, 196032787|2448, 196034131|2541, 196034302|2599, 196034302|2859, 196034640|2985, 196054846|3112, 196057166|3215, 196062481|3325, 196069305|3431, 196069469|3507, 196078720|3648, 196081448|3753, 196082380|3817, 196082380|4010, https://www.ctrip.com, 
196102516|1, 196102516|479, 196102691|584, 196103082|697, 196111392|919, 196116910|1127, 196116910|1230, 196130521|1324, 196131947|1415, 196131947|1463, 196132213|1545, 196132213|1694, 196132708|1782, 196143543|1940, 196144202|2021, 196144202|3381, 196148547|3468, 196149290|3557, 196149704|3672, 196149704|3759, 196149816|3832, 196153887|3924, 196157037|4013, https://zhuanlan.zhihu.com, 
196171331|1, 196171331|167, 196171626|269, 196171626|938, 196179793|1144, 196184041|1295, 196184093|1374, 196190284|1442, 196193153|1527, 196193153|2013, 196193413|2114, 196193683|2219, 196193683|2458, 196195273|2624, 196209181|2737, 196212685|2825, 196228846|2930, 196234676|2999, 196235985|3066, 196242384|3157, 196242946|3227, 196243213|3292, 196244196|3387, 196244256|3478, 196244582|3529, 196244582|3604, 196248485|3698, 196248617|3778, 196248727|3837, 196248830|4018, https://www.linkedin.com, 
196276073|1, 196276073|152, 196276464|258, 196276998|348, 196276998|999, 196290888|1225, 196308305|1371, 196308305|2025, 196330923|2119, 196331582|2220, 196331582|3749, 196336350|3857, 196336764|4010, https://zhuanlan.zhihu.com, 
196359390|1, 196359390|787, 196368397|978, 196374113|1127, 196385749|1208, 196387081|1336, 196387081|1785, 196395501|1946, 196407973|2029, 196407973|3455, 196412757|3558, 196413217|3670, 196413217|3836, 196417401|3943, 196417557|4012, https://zhuanlan.zhihu.com, 
196435533|1, 196435533|623, 196443385|858, 196448181|1085, 196448181|1552, 196448439|1643, 196448439|1940, 196448574|2011, 196449714|2095, 196450707|2188, 196450707|2278, 196452329|2341, 196453140|2425, 196453140|2541, 196458847|2656, 196458919|2762, 196458919|2821, 196459424|2916, 196459990|2998, 196460334|3075, 196461475|3193, 196462324|3323, 196463000|3407, 196467978|3522, 196470365|3621, 196470681|3687, 196471297|3779, 196471297|4083, https://www.pku.edu.cn, 
196471696|1, 196471696|834, 196472228|966, 196473182|1197, 196473520|1364, 196473520|1433, 196475681|1529, 196475681|1612, 196476344|1683, 196479940|1789, 196480000|1895, 196480000|2024, 196480702|2103, 196481522|2221, 196481522|2495, 196481734|2635, 196481794|2746, 196482408|2853, 196482408|4051, https://www.shodan.io, 
196482572|1, 196482572|73, 196482999|137, 196482999|203, 196483261|296, 196483261|669, 196490055|860, 196495294|1031, 196495294|1369, 196508015|1472, 196508015|2000, 196512620|2141, 196513543|2241, 196513543|2359, 196513820|2448, 196513820|3244, 196514190|3321, 196517555|3388, 196518587|3487, 196519345|3627, 196519345|3718, 196520038|3861, 196533329|4052, https://www.jianshu.com, 
196566911|1, 196566911|1070, 196568623|1296, 196578359|1442, 196578431|1537, 196578431|1711, 196578681|1781, 196578681|2040, 196578975|2133, 196581803|2248, 196585120|2352, 196585371|2421, 196586800|2510, 196586800|2752, 196586872|2865, 196587157|2978, 196587157|3049, 196590367|3144, 196592167|3278, 196592167|3354, 196593220|3423, 196593807|3521, 196596563|3624, 196598423|3685, 196598952|3798, 196599004|4033, https://www.mit.edu, 
196625906|1, 196625906|729, 196634676|1022, 196635915|1227, 196635915|2293, 196637913|2414, 196637913|2560, 196640346|2677, 196640346|2914, 196646558|3030, 196646558|3253, 196657755|3365, 196657755|3427, 196659240|3567, 196659240|3735, 196664271|3844, 196668130|3986, 196668242|4067, https://www.pku.edu.cn, 
196669586|1, 196669586|329, 196670126|472, 196670126|787, 196678818|1029, 196684017|1214, 196684017|1351, 196684275|1459, 196684275|1874, 196691200|2022, 196695039|2159, 196698411|2259, 196705227|2369, 196705841|2475, 196705841|2545, 196706868|2635, 196707480|2740, 196708046|2824, 196708046|3072, 196708158|3181, 196712228|3257, 196713135|3345, 196716098|3453, 196716714|3531, 196716714|4080, https://www.buaa.edu.cn, 
196718452|1, 196718452|147, 196719306|283, 196719306|827, 196719560|1007, 196724482|1182, 196728804|1354, 196729496|1433, 196729640|1543, 196752649|1643, 196788489|1716, 196832479|1813, 196843153|1939, 196843153|2002, 196843225|2070, 196847268|2166, 196910975|2285, 196911540|2370, 196968851|2501, 196969901|2603, 196982027|2722, 196990731|2794, 196996673|2908, 196998160|3025, 196998160|3099, 196998495|3223, 196998575|3346, 196998635|3411, 196998635|3512, 197002786|3594, 197002786|3846, 197004225|3950, 197004225|4046, https://www.yahoo.com, 
197332665|1, 197332665|637, 197332725|886, 197342657|1116, 197347283|1251, 197347963|1354, 197347963|1814, 197348257|1949, 197351013|2058, 197352888|2126, 197353224|2223, 197353224|2578, 197353480|2669, 197353765|2751, 197353765|2858, 197357503|2966, 197359420|3044, 197359516|3152, 197359516|3259, 197360855|3360, 197363659|3430, 197368621|3533, 197369818|3670, 197369818|3754, 197369870|3824, 197369870|4034, https://www.mit.edu, 
197392563|1, 197392563|107, 197392821|220, 197392821|862, 197393628|1074, 197393921|1244, 197394101|1372, 197394101|1435, 197394221|1531, 197394281|1621, 197394608|1685, 197394608|2072, 197395088|2185, 197399964|2307, 197400632|2414, 197401439|2489, 197401875|2594, 197403218|2715, 197403435|2795, 197403435|2861, 197404633|2972, 197408908|3084, 197411542|3164, 197412478|3242, 197412761|3348, 197428324|3475, 197428682|3550, 197437895|3653, 197437895|3756, 197438329|3853, 197439190|3947, 197453667|4079, http://www.ox.ac.uk, 
197566613|1, 197566613|899, 197578903|1158, 197578903|2175, 197580901|2299, 197580901|2474, 197583334|2577, 197583334|2821, 197589113|2948, 197589113|3199, 197589335|3316, 197591386|3434, 197591952|3539, 197592012|3671, 197596857|3810, 197600733|3882, 197601161|3983, 197601777|4082, https://www.pku.edu.cn, 
197602117|1, 197602117|159, 197602399|263, 197602399|804, 197602933|1027, 197603107|1184, 197603723|1358, 197603803|1489, 197609579|1597, 197610646|1691, 197610646|1775, 197611615|1873, 197617514|1986, 197618311|2064, 197618311|2165, 197623431|2341, 197626667|2437, 197628408|2526, 197649266|2645, 197649266|2805, 197662050|2949, 197664044|3071, 197664044|3571, 197664411|3688, 197664911|3797, 197665171|3889, 197665171|4062, https://www.alipay.com, 
197665461|1, 197665461|188, 197665665|324, 197665929|421, 197665929|962, 197675025|1157, 197679803|1369, 197690601|1499, 197690601|2117, 198115567|2284, 198115567|2370, 198115869|2508, 198115869|2601, 198116054|2677, 198119380|2752, 198119690|2853, 198120236|2959, 198121507|3045, 198122295|3142, 198126643|3275, 198126799|3385, 198126938|4003, https://www.apple.com, 
198138688|1, 198138688|348, 198139061|468, 198139152|616, 198139152|999, 198139850|1252, 198140260|1375, 198140260|1463, 198144579|1576, 198144837|1679, 198144837|1742, 198145620|1854, 198149787|1991, 198149787|2091, 198149847|2208, 198149847|2441, 198150388|2510, 198150935|2627, 198151369|2778, 198151581|2884, 198151581|2975, 198152255|3093, 198152255|4033, https://www.shodan.io, 
198152315|1, 198152315|172, 198152433|255, 198152699|334, 198152699|661, 198152827|793, 198152955|983, 198162129|1236, 198167105|1379, 198167105|1588, 198276455|1702, 198276455|2254, 198317407|2394, 198443589|2499, 198443589|4073, https://www.baidu.com, 
198497077|1, 198497374|117, 198497374|791, 198501743|951, 198532321|1170, 198532321|2106, 198535940|2244, 198542335|2411, 198542335|2512, 198596082|2619, 198633889|2804, 198644181|2912, 198644181|3321, 198644309|3431, 198644437|3556, 198644437|4089, https://www.jd.com, 
198727951|1, 198727951|99, 198728166|216, 198728166|980, 198735772|1202, 198740310|1419, 198740574|1569, 198740574|2104, 198740770|2252, 198762524|2358, 198762524|2444, 198766709|2574, 198810271|2681, 198824752|2758, 198831134|2885, 198831134|3092, 198959682|3245, 198962981|3365, 198963139|3446, 198964327|3563, 199017604|3661, 199017604|4050, https://www.pinduoduo.com, 
199018230|1, 199018230|934, 199021725|1111, 199029544|1323, 199029544|1576, 199042305|1678, 199042305|2199, 199042561|2330, 199042862|2408, 199047502|2561, 199047825|2677, 199047825|3380, 199047893|3443, 199047893|3792, 199051628|3913, 199052712|4059, https://www.jianshu.com, 
199106865|1, 199106865|840, 199107563|1075, 199107563|1200, 199107635|1358, 199109796|1490, 199110314|1562, 199110977|1653, 199111037|1767, 199112974|1878, 199113502|1965, 199116572|2126, 199117290|2251, 199117290|2320, 199117362|2449, 199117622|2580, 199117834|2718, 199118580|2872, 199118580|4101, https://www.shodan.io, 
199118640|1, 199118640|770, 199119246|1036, 199129068|1245, 199134492|1400, 199134492|2045, 199134786|2173, 199134786|2268, 199140586|2367, 199146836|2489, 199146884|2628, 199146884|2914, 199146956|3007, 199147410|3093, 199150358|3202, 199156830|3309, 199156830|3384, 199157881|3488, 199161224|3599, 199163565|3697, 199163565|3790, 199163616|3909, 199163668|4028, https://www.mit.edu, 
199186753|1, 199186753|594, 199187277|754, 199187277|936, 199191376|1083, 199191991|1309, 199221427|1489, 199221427|2122, 199222193|2234, 199226607|2338, 199231719|2477, 199284333|2579, 199323429|2726, 199323753|2878, 199325040|2986, 199325040|4017, https://www.jd.com, 
199430987|1, 199430987|1153, 199432639|1317, 199432639|2128, 199433377|2204, 199433377|2318, 199433537|2462, 199433537|2523, 199435679|2593, 199435679|2777, 199438531|2848, 199438531|2997, 199439957|3099, 199439957|3178, 199440080|3237, 199440080|3690, 199442621|3805, 199442705|3913, 199442828|3984, 199442828|4068, https://www.netflix.com, 
199488124|1, 199488124|128, 199488468|240, 199488736|333, 199488736|936, 199488840|1127, 199498090|1307, 199499512|1437, 199499996|1577, 199499996|2076, 199500405|2211, 199501256|2360, 199501256|2510, 199501324|2621, 199501324|2953, 199503165|3092, 199503165|3464, 199503563|3552, 199524130|3680, 199528079|3830, 199531509|3936, 199537336|4038, https://www.ctrip.com, 
199567378|1, 199567584|161, 199567630|312, 199567630|554, 199567898|727, 199567898|913, 199575536|1080, 199580188|1348, 199580188|2349, 199582186|2466, 199582186|2613, 199582456|2684, 199584889|2790, 199584889|2955, 199603277|3024, 199609056|3152, 199609056|3394, 199609278|3497, 199611601|3641, 199612167|3725, 199612279|3843, 199616559|3977, 199619827|4066, https://www.pku.edu.cn, 
199622341|1, 199622341|912, 199631996|1080, 199637183|1270, 199637183|1616, 199709683|1735, 199709683|2181, 199852961|2316, 199940333|2455, 199940333|2786, 199940595|2885, 199940595|4043, https://www.baidu.com, 
200034045|1, 200034045|1060, 200034488|1315, 200034548|1477, 200034548|1534, 200034875|1640, 200034875|2157, 200035355|2266, 200039861|2376, 200039913|2460, 200040529|2537, 200042096|2646, 200042096|2751, 200042964|2828, 200042964|3626, 200075089|3740, 200075089|3840, 200101191|3940, 200101406|4033, http://www.ox.ac.uk, 
200447278|1, 200447278|352, 200447496|439, 200447496|993, 200448053|1204, 200448225|1295, 200448285|1421, 200448285|1516, 200448612|1590, 200448612|2012, 200448980|2150, 200449092|2271, 200453487|2341, 200453539|2413, 200455452|2546, 200455714|2652, 200456365|2723, 200456623|2808, 200456623|2912, 200457057|3019, 200457057|3156, 200457491|3257, 200457551|3359, 200457768|3440, 200457768|3504, 200457985|3605, 200458419|3727, 200458636|3824, 200461846|4019, http://www.ox.ac.uk, 
200874566|1, 200874566|124, 200874835|246, 200874835|890, 200881913|1170, 200886717|1392, 200886717|2448, 200887213|2563, 200911952|2648, 200927083|2750, 200935554|2887, 200935554|3074, 200939737|3200, 200942865|3341, 200943563|3431, 200944179|3518, 200944179|4071, https://www.pinduoduo.com, 
200945541|1, 200945541|734, 200946188|949, 200946886|1174, 200946958|1300, 200946958|1453, 200948438|1563, 200948438|2083, 200949117|2182, 200949117|2366, 200949840|2452, 200953586|2574, 200954989|2739, 200955108|2813, 200955108|3101, 200955320|3179, 200955320|3299, 200955994|3438, 200955994|3818, 200956168|3895, 200956168|4086, https://www.shodan.io, 
200957030|1, 200957030|1012, 200957348|1198, 200957554|1343, 200957626|1494, 200958366|1562, 200958366|1654, 200959786|1748, 200959786|1909, 200962686|2054, 200964268|2204, 200965688|2281, 200965688|2752, 200965954|2856, 200966166|2967, 200966166|3070, 200966841|3181, 200966841|4021, https://www.shodan.io, 
200971611|1, 200971611|596, 200980863|884, 200981449|1047, 200986603|1198, 200986603|1935, 200990165|2082, 200992152|2194, 200992152|2277, 200992224|2396, 200992224|2489, 200992475|2556, 200992475|2651, 200992832|2791, 200992832|2921, 200993286|3004, 200997746|3117, 200998127|3282, 200999177|3356, 200999467|3453, 201003649|3553, 201004179|3674, 201004179|4039, https://www.mit.edu, 
201035337|1, 201035337|567, 201035493|825, 201049725|1174, 201049725|1423, 201115988|1537, 201115988|2110, 201116248|2225, 201116248|2310, 201120790|2453, 201282920|2614, 201308807|2710, 201308807|3808, 201309073|3904, 201309073|4017, https://www.baidu.com, 
201396186|1, 201396186|1122, 201406024|1345, 201411178|1517, 201411178|2061, 201411472|2227, 201414516|2320, 201416391|2414, 201416439|2514, 201416439|2977, 201416724|3053, 201416724|3261, 201417178|3346, 201420331|3432, 201426158|3568, 201426158|3675, 201427210|3745, 201430304|3826, 201435319|3941, 201436464|4058, https://www.mit.edu, 
201459718|1, 201459718|211, 201460200|319, 201460200|1008, 201467998|1237, 201467998|1661, 201471883|1773, 201476057|1881, 201476057|2133, 201476745|2299, 201477015|2392, 201478035|2491, 201482759|2606, 201486302|2715, 201486302|2780, 201494627|2881, 201494627|2986, 201504991|3105, 201513783|3227, 201516419|3369, 201521281|3520, 201524394|3603, 201524506|3699, 201525438|3797, 201525438|4055, https://www.douyin.com, 
201525642|1, 201525642|870, 201532738|1129, 201541491|1333, 201541491|2235, 201541763|2353, 201547925|2459, 201548379|2552, 201555876|2707, 201562374|2833, 201563617|2973, 201570946|3110, 201571374|3216, 201571990|3288, 201571990|4036, https://www.douyin.com, 
201572202|1, 201572202|643, 201581114|896, 201586001|1016, 201587423|1152, 201587907|1260, 201587907|1820, 201588316|1935, 201608689|2029, 201608689|2426, 201609878|2521, 201610204|2596, 201610204|2898, 201610542|2979, 201630760|3125, 201656035|3277, 201663275|3382, 201668237|3514, 201679949|3635, 201697481|3728, 201719063|3828, 201720598|3917, 201720598|4053, https://www.ctrip.com, 
201738464|1, 201738464|909, 201738812|1077, 201739162|1254, 201739234|1414, 201741395|1483, 201741395|1561, 201742058|1652, 201742118|1745, 201744353|1826, 201745985|1954, 201747567|2081, 201763013|2160, 201763013|2353, 201763157|2423, 201763415|2492, 201766316|2600, 201766316|2885, 201787292|2986, 201787292|3123, 201795944|3233, 201795944|4032, https://www.shodan.io, 
201801184|1, 201801184|117, 201801350|208, 201801350|903, 201810576|1098, 201815703|1298, 201815703|1982, 201822014|2072, 201837305|2178, 201842608|2300, 201898780|2431, 201898780|2590, 201899614|2695, 201899958|2790, 201900372|2918, 201900484|3043, 201905410|3151, 201907894|3215, 201908264|3314, 201909196|3415, 201909196|3622, 201909454|3713, 201909454|4043, https://www.buaa.edu.cn, 
201910357|1, 201910357|1041, 201923948|1294, 201923948|1941, 201928945|2097, 201930873|2182, 201934332|2302, 201942038|2430, 201945298|2504, 201945605|2594, 201945605|2691, 201946173|2773, 201947007|2881, 201948037|3012, 201948303|3146, 201948303|3317, 201952486|3435, 201952590|3498, 201952590|3571, 201956350|3684, 201956966|3776, 201956966|4023, https://www.buaa.edu.cn, 
201957613|1, 201957613|915, 201958375|1163, 201958709|1303, 201958789|1435, 201958789|1525, 201962712|1613, 201962712|1766, 201962835|1861, 201962835|1998, 201962907|2089, 201963951|2170, 201963951|2329, 201964023|2415, 201978283|2529, 201978283|2659, 201988265|2800, 201988265|3043, 201989691|3147, 201989949|3239, 201991708|3351, 201991924|3421, 201991924|3598, 201992004|3694, 201992004|3869, 201995723|3970, 201995723|4056, https://www.netflix.com, 
202065126|1, 202065126|185, 202065476|255, 202065476|922, 202065574|1091, 202066416|1254, 202066416|1394, 202071326|1510, 202071731|1573, 202072447|1657, 202076802|1757, 202076802|1850, 202077454|1959, 202077500|2100, 202079270|2237, 202079270|2949, 202083030|3111, 202105982|3304, 202127885|3417, 202138333|3485, 202140902|3564, 202148873|3675, 202150651|3761, 202153990|3827, 202158094|3949, 202160136|4057, https://world.taobao.com, 
202269380|1, 202269380|170, 202269787|298, 202269787|814, 202277965|1081, 202278644|1241, 202283205|1375, 202296965|1469, 202296965|2070, 202473995|2260, 202944170|2396, 203405152|2533, 204336330|2710, 204924068|2856, 204924068|3005, 204924324|3110, 204924324|4085, https://zhuanlan.zhihu.com, 
204957704|1, 204957704|158, 204957986|268, 204957986|872, 204958602|1173, 204958682|1289, 204958682|1375, 204964458|1470, 204965860|1603, 204970234|1679, 204971802|1765, 204985942|1860, 204985942|1951, 204989601|2063, 204990398|2156, 204990793|2250, 205001905|2317, 205003867|2410, 205003867|2993, 205004234|3074, 205004711|3157, 205004711|4010, https://www.alipay.com, 
205006132|1, 205006132|76, 205006406|175, 205006406|858, 205006486|1022, 205011336|1241, 205011336|1327, 205012028|1384, 205012172|1481, 205033635|1565, 205033635|1616, 205066915|1710, 205107875|1816, 205123965|1887, 205123965|1951, 205124293|2038, 205128132|2122, 205160277|2218, 205189806|2326, 205237141|2483, 205237357|2569, 205243023|2641, 205243103|2740, 205243103|3020, 205254228|3145, 205254228|3216, 205274225|3289, 205274841|3404, 205278989|3498, 205281171|3562, 205294131|3646, 205294131|3748, 205294523|3828, 205294722|3887, 205298872|3976, 205299277|4094, https://www.yahoo.com, 
205559332|1, 205559332|229, 205559378|341, 205559378|852, 205572681|1069, 205572727|1203, 205593890|1312, 205593890|1862, 205599499|1980, 205605838|2085, 205606106|2181, 205606106|2335, 205606362|2420, 205606630|2495, 205606630|4047, https://zhuanlan.zhihu.com, 
205639459|1, 205639663|144, 205639663|640, 205648315|900, 205649045|1058, 205664117|1203, 205664169|1318, 205664169|1450, 205664425|1535, 205664425|1980, 205966717|2118, 206096530|2230, 206096576|2364, 206096761|2438, 206096761|2494, 206100349|2587, 206104078|2692, 206104182|2761, 206104182|2827, 206104859|2927, 206106837|3046, 206109203|3135, 206109255|3215, 206109255|3715, 206109446|3811, 206109779|4099, https://www.apple.com, 
206121272|1, 206121272|115, 206121468|190, 206121468|648, 206121838|744, 206122094|955, 206122464|1092, 206147915|1245, 206147915|1851, 206148048|1936, 206168677|2048, 206177578|2178, 206201779|2277, 206202356|2350, 206246847|2480, 206247301|2609, 206250057|2692, 206257127|2837, 206261949|3001, 206263200|3086, 206267426|3192, 206269286|3282, 206269334|3399, 206269334|4043, http://blogs.360.cn, 
206272393|1, 206272393|197, 206272653|323, 206272653|429, 206272885|546, 206273147|712, 206273147|931, 206281885|1087, 206288283|1318, 206290119|1488, 206290385|1545, 206290385|1721, 206290645|1815, 206290645|2055, 206291054|2193, 206291054|2269, 206291905|2370, 206291905|2775, 206292733|2866, 206293420|2943, 206293420|3270, 206293818|3387, 206302080|3500, 206306090|3619, 206312666|3714, 206320713|3853, 206321537|3992, 206327527|4062, https://www.ctrip.com, 
206364419|1, 206364419|137, 206364555|201, 206364741|280, 206364887|394, 206364887|648, 206365280|862, 206375429|1118, 206380055|1260, 206380735|1425, 206380735|2104, 206381029|2213, 206383857|2316, 206385780|2442, 206386031|2530, 206386031|2931, 206386103|3048, 206386388|3157, 206386388|3218, 206389710|3348, 206395230|3469, 206395230|3542, 206395384|3625, 206397343|3735, 206400147|3819, 206401525|3876, 206402536|3979, 206402536|4082, https://www.mit.edu, 
206425154|1, 206425154|207, 206425431|306, 206425431|1014, 206433767|1275, 206433767|1419, 206437112|1499, 206449837|1601, 206449837|1732, 206450105|1820, 206450105|2128, 206455126|2309, 206469384|2465, 206469456|2532, 206469716|2633, 206469716|2805, 206470048|2924, 206470048|3272, 206473855|3364, 206474671|3469, 206475205|3535, 206475205|3632, 206475963|3782, 206485634|4145, https://www.jianshu.com, 
206525855|1, 206525855|920, 206535731|1204, 206550795|1349, 206550795|1432, 206551059|1522, 206551059|1679, 206551191|1742, 206551323|1858, 206551323|2031, 206880995|2193, 206976793|2321, 206976839|2427, 206976839|2497, 206976885|2585, 206977487|2684, 206979537|2764, 206979693|2834, 206979832|2932, 206982684|3023, 206984281|3106, 206987338|3182, 206988194|3279, 206988194|3606, 206988505|3699, 206988505|3762, 206988551|3858, 206988884|3965, 206989812|4071, https://www.apple.com, 
207000457|1, 207000457|80, 207000596|155, 207000739|233, 207000739|829, 207001001|1128, 207001617|1334, 207001697|1418, 207007733|1548, 207007733|1648, 207008798|1726, 207013507|1798, 207015075|1901, 207016091|2050, 207016091|2121, 207019750|2236, 207020845|2346, 207033400|2451, 207035377|2540, 207035377|3144, 207036243|3240, 207036243|4035, https://www.alipay.com, 
207036487|1, 207036487|115, 207036829|221, 207036829|328, 207037075|418, 207037331|542, 207037331|790, 207038253|937, 207038253|1077, 207038413|1188, 207038413|1255, 207042408|1332, 207042408|1517, 207042531|1581, 207042531|1676, 207043530|1765, 207044645|1848, 207044645|1988, 207044717|2073, 207056125|2185, 207056125|2244, 207057551|2328, 207070331|2423, 207071757|2503, 207074609|2609, 207075000|2727, 207075000|3665, 207075432|3735, 207075432|3892, 207075512|3992, 207075512|4079, https://www.netflix.com, 
207172130|1, 207172130|746, 207180522|1058, 207185919|1228, 207185919|1641, 207186185|1715, 207186451|1776, 207186451|1868, 207192006|1993, 207193376|2067, 207195915|2163, 207204819|2311, 207206880|2415, 207208109|2489, 207208722|2605, 207209136|2702, 207209136|2764, 207209748|2872, 207210314|3008, 207210314|3186, 207214497|3317, 207217969|3409, 207218133|3469, 207218449|3547, 207219065|3641, 207219065|4052, https://www.buaa.edu.cn, 
207219712|1, 207219712|112, 207220123|211, 207220123|895, 207235851|1073, 207244416|1291, 207245833|1480, 207280725|1546, 207280725|2246, 207280863|2338, 207281207|2482, 207281253|2563, 207282075|2638, 207282075|2745, 207282339|2838, 207282339|4048, https://www.bing.com, 
207282660|1, 207282660|451, 207282868|580, 207282868|726, 207286835|923, 207287503|1145, 207292646|1278, 207293715|1355, 207298774|1442, 207298774|1812, 207301074|1936, 207301074|2562, 207301418|2644, 207305052|2849, 207340084|3014, 207376716|3147, 207377329|3234, 207378281|3315, 207387144|3389, 207388912|3484, 207389696|3586, 207390177|3645, 207390177|3716, 207397490|3812, 207405676|3914, 207405676|4044, https://world.taobao.com, 
207457216|1, 207457216|982, 207457978|1144, 207458138|1246, 207458218|1348, 207458486|1421, 207458486|1481, 207460983|1568, 207460983|1702, 207462409|1795, 207462409|1936, 207462532|2005, 207462532|2097, 207462604|2190, 207463647|2288, 207463647|2353, 207463719|2458, 207469331|2544, 207469331|2667, 207475035|2751, 207475035|2833, 207479620|2915, 207479620|2986, 207485324|3083, 207485324|3264, 207490997|3343, 207491213|3400, 207491213|3588, 207491293|3669, 207493842|4028, https://www.netflix.com, 
207553332|1, 207553332|120, 207553547|224, 207553547|885, 207553651|1059, 207564645|1243, 207565429|1372, 207565429|1470, 207565687|1550, 207565687|1955, 207566131|2073, 207591345|2185, 207605959|2262, 207614385|2375, 207614385|2577, 207614497|2664, 207621658|2787, 207621770|2870, 207622702|2958, 207622702|4040, https://www.pinduoduo.com, 
207623703|1, 207623703|136, 207624000|266, 207624000|988, 207632975|1196, 207663213|1317, 207663213|1855, 207664237|1978, 207683128|2062, 207688796|2186, 207688842|2269, 207741137|2339, 207767732|2515, 207776354|2640, 207810723|2711, 207810723|3615, 207810981|3730, 207816192|4045, https://www.jd.com, 
207958007|1, 207958007|947, 207966659|1136, 207971715|1321, 207982565|1424, 207982565|1790, 207983089|1890, 207983141|1982, 208408985|2173, 208409241|2243, 208409287|2328, 208409730|2454, 208413056|2535, 208413056|2671, 208416969|2784, 208417067|2862, 208417067|2996, 208419475|3093, 208420609|3170, 208420609|3620, 208420748|3738, 208421081|3859, 208422069|4008, https://www.apple.com, 
208428413|1, 208428413|102, 208428941|214, 208428941|323, 208429056|393, 208429056|461, 208429147|583, 208429147|1004, 208429599|1248, 208429599|1354, 208429671|1438, 208431831|1564, 208431831|1709, 208432403|1786, 208434065|1887, 208434125|1978, 208434125|2034, 208435636|2161, 208436253|2285, 208436559|2358, 208436559|2456, 208436870|2565, 208436870|2682, 208436966|2747, 208437178|2884, 208437178|3002, 208437238|3071, 208437238|3131, 208438355|3227, 208438355|3318, 208438573|3393, 208438573|3461, 208438693|3556, 208438693|4034, https://www.shodan.io, 
208438813|1, 208438813|165, 208439058|271, 208439058|894, 208463395|1197, 208464370|1373, 208503525|1520, 208503525|1670, 208503791|1743, 208503791|2296, 208504273|2410, 208504319|2547, 208504891|2654, 208504891|2721, 208505159|2799, 208505429|2906, 208505429|4015, https://www.bing.com, 
208505749|1, 208505749|694, 208521339|1012, 208530186|1159, 208531232|1285, 208569511|1408, 208569511|1630, 208569767|1722, 208569767|2258, 208570517|2393, 208570517|2487, 208570563|2568, 208571112|2670, 208571112|4025, https://www.bing.com, 
208571775|1, 208571775|877, 208587549|1023, 208595842|1232, 208597259|1408, 208636273|1504, 208636273|1811, 208636539|1901, 208636539|2175, 208636863|2286, 208637022|2420, 208637068|2503, 208637888|2578, 208637888|3164, 208637965|3227, 208637965|4049, https://www.bing.com, 
208638358|1, 208638358|556, 208638620|683, 208642896|946, 208652409|1150, 208652409|1843, 208658720|1946, 208660206|2037, 208663977|2137, 208672516|2261, 208674632|2324, 208674632|2400, 208675810|2500, 208675810|2756, 208680406|2869, 208681261|2947, 208683803|3019, 208684231|3109, 208684847|3189, 208684847|4031, https://www.buaa.edu.cn, 
208685494|1, 208685494|64, 208685921|176, 208685921|669, 208693155|932, 208697736|1146, 208697736|1406, 208710502|1482, 208710502|1726, 208710758|1794, 208710758|2134, 208715363|2272, 208715745|2413, 208716022|2494, 208716022|3189, 208716282|3292, 208716282|3451, 208720017|3526, 208721393|3670, 208721807|3806, 208721919|4020, https://www.jianshu.com, 
208768779|1, 208769053|117, 208769053|825, 208769309|946, 208770281|1130, 208774683|1233, 208774755|1323, 208775591|1407, 208775591|1478, 208780595|1550, 208829235|1647, 208841317|1748, 208868081|1810, 208889407|1887, 208889407|2095, 208949718|2217, 208954418|2349, 208961034|2446, 208965081|2502, 208971481|2588, 208982851|2704, 208994591|2790, 209028889|2896, 209030016|2990, 209041589|3120, 209046704|3198, 209049620|3280, 209053841|3370, 209055580|3459, 209055580|3530, 209055782|3621, 209056068|3721, 209057407|3814, 209057407|3870, 209057580|3973, 209057580|4074, https://www.yahoo.com, 
209475412|1, 209475412|151, 209475707|232, 209475707|603, 209476235|717, 209476235|950, 209486523|1109, 209491478|1351, 209491660|1429, 209493548|1501, 209500557|1601, 209500557|2021, 209541193|2134, 209541193|2463, 209542002|2578, 209552911|2797, 209559006|2913, 209579820|2993, 209597436|3123, 209599942|3221, 209599942|3277, 209600657|3361, 209600657|3460, 209600709|3550, 209600709|3684, 209601125|3770, 209601177|3862, 209601608|3942, 209601608|4015, https://www.linkedin.com, 
209632131|1, 209632131|114, 209635184|224, 209635184|861, 209639987|986, 209674349|1202, 209674349|1626, 209674615|1775, 209674687|1887, 209674687|2097, 209675455|2226, 209679767|2338, 209684998|2455, 209685044|2570, 209737571|2664, 209738445|2769, 209739312|2894, 209739312|4063, https://www.jd.com, 
209852425|1, 209852425|686, 209861263|996, 209866462|1154, 209866462|1260, 209866724|1360, 209866724|1822, 209868239|1959, 209873649|2093, 209878331|2187, 209882016|2310, 209885253|2413, 209885867|2502, 209890830|2577, 209892055|2698, 209892621|2835, 209893035|2908, 209893035|3010, 209897219|3124, 209897375|3210, 209900466|3272, 209901450|3369, 209901450|4058, https://www.buaa.edu.cn, 
209903262|1, 209903334|124, 209903716|284, 209903716|541, 209903788|683, 209903788|1003, 209929609|1263, 209929609|1951, 209944497|2058, 209950105|2148, 209955610|2261, 209982991|2367, 210012854|2462, 210018994|2579, 210019448|2721, 210027871|2874, 210038483|3010, 210040070|3137, 210044007|3244, 210045867|3304, 210045915|3393, 210045915|3484, 210046187|3572, 210046187|4016, http://blogs.360.cn, 
210048474|1, 210048474|201, 210048526|353, 210048526|954, 210049144|1120, 210074347|1257, 210074347|1699, 210074607|1777, 210074607|1948, 210095171|2082, 210095435|2172, 210127220|2268, 210139239|2366, 210140869|2499, 210140869|2571, 210144191|2703, 210155614|2833, 210159341|2906, 210160380|3031, 210165441|3146, 210166819|3210, 210167349|3296, 210167349|4006, http://blogs.360.cn, 
210169768|1, 210169768|132, 210170029|212, 210170029|672, 210184269|1068, 210184973|1167, 210184973|1383, 210250544|1489, 210250544|2062, 210425979|2213, 210492865|2317, 210493733|4063, https://www.baidu.com, 
210546251|1, 210546251|222, 210546323|308, 210546323|966, 210550642|1158, 210580873|1347, 210580873|1949, 210581641|2047, 210586322|2153, 210591084|2276, 210591084|2368, 210643938|2454, 210644812|2584, 210645989|2701, 210645989|2847, 210646257|2921, 210646525|3021, 210646525|4007, https://www.jd.com, 
210754820|1, 210754820|967, 210755742|1155, 210755742|1301, 210756082|1394, 210756082|1455, 210759006|1553, 210759006|2281, 210760005|2382, 210760005|2443, 210760400|2531, 210760400|2631, 210760662|2719, 210760734|2776, 210761777|2885, 210761777|2963, 210761849|3041, 210761849|3105, 210770618|3165, 210770618|3298, 210779174|3414, 210779174|3517, 210786304|3593, 210786304|3694, 210789263|3820, 210789343|4104, https://www.netflix.com, 
210826697|1, 210826979|131, 210826979|937, 210839091|1163, 210839435|1315, 210845211|1399, 210845211|1465, 210846285|1583, 210850994|1685, 210852631|1760, 210853391|1846, 210853699|1979, 210853933|2079, 210857358|2158, 210858224|2259, 210871008|2386, 210872881|2457, 210874267|2545, 210874267|3032, 210874634|3127, 210875178|3210, 210875178|4009, https://www.alipay.com, 
210875626|1, 210875626|120, 210876056|259, 210876056|896, 210887579|1112, 210892606|1255, 210892606|1644, 210892864|1743, 210892864|1928, 210898523|2075, 210898978|2166, 210898978|2231, 210903126|2371, 210914052|2559, 210918235|2695, 210921500|2804, 210921612|2896, 210922544|2991, 210922544|4030, https://www.douyin.com, 
210922688|1, 210922688|118, 210922756|243, 210922756|877, 210923372|1063, 210923452|1194, 210929228|1311, 210930302|1389, 210930697|1450, 210936163|1557, 210937370|1651, 210937370|2034, 210937604|2119, 210941029|2221, 210942124|2321, 210954679|2447, 210956669|2513, 210956669|2614, 210956931|2717, 210956931|3108, 210957298|3209, 210957795|3276, 210957795|4028, https://www.alipay.com, 
210958696|1, 210958696|940, 210958864|1110, 210959480|1283, 210959560|1391, 210965336|1512, 210966321|1617, 210966708|1720, 210972182|1785, 210973358|1894, 210973358|2141, 210977017|2265, 210978305|2370, 210992407|2497, 210993003|2571, 210994401|2682, 210994401|3225, 210995524|3304, 210995524|4016, https://www.alipay.com, 
210995836|1, 210995836|739, 210995940|1009, 210996500|1174, 211021657|1335, 211021657|1888, 211041710|2054, 211069147|2159, 211087899|2244, 211088590|2341, 211088934|2459, 211088934|2547, 211089030|2646, 211093714|2783, 211101588|2886, 211104539|2970, 211105583|3080, 211109501|3180, 211110879|3250, 211111409|3315, 211111409|4009, http://blogs.360.cn, 
211120742|1, 211120742|817, 211121112|1047, 211146819|1219, 211146819|1346, 211147087|1425, 211147087|1856, 211190656|2032, 211212576|2156, 211213820|2221, 211213912|2311, 211214256|2417, 211214256|2501, 211214536|2604, 211221254|2738, 211230006|2888, 211230986|2968, 211232098|3060, 211234902|3153, 211236810|3253, 211236810|3319, 211237068|3394, 211237068|4055, http://blogs.360.cn, 
211239599|1, 211239599|754, 211248389|856, 211248930|1052, 211248930|1174, 211253657|1252, 211253657|1357, 211253921|1454, 211253921|1525, 211319649|1602, 211319649|1933, 211410392|2047, 211496835|2186, 211496835|3866, 211497105|3965, 211503480|4065, https://www.baidu.com, 
211562964|1, 211562964|841, 211571928|1100, 211577022|1254, 211577022|1438, 211602488|1502, 211693670|1615, 211693670|1758, 211693940|1857, 211693940|2071, 211703024|2150, 211830849|2301, 211931162|2410, 211931162|3535, 211931692|3632, 211932094|4078, https://www.baidu.com, 
211985056|1, 211985056|149, 211985467|256, 211985467|785, 212001241|1072, 212009950|1260, 212011212|1406, 212049052|1487, 212049052|2156, 212049576|2270, 212050058|2436, 212050104|2517, 212050608|2602, 212050654|2703, 212050654|4015, https://www.bing.com, 
212050974|1, 212050974|869, 212059764|1043, 212065979|1240, 212065979|1512, 212132519|1620, 212132519|1759, 212132775|1867, 212132775|2107, 212147114|2216, 212304203|2357, 212304203|2676, 212304275|2752, 212304677|4083, https://www.baidu.com, 
212357563|1, 212357563|146, 212357752|222, 212357752|898, 212358328|1116, 212358776|1275, 212358776|1351, 212363686|1458, 212364143|1553, 212368447|1635, 212369432|1709, 212369432|1812, 212370085|1913, 212370131|1993, 212370131|2091, 212371901|2228, 212371901|2634, 212372165|2704, 212372165|2887, 212373119|2999, 212386260|3139, 212431986|3317, 212440776|3421, 212441010|3496, 212448065|3592, 212452601|3711, 212452741|3803, 212453265|3882, 212459019|4055, https://world.taobao.com, 
212559745|1, 212559745|293, 212560087|366, 212560087|427, 212560333|593, 212560333|958, 212561429|1174, 212561589|1321, 212561589|1474, 212569435|1563, 212569435|1657, 212569681|1746, 212569681|2068, 212570797|2128, 212570797|2326, 212570869|2390, 212570869|2453, 212578180|2543, 212578436|2641, 212585566|2710, 212585566|2856, 212592830|3027, 212597050|3088, 212597050|4053, https://www.netflix.com, 
212639309|1, 212639309|208, 212639604|312, 212639604|1135, 212651373|1329, 212660846|1539, 212660846|2305, 212661020|2414, 212661392|2518, 212661392|2690, 212661720|2824, 212668487|2993, 212673452|3100, 212703278|3248, 212712695|3352, 212717743|3426, 212719543|3504, 212719543|3593, 212720258|3693, 212720258|3830, 212723537|3941, 212724017|4043, https://www.linkedin.com, 
212748576|1, 212748576|206, 212748841|273, 212748841|1091, 212765060|1288, 212777979|1442, 212779730|1579, 212815169|1686, 212815169|1894, 212815435|1994, 212815703|2106, 212815703|2365, 212816446|2503, 212816492|2631, 212817042|2725, 212817042|4032, https://www.bing.com, 
212817415|1, 212817415|950, 212842419|1181, 212848467|1368, 212848910|1452, 212882965|1529, 212882965|2138, 212883011|2253, 212883449|2382, 212883449|2469, 212884045|2565, 212884045|4014, https://www.bing.com, 
212884490|1, 212884490|210, 212885204|329, 212885204|764, 212894298|1100, 212914627|1339, 212915534|1413, 212915534|1492, 212916081|1596, 212916081|1937, 212947056|2068, 213300354|2191, 213341708|2292, 213341964|2397, 213342010|2482, 213342010|2625, 213342195|2715, 213345150|2801, 213348528|2868, 213350082|2966, 213350082|3062, 213351869|3146, 213354086|3215, 213354242|3327, 213354242|3661, 213354433|3774, 213354766|4041, https://www.apple.com, 
213362029|1, 213362168|158, 213362168|633, 213362428|847, 213363427|1028, 213368486|1196, 213368486|1253, 213375075|1354, 213376660|1479, 213381556|1540, 213382708|1607, 213383883|1705, 213384195|1833, 213384195|1898, 213384429|1989, 213384429|2076, 213384778|2180, 213402511|2259, 213404763|2374, 213404763|2933, 213405156|3021, 213406067|3114, 213406067|4061, https://www.alipay.com, 
213406363|1, 213406363|91, 213407145|168, 213407349|247, 213407349|1035, 213417018|1216, 213425460|1327, 213437237|1444, 213437784|1528, 213437784|2044, 213781806|2209, 213781806|2298, 213783488|2372, 213783534|2457, 213819495|2546, 213827304|2642, 213867232|2717, 213870020|2813, 213871065|2899, 213871065|3036, 213875059|3148, 213875483|3238, 213875483|3735, 213875674|3850, 213876007|4029, https://www.apple.com, 
213883395|1, 213883395|457, 213883793|606, 213883793|719, 213884131|961, 213897876|1215, 213918047|1365, 213918279|1433, 213918279|1500, 213919086|1613, 213919086|1755, 213919358|1837, 213919418|1999, 213939537|2108, 214347341|2242, 214347597|2346, 214347643|2457, 214347643|2519, 214347828|2592, 214351154|2669, 214353910|2781, 214354823|2840, 214354823|2912, 214354869|2983, 214354869|3132, 214357806|3221, 214359331|3316, 214359383|3405, 214359383|4017, https://www.apple.com, 
214367904|1, 214367904|356, 214368172|490, 214368172|573, 214368428|700, 214368428|890, 214368746|1048, 214373823|1165, 214379641|1308, 214381525|1421, 214385217|1479, 214386584|1581, 214386584|1847, 214388354|2003, 214388354|2709, 214392116|2849, 214405928|2985, 214421375|3136, 214422491|3220, 214424564|3285, 214432640|3389, 214436344|3480, 214437128|3564, 214437806|3620, 214437806|3702, 214443557|3792, 214450799|3888, 214450799|4017, https://world.taobao.com, 
214529955|1, 214529955|975, 214542977|1215, 214548549|1361, 214557940|1441, 214558487|1526, 214558487|1841, 214558759|1986, 214558759|2129, 214559029|2230, 214559029|2407, 214566170|2611, 214570716|2731, 214573030|2812, 214583431|2915, 214586166|3014, 214586266|3074, 214587412|3137, 214587801|3232, 214587801|3382, 214588127|3457, 214591406|3553, 214591406|3633, 214592082|3701, 214592451|3763, 214593770|4026, https://www.linkedin.com, 
214616361|1, 214616483|100, 214616483|903, 214642861|1088, 214647838|1235, 214647838|1389, 214648643|1482, 214648643|1701, 214670848|1856, 214698280|1950, 214701379|2037, 214713510|2127, 214713854|2226, 214713854|2417, 214715954|2552, 214726735|2655, 214729729|2736, 214729729|3121, 214730942|3224, 214733858|3301, 214736901|3355, 214739425|3472, 214739425|3738, 214740115|3841, 214740731|3937, 214740731|4050, http://blogs.360.cn, 
214743103|1, 214743103|76, 214743497|228, 214743497|832, 214743751|1016, 214752726|1202, 214752778|1303, 214753325|1383, 214753325|1802, 214753595|1893, 214753675|1973, 214756717|2035, 214757997|2135, 214758525|2213, 214758790|2303, 214762740|2365, 214770420|2506, 214780097|2637, 214782492|2732, 214785052|2801, 214805694|2896, 214808876|2986, 214810156|3049, 214812326|3112, 214813798|3211, 214816438|3314, 214820278|3388, 214825670|3445, 214833944|3558, 214849004|3668, 214853806|3739, 214860612|3821, 214870296|3919, 214883096|4029, https://www.yahoo.com, 
215245998|1, 215245998|232, 215246293|368, 215246293|942, 215253861|1177, 215263248|1364, 215264051|1439, 215273989|1539, 215273989|2417, 215274317|2563, 215275285|2707, 215280804|2833, 215281466|2910, 215289409|3024, 215311846|3154, 215320494|3236, 215320542|3302, 215320542|3398, 215320869|3502, 215320869|3576, 215321524|3647, 215325115|3751, 215325742|3857, 215326211|3942, 215326467|4022, https://www.linkedin.com, 
215353709|1, 215354059|105, 215354059|722, 215358073|970, 215363148|1116, 215370081|1245, 215374989|1342, 215375946|1428, 215375946|1487, 215376208|1585, 215376208|1978, 215377978|2096, 215377978|2708, 215379276|2822, 215393943|3036, 215432779|3217, 215449854|3318, 215462458|3385, 215464431|3485, 215468056|3583, 215472439|3693, 215473346|3757, 215476685|3852, 215477758|3947, 215484071|4033, https://world.taobao.com, 
215561909|1, 215561909|1043, 215561989|1190, 215571500|1372, 215572833|1484, 215572905|1580, 215575035|1670, 215576425|1748, 215580337|1823, 215602097|1942, 215638195|2043, 215654979|2107, 215666499|2178, 215682121|2283, 215712541|2453, 215728839|2537, 215740519|2615, 215761341|2720, 215769394|2815, 215774694|2893, 215797051|2997, 215799611|3106, 215803742|3236, 215806351|3337, 215812800|3419, 215822857|3575, 215830803|3675, 215834643|3768, 215839843|3881, 215845111|4028, https://www.yahoo.com, 
216220392|1, 216220689|87, 216222067|177, 216222067|608, 216227274|998, 216261978|1201, 216262885|1308, 216263432|1403, 216263700|1521, 216263700|1924, 216264468|2023, 216269737|2152, 216274235|2273, 216328581|2389, 216329519|2525, 216330546|2671, 216397162|2783, 216397162|2845, 216398540|2946, 216398540|3304, 216399966|3444, 216399966|4034, https://www.jd.com, 
216486097|1, 216486097|275, 216486527|435, 216486527|822, 216493357|1113, 216498342|1334, 216508786|1498, 216509333|1635, 216509333|2151, 216509738|2263, 216509738|2480, 216512675|2658, 216519222|2774, 216520902|2877, 216521294|2971, 216526531|3175, 216531848|3342, 216534906|3426, 216535334|3551, 216535950|3661, 216535950|4004, https://www.douyin.com, 
216537596|1, 216537596|194, 216537862|332, 216537862|833, 216545224|1067, 216558517|1246, 216559268|1340, 216559815|1443, 216559815|2127, 216560085|2249, 216561389|2386, 216566813|2518, 216579725|2709, 216581708|2894, 216589402|3114, 216590334|3214, 216590334|4058, https://www.douyin.com, 
216590530|1, 216590530|1001, 216591441|1215, 216599541|1373, 216599541|1452, 216600088|1547, 216601368|1689, 216602246|1797, 216602590|1880, 216613065|1989, 216633545|2095, 216665689|2209, 216677209|2280, 216693849|2424, 216701529|2529, 216704089|2618, 216707929|2694, 216711769|2793, 216715609|2883, 216719449|2965, 216723289|3027, 216729689|3115, 216739929|3224, 216743769|3342, 216752019|3473, 216759061|3590, 216766264|3733, 216778708|3855, 216784262|3940, 216795842|4046, https://www.yahoo.com, 
217041112|1, 217041112|145, 217041327|260, 217041327|1189, 217049054|1429, 217057837|1614, 217059478|1753, 217059478|1827, 217059744|1927, 217059744|2607, 217060188|2723, 217084979|2861, 217100061|2977, 217108489|3057, 217108489|3298, 217112671|3417, 217113578|3501, 217116119|3604, 217117315|3736, 217117315|4022, https://www.pinduoduo.com, 
217117855|1, 217117855|122, 217117973|241, 217117973|925, 217136843|1236, 217136999|1343, 217137833|1445, 217245968|1592, 217245968|2148, 217246238|2296, 217255883|2459, 217456321|2589, 217456321|4008, https://www.baidu.com, 
217519520|1, 217519520|95, 217519931|236, 217519931|862, 217544477|1191, 217550475|1375, 217551733|1520, 217585497|1647, 217585497|2594, 217585982|2727, 217586028|2850, 217586579|2937, 217586579|4009, https://www.bing.com, 
217587220|1, 217587220|190, 217587416|309, 217587416|965, 217588905|1222, 217619040|1409, 217619040|1665, 217619678|1760, 217619678|1914, 217637894|2047, 217667274|2152, 217681530|2247, 217705073|2341, 217705417|2440, 217705417|2606, 217706643|2724, 217714343|2839, 217724166|2927, 217725875|3028, 217726491|3137, 217727606|3218, 217727654|3275, 217730522|3371, 217736089|3490, 217736089|4058, http://blogs.360.cn, 
217738723|1, 217738723|78, 217738783|197, 217739065|265, 217739065|979, 217739225|1149, 217740328|1326, 217744688|1437, 217745439|1519, 217751762|1637, 217752738|1725, 217754657|1800, 217759015|1903, 217759766|2017, 217760000|2091, 217763425|2194, 217764416|2306, 217774521|2420, 217776096|2490, 217777772|2613, 217777772|3090, 217778640|3164, 217778896|3231, 217778896|4040, https://www.alipay.com, 
217779500|1, 217779500|928, 217779818|1082, 217780823|1196, 217789722|1332, 217791219|1421, 217791812|1499, 217791812|1627, 217792694|1719, 217796892|1801, 217796892|1869, 217798309|2014, 217800125|2159, 217800125|2867, 217801423|3009, 217848897|3290, 217865785|3396, 217871978|3479, 217885901|3586, 217887542|3668, 217892291|3752, 217892727|3850, 217899359|3958, 217899359|4043, https://world.taobao.com, 
217970887|1, 217970887|1177, 217976166|1415, 217981196|1574, 217987723|1726, 217987821|1828, 217992783|1901, 217992783|2233, 217993176|2320, 217994946|2478, 217994946|3143, 217996244|3292, 218001394|3469, 218022201|3599, 218033364|3713, 218037220|3811, 218050741|3886, 218056846|3963, 218058224|4077, https://world.taobao.com, 
218165305|1, 218165305|932, 218177074|1148, 218186572|1314, 218186572|1616, 218187472|1739, 218187472|1954, 218194003|2099, 218196759|2197, 218198831|2289, 218202652|2413, 218204587|2562, 218208976|2699, 218208976|2769, 218212318|2859, 218213250|2963, 218213250|4031, https://www.douyin.com, 
218215526|1, 218215526|636, 218215792|737, 218215792|1041, 218223960|1242, 218233524|1379, 218233524|1496, 218234071|1604, 218234071|2166, 218259306|2306, 218262252|2380, 218274195|2442, 218282547|2583, 218282619|2689, 218282619|2839, 218286958|2949, 218289875|3013, 218290039|3083, 218290355|3177, 218290971|3290, 218290971|3731, 218291231|3823, 218291231|4035, https://www.pinduoduo.com, 
218291703|1, 218291703|599, 218298533|870, 218307693|1127, 218312877|1248, 218312877|1300, 218313424|1379, 218313424|2015, 218316361|2101, 218320217|2201, 218323429|2283, 218333972|2397, 218334950|2539, 218339288|2647, 218342416|2756, 218342844|2873, 218343460|2957, 218343726|4057, https://www.douyin.com, 
218344840|1, 218345106|92, 218345106|810, 218345187|1015, 218346279|1182, 218351388|1330, 218357164|1410, 218357711|1505, 218358778|1592, 218359165|1658, 218364639|1724, 218365840|1818, 218365886|1909, 218365886|1995, 218369545|2110, 218370760|2245, 218383195|2345, 218385184|2414, 218385184|2524, 218385230|2603, 218385230|3014, 218385597|3084, 218386097|3174, 218386097|4042, https://www.alipay.com, 
218386756|1, 218386756|592, 218394280|908, 218399222|1062, 218403830|1232, 218404706|1362, 218404778|1427, 218405038|1532, 218405038|1633, 218405748|1713, 218406008|1871, 218406836|2006, 218426431|2119, 218443969|2193, 218454842|2355, 218454842|2516, 218459181|2628, 218462557|2716, 218462669|2769, 218463253|2840, 218463869|2936, 218463869|4042, https://www.pinduoduo.com, 
218464699|1, 218464699|923, 218464803|1075, 218465920|1273, 218496315|1454, 218496315|1529, 218496862|1592, 218497122|1686, 218497122|1917, 218542117|2051, 218548071|2156, 218583366|2216, 218583412|2287, 218583860|2402, 218583860|2514, 218584008|2595, 218589283|2713, 218596512|2824, 218599476|2907, 218599852|2985, 218604435|3084, 218604435|3164, 218606343|3244, 218606609|3296, 218606609|4010, http://blogs.360.cn, 
218608689|1, 218608689|107, 218608878|189, 218608878|572, 218609227|731, 218609371|984, 218614447|1147, 218620286|1287, 218621902|1384, 218626565|1460, 218626565|1608, 218627264|1716, 218627264|1960, 218628194|2096, 218628861|2169, 218628861|2525, 218629131|2614, 218629131|2830, 218630333|2991, 218656438|3197, 218660815|3291, 218671273|3383, 218672786|3481, 218682195|3602, 218684397|3675, 218685047|3758, 218685047|3850, 218694153|3971, 218700533|4035, https://world.taobao.com, 
218768651|1, 218768651|713, 218769169|907, 218776247|1077, 218781141|1241, 218785535|1356, 218786319|1449, 218786866|1536, 218786866|2062, 218787572|2190, 218805381|2267, 218813650|2340, 218835888|2444, 218836232|2564, 218836232|2706, 218836344|2812, 218841219|2905, 218843574|2969, 218843686|3055, 218844618|3147, 218844618|4059, https://www.pinduoduo.com, 
218845484|1, 218845484|244, 218845744|361, 218845744|754, 218853252|1019, 218854076|1097, 218863326|1254, 218863873|1369, 218863873|2022, 218864985|2156, 218890385|2239, 218906447|2339, 218912755|2499, 218912755|2607, 218912867|2711, 218920294|2828, 218920294|2901, 218920670|2966, 218921338|3058, 218921338|4057, https://www.pinduoduo.com, 
218922470|1, 218922470|94, 218922622|218, 218922802|386, 218922874|480, 218922874|879, 218926825|1072, 218935161|1206, 218940599|1328, 218940599|1429, 218941146|1515, 218941146|1959, 218941746|2087, 218967996|2197, 218981419|2269, 218989848|2357, 218989848|2648, 218992606|2753, 218997285|2852, 218997449|2942, 218997765|2998, 218998381|3081, 218998381|4028, https://www.pinduoduo.com, 
