17452|1, 4524|391, 4524|921, 4752|1071, 4752|1608, 4972|1679, 4972|1888, 4948|1986, 4948|2082, 5388|2186, 5388|2278, 6488|2391, 6928|2481, 15948|2571, 16608|2651, 16608|2919, 19492|3058, 19492|3586, 19432|3683, 19432|3946, 19436|3992, 19436|4067, https://www.buaa.edu.cn, 
4528|1, 4528|758, 4748|967, 4748|1147, 4968|1276, 4968|1404, 5108|1480, 5148|1536, 5148|2055, 5164|2148, 5312|2282, 5532|2376, 5544|2476, 5784|2551, 5784|2831, 6884|2948, 8424|3052, 8864|3139, 8864|3435, 8716|3494, 8716|3577, 8496|3638, 8276|3711, 8276|4061, https://www.yahoo.com, 
4528|1, 4528|587, 4748|735, 4820|988, 4832|1126, 4832|1783, 5932|1891, 6104|1971, 10012|2038, 11992|2111, 13312|2170, 11992|2240, 11992|2928, 11900|3004, 11928|4002, https://www.mit.edu, 
4528|1, 4528|379, 4532|478, 4532|542, 4972|726, 4752|946, 4752|1081, 5192|1194, 5192|1382, 5108|1437, 5108|1505, 5052|1572, 5052|1706, 5492|1821, 5492|1997, 7912|2104, 6592|2176, 6812|2247, 6812|2377, 9416|2471, 12716|2529, 12276|2617, 12276|2702, 14476|2804, 17336|2890, 17336|3086, 17324|3186, 17324|3363, 17328|3444, 17328|4008, https://www.buaa.edu.cn, 
4528|1, 4528|686, 4908|900, 4796|1064, 4796|1198, 5016|1294, 5016|1812, 5456|1874, 5488|1957, 5268|2035, 5048|2119, 5048|2315, 4984|2381, 4984|2709, 6896|2843, 6128|2978, 7668|3139, 9208|3252, 9208|3846, 9316|3920, 9316|4069, https://world.taobao.com, 
4528|1, 4528|776, 4748|1004, 4748|1210, 4968|1334, 5016|1395, 5016|1848, 5676|1958, 5896|2123, 6116|2294, 6196|2429, 8836|2556, 14776|2642, 16096|2719, 16756|2781, 17196|2850, 17416|2917, 17636|2987, 17856|3079, 17856|3333, 17940|3386, 18100|3472, 17660|3605, 15020|3688, 14140|3791, 13480|3903, 13480|4035, https://www.jianshu.com, 
4528|1, 4528|820, 4892|978, 4892|1732, 5040|1833, 5152|1927, 5152|2423, 5372|2502, 5372|2701, 5592|2782, 5388|2838, 5476|2913, 5476|2983, 5496|3058, 5496|3469, 5348|3566, 5348|3766, 5364|3859, 5584|4015, http://www.ox.ac.uk, 
4528|1, 4528|727, 4748|892, 4748|1034, 4848|1305, 5068|1414, 5068|1965, 5508|2032, 5288|2128, 5288|2199, 8640|2339, 8640|2611, 10180|2700, 19200|2802, 19200|2869, 19420|2930, 19860|3074, 20960|3195, 20868|3286, 20900|3360, 20900|3459, 21340|3549, 19800|3636, 18260|3734, 18260|3788, 17160|3870, 17160|4003, https://www.pku.edu.cn, 
4528|1, 4528|690, 4532|780, 4972|912, 4972|1235, 5192|1331, 5192|1624, 5216|1693, 5080|1774, 5300|1864, 5300|2041, 5520|2116, 5520|2298, 5960|2512, 5960|2643, 5964|2737, 5524|2797, 5524|3538, 5632|3618, 5632|3684, 5600|3761, 5304|3818, 5304|4031, https://www.linkedin.com, 
4528|1, 4528|826, 4652|1068, 4796|1247, 5236|1369, 4796|1488, 4796|1678, 5016|1752, 5016|1824, 5236|1953, 5300|2050, 5536|2127, 5536|2543, 5316|2613, 7736|2694, 7516|2744, 7516|2877, 7956|2949, 8176|3015, 8316|3112, 8316|3435, 8536|3547, 8536|4009, https://www.ctrip.com, 
4528|1, 4528|866, 4968|1058, 4968|1371, 5248|1458, 5128|1530, 5128|1936, 5568|2044, 5788|2108, 5788|2232, 6008|2362, 6376|2515, 6596|2606, 6816|2683, 6596|2754, 6596|2887, 8136|2948, 14076|3041, 12976|3099, 12976|3310, 13196|3366, 13416|3449, 13484|3506, 13484|3580, 14584|3642, 14804|3702, 14804|4056, https://www.jd.com, 
4528|1, 4528|895, 4808|1121, 4808|1233, 5028|1314, 5028|1376, 5248|1454, 5248|1887, 5336|1986, 5144|2116, 4924|2230, 4924|2910, 5092|2973, 5164|3025, 5164|3457, 5604|3523, 7584|3589, 7584|3646, 8244|3721, 8244|3892, 8352|3989, 8352|4090, https://www.baidu.com, 
4528|1, 4528|706, 4748|877, 4528|1098, 4528|1198, 4844|1315, 4844|1935, 5064|2012, 5064|2187, 5264|2268, 8564|2366, 10104|2457, 10104|3089, 10044|3157, 10184|3250, 10112|3313, 10112|3771, 7596|3844, 7596|4047, https://www.alipay.com, 
4528|1, 4528|613, 4532|704, 4532|825, 4752|1035, 4752|1319, 4972|1393, 4972|1595, 5116|1671, 5116|2336, 5052|2443, 4904|2503, 4904|2569, 5008|2667, 5148|2719, 5148|2920, 5216|2999, 5216|3648, 5148|3708, 5148|4013, http://www.ox.ac.uk, 
4528|1, 4528|606, 4748|807, 4916|1002, 4820|1134, 5040|1224, 5040|1909, 5164|2014, 5164|2241, 4944|2348, 4944|2472, 4724|2555, 4724|2695, 5164|2765, 5164|2907, 5184|2980, 5272|3051, 5272|3691, 5440|3785, 5524|4002, http://www.ox.ac.uk, 
4528|1, 4528|760, 4748|1013, 4748|1216, 4968|1355, 4968|1431, 5020|1515, 5152|1600, 5152|2465, 5400|2530, 5400|2613, 5620|2692, 6060|2806, 5840|2871, 5840|3287, 8480|3372, 8480|3437, 8416|3512, 8376|3580, 8596|3654, 8596|3843, 8156|3901, 8156|4043, https://www.yahoo.com, 
4528|1, 4528|592, 4748|765, 4820|1006, 4820|1614, 5040|1700, 5040|1871, 5312|1955, 5312|2341, 5532|2424, 7732|2490, 7732|2620, 7952|2673, 8172|2746, 8172|2880, 8320|2975, 8320|3068, 8540|3157, 8540|3423, 8760|3518, 8320|3608, 8320|3851, 8544|3947, 8544|4005, https://www.ctrip.com, 
4528|1, 4528|814, 4748|1066, 4748|1278, 5092|1418, 5092|2053, 5312|2159, 5312|2224, 5092|2314, 5124|2378, 5064|2464, 5284|2537, 5504|2637, 5944|2823, 6164|2942, 6164|3041, 5724|3128, 5724|3355, 5564|3416, 5564|4069, https://www.linkedin.com, 
4528|1, 4528|697, 4540|772, 4540|1246, 5200|1404, 5200|1731, 5044|1782, 5264|1886, 5264|2209, 5484|2326, 9664|2445, 12304|2598, 12744|2710, 12732|2785, 12732|2871, 12512|2937, 12292|3025, 12292|3102, 12512|3220, 12732|3296, 12732|3355, 12072|3449, 11852|3506, 11632|3597, 11632|3706, 11672|3778, 11596|3841, 11580|3902, 11580|4042, https://www.pinduoduo.com, 
4528|1, 4524|194, 4524|789, 4964|976, 4964|1086, 4824|1263, 4824|1928, 5484|2049, 5924|2121, 5860|2199, 9600|2282, 9380|2360, 9160|2487, 9160|3091, 9184|3145, 9252|3231, 7180|4013, https://www.douyin.com, 
4528|1, 4528|780, 4968|941, 4968|1429, 5024|1509, 5008|1572, 5008|2464, 5080|2518, 5080|2730, 5084|2810, 5084|3294, 5012|3400, 5092|3501, 5040|3564, 5040|4038, https://www.netflix.com, 
4528|1, 4528|742, 4748|943, 4920|1095, 4920|1297, 5140|1427, 5360|1528, 5360|1970, 5176|2079, 5836|2161, 5836|2239, 6276|2346, 6936|2463, 6716|2567, 6936|2621, 6716|2699, 6716|2826, 13096|2910, 13096|3039, 14196|3105, 13316|3196, 13096|3271, 13536|3330, 14636|3423, 14636|3668, 14416|3730, 14196|3807, 14416|3870, 14324|4029, https://www.jd.com, 
4528|1, 4528|883, 4748|1048, 4748|1378, 5012|1462, 5012|1906, 5452|1979, 5892|2065, 6552|2167, 7872|2240, 8752|2321, 7888|2437, 7436|2526, 12056|2603, 12276|2710, 12276|2774, 12496|2836, 12716|2921, 12716|3404, 12912|3488, 13132|3563, 12032|3647, 14452|3724, 13792|3889, 13572|3967, 13352|4072, https://www.jianshu.com, 
4528|1, 4528|638, 4908|866, 4908|1039, 6448|1170, 5128|1246, 5128|1668, 5172|1748, 5048|1804, 5048|1937, 5268|2087, 5048|2185, 5048|2282, 6588|2361, 6588|2443, 5268|2525, 5708|2621, 5708|2692, 5956|2767, 5972|2869, 5972|3263, 8340|3350, 14356|3449, 14356|3722, 14360|3779, 14080|3891, 14080|4034, https://www.shodan.io, 
4528|1, 4528|727, 4968|905, 4748|1075, 6240|1285, 5188|1356, 5188|1848, 5408|1939, 5848|2033, 6068|2133, 6068|2252, 5824|2321, 5824|2409, 6264|2500, 6264|2646, 6704|2736, 6704|2988, 12644|3054, 13964|3116, 12644|3200, 12644|3250, 13024|3322, 13244|3386, 13464|3439, 14564|3515, 14564|3817, 14124|3899, 14124|4049, https://www.jd.com, 
4528|1, 4528|629, 4540|751, 4760|1077, 4760|1271, 4980|1366, 5200|1450, 5200|1562, 5208|1643, 5152|1698, 5152|2119, 5372|2196, 5372|2613, 7648|2681, 7648|2815, 7868|2886, 8308|2964, 8308|3531, 8528|3630, 8528|3710, 8308|3822, 8308|4025, https://www.ctrip.com, 
4528|1, 4528|740, 4968|964, 4816|1114, 4816|1830, 5036|1897, 5036|2106, 5168|2172, 5388|2247, 5168|2312, 5168|2399, 5388|2470, 5388|2616, 5608|2689, 5608|2995, 5792|3092, 5908|3161, 5908|3750, 6568|3813, 13388|3933, 13352|4091, http://www.ox.ac.uk, 
4528|1, 4528|412, 4532|503, 4532|580, 4972|835, 4972|1120, 5192|1206, 5192|1408, 5072|1475, 5072|1677, 7272|1807, 6172|1985, 6172|2117, 9472|2301, 9472|2442, 9444|2491, 9444|3413, 9448|3474, 9448|4069, https://zhuanlan.zhihu.com, 
4528|1, 4528|778, 4748|972, 4920|1148, 4920|1279, 4700|1380, 4700|1993, 5056|2067, 5056|2903, 4960|2964, 5048|3018, 5056|3107, 5056|3171, 5204|3265, 5208|4030, https://www.netflix.com, 
4528|1, 4528|891, 4748|1121, 4748|1394, 4888|1488, 4888|1985, 5328|2103, 5328|2180, 7748|2302, 7528|2416, 7384|2479, 7384|2642, 14424|2782, 14424|2857, 18604|2984, 18604|3179, 18636|3244, 18636|3382, 18780|3450, 18780|3510, 18816|3584, 18816|4008, https://www.buaa.edu.cn, 
4528|1, 4528|684, 4532|784, 4532|879, 4752|1053, 4752|1456, 5192|1525, 5192|1719, 5096|1799, 5096|1939, 5536|2062, 5316|2128, 5536|2240, 8176|2372, 8616|2486, 8616|2577, 10156|2643, 10156|2745, 19004|2837, 19224|2916, 19444|3034, 19224|3133, 20544|3313, 20544|3492, 20324|3590, 20104|3696, 19224|3837, 17684|3896, 17684|4034, https://www.pku.edu.cn, 
4528|1, 4528|752, 4748|934, 4804|1157, 4824|1263, 4824|2088, 4848|2164, 5056|2242, 5056|3124, 5076|3178, 5076|3479, 5296|3590, 5076|3660, 5076|3826, 5032|3881, 5032|4065, https://www.netflix.com, 
4528|1, 4528|812, 4968|1024, 4968|1340, 5188|1421, 5188|1481, 4936|1563, 5016|1620, 5016|1851, 6556|1967, 6556|2058, 8316|2210, 8976|2286, 5456|2340, 5896|2449, 6084|2514, 6852|2598, 7072|2683, 7292|2756, 7512|2847, 7512|3270, 11472|3388, 10812|3492, 10276|3584, 10056|3681, 10936|3780, 10936|4087, https://www.jianshu.com, 
4528|1, 4528|722, 4748|900, 4920|1051, 4920|1822, 5244|1921, 5344|1997, 5344|2233, 5784|2429, 6004|2546, 6004|2778, 5564|2851, 5584|2944, 5584|3793, 5364|3859, 5324|3950, 5324|4013, https://www.linkedin.com, 
4528|1, 4528|902, 4748|1174, 4804|1345, 4836|1431, 5056|1532, 5056|1773, 5276|1844, 5276|1997, 5496|2098, 5496|2233, 5276|2314, 5176|2372, 5396|2429, 5396|2549, 5836|2675, 6056|2811, 6056|3025, 5616|3145, 5616|3284, 5548|3341, 5580|3410, 5284|4054, https://www.linkedin.com, 
4528|1, 4528|574, 4532|663, 4532|769, 4752|1012, 4972|1192, 5192|1322, 5192|1586, 5160|1681, 5160|1746, 5380|1832, 5160|1910, 5160|2119, 5380|2184, 5600|2307, 5600|2437, 6920|2535, 6000|2659, 5780|2720, 5780|3069, 7320|3147, 8420|3235, 8420|3356, 8640|3465, 8640|3578, 8668|3679, 8228|3748, 8228|4028, https://www.yahoo.com, 
4528|1, 4528|713, 4748|907, 5012|1162, 4832|1262, 4832|1356, 5052|1457, 5052|1937, 5272|2036, 5272|2120, 5420|2168, 5532|2241, 5532|2357, 5312|2460, 5532|2540, 7732|2618, 7732|2747, 7952|2807, 8172|2882, 8172|3119, 8400|3193, 8400|3287, 8840|3395, 8180|3458, 8180|3556, 8400|3635, 8400|3728, 8620|3847, 8620|4025, https://www.ctrip.com, 
4528|1, 4528|1049, 4748|1250, 4968|1374, 5048|1434, 5052|1506, 5052|1927, 5492|2009, 5492|2097, 6812|2183, 6812|2263, 10772|2353, 16052|2418, 16272|2504, 16272|2577, 20672|2647, 20672|2809, 21112|2943, 21332|3013, 21332|3379, 21328|3462, 21368|3530, 21368|4059, https://www.buaa.edu.cn, 
4528|1, 4528|893, 4916|1094, 4916|1882, 5132|1966, 5132|2108, 5572|2226, 5572|2483, 7552|2547, 7552|2882, 7576|2948, 7592|3024, 7592|3377, 7596|3454, 7596|4009, https://www.bing.com, 
4528|1, 4528|882, 4748|1129, 4960|1298, 5180|1405, 5180|1685, 5400|1762, 5400|1849, 5620|1912, 5620|1997, 5400|2073, 5400|2196, 5464|2273, 5560|2320, 5560|2443, 5780|2543, 5780|2624, 6220|2734, 6220|2996, 9080|3075, 9080|3209, 9000|3314, 9000|3414, 9220|3513, 9220|3819, 8780|3892, 8780|4036, https://www.yahoo.com, 
4528|1, 4528|627, 4540|736, 4980|887, 4980|1266, 5200|1349, 5200|1623, 5240|1683, 5096|1770, 5096|1850, 5536|1952, 5316|2030, 5316|2092, 6196|2167, 11696|2270, 10596|2352, 11036|2429, 11036|2546, 17636|2643, 17400|2762, 17180|2825, 17180|2900, 16740|2973, 17840|3044, 17840|3365, 18060|3451, 19820|3553, 18940|3645, 18636|3708, 17316|3796, 14676|3873, 14676|4010, https://www.pku.edu.cn, 
4528|1, 4528|832, 4968|949, 4792|1173, 4792|1372, 5012|1498, 5012|2065, 5148|2150, 5148|2212, 5588|2338, 5588|2590, 7568|2654, 7568|3083, 7492|3131, 7492|3266, 7588|3317, 7588|4024, https://www.bing.com, 
4528|1, 4528|526, 4532|663, 4532|749, 4752|937, 4752|1120, 4972|1284, 4972|1473, 5016|1545, 5016|1796, 6556|1881, 6556|1956, 7876|2110, 8976|2166, 9856|2247, 10076|2344, 8756|2419, 5676|2506, 5752|2565, 5972|2623, 5972|2692, 6192|2782, 6412|2843, 6412|3332, 6632|3419, 12792|3495, 12424|3615, 12424|3720, 12644|3819, 12644|4020, https://www.jianshu.com, 
4528|1, 4528|873, 4760|1040, 4980|1200, 4980|1394, 5200|1509, 5200|1914, 5088|1996, 5088|2434, 5528|2527, 5308|2594, 5308|2668, 5528|2759, 5528|2837, 5748|2919, 5736|2986, 5736|3077, 19596|3182, 19596|3248, 19816|3340, 19816|3867, 20084|3950, 20084|4018, http://www.ox.ac.uk, 
4528|1, 4528|751, 4748|993, 4748|1255, 4968|1349, 5044|1412, 5012|1492, 5012|2016, 5020|2080, 5020|2347, 5404|2474, 5844|2528, 5844|2595, 11124|2694, 10904|2752, 9804|2848, 9804|3091, 9584|3175, 9584|3326, 9528|3393, 9636|3466, 9636|4057, https://www.mit.edu, 
4528|1, 4528|723, 4760|937, 4760|1316, 6300|1443, 5200|1524, 5200|1746, 5088|1797, 5096|1880, 5096|1979, 6636|2112, 6636|2201, 6416|2267, 6416|2467, 6196|2547, 6196|2627, 6416|2715, 6416|2784, 6592|2866, 6592|3016, 6812|3145, 7252|3213, 7692|3285, 7692|3658, 7472|3722, 7432|3815, 7392|3881, 7172|4046, https://www.apple.com, 
4528|1, 4528|840, 4968|963, 4748|1070, 4808|1247, 4808|1832, 5028|1993, 5468|2092, 5828|2181, 6048|2266, 6268|2364, 6048|2501, 6488|2603, 6708|2658, 6708|2916, 9568|2998, 13968|3075, 12636|3134, 12736|3253, 12956|3316, 13176|3374, 13176|3450, 13396|3523, 14496|3586, 14056|4011, https://www.jd.com, 
4528|1, 4528|802, 4748|1053, 4748|1349, 4948|1437, 5072|1485, 5072|1919, 5952|2046, 5952|2208, 6392|2295, 6392|2375, 6380|2433, 6412|2508, 6412|3572, 6416|3651, 7516|4061, https://zhuanlan.zhihu.com, 
4528|1, 4528|755, 4904|930, 4904|1787, 5216|1888, 5216|2210, 5436|2286, 5876|2406, 5876|2478, 6536|2551, 6536|2770, 6752|2882, 6820|2990, 6820|3653, 6884|3733, 6884|3846, 6912|3917, 6932|3987, 6932|4038, http://blogs.360.cn, 
4528|1, 4528|782, 4968|974, 4748|1142, 4824|1313, 4824|1523, 5044|1606, 5044|2054, 5264|2167, 5580|2241, 5548|2314, 5548|2611, 7748|2681, 7748|2886, 7968|2960, 8188|3031, 8188|3210, 8332|3308, 8332|3382, 8552|3492, 8552|3647, 8332|3754, 8332|4021, https://www.ctrip.com, 
4528|1, 4528|595, 4532|693, 4532|763, 4752|972, 4752|1281, 4972|1399, 5192|1469, 5192|1543, 5184|1616, 5144|1685, 5144|1913, 5364|2017, 5364|2581, 5452|2654, 7652|2761, 7652|2838, 7872|2896, 8312|2974, 8312|3281, 8532|3373, 8532|3492, 8752|3597, 8344|3673, 8344|4016, https://www.ctrip.com, 
4528|1, 4528|749, 4748|1002, 4808|1217, 4808|1860, 5248|1950, 8272|2054, 8484|2145, 6064|2202, 5844|2260, 5844|2336, 6504|2418, 8484|2499, 8484|2979, 8744|3067, 8720|3133, 8720|3754, 8940|3856, 8940|4007, https://zhuanlan.zhihu.com, 
4528|1, 4528|528, 4532|603, 4532|863, 4752|1079, 4752|1362, 5192|1480, 5092|1591, 5092|2108, 5532|2210, 5532|2279, 7292|2381, 10372|2485, 10688|2547, 10908|2637, 10908|2767, 19928|2863, 19708|2941, 19268|3011, 19268|3154, 20588|3219, 20588|3296, 20368|3408, 20368|3469, 20216|3553, 20216|3641, 20656|3725, 21536|3852, 20656|3932, 19556|3989, 17136|4071, https://www.pku.edu.cn, 
4528|1, 4528|787, 4908|1006, 4908|1850, 4900|1922, 5160|1990, 5160|2207, 5380|2291, 5380|2350, 5160|2432, 5380|2510, 5600|2584, 5600|2732, 5820|2804, 5820|2871, 5668|2955, 5668|3295, 5888|3388, 5888|3723, 12708|3790, 13588|3869, 13716|3964, 13716|4038, http://www.ox.ac.uk, 
4528|1, 4528|837, 4748|1018, 4748|1218, 4968|1344, 5012|1447, 5012|1963, 5232|2058, 5232|2123, 4792|2248, 4792|2366, 5052|2447, 5052|3058, 5712|3158, 7252|3336, 6156|3448, 9016|3577, 9016|3731, 9456|3839, 9456|4054, https://world.taobao.com, 
4528|1, 4528|821, 4904|1010, 4904|1786, 5044|1855, 5176|1961, 5176|2265, 5396|2330, 5396|2408, 5176|2489, 5396|2556, 5396|2775, 5804|2843, 5960|2922, 5960|2999, 6180|3064, 6180|3368, 6400|3485, 6400|3546, 6620|3620, 6620|3834, 6592|3944, 14292|4031, http://www.ox.ac.uk, 
4528|1, 4528|707, 4748|859, 4820|1064, 4820|1245, 5040|1318, 5040|1791, 5260|1869, 5260|1960, 5148|2047, 5172|2098, 5612|2212, 6052|2356, 5832|2474, 5612|2602, 5612|2987, 5536|3083, 5536|3751, 5316|3829, 5276|4057, https://www.linkedin.com, 
4528|1, 4528|444, 4532|569, 4532|640, 4752|848, 4752|1067, 5632|1187, 4972|1269, 4972|1453, 5048|1544, 5048|2043, 5488|2127, 5928|2192, 7688|2307, 6368|2414, 6480|2497, 6572|2641, 6572|2994, 6792|3103, 6792|3472, 6756|3538, 6756|3694, 5868|3757, 5868|4029, http://blogs.360.cn, 
4528|1, 4528|788, 4912|1002, 4912|1229, 5132|1381, 5132|1979, 5160|2069, 5060|2137, 5060|2198, 6380|2346, 6380|2433, 6820|2542, 7480|2638, 7040|2704, 7480|2768, 8140|2851, 8580|2916, 8892|2983, 9092|3067, 9312|3151, 9312|3584, 9532|3678, 9532|3742, 11512|3905, 10360|4023, https://www.jianshu.com, 
4528|1, 4528|770, 4748|965, 4748|1341, 4864|1503, 4864|1946, 5084|2042, 5524|2139, 5524|2230, 10584|2328, 11244|2389, 11108|2454, 11164|2542, 11164|3200, 11384|3346, 11408|3452, 11408|3913, 11412|3983, 11412|4044, https://www.douyin.com, 
4528|1, 4528|868, 4844|1067, 4844|1426, 5064|1510, 5064|1830, 4984|1913, 5024|1965, 5024|2572, 5244|2654, 5244|2758, 5684|2845, 8460|2936, 6700|3047, 14400|3125, 14840|3189, 14840|3827, 14756|3909, 14700|4009, https://www.shodan.io, 
4528|1, 4528|773, 4748|965, 4968|1169, 4820|1352, 4820|1916, 5040|2053, 5700|2172, 6208|2251, 5768|2340, 11928|2441, 11928|2748, 12148|2877, 12148|3141, 11972|3227, 11972|4021, https://www.mit.edu, 
4528|1, 4528|591, 4532|690, 4532|880, 4972|1136, 4972|1430, 5192|1550, 5192|1605, 5184|1674, 5092|1754, 5092|1995, 5532|2100, 5532|2159, 5092|2266, 8832|2371, 10372|2429, 10372|2613, 10400|2675, 10348|2739, 10348|2925, 17168|3012, 17388|3108, 17168|3205, 18268|3263, 18268|3359, 18048|3456, 18048|3599, 18092|3726, 19192|3835, 19632|3912, 17212|4032, https://www.pku.edu.cn, 
4528|1, 4528|654, 4968|768, 4968|919, 4812|1077, 4812|1859, 5032|1945, 5472|2013, 5772|2101, 5772|2203, 9512|2273, 9292|2373, 9292|2975, 9352|3059, 9368|3146, 9368|3899, 7296|3983, 7268|4060, https://www.douyin.com, 
4528|1, 4528|867, 4748|1101, 4968|1325, 4968|1412, 5236|1519, 5092|1603, 5092|2143, 5972|2295, 5972|2434, 5880|2527, 6372|2625, 6372|2922, 6592|3005, 6592|3149, 6812|3230, 7472|3328, 7472|3461, 7560|3543, 7668|3627, 7668|4037, https://www.apple.com, 
4528|1, 4528|629, 4908|882, 4908|1256, 5128|1329, 5128|1483, 5348|1560, 5348|1780, 5236|1850, 5236|2738, 5196|2824, 5300|2900, 5372|2952, 5372|3498, 5152|3554, 5152|3773, 5236|3824, 5356|3897, 7776|4004, https://www.baidu.com, 
4528|1, 4528|864, 4748|1108, 4968|1253, 4828|1387, 4828|2250, 4908|2315, 5056|2376, 5056|3067, 5072|3149, 5072|3274, 5080|3358, 5080|3660, 6620|3762, 5300|3834, 5300|4116, https://www.netflix.com, 
4528|1, 4528|835, 4752|1045, 4752|1685, 4972|1795, 5072|1870, 5072|1983, 6392|2097, 7492|2249, 7932|2315, 7052|2410, 7492|2501, 7932|2565, 8372|2642, 8812|2739, 9032|2799, 8920|2910, 9140|3016, 9140|3333, 14640|3481, 10900|3649, 10020|3765, 10832|3862, 10832|4079, https://www.jianshu.com, 
4528|1, 4528|753, 4748|965, 4904|1236, 4904|1669, 5124|1762, 5124|1905, 5564|2037, 5344|2136, 5516|2192, 8816|2284, 10356|2369, 10356|2820, 17616|2948, 19376|3029, 19376|3093, 19872|3194, 19872|3364, 20532|3491, 20312|3576, 20312|3763, 20972|3872, 20752|3932, 19432|4033, https://www.pku.edu.cn, 
4528|1, 4528|553, 4532|656, 4532|828, 4972|1047, 4972|1524, 5016|1585, 5016|1963, 7436|2129, 8316|2202, 5676|2322, 5676|2405, 5896|2455, 5896|2522, 7392|2641, 9152|2702, 9152|3552, 8960|3627, 8960|3722, 9180|3836, 9180|4105, https://zhuanlan.zhihu.com, 
4528|1, 4528|719, 4912|956, 4912|1257, 5132|1371, 5132|1834, 5348|1968, 5128|2046, 5128|2141, 5568|2230, 5788|2340, 6448|2424, 6448|2752, 6728|2855, 6596|2926, 6596|3094, 6816|3160, 7476|3248, 7476|3792, 7676|3892, 7456|4074, https://www.apple.com, 
4528|1, 4528|655, 4748|812, 4748|981, 4968|1175, 4968|1309, 4904|1420, 4904|1789, 5124|1903, 5124|2025, 6224|2103, 9964|2213, 9964|2288, 11956|2359, 11764|2453, 11764|3133, 11984|3198, 11984|3281, 11852|3360, 11920|3422, 11920|4021, https://www.mit.edu, 
4528|1, 4528|652, 4532|745, 4532|866, 4752|1154, 4752|1349, 4972|1463, 4972|1697, 5016|1801, 5016|1971, 5236|2065, 5016|2142, 5456|2239, 7876|2319, 8096|2403, 8096|2524, 13376|2619, 13504|2714, 13624|2804, 13624|3709, 13636|3791, 13636|4032, https://www.shodan.io, 
4528|1, 4528|1137, 4832|1284, 5052|1420, 5052|1901, 8352|2033, 8572|2125, 6092|2206, 5892|2284, 5892|2375, 5452|2484, 5452|3181, 5608|3257, 5608|3625, 7148|3771, 8908|3889, 8908|4060, https://zhuanlan.zhihu.com, 
4528|1, 4528|586, 4532|677, 4532|791, 4972|1006, 4752|1213, 4752|1325, 5192|1423, 5192|1508, 5412|1592, 5148|1658, 5148|2114, 5368|2212, 5588|2264, 5588|2487, 5368|2556, 5400|2634, 7820|2726, 7820|2856, 8040|2925, 8260|2994, 8260|3299, 8480|3408, 8480|3508, 8520|3616, 8484|3693, 8264|3843, 8264|4001, https://www.ctrip.com, 
4528|1, 4528|730, 4896|880, 4896|1270, 5116|1370, 5116|1832, 5320|1950, 8180|2088, 6200|2162, 5540|2253, 5760|2368, 6860|2454, 5760|2533, 5760|2744, 5872|2837, 5660|2926, 5660|3520, 6540|3610, 7200|3701, 8740|3815, 8956|3900, 8956|4067, https://zhuanlan.zhihu.com, 
4528|1, 4528|327, 4532|432, 4532|757, 4752|1115, 4752|1311, 4836|1452, 4836|1928, 5056|2008, 5276|2104, 5276|2172, 5056|2276, 5264|2373, 5484|2444, 6144|2629, 6144|2784, 5704|2892, 5704|3311, 5592|3378, 5540|3448, 5268|4072, https://www.linkedin.com, 
4528|1, 4528|681, 4532|769, 4752|982, 4532|1150, 4752|1355, 5192|1504, 5192|1640, 5072|1701, 5072|2008, 6392|2162, 7712|2251, 5732|2350, 5952|2433, 5952|2491, 9472|2604, 9240|2685, 9300|2762, 9300|3648, 9304|3710, 9304|4029, https://zhuanlan.zhihu.com, 
4528|1, 4528|756, 4968|912, 4820|1130, 4820|1329, 5040|1456, 5040|1917, 7956|2072, 5812|2149, 6032|2225, 6032|2296, 5812|2371, 9992|2466, 9112|2561, 9112|2999, 9048|3083, 9188|3151, 9188|4064, https://zhuanlan.zhihu.com, 
4528|1, 4528|459, 4532|548, 4532|1019, 4752|1234, 4752|1302, 4972|1414, 4956|1501, 5092|1559, 5092|1983, 5532|2087, 5532|2160, 5752|2239, 10592|2339, 10592|2420, 10708|2485, 10952|2568, 10952|2682, 19972|2813, 19752|2904, 19752|3069, 20412|3140, 20412|3341, 21292|3471, 22044|3555, 21164|3665, 19844|3768, 16984|3830, 16984|4022, https://www.pku.edu.cn, 
4528|1, 4528|764, 4908|981, 4908|1827, 4876|1936, 5040|2075, 5480|2169, 5480|2254, 5040|2367, 5480|2444, 9220|2523, 7680|2639, 12960|2790, 13620|2890, 13564|3012, 13564|3309, 13568|3397, 13584|4028, https://www.shodan.io, 
4528|1, 4528|681, 4748|825, 4748|1016, 4968|1209, 4968|1296, 4852|1412, 4852|1989, 5952|2151, 6612|2287, 7320|2389, 9300|2505, 7760|2592, 6220|2660, 6220|2756, 6660|2841, 6880|2896, 7100|3003, 7100|3305, 6956|3390, 6956|3641, 13996|3770, 13116|3863, 12676|4036, https://www.jianshu.com, 
4528|1, 4528|736, 4532|901, 4752|1129, 4532|1260, 4532|1473, 5852|1616, 4972|1704, 5016|1796, 5016|2304, 5896|2423, 6116|2525, 5676|2591, 6776|2684, 5332|2783, 5332|3146, 9732|3219, 9732|3697, 9740|3792, 9740|4057, https://www.mit.edu, 
4528|1, 4528|743, 4748|934, 4796|1193, 4796|2018, 5112|2140, 5332|2260, 5112|2329, 5552|2416, 9952|2544, 10172|2610, 10612|2682, 10612|2937, 20072|3039, 19448|3157, 19228|3217, 19228|3383, 20328|3485, 20328|3854, 20548|3972, 21460|4109, https://www.pku.edu.cn, 
4528|1, 4528|760, 4968|959, 4748|1199, 4968|1365, 4968|1428, 5056|1498, 5056|2024, 5496|2189, 5936|2307, 6596|2404, 11796|2522, 16196|2618, 16416|2688, 16416|2889, 16196|2980, 16856|3109, 19276|3218, 19276|3407, 19464|3496, 19476|3604, 19476|3674, 19480|3736, 19480|4042, https://www.buaa.edu.cn, 
4528|1, 4528|716, 4760|977, 4760|1126, 4980|1303, 5200|1463, 5200|1756, 5292|1826, 5584|1937, 5584|2278, 5804|2398, 7124|2485, 6024|2618, 6244|2743, 6404|2831, 6404|3209, 8824|3339, 8824|3519, 9264|3623, 9264|3797, 9168|3853, 8948|3960, 8728|4067, https://www.yahoo.com, 
4528|1, 4528|833, 4748|1076, 4828|1300, 4828|2117, 6036|2227, 6040|2297, 5820|2394, 6480|2494, 5380|2565, 5380|2841, 5160|2920, 9560|3032, 9560|3215, 9776|3328, 9776|4103, https://www.mit.edu, 
4528|1, 4528|701, 4540|824, 4760|1041, 4760|1406, 4980|1526, 4980|1691, 4788|1774, 5020|1846, 5020|2140, 5240|2230, 5240|2463, 5020|2573, 5020|2649, 5028|2756, 5144|2880, 5144|3241, 5364|3319, 5364|3404, 6464|3516, 22744|3630, 22744|3702, 23244|3816, 23244|4009, http://www.ox.ac.uk, 
4528|1, 4528|812, 4748|1120, 4808|1374, 5028|1510, 5028|2142, 5160|2248, 5160|2380, 8460|2500, 10440|2588, 10440|2678, 10880|2780, 10880|3024, 19900|3150, 19708|3220, 19708|3403, 19048|3514, 19708|3636, 20588|3744, 20808|4010, https://www.pku.edu.cn, 
4528|1, 4528|932, 4748|1170, 4748|1485, 5032|1619, 5008|1730, 5008|2561, 5192|2654, 5192|2927, 10252|3078, 10252|3633, 10200|3703, 10208|3817, 10208|4012, https://www.alipay.com, 
4528|1, 4528|862, 4908|1138, 4908|2008, 5092|2080, 5092|2291, 6412|2452, 7292|2544, 7072|2675, 6412|2774, 6412|3023, 6560|3128, 6560|3316, 7220|3451, 7660|3553, 7660|4041, https://www.apple.com, 
4528|1, 4528|937, 4748|1175, 4788|1422, 4848|1534, 4848|2251, 5288|2381, 5288|2492, 5728|2600, 5508|2668, 7708|2822, 8148|2951, 13648|3044, 13648|3428, 13628|3519, 13628|4028, https://www.shodan.io, 
4528|1, 4528|801, 4532|929, 4752|1121, 4752|1731, 5140|1829, 5236|1898, 5236|2744, 5324|2834, 5304|2904, 5304|4002, https://www.baidu.com, 
4528|1, 4528|744, 4748|979, 4744|1148, 4804|1360, 4804|2119, 5136|2211, 5136|2436, 5576|2601, 5576|2688, 7336|2822, 6456|2996, 7116|3088, 7188|3165, 6908|3258, 6908|3421, 13068|3502, 15928|3616, 14608|3735, 14608|3799, 14828|3900, 15048|3999, 14828|4097, https://www.jd.com, 
4528|1, 4528|566, 4532|691, 4532|835, 4752|1103, 4752|1348, 4872|1581, 5040|1688, 5040|2224, 5260|2378, 5260|2476, 5196|2568, 5372|2700, 6032|2798, 6472|2877, 6912|3008, 10872|3144, 10872|3216, 11092|3375, 11092|3482, 11360|3566, 11892|3685, 12004|4039, https://www.pinduoduo.com, 
4528|1, 4528|823, 4900|1114, 4900|1494, 5120|1642, 5120|2029, 5068|2121, 5068|2363, 6608|2494, 6608|2573, 7048|2730, 9028|2842, 9248|2919, 5728|2999, 10600|3107, 13900|3211, 14120|3273, 14340|3354, 14340|3449, 14780|3543, 14752|4085, https://www.jianshu.com, 
4528|1, 4528|1359, 5068|1522, 5068|2140, 5288|2289, 5508|2403, 5688|2470, 7908|2606, 7908|2753, 9448|2873, 13408|3025, 13408|3393, 13552|3490, 13552|4001, https://www.shodan.io, 
4528|1, 4528|757, 4900|971, 4900|1829, 4944|1934, 5064|2033, 5064|2321, 6164|2424, 6164|2519, 5724|2644, 9684|2775, 9684|2829, 9688|2938, 9644|3064, 9644|3354, 9864|3458, 9864|3845, 9804|3947, 9804|4065, https://www.mit.edu, 
4528|1, 4528|919, 4968|1105, 4968|1257, 4800|1484, 5020|1645, 5020|2172, 5072|2284, 5416|2402, 5856|2529, 5856|2894, 6516|3058, 6956|3143, 6736|3214, 6736|3305, 8072|3395, 14232|3470, 14232|3544, 13132|3660, 13132|3817, 13352|3889, 14672|4099, https://www.jd.com, 
4528|1, 4528|576, 4532|706, 4532|846, 4972|1105, 4972|1642, 5004|1734, 5004|2336, 5036|2453, 5036|2646, 5072|2723, 5072|3649, 5068|3709, 5068|4039, https://www.netflix.com, 
4528|1, 4528|897, 4748|1097, 4920|1268, 4920|2039, 5156|2143, 5156|2355, 5376|2499, 5596|2566, 5596|2648, 5376|2756, 5376|3097, 7704|3226, 7704|3301, 7924|3386, 8144|3484, 8144|4074, https://www.ctrip.com, 
4528|1, 4528|899, 4748|1070, 4748|1254, 4844|1521, 4932|1652, 4932|2206, 5592|2337, 5372|2412, 5812|2507, 8820|2640, 10360|2766, 10800|2844, 10800|3108, 13000|3192, 17180|3310, 17180|3464, 16840|3549, 16544|3683, 17204|3801, 18084|3883, 18084|4008, https://www.pku.edu.cn, 
4528|1, 4528|855, 4904|1067, 4904|1765, 5124|1886, 5236|1975, 5236|2335, 6556|2501, 5236|2605, 5236|2836, 5280|2940, 5232|3035, 8092|4030, https://www.baidu.com, 
4528|1, 4528|827, 4748|1044, 4696|1193, 4808|1458, 4808|2097, 4884|2186, 5128|2280, 5128|3110, 5252|3212, 5308|3284, 5308|4064, http://www.ox.ac.uk, 
4528|1, 4528|600, 4532|722, 4532|908, 4752|1159, 4752|1452, 4972|1580, 4952|1677, 5008|1752, 5008|2570, 5052|2706, 5104|2808, 5104|2968, 5108|3068, 5256|3179, 5256|3312, 5108|3415, 5108|3660, 5200|3768, 5200|4053, http://www.ox.ac.uk, 
4528|1, 4528|902, 4740|1030, 4848|1322, 4848|1558, 5068|1719, 5068|1985, 5040|2055, 5040|2590, 5700|2700, 6360|2782, 6360|2884, 6892|3027, 10776|3128, 11436|3215, 11656|3346, 11876|3475, 12096|3567, 12500|4088, https://www.pinduoduo.com, 
4528|1, 4528|712, 4748|882, 4968|1066, 4968|1424, 5012|1489, 5012|2391, 5056|2483, 5060|2572, 5060|2708, 5280|2857, 5280|2930, 5720|3025, 9240|3127, 7480|3219, 7480|3306, 8580|3420, 13060|3571, 13060|4017, https://www.shodan.io, 
4528|1, 4528|762, 4760|994, 4760|1504, 4980|1640, 4980|1715, 5004|1805, 5004|2207, 5224|2351, 5444|2429, 5664|2542, 5224|2666, 5224|2738, 5196|2806, 10256|2902, 14656|3011, 14656|3794, 14788|3865, 14728|4028, https://www.shodan.io, 
4528|1, 4528|698, 4968|867, 4816|1138, 4816|1306, 5036|1449, 5036|2068, 5088|2188, 5748|2330, 7288|2440, 5528|2525, 5308|2641, 5308|3039, 7636|3165, 9836|3245, 9836|4064, https://www.mit.edu, 
4528|1, 4528|583, 4532|732, 4972|1071, 4972|1580, 5240|1691, 5240|2625, 5212|2779, 5212|3606, 5252|3708, 5252|4062, https://www.baidu.com, 
4528|1, 4528|964, 4760|1112, 4980|1307, 4980|1987, 5064|2053, 5064|2394, 5944|2483, 6164|2576, 9904|2684, 9684|2772, 9684|2941, 9596|3049, 9596|3907, 9712|4000, 9772|4111, https://www.mit.edu, 
4528|1, 4528|1190, 4828|1399, 4828|2311, 5592|2471, 5592|2550, 5372|2659, 9112|2779, 9112|3271, 9260|3392, 9260|3860, 9348|3969, 9348|4056, https://www.douyin.com, 
4528|1, 4528|739, 4532|852, 4972|1094, 4972|1533, 5192|1647, 5192|1740, 5036|1817, 5036|2274, 5696|2432, 5916|2541, 7016|2646, 9656|2744, 9196|2900, 9196|3549, 9280|3649, 9280|3737, 9292|3817, 9292|4041, https://www.douyin.com, 
4528|1, 4528|618, 4748|848, 4748|1084, 4836|1186, 6156|1329, 4836|1432, 4836|1883, 5056|1995, 5004|2107, 5500|2197, 5500|2284, 5720|2373, 5500|2451, 5500|2597, 5280|2693, 7700|2768, 7700|2833, 7920|2928, 8140|3012, 8360|3065, 8384|3160, 8384|3806, 8604|3897, 8604|4092, https://www.ctrip.com, 
4528|1, 4528|539, 4532|649, 4532|806, 4972|1053, 4972|1397, 5036|1537, 5012|1611, 5012|2211, 5232|2281, 5452|2375, 5012|2480, 4984|2545, 5112|2620, 5112|3249, 14532|3361, 15632|3448, 15632|3511, 15588|3593, 15588|4058, https://www.shodan.io, 
4528|1, 4528|819, 4912|1028, 4912|1426, 5132|1529, 5132|1921, 5060|2005, 5060|2106, 5500|2191, 5500|2304, 5940|2419, 6600|2548, 6600|2610, 13200|2711, 16060|2817, 15840|2910, 17052|3047, 19692|3177, 19692|3438, 19768|3536, 19768|3944, 19728|3998, 19728|4062, https://www.buaa.edu.cn, 
4528|1, 4528|952, 4968|1181, 4968|1424, 6196|1558, 5096|1654, 5096|2065, 5316|2228, 5316|2309, 5756|2437, 6768|2556, 6768|2633, 7208|2723, 16888|2825, 16888|2899, 16448|3012, 16008|3144, 19308|3271, 19308|3447, 19592|3562, 19596|4054, https://www.buaa.edu.cn, 
4528|1, 4528|773, 4540|899, 4760|1093, 4540|1360, 4540|1479, 4980|1601, 4980|1843, 5012|1934, 5012|2823, 5124|2979, 5124|3409, 5080|3513, 5080|3857, 5188|3952, 5188|4030, https://www.netflix.com, 
4528|1, 4528|838, 4748|1066, 4748|1224, 4832|1391, 4832|1966, 5272|2106, 5272|2239, 5048|2356, 5048|3007, 5488|3072, 7248|3242, 7760|3430, 9520|3538, 9520|4077, https://world.taobao.com, 
4528|1, 4528|697, 4532|816, 4972|970, 4752|1222, 4752|1387, 4972|1503, 4972|1692, 5072|1767, 5072|2204, 8152|2410, 6392|2542, 5952|2664, 5696|2836, 9436|2984, 9436|4040, https://zhuanlan.zhihu.com, 
4528|1, 4528|902, 4748|1063, 4796|1330, 4796|1444, 5016|1527, 5016|2019, 5236|2100, 5344|2214, 5344|2309, 8424|2399, 9964|2468, 10184|2567, 10184|3005, 10112|3064, 10112|3139, 10200|3230, 10200|3941, 7684|3995, 7684|4054, https://www.alipay.com, 
4528|1, 4528|503, 4532|611, 4532|777, 4752|999, 4752|1208, 4972|1379, 4972|1521, 5148|1615, 5148|1747, 5368|1848, 5368|1954, 5588|2018, 5588|2258, 5808|2362, 5588|2470, 6300|2619, 6300|2772, 6080|2872, 6080|3158, 8720|3284, 8720|3428, 8940|3544, 9124|3630, 9124|3783, 8684|3883, 8684|4026, https://www.yahoo.com, 
4528|1, 4528|800, 4920|1036, 4920|1358, 5140|1463, 5140|1912, 5128|2021, 5568|2139, 5568|2241, 5788|2338, 5788|2410, 6008|2488, 6008|2940, 6160|3005, 6160|4027, https://zhuanlan.zhihu.com, 
4528|1, 4528|607, 4748|867, 4748|1070, 4968|1230, 4996|1379, 4928|1492, 4928|2154, 6468|2298, 7224|2399, 7004|2534, 6564|2607, 6564|2866, 6784|2930, 6784|3100, 7444|3228, 7884|3311, 7660|3390, 7660|4049, https://www.apple.com, 
4528|1, 4528|762, 4540|878, 4980|1076, 4980|1366, 4760|1469, 4760|1772, 5044|1881, 5044|2170, 5264|2308, 5044|2391, 5264|2469, 5484|2598, 6584|2722, 6800|2810, 6792|2957, 6792|3114, 6572|3200, 6572|3748, 6688|3837, 6768|3897, 6768|4044, http://blogs.360.cn, 
4528|1, 4528|848, 4748|1062, 4756|1217, 4808|1442, 5028|1605, 5028|2081, 5248|2177, 5220|2312, 5220|2389, 5440|2489, 6760|2584, 5440|2667, 5440|2987, 7640|3061, 7640|3154, 7924|3247, 8248|3327, 8688|4110, https://www.ctrip.com, 
4528|1, 4528|510, 4536|650, 4536|1010, 4756|1233, 4756|1391, 5196|1534, 5132|1605, 5068|1731, 5068|2318, 5728|2433, 5948|2550, 6736|2639, 5416|2715, 9596|2808, 9596|3163, 9816|3264, 9816|3575, 9792|3649, 9792|4091, https://www.mit.edu, 
4528|1, 4528|867, 4916|1143, 4916|1946, 4984|2034, 5072|2127, 6392|2256, 6612|2453, 7272|2588, 8152|2656, 8812|2756, 9472|2865, 9692|2923, 9852|3050, 10072|3162, 10072|3654, 9852|3765, 11612|3907, 10952|3999, 10484|4114, https://www.jianshu.com, 
4528|1, 4528|1329, 4916|1462, 4916|2143, 5796|2310, 7108|2435, 6212|2542, 6212|2794, 6432|2874, 6432|3134, 6652|3215, 7312|3292, 7312|3394, 7656|3491, 7656|4076, https://www.apple.com, 
4528|1, 4528|771, 4532|897, 4532|1008, 4752|1319, 4752|1502, 5192|1588, 5192|1816, 5020|1893, 5020|2219, 5460|2290, 5240|2406, 5240|2513, 10300|2616, 10300|2820, 10112|2901, 10112|4087, https://www.alipay.com, 
4528|1, 4528|539, 4748|714, 4748|1053, 4968|1201, 4948|1309, 4948|2193, 5072|2301, 5072|2725, 5220|2853, 5220|3201, 5188|3331, 5188|3694, 5196|3782, 5196|3850, 5048|3918, 5056|4010, https://www.netflix.com, 
4528|1, 4528|604, 4532|711, 4532|897, 4752|1198, 4752|1349, 4972|1474, 4972|1605, 5052|1680, 5052|1989, 5272|2113, 5272|2284, 7032|2438, 13192|2532, 14732|2610, 14792|2721, 14792|3004, 18972|3145, 18972|3583, 18968|3666, 18896|3759, 18896|4073, https://www.buaa.edu.cn, 
4528|1, 4524|129, 4524|793, 4904|1029, 4920|1212, 4920|1421, 5140|1599, 5140|1988, 5112|2075, 5112|2363, 6872|2469, 5772|2611, 5552|2682, 7532|2768, 7532|2956, 7492|3034, 7484|3099, 7484|4042, https://www.bing.com, 
4528|1, 4528|709, 4748|859, 4748|1292, 5020|1402, 5020|1478, 5240|1565, 5240|1818, 5460|1939, 4800|2059, 4800|2348, 5040|2401, 5040|2681, 5336|2779, 7248|3001, 6368|3138, 9008|3272, 9008|3353, 8904|3437, 8840|4032, https://world.taobao.com, 
4528|1, 4528|924, 4540|1137, 4540|1408, 4760|1513, 4760|1862, 5012|1959, 5012|2259, 5020|2351, 5020|2915, 5080|2993, 5204|4021, https://www.netflix.com, 
4528|1, 4528|843, 4748|1039, 4528|1183, 4832|1382, 5052|1500, 5052|2007, 4832|2083, 4832|2207, 5272|2303, 6328|2381, 9848|2505, 11828|2621, 12048|2698, 12268|2795, 12268|2992, 12488|3086, 12488|3180, 12708|3278, 12784|3346, 12124|3409, 12124|3489, 11684|3593, 11684|4064, https://www.pinduoduo.com, 
4528|1, 4528|678, 4532|804, 4972|983, 4972|1350, 5192|1452, 5192|1689, 5052|1754, 5136|1822, 5136|1992, 5356|2116, 5136|2216, 5576|2324, 5576|2400, 5796|2472, 6236|2666, 6760|2777, 6760|2844, 6540|2921, 6540|3005, 6760|3076, 6760|3133, 15780|3229, 14680|3308, 14680|3521, 14900|3609, 14900|3681, 16260|3759, 16260|4014, https://www.jd.com, 
4528|1, 4528|859, 4748|1098, 4796|1290, 4796|1448, 5236|1540, 5236|2005, 5016|2113, 7028|2292, 7028|2358, 6368|2447, 6368|2796, 6588|2901, 6588|3115, 7480|3218, 7700|3288, 7700|4033, https://www.apple.com, 
4528|1, 4528|967, 4968|1202, 4968|1507, 5008|1611, 5008|2184, 5448|2320, 5668|2440, 5888|2509, 9572|2615, 7812|2728, 8912|2834, 13972|2911, 15072|3034, 15072|3385, 15148|3472, 15156|3546, 15040|3613, 15040|4081, https://www.shodan.io, 
4528|1, 4528|848, 4904|1030, 4904|1481, 5344|1628, 5344|1856, 5112|1956, 5112|2317, 5332|2401, 6652|2520, 5552|2654, 7312|2766, 7312|2825, 7348|2912, 7532|3015, 7532|3877, 7536|3938, 7536|4026, https://www.bing.com, 
4528|1, 4528|825, 4748|1131, 4748|1267, 4764|1394, 4856|1507, 4856|2281, 5076|2362, 6964|2502, 5864|2590, 5864|2672, 7624|2775, 7624|3003, 7692|3097, 7692|3385, 7660|3462, 7540|3532, 7540|4034, https://www.bing.com, 
4528|1, 4528|636, 4540|834, 4760|1067, 4760|1210, 4980|1432, 5200|1577, 5200|1734, 4972|1815, 5108|1914, 5108|2275, 5328|2344, 5548|2469, 5768|2598, 5768|2671, 7528|2754, 7532|2841, 7532|3786, 7536|3888, 7536|4088, https://www.bing.com, 
4528|1, 4528|807, 4748|1093, 4828|1269, 4828|1386, 5048|1471, 5048|1969, 5268|2069, 5268|2165, 5916|2258, 6576|2382, 6796|2440, 6796|2516, 6576|2624, 12076|2703, 12296|2766, 13176|2883, 12956|2993, 15596|3062, 15596|3135, 15644|3226, 15624|3305, 15624|4008, https://www.buaa.edu.cn, 
4528|1, 4528|665, 4748|882, 4748|1343, 4968|1506, 4968|1601, 5016|1676, 5016|2151, 5896|2266, 6336|2329, 6776|2485, 8316|2613, 8852|2688, 5772|2761, 5992|2863, 6652|2952, 7092|3009, 7092|3083, 7532|3176, 7532|3585, 7544|3645, 7556|3738, 8216|3877, 13936|4004, https://www.jianshu.com, 
4528|1, 4528|857, 4968|1001, 4924|1121, 4924|1299, 5584|1404, 5144|1495, 5144|1823, 5364|1916, 5144|1978, 5084|2058, 5084|2262, 5232|2405, 5012|2524, 5012|2770, 5220|2879, 5220|2958, 5544|3069, 5764|3161, 5984|3291, 6204|3366, 6204|3794, 5984|3897, 8844|3982, 8876|4041, https://www.yahoo.com, 
4528|1, 4528|549, 4532|640, 4532|870, 4752|1109, 4752|1285, 4972|1501, 4972|1572, 5016|1650, 5016|2169, 5236|2282, 5236|2489, 5608|2607, 5876|2761, 5876|2949, 5436|3056, 5436|3509, 5496|3604, 5596|3695, 5596|4016, https://www.linkedin.com, 
4528|1, 4528|737, 4912|975, 4912|1324, 5132|1455, 5132|2210, 5352|2334, 4912|2444, 5352|2573, 5352|2680, 6232|2777, 6232|2873, 6452|3003, 6892|3094, 6672|3154, 6672|3314, 14372|3422, 14372|3477, 13052|3546, 13052|3743, 13492|3834, 13424|3898, 13712|3996, 14812|4094, https://www.jd.com, 
4528|1, 4528|637, 4748|867, 4748|1150, 4968|1307, 4964|1404, 5052|1502, 5052|2110, 5492|2235, 5492|2332, 6912|2464, 9992|2559, 16372|2640, 16372|2858, 19452|2975, 19452|3348, 19552|3417, 11560|4064, https://www.buaa.edu.cn, 
4528|1, 4528|681, 4532|827, 4532|953, 4972|1174, 4972|1760, 5048|1834, 5048|2084, 5268|2188, 5268|2285, 5048|2396, 5048|2595, 5928|2720, 6800|2863, 6800|3764, 6756|3834, 6840|3913, 6840|4080, http://blogs.360.cn, 
4528|1, 4528|889, 4748|1092, 4812|1264, 4812|1396, 5032|1514, 5032|2086, 5236|2221, 5236|2304, 5016|2403, 5236|2500, 5896|2628, 6776|2700, 6776|3035, 6888|3169, 6944|3281, 6944|3645, 6872|3742, 6872|4044, http://blogs.360.cn, 
4528|1, 4528|538, 4532|689, 4752|851, 4752|1215, 4972|1325, 5192|1425, 5192|1539, 5236|1629, 5236|2539, 5268|2619, 5268|3703, 7340|3799, 7340|4021, https://www.baidu.com, 
4528|1, 4528|904, 4912|1098, 4912|1468, 5132|1558, 5132|1969, 5140|2064, 5140|2164, 5360|2284, 5800|2401, 5800|2482, 6020|2579, 6240|2710, 6240|2817, 6900|2899, 6900|2959, 6760|3040, 6760|3140, 7848|3222, 14228|3302, 12908|3388, 12908|3563, 13348|3619, 13348|3697, 13568|3792, 14448|3890, 14524|4021, https://www.jd.com, 
4528|1, 4528|731, 4748|941, 4748|1280, 5188|1428, 5012|1511, 5012|2215, 5028|2310, 5028|2403, 5068|2501, 5068|3419, 5180|3555, 5180|3714, 4960|3816, 4960|4019, https://www.netflix.com, 
4528|1, 4528|768, 4980|961, 4980|1730, 4916|1828, 5032|1901, 5032|1993, 5252|2132, 5252|2403, 10092|2537, 10092|2787, 10108|2876, 10108|3513, 10112|3606, 10112|3819, 10108|3903, 7596|4085, https://www.alipay.com, 
4528|1, 4528|840, 4748|1060, 4832|1264, 4832|1963, 5052|2088, 5492|2231, 5508|2316, 7048|2385, 10568|2530, 9248|2759, 9468|2849, 9468|3200, 9296|3271, 7224|4082, https://www.douyin.com, 
4528|1, 4528|571, 4532|729, 4752|1034, 4752|1217, 4972|1357, 4972|1539, 4876|1612, 5032|1714, 5032|2026, 5252|2191, 5252|2269, 5032|2381, 5032|2477, 10092|2601, 10096|2664, 10096|3607, 10112|3696, 10112|4082, https://www.alipay.com, 
4528|1, 4528|901, 4968|1082, 4912|1255, 4912|1430, 6232|1536, 5132|1654, 5132|2042, 5076|2179, 5296|2280, 5296|2411, 5516|2523, 10136|2642, 10136|3043, 10104|3136, 10108|3226, 10108|4017, https://www.alipay.com, 
4528|1, 4528|730, 4748|931, 4748|1289, 5032|1447, 5032|2168, 5252|2263, 5252|2349, 5352|2451, 5572|2569, 6892|2653, 6892|2895, 7112|2993, 7112|3352, 6992|3428, 6992|4045, http://blogs.360.cn, 
4528|1, 4528|777, 4984|980, 4984|1823, 5048|1892, 5048|2187, 5268|2294, 5268|2362, 5488|2455, 6588|2560, 6588|2642, 6368|2745, 6376|2880, 6376|3623, 6440|3716, 6440|3846, 6564|3933, 5696|4032, http://blogs.360.cn, 
4528|1, 4528|631, 4968|908, 4748|1022, 4748|1200, 4836|1312, 4836|1664, 5056|1751, 5056|1869, 5276|1996, 5276|2194, 5308|2326, 5308|3205, 5232|3293, 7212|4013, https://www.baidu.com, 
4528|1, 4528|645, 4532|794, 4752|1028, 4752|1569, 4780|1659, 5220|1753, 5220|2301, 5000|2437, 5220|2541, 5220|2596, 5184|2675, 5236|2766, 5236|4080, https://www.baidu.com, 
4528|1, 4528|790, 4748|952, 4808|1214, 4808|2131, 5164|2209, 5164|2289, 5604|2410, 5604|2646, 5384|2739, 7364|2837, 7364|2969, 7392|3075, 7532|3166, 7532|4052, https://www.bing.com, 
4528|1, 4528|829, 4968|981, 4968|1347, 5188|1470, 5188|1531, 5016|1617, 5236|1723, 5236|2210, 5456|2331, 5236|2458, 5236|2530, 5024|2592, 5112|2687, 5112|4077, https://www.baidu.com, 
4528|1, 4528|831, 4908|1039, 4908|1832, 5036|1928, 5036|2029, 5256|2108, 5256|2216, 4816|2351, 4816|2913, 4976|3009, 5936|3121, 7476|3267, 8136|3441, 10116|3540, 10116|3612, 10336|3717, 10336|3832, 10320|3925, 10284|3999, 10284|4067, https://world.taobao.com, 
4528|1, 4528|315, 4532|446, 4528|517, 4528|754, 4748|981, 4748|1362, 5012|1480, 5012|2377, 5048|2483, 5080|2540, 5080|3422, 5064|3512, 5072|4026, https://www.netflix.com, 
4528|1, 4528|870, 4760|1034, 4760|1465, 4980|1658, 4980|1833, 4964|1920, 5084|1982, 5084|2257, 5304|2345, 5304|2813, 5748|2961, 6188|3118, 5968|3223, 5528|3363, 5528|3873, 5608|3954, 5608|4058, https://www.linkedin.com, 
4528|1, 4528|1218, 4816|1408, 4816|1554, 5036|1692, 5036|2226, 5040|2326, 5212|2418, 5652|2477, 5652|2753, 7412|2837, 7412|3241, 7400|3321, 7480|3401, 7540|3484, 7540|4054, https://www.bing.com, 
4528|1, 4528|675, 4532|799, 4532|947, 4972|1107, 4752|1349, 4972|1532, 4972|1682, 5116|1761, 5116|2285, 5776|2411, 5556|2547, 5556|2621, 5576|2715, 7548|2808, 7548|3309, 7508|3389, 7508|3695, 7520|3781, 7520|4064, https://www.bing.com, 
4528|1, 4528|935, 4796|1285, 5016|1494, 5236|1567, 5236|2094, 5172|2226, 6712|2353, 6932|2446, 6932|2565, 6272|2634, 6272|2876, 6712|2954, 6712|3026, 6588|3124, 6612|3218, 7052|3300, 7492|3376, 7712|3487, 7712|4016, https://www.apple.com, 
4528|1, 4528|659, 4748|810, 4748|1191, 5188|1357, 5188|1412, 5024|1515, 5024|1877, 5244|1994, 5244|2238, 10304|2341, 9864|2424, 10116|2543, 10116|3839, 7600|3931, 7600|4017, https://www.alipay.com, 
4528|1, 4528|801, 4760|991, 4540|1149, 4540|1439, 5200|1546, 5200|1779, 5108|1868, 5104|1957, 5104|2154, 6864|2312, 6864|2404, 6204|2472, 5764|2556, 5984|2647, 5984|2743, 6268|2816, 6560|2918, 6560|3138, 7440|3255, 7440|3764, 7652|3844, 7652|4061, https://www.apple.com, 
4528|1, 4528|834, 4748|1100, 4832|1340, 4832|2119, 5052|2218, 6544|2354, 6984|2457, 6544|2568, 6544|2779, 6764|2888, 6764|3179, 6644|3247, 7096|3331, 7536|3426, 7536|4021, https://www.apple.com, 
4528|1, 4528|630, 4532|710, 4532|850, 4752|1042, 4752|1307, 4972|1453, 4972|1616, 5264|1727, 5264|1906, 5484|1996, 4824|2152, 4824|2606, 5060|2678, 5060|2866, 7260|3000, 6160|3140, 10120|3283, 10120|3617, 10112|3701, 10112|4025, https://world.taobao.com, 
4528|1, 4528|918, 4748|1104, 4920|1343, 4920|1473, 5140|1553, 5140|1953, 5360|2100, 5396|2158, 5396|2349, 5616|2434, 5616|2546, 5836|2728, 5616|2851, 5616|2926, 5176|3034, 5384|3127, 5520|3184, 5300|4043, https://www.linkedin.com, 
4528|1, 4528|806, 4748|988, 4748|1263, 4856|1410, 4888|1485, 4888|1869, 5328|2023, 5328|2298, 5768|2400, 6508|2494, 6508|3209, 6516|3296, 6516|3394, 6636|3466, 6636|3835, 6568|3907, 5680|4016, http://blogs.360.cn, 
4528|1, 4528|691, 4844|952, 5064|1168, 5064|1714, 5032|1781, 5156|1839, 5156|2764, 5204|2844, 5204|3014, 5212|3101, 5212|3675, 5520|3788, 6772|3854, 5672|3933, 5452|4035, https://www.yahoo.com, 
4528|1, 4528|892, 4968|1059, 4812|1303, 4812|1974, 5032|2092, 5252|2191, 5356|2253, 5132|2350, 5132|2532, 5792|2689, 6012|2823, 6012|2951, 5792|3025, 5352|3148, 5448|3266, 5536|3350, 5536|4053, https://www.linkedin.com, 
4528|1, 4528|545, 4532|680, 4752|921, 4752|1407, 4972|1517, 5248|1587, 5248|2151, 5028|2258, 5028|2489, 5008|2560, 5188|2613, 5056|2698, 5056|2867, 5944|3003, 5944|3221, 9244|3384, 9244|3550, 9212|3650, 9212|4016, https://world.taobao.com, 
4528|1, 4528|991, 4904|1193, 4904|1520, 5124|1628, 5124|1976, 5204|2092, 4984|2191, 4984|2436, 5256|2610, 5256|3039, 5192|3141, 5192|3260, 5632|3383, 5632|3480, 8272|3592, 8492|3718, 8416|4040, https://www.yahoo.com, 
4528|1, 4528|864, 4748|1218, 4968|1405, 5076|1510, 5076|2126, 5296|2228, 5296|2359, 5844|2485, 5624|2591, 5844|2739, 6504|2879, 7164|2985, 7164|3047, 6724|3154, 8264|3253, 14204|3355, 13104|3423, 13084|3511, 13084|3742, 13524|3805, 13304|3886, 14844|4002, https://www.jd.com, 
4528|1, 4528|807, 4532|1046, 4972|1327, 4972|1833, 5044|1897, 5052|2007, 5052|2684, 4832|2868, 5376|2978, 5376|3078, 7136|3207, 9116|3381, 9336|3543, 9336|3861, 9264|3959, 9224|4027, https://www.douyin.com, 
4528|1, 4528|737, 4748|869, 4748|1095, 4812|1310, 4812|1479, 5032|1567, 5032|2155, 5100|2267, 5108|2357, 5768|2484, 5768|2619, 5328|2749, 9288|2939, 9288|3144, 9244|3347, 9244|3532, 9248|3656, 9248|4050, https://www.douyin.com, 
4528|1, 4528|523, 4532|635, 4532|776, 4752|1005, 4752|1572, 5152|1675, 5152|2329, 5032|2409, 5032|2556, 5100|2660, 5100|3486, 5108|3598, 5200|3751, 5200|4066, https://www.yahoo.com, 
4528|1, 4528|958, 4596|1157, 4976|1347, 4976|1586, 5196|1764, 5196|2075, 5048|2186, 5048|2650, 5488|2759, 5048|2879, 5488|3005, 6148|3119, 6464|3203, 6024|3341, 5804|3447, 6024|3563, 6024|3644, 6464|3757, 6684|3884, 7124|4052, https://www.pinduoduo.com, 
4528|1, 4528|758, 4748|1078, 4748|1373, 4968|1471, 5024|1577, 5244|1733, 5244|2435, 5220|2595, 5220|3277, 5236|3382, 5132|3493, 5164|3562, 5164|4035, https://www.baidu.com, 
4528|1, 4528|755, 4820|1066, 4820|1565, 5040|1710, 5040|1824, 5116|1913, 5116|2575, 4896|2677, 5336|2787, 5472|2913, 5472|3030, 7452|3114, 7452|3292, 7536|3400, 7536|3848, 7572|3910, 7572|4071, https://www.bing.com, 
4528|1, 4528|813, 4748|949, 4528|1079, 4820|1339, 5040|1536, 5040|2039, 5260|2171, 5200|2266, 5200|2459, 5640|2560, 6300|2631, 6520|2723, 6520|2952, 6300|3042, 6300|3145, 6548|3256, 6548|4003, http://blogs.360.cn, 
4528|1, 4528|543, 4532|669, 4532|796, 4972|961, 4752|1102, 4752|1450, 4972|1547, 5016|1634, 5016|2027, 5236|2131, 5016|2204, 5016|2310, 5236|2425, 10076|2531, 10096|2606, 10096|3432, 10104|3531, 10108|3621, 10112|3679, 10112|4026, https://www.alipay.com, 
4528|1, 4528|881, 4904|1105, 4904|1967, 5048|2046, 5488|2189, 5048|2325, 5048|2978, 5060|3034, 5720|3189, 6160|3457, 9680|3564, 9764|4021, https://world.taobao.com, 
4528|1, 4528|976, 4748|1099, 4748|1292, 4800|1532, 5020|1702, 5020|1949, 5240|2010, 5240|2342, 5508|2438, 4848|2606, 4848|3258, 5804|3422, 7344|3583, 8224|3721, 9544|3827, 9544|3920, 9764|3997, 9764|4072, https://world.taobao.com, 
4528|1, 4528|733, 4972|929, 4752|1103, 4752|1314, 5192|1478, 5192|1705, 5040|1787, 5040|2015, 5260|2124, 5260|2448, 9220|2575, 9220|2750, 9300|2859, 9300|3273, 9248|3339, 9248|3699, 9232|3781, 7160|4043, https://www.douyin.com, 
4528|1, 4528|975, 4584|1149, 4796|1358, 4796|2091, 5572|2174, 6232|2280, 5352|2413, 6232|2486, 6232|2547, 8652|2694, 9972|2793, 9972|2850, 10192|2955, 10412|3055, 10412|3120, 10508|3193, 10508|3289, 11168|3394, 11168|3455, 11388|3537, 10948|3621, 10508|3713, 10508|4010, https://www.pinduoduo.com, 
4528|1, 4528|411, 4532|531, 4532|724, 4752|1027, 4972|1260, 5192|1367, 5192|1419, 5116|1503, 5048|1582, 5048|1868, 5268|1995, 5708|2050, 5708|2144, 6148|2233, 9668|2321, 10548|2404, 9304|2525, 10624|2670, 9304|2769, 9304|3496, 9308|3552, 9272|3635, 9272|3853, 7272|3910, 7272|4013, https://www.douyin.com, 
4528|1, 4528|844, 4824|1028, 4824|1367, 5044|1517, 5044|2088, 5264|2181, 5264|2302, 10324|2434, 10104|2524, 10104|2906, 10112|2988, 10112|3902, 10116|3976, 10116|4057, https://www.alipay.com, 
4528|1, 4528|726, 4748|1027, 4748|1177, 4968|1360, 5028|1471, 5028|2130, 5908|2231, 5908|2311, 10080|2475, 10520|2557, 10520|2629, 10740|2739, 10960|2823, 10960|2952, 11180|3045, 11180|3261, 10740|3363, 10332|3429, 10332|3653, 10220|3735, 10220|4014, https://www.pinduoduo.com, 
4528|1, 4528|762, 4532|930, 4752|1105, 4752|1436, 5192|1619, 5192|1751, 5132|1856, 5064|1939, 5064|2088, 5284|2215, 5284|2446, 5944|2570, 7924|2670, 6604|2757, 6912|2876, 6628|2989, 6628|3812, 6768|3892, 6908|3975, 5576|4054, http://blogs.360.cn, 
4528|1, 4528|939, 4748|1183, 4832|1306, 4832|1762, 5052|1866, 5052|1992, 5492|2115, 6388|2253, 4984|2317, 4984|2978, 7184|3168, 5748|3358, 9048|3446, 9048|4003, https://world.taobao.com, 
4528|1, 4528|601, 4532|728, 4532|811, 4752|1024, 4752|1357, 4972|1454, 4972|1641, 5056|1701, 5044|1757, 5044|2051, 5264|2173, 5044|2301, 5264|2368, 5924|2448, 5924|2544, 5484|2663, 5772|2716, 5992|2812, 6432|2924, 6652|3002, 6652|3069, 7092|3159, 7092|3531, 10172|3612, 11052|3676, 10812|3767, 10812|4066, https://www.pinduoduo.com, 
4528|1, 4528|735, 4748|953, 4808|1187, 4808|1430, 5028|1536, 5028|2082, 5184|2197, 5184|2327, 5844|2409, 6064|2514, 10024|2670, 10244|2776, 10464|2890, 10464|2994, 10684|3065, 10940|3136, 11116|3226, 11336|3307, 11336|3527, 11116|3632, 10236|3713, 10336|4013, https://www.pinduoduo.com, 
4528|1, 4528|804, 4968|1057, 4968|1364, 5020|1485, 5020|2242, 5900|2351, 6120|2417, 6908|2521, 5808|2636, 6028|2727, 6248|2801, 6248|2912, 6468|3007, 6468|3322, 10868|3416, 11692|3496, 11912|3575, 11912|3658, 10812|3756, 10592|3843, 10592|4078, https://www.pinduoduo.com, 
