24886476|1, 24886528|322, 24886528|852, 24886728|1016, 24886858|1291, 24887110|1411, 24887110|1603, 24887170|1678, 24887170|1808, 24887230|1914, 24887230|2200, 24888243|2323, 24889800|2405, 24889800|2576, 24889860|2663, 24889990|2757, 24891447|2860, 24891647|2980, 24891707|3057, 24891707|3139, 24892388|3205, 24893103|3294, 24893402|3362, 24894243|3447, 24894411|3513, 24894463|3604, 24894463|4052, https://www.buaa.edu.cn, 
24895354|1, 24895354|925, 24895602|1103, 24895602|1292, 24895662|1348, 24895662|1486, 24895719|1561, 24895779|1649, 24895779|1857, 24895840|1940, 24895840|2092, 24896444|2235, 24896562|2322, 24896622|2426, 24896622|2500, 24898283|2624, 24898283|2703, 24898340|2785, 24898514|2908, 24898514|3522, 24898634|3585, 24898694|3656, 24898694|3782, 24899375|3863, 24899375|4016, https://www.yahoo.com, 
24935648|1, 24935648|552, 24935688|723, 24936221|954, 24936280|1074, 24936280|1157, 24936340|1218, 24936340|1413, 24936400|1491, 24936460|1556, 24936460|1657, 24938042|1743, 24939812|1840, 24939945|1922, 24939945|2184, 24940005|2248, 24940005|2404, 24940065|2474, 24940065|2626, 24941647|2717, 24944261|2794, 24944433|2873, 24944485|2955, 24945193|3012, 24946888|3096, 24946952|3158, 24949760|3241, 24950135|3320, 24950195|3391, 24950195|3513, 24950852|3592, 24950852|3884, 24952222|3946, 24952222|4022, https://www.mit.edu, 
24954683|1, 24954683|297, 24954957|403, 24954957|683, 24955339|886, 24955339|1115, 24955399|1176, 24955399|1354, 24955514|1431, 24955514|1917, 24956527|2031, 24957924|2099, 24958024|2166, 24958024|2232, 24958154|2296, 24958354|2395, 24958354|2545, 24959872|2633, 24960709|2726, 24961403|2808, 24961658|2876, 24962408|2945, 24962576|3005, 24962628|3105, 24962628|3542, 24962688|3613, 24962688|3802, 24962748|3860, 24962748|4048, https://www.buaa.edu.cn, 
24963645|1, 24963825|299, 24963825|656, 24964482|887, 24965530|1035, 24965530|1175, 24966900|1279, 24967026|1335, 24967026|1407, 24968635|1491, 24969687|1585, 24969687|1706, 24969762|1784, 24969762|1926, 24970358|2008, 24970358|2142, 24970517|2217, 24970577|2284, 24970577|2468, 24970637|2522, 24970637|2675, 24973486|2828, 24977089|2957, 24981941|3129, 24984404|3219, 24987622|3311, 24991031|3393, 24991423|3462, 24991423|3520, 24991972|3610, 24992020|3676, 24992020|3892, 24992528|3956, 24992944|4043, https://world.taobao.com, 
24998600|1, 24998722|192, 24998722|361, 24998775|447, 24998828|556, 24998828|829, 25000382|964, 25002295|1186, 25002295|1348, 25002355|1425, 25002613|1488, 25002613|1558, 25002673|1636, 25002673|1710, 25005723|1816, 25013611|1912, 25017921|2078, 25039321|2264, 25048736|2386, 25054078|2522, 25055134|2598, 25055134|2740, 25055174|2802, 25055174|3346, 25056718|3427, 25062280|3572, 25062280|3645, 25062340|3761, 25063177|3866, 25067018|3997, 25067996|4103, https://www.jianshu.com, 
25074039|1, 25074207|261, 25074207|951, 25074694|1177, 25074694|1263, 25074814|1331, 25074874|1394, 25074934|1456, 25075563|1528, 25075615|1603, 25076255|1700, 25077581|1800, 25079194|1892, 25079402|1959, 25082626|2040, 25083156|2093, 25083892|2179, 25086200|2241, 25086460|2321, 25088660|2390, 25090705|2468, 25093261|2535, 25093261|2616, 25093321|2668, 25096723|2750, 25096723|2815, 25097155|2879, 25099064|2946, 25099654|3020, 25099770|3080, 25100938|3166, 25101576|3231, 25101628|3302, 25102692|3373, 25102848|3439, 25102940|3530, 25103525|3598, 25103577|3672, 25104128|3736, 25107669|3822, 25110875|3895, 25117659|3978, 25117775|4048, http://www.ox.ac.uk, 
25138430|1, 25138430|866, 25138670|1065, 25138920|1281, 25138920|1386, 25138972|1448, 25139032|1518, 25139032|1687, 25139092|1768, 25139092|2307, 25139147|2394, 25139147|2449, 25139207|2511, 25139207|2691, 25139267|2770, 25139267|2836, 25139397|2898, 25139657|3070, 25139657|3172, 25139777|3261, 25140554|3336, 25141563|3436, 25142373|3522, 25142541|3605, 25142593|3702, 25142593|4026, https://www.pku.edu.cn, 
25143335|1, 25143387|180, 25143511|246, 25143511|728, 25143567|888, 25143687|1006, 25146208|1187, 25147090|1282, 25147232|1352, 25147232|1416, 25147396|1493, 25147500|1575, 25147500|1644, 25147560|1728, 25147694|1809, 25150784|1923, 25150784|1984, 25150839|2060, 25150839|2116, 25155071|2258, 25183029|2475, 25194951|2591, 25197807|2685, 25199804|2746, 25200157|2824, 25201386|2883, 25203872|2963, 25204175|3027, 25204235|3095, 25204235|3228, 25204916|3283, 25204916|3483, 25217098|3562, 25217432|3636, 25217432|3763, 25217826|3851, 25217826|4037, https://www.linkedin.com, 
25225882|1, 25225882|180, 25225941|233, 25226000|360, 25226000|824, 25226120|1056, 25228579|1231, 25229623|1368, 25230596|1464, 25230636|1533, 25230636|1656, 25230696|1729, 25230696|1836, 25230834|1929, 25232036|2036, 25232076|2101, 25232076|2166, 25232186|2228, 25232186|2437, 25232754|2533, 25232884|2592, 25232884|2671, 25232944|2718, 25232944|2990, 25235069|3094, 25240405|3221, 25244028|3351, 25246706|3414, 25249574|3534, 25252053|3610, 25253560|3704, 25253898|3764, 25254648|3846, 25254816|3902, 25254868|3992, 25254868|4043, https://www.ctrip.com, 
25281765|1, 25281765|831, 25281805|1025, 25283561|1187, 25285376|1332, 25285376|1413, 25285514|1481, 25285514|1548, 25285571|1617, 25285571|1682, 25285631|1791, 25288809|1893, 25292547|1996, 25293835|2060, 25293835|2125, 25295327|2202, 25295791|2329, 25297127|2485, 25298404|2564, 25299357|2645, 25299417|2704, 25299417|2764, 25299476|2839, 25302899|4018, https://www.jd.com, 
25339643|1, 25339702|184, 25339702|872, 25345132|1089, 25345132|1274, 25347300|1352, 25347300|1541, 25347360|1608, 25347360|1852, 25351000|1962, 25360821|2090, 25364937|2198, 25364937|2322, 25365163|2372, 25365163|2439, 25365217|2505, 25365217|2561, 25365277|2628, 25365277|2678, 25365336|2759, 25365336|3606, 25365584|3681, 25368853|3774, 25368893|3853, 25368893|4054, https://www.baidu.com, 
25403599|1, 25403719|194, 25403719|857, 25404022|1086, 25404022|1285, 25404082|1351, 25404082|1480, 25404260|1576, 25404970|1650, 25405811|1732, 25406011|1801, 25406011|1907, 25406788|1996, 25407906|2095, 25407906|2159, 25408148|2260, 25409854|2343, 25412933|2426, 25413013|2499, 25413073|2575, 25413073|2645, 25413132|2727, 25413132|2970, 25414014|3058, 25414054|3128, 25414054|3220, 25414107|3286, 25414107|4017, https://www.alipay.com, 
25414958|1, 25414958|822, 25415078|1030, 25415567|1184, 25415647|1314, 25416224|1377, 25416284|1460, 25416343|1512, 25416343|1582, 25416395|1655, 25416514|1738, 25416514|1913, 25417598|1991, 25418219|2061, 25418375|2136, 25421741|2199, 25421857|2271, 25421909|2319, 25423805|2431, 25423865|2485, 25423921|2562, 25425081|2650, 25425141|2708, 25425141|2830, 25426353|2919, 25426517|2981, 25426517|3052, 25427576|3116, 25427576|3172, 25427680|3251, 25427680|3297, 25427936|3379, 25427936|4005, http://www.ox.ac.uk, 
25453175|1, 25453175|579, 25453279|805, 25453875|981, 25453955|1107, 25454596|1199, 25454596|1264, 25454656|1326, 25454656|1388, 25454708|1450, 25454768|1522, 25454828|1586, 25454828|1717, 25455726|1817, 25456533|1884, 25456741|1987, 25460107|2050, 25460213|2126, 25460213|2209, 25463381|2322, 25463381|2447, 25464715|2522, 25464767|2589, 25464767|2668, 25465850|2733, 25465910|2822, 25465910|2948, 25466708|3019, 25466760|3119, 25467020|3201, 25467280|3278, 25467280|3369, 25467656|3433, 25467864|3525, 25467864|3595, 25468652|3667, 25472602|3753, 25475048|3823, 25477248|3914, 25478516|3971, 25478516|4050, http://www.ox.ac.uk, 
25523790|1, 25523790|149, 25523849|223, 25523849|290, 25523913|393, 25523913|724, 25524009|981, 25524257|1178, 25524321|1312, 25524321|1395, 25524381|1476, 25524381|1625, 25524554|1691, 25524554|2047, 25525210|2206, 25525328|2295, 25525382|2420, 25525502|2490, 25525502|2570, 25525668|2669, 25527098|2762, 25527138|2833, 25527138|3074, 25527192|3143, 25527326|3261, 25527326|4066, https://www.yahoo.com, 
25568810|1, 25568810|594, 25569060|794, 25571531|997, 25572490|1087, 25573403|1190, 25573503|1251, 25573503|1457, 25573623|1541, 25573623|1752, 25574391|1860, 25574963|1933, 25575003|1998, 25575003|2183, 25575176|2261, 25575176|2321, 25575684|2401, 25575684|2465, 25575744|2539, 25575744|2776, 25575975|2863, 25579306|2953, 25583000|3056, 25585854|3155, 25586458|3238, 25589101|3335, 25589333|3402, 25592434|3501, 25596118|3588, 25596508|3677, 25598826|3751, 25601611|3839, 25605443|3922, 25605499|3981, 25605499|4061, https://www.ctrip.com, 
25615371|1, 25615371|241, 25615535|317, 25615535|768, 25616897|1019, 25619182|1230, 25619376|1362, 25619584|1450, 25619644|1546, 25619644|1681, 25619860|1752, 25619921|1842, 25619921|2003, 25620029|2094, 25620029|2405, 25620089|2474, 25620211|2612, 25622843|2778, 25626226|2891, 25629576|2989, 25631936|3070, 25633881|3138, 25634446|3213, 25636876|3294, 25637960|3357, 25638336|3450, 25638336|3581, 25638388|3637, 25639061|3710, 25639061|3833, 25639455|3927, 25651927|4007, https://www.linkedin.com, 
25664854|1, 25664854|198, 25665041|295, 25665041|935, 25667121|1141, 25667838|1226, 25668945|1382, 25668945|1438, 25669005|1510, 25669005|1635, 25669065|1709, 25669065|1759, 25670692|1872, 25673452|1959, 25673648|2040, 25676129|2114, 25694410|2195, 25715202|2312, 25728189|2454, 25747993|2598, 25754301|2686, 25755136|2771, 25755466|2848, 25757932|2932, 25758573|3006, 25759509|3078, 25769361|3212, 25770449|3272, 25770449|4021, https://www.pinduoduo.com, 
25772310|1, 25772310|234, 25772370|289, 25772430|369, 25772430|976, 25774198|1071, 25776028|1257, 25776188|1362, 25776188|1429, 25776248|1502, 25776248|1620, 25776308|1697, 25776308|2102, 25776426|2191, 25776776|2265, 25777056|2352, 25784534|2473, 25785805|2577, 25786598|2697, 25787313|2792, 25788445|2874, 25788613|2932, 25788613|3007, 25788665|3072, 25788665|3139, 25788724|3218, 25788724|4005, https://www.douyin.com, 
25789684|1, 25789684|168, 25789745|257, 25789803|370, 25789803|961, 25790116|1133, 25790116|1349, 25790176|1424, 25790176|1571, 25790236|1652, 25790236|2143, 25790412|2216, 25790412|2382, 25790472|2454, 25790472|2589, 25790532|2662, 25790532|3399, 25790660|3496, 25790660|4035, https://www.netflix.com, 
25791064|1, 25791064|214, 25791176|298, 25791176|961, 25792199|1092, 25794689|1281, 25794747|1415, 25795107|1506, 25795162|1560, 25795162|1686, 25795278|1748, 25795278|1856, 25796193|1951, 25799272|2060, 25800560|2135, 25801492|2218, 25802108|2322, 25802653|2455, 25803254|2541, 25803254|2733, 25803314|2807, 25803314|3465, 25803370|3546, 25806736|3653, 25806776|3710, 25806828|3791, 25806828|3844, 25807715|3935, 25809173|4005, https://www.jd.com, 
25846304|1, 25846304|232, 25846426|310, 25846426|1038, 25848140|1172, 25849893|1374, 25849893|1530, 25849953|1583, 25850153|1665, 25850153|1802, 25850268|1909, 25850268|1968, 25851041|2064, 25851041|2157, 25852678|2233, 25852758|2315, 25852871|2435, 25852871|2519, 25852931|2596, 25852931|2762, 25852991|2832, 25852991|3321, 25853954|3401, 25855360|3477, 25855992|3557, 25856122|3638, 25857277|3757, 25858735|3900, 25858795|3966, 25862575|4069, https://www.jianshu.com, 
25869414|1, 25869414|125, 25869473|196, 25869473|284, 25869532|357, 25869532|868, 25869780|1034, 25869780|1291, 25869840|1373, 25869840|1498, 25869953|1598, 25870013|1664, 25870013|1936, 25870137|2082, 25870383|2181, 25870513|2272, 25870814|2354, 25870814|2448, 25870872|2523, 25871060|2620, 25871060|2681, 25871180|2774, 25871180|3516, 25871233|3629, 25871293|4028, https://www.shodan.io, 
25871583|1, 25871583|904, 25872800|1088, 25875618|1273, 25875618|1459, 25875678|1541, 25875678|1687, 25875738|1767, 25875738|1833, 25877617|1924, 25879612|2017, 25881020|2116, 25881020|2230, 25881190|2309, 25882682|2389, 25882988|2482, 25884018|2637, 25884078|2716, 25884078|3797, 25887484|3883, 25887484|4032, https://www.jd.com, 
25924704|1, 25924704|194, 25924822|296, 25924822|735, 25926825|1113, 25928489|1264, 25929402|1353, 25929502|1432, 25929502|1539, 25929561|1623, 25929621|1676, 25929621|1893, 25930389|2025, 25930961|2103, 25931001|2175, 25931117|2241, 25931216|2311, 25931273|2399, 25931333|2450, 25931333|2522, 25931900|2592, 25931960|2665, 25931960|2941, 25932078|3020, 25938040|3157, 25939263|3237, 25942447|3360, 25942683|3429, 25945257|3516, 25948555|3614, 25952127|3701, 25953252|3803, 25956388|3862, 25957366|3941, 25957446|4005, https://www.ctrip.com, 
25972321|1, 25972321|736, 25972481|970, 25972787|1123, 25972867|1248, 25973444|1313, 25973444|1383, 25973504|1458, 25973556|1511, 25973556|1598, 25973616|1654, 25973616|1727, 25974514|1817, 25975321|1887, 25975321|1963, 25979475|2028, 25979475|2088, 25979580|2159, 25983432|2230, 25983432|2379, 25984809|2456, 25988931|2540, 25991391|2598, 25992482|2677, 25994626|2744, 25994626|2984, 25996973|3082, 25998715|3150, 25999131|3234, 25999971|3322, 26001100|3398, 26002824|3485, 26002876|3545, 26007008|3647, 26008672|3733, 26009484|3805, 26016202|3921, 26017483|3992, 26018107|4081, http://www.ox.ac.uk, 
26046125|1, 26046125|112, 26046253|171, 26046253|564, 26047807|831, 26049054|988, 26049812|1096, 26049932|1186, 26050124|1265, 26050124|1386, 26050184|1451, 26050184|1657, 26064574|1815, 26081765|1979, 26096609|2103, 26117307|2278, 26117599|2345, 26117599|2419, 26117659|2465, 26117659|2678, 26117724|2777, 26117844|2853, 26117844|2905, 26117896|2987, 26117896|3559, 26117957|3651, 26117957|3865, 26118057|3927, 26122638|4052, https://zhuanlan.zhihu.com, 
26132348|1, 26132348|1001, 26132658|1142, 26132658|1267, 26132716|1359, 26132716|1435, 26132776|1509, 26132776|1642, 26132836|1702, 26132836|2110, 26132950|2188, 26132950|2402, 26133010|2470, 26133010|2636, 26133122|2717, 26133122|2997, 26133250|3093, 26133250|3596, 26133310|3666, 26133310|3800, 26133350|3872, 26133350|4009, https://www.netflix.com, 
26133780|1, 26133780|727, 26133837|894, 26133837|1113, 26134089|1301, 26134089|1554, 26134149|1606, 26134149|1739, 26134209|1803, 26134267|1898, 26134267|2163, 26135556|2299, 26136867|2397, 26136867|2465, 26137197|2558, 26137197|2765, 26139456|2857, 26140171|2965, 26140501|3021, 26140561|3088, 26141479|3166, 26141479|3224, 26141531|3295, 26141531|3366, 26141585|3431, 26141585|3769, 26141645|3861, 26141645|4060, https://www.buaa.edu.cn, 
26142490|1, 26142490|263, 26142610|357, 26142610|1026, 26142917|1231, 26142917|1430, 26142977|1489, 26142977|1686, 26143037|1771, 26143037|1840, 26143089|1906, 26143089|2227, 26143251|2341, 26143251|2459, 26143311|2544, 26143365|2617, 26143425|2723, 26143425|2886, 26143695|3005, 26143695|3124, 26143867|3285, 26144644|3356, 26145338|3459, 26146343|3555, 26146563|3680, 26146563|4053, https://www.pku.edu.cn, 
26147351|1, 26147351|976, 26148017|1156, 26148017|1355, 26148077|1441, 26148077|1506, 26148135|1607, 26148195|1680, 26148195|2289, 26148249|2384, 26148309|2462, 26148309|2599, 26148369|2698, 26148369|3810, 26148423|3870, 26148551|4050, https://www.netflix.com, 
26148967|1, 26148967|810, 26150521|1047, 26152324|1214, 26152494|1332, 26152494|1413, 26152554|1483, 26152554|1554, 26152754|1615, 26152814|1709, 26152814|1969, 26153827|2057, 26155503|2206, 26155503|2448, 26155563|2505, 26155563|2674, 26155623|2753, 26155623|3033, 26155749|3110, 26158643|3173, 26163832|3282, 26163931|3396, 26163931|3485, 26163991|3582, 26168508|3674, 26170557|3773, 26173582|3889, 26173634|3970, 26173986|4080, https://www.jianshu.com, 
26180013|1, 26180013|169, 26180075|217, 26180137|326, 26180137|918, 26181941|1051, 26184108|1223, 26184108|1340, 26184376|1432, 26184376|1639, 26184436|1714, 26184546|1816, 26184546|2068, 26184599|2148, 26184793|2237, 26191199|2428, 26193286|2540, 26193490|2661, 26195997|2765, 26200300|2849, 26203252|2934, 26203304|2985, 26205250|3058, 26205383|3139, 26206064|3197, 26206064|3348, 26206685|3424, 26220056|3519, 26220056|3569, 26220502|3646, 26220502|3724, 26221313|3779, 26221373|3849, 26221425|3937, 26221425|4003, https://www.linkedin.com, 
26234250|1, 26234250|210, 26234302|311, 26234302|924, 26236368|1197, 26238185|1314, 26238327|1412, 26238595|1498, 26238655|1552, 26238655|1738, 26238715|1817, 26238715|2205, 26238768|2282, 26238768|2397, 26238950|2540, 26239780|2644, 26244523|2791, 26247160|2906, 26251368|3007, 26254951|3110, 26255292|3169, 26255552|3256, 26255552|3307, 26256173|3380, 26256173|3514, 26256329|3581, 26256567|3661, 26256567|3717, 26270132|3789, 26272009|3888, 26272073|3950, 26272073|4022, https://www.linkedin.com, 
26286553|1, 26286553|168, 26286671|288, 26286671|786, 26286857|1000, 26287105|1179, 26287105|1450, 26287165|1509, 26287165|1661, 26287281|1722, 26287281|2097, 26287763|2170, 26288003|2299, 26288003|2414, 26288431|2546, 26288677|2637, 26288777|2701, 26288817|2793, 26288943|2864, 26288943|3498, 26289077|3561, 26289947|3661, 26289947|4013, https://www.yahoo.com, 
26330020|1, 26330020|250, 26330657|329, 26330657|925, 26333873|1155, 26334714|1262, 26335168|1353, 26336637|1443, 26336637|1641, 26336697|1699, 26336819|1817, 26339171|1928, 26343183|2029, 26345503|2104, 26345503|2291, 26346138|2351, 26346836|2449, 26348871|2527, 26349807|2606, 26349867|2672, 26349867|3012, 26352935|3119, 26355998|3178, 26357371|3283, 26360241|3381, 26361962|3447, 26363938|3549, 26366662|3621, 26373142|3735, 26382217|3842, 26383082|3908, 26387594|4015, https://www.ctrip.com, 
26399691|1, 26399691|792, 26400493|1084, 26400615|1266, 26400615|1372, 26400675|1427, 26400675|1611, 26400735|1691, 26400735|2002, 26400796|2098, 26400855|2178, 26403305|2262, 26403345|2349, 26403405|2410, 26403405|2499, 26404823|2570, 26404923|2645, 26404923|2734, 26405193|2810, 26405193|3007, 26405253|3065, 26405993|3158, 26406791|3248, 26407046|3308, 26407796|3381, 26407964|3456, 26408016|3520, 26408016|4052, https://www.buaa.edu.cn, 
26409401|1, 26409401|231, 26409517|321, 26409517|509, 26409573|633, 26409573|910, 26411577|1116, 26413843|1248, 26414178|1354, 26415396|1439, 26415396|1637, 26415456|1720, 26415456|2092, 26417081|2208, 26417398|2302, 26418057|2400, 26418239|2463, 26418239|2653, 26418299|2728, 26418299|4039, https://www.bing.com, 
26419668|1, 26419668|1125, 26419916|1292, 26419916|1465, 26419976|1532, 26419976|1677, 26420036|1766, 26420036|2065, 26420096|2116, 26420206|2191, 26420206|2314, 26420572|2453, 26421043|2535, 26421043|2630, 26421217|2728, 26421337|2807, 26422707|2929, 26422747|2986, 26422787|3072, 26422787|3317, 26422921|3407, 26422921|3817, 26423041|3887, 26423106|3951, 26423106|4035, https://www.yahoo.com, 
26466411|1, 26466411|876, 26467563|987, 26467813|1159, 26467813|1336, 26467928|1403, 26467928|1604, 26467988|1666, 26467988|2019, 26468081|2073, 26468081|2332, 26468199|2409, 26468199|2525, 26468259|2643, 26468259|2887, 26468389|2954, 26468389|3100, 26468529|3172, 26468589|3265, 26468589|3440, 26469486|3543, 26470232|3626, 26470427|3689, 26471345|3779, 26471397|3853, 26471397|4052, https://www.pku.edu.cn, 
26473303|1, 26473303|480, 26474455|534, 26474455|632, 26474514|754, 26474514|1015, 26476518|1188, 26478824|1383, 26479239|1489, 26479719|1552, 26479779|1631, 26479779|1786, 26479960|1899, 26479960|2202, 26480948|2338, 26480988|2431, 26481207|2500, 26481389|2587, 26481389|2789, 26481449|2855, 26481449|4017, https://www.bing.com, 
26482310|1, 26482310|246, 26482371|338, 26482371|961, 26485304|1126, 26486028|1281, 26486028|1396, 26486088|1470, 26486088|1541, 26486288|1609, 26486348|1686, 26486348|1872, 26487422|1981, 26488939|2103, 26488979|2159, 26490131|2249, 26490131|2341, 26490249|2421, 26490249|2615, 26490309|2691, 26490309|3170, 26491272|3245, 26493296|3328, 26493566|3420, 26493566|3625, 26498184|3719, 26501851|3824, 26502241|3927, 26503511|4016, https://www.jianshu.com, 
26509512|1, 26509512|188, 26509630|299, 26509630|743, 26509741|851, 26509795|1022, 26509795|1188, 26510281|1368, 26510938|1482, 26510990|1557, 26511050|1610, 26511678|1676, 26511678|1803, 26511738|1888, 26511946|1967, 26513382|2084, 26514189|2175, 26518209|2270, 26518209|2324, 26518325|2407, 26521485|2497, 26521485|2573, 26521545|2642, 26524124|2730, 26533690|2810, 26535643|2896, 26537975|2965, 26540799|3054, 26543497|3154, 26545521|3227, 26545823|3316, 26547914|3397, 26549205|3461, 26549913|3575, 26551162|3664, 26551890|3761, 26553139|3844, 26554233|3922, 26554925|3993, 26556490|4093, http://www.ox.ac.uk, 
26580137|1, 26580137|205, 26580194|284, 26580194|979, 26580568|1138, 26580568|1401, 26580628|1483, 26580628|1539, 26580685|1635, 26580745|1734, 26580745|2153, 26582263|2247, 26584013|2350, 26584766|2459, 26584820|2511, 26584874|2587, 26584934|2679, 26586452|2739, 26588216|2839, 26588349|2915, 26588349|3228, 26589063|3315, 26589311|3378, 26590822|3454, 26592678|3545, 26593001|3618, 26593061|3703, 26593061|3836, 26593682|3910, 26593850|4039, https://www.mit.edu, 
26599910|1, 26599910|127, 26599969|222, 26600028|287, 26600081|401, 26600081|944, 26601810|1133, 26602326|1273, 26604094|1405, 26604094|1482, 26604155|1549, 26604215|1637, 26604215|1756, 26604275|1850, 26608882|1941, 26622610|2080, 26623216|2167, 26624697|2222, 26624697|2288, 26625300|2367, 26625340|2427, 26626239|2508, 26627873|2594, 26631271|2671, 26631415|2744, 26631527|2829, 26631527|2895, 26637890|2982, 26666592|3108, 26668750|3168, 26669098|3247, 26669098|3392, 26669432|3469, 26669484|3552, 26669484|3614, 26669722|3689, 26669722|3771, 26670343|3843, 26670395|3912, 26671788|4008, https://www.apple.com, 
26674841|1, 26674841|168, 26675076|230, 26675132|325, 26675184|422, 26675288|517, 26675288|942, 26675945|1062, 26678899|1247, 26679003|1355, 26679003|1450, 26679063|1506, 26679063|1728, 26679123|1847, 26681513|1974, 26684342|2071, 26684382|2161, 26685862|2241, 26687295|2341, 26690604|2483, 26690865|2583, 26690865|2702, 26690925|2777, 26690925|2894, 26690977|2981, 26690977|3857, 26694343|3986, 26694383|4042, https://www.jd.com, 
26731832|1, 26731832|842, 26734637|1118, 26735459|1231, 26735699|1345, 26735959|1424, 26735959|1535, 26736020|1613, 26736080|1663, 26736080|1828, 26736859|1914, 26740941|2041, 26743899|2132, 26747622|2202, 26747676|2289, 26747730|2364, 26747790|2425, 26747790|2557, 26747850|2628, 26747850|3359, 26747946|3441, 26747946|4054, https://zhuanlan.zhihu.com, 
26760017|1, 26760017|195, 26760190|303, 26760190|911, 26760550|1056, 26762255|1205, 26762255|1362, 26762315|1436, 26762315|1554, 26762375|1632, 26762375|1759, 26765530|1862, 26767961|1945, 26768869|2035, 26775698|2121, 26775910|2176, 26779439|2254, 26780675|2384, 26780735|2443, 26782253|2529, 26784818|2648, 26787646|2749, 26790547|2860, 26794346|2965, 26796037|3034, 26799165|3133, 26799452|3222, 26802382|3288, 26802382|3623, 26802434|3699, 26802434|4005, http://blogs.360.cn, 
26806840|1, 26806840|193, 26806958|321, 26807011|433, 26807115|498, 26807167|600, 26807167|971, 26808801|1142, 26809786|1287, 26810788|1421, 26811719|1496, 26811719|1692, 26811779|1777, 26811779|1928, 26814159|2033, 26816779|2142, 26817499|2210, 26817560|2285, 26817560|2396, 26817620|2500, 26817998|2578, 26818128|2654, 26818188|2737, 26818284|2801, 26818284|2997, 26818402|3062, 26824460|3184, 26828222|3285, 26831137|3365, 26831310|3466, 26831310|3544, 26833312|3624, 26834700|3723, 26836546|3813, 26842751|3900, 26843815|3991, 26843867|4043, https://www.ctrip.com, 
26857810|1, 26857810|984, 26859170|1165, 26860239|1282, 26861170|1394, 26861170|1603, 26861230|1668, 26861230|1813, 26861368|1903, 26862168|2007, 26862740|2108, 26862740|2296, 26862904|2354, 26862964|2424, 26863018|2505, 26863018|2562, 26863586|2638, 26863586|2961, 26863764|3049, 26866161|3140, 26871397|3277, 26876079|3360, 26878982|3481, 26880168|3586, 26883735|3670, 26884824|3776, 26885574|3837, 26885802|3914, 26885854|4006, https://www.ctrip.com, 
26902675|1, 26902675|186, 26902739|247, 26902803|365, 26902803|755, 26904544|1039, 26906617|1207, 26907157|1351, 26907413|1426, 26907473|1479, 26907473|1677, 26907533|1755, 26907587|1844, 26908486|1930, 26914854|2043, 26915440|2124, 26915440|2243, 26915497|2319, 26915497|2406, 26915557|2484, 26915557|2665, 26915617|2733, 26915617|3562, 26917318|3648, 26918952|3753, 26918952|3895, 26919633|4000, 26920400|4093, https://zhuanlan.zhihu.com, 
26927407|1, 26927407|599, 26927523|739, 26927523|1071, 26927773|1228, 26927773|1350, 26927833|1479, 26927833|1580, 26927893|1683, 26927893|2265, 26927953|2378, 26928013|2473, 26928013|2625, 26928073|2682, 26928073|3068, 26928203|3141, 26928203|3211, 26928343|3289, 26928343|3395, 26928403|3457, 26928403|3544, 26929084|3629, 26929911|3715, 26930293|3840, 26931211|3919, 26931263|4065, https://www.pku.edu.cn, 
26932017|1, 26932017|1010, 26932504|1216, 26932584|1309, 26933161|1396, 26933218|1462, 26933278|1522, 26933906|1601, 26933966|1674, 26934026|1741, 26934892|1844, 26935318|1909, 26935939|1984, 26938045|2071, 26940093|2126, 26940145|2195, 26943885|2283, 26943885|2421, 26945110|2513, 26947676|2571, 26950105|2641, 26952967|2726, 26954763|2792, 26955367|2866, 26956407|2942, 26958406|3014, 26958406|3069, 26959446|3143, 26960818|3229, 26960882|3282, 26962826|3385, 26963342|3471, 26963864|3529, 26967286|3630, 26967286|3717, 26970106|3783, 26970233|3862, 26974280|3966, 26975776|4025, http://www.ox.ac.uk, 
27010065|1, 27010065|246, 27010189|332, 27010189|424, 27010245|527, 27010302|619, 27010302|1017, 27011950|1218, 27011950|1339, 27013240|1438, 27013426|1515, 27014278|1577, 27015095|1657, 27016111|1739, 27016111|1874, 27017799|1960, 27018692|2047, 27018692|2119, 27019172|2241, 27019172|2356, 27019292|2439, 27020091|2519, 27021323|2574, 27021323|2653, 27021383|2728, 27021383|3044, 27023763|3166, 27031228|3336, 27037589|3463, 27040180|3578, 27040660|3654, 27044789|3726, 27048140|3825, 27048217|3891, 27048851|3953, 27049414|4045, https://world.taobao.com, 
27055448|1, 27055448|689, 27055503|825, 27055503|1014, 27055984|1196, 27056064|1313, 27056641|1405, 27056701|1487, 27056701|1541, 27056811|1601, 27056871|1685, 27056871|1849, 27058576|1959, 27058576|2043, 27062666|2111, 27062782|2181, 27062834|2260, 27066574|2321, 27066574|2402, 27066634|2481, 27067915|2547, 27070287|2607, 27071865|2692, 27076352|2767, 27079086|2838, 27079138|2916, 27080239|2990, 27082667|3059, 27082667|3137, 27083892|3214, 27084940|3282, 27084940|3367, 27086708|3482, 27086708|3618, 27086980|3701, 27086980|3826, 27089250|3952, 27092426|4024, http://www.ox.ac.uk, 
27110129|1, 27110129|102, 27110253|199, 27110253|578, 27110305|691, 27110305|857, 27112365|1050, 27113816|1139, 27114065|1213, 27114065|1286, 27114394|1373, 27114394|1529, 27114454|1598, 27114454|2013, 27114512|2066, 27114512|2197, 27115518|2346, 27119187|2456, 27125191|2577, 27127495|2657, 27130819|2761, 27131170|2845, 27132184|2902, 27132184|2959, 27132236|3057, 27132917|3142, 27132917|3197, 27132975|3283, 27133752|3369, 27133930|3433, 27146836|3501, 27146948|3589, 27147282|3664, 27148093|3719, 27148153|3797, 27148153|3874, 27148205|3952, 27148318|4027, https://www.linkedin.com, 
27160973|1, 27160973|654, 27161303|874, 27163112|1065, 27163112|1181, 27163172|1259, 27163172|1443, 27163232|1532, 27163232|1658, 27171518|1790, 27176031|1881, 27180221|1958, 27180325|2033, 27180465|2116, 27180465|2192, 27180525|2303, 27182921|2402, 27184997|2494, 27190393|2631, 27192508|2708, 27192950|2792, 27194589|2866, 27194653|2919, 27196510|2983, 27196643|3093, 27196643|3875, 27196695|3950, 27196695|4016, http://blogs.360.cn, 
27200925|1, 27200925|1023, 27203046|1240, 27204487|1382, 27204487|1499, 27204547|1578, 27204547|1699, 27204607|1772, 27204607|2129, 27204664|2194, 27204931|2350, 27205047|2436, 27207521|2549, 27207561|2640, 27207561|2765, 27207621|2853, 27207621|3497, 27208428|3586, 27210627|3681, 27210809|3739, 27210949|3921, 27211009|4020, https://www.jianshu.com, 
27225537|1, 27225537|272, 27225651|350, 27225711|440, 27225711|958, 27227395|1154, 27229385|1348, 27229385|1501, 27229445|1584, 27229445|1725, 27229563|1791, 27229563|1934, 27229681|2031, 27231687|2131, 27231687|2219, 27231801|2317, 27231801|2446, 27231861|2538, 27231861|2752, 27231921|2830, 27231921|2950, 27233439|3049, 27235217|3123, 27237972|3200, 27239335|3356, 27240056|3437, 27240771|3521, 27241153|3617, 27241903|3689, 27242071|3746, 27242123|3829, 27242123|4035, https://www.douyin.com, 
27243464|1, 27243464|267, 27243523|364, 27243523|479, 27243582|548, 27243582|1068, 27243830|1276, 27243830|1403, 27243890|1484, 27243890|1641, 27244005|1705, 27244005|2156, 27244063|2212, 27244063|2391, 27244123|2473, 27244183|2537, 27244559|2626, 27244619|2735, 27244873|2814, 27244873|2907, 27245121|3018, 27245121|3581, 27245186|3636, 27245246|4091, https://www.shodan.io, 
27245537|1, 27245537|529, 27245708|661, 27245708|1193, 27245952|1333, 27245952|1434, 27246012|1529, 27246012|1748, 27246072|1836, 27246072|1899, 27247590|2038, 27251885|2158, 27252097|2230, 27252153|2324, 27252153|2482, 27252213|2566, 27252213|2736, 27252273|2862, 27253791|2932, 27254536|3009, 27257040|3130, 27257115|3205, 27258015|3274, 27258127|3370, 27258332|3449, 27259774|3515, 27261630|3596, 27262013|3709, 27262013|3761, 27262634|3840, 27262634|4001, https://www.mit.edu, 
27265972|1, 27265972|233, 27266092|299, 27266092|1169, 27266395|1311, 27266395|1438, 27266455|1539, 27266455|1665, 27266515|1746, 27266515|2356, 27266627|2419, 27266687|2526, 27266687|2729, 27266747|2819, 27266747|3095, 27266877|3191, 27266877|3254, 27267017|3359, 27267077|3442, 27267077|3593, 27267197|3716, 27268090|3823, 27268975|3905, 27269838|4026, https://www.pku.edu.cn, 
27270853|1, 27270853|771, 27271033|916, 27272717|1072, 27274577|1234, 27274577|1322, 27274637|1400, 27274637|1549, 27274697|1635, 27274697|2098, 27275929|2198, 27276703|2264, 27279166|2374, 27283949|2522, 27284101|2615, 27284990|2731, 27285879|2839, 27285879|2896, 27286797|2972, 27286849|3056, 27286849|4051, https://www.douyin.com, 
27287647|1, 27287647|254, 27287706|357, 27287706|856, 27287826|1113, 27290497|1307, 27291573|1386, 27291633|1500, 27291633|1720, 27291754|1843, 27291754|2019, 27294385|2122, 27305334|2273, 27305334|2334, 27305524|2413, 27307533|2507, 27308200|2597, 27309586|2674, 27309762|2759, 27309913|2836, 27311677|2893, 27313112|2985, 27313164|3063, 27313393|3123, 27316739|3209, 27317575|3303, 27317575|3675, 27318014|3784, 27318066|3880, 27318264|4017, https://www.apple.com, 
27322549|1, 27322549|154, 27322667|266, 27322667|892, 27325956|1136, 27327545|1262, 27327545|1317, 27327605|1401, 27327645|1483, 27328645|1548, 27328645|1615, 27328705|1701, 27328705|1847, 27332667|1969, 27332667|2054, 27335597|2184, 27348876|2308, 27348876|2368, 27348936|2443, 27348936|2596, 27348996|2648, 27348996|3890, 27349244|3999, 27350019|4074, https://www.baidu.com, 
27394348|1, 27394348|197, 27394470|290, 27394470|870, 27394581|1103, 27394833|1269, 27394833|1496, 27394893|1562, 27394893|1714, 27394953|1772, 27394953|2239, 27395014|2303, 27395014|2444, 27395074|2554, 27395074|2710, 27395134|2787, 27395134|3554, 27395262|3661, 27395262|4109, https://www.netflix.com, 
27395702|1, 27395702|1070, 27397607|1254, 27399360|1454, 27399360|1544, 27399420|1603, 27399420|1668, 27399620|1775, 27399680|1844, 27399680|1974, 27400752|2101, 27402269|2229, 27402309|2307, 27402309|2477, 27402420|2547, 27402480|2624, 27402480|2778, 27402540|2894, 27402596|2991, 27402596|3044, 27403403|3128, 27405727|3244, 27405782|3309, 27407326|3472, 27407386|3638, 27409797|3750, 27414684|3861, 27417594|3978, 27417646|4058, https://www.jianshu.com, 
27424488|1, 27424488|749, 27424675|1034, 27424925|1248, 27424925|1316, 27424980|1393, 27425040|1510, 27425040|1574, 27425161|1666, 27425161|2359, 27425221|2428, 27425221|2589, 27425281|2662, 27425281|3016, 27425411|3086, 27425411|3250, 27425551|3360, 27425611|3486, 27425611|3563, 27426352|3637, 27427067|3769, 27428199|3860, 27428367|3925, 27428419|4073, https://www.pku.edu.cn, 
27429105|1, 27429105|821, 27429166|1036, 27430880|1198, 27432805|1385, 27432805|1510, 27432865|1564, 27432865|1774, 27434472|1858, 27434472|1953, 27435427|2112, 27437704|2185, 27439462|2307, 27439462|2509, 27439522|2629, 27439522|2745, 27439636|2839, 27439636|3611, 27441337|3719, 27442914|3817, 27443751|4089, https://zhuanlan.zhihu.com, 
27452775|1, 27452775|393, 27452833|534, 27452833|716, 27452953|964, 27455023|1134, 27456772|1260, 27456772|1361, 27456832|1418, 27456891|1493, 27456891|1590, 27456951|1664, 27456951|1857, 27460258|1965, 27460258|2033, 27460934|2129, 27462060|2220, 27467864|2329, 27468579|2417, 27468619|2504, 27469558|2586, 27469709|2649, 27470582|2747, 27473016|2844, 27473016|3000, 27474243|3087, 27475534|3150, 27477130|3245, 27477130|3340, 27477562|3414, 27477562|3882, 27477924|3987, 27477976|4063, https://www.apple.com, 
27482092|1, 27482092|978, 27482466|1178, 27482466|1416, 27482526|1486, 27482526|1691, 27482692|1785, 27484210|1931, 27484274|2021, 27487066|2112, 27487174|2212, 27487174|2282, 27487234|2355, 27487234|2448, 27487334|2515, 27487334|2599, 27487394|2698, 27488912|2796, 27490676|2868, 27490809|2963, 27490809|3063, 27491622|3126, 27493440|3201, 27494882|3279, 27495511|3350, 27495627|3414, 27495687|3500, 27495687|3587, 27496881|3673, 27496881|3807, 27497323|3931, 27497746|4012, https://www.mit.edu, 
27499671|1, 27499671|924, 27499801|1161, 27499919|1259, 27499979|1350, 27499979|1456, 27500039|1515, 27500039|1685, 27500099|1787, 27500099|1961, 27500853|2049, 27500853|2134, 27500967|2226, 27500967|2307, 27501091|2405, 27501151|2515, 27501151|2603, 27501211|2702, 27501211|4025, https://www.shodan.io, 
27501618|1, 27501618|973, 27504424|1165, 27505182|1304, 27505870|1422, 27505870|1640, 27506082|1737, 27506082|1798, 27506204|1907, 27510176|2040, 27510780|2121, 27510840|2206, 27510840|2384, 27510900|2488, 27510900|2630, 27510960|2680, 27510960|3641, 27512931|3794, 27514508|3889, 27515189|4072, https://zhuanlan.zhihu.com, 
27524440|1, 27524440|990, 27526462|1178, 27527240|1287, 27528189|1380, 27529020|1463, 27529120|1546, 27529120|1682, 27529180|1772, 27529180|1951, 27530520|2078, 27530560|2163, 27530673|2220, 27530673|2438, 27530733|2516, 27530797|2592, 27531241|2678, 27531301|2732, 27531301|2999, 27534470|3140, 27538492|3255, 27542255|3372, 27545102|3466, 27545326|3578, 27548102|3660, 27551685|3798, 27552835|3890, 27552887|4056, https://www.ctrip.com, 
27572630|1, 27572630|609, 27572724|715, 27572780|886, 27574524|1108, 27576621|1250, 27576621|1351, 27577137|1452, 27577255|1532, 27577313|1582, 27577313|1674, 27577373|1752, 27577373|1810, 27578477|1949, 27582185|2072, 27582282|2144, 27582282|2433, 27582342|2518, 27582342|2671, 27582402|2722, 27582402|3505, 27584046|3592, 27585738|3696, 27585738|3883, 27586575|3952, 27587134|4051, https://zhuanlan.zhihu.com, 
27595910|1, 27595910|304, 27596034|432, 27596034|516, 27596086|599, 27596086|782, 27596440|1110, 27599013|1309, 27599881|1433, 27599933|1508, 27600149|1580, 27600149|1741, 27600209|1811, 27600209|2155, 27600264|2260, 27600324|2350, 27600437|2440, 27602474|2639, 27606679|2782, 27611462|2872, 27615027|2975, 27616309|3069, 27617330|3129, 27619233|3207, 27620407|3298, 27620407|3355, 27620637|3435, 27621432|3531, 27621432|3606, 27621484|3656, 27621484|3742, 27633688|3834, 27633740|3907, 27633792|3965, 27634663|4066, https://www.linkedin.com, 
27647475|1, 27647475|205, 27647603|279, 27647603|387, 27647720|477, 27647720|996, 27649962|1169, 27651875|1347, 27652579|1496, 27652639|1578, 27652639|1768, 27652699|1838, 27652699|2002, 27652941|2152, 27659132|2247, 27659212|2344, 27659212|2487, 27659272|2596, 27659272|2749, 27659332|2802, 27659384|2893, 27662622|4029, https://zhuanlan.zhihu.com, 
27672692|1, 27672692|924, 27675920|1139, 27676649|1237, 27677049|1353, 27677109|1452, 27677109|1572, 27677169|1658, 27677169|1928, 27680561|2071, 27683683|2140, 27683723|2219, 27683723|2295, 27683900|2363, 27683960|2470, 27683960|2623, 27684020|2676, 27684020|3578, 27685721|3684, 27687298|3781, 27688135|4057, https://zhuanlan.zhihu.com, 
27697574|1, 27697574|776, 27697690|1022, 27697940|1230, 27697940|1413, 27698000|1496, 27698000|1612, 27698114|1700, 27698114|2085, 27698174|2150, 27698174|2242, 27698233|2347, 27698233|2410, 27698293|2484, 27698293|2623, 27698353|2687, 27698353|2957, 27698483|3064, 27698483|3130, 27698623|3237, 27698683|3343, 27698683|3465, 27699520|3554, 27700469|3662, 27701219|3763, 27701387|3820, 27701439|3919, 27701439|4015, https://www.pku.edu.cn, 
27702269|1, 27702269|970, 27702568|1176, 27702816|1406, 27702874|1496, 27702934|1584, 27702934|1743, 27702994|1817, 27702994|2161, 27703748|2250, 27703748|2521, 27703932|2670, 27703992|2780, 27703992|4027, https://www.shodan.io, 
27704280|1, 27704280|193, 27704402|257, 27704402|329, 27704458|451, 27704458|817, 27706012|1001, 27708295|1192, 27708295|1399, 27708355|1495, 27708715|1591, 27708715|1646, 27708775|1741, 27708775|2140, 27709954|2274, 27711514|2375, 27711574|2488, 27711626|2571, 27711626|2644, 27711686|2743, 27711686|3375, 27712649|3446, 27714685|3523, 27714955|3634, 27716358|3751, 27719783|4029, https://www.jianshu.com, 
27730401|1, 27730401|160, 27730458|319, 27730458|1121, 27730936|1266, 27731239|1477, 27731239|1596, 27731299|1685, 27731299|1863, 27731359|1926, 27731359|2104, 27731416|2193, 27732998|2290, 27736086|2408, 27736275|2503, 27736275|2567, 27736391|2665, 27736391|2826, 27736451|2908, 27736451|3127, 27737969|3198, 27739733|3298, 27739866|3433, 27740574|3497, 27740891|3577, 27742269|3677, 27744189|3767, 27744322|3837, 27744572|3954, 27744572|4041, https://www.mit.edu, 
27748573|1, 27748573|732, 27748626|962, 27748873|1209, 27748993|1362, 27748993|1466, 27749053|1556, 27749053|1686, 27749113|1776, 27749113|2408, 27749173|2536, 27749173|2678, 27749233|2792, 27749233|3284, 27749363|3379, 27749363|3474, 27749503|3560, 27749503|3682, 27749563|3775, 27749563|3844, 27751019|3981, 27751349|4098, https://www.pku.edu.cn, 
27753061|1, 27753061|475, 27753181|621, 27753181|947, 27753625|1192, 27753625|1408, 27753739|1497, 27753739|1728, 27753799|1833, 27753799|2289, 27756209|2394, 27756349|2510, 27756349|2671, 27757866|2765, 27757996|2876, 27758136|2970, 27758136|3115, 27758196|3208, 27759033|3317, 27759033|3390, 27760784|3500, 27760952|3591, 27761004|3656, 27761004|4025, https://www.buaa.edu.cn, 
27761917|1, 27761917|174, 27762075|260, 27762189|380, 27762189|992, 27762319|1129, 27762567|1319, 27762567|1453, 27762627|1556, 27762685|1653, 27762745|1749, 27762745|2280, 27763467|2392, 27763527|2478, 27763527|2614, 27763701|2743, 27763835|2821, 27764581|2913, 27765205|3030, 27765205|3125, 27765265|3215, 27765265|3344, 27765305|3448, 27765305|3842, 27765485|3956, 27765485|4063, https://www.yahoo.com, 
27797795|1, 27797795|850, 27797925|1080, 27798169|1295, 27798169|1515, 27798229|1579, 27798229|1746, 27798289|1832, 27798289|1985, 27801249|2134, 27801658|2211, 27801828|2286, 27801881|2385, 27801881|2483, 27801941|2549, 27801941|2735, 27802054|2830, 27802054|2912, 27803572|3024, 27805450|3128, 27805583|3201, 27805583|3321, 27806291|3421, 27807986|3513, 27810586|3587, 27811241|3727, 27811293|3834, 27811293|3910, 27811890|3996, 27811890|4098, https://www.mit.edu, 
27814356|1, 27814356|237, 27814468|377, 27814468|1063, 27815009|1269, 27815129|1405, 27815189|1510, 27815249|1579, 27815878|1674, 27815930|1753, 27816042|1828, 27816042|2125, 27818202|2215, 27818823|2341, 27822941|2450, 27823633|2556, 27824793|2636, 27825477|2746, 27828137|2863, 27828744|2928, 27828872|3002, 27832950|3120, 27835754|3224, 27838911|3299, 27839716|3393, 27840685|3512, 27842485|3611, 27842641|3689, 27844177|3805, 27844177|3897, 27844397|3994, 27844513|4097, http://www.ox.ac.uk, 
27866656|1, 27866656|200, 27866760|275, 27866760|812, 27866890|1135, 27867140|1358, 27867140|1491, 27867200|1589, 27867200|1752, 27867312|1835, 27867312|1933, 27867364|2031, 27867364|2561, 27867424|2652, 27867424|2762, 27867484|2830, 27867484|3384, 27867754|3493, 27867754|3612, 27867814|3737, 27868495|3859, 27869540|3984, 27869660|4056, https://www.pku.edu.cn, 
27871466|1, 27871466|267, 27871586|390, 27871586|916, 27871703|1160, 27871833|1324, 27872083|1475, 27872083|1605, 27872143|1716, 27872143|1802, 27872261|1885, 27873098|1989, 27874019|2092, 27874019|2276, 27876177|2469, 27876894|2542, 27877932|2639, 27878312|2758, 27878312|2906, 27880976|3066, 27883419|3191, 27883419|3687, 27884221|3807, 27884316|3914, 27884316|4061, https://www.alipay.com, 
27885219|1, 27885219|219, 27885278|330, 27885278|465, 27885335|550, 27885335|1127, 27888186|1371, 27889262|1537, 27889322|1635, 27889322|1782, 27889382|1883, 27889382|2149, 27892169|2270, 27899397|2420, 27899641|2510, 27900298|2646, 27900901|2739, 27900961|2808, 27901900|2897, 27902011|2991, 27903989|3099, 27904573|3174, 27905247|3286, 27909091|3427, 27909091|4015, https://www.apple.com, 
27915275|1, 27915275|183, 27915334|298, 27915334|423, 27915393|503, 27915447|635, 27915447|956, 27915577|1221, 27915883|1423, 27915883|1613, 27915997|1735, 27915997|1825, 27916057|1894, 27916057|2246, 27916433|2378, 27916433|2486, 27916691|2586, 27916871|2657, 27917047|2812, 27917107|2950, 27917107|4020, https://www.shodan.io, 
27917451|1, 27917451|214, 27917510|283, 27917568|374, 27917568|798, 27917621|916, 27917621|1122, 27922309|1388, 27922309|1492, 27922369|1605, 27925917|1724, 27925917|1809, 27925977|1886, 27925977|2256, 27926256|2380, 27937470|2522, 27939858|2612, 27939858|2822, 27939918|2883, 27939918|4090, https://www.baidu.com, 
27976743|1, 27976743|172, 27976855|275, 27976855|968, 27977858|1140, 27980680|1347, 27980680|1462, 27980740|1565, 27980740|1727, 27980800|1822, 27980800|2270, 27983644|2424, 27986145|2590, 27986145|2664, 27988496|2817, 27990161|2979, 27991108|3067, 27991108|3489, 27991161|3602, 27991161|4078, https://www.jd.com, 
28023581|1, 28023581|211, 28023707|360, 28023707|860, 28023827|1105, 28026390|1345, 28027424|1586, 28027424|1745, 28027484|1850, 28027484|2214, 28028482|2379, 28029473|2464, 28029729|2564, 28037311|2700, 28041979|2786, 28045247|2875, 28045387|3011, 28045387|3130, 28047305|3215, 28055098|3373, 28055558|3468, 28056476|3559, 28056685|3676, 28058573|3771, 28058573|4035, https://www.pinduoduo.com, 
28059991|1, 28059991|1128, 28061545|1301, 28063458|1487, 28063458|1632, 28063518|1729, 28063718|1832, 28063718|1919, 28063778|2020, 28063778|2354, 28063944|2478, 28064957|2573, 28066574|2721, 28066574|2905, 28066634|2988, 28066634|3433, 28066686|3526, 28066782|3592, 28069731|4080, https://www.jianshu.com, 
28086885|1, 28086937|132, 28086937|1012, 28087315|1204, 28087315|1328, 28087375|1508, 28087429|1613, 28087484|1676, 28087544|1786, 28087609|1914, 28087668|1996, 28087668|2117, 28088422|2261, 28088422|2438, 28088482|2579, 28088666|2728, 28088666|4023, https://www.shodan.io, 
28088960|1, 28088960|990, 28089151|1161, 28089395|1362, 28089455|1531, 28089515|1640, 28089515|1794, 28089575|1898, 28089575|2160, 28091093|2296, 28092648|2384, 28095043|2485, 28095612|2624, 28095612|2790, 28095672|2904, 28095672|3117, 28097190|3205, 28099868|3325, 28100092|3418, 28100854|3500, 28102493|3612, 28104412|3719, 28104795|3816, 28105461|4037, https://www.mit.edu, 
28109426|1, 28109426|768, 28109538|922, 28109538|1105, 28110315|1268, 28113097|1486, 28113097|1704, 28113157|1816, 28113157|1907, 28113217|1981, 28113217|2177, 28113273|2289, 28114372|2395, 28117473|2528, 28118532|2638, 28120072|2725, 28122731|2894, 28123982|3055, 28123982|4090, https://www.jd.com, 
28156967|1, 28156967|121, 28157028|256, 28157028|1123, 28157513|1306, 28157513|1550, 28157573|1628, 28157573|1721, 28157633|1824, 28157633|2235, 28157694|2333, 28157694|2572, 28157754|2629, 28157754|2811, 28157814|2895, 28157814|4023, https://www.netflix.com, 
28159457|1, 28159457|257, 28159575|388, 28159634|457, 28159634|1109, 28160939|1312, 28162325|1435, 28163536|1612, 28163536|1794, 28163596|1854, 28163596|2202, 28163734|2358, 28165058|2495, 28165098|2558, 28165158|2660, 28165254|2756, 28165254|2834, 28165314|2894, 28165314|2985, 28165952|3100, 28165952|3593, 28168197|3685, 28173493|3836, 28176531|3965, 28179362|4081, https://www.ctrip.com, 
28206077|1, 28206077|203, 28206197|352, 28206237|467, 28206237|731, 28206296|921, 28206296|1065, 28206676|1299, 28206676|1523, 28206736|1639, 28206736|1817, 28206796|1910, 28206796|2324, 28206856|2401, 28206917|2496, 28206977|2665, 28206977|2753, 28207097|2838, 28207097|3452, 28207227|3548, 28207428|3693, 28207428|3791, 28207488|3884, 28208169|4008, https://www.pku.edu.cn, 
28210976|1, 28210976|1049, 28213552|1264, 28216236|1419, 28216296|1510, 28216296|1659, 28218868|1766, 28218868|2236, 28219980|2320, 28232904|2488, 28234697|2592, 28234697|2728, 28234757|2820, 28234757|2920, 28234813|3013, 28234813|4016, https://www.baidu.com, 
28274435|1, 28274435|1059, 28274685|1230, 28275478|1465, 28275538|1591, 28275538|1663, 28275650|1766, 28275650|2099, 28275706|2180, 28276908|2280, 28277529|2391, 28281735|2503, 28281795|2591, 28284375|2669, 28285647|2774, 28285647|2877, 28286760|2942, 28286760|3751, 28289310|3864, 28290350|4061, http://www.ox.ac.uk, 
28337058|1, 28337058|432, 28337110|498, 28337174|587, 28337174|928, 28337424|1187, 28337810|1351, 28337874|1443, 28338451|1574, 28338567|1665, 28338619|1739, 28338619|1824, 28338679|1926, 28338679|2172, 28340384|2305, 28341452|2416, 28344132|2479, 28344184|2584, 28347352|2699, 28347408|2798, 28348628|2867, 28348734|2960, 28348734|3066, 28349807|3165, 28349867|3221, 28350353|3309, 28350417|3410, 28350469|3514, 28351113|3580, 28351113|3651, 28351809|3766, 28351873|3883, 28351977|3966, 28354840|4048, http://www.ox.ac.uk, 
28403719|1, 28403719|243, 28403847|372, 28403847|1075, 28405687|1333, 28407443|1553, 28407503|1703, 28407563|1797, 28407563|1891, 28407623|1961, 28407623|2297, 28407802|2437, 28408068|2570, 28412727|2676, 28418748|2758, 28422086|2865, 28422606|3013, 28422658|3108, 28422658|3198, 28424054|3333, 28425186|3466, 28425414|3541, 28425466|3636, 28425466|4069, https://www.pinduoduo.com, 
28426958|1, 28426958|709, 28427033|938, 28427741|1075, 28428119|1306, 28428119|1480, 28428179|1571, 28428179|1762, 28428239|1835, 28428239|1939, 28428299|2055, 28428299|2190, 28428351|2292, 28428351|2392, 28428408|2480, 28428587|2569, 28428587|2726, 28429401|2849, 28429401|3212, 28429525|3303, 28429525|3745, 28429577|3831, 28429707|3934, 28429767|4008, https://www.shodan.io, 
28430341|1, 28430341|1169, 28430589|1366, 28430641|1506, 28430701|1630, 28430701|1795, 28430761|1899, 28430761|2204, 28431681|2341, 28431681|2538, 28431741|2659, 28431741|2796, 28431859|2900, 28431983|3012, 28431983|3226, 28432043|3343, 28432043|4029, https://www.shodan.io, 
28433013|1, 28433073|219, 28433073|852, 28433369|1134, 28433369|1427, 28433429|1530, 28433482|1623, 28433482|1682, 28433542|1781, 28433542|2032, 28435113|2168, 28437130|2302, 28437186|2409, 28437246|2496, 28437246|2615, 28437306|2696, 28437306|3131, 28438888|3220, 28440721|3338, 28441430|3493, 28441542|3558, 28445044|3670, 28445177|3771, 28445367|3883, 28445367|4040, https://www.mit.edu, 
28452506|1, 28452506|719, 28454550|1085, 28457484|1329, 28457484|1433, 28457544|1557, 28459852|1661, 28459852|1728, 28459967|1814, 28459967|2242, 28460201|2351, 28460201|2439, 28465106|2613, 28475282|2753, 28475342|2833, 28475400|4039, https://www.baidu.com, 
28515171|1, 28515171|1302, 28515415|1523, 28515475|1675, 28515475|1782, 28515535|1874, 28515535|2220, 28517230|2379, 28519004|2467, 28519137|2565, 28519197|2671, 28519197|2841, 28519257|2929, 28519257|3311, 28519327|3421, 28520775|3492, 28523569|3605, 28523677|3732, 28524385|3824, 28526080|3889, 28528203|3989, 28529336|4117, https://www.mit.edu, 
28533072|1, 28533072|249, 28533232|374, 28533232|930, 28534786|1181, 28535983|1377, 28535983|1597, 28536161|1709, 28536281|1793, 28537144|1919, 28537144|2305, 28537440|2448, 28537611|2526, 28538641|2638, 28539677|2759, 28539677|2846, 28539737|2919, 28539737|3025, 28541255|3142, 28543842|3253, 28545864|3381, 28547696|3528, 28548658|3656, 28548912|3739, 28549830|3839, 28549882|3953, 28549882|4032, https://www.douyin.com, 
28550655|1, 28550655|1073, 28552870|1340, 28554610|1510, 28554670|1617, 28554670|1781, 28554730|1862, 28554730|2257, 28554903|2401, 28554964|2505, 28557030|2610, 28558688|2729, 28563876|2881, 28565763|2996, 28566693|3153, 28567582|3269, 28568500|3369, 28568552|3438, 28568552|4013, https://www.douyin.com, 
28569315|1, 28569315|868, 28571387|1061, 28572773|1166, 28573884|1307, 28573984|1403, 28573984|1528, 28574044|1613, 28574044|1855, 28574182|1975, 28574924|2081, 28576662|2172, 28576662|2254, 28576901|2362, 28576901|2565, 28577469|2671, 28577469|3034, 28580104|3149, 28585805|3286, 28589933|3427, 28592688|3539, 28596261|3665, 28600946|3776, 28606466|3882, 28607436|3974, 28607488|4065, https://www.ctrip.com, 
28623838|1, 28623878|113, 28623878|1044, 28624256|1227, 28624256|1402, 28624316|1524, 28624316|1677, 28624376|1780, 28624376|1952, 28624876|2084, 28625254|2198, 28625650|2272, 28625650|2368, 28625710|2472, 28625710|2530, 28625764|2616, 28625824|2716, 28625824|4050, https://www.shodan.io, 
28626164|1, 28626164|217, 28626286|327, 28626286|1022, 28626668|1261, 28626668|1423, 28626728|1514, 28626728|1678, 28626788|1760, 28626788|2293, 28627962|2443, 28629610|2531, 28629610|2701, 28629940|2812, 28629940|2894, 28631458|3054, 28632295|3172, 28632989|3250, 28633244|3324, 28634216|3423, 28634268|3521, 28634268|3731, 28634322|3846, 28634382|4053, https://www.buaa.edu.cn, 
28635226|1, 28635226|1181, 28635478|1413, 28635538|1538, 28635538|1711, 28635598|1792, 28635598|2295, 28635773|2428, 28638183|2536, 28638283|2620, 28638283|2705, 28638343|2805, 28638399|2875, 28638590|3005, 28640188|3146, 28640246|3249, 28640306|3331, 28640987|3430, 28641203|3540, 28641762|3598, 28643062|3689, 28643230|3797, 28643282|3884, 28643282|4038, https://www.buaa.edu.cn, 
28644124|1, 28644124|1115, 28644506|1339, 28644506|1584, 28644566|1666, 28644566|1824, 28644626|1916, 28644626|2312, 28644792|2389, 28644792|2576, 28644852|2673, 28644852|2801, 28644912|2962, 28644912|3288, 28644966|3396, 28645148|3488, 28645148|4017, https://www.netflix.com, 
28645592|1, 28645592|295, 28645716|372, 28645716|1080, 28646583|1214, 28647494|1399, 28647614|1521, 28648930|1621, 28649782|1684, 28650599|1778, 28651649|1882, 28651649|1956, 28651724|2105, 28652320|2240, 28652320|2403, 28652486|2487, 28652546|2583, 28652546|2723, 28652606|2806, 28652606|2996, 28654474|3071, 28657162|3246, 28662113|3432, 28665684|3532, 28668543|3594, 28668905|3690, 28670063|3786, 28670159|3869, 28670553|3941, 28673477|4086, https://world.taobao.com, 
28679929|1, 28679929|188, 28679993|293, 28680057|411, 28680057|997, 28681771|1216, 28683622|1393, 28683622|1493, 28683934|1590, 28683934|1816, 28684047|1906, 28684047|2059, 28684169|2197, 28695976|2396, 28712732|2548, 28720404|2674, 28745200|2834, 28753768|2966, 28753768|3035, 28753821|3119, 28753821|4020, https://zhuanlan.zhihu.com, 
28765789|1, 28765789|223, 28765909|299, 28765909|640, 28765967|770, 28765967|1065, 28766217|1322, 28766217|1520, 28766277|1620, 28766455|1740, 28767232|1820, 28768092|1899, 28768412|2013, 28768592|2088, 28769989|2204, 28770431|2304, 28772194|2390, 28775273|2457, 28775413|2560, 28775413|2757, 28775473|2846, 28775473|3131, 28776315|3221, 28776315|4049, https://www.alipay.com, 
28777138|1, 28777138|191, 28777256|282, 28777256|979, 28777504|1204, 28777504|1432, 28777564|1505, 28777564|1669, 28777624|1734, 28777624|2069, 28777677|2152, 28777677|2241, 28778043|2347, 28778267|2454, 28778449|2599, 28778449|2675, 28778509|2753, 28778566|2854, 28778566|3053, 28778623|3147, 28778757|3264, 28778757|3330, 28779292|3414, 28779292|3527, 28779347|3608, 28779467|3671, 28779527|3764, 28779587|3865, 28779710|3935, 28779773|4006, https://www.yahoo.com, 
28805309|1, 28805309|802, 28806863|1038, 28808816|1232, 28808948|1350, 28809508|1449, 28809568|1509, 28809568|1676, 28809628|1747, 28809628|1902, 28810407|2022, 28812846|2129, 28814326|2231, 28814497|2328, 28814497|2396, 28814557|2484, 28814610|2560, 28814669|2639, 28814729|2694, 28814729|4016, https://zhuanlan.zhihu.com, 
28826528|1, 28826528|159, 28826587|299, 28826587|894, 28828365|1062, 28829398|1224, 28830526|1374, 28830586|1471, 28830586|1603, 28830639|1692, 28830699|1771, 28830699|2017, 28830957|2137, 28850842|2286, 28851032|2383, 28851689|2514, 28852292|2583, 28852348|2648, 28853656|2746, 28856839|2849, 28856839|2907, 28856988|2986, 28857040|3081, 28861503|3215, 28861503|3782, 28861942|3874, 28861994|3960, 28861994|4040, https://www.apple.com, 
28867520|1, 28867520|156, 28867578|222, 28867636|300, 28867636|756, 28867774|888, 28867827|1077, 28868996|1255, 28869824|1361, 28869824|1469, 28869884|1552, 28869884|1691, 28869944|1774, 28869944|1874, 28870002|1971, 28870002|2050, 28874967|2173, 28879741|2307, 28882906|2382, 28886198|2468, 28887846|2600, 28889364|2717, 28891188|2814, 28895393|2982, 28898034|3118, 28898325|3193, 28903018|3305, 28903151|3393, 28903151|4053, http://blogs.360.cn, 
28906257|1, 28906257|670, 28906313|846, 28906433|1093, 28908209|1235, 28910147|1492, 28910904|1588, 28910962|1649, 28910962|1744, 28911022|1828, 28911077|1923, 28911077|2178, 28911215|2298, 28911805|2377, 28912457|2480, 28912517|2579, 28912517|2707, 28912577|2791, 28912577|2877, 28913085|2971, 28913085|3379, 28917300|3514, 28918367|3615, 28920638|3726, 28922914|3833, 28925685|3990, 28928262|4096, https://www.ctrip.com, 
28954146|1, 28954146|233, 28954395|300, 28954452|392, 28954452|781, 28954659|1009, 28954903|1239, 28954903|1408, 28954963|1527, 28954963|1608, 28955023|1736, 28955023|2204, 28956541|2312, 28958392|2433, 28958508|2549, 28958508|2632, 28958568|2713, 28958568|3256, 28960086|3327, 28962739|3461, 28962988|3571, 28962988|3640, 28963880|3735, 28965627|3840, 28967546|3917, 28967679|3981, 28967929|4091, https://www.mit.edu, 
28970942|1, 28970942|330, 28971003|446, 28971003|861, 28972437|1164, 28974445|1416, 28974445|1525, 28974665|1612, 28974865|1708, 28974925|1775, 28974925|1841, 28974984|1943, 28974984|2256, 28978003|2449, 28978063|2578, 28978063|2746, 28978123|2852, 28978123|3383, 28980439|3493, 28981253|3576, 28981311|3649, 28982715|3760, 28982915|3900, 28983656|4120, https://www.jianshu.com, 
28997389|1, 28997389|860, 28997564|1115, 29001170|1340, 29001513|1467, 29001513|1537, 29001630|1636, 29001630|1778, 29001747|1854, 29001747|2055, 29003086|2138, 29013682|2326, 29014628|2437, 29015225|2535, 29015285|2608, 29015285|2698, 29016637|2792, 29018394|2867, 29018997|2949, 29019037|3042, 29019266|3133, 29023232|3211, 29024438|3295, 29024478|3395, 29024478|3716, 29024951|3801, 29025003|3868, 29025201|4079, https://www.apple.com, 
29031341|1, 29031341|223, 29031461|311, 29031461|1037, 29031517|1357, 29031767|1501, 29031822|1579, 29031882|1709, 29031882|1797, 29032060|1871, 29032877|1955, 29033758|2080, 29033811|2200, 29033991|2272, 29035588|2394, 29037024|2502, 29038192|2595, 29040695|2702, 29040695|2879, 29040755|2935, 29040755|3234, 29040879|3298, 29041674|3395, 29041674|4069, https://www.alipay.com, 
29042444|1, 29042444|111, 29042505|229, 29042566|332, 29042566|434, 29042619|535, 29042619|917, 29042871|1052, 29042871|1202, 29042931|1302, 29042931|1445, 29042991|1541, 29042991|2200, 29043051|2291, 29043051|2350, 29043110|2443, 29043228|2532, 29043228|2603, 29043287|2723, 29043415|2862, 29043415|3684, 29043543|3773, 29043543|4002, https://www.netflix.com, 
29043897|1, 29043897|945, 29044209|1225, 29044209|1463, 29044269|1534, 29044269|1740, 29044445|1816, 29044445|2271, 29046855|2431, 29046955|2516, 29046955|2711, 29048472|2801, 29048472|2863, 29048742|2999, 29048742|3197, 29049483|3314, 29050198|3429, 29050640|3506, 29051390|3567, 29051558|3653, 29051610|3748, 29051610|4062, https://www.buaa.edu.cn, 
29052425|1, 29052425|230, 29052541|348, 29052541|1046, 29054666|1232, 29057033|1454, 29057468|1589, 29058588|1654, 29058588|1740, 29058648|1832, 29058648|2287, 29058766|2353, 29059840|2475, 29060078|2601, 29060158|2674, 29060301|2769, 29060361|2862, 29060418|2962, 29060418|4042, https://www.bing.com, 
29061267|1, 29061267|577, 29061427|702, 29061427|874, 29062573|1121, 29063249|1289, 29064605|1390, 29066274|1469, 29067281|1554, 29067281|1629, 29067341|1690, 29067341|1932, 29068052|2047, 29068052|2393, 29068112|2475, 29068112|2673, 29068490|2788, 29073414|2993, 29081263|3136, 29083933|3258, 29084981|3349, 29087390|3424, 29090393|3510, 29091169|3599, 29091769|3695, 29091825|3748, 29091873|3831, 29092825|3943, 29092825|4019, https://world.taobao.com, 
29097651|1, 29097651|1105, 29097903|1267, 29097903|1376, 29097963|1484, 29098022|1539, 29098022|1695, 29098082|1768, 29098082|2318, 29098190|2408, 29098250|2492, 29098250|2674, 29098310|2733, 29098310|3465, 29098438|3545, 29098551|4076, https://www.netflix.com, 
29099328|1, 29099328|223, 29099454|342, 29099454|1033, 29101310|1193, 29102970|1376, 29103110|1493, 29103110|1576, 29103164|1648, 29103164|1704, 29103279|1797, 29103279|2067, 29108264|2204, 29114243|2286, 29115835|2362, 29118404|2504, 29118404|2679, 29119301|2780, 29120190|2895, 29120940|2987, 29121160|3073, 29121160|4049, https://www.pinduoduo.com, 
29122542|1, 29122542|268, 29122654|425, 29122654|986, 29123486|1157, 29126424|1352, 29126479|1446, 29126479|1524, 29126539|1601, 29126539|1747, 29126599|1816, 29126599|1895, 29126653|2009, 29127939|2112, 29129942|2218, 29131894|2323, 29131948|2389, 29133264|2478, 29134742|2666, 29136199|2780, 29136299|2838, 29136299|3760, 29136353|3864, 29136353|4008, https://www.jd.com, 
29175231|1, 29175231|1137, 29176905|1287, 29178962|1450, 29179222|1534, 29179222|1622, 29179282|1688, 29179282|1743, 29179334|1821, 29179447|1913, 29179506|1995, 29183957|2135, 29194271|2286, 29194461|2366, 29195112|2440, 29195769|2565, 29195809|2642, 29196767|2706, 29197988|2796, 29200132|2895, 29200132|3025, 29200929|3113, 29204283|3215, 29204283|3641, 29204727|3741, 29204779|3861, 29204977|3967, 29204977|4037, https://www.apple.com, 
29209310|1, 29209310|245, 29209483|371, 29209483|457, 29209542|525, 29209542|1233, 29209790|1412, 29209790|1491, 29209850|1607, 29209850|1784, 29209910|1839, 29209910|2170, 29210286|2305, 29210346|2420, 29210476|2495, 29210476|2600, 29210664|2716, 29210726|2814, 29210848|2900, 29210848|3268, 29210968|3370, 29210968|4068, https://www.shodan.io, 
29211413|1, 29211413|197, 29211511|264, 29211511|840, 29213365|1102, 29214758|1324, 29216336|1478, 29217772|1619, 29217772|1762, 29217890|1854, 29217890|2310, 29218009|2390, 29219085|2528, 29219442|2650, 29219442|2755, 29219502|2813, 29219621|2906, 29219621|4022, https://www.bing.com, 
29220525|1, 29220525|828, 29223672|1151, 29224835|1267, 29225210|1397, 29226758|1501, 29226758|1645, 29226818|1727, 29226871|1820, 29226871|2358, 29228182|2500, 29228182|2584, 29228317|2671, 29228539|2776, 29228539|4033, https://www.bing.com, 
29229453|1, 29229453|1054, 29231687|1238, 29233993|1433, 29234368|1571, 29235959|1655, 29235959|1806, 29236019|1906, 29236077|1967, 29236077|2258, 29236137|2328, 29237212|2467, 29237450|2587, 29237612|2656, 29237672|2745, 29237732|2831, 29237732|3247, 29237809|3316, 29237849|3378, 29237849|4079, https://www.bing.com, 
29238700|1, 29238700|568, 29238756|699, 29238756|822, 29238886|1126, 29239068|1272, 29239068|1385, 29239128|1470, 29239128|1625, 29239188|1686, 29239188|1981, 29239243|2065, 29239243|2259, 29241653|2375, 29241753|2431, 29241753|2512, 29242023|2624, 29242083|2695, 29242083|2767, 29242143|2885, 29244438|2995, 29245184|3054, 29245439|3134, 29246357|3227, 29246409|3298, 29246409|3819, 29246469|3921, 29246469|4006, https://www.buaa.edu.cn, 
29247251|1, 29247251|180, 29247312|243, 29247373|384, 29247373|930, 29249275|1156, 29251108|1357, 29251108|1491, 29251168|1583, 29251368|1655, 29251368|1742, 29251428|1828, 29251428|1898, 29251481|1969, 29251481|2248, 29251536|2309, 29252835|2488, 29254126|2599, 29254166|2669, 29254166|2755, 29254226|2847, 29254226|3371, 29254281|3475, 29254281|3567, 29254467|3627, 29257304|3725, 29257574|3869, 29258978|3986, 29259038|4089, https://www.jianshu.com, 
29272839|1, 29272898|191, 29272957|294, 29272957|1010, 29273200|1141, 29273448|1294, 29273448|1490, 29273508|1572, 29273508|1718, 29273568|1821, 29273568|1908, 29273624|1970, 29273624|2253, 29273990|2408, 29274112|2519, 29274172|2606, 29274172|2767, 29274466|2884, 29274466|3070, 29274640|3158, 29275326|3295, 29275508|3365, 29275548|3450, 29275548|3545, 29276050|3622, 29276050|3794, 29276184|3895, 29276184|4045, https://www.yahoo.com, 
29316131|1, 29316131|280, 29316255|360, 29316255|746, 29316369|867, 29316369|1102, 29319813|1311, 29321369|1492, 29321511|1559, 29321675|1646, 29321779|1742, 29321779|1811, 29321839|1873, 29321839|2056, 29323287|2161, 29325352|2268, 29325352|2606, 29328469|2809, 29335040|2945, 29337292|3043, 29340377|3147, 29342929|3260, 29343977|3349, 29343977|3405, 29344650|3498, 29344650|3818, 29356576|3909, 29356688|4003, https://www.linkedin.com, 
29373595|1, 29373595|221, 29374859|344, 29374859|981, 29375961|1115, 29378819|1335, 29378819|1456, 29378879|1542, 29378879|1631, 29378997|1750, 29378997|2208, 29379754|2333, 29381809|2444, 29384257|2590, 29385749|2686, 29385809|2779, 29386638|2889, 29386879|3005, 29386879|4093, https://www.jd.com, 
29423781|1, 29423781|894, 29424224|1147, 29424224|1304, 29424280|1396, 29424340|1496, 29424340|1620, 29424400|1721, 29424400|2226, 29425608|2334, 29426441|2454, 29426441|2628, 29428775|2723, 29429045|2858, 29429045|2963, 29430503|3045, 29431244|3154, 29431400|3260, 29432094|3334, 29433099|3405, 29433267|3498, 29433319|3589, 29433319|4051, https://www.buaa.edu.cn, 
29434577|1, 29434577|122, 29434635|266, 29434635|938, 29434995|1208, 29436644|1384, 29436644|1569, 29436704|1657, 29436704|1810, 29436764|1880, 29436764|2073, 29440090|2168, 29441864|2267, 29447803|2382, 29451762|2484, 29453387|2576, 29453527|2729, 29457550|2852, 29460633|3002, 29463783|3132, 29466340|3254, 29469516|3348, 29469649|3418, 29469649|3508, 29469710|3591, 29469710|4056, http://blogs.360.cn, 
29472560|1, 29472560|319, 29472600|468, 29472600|891, 29472800|1091, 29473769|1236, 29474597|1394, 29474657|1498, 29474657|1720, 29474772|1807, 29474772|2069, 29478087|2199, 29481699|2284, 29486866|2378, 29490474|2481, 29490674|2601, 29492192|2684, 29495021|2830, 29499169|2938, 29499499|3010, 29503634|3150, 29506811|3252, 29506944|3309, 29506944|4020, http://blogs.360.cn, 
29509719|1, 29509911|140, 29509911|258, 29510029|339, 29510029|890, 29515202|1209, 29515202|1421, 29517366|1530, 29517366|1666, 29517426|1760, 29517426|2202, 29530977|2354, 29534194|2447, 29534194|2614, 29534254|2687, 29534254|4016, https://www.baidu.com, 
29571632|1, 29571632|903, 29571732|1096, 29572849|1297, 29575527|1462, 29575527|1627, 29575587|1722, 29575646|1794, 29575646|1854, 29575706|1962, 29575706|2053, 29576463|2153, 29579875|2271, 29581163|2385, 29582655|2474, 29582695|2573, 29583301|2698, 29583842|2805, 29583842|2880, 29583902|2939, 29583961|3028, 29584020|3120, 29584020|4011, https://www.jd.com, 
29621264|1, 29621264|1075, 29621516|1262, 29621571|1420, 29621571|1486, 29621631|1551, 29621631|1745, 29621691|1821, 29621691|2386, 29621808|2478, 29621868|2537, 29621929|2639, 29621985|2733, 29622045|2808, 29622045|3794, 29622173|3924, 29622173|4022, https://www.netflix.com, 
29622467|1, 29622467|150, 29622587|260, 29622587|1082, 29622837|1307, 29622894|1450, 29622954|1517, 29622954|1604, 29623132|1711, 29623949|1808, 29624830|1876, 29624886|1980, 29624886|2112, 29625066|2198, 29626524|2296, 29626966|2394, 29629380|2513, 29631803|2572, 29631883|2669, 29631943|2767, 29631943|3158, 29632747|3249, 29632787|3325, 29632787|4061, https://www.alipay.com, 
29633716|1, 29633716|189, 29633836|284, 29633836|879, 29635327|1082, 29637418|1255, 29637595|1404, 29637595|1499, 29637655|1573, 29637655|1702, 29637715|1790, 29637769|1877, 29637769|1947, 29638123|2095, 29639775|2225, 29639775|2300, 29641293|2380, 29645866|2543, 29647153|2745, 29648609|2838, 29648939|2951, 29649689|3041, 29649857|3126, 29649909|3188, 29649909|4073, https://www.douyin.com, 
29650566|1, 29650566|267, 29650662|397, 29650662|1039, 29650912|1223, 29650912|1355, 29650972|1464, 29650972|1532, 29651747|1609, 29652766|1711, 29652848|1802, 29652848|2193, 29653028|2267, 29654794|2383, 29656290|2484, 29659821|2595, 29659881|2669, 29659961|2774, 29660017|2876, 29660017|3264, 29660819|3354, 29660859|3420, 29660859|4092, https://www.alipay.com, 
29661842|1, 29661842|1064, 29661972|1251, 29662092|1399, 29662092|1503, 29662152|1629, 29662152|1733, 29662987|1822, 29663828|1901, 29664028|2015, 29664028|2147, 29664088|2249, 29665780|2380, 29667472|2495, 29668812|2609, 29671255|2679, 29671395|2791, 29671395|3266, 29672263|3326, 29672303|3415, 29672303|4044, https://www.alipay.com, 
29673054|1, 29673054|962, 29673414|1119, 29675063|1325, 29675063|1445, 29675123|1523, 29675123|1676, 29675183|1760, 29675183|1994, 29683565|2177, 29687526|2256, 29691885|2352, 29691885|2455, 29692085|2561, 29692085|2646, 29693732|2769, 29700589|2899, 29701000|2993, 29702955|3079, 29705203|3188, 29707123|3281, 29707256|3344, 29707256|4044, http://blogs.360.cn, 
29710531|1, 29710531|995, 29711197|1210, 29712581|1354, 29712700|1482, 29712700|1618, 29712760|1707, 29712760|1894, 29713248|2006, 29724767|2182, 29728635|2277, 29729065|2345, 29729265|2449, 29729265|2629, 29731674|2745, 29737946|2898, 29740034|3015, 29740591|3094, 29742282|3185, 29744202|3278, 29744335|3374, 29744335|3441, 29744389|3522, 29744389|4019, http://blogs.360.cn, 
29747357|1, 29747357|900, 29749231|1019, 29750136|1197, 29750136|1295, 29752005|1390, 29752122|1489, 29752122|1588, 29753202|1654, 29753322|1748, 29753322|1990, 29753381|2057, 29763695|2194, 29767221|2317, 29767221|2394, 29767281|2451, 29767281|2614, 29767341|2689, 29767401|4005, https://www.baidu.com, 
29807057|1, 29807057|1039, 29810076|1255, 29811785|1382, 29811845|1494, 29811845|1547, 29815969|1642, 29816029|1732, 29816029|1810, 29816089|1877, 29816089|2183, 29824025|2292, 29836540|2439, 29836640|2521, 29836640|2658, 29836700|2748, 29836700|3654, 29836815|3756, 29836815|4072, https://www.baidu.com, 
29873833|1, 29873833|260, 29873949|372, 29873949|989, 29875953|1227, 29878381|1407, 29878690|1522, 29880026|1603, 29880026|1777, 29880086|1838, 29880086|2190, 29880140|2274, 29880597|2403, 29881274|2547, 29881512|2625, 29881674|2720, 29881734|2819, 29881734|4031, https://www.bing.com, 
29882584|1, 29882584|989, 29884664|1189, 29887884|1350, 29887884|1527, 29889060|1618, 29889980|1720, 29890040|1791, 29890040|1866, 29890093|1979, 29890093|2200, 29901831|2340, 29902635|2453, 29902635|2519, 29902695|2589, 29902695|2771, 29902755|2842, 29902755|4076, https://www.baidu.com, 
29940809|1, 29940809|180, 29940871|258, 29940871|1042, 29941916|1260, 29942573|1393, 29942693|1473, 29943969|1579, 29944921|1682, 29946630|1744, 29946690|1833, 29946690|1934, 29946765|2022, 29946765|2102, 29946881|2221, 29947418|2351, 29947418|2483, 29947478|2591, 29947478|2679, 29947538|2746, 29947595|2827, 29947595|3008, 29950244|3134, 29955776|3277, 29960531|3445, 29961802|3537, 29962100|3607, 29967284|3726, 29968166|3830, 29968704|3924, 29968808|3992, 29968808|4066, https://world.taobao.com, 
29974918|1, 29974918|204, 29974979|296, 29975040|430, 29975040|973, 29975400|1178, 29975652|1354, 29975652|1458, 29975712|1544, 29975712|1703, 29975772|1793, 29975772|2360, 29975942|2461, 29976002|2516, 29976002|2685, 29976115|2777, 29976115|2904, 29976174|3009, 29976174|4009, https://www.netflix.com, 
29977610|1, 29977610|309, 29977734|414, 29977734|489, 29977794|574, 29977794|1070, 29979676|1262, 29981635|1459, 29981903|1648, 29981903|1817, 29982021|1902, 29982021|2249, 29982203|2322, 29982203|2410, 29982719|2521, 29982897|2629, 29982897|2798, 29983749|2957, 29988223|3098, 29992077|3224, 29996770|3348, 29999832|3447, 30000445|3517, 30001555|3602, 30002176|3692, 30002228|3790, 30002228|3849, 30002384|3939, 30002562|4040, https://www.linkedin.com, 
30028658|1, 30028658|299, 30028716|373, 30028716|941, 30030841|1228, 30032815|1403, 30034873|1544, 30035451|1682, 30036483|1796, 30036483|1887, 30036543|1991, 30036601|2094, 30036660|2221, 30036660|2400, 30037711|2485, 30037846|2627, 30038246|2746, 30038246|2892, 30038306|2990, 30038306|4041, https://www.bing.com, 
30039256|1, 30039256|938, 30041215|1130, 30043425|1352, 30045782|1515, 30045842|1576, 30046505|1662, 30046505|1743, 30046565|1825, 30046565|2276, 30047555|2396, 30047635|2528, 30047873|2608, 30048035|2698, 30048035|2786, 30048095|2837, 30048095|4046, https://www.bing.com, 
30049056|1, 30049056|243, 30049230|341, 30049230|936, 30051431|1278, 30055249|1464, 30055436|1529, 30055639|1639, 30055639|1796, 30055699|1857, 30055699|2068, 30059578|2199, 30068510|2320, 30068701|2411, 30068761|2531, 30069358|2596, 30069418|2659, 30069418|2748, 30072051|2842, 30073471|2917, 30074370|2994, 30074670|3091, 30075671|3196, 30077450|3264, 30079185|3343, 30079185|3792, 30079677|3900, 30079875|4061, https://www.apple.com, 
30084399|1, 30084399|206, 30084459|310, 30084459|841, 30084514|1013, 30085595|1187, 30086530|1338, 30086530|1398, 30086852|1500, 30087627|1621, 30087807|1680, 30088646|1762, 30088728|1860, 30088786|1973, 30088966|2041, 30088966|2224, 30091459|2325, 30095560|2416, 30095782|2539, 30095782|2671, 30095842|2735, 30095842|3017, 30096499|3078, 30096754|3171, 30097475|3262, 30097515|3328, 30097515|4007, https://www.alipay.com, 
30098265|1, 30098265|191, 30098490|263, 30098490|1015, 30098714|1152, 30102112|1330, 30104007|1450, 30104306|1546, 30104449|1640, 30104449|1778, 30104509|1870, 30104509|2027, 30108129|2159, 30113797|2314, 30113927|2404, 30114039|2467, 30114956|2558, 30116661|2648, 30118112|2741, 30119696|2811, 30123001|2917, 30123001|3071, 30124340|3141, 30127516|3251, 30127516|3843, 30128012|3958, 30128210|4062, https://www.apple.com, 
30133597|1, 30133597|443, 30133727|562, 30133727|846, 30135689|1131, 30138457|1349, 30139739|1460, 30139739|1518, 30139799|1594, 30139942|1705, 30140002|1782, 30140002|1952, 30142270|2115, 30144090|2211, 30152786|2344, 30153092|2453, 30153749|2546, 30153749|2607, 30154352|2683, 30155351|2765, 30159004|2866, 30159044|2922, 30159044|3156, 30160522|3228, 30163472|3317, 30163611|3417, 30163611|4004, https://www.apple.com, 
30169426|1, 30169426|503, 30169485|626, 30169485|710, 30169538|874, 30169538|1045, 30172147|1205, 30172895|1319, 30174498|1460, 30176309|1552, 30177436|1619, 30177436|1730, 30177496|1834, 30177496|1995, 30178092|2169, 30178092|2456, 30178152|2548, 30178152|2680, 30178212|2759, 30178390|2866, 30182513|3023, 30186357|3157, 30189048|3280, 30189390|3354, 30191892|3420, 30195014|3537, 30195879|3619, 30196577|3695, 30196633|3751, 30196681|3839, 30197505|3939, 30197505|4021, https://world.taobao.com, 
30202870|1, 30202870|895, 30204544|1130, 30207988|1339, 30208872|1457, 30208976|1526, 30209179|1619, 30209179|1762, 30209239|1836, 30209239|1935, 30209300|2075, 30209300|2226, 30209360|2329, 30209360|2409, 30209542|2536, 30214835|2714, 30217617|2826, 30219353|2907, 30224681|3014, 30226216|3100, 30226268|3158, 30226268|3227, 30226953|3326, 30226953|3465, 30227161|3552, 30227339|3643, 30240279|3727, 30240279|3784, 30241150|3856, 30241150|4019, https://www.linkedin.com, 
30253576|1, 30253576|154, 30253634|236, 30253634|972, 30254124|1085, 30256748|1243, 30257527|1397, 30257587|1456, 30257587|1528, 30257784|1633, 30257844|1699, 30257844|1849, 30265141|2006, 30269671|2096, 30273270|2186, 30273512|2273, 30273652|2376, 30273712|2468, 30273820|2572, 30279906|2717, 30282485|2794, 30283893|2887, 30284284|2979, 30284284|3066, 30284675|3119, 30284675|3184, 30285066|3272, 30286705|3373, 30289308|3438, 30289657|3497, 30289765|3614, 30289765|3805, 30290515|3888, 30290739|4001, http://blogs.360.cn, 
30293721|1, 30293721|177, 30293839|322, 30293839|952, 30294918|1158, 30295913|1312, 30295973|1404, 30296116|1473, 30296116|1531, 30296176|1617, 30296176|1900, 30296236|2001, 30296236|2230, 30296297|2326, 30296357|2391, 30296357|2473, 30297021|2608, 30297021|2759, 30297082|2823, 30297082|2998, 30297200|3082, 30297200|3552, 30297260|3659, 30297260|3832, 30297666|3925, 30297800|4019, https://www.yahoo.com, 
30317875|1, 30317875|216, 30317999|337, 30317999|1092, 30320966|1320, 30323606|1470, 30323606|1535, 30324017|1646, 30324017|1811, 30324077|1869, 30324077|2240, 30324130|2337, 30324130|2536, 30324419|2682, 30327287|2818, 30328440|2934, 30330739|3010, 30337044|3142, 30341220|3254, 30341845|3332, 30341845|3409, 30342799|3505, 30343420|3603, 30343420|3670, 30343688|3751, 30356264|3856, 30357167|3965, 30357926|4042, https://www.linkedin.com, 
30370802|1, 30370864|150, 30370926|255, 30370926|905, 30371913|1125, 30375578|1288, 30376656|1392, 30378637|1506, 30378637|1633, 30378753|1733, 30378753|2016, 30379291|2142, 30379349|2238, 30379460|2296, 30379460|2379, 30379520|2473, 30379520|2596, 30379580|2684, 30379580|2773, 30379720|2853, 30381648|2990, 30390827|3242, 30395327|3384, 30398961|3456, 30400046|3535, 30400931|3633, 30402762|3735, 30404129|3830, 30404374|3910, 30404558|4003, https://world.taobao.com, 
30410878|1, 30410878|1178, 30411957|1360, 30412944|1525, 30412944|1618, 30413004|1711, 30413202|1808, 30413262|1872, 30413262|2078, 30413378|2170, 30413378|2229, 30413548|2319, 30413548|2421, 30414325|2595, 30414385|2659, 30414385|2850, 30414445|2950, 30414445|3252, 30415675|3372, 30415929|3461, 30415994|3578, 30416128|3705, 30416186|3813, 30416246|3898, 30416246|4039, https://www.yahoo.com, 
30448574|1, 30448574|203, 30448686|276, 30449262|393, 30449302|485, 30449302|886, 30451721|1249, 30454848|1410, 30454983|1494, 30455245|1608, 30455245|1718, 30455305|1784, 30455305|2111, 30456166|2226, 30459297|2349, 30460489|2494, 30462193|2585, 30462680|2743, 30465144|2878, 30465184|2970, 30465184|3031, 30465760|3145, 30465760|3410, 30465840|3511, 30465840|4088, https://www.jd.com, 
30508231|1, 30508231|338, 30508351|477, 30508351|1106, 30510065|1329, 30513738|1551, 30513925|1688, 30514128|1815, 30514128|1883, 30514188|1993, 30514188|2238, 30514248|2338, 30514582|2453, 30514582|2671, 30518166|2861, 30519992|2961, 30520265|3059, 30520322|3199, 30523773|3383, 30524935|3526, 30525138|3606, 30525944|3744, 30525996|3848, 30525996|4010, https://www.douyin.com, 
30527288|1, 30527288|317, 30527346|405, 30527346|1072, 30530429|1305, 30532792|1461, 30532792|1545, 30532995|1654, 30532995|1755, 30533055|1847, 30533055|2337, 30533115|2466, 30535114|2604, 30537584|2738, 30541472|2924, 30544007|3160, 30545307|3329, 30545359|3413, 30545359|4031, https://www.douyin.com, 
30546253|1, 30546253|1140, 30547488|1363, 30548267|1490, 30548319|1561, 30548470|1680, 30548530|1808, 30548645|1919, 30548645|2233, 30548700|2318, 30548700|2549, 30548760|2657, 30548760|2726, 30548820|2810, 30548820|3339, 30549056|3496, 30549542|3589, 30549542|3748, 30549602|3850, 30549602|4073, https://www.yahoo.com, 
30555636|1, 30555636|145, 30555762|277, 30555762|1174, 30557076|1332, 30558675|1579, 30561164|1746, 30561424|1876, 30561424|1945, 30561542|2056, 30561542|2430, 30561599|2536, 30561599|2741, 30565370|2873, 30572863|2989, 30576091|3094, 30576551|3184, 30576551|3437, 30577947|3542, 30578277|3629, 30579252|3745, 30579304|3869, 30579304|4039, https://www.pinduoduo.com, 
30580592|1, 30580592|248, 30580651|375, 30580651|777, 30582575|1111, 30586790|1379, 30587128|1468, 30587634|1583, 30591402|1728, 30591462|1797, 30591462|2192, 30591522|2271, 30591522|2435, 30602413|2603, 30606411|2701, 30606411|2794, 30606471|2900, 30606471|4027, https://www.baidu.com, 
30642770|1, 30642770|253, 30642886|414, 30642886|752, 30642946|1055, 30648073|1392, 30649054|1543, 30650049|1696, 30650142|1812, 30650261|1892, 30650261|2557, 30650321|2658, 30651317|2773, 30651457|2901, 30651754|3008, 30651754|4065, https://www.bing.com, 
30652894|1, 30652894|206, 30653010|308, 30653010|953, 30653070|1086, 30656195|1375, 30657034|1532, 30657094|1611, 30657094|1693, 30657249|1787, 30657309|1863, 30657309|2038, 30665085|2179, 30668776|2258, 30673456|2366, 30673456|2457, 30673596|2561, 30673656|2623, 30673656|2718, 30677727|2844, 30681887|2946, 30683613|3036, 30685788|3144, 30686230|3250, 30687869|3320, 30687933|3386, 30690743|3483, 30690928|3599, 30690928|4062, http://blogs.360.cn, 
30693956|1, 30693956|294, 30694076|372, 30694076|1103, 30694476|1289, 30695422|1445, 30696201|1538, 30696261|1631, 30696404|1744, 30696642|1824, 30697359|1905, 30698280|2018, 30698280|2119, 30699057|2196, 30700110|2307, 30700405|2421, 30701999|2521, 30705138|2601, 30705218|2723, 30705218|2806, 30705278|2877, 30705278|3111, 30706088|3196, 30706088|3262, 30706181|3339, 30706181|4013, https://www.alipay.com, 
30707137|1, 30707137|1069, 30708318|1228, 30709954|1339, 30711903|1460, 30713084|1554, 30713084|1753, 30714839|1857, 30714879|1919, 30715470|2000, 30715708|2154, 30716365|2278, 30716422|2336, 30716422|2495, 30716482|2572, 30716482|2700, 30716542|2778, 30716542|2993, 30718734|3183, 30728458|3413, 30730946|3517, 30735164|3608, 30737134|3718, 30738428|3791, 30740263|3880, 30741301|4086, https://world.taobao.com, 
30747099|1, 30747099|1105, 30747811|1328, 30749753|1533, 30751868|1701, 30753171|1830, 30754769|1934, 30754955|1994, 30755015|2079, 30755015|2269, 30755071|2328, 30755347|2432, 30755943|2598, 30755943|2702, 30756003|2768, 30756003|2941, 30756063|3030, 30756063|3252, 30759907|3425, 30762269|3590, 30766090|3711, 30769209|3817, 30772233|3914, 30773250|3982, 30774870|4073, https://world.taobao.com, 
30784608|1, 30784608|949, 30786162|1130, 30789119|1325, 30789978|1469, 30790038|1561, 30790038|1689, 30790309|1786, 30790309|2005, 30790658|2128, 30795653|2261, 30795730|2349, 30795926|2437, 30797643|2578, 30799483|2744, 30800250|2854, 30800250|2911, 30801510|3015, 30801562|3114, 30801698|3202, 30801698|4028, https://www.douyin.com, 
30802680|1, 30802680|747, 30802738|834, 30802738|997, 30804182|1164, 30806711|1371, 30808275|1483, 30808634|1611, 30808634|1828, 30808694|1931, 30808694|2164, 30809260|2293, 30816161|2411, 30820273|2475, 30822921|2560, 30823161|2695, 30823161|2781, 30823221|2846, 30823902|2954, 30824752|3050, 30824895|3109, 30825645|3187, 30825813|3288, 30825865|3387, 30825865|3830, 30825920|3925, 30825920|4008, https://www.pinduoduo.com, 
30827112|1, 30827112|732, 30828956|1032, 30832342|1260, 30832422|1349, 30832625|1406, 30832625|1567, 30832685|1646, 30832685|2126, 30834691|2221, 30836349|2311, 30839925|2403, 30842201|2525, 30842982|2665, 30843697|2752, 30844725|2885, 30844893|2987, 30844945|3070, 30845003|4077, https://www.douyin.com, 
30846023|1, 30846136|196, 30846194|260, 30846194|1054, 30846324|1204, 30847613|1374, 30848392|1512, 30848452|1588, 30848595|1680, 30848773|1764, 30849430|1826, 30850271|1904, 30850471|2001, 30850471|2093, 30850651|2173, 30852307|2294, 30854195|2439, 30854911|2512, 30857414|2598, 30857506|2698, 30857506|2781, 30857566|2835, 30857566|3179, 30858370|3264, 30858410|3347, 30858410|4054, https://www.alipay.com, 
30859309|1, 30859309|590, 30859370|758, 30862281|1049, 30863626|1184, 30864830|1374, 30864830|1535, 30864890|1639, 30864890|1737, 30865045|1842, 30865045|1988, 30870809|2133, 30876123|2223, 30879697|2334, 30879855|2467, 30879855|2546, 30880596|2629, 30881446|2728, 30881641|2810, 30882391|2862, 30882618|2943, 30882670|3035, 30882670|4009, https://www.pinduoduo.com, 
30884069|1, 30884069|1097, 30884269|1218, 30887195|1442, 30888029|1594, 30888089|1657, 30888287|1731, 30888287|1832, 30888347|1915, 30888347|1974, 30892091|2074, 30900106|2196, 30903671|2286, 30904767|2344, 30904767|2423, 30904907|2546, 30904967|2643, 30906556|2748, 30912673|2862, 30915040|2968, 30915100|3038, 30917985|3125, 30919956|3221, 30920089|3300, 30920147|3374, 30920147|4025, http://blogs.360.cn, 
30924288|1, 30924288|232, 30924350|343, 30924350|715, 30924528|939, 30926350|1184, 30927875|1283, 30929238|1424, 30931110|1520, 30932095|1584, 30932095|1652, 30932230|1749, 30932230|2107, 30932826|2234, 30932826|2367, 30932946|2458, 30932946|2660, 30933066|2749, 30933066|2958, 30937257|3169, 30942107|3337, 30944016|3421, 30945616|3516, 30949710|3626, 30953021|3728, 30954249|3802, 30954305|3892, 30954473|3999, 30955458|4096, https://world.taobao.com, 
30962666|1, 30962706|101, 30962706|809, 30962758|1063, 30964457|1224, 30966412|1352, 30968028|1448, 30968231|1551, 30968231|1754, 30968291|1839, 30968291|2172, 30969630|2294, 30974370|2362, 30980514|2451, 30983130|2570, 30983130|2716, 30983190|2812, 30984027|2926, 30984825|2996, 30984916|3068, 30985834|3157, 30985886|3241, 30985886|4063, https://www.pinduoduo.com, 
30987121|1, 30987121|374, 30987176|493, 30987176|960, 30989384|1144, 30991605|1229, 30992577|1397, 30992884|1490, 30992884|1610, 30992944|1701, 30992944|2048, 30993194|2180, 30998703|2283, 31004002|2362, 31007610|2474, 31007650|2633, 31007710|2736, 31009106|2853, 31009436|2952, 31010186|3014, 31010354|3089, 31010406|3178, 31010406|4031, https://www.pinduoduo.com, 
31011691|1, 31011691|820, 31011811|1042, 31013264|1215, 31016051|1361, 31017075|1464, 31017278|1572, 31017278|1702, 31017338|1790, 31017338|2111, 31022618|2230, 31028357|2328, 31031365|2393, 31031825|2514, 31031885|2617, 31031885|2705, 31031997|2781, 31033365|2893, 31033643|2984, 31034393|3065, 31034561|3127, 31034613|3215, 31034613|4059, https://www.pinduoduo.com, 
