1396|1, 1396|1757, 1616|1759, 1616|1869, 1744|1872, 1744|1875, 1748|1878, 1748|1889, 1676|1891, 1676|1903, 1736|1905, 1736|2322, 3056|2339, 1736|2342, 1736|2854, 2000|2871, 2000|2875, 1928|2880, 1816|2889, 1816|2896, 1832|2898, 1832|3865, 1836|3867, 1836|3886, 1840|3889, 1840|4005, com.android.chrome, 
1396|1, 1396|1795, 1400|1797, 1400|4001, com.skype.raider, 
1396|1, 1396|1777, 1404|1787, 1404|2798, 1400|2800, 1400|4005, com.google.android.deskclock, 
1396|1, 1396|1807, 1404|1814, 1404|1816, 1396|1817, 1396|1840, 1400|1842, 1400|2813, 1404|2814, 1404|2833, 1396|2835, 1396|4001, com.google.android.apps.photos, 
1396|1, 1396|1908, 1392|1913, 1392|1929, 1400|1931, 1400|4001, com.facebook.katana, 
1396|1, 1396|1951, 1392|1954, 1392|1962, 1396|1964, 1396|4001, com.antutu.ABenchMark, 
1264|1, 1264|1059, 1268|1067, 1268|1069, 1264|1074, 1264|3053, 1260|3059, 1260|3069, 1256|3070, 1256|3074, 1268|3076, 1268|4001, com.paypal.android.p2pmobile, 
1264|1, 1264|144, 1260|153, 1260|157, 1264|159, 1264|2141, 1268|2168, 1268|3243, 1264|3269, 1264|4010, com.google.android.apps.photos, 
1392|1, 1392|1498, 1612|1499, 1612|2012, 1608|2015, 1608|2272, 1540|2283, 1540|2565, 1760|2566, 1760|2582, 1540|2586, 1540|3272, 1508|3280, 1496|3282, 1524|3286, 1524|4001, com.ted.android, 
1392|1, 1392|1284, 1396|1289, 1396|1294, 1392|1303, 1392|3285, 1396|3288, 1396|3295, 1400|3297, 1400|3305, 1396|3308, 1396|4001, com.paypal.android.p2pmobile, 
1392|1, 1392|1384, 1532|1385, 1532|1389, 1540|1402, 1540|1673, 1760|1676, 1760|1710, 1980|1714, 1980|1780, 2200|1823, 2200|1857, 2420|1885, 2420|1895, 2640|1918, 3300|1928, 3300|1929, 3080|1947, 3080|2152, 3520|2154, 3960|2179, 3960|2264, 4180|2265, 4180|2380, 4068|2382, 4068|2400, 4052|2402, 4052|2740, 3612|2748, 3612|3384, 3540|3398, 3572|3413, 3572|4019, com.sometimeswefly.littlealchemy, 
1392|1, 1392|1364, 1396|1367, 1396|4231, com.facebook.katana, 
1392|1, 1392|2412, 1396|2414, 1396|4002, com.instagram.android, 
1392|1, 1392|1297, 1520|1304, 1520|1305, 1528|1327, 1528|1715, 1748|1717, 1748|1754, 1968|1756, 1968|1758, 2188|1788, 2188|1879, 2408|1907, 2408|1925, 2848|1926, 3068|1928, 3068|2198, 3288|2204, 3288|2207, 3728|2209, 3948|2237, 3948|2259, 4168|2261, 4168|2275, 4024|2294, 4024|2309, 4092|2312, 4092|2769, 3652|2777, 3652|3275, 3544|3291, 3544|3318, 3592|3330, 3564|3344, 3564|4001, com.sometimeswefly.littlealchemy, 
1392|1, 1392|1273, 1396|1274, 1396|1284, 1392|1285, 1392|2273, 1396|2280, 1396|4013, com.antutu.ABenchMark, 
1264|1, 1264|1225, 1268|1227, 1268|1244, 1272|1247, 1272|1255, 1268|1256, 1268|4001, com.tripadvisor.tripadvisor, 
1264|1, 1264|1306, 1260|1308, 1260|1321, 1264|1329, 1264|2153, 1484|2162, 1484|2271, 1704|2273, 2804|2281, 2584|2283, 2584|2285, 1704|2289, 1704|2304, 1680|2312, 1684|2321, 1760|2328, 1760|3229, 1784|3242, 1784|3310, 1804|3317, 1872|3319, 1872|4001, com.android.chrome, 
1264|1, 1264|1335, 1260|1340, 1260|1357, 1264|1359, 1264|2326, 1396|2330, 1396|2340, 1392|2342, 1392|2351, 1404|2356, 1396|2362, 1396|2744, 1616|2746, 1616|3048, 1396|3050, 1396|3208, 1440|3395, 1440|4008, com.lenovo.anyshare.gps, 
1264|1, 1264|1394, 1392|1410, 1392|1412, 1388|1424, 1392|1435, 1392|2204, 1612|2206, 1392|2218, 1392|2383, 1408|2405, 1400|2418, 1396|2428, 1396|4008, com.ted.android, 
1264|1, 1264|1443, 1272|1447, 1272|2446, 1284|2449, 1284|2582, 1272|2593, 1272|4005, com.google.android.deskclock, 
1264|1, 1264|2465, 1260|2467, 1260|2484, 1264|2490, 1264|2496, 1268|2498, 1268|4006, com.sololearn.cplusplus, 
1264|1, 1264|1422, 1256|1423, 1256|1441, 1264|1443, 1264|2005, 1484|2010, 1484|2252, 1704|2272, 1704|2421, 1792|2422, 1700|2450, 1700|2528, 1480|2539, 1480|2761, 1260|2762, 1260|2923, 1480|2942, 1480|3156, 1700|3158, 1700|3166, 1480|3197, 1480|3406, 1552|3408, 1552|3421, 1600|3432, 1460|3440, 1460|3625, 1680|3627, 1680|3633, 1460|3635, 1460|4001, com.lenovo.anyshare.gps, 
1264|1, 1264|1478, 1272|1480, 1272|2490, 1268|2507, 1268|4001, com.tripadvisor.tripadvisor, 
1264|1, 1264|1494, 1292|1503, 1292|1505, 1392|1507, 1392|2228, 1612|2233, 1612|2254, 1392|2256, 1392|2478, 1376|2481, 1376|2485, 1396|2492, 1396|4001, com.ted.android, 
1264|1, 1264|1489, 1412|1503, 1412|1719, 1632|1730, 1632|1788, 1852|1791, 1852|1921, 2292|1922, 2292|1937, 3172|1949, 3172|1998, 2952|2002, 2952|2220, 3172|2225, 3172|2240, 3392|2241, 3392|2257, 4492|2259, 4932|2261, 4932|2370, 5152|2372, 5152|2460, 5024|2462, 5024|2474, 4956|2476, 4932|2489, 4932|2702, 4492|2710, 4492|3470, 4568|3472, 4568|3486, 4444|3489, 4444|4004, com.sometimeswefly.littlealchemy, 
1264|1, 1264|1405, 1256|1416, 1260|1418, 1260|1432, 1264|1434, 1264|2388, 1268|2394, 1268|2409, 1276|2414, 1276|2423, 1268|2425, 1268|3407, 1272|3409, 1272|3418, 1268|3420, 1268|4001, com.dropbox.android, 
1264|1, 1264|1507, 1260|1527, 1260|1542, 1264|1544, 1264|2516, 1268|2518, 1268|4002, com.instagram.android, 
1264|1, 1264|1398, 1412|1415, 1412|1710, 1632|1723, 1632|1774, 1852|1795, 1852|1919, 2292|1927, 2292|1932, 2952|1948, 2952|2159, 3172|2176, 3392|2178, 3392|2191, 3832|2197, 3832|2361, 3896|2395, 3924|2397, 3924|2719, 3484|2721, 3484|3393, 3508|3395, 3508|3441, 3444|3454, 3444|4011, com.sometimeswefly.littlealchemy, 
1264|1, 1264|2394, 1268|2397, 1268|4004, com.instagram.android, 
1264|1, 1264|1462, 1268|1463, 1264|1490, 1264|2454, 1268|2480, 1268|4001, com.whatsapp, 
1264|1, 1264|235, 1260|237, 1260|259, 1264|261, 1264|2124, 1484|2125, 1484|2180, 1704|2187, 1704|2228, 1644|2236, 1616|2239, 1616|2247, 1628|2249, 1628|2255, 1696|2259, 1696|2711, 1476|2712, 1476|3218, 1500|3240, 1436|3256, 1648|3258, 1648|3368, 1428|3370, 1428|3487, 1648|3489, 1648|3758, 1428|3764, 1428|4002, com.lenovo.anyshare.gps, 
1264|1, 1264|2305, 1268|2339, 1264|2356, 1264|3316, 1268|3317, 1268|4002, com.dropbox.android, 
1264|1, 1264|1411, 1268|1419, 1268|3390, 1352|3392, 1352|3410, 1268|3412, 1268|4004, com.skype.raider, 
1264|1, 1264|1487, 1268|1489, 1268|4004, com.skype.raider, 
1264|1, 1264|1436, 1268|1442, 1268|4001, com.skype.raider, 
1264|1, 1264|1488, 1268|1495, 1268|1504, 1264|1508, 1264|2512, 1268|2514, 1268|4001, com.whatsapp, 
1264|1, 1264|1314, 1260|1316, 1260|1322, 1264|1324, 1264|2304, 1276|2313, 1272|2314, 1272|2325, 1268|2329, 1268|2331, 1384|2337, 1384|2392, 1604|2405, 1604|2813, 1384|2832, 1384|3197, 1448|3356, 1448|3396, 1668|3397, 1668|3427, 1448|3428, 1448|3615, 1668|3625, 1668|3661, 1448|3663, 1448|4002, com.lenovo.anyshare.gps, 
1264|1, 1264|1208, 1260|1233, 1264|1235, 1264|3206, 1268|3228, 1268|4002, com.paypal.android.p2pmobile, 
1264|1, 1264|1284, 1260|1286, 1260|1295, 1264|1297, 1264|2302, 1268|2305, 1268|4001, com.facebook.katana, 
1264|1, 1264|1236, 1260|1243, 1260|1262, 1264|1264, 1264|3227, 1256|3231, 1256|3239, 1268|3245, 1268|4001, com.paypal.android.p2pmobile, 
1264|1, 1264|1319, 1392|1327, 1392|1852, 1832|1853, 1832|1923, 2052|1930, 2052|1950, 1832|1966, 1832|2042, 2052|2043, 2052|2076, 2932|2078, 2932|2317, 2892|2323, 2900|2352, 2900|2373, 3120|2391, 3120|2393, 3340|2408, 4000|2410, 4000|3008, 3340|3010, 3340|3310, 3364|3312, 3440|3335, 3440|4003, com.sometimeswefly.littlealchemy, 
1264|1, 1264|1791, 1484|1813, 1484|2272, 1380|2285, 1380|2303, 1584|2309, 1584|2411, 1804|2415, 2904|2417, 3124|2418, 3124|2424, 1804|2426, 1804|3287, 1892|3293, 1892|3299, 1872|3302, 1872|4001, com.android.chrome, 
1264|1, 1264|1173, 1260|1174, 1260|1176, 1264|1183, 1264|2186, 1396|2189, 1396|3157, 1400|3167, 1400|3175, 1396|3177, 1396|4003, com.cnn.mobile.android.phone, 
1264|1, 1264|1883, 1484|1889, 1484|1912, 1704|1914, 1704|2018, 1708|2035, 1708|2038, 1824|2040, 1824|2248, 1384|2257, 1384|2556, 1604|2571, 1604|2589, 1384|2590, 1384|3048, 1460|3049, 1540|3056, 1540|3144, 1544|3147, 1544|3173, 1448|3183, 1448|3211, 1596|3224, 1448|3230, 1448|3255, 1596|3257, 1596|3954, 1816|3956, 1816|3996, 2036|3997, 2036|4002, com.csst.ecdict, 
1264|1, 1264|2101, 1268|2103, 1268|2106, 1272|2115, 1272|2116, 1264|2118, 1264|3106, 1268|3115, 1268|3120, 1272|3121, 1272|3703, 1268|3705, 1268|4001, com.dropbox.android, 
1264|1, 1264|1137, 1260|1141, 1260|1146, 1264|1151, 1264|2145, 1268|2149, 1268|4002, at.DiTronic.androidgroup.randomgallery, 
1264|1, 1264|2269, 1268|2272, 1268|3253, 1264|3255, 1264|3277, 1268|3279, 1268|3333, 1264|3342, 1264|4011, com.google.android.apps.photos, 
1264|1, 1264|1358, 1260|1363, 1260|1367, 1264|1372, 1264|2375, 1268|2378, 1268|3358, 1396|3360, 1396|4001, com.antutu.ABenchMark, 
1264|1, 1264|3378, 1268|3387, 1268|4012, com.dropbox.android, 
1264|1, 1264|2458, 1268|2460, 1268|2671, 1488|2673, 1488|3438, 1396|3439, 1396|4001, com.antutu.ABenchMark, 
1264|1, 1264|530, 1260|533, 1260|595, 1264|606, 1264|1575, 1392|1581, 1392|1589, 1396|1623, 1396|1896, 1616|1898, 1616|2198, 1396|2210, 1396|2598, 1348|2613, 1348|2615, 1448|2625, 1448|3214, 1228|3223, 1228|3402, 1320|3704, 1452|3729, 1448|3731, 1448|3793, 1596|3796, 1744|3797, 1744|3975, 1964|3976, 2036|4001, com.csst.ecdict, 
1264|1, 1264|1540, 1268|1543, 1268|1551, 1264|1556, 1264|2528, 1268|2530, 1268|2547, 1272|2550, 1272|3162, 1268|3165, 1268|4001, com.dropbox.android, 
1264|1, 1264|1591, 1268|1593, 1268|1603, 1296|1605, 1296|1615, 1300|1620, 1300|2582, 1260|2585, 1260|2591, 1296|2593, 1296|2601, 1260|2603, 1260|2611, 1264|2612, 1264|3074, 1484|3079, 1484|3589, 1384|3591, 1408|3593, 1408|3604, 1424|3619, 1424|4076, com.booking, 
1264|1, 1264|1639, 1260|1656, 1260|1664, 1268|1666, 1268|4001, at.DiTronic.androidgroup.randomgallery, 
1264|1, 1264|1698, 1256|1706, 1252|1714, 1252|1721, 1264|1723, 1264|2597, 1484|2599, 1484|2601, 1704|2602, 1704|2617, 1484|2622, 1484|2703, 1448|2705, 1448|2711, 1444|2713, 1444|2728, 1396|2730, 1396|4198, com.ted.android, 
1264|1, 1264|1505, 1268|1507, 1268|1523, 1272|1525, 1272|4001, com.google.android.deskclock, 
1264|1, 1264|1575, 1260|1577, 1260|1581, 1268|1582, 1268|4001, at.DiTronic.androidgroup.randomgallery, 
1264|1, 1264|1624, 1260|1626, 1260|2623, 1268|2629, 1268|2633, 1272|2635, 1272|3627, 1268|3634, 1268|3657, 1264|3669, 1264|4005, com.google.android.apps.photos, 
1264|1, 1264|1367, 1484|1370, 1484|1452, 1704|1454, 1704|1655, 1800|1657, 1800|1665, 1796|1667, 1796|1674, 1812|1676, 1812|1922, 2032|1924, 2032|2012, 2252|2013, 2252|2453, 2340|2455, 2340|2664, 2444|2666, 2444|2674, 2440|2677, 2440|2678, 2416|2681, 2416|4001, com.isis_papyrus.raiffeisen_pay_eyewdg, 
1264|1, 1264|2535, 1388|2540, 1388|2549, 1380|2551, 1380|2557, 1612|2567, 1612|2569, 1696|2571, 1696|3016, 1476|3022, 1476|3541, 1416|3545, 1416|3549, 1428|3551, 1428|3568, 1444|3570, 1444|3700, 1664|3708, 1664|3772, 1444|3774, 1444|4003, com.lenovo.anyshare.gps, 
1264|1, 1264|1367, 1260|1369, 1264|1374, 1264|2364, 1260|2366, 1268|2389, 1268|4007, com.sololearn.cplusplus, 
1264|1, 1264|1356, 1268|1358, 1268|1361, 1264|1363, 1264|2341, 1392|2342, 1392|2365, 1396|2372, 1396|3351, 1392|3354, 1392|3361, 1396|3363, 1396|4001, com.cnn.mobile.android.phone, 
1328|1, 1328|319, 1264|321, 1264|1299, 1268|1300, 1268|1302, 1264|1317, 1264|2300, 1268|2305, 1268|2308, 1272|2311, 1272|2312, 1268|2321, 1268|3289, 1272|3291, 1272|3313, 1396|3315, 1396|4001, com.antutu.ABenchMark, 
1264|1, 1264|3202, 1260|3203, 1260|3384, 1268|3389, 1268|4005, com.dropbox.android, 
1264|1, 1264|1314, 1260|1316, 1264|1323, 1264|2302, 1268|2305, 1268|2634, 1488|2641, 1488|3305, 1396|3311, 1396|4003, com.antutu.ABenchMark, 
1264|1, 1264|1360, 1268|1363, 1268|1367, 1264|1370, 1264|2344, 1256|2346, 1256|2394, 1264|2396, 1264|3255, 1256|3257, 1256|3368, 1264|3370, 1264|3378, 1268|3380, 1268|4001, com.dropbox.android, 
1264|1, 1264|1532, 1240|1534, 1240|1549, 1264|1551, 1264|2513, 1260|2518, 1260|2533, 1264|2535, 1264|2542, 1268|2544, 1268|3162, 1488|3170, 1488|3517, 1504|3523, 1496|3524, 1496|3541, 1480|3542, 1424|3544, 1424|4007, com.booking, 
1264|1, 1264|2574, 1272|2584, 1272|2591, 1396|2601, 1396|2619, 1400|2628, 1400|3583, 1420|3590, 1420|3598, 1424|3600, 1440|3608, 1440|3615, 1428|3620, 1428|4001, com.booking, 
1264|1, 1264|2733, 1392|2745, 1392|2753, 1400|2759, 1400|2763, 1396|2765, 1396|4117, com.antutu.ABenchMark, 
1264|1, 1264|1653, 1276|1663, 1276|1669, 1284|1673, 1284|1691, 1264|1693, 1264|2664, 1256|2667, 1256|2672, 1264|2677, 1264|2682, 1268|2685, 1268|3340, 1488|3350, 1488|3661, 1424|3663, 1424|3695, 1420|3697, 1420|3702, 1424|3704, 1424|4001, com.booking, 
1264|1, 1264|1208, 1484|1216, 1484|1356, 1704|1357, 1704|1548, 1924|1549, 1924|1664, 2144|1665, 2144|1798, 2364|1800, 2364|1822, 2408|1830, 2408|1835, 2412|1837, 2412|1844, 2444|1846, 2444|2834, 2396|2836, 2396|2997, 2416|3004, 2416|4001, com.isis_papyrus.raiffeisen_pay_eyewdg, 
1264|1, 1264|2937, 1268|2938, 1268|4002, com.instagram.android, 
1264|1, 1264|1881, 1260|1883, 1260|1891, 1264|1892, 1264|4004, com.facebook.katana, 
1264|1, 1264|1717, 1392|1719, 1392|1733, 1396|1735, 1396|1858, 1616|1886, 1616|2170, 1396|2172, 1396|2301, 1616|2302, 1616|2487, 1396|2498, 1396|2807, 1448|2809, 1448|3747, 1424|3778, 1424|3815, 1644|3832, 1448|3842, 1448|3914, 1596|3916, 1744|3929, 1744|4007, com.csst.ecdict, 
1264|1, 1264|1214, 1484|1252, 1484|1679, 1520|1682, 1520|1724, 1636|1733, 1636|1752, 1856|1753, 1856|1886, 2296|1888, 2296|1891, 2956|1917, 3396|1933, 3396|1960, 3176|1962, 3176|1984, 3396|1999, 3836|2001, 4056|2029, 4056|2068, 3836|2087, 3836|2191, 3984|2210, 3984|2211, 4352|2224, 4352|2243, 4132|2245, 4132|2693, 3896|2695, 3936|2726, 3936|2753, 3568|2785, 3568|3675, 3436|3680, 3436|4027, com.sometimeswefly.littlealchemy, 
1264|1, 1264|1688, 1244|1711, 1240|1724, 1264|1732, 1264|2463, 1484|2475, 1484|2694, 1488|2696, 1488|2715, 1400|2719, 1400|3711, 1424|3713, 1424|4019, com.booking, 
1264|1, 1264|864, 1268|883, 1268|1874, 1264|1876, 1264|2861, 1260|2864, 1260|2875, 1268|2878, 1268|4001, com.sololearn.cplusplus, 
1264|1, 1264|978, 1268|979, 1268|1974, 1264|1975, 1264|2948, 1268|2956, 1268|4004, com.sololearn.cplusplus, 
1264|1, 1264|1896, 1268|1897, 1268|4019, com.tripadvisor.tripadvisor, 
1264|1, 1264|4001, com.facebook.katana, 
1264|1, 1264|1629, 1484|1631, 1484|1673, 1480|1675, 1480|1700, 1700|1702, 1700|1756, 1920|1762, 1920|1768, 1700|1769, 1700|1885, 1920|1889, 1920|1929, 2140|1931, 2360|1933, 2360|1934, 2800|1951, 2800|2171, 3020|2183, 3240|2185, 3240|2188, 4120|2204, 4120|2211, 3900|2214, 3900|2654, 3952|2658, 3500|2800, 3500|3670, 3504|3677, 3504|3687, 3436|3689, 3436|3715, 3440|3731, 3440|4001, com.sometimeswefly.littlealchemy, 
1264|1, 1264|1542, 1268|1574, 1268|4004, com.skype.raider, 
1264|1, 1264|1507, 1260|1514, 1260|1527, 1272|1528, 1272|1537, 1264|1539, 1264|1989, 1484|2031, 1484|2499, 1512|2525, 1512|2547, 1700|2549, 1700|2615, 1480|2631, 1480|2974, 1700|2980, 1700|3005, 1480|3020, 1480|3241, 1700|3243, 1480|3261, 1480|3524, 1476|3541, 1476|3656, 1696|3682, 1476|3690, 1476|4001, com.lenovo.anyshare.gps, 
1264|1, 1264|2511, 1268|2513, 1268|4008, com.instagram.android, 
1264|1, 1264|2483, 1260|2508, 1264|2510, 1268|2512, 1268|3480, 1396|3482, 1396|3504, 1440|3505, 1440|3510, 1396|3512, 1396|4003, com.antutu.ABenchMark, 
1264|1, 1264|4009, com.facebook.katana, 
1264|1, 1264|450, 1268|460, 1268|1438, 1264|1442, 1264|1460, 1388|1466, 1392|1478, 1392|1862, 1612|1869, 1612|2141, 1392|2148, 1392|2447, 1340|2450, 1340|2461, 1448|2468, 1452|2470, 1452|2568, 1672|2576, 1452|2578, 1452|3388, 1672|3390, 1672|3432, 1636|3447, 1512|3449, 1512|3457, 1448|3459, 1448|3483, 1668|3494, 1668|3548, 1448|3550, 1448|3949, 1668|3951, 1668|3952, 1448|3954, 1448|3974, 1668|3984, 1448|3999, 1448|4001, com.csst.ecdict, 
1264|1, 1264|2383, 1268|2390, 1268|3369, 1396|3391, 1396|4001, com.antutu.ABenchMark, 
1264|1, 1264|431, 1268|433, 1268|1431, 1264|1443, 1264|3405, 1272|3407, 1272|3429, 1276|3431, 1276|3576, 1268|3578, 1268|4001, com.paypal.android.p2pmobile, 
1264|1, 1264|1337, 1268|1339, 1268|4002, com.skype.raider, 
1264|1, 1264|2452, 1268|2454, 1268|3419, 1396|3421, 1396|4001, com.antutu.ABenchMark, 
1264|1, 1264|1174, 1484|1188, 1484|1265, 1704|1266, 1704|1358, 1784|1361, 1784|1374, 1728|1379, 1728|1590, 1948|1592, 1948|1752, 2168|1754, 2168|1832, 2388|1833, 2388|2359, 2472|2361, 2428|2380, 2428|2381, 2416|2400, 2416|4022, com.isis_papyrus.raiffeisen_pay_eyewdg, 
1264|1, 1264|1297, 1268|1314, 1268|1545, 1488|1550, 1708|1552, 1708|2166, 2596|2183, 1856|2192, 1856|2299, 1820|2301, 1820|2316, 1788|2318, 1788|3309, 1840|3312, 1868|3328, 1868|4013, com.android.chrome, 
1264|1, 1264|2312, 1284|2329, 1284|2335, 1268|2338, 1268|3306, 1280|3308, 1280|3312, 1284|3323, 1284|3335, 1424|3341, 1424|4001, com.booking, 
1264|1, 1264|2465, 1260|2472, 1256|2482, 1260|2489, 1264|2507, 1264|4022, com.google.android.apps.photos, 
1264|1, 1264|3538, 1268|3539, 1268|4008, com.paypal.android.p2pmobile, 
1264|1, 1264|538, 1328|541, 1328|1526, 1336|1533, 1336|1535, 1272|1539, 1272|4021, com.google.android.deskclock, 
1264|1, 1264|1463, 1284|1465, 1284|1470, 1232|1472, 1232|1475, 1260|1480, 1264|1488, 1264|2452, 1248|2454, 1248|2463, 1256|2474, 1268|2479, 1268|2482, 1416|2499, 1416|3118, 1268|3122, 1268|3457, 1276|3459, 1288|3464, 1288|3473, 1384|3478, 1384|3483, 1424|3500, 1424|4005, com.booking, 
1264|1, 1264|1639, 1268|1671, 1268|1814, 1488|1816, 1488|2634, 1396|2649, 1396|3627, 1392|3646, 1392|3665, 1396|3667, 1396|4004, com.cnn.mobile.android.phone, 
1264|1, 1264|2269, 1484|2272, 1484|2315, 1632|2316, 1632|2327, 1780|2329, 1780|2671, 1736|2673, 1736|2691, 1688|2695, 1688|2703, 1700|2706, 1700|2802, 1552|2803, 1552|3509, 1772|3521, 1772|3567, 1992|3578, 1992|3600, 1772|3601, 1772|3672, 1548|3675, 1516|3685, 1516|3693, 1460|3710, 1460|4014, com.lenovo.anyshare.gps, 
1264|1, 1264|1627, 1268|1628, 1268|1630, 1272|1634, 1272|4001, com.google.android.deskclock, 
1264|1, 1264|1441, 1268|1448, 1268|1457, 1264|1459, 1264|1461, 1260|1469, 1260|1716, 1408|1722, 1408|2446, 1416|2448, 1416|2469, 1396|2473, 1396|4022, com.cnn.mobile.android.phone, 
1264|1, 1264|1529, 1268|1587, 1268|4001, com.tripadvisor.tripadvisor, 
1264|1, 1264|1493, 1408|1496, 1408|1526, 1412|1529, 1412|1692, 1632|1693, 1632|1762, 1852|1763, 1852|1792, 2072|1793, 2072|1906, 2512|1911, 2292|1913, 2732|1915, 2952|1918, 2952|1935, 2732|1936, 2732|2134, 2952|2135, 2952|2147, 3100|2149, 3100|2158, 3544|2160, 3988|2163, 3988|2166, 4208|2171, 4208|2181, 3988|2185, 3988|2486, 3840|2492, 3840|2498, 3832|2502, 3832|2504, 3904|2506, 3904|2514, 3940|2520, 3940|2682, 3424|2684, 3424|3497, 3436|3499, 3436|3507, 3444|3509, 3444|3518, 3448|3521, 3448|4002, com.sometimeswefly.littlealchemy, 
1264|1, 1264|1548, 1260|1552, 1260|1563, 1264|1569, 1264|2567, 1268|2569, 1268|4005, com.instagram.android, 
1264|1, 1264|1292, 1268|1299, 1268|1315, 1264|1319, 1264|3310, 1268|3313, 1268|4001, com.paypal.android.p2pmobile, 
1264|1, 1264|1435, 1268|1439, 1268|4002, at.DiTronic.androidgroup.randomgallery, 
1264|1, 1264|1546, 1260|1555, 1260|1562, 1264|1573, 1264|2543, 1268|2552, 1268|2563, 1264|2567, 1268|2569, 1268|4001, com.sololearn.cplusplus, 
1264|1, 1264|1456, 1260|1458, 1268|1464, 1268|2449, 1276|2451, 1276|2455, 1268|2461, 1268|4001, com.google.android.deskclock, 
1264|1, 1264|1457, 1260|1461, 1260|1469, 1264|1476, 1264|2471, 1268|2478, 1268|2486, 1264|2494, 1264|4001, com.google.android.apps.photos, 
1264|1, 1264|1675, 1260|1679, 1260|1687, 1268|1689, 1268|1697, 1272|1699, 1272|3696, 1276|3698, 1276|4005, com.google.android.deskclock, 
1264|1, 1264|1817, 1256|1830, 1264|1831, 1264|2798, 1268|2800, 1268|4001, com.dropbox.android, 
1264|1, 1264|1911, 1260|1914, 1256|1919, 1256|1928, 1264|1935, 1264|2927, 1268|2934, 1268|4001, com.whatsapp, 
1264|1, 1264|1632, 1268|1633, 1268|1650, 1264|1652, 1264|1653, 1276|1659, 1276|1660, 1408|1668, 1408|2169, 1628|2176, 1628|2195, 1408|2197, 1408|2636, 1396|2637, 1396|4006, com.ted.android, 
1264|1, 1264|2734, 1268|2743, 1268|4001, com.facebook.katana, 
1264|1, 1264|1828, 1268|1830, 1268|4018, com.facebook.katana, 
1264|1, 1264|1983, 1272|1989, 1272|2000, 1268|2002, 1268|4001, at.DiTronic.androidgroup.randomgallery, 
1264|1, 1264|2104, 1268|2107, 1268|4001, com.skype.raider, 
1264|1, 1264|2214, 1260|2218, 1264|2221, 1264|3188, 1260|3190, 1260|3205, 1264|3207, 1268|3209, 1268|4001, com.dropbox.android, 
1264|1, 1264|1170, 1260|1201, 1264|1221, 1264|3178, 1260|3180, 1272|3184, 1272|3201, 1264|3208, 1264|4002, com.paypal.android.p2pmobile, 
1264|1, 1264|927, 1268|943, 1268|1572, 1488|1573, 1488|1905, 1504|1930, 1504|1931, 1424|1941, 1400|1943, 1400|1951, 1396|1953, 1396|2495, 1616|2500, 1616|2509, 1396|2515, 1396|4001, com.ted.android, 
1264|1, 1264|1978, 1304|1983, 1304|1984, 1260|1992, 1264|1999, 1264|2735, 1484|2737, 1484|2975, 1388|2980, 1388|3000, 1392|3007, 1400|3014, 1400|3992, 1436|3999, 1436|4001, com.booking, 
1328|1, 1264|8, 1264|976, 1268|986, 1268|988, 1264|992, 1264|1195, 1484|1197, 1484|1285, 1704|1286, 1704|1562, 1924|1565, 1924|1742, 2144|1747, 2144|1782, 2364|1783, 2364|1966, 2436|1981, 2436|1983, 2416|2001, 2416|4004, com.isis_papyrus.raiffeisen_pay_eyewdg, 
1264|1, 1264|2107, 1260|2118, 1252|2120, 1252|2127, 1256|2130, 1256|2154, 1264|2156, 1264|3106, 1268|3108, 1268|3120, 1276|3122, 1276|3126, 1268|3128, 1268|4004, com.dropbox.android, 
1264|1, 1264|1229, 1260|1247, 1264|1262, 1264|1640, 1484|1644, 1484|2205, 1392|2209, 1392|2218, 1396|2223, 1396|2229, 1400|2231, 1400|2310, 1620|2311, 1620|2333, 1400|2338, 1400|3225, 1368|3231, 1368|3411, 1396|3413, 1396|4001, com.ted.android, 
1264|1, 1264|1341, 1484|1355, 1484|1379, 1516|1387, 1516|1468, 1736|1469, 1736|1885, 1956|1916, 1956|2041, 2176|2042, 2176|2148, 2396|2149, 2396|2384, 2384|2387, 2384|2454, 2380|2496, 2380|2667, 2416|2710, 2416|4005, com.isis_papyrus.raiffeisen_pay_eyewdg, 
1264|1, 1264|1366, 1268|1369, 1268|1378, 1264|1386, 1264|2359, 1224|2366, 1228|2383, 1228|2390, 1264|2398, 1264|3359, 1280|3362, 1280|3370, 1304|3377, 1304|3382, 1288|3391, 1424|3395, 1424|4014, com.booking, 
1264|1, 1264|1462, 1268|1494, 1268|4001, at.DiTronic.androidgroup.randomgallery, 
1264|1, 1264|1497, 1260|1499, 1260|1507, 1264|1509, 1264|2487, 1132|2493, 1132|2497, 1136|2500, 1136|2507, 1264|2511, 1264|2518, 1396|2522, 1396|4001, com.cnn.mobile.android.phone, 
1264|1, 1264|1169, 1484|1170, 1484|1319, 1596|1331, 1596|1349, 1712|1353, 1712|1612, 1932|1615, 1932|1656, 2152|1657, 2152|2333, 2296|2335, 2296|2344, 2392|2351, 2392|2555, 2416|2563, 2416|4001, com.isis_papyrus.raiffeisen_pay_eyewdg, 
1264|1, 1264|1349, 1268|1350, 1268|4001, com.tripadvisor.tripadvisor, 
1264|1, 1264|483, 1268|485, 1268|493, 1264|495, 1264|1472, 1260|1474, 1260|1479, 1264|1485, 1264|2492, 1268|2495, 1268|4001, com.sololearn.cplusplus, 
1264|1, 1264|1198, 1484|1216, 1484|1469, 1572|1475, 1664|1482, 1664|1485, 1792|1500, 1792|1690, 2012|1699, 2012|1754, 2232|1755, 2232|1821, 2452|1823, 2452|1840, 2232|1841, 2232|2257, 2236|2259, 2236|2474, 2364|2486, 2364|2505, 2416|2506, 2416|4001, com.isis_papyrus.raiffeisen_pay_eyewdg, 
1264|1, 1264|1398, 1268|1400, 1268|1419, 1264|1421, 1264|2393, 1268|2396, 1268|4007, com.whatsapp, 
1264|1, 1264|1147, 1268|1148, 1268|4002, com.tripadvisor.tripadvisor, 
1264|1, 1264|335, 1268|342, 1268|1347, 1264|1349, 1264|2343, 1268|2348, 1268|4001, com.instagram.android, 
1264|1, 1264|2161, 1256|2171, 1264|2173, 1264|2175, 1268|2213, 1268|3182, 1264|3184, 1264|4001, com.google.android.apps.photos, 
1328|1, 1328|461, 1264|463, 1264|1448, 1260|1450, 1260|1459, 1264|1472, 1264|3442, 1268|3450, 1264|3451, 1264|3458, 1268|3460, 1268|4006, com.paypal.android.p2pmobile, 
1264|1, 1264|550, 1268|552, 1264|561, 1264|2534, 1260|2593, 1264|2595, 1264|3492, 1308|3534, 1308|3536, 1424|3564, 1424|4009, com.booking, 
1264|1, 1264|1616, 1268|1622, 1268|2623, 1264|2629, 1264|2640, 1396|2642, 1396|4001, com.cnn.mobile.android.phone, 
1264|1, 1264|1556, 1484|1558, 1484|1670, 1376|1672, 1376|1689, 1396|1691, 1396|2202, 1616|2203, 1616|2215, 1396|2222, 1396|2670, 1392|2672, 1396|2807, 1396|4001, com.ted.android, 
1264|1, 1264|1812, 1268|1818, 1396|1822, 1396|2779, 1400|2799, 1396|2814, 1396|4002, com.cnn.mobile.android.phone, 
1264|1, 1264|1719, 1268|1721, 1268|4001, com.facebook.katana, 
1264|1, 1264|1753, 1260|1783, 1264|1785, 1264|2752, 1268|2758, 1268|4002, com.sololearn.cplusplus, 
1264|1, 1264|1491, 1276|1506, 1276|1519, 1268|1532, 1268|2076, 1488|2077, 1488|2134, 1708|2154, 1708|2490, 1736|2512, 1736|2514, 1700|2544, 1700|2738, 1480|2741, 1480|3144, 1700|3147, 1700|3254, 1480|3256, 1480|3498, 1532|3500, 1532|3508, 1448|3511, 1448|3517, 1456|3529, 1460|3536, 1460|3774, 1680|3779, 1680|3783, 1460|3787, 1460|4003, com.lenovo.anyshare.gps, 
1264|1, 1264|1322, 1484|1334, 1484|1496, 1572|1498, 1572|1504, 1636|1514, 1636|1751, 1856|1759, 1856|1855, 2076|1860, 2076|1951, 2296|1952, 2296|2426, 2384|2428, 2384|2493, 2348|2502, 2348|2534, 2416|2537, 2416|4013, com.isis_papyrus.raiffeisen_pay_eyewdg, 
1264|1, 1264|1366, 1260|1372, 1260|1380, 1264|1382, 1264|2351, 1272|2354, 1272|2370, 1264|2372, 1264|2379, 1268|2381, 1268|4006, com.sololearn.cplusplus, 
1264|1, 1264|1935, 1484|1963, 1484|2406, 1492|2409, 1492|2421, 1396|2423, 1396|4002, com.cnn.mobile.android.phone, 
1328|1, 1328|413, 1264|422, 1264|1415, 1260|1424, 1264|1427, 1264|1888, 1484|1898, 1484|2254, 1704|2261, 1704|2293, 1484|2300, 1484|2393, 1280|2402, 1280|2410, 1284|2413, 1284|2419, 1396|2425, 1396|3420, 1460|3422, 1460|4001, com.ted.android, 
1264|1, 1264|1492, 1392|1543, 1392|2232, 1612|2250, 1612|2310, 1392|2326, 1392|2501, 1360|2515, 1388|2517, 1388|2546, 1396|2549, 1396|4001, com.ted.android, 
1264|1, 1264|1611, 1392|1615, 1392|1620, 1396|1629, 1396|1896, 1616|1901, 1616|2211, 1396|2213, 1396|2436, 1176|2440, 1176|2512, 1396|2514, 1396|2594, 1456|2595, 1456|2602, 1472|2607, 1472|2610, 1400|2612, 1400|2619, 1448|2622, 1448|2646, 1668|2648, 1668|2656, 1448|2658, 1448|3232, 1524|3249, 1524|3262, 1672|3264, 1524|3266, 1524|3531, 1744|3539, 1524|3541, 1524|3598, 1600|3605, 1812|3645, 1812|3661, 1592|3663, 1812|4001, com.csst.ecdict, 
1264|1, 1264|1665, 1268|1675, 1268|1785, 1488|1799, 1488|2381, 1708|2400, 1708|2654, 1752|2658, 1752|2667, 1724|2673, 1752|2675, 1752|2679, 1784|2694, 1784|3654, 1808|3661, 1808|3668, 1816|3676, 1872|3678, 1872|3694, 1876|3697, 1876|4001, com.android.chrome, 
1264|1, 1264|1449, 1256|1450, 1256|1455, 1264|1461, 1264|3440, 1272|3445, 1268|3447, 1268|4001, com.paypal.android.p2pmobile, 
1264|1, 1264|2148, 1484|2149, 1484|2500, 1684|2502, 1700|2515, 1700|2601, 1480|2621, 1480|2933, 1700|2941, 1700|3131, 1480|3143, 1480|3483, 1416|3488, 1416|3489, 1436|3499, 1436|3503, 1460|3538, 1460|3809, 1680|3811, 1680|4010, com.lenovo.anyshare.gps, 
1264|1, 1264|1364, 1484|1377, 1484|1455, 1704|1473, 1704|1498, 1924|1507, 1924|1526, 1852|1534, 1852|1538, 1800|1550, 1716|1551, 1716|1558, 1732|1566, 1732|1789, 1952|1791, 1952|1845, 2172|1861, 2172|2549, 2216|2551, 2216|2599, 2308|2601, 2308|2675, 2416|2688, 2416|4058, com.isis_papyrus.raiffeisen_pay_eyewdg, 
1264|1, 1264|1542, 1268|1551, 1268|4002, com.skype.raider, 
1264|1, 1264|1499, 1260|1501, 1260|1513, 1264|1520, 1264|2502, 1268|2503, 1268|4001, com.whatsapp, 
1264|1, 1264|389, 1260|391, 1260|559, 1264|561, 1264|1368, 1268|1370, 1268|3373, 1184|3375, 1268|3383, 1268|4001, com.skype.raider, 
1264|1, 1264|1436, 1268|1442, 1268|1444, 1396|1448, 1412|1455, 1412|1694, 1632|1699, 1632|1743, 1852|1744, 1852|1820, 2072|1821, 2072|1875, 2292|1884, 2292|1896, 2072|1900, 2952|1906, 2952|1923, 2732|1925, 2732|2128, 2952|2130, 2952|2143, 3172|2148, 3172|2155, 3392|2156, 3392|2161, 3612|2163, 3612|2169, 3832|2171, 3832|2173, 4052|2174, 4052|2254, 3832|2256, 3832|2420, 3872|2426, 3872|2433, 3944|2436, 3944|2450, 3960|2454, 3960|2681, 3520|2683, 3520|3343, 3524|3346, 3524|3437, 3536|3443, 3536|3447, 3456|3449, 3456|3450, 3452|3456, 3452|4001, com.sometimeswefly.littlealchemy, 
1264|1, 1264|1470, 1268|1473, 1268|4001, com.facebook.katana, 
1264|1, 1264|1436, 1484|1437, 1484|1576, 1704|1579, 1704|1584, 1644|1587, 1644|1600, 1692|1602, 1692|1777, 1912|1779, 1912|1989, 2132|1990, 2132|2237, 2352|2239, 2352|2578, 2312|2581, 2312|2582, 2324|2584, 2416|2585, 2416|4004, com.isis_papyrus.raiffeisen_pay_eyewdg, 
1264|1, 1264|591, 1260|600, 1260|608, 1264|610, 1264|1607, 1268|1609, 1268|4001, at.DiTronic.androidgroup.randomgallery, 
1264|1, 1264|1360, 1484|1363, 1484|1653, 1492|1658, 1492|1663, 1500|1664, 1500|1677, 1512|1679, 1512|1807, 1732|1808, 1732|1838, 1952|1839, 1952|1891, 1732|1892, 1732|1908, 1952|1909, 1952|1965, 2172|1967, 2172|1999, 2832|2002, 3052|2005, 3052|2022, 2832|2024, 2832|2231, 3052|2233, 3052|2244, 3272|2246, 3052|2248, 3052|2254, 3272|2256, 3492|2258, 3492|2261, 3712|2262, 3712|2263, 3932|2265, 3932|2624, 4152|2633, 4152|2642, 4140|2644, 4140|2662, 4004|2666, 3932|2671, 3932|2672, 3940|2675, 3940|2791, 3500|2793, 3500|3313, 3424|3317, 3424|3668, 3444|3671, 3444|4002, com.sometimeswefly.littlealchemy, 
1264|1, 1264|1570, 1268|1574, 1264|1576, 1264|2574, 1268|2576, 1268|4004, com.whatsapp, 
1264|1, 1264|1330, 1272|1332, 1272|1339, 1268|1341, 1268|4011, com.skype.raider, 
1264|1, 1264|1253, 1268|1258, 1268|4002, at.DiTronic.androidgroup.randomgallery, 
1264|1, 1264|1345, 1268|1347, 1268|1359, 1264|1370, 1264|1777, 1484|1783, 1484|2332, 1504|2334, 1504|2335, 1596|2337, 1596|2343, 1552|2350, 1552|2357, 1580|2364, 1580|2435, 2900|2439, 2900|2446, 1800|2448, 1800|3333, 1828|3335, 1856|3337, 1856|3345, 1884|3347, 1872|3358, 1872|4001, com.android.chrome, 
1264|1, 1264|1235, 1276|1237, 1276|1245, 1272|1247, 1272|1432, 1268|1434, 1268|3240, 1264|3243, 1264|4001, com.tripadvisor.tripadvisor, 
1264|1, 1264|1236, 1256|1238, 1256|1254, 1264|1256, 1264|2249, 1268|2251, 1268|4002, com.sololearn.cplusplus, 
1264|1, 1264|1632, 1484|1660, 1484|1959, 1264|1977, 1264|2080, 1492|2135, 1572|2157, 1572|3116, 1696|3119, 1696|3120, 1808|3121, 1808|3130, 1924|3137, 1924|3139, 1868|3141, 1868|3614, 1872|3616, 1872|4001, com.android.chrome, 
1264|1, 1264|1013, 1260|1014, 1260|2013, 1268|2019, 1268|4001, com.instagram.android, 
1264|1, 1264|66, 1268|68, 1264|83, 1264|2056, 1396|2069, 1396|3018, 1400|3053, 1400|3076, 1396|3078, 1396|4006, com.cnn.mobile.android.phone, 
1264|1, 1264|1121, 1260|1122, 1260|1168, 1264|1170, 1264|2130, 1268|2134, 1268|4001, com.whatsapp, 
1264|1, 1264|1892, 1260|1910, 1260|1914, 1264|1918, 1264|3113, 1268|3115, 1268|4030, com.sololearn.cplusplus, 
1264|1, 1264|1962, 1268|1964, 1268|4001, com.whatsapp, 
1264|1, 1264|1518, 1704|1549, 1704|1700, 1736|1702, 1736|1720, 1656|1724, 1656|2127, 2976|2129, 2976|2145, 2096|2147, 2096|2700, 2028|2702, 2028|2709, 1912|2721, 1876|2724, 1876|2730, 1868|2735, 1868|3409, 1872|3411, 1872|3729, 1876|3732, 1876|4001, com.android.chrome, 
1264|1, 1264|1772, 1260|1774, 1260|1785, 1248|1792, 1248|1794, 1256|1796, 1256|1807, 1264|1808, 1264|2264, 1484|2269, 1484|2427, 1704|2429, 1704|2774, 1560|2776, 1560|2784, 1548|2786, 1548|2795, 1420|2797, 1420|2805, 1428|2807, 1428|3537, 1648|3545, 1648|3575, 1428|3581, 1428|3774, 1344|3777, 1344|3784, 1400|3786, 1400|3799, 1464|3801, 1464|3804, 1460|3806, 1460|4002, com.lenovo.anyshare.gps, 
1264|1, 1264|1908, 1268|1909, 1268|4002, com.google.android.deskclock, 
1264|1, 1264|935, 1260|943, 1260|953, 1264|971, 1264|1593, 1484|1595, 1484|1931, 1456|1933, 1456|1946, 1532|1955, 1532|1960, 1544|1969, 1544|2172, 1764|2182, 2864|2186, 1544|2193, 1544|2236, 1764|2238, 1764|2937, 1808|2946, 1808|2953, 1764|2958, 1764|2964, 1732|2966, 1732|2989, 1868|2992, 1868|3202, 1872|3204, 1872|3954, 1880|3961, 1880|4001, com.android.chrome, 
1264|1, 1264|998, 1268|1000, 1268|1920, 1488|1921, 1488|1975, 1568|1976, 1568|2000, 1696|2002, 1696|2192, 1476|2194, 1476|2667, 1696|2669, 1696|2677, 1476|2682, 1476|2998, 1556|3000, 1556|3214, 1488|3216, 1488|3254, 1448|3256, 1448|3293, 1668|3295, 1668|3296, 1888|3298, 1448|3299, 1448|3337, 1668|3338, 1448|3340, 1448|3988, 1512|3990, 1512|3991, 1448|3993, 1448|4002, com.csst.ecdict, 
1264|1, 1264|918, 1260|920, 1260|926, 1264|928, 1264|1917, 1268|1919, 1268|4004, com.whatsapp, 
1264|1, 1264|1774, 1396|1776, 1396|1980, 1616|1983, 1616|2302, 1396|2310, 1396|2712, 1616|2715, 1396|2717, 1396|2773, 1500|2777, 1500|2792, 1372|2798, 1320|2800, 1320|2803, 1448|2804, 1448|3315, 1668|3317, 1668|3763, 1448|3817, 1448|3961, 1668|3963, 1448|3965, 1448|3970, 1668|3971, 1668|3980, 1888|3982, 1888|4013, com.csst.ecdict, 
1264|1, 1264|1746, 1268|1751, 1268|3740, 1272|3742, 1272|3759, 1268|3764, 1268|4001, com.tripadvisor.tripadvisor, 
1264|1, 1264|1630, 1484|1632, 1484|1789, 1456|1791, 1456|1800, 1588|1802, 1588|1806, 1648|1808, 1648|1814, 1656|1827, 1656|2273, 1876|2285, 2976|2297, 1876|2300, 1876|2528, 2096|2540, 2096|2784, 2048|2786, 2048|2793, 1992|2811, 1864|2814, 1864|3797, 1876|3801, 1876|3873, 1880|3874, 1880|4001, com.android.chrome, 
1264|1, 1264|1711, 1260|1714, 1260|1724, 1264|1726, 1264|1731, 1268|1738, 1268|2740, 1264|2749, 1264|4001, com.google.android.apps.photos, 
1264|1, 1264|954, 1268|956, 1268|969, 1264|974, 1264|1921, 1484|1923, 1704|1926, 1704|1945, 1708|1951, 1708|1955, 1696|1978, 1696|2224, 1476|2226, 1476|2427, 1696|2432, 1696|2630, 1916|2632, 1916|2638, 1476|2640, 1476|2952, 1432|2954, 1432|2964, 1440|2972, 1440|2975, 1448|2980, 1448|3804, 1888|3833, 1668|3835, 1668|3842, 1888|3846, 1888|3945, 1832|3947, 1832|3974, 1800|3976, 1800|4001, com.csst.ecdict, 
1264|1, 1264|2049, 1268|2053, 1268|4001, at.DiTronic.androidgroup.randomgallery, 
1264|1, 1264|1118, 1256|1128, 1256|1132, 1260|1134, 1260|1138, 1264|1154, 1264|2119, 1260|2126, 1260|2132, 1272|2134, 1272|4005, com.google.android.deskclock, 
1264|1, 1264|1829, 1484|1830, 1484|1840, 1704|1842, 1704|2096, 1784|2100, 1784|2102, 1768|2105, 1768|2108, 1684|2110, 1684|2119, 1712|2121, 1712|2137, 1492|2138, 1492|2560, 1712|2564, 1712|2566, 1492|2568, 1492|3102, 1448|3114, 1448|3423, 1668|3433, 1448|3438, 1448|3522, 1668|3540, 1668|3610, 1448|3611, 1448|3927, 1668|3929, 1668|3931, 1448|3932, 1448|4001, com.csst.ecdict, 
1264|1, 1264|1049, 1260|1051, 1260|1068, 1264|1075, 1264|2050, 1268|2051, 1268|2059, 1276|2063, 1276|2068, 1272|2072, 1272|4001, com.google.android.deskclock, 
1264|1, 1264|2109, 1272|2111, 1272|2113, 1396|2120, 1396|4005, com.cnn.mobile.android.phone, 
1264|1, 1264|1881, 1484|1883, 1484|2060, 1496|2062, 1496|2069, 1624|2070, 1624|2074, 1640|2082, 1640|2089, 1704|2093, 1704|2146, 1484|2156, 1484|2383, 1264|2384, 1264|2670, 1484|2675, 1484|2678, 1264|2680, 1264|3057, 1280|3063, 1280|3067, 1324|3072, 1324|3177, 1448|3183, 1448|3422, 1668|3424, 1448|3430, 1448|3445, 1668|3446, 1448|3448, 1448|4001, com.csst.ecdict, 
1264|1, 1264|1083, 1268|1085, 1268|1096, 1264|1102, 1264|1544, 1484|1546, 1484|2068, 1508|2079, 1592|2090, 1592|2150, 1812|2152, 1592|2162, 1592|3065, 1724|3067, 1724|3075, 1768|3078, 1768|3091, 1868|3102, 1868|4002, com.android.chrome, 
1264|1, 1264|1037, 1268|1062, 1268|2044, 1264|2047, 1264|2056, 1268|2058, 1268|3048, 1264|3049, 1264|4002, com.google.android.apps.photos, 
1264|1, 1264|1099, 1260|1100, 1260|1102, 1264|1110, 1264|2107, 1268|2111, 1268|3153, 1264|3155, 1264|4001, com.google.android.apps.photos, 
1264|1, 1264|1184, 1260|1185, 1260|1196, 1264|1200, 1264|2199, 1268|2204, 1268|4001, com.instagram.android, 
1264|1, 1264|2260, 1268|2282, 1268|4009, at.DiTronic.androidgroup.randomgallery, 
1264|1, 1264|1362, 1260|1367, 1260|2349, 1264|2351, 1264|2359, 1268|2362, 1268|4001, com.instagram.android, 
1264|1, 1264|2354, 1268|2356, 1268|4001, com.whatsapp, 
1264|1, 1264|1008, 1268|1018, 1268|1996, 1272|2004, 1272|2178, 1268|2188, 1268|4001, com.tripadvisor.tripadvisor, 
1264|1, 1264|1107, 1268|1109, 1268|1117, 1272|1119, 1272|2167, 1268|2172, 1268|3120, 1272|3122, 1272|4001, com.tripadvisor.tripadvisor, 
