2095|1, 2095|315, 2094|365, 2094|3406, 2095|3447, 2095|4004, com.tripadvisor.tripadvisor, 
2094|1, 2094|2258, 2095|2321, 2096|2390, 2098|2493, 2098|3106, 2099|3212, 2097|3291, 2099|3400, 2099|4033, com.booking, 
2106|1, 2106|318, 2105|360, 2105|449, 2107|490, 2107|853, 2109|1236, 2110|1313, 2110|3825, 2111|3878, 2111|4005, com.tripadvisor.tripadvisor, 
2111|1, 2111|626, 2110|696, 2110|4043, com.github.shadowsocks, 
2110|1, 2110|4048, com.sometimeswefly.littlealchemy, 
2112|1, 2112|337, 2113|375, 2113|1375, 2114|1422, 2114|1475, 2115|1558, 2115|2630, 2117|2725, 2118|2813, 2118|3163, 2119|3242, 2119|3564, 2120|3671, 2118|3745, 2118|4029, com.booking, 
2122|1, 2122|1251, 2123|1462, 2123|2717, 2124|2766, 2124|3697, 2123|3763, 2123|4004, com.tripadvisor.tripadvisor, 
2123|1, 2123|2337, 2125|2405, 2126|2488, 2127|2607, 2127|2654, 2128|2761, 2128|2911, 2127|2975, 2128|3075, 2128|3243, 2126|3321, 2127|3375, 2127|3756, 2128|3874, 2126|3933, 2126|4062, com.booking, 
2129|1, 2129|3087, 2128|3190, 2128|4018, com.sometimeswefly.littlealchemy, 
2130|1, 2130|704, 2133|790, 2133|2764, 2134|2811, 2134|3820, 2133|3882, 2133|4018, com.tripadvisor.tripadvisor, 
2133|1, 2133|4023, com.sometimeswefly.littlealchemy, 
2136|1, 2136|498, 2137|553, 2137|668, 2139|761, 2139|1553, 2140|1680, 2140|2531, 2142|2587, 2143|2668, 2143|2879, 2144|2978, 2144|3158, 2145|3216, 2145|3404, 2146|3460, 2146|4012, com.booking, 
2146|1, 2146|312, 2145|385, 2145|1320, 2144|1365, 2144|4036, com.github.shadowsocks, 
2144|1, 2144|4039, com.booking, 
2156|1, 2156|154, 2154|213, 2153|262, 2153|716, 2152|793, 2152|907, 2151|955, 2151|1012, 2152|1067, 2152|4008, com.sometimeswefly.littlealchemy, 
2154|1, 2154|1115, 2155|1198, 2155|1267, 2158|1312, 2158|1835, 2159|1966, 2159|2416, 2160|2485, 2161|2543, 2162|2618, 2162|2941, 2163|3013, 2165|3125, 2165|3231, 2166|3332, 2166|3617, 2164|3675, 2162|3814, 2162|4067, com.booking, 
2170|1, 2170|469, 2168|502, 2168|771, 2169|826, 2169|4063, com.github.shadowsocks, 
2170|1, 2170|994, 2174|1062, 2174|1987, 2175|2072, 2175|4004, com.sometimeswefly.littlealchemy, 
2176|1, 2176|2813, 2177|2921, 2179|3012, 2179|3482, 2180|3597, 2180|3750, 2181|3795, 2181|4011, com.ted.android, 
2177|1, 2177|869, 2178|938, 2178|1072, 2179|1622, 2179|4043, com.github.shadowsocks, 
2179|1, 2179|4030, com.tripadvisor.tripadvisor, 
2179|1, 2179|3047, 2180|3103, 2180|3383, 2179|3428, 2179|4015, com.tripadvisor.tripadvisor, 
2179|1, 2179|4026, com.github.shadowsocks, 
2179|1, 2179|3009, 2180|3057, 2180|4005, com.tripadvisor.tripadvisor, 
2179|1, 2179|4014, com.sometimeswefly.littlealchemy, 
2179|1, 2179|4106, com.github.shadowsocks, 
2179|1, 2179|4006, com.ted.android, 
2179|1, 2179|3798, 2180|3849, 2180|4016, com.tripadvisor.tripadvisor, 
2179|1, 2179|4040, com.github.shadowsocks, 
2179|1, 2179|4009, com.github.shadowsocks, 
2179|1, 2179|4055, com.github.shadowsocks, 
2179|1, 2179|2838, 2180|2920, 2182|3047, 2182|3396, 2183|3468, 2183|3725, 2180|3786, 2180|4022, com.ted.android, 
2179|1, 2179|3814, 2180|3877, 2180|4008, com.tripadvisor.tripadvisor, 
2179|1, 2179|2439, 2181|2483, 2182|2540, 2183|2612, 2184|2656, 2184|3028, 2185|3179, 2183|3256, 2181|3330, 2181|4062, com.booking, 
2186|1, 2186|1154, 2187|1218, 2187|2389, 2186|2553, 2186|4027, com.sometimeswefly.littlealchemy, 
2187|1, 2187|4013, com.github.shadowsocks, 
2187|1, 2187|4015, com.sometimeswefly.littlealchemy, 
2189|1, 2189|925, 2190|979, 2190|1050, 2191|1134, 2191|2897, 2192|2938, 2192|4015, com.tripadvisor.tripadvisor, 
2192|1, 2192|2683, 2195|2745, 2195|2814, 2198|2936, 2198|3211, 2199|3332, 2200|3416, 2198|3549, 2199|4050, com.booking, 
2198|1, 2198|981, 2197|1052, 2195|1119, 2195|1341, 2194|1682, 2194|2440, 2195|2523, 2196|2602, 2197|2689, 2197|2847, 2198|2917, 2198|2982, 2199|3037, 2200|3149, 2200|3330, 2201|3413, 2199|3513, 2199|3648, 2200|3710, 2196|3834, 2196|4064, com.booking, 
2199|1, 2199|631, 2198|687, 2198|1697, 2197|1758, 2197|4050, com.sometimeswefly.littlealchemy, 
2196|1, 2196|2685, 2197|2742, 2198|2828, 2198|3229, 2199|3359, 2200|3488, 2200|3660, 2201|3723, 2201|3846, 2199|3931, 2200|4061, com.booking, 
2206|1, 2206|775, 2205|857, 2205|919, 2207|989, 2207|1153, 2208|1232, 2208|1536, 2209|1982, 2209|2157, 2208|2273, 2208|2668, 2209|2798, 2211|2920, 2211|3014, 2212|3142, 2213|3278, 2213|3368, 2209|3470, 2209|3909, 2211|3961, 2212|4066, com.ted.android, 
2211|1, 2211|209, 2212|262, 2212|1245, 2214|1296, 2214|2218, 2216|2298, 2216|4042, com.sometimeswefly.littlealchemy, 
2216|1, 2216|2893, 2219|3033, 2219|3523, 2220|3598, 2220|3867, 2221|3914, 2221|4002, com.ted.android, 
2218|1, 2218|949, 2219|1024, 2220|1337, 2220|1956, 2221|2072, 2221|2790, 2222|2907, 2222|2966, 2223|3091, 2224|3228, 2224|3932, 2225|3997, 2225|4034, com.ted.android, 
2222|1, 2222|2908, 2223|3062, 2225|3183, 2225|3400, 2226|3529, 2226|3594, 2227|3769, 2227|4006, com.ted.android, 
2222|1, 2222|2701, 2223|2779, 2225|3129, 2225|3934, 2226|3993, 2226|4028, com.ted.android, 
2222|1, 2222|2603, 2223|2732, 2224|2848, 2224|2965, 2225|3073, 2226|3219, 2226|3317, 2227|3424, 2224|3482, 2224|3563, 2226|3608, 2224|3697, 2224|3896, 2223|3994, 2224|4040, com.ted.android, 
2222|1, 2222|2741, 2223|2834, 2224|2951, 2224|3050, 2225|3174, 2225|3621, 2226|3668, 2226|3889, 2227|3938, 2227|4012, com.ted.android, 
