325904|1, 325904|544, 325988|605, 325988|1314, 326008|1368, 326084|1426, 326084|2143, 326096|2183, 326096|2303, 326116|2351, 326104|2427, 326104|3310, 326148|3346, 326156|3392, 326156|4013, com.tripadvisor.tripadvisor, 
326232|1, 326232|1657, 326240|1742, 326240|2414, 318180|2514, 318180|2568, 318092|2673, 318108|2743, 318108|3589, 318064|3663, 318052|3760, 318052|4037, com.booking, 
318268|1, 318268|1805, 318284|1948, 318284|2816, 318288|2858, 318260|2901, 318260|3231, 318264|3278, 318264|3876, 318276|3951, 318276|4009, com.tripadvisor.tripadvisor, 
318308|1, 318312|287, 318312|1004, 318316|1076, 318324|1123, 318324|1955, 318328|2022, 318340|2098, 318340|2980, 318228|3065, 318240|4042, com.github.shadowsocks, 
318364|1, 318404|230, 318404|2139, 318412|2243, 318412|3057, 318428|3118, 318436|3182, 318436|4008, com.sometimeswefly.littlealchemy, 
318436|1, 318436|1237, 318440|1290, 318444|1334, 318444|2212, 318568|2310, 319216|2390, 320016|2446, 318592|2514, 318592|3261, 318468|3330, 318468|4056, com.booking, 
318676|1, 318676|313, 318680|361, 318680|1315, 318692|1385, 318692|2307, 318672|2343, 318684|2404, 318684|3280, 318704|3321, 318708|3383, 318708|4003, com.tripadvisor.tripadvisor, 
318752|1, 318752|534, 318756|584, 318756|2437, 318712|2496, 318728|2569, 318728|3425, 318732|3482, 318696|3534, 318716|3604, 318716|4030, com.booking, 
318820|1, 318820|1658, 318828|1876, 318828|2578, 318832|2761, 318844|2950, 318844|3660, 318852|3723, 318852|3770, 318860|3821, 318860|4014, com.sometimeswefly.littlealchemy, 
318880|1, 318880|816, 318892|898, 318892|1794, 318912|1888, 318912|2721, 318920|2768, 318928|2806, 318916|2842, 318956|2886, 318956|3441, 318960|3481, 318960|4053, com.tripadvisor.tripadvisor, 
319004|1, 319004|907, 319008|972, 319008|1835, 319016|1923, 319044|1991, 319044|2871, 319060|2951, 319056|3021, 319056|3870, 319060|3905, 319060|4052, com.sometimeswefly.littlealchemy, 
319064|1, 319064|1088, 319072|1158, 319072|2078, 319144|2190, 319196|2316, 319196|3148, 319168|3259, 319168|4002, com.booking, 
319328|1, 319328|1366, 319332|1410, 319336|1453, 319336|2301, 319340|2362, 319348|2409, 319392|2467, 319392|3259, 319328|3339, 319264|3455, 319264|4031, com.github.shadowsocks, 
319336|1, 319336|560, 319344|596, 319344|1534, 319348|1678, 319348|2413, 319360|2481, 319440|2576, 319440|3433, 319460|3513, 319408|3585, 319408|4070, com.booking, 
319432|1, 319432|733, 319448|777, 319448|1511, 319452|1882, 319452|2597, 319460|2751, 319500|2840, 319500|3674, 319504|3747, 319512|3838, 319512|4006, com.sometimeswefly.littlealchemy, 
319520|1, 319520|1908, 319572|2021, 319572|2204, 320440|2299, 321060|2363, 319572|2410, 319572|2842, 319700|2929, 319472|2993, 319472|3834, 319400|3967, 319408|4047, com.booking, 
319644|1, 319644|230, 319652|303, 319652|1205, 319656|1248, 319660|1458, 319660|2233, 319672|2307, 319712|2370, 319712|3203, 319620|3307, 319620|4033, com.github.shadowsocks, 
319760|1, 319760|1438, 319764|1472, 319764|2355, 319840|2443, 319852|2598, 319852|3330, 319856|3380, 319860|3424, 319864|3466, 319864|4002, com.sometimeswefly.littlealchemy, 
319876|1, 319876|612, 319880|645, 319880|1648, 319884|1822, 319884|2569, 319860|2620, 319864|2752, 319864|3554, 319888|3658, 319892|3785, 319892|4001, com.ted.android, 
319976|1, 319976|1886, 319996|2002, 319996|2856, 319904|2921, 319916|3042, 319916|3854, 319928|3909, 319908|3960, 319912|4047, com.github.shadowsocks, 
320132|1, 320132|357, 320136|394, 320136|1338, 320148|1406, 320152|1447, 320152|2343, 320168|2393, 320180|2430, 320180|2933, 320152|2978, 320152|3129, 320160|3170, 320160|4001, com.tripadvisor.tripadvisor, 
320212|1, 320212|591, 320216|661, 320216|1576, 320236|1659, 320236|2544, 320240|2609, 320280|2677, 320280|4040, com.tripadvisor.tripadvisor, 
320336|1, 320336|843, 320348|917, 320348|1803, 320360|1880, 320364|1934, 320364|2797, 320376|2850, 320352|2920, 320288|3009, 320288|3818, 320264|3879, 320272|4022, com.github.shadowsocks, 
320432|1, 320432|712, 320440|751, 320440|1015, 320448|1064, 320460|1121, 320460|2054, 320484|2102, 320524|2176, 320524|3030, 320528|3078, 320512|3136, 320512|4028, com.tripadvisor.tripadvisor, 
320576|1, 320576|1249, 320584|1305, 320584|2267, 320608|2357, 320608|3187, 320656|3235, 320656|4014, com.sometimeswefly.littlealchemy, 
320672|1, 320672|1426, 320680|1466, 320680|1510, 320688|1544, 320688|2451, 320636|2492, 320672|2547, 320672|3455, 320652|3583, 320652|4033, com.github.shadowsocks, 
320780|1, 320780|2547, 320764|2639, 320796|2718, 320796|3583, 320820|3649, 320824|3695, 320820|3742, 320820|4020, com.ted.android, 
320900|1, 320900|1739, 320908|1879, 320908|2774, 320896|2840, 320988|2900, 320988|2994, 326692|3043, 328924|3095, 328924|3798, 329036|3841, 329036|4003, com.tripadvisor.tripadvisor, 
329088|1, 329088|884, 329092|942, 329100|1010, 329100|1857, 329104|1918, 329176|1979, 329176|2822, 329124|2904, 329072|2991, 329072|3890, 329080|3952, 329080|4033, com.github.shadowsocks, 
329232|1, 329232|1200, 329240|1254, 329240|2176, 329256|2287, 329256|3128, 329208|3197, 329180|3260, 329180|4066, com.github.shadowsocks, 
329324|1, 329324|649, 329328|715, 329328|1543, 329332|1590, 329332|2475, 329312|2530, 329320|2584, 329344|2625, 329344|3509, 329292|3581, 329308|3737, 329308|4045, com.github.shadowsocks, 
329484|1, 329484|785, 329492|840, 329492|1704, 329496|1844, 329496|2536, 321436|2608, 321436|2722, 321384|2803, 321396|2851, 321396|3654, 321400|3747, 321396|3788, 321388|3824, 321388|4005, com.ted.android, 
321464|1, 321464|1899, 321480|2054, 321500|2134, 321500|2953, 321504|3014, 321560|3103, 323296|3152, 327884|3203, 329372|3251, 329372|3337, 329496|3397, 329516|4005, com.tripadvisor.tripadvisor, 
329656|1, 329656|123, 329660|159, 329660|666, 329664|698, 329664|1086, 329672|1144, 329672|2057, 329688|2131, 329776|2230, 329776|2429, 321716|2491, 321716|3037, 321712|3078, 321600|3198, 321600|4034, com.booking, 
321832|1, 321832|1348, 321844|1397, 321864|1443, 321864|2255, 321868|2331, 321892|2425, 321892|3362, 321896|3436, 321896|4007, com.sometimeswefly.littlealchemy, 
318132|1, 318132|1556, 318136|1673, 318136|2537, 318116|2588, 318088|2633, 318116|2681, 318116|3541, 318084|3637, 318092|3711, 318092|4035, com.github.shadowsocks, 
318260|1, 318260|704, 318264|740, 318264|852, 318268|911, 318272|958, 318272|1877, 318324|1946, 318324|2851, 318320|2903, 318328|2971, 318328|3882, 318348|3924, 318348|4069, com.sometimeswefly.littlealchemy, 
314080|1, 314080|1082, 314088|1167, 314092|1257, 314092|2133, 314108|2234, 314108|3170, 314084|3214, 314096|3254, 314096|4035, com.tripadvisor.tripadvisor, 
314136|1, 314136|1384, 314140|1436, 314140|2323, 314176|2398, 314196|2474, 314196|3270, 314172|3323, 314144|3464, 314144|4025, com.booking, 
314340|1, 314340|428, 314348|473, 314348|1367, 314352|1585, 314356|1794, 314356|2369, 314396|2406, 314340|2460, 314372|2553, 314372|3366, 314340|3436, 314340|4039, com.booking, 
314572|1, 314572|631, 314576|672, 314576|1588, 314584|1660, 314592|1795, 314592|2656, 314644|2747, 314644|3398, 314648|3637, 314648|4014, com.sometimeswefly.littlealchemy, 
312248|1, 312248|584, 312252|626, 312252|913, 312256|961, 312256|1811, 312380|1917, 312380|1968, 312408|2015, 312408|2376, 312904|2454, 314144|2516, 314144|2574, 312532|2627, 312532|2922, 312404|3036, 312404|3879, 312420|3964, 312348|4076, com.booking, 
312692|1, 312692|1106, 312700|1199, 312700|1869, 312676|2165, 312672|2272, 312672|3031, 312700|3168, 312716|3310, 312716|4012, com.ted.android, 
312832|1, 312832|273, 312836|319, 312836|1178, 312848|1258, 312860|1308, 312860|2168, 312876|2275, 312904|2329, 312904|3192, 312920|3254, 312924|3311, 312924|4004, com.sometimeswefly.littlealchemy, 
313076|1, 313076|2253, 313084|2322, 313076|2392, 313076|3293, 313116|3485, 313116|4038, com.ted.android, 
313176|1, 313176|496, 313180|562, 313180|1550, 313192|1596, 313200|1638, 313200|2486, 313224|2530, 313224|2576, 313232|2631, 313232|3531, 313252|3588, 313272|3682, 313272|4014, com.ted.android, 
313360|1, 313360|1694, 313372|1828, 313372|2705, 313360|2757, 313344|2848, 313344|3663, 313336|3761, 313344|3916, 313344|4020, com.ted.android, 
313420|1, 313420|1195, 313428|1228, 313428|2046, 313448|2093, 313420|2143, 313420|3108, 313436|3297, 313528|4038, com.ted.android, 
313612|1, 313612|401, 313616|464, 313616|1406, 313620|1444, 313620|2356, 313648|2414, 313532|2510, 313532|3344, 313536|3430, 313540|3547, 313540|4056, com.ted.android, 
313608|1, 313608|893, 313616|947, 313628|1291, 313628|1785, 313632|1961, 313636|2112, 313636|2868, 313656|2982, 313648|3090, 313648|3912, 313652|3949, 313684|3998, 313684|4039, com.ted.android, 
