100|1, 98|438, 98|1206, 97|1278, 97|2312, 96|2373, 96|2582, 97|2665, 97|2804, 96|2840, 96|3052, 95|3090, 95|4014, com.tripadvisor.tripadvisor, 
87|1, 87|815, 86|862, 85|919, 85|1789, 84|1874, 84|1962, 85|2092, 85|2463, 88|2567, 88|3063, 89|3130, 89|3725, 88|3809, 88|4042, com.booking, 
100|1, 99|403, 99|2247, 98|2321, 98|2901, 99|2967, 99|4022, com.tripadvisor.tripadvisor, 
97|1, 96|354, 96|1191, 95|1230, 95|1651, 94|1806, 94|4027, com.github.shadowsocks, 
96|1, 94|359, 94|2048, 93|2115, 93|3134, 94|3183, 95|3244, 95|3395, 96|3437, 97|3508, 97|3693, 98|3762, 98|4005, com.sometimeswefly.littlealchemy, 
93|1, 93|793, 92|832, 92|1788, 91|1894, 91|2293, 92|2378, 92|2724, 94|2814, 95|2882, 95|3362, 96|3425, 96|4089, com.booking, 
106|1, 106|2627, 107|2725, 107|3129, 106|3165, 107|4054, com.tripadvisor.tripadvisor, 
104|1, 103|309, 103|1992, 104|2050, 104|2420, 106|2507, 107|2573, 107|2886, 113|3074, 114|3159, 114|3413, 113|3492, 113|3661, 116|3781, 116|4037, com.booking, 
123|1, 123|3234, 124|3354, 124|3488, 125|3571, 126|3609, 126|3800, 127|3850, 127|4030, com.sometimeswefly.littlealchemy, 
121|1, 121|978, 122|1048, 122|1188, 121|1244, 121|2707, 122|2767, 122|4016, com.tripadvisor.tripadvisor, 
123|1, 123|1688, 122|1864, 122|3066, 123|3123, 123|3352, 124|3406, 125|3495, 125|3650, 126|3708, 126|3803, 125|3843, 125|4014, com.sometimeswefly.littlealchemy, 
117|1, 117|499, 115|555, 115|2146, 116|2242, 116|2620, 118|2699, 119|2743, 119|3809, 118|3860, 118|4039, com.booking, 
123|1, 123|1675, 122|1730, 121|1805, 121|2157, 120|2227, 120|2885, 118|3307, 118|4035, com.github.shadowsocks, 
117|1, 117|1624, 116|1760, 116|2054, 117|2159, 117|2566, 119|2656, 119|4117, com.booking, 
130|1, 130|3126, 131|3191, 131|3390, 133|3476, 133|3689, 134|3755, 134|4030, com.sometimeswefly.littlealchemy, 
135|1, 135|1306, 133|1403, 133|2078, 134|2179, 134|2476, 135|2527, 137|2624, 137|3054, 138|3144, 136|4031, com.booking, 
136|1, 135|262, 135|4056, com.github.shadowsocks, 
130|1, 130|2986, 129|3044, 130|3102, 130|3263, 131|3313, 132|3379, 132|3578, 133|3647, 133|4048, com.sometimeswefly.littlealchemy, 
131|1, 131|584, 130|620, 130|1947, 131|2035, 132|2114, 132|2583, 131|2630, 131|2803, 130|2868, 130|3145, 131|3241, 131|4028, com.ted.android, 
128|1, 127|249, 127|1212, 126|1727, 126|1901, 125|2015, 125|4066, com.github.shadowsocks, 
123|1, 123|1909, 122|2016, 122|2496, 123|2581, 123|3754, 124|3826, 125|3911, 125|4022, com.tripadvisor.tripadvisor, 
126|1, 126|2016, 124|2086, 124|2580, 125|2643, 125|3037, 124|3075, 124|3568, 125|3624, 125|4032, com.tripadvisor.tripadvisor, 
120|1, 120|589, 118|624, 118|1032, 116|1101, 116|1955, 115|1996, 115|3393, 114|3483, 114|3590, 113|3729, 113|3835, 112|3892, 112|4030, com.github.shadowsocks, 
109|1, 109|2257, 108|2296, 107|2334, 107|2733, 108|2821, 108|4003, com.tripadvisor.tripadvisor, 
106|1, 104|198, 104|1277, 103|1329, 103|2936, 104|3032, 104|3213, 105|3260, 106|3303, 106|3348, 105|3416, 105|3474, 106|3527, 106|3647, 105|3689, 104|3741, 104|3919, 103|3995, 103|4040, com.sometimeswefly.littlealchemy, 
94|1, 94|2122, 93|2187, 93|2498, 92|2539, 92|4004, com.github.shadowsocks, 
90|1, 90|1839, 89|1913, 89|1984, 90|2094, 90|2786, 91|2837, 91|3098, 93|3164, 93|3845, 92|3883, 92|3921, 89|3960, 89|4038, com.ted.android, 
91|1, 91|2383, 90|2432, 89|2474, 89|2912, 90|2974, 90|4026, com.tripadvisor.tripadvisor, 
90|1, 90|641, 89|682, 89|858, 88|915, 88|1163, 87|1230, 87|3207, 86|3297, 86|3421, 85|3564, 85|4063, com.github.shadowsocks, 
79|1, 78|204, 78|2099, 77|2153, 77|2359, 76|2429, 76|3870, 75|3945, 75|4017, com.github.shadowsocks, 
75|1, 75|4065, com.github.shadowsocks, 
70|1, 70|655, 69|690, 69|2068, 70|2170, 70|2901, 71|2981, 71|3160, 73|3285, 73|3589, 72|3696, 72|3916, 71|3984, 71|4021, com.ted.android, 
70|1, 70|2424, 69|2471, 69|3097, 70|3180, 70|3588, 69|3621, 69|3928, 68|3971, 68|4031, com.tripadvisor.tripadvisor, 
63|1, 62|143, 62|1984, 63|2076, 63|2438, 65|2509, 66|2554, 66|2990, 67|3056, 67|3512, 66|3566, 66|3945, 65|3990, 65|4052, com.booking, 
75|1, 75|3117, 77|3180, 77|3373, 78|3460, 79|3504, 79|3679, 80|3745, 80|4022, com.sometimeswefly.littlealchemy, 
79|1, 79|1225, 78|1271, 78|4062, com.github.shadowsocks, 
81|1, 81|2989, 82|3043, 82|3258, 83|3304, 84|3346, 84|3556, 85|3612, 84|3664, 84|4044, com.sometimeswefly.littlealchemy, 
84|1, 84|2132, 83|2221, 83|2699, 84|2747, 84|4030, com.tripadvisor.tripadvisor, 
85|1, 85|214, 83|259, 83|642, 82|686, 82|2169, 83|2268, 83|2655, 85|2733, 86|2783, 86|2977, 85|3104, 85|3242, 86|3307, 85|3356, 84|3504, 84|3805, 83|3853, 86|3922, 86|4064, com.booking, 
91|1, 91|225, 89|269, 89|1985, 90|2069, 90|2509, 93|2606, 93|2995, 94|3074, 94|4032, com.booking, 
99|1, 99|1878, 98|2043, 98|3025, 100|3124, 100|3179, 99|3224, 99|3316, 102|3669, 102|3807, 101|3853, 101|4044, com.sometimeswefly.littlealchemy, 
101|1, 101|2175, 102|2253, 102|2646, 104|2724, 105|2807, 105|3128, 106|3174, 106|4089, com.booking, 
110|1, 110|1692, 112|2180, 112|2742, 113|2822, 113|3070, 115|3191, 115|3698, 114|3740, 114|4055, com.ted.android, 
113|1, 113|3193, 114|3260, 114|3416, 113|3466, 114|3520, 115|3564, 115|3768, 116|3883, 116|4015, com.sometimeswefly.littlealchemy, 
114|1, 114|1960, 115|2099, 115|2797, 116|2865, 116|3086, 118|3234, 118|3315, 117|3410, 117|4008, com.ted.android, 
117|1, 117|1820, 116|1900, 116|1993, 117|2146, 117|2875, 118|2958, 117|3053, 117|3111, 119|3244, 119|4024, com.ted.android, 
118|1, 118|1893, 117|1979, 117|2031, 118|2113, 118|2979, 119|3040, 119|3295, 121|3431, 121|4093, com.ted.android, 
121|1, 121|1830, 122|1932, 121|1983, 120|2065, 120|2554, 119|2684, 120|2762, 120|2927, 122|3309, 122|4008, com.ted.android, 
121|1, 121|725, 120|780, 120|1035, 119|1097, 119|1799, 120|1869, 120|2663, 121|2783, 121|2932, 123|3026, 123|3140, 122|3275, 122|3373, 121|3456, 121|3784, 119|3833, 119|4060, com.ted.android, 
116|1, 115|180, 115|576, 114|626, 114|700, 113|735, 113|1993, 114|2137, 114|2831, 118|2899, 118|3127, 119|3193, 120|3351, 120|3878, 119|3915, 119|4033, com.ted.android, 
