2095|1, 2095|283, 2094|337, 2094|3376, 2095|3420, 2095|4003, com.tripadvisor.tripadvisor, 
2094|1, 2094|2222, 2095|2286, 2096|2354, 2098|2456, 2098|3075, 2099|3177, 2099|4004, com.booking, 
2106|1, 2106|296, 2105|341, 2105|428, 2107|470, 2107|838, 2109|1216, 2110|1293, 2110|3804, 2111|3859, 2111|4020, com.tripadvisor.tripadvisor, 
2111|1, 2111|604, 2110|677, 2110|4037, com.github.shadowsocks, 
2110|1, 2110|4031, com.sometimeswefly.littlealchemy, 
2112|1, 2112|316, 2113|356, 2113|1315, 2114|1356, 2114|1454, 2115|1540, 2115|2551, 2116|2627, 2117|2707, 2118|2799, 2118|3144, 2119|3256, 2119|3548, 2120|3657, 2118|3727, 2118|4013, com.booking, 
2122|1, 2122|1233, 2123|1447, 2123|2701, 2124|2749, 2124|3681, 2123|3753, 2123|4029, com.tripadvisor.tripadvisor, 
2123|1, 2123|2321, 2125|2389, 2127|2481, 2127|2637, 2128|2746, 2128|2899, 2127|2959, 2128|3058, 2128|3232, 2126|3309, 2127|3359, 2127|3767, 2128|3858, 2126|3918, 2126|4064, com.booking, 
2129|1, 2129|3063, 2128|3172, 2128|4046, com.sometimeswefly.littlealchemy, 
2130|1, 2130|681, 2133|770, 2133|2740, 2134|2789, 2134|3797, 2133|3860, 2133|4029, com.tripadvisor.tripadvisor, 
2133|1, 2133|4008, com.sometimeswefly.littlealchemy, 
2136|1, 2136|481, 2137|538, 2137|610, 2138|655, 2139|751, 2139|1457, 2140|1551, 2140|2515, 2142|2571, 2143|2652, 2143|2810, 2144|2882, 2144|3142, 2145|3202, 2145|3396, 2146|3445, 2146|4039, com.booking, 
2146|1, 2146|294, 2145|373, 2145|1263, 2144|1302, 2144|4022, com.github.shadowsocks, 
2144|1, 2144|4042, com.booking, 
2156|1, 2156|140, 2154|203, 2153|252, 2153|703, 2152|780, 2152|893, 2151|942, 2151|999, 2152|1057, 2152|4003, com.sometimeswefly.littlealchemy, 
2154|1, 2154|1105, 2155|1191, 2158|1256, 2158|1831, 2159|1962, 2159|2408, 2161|2480, 2161|2533, 2162|2605, 2162|2928, 2163|3004, 2165|3114, 2165|3221, 2166|3319, 2166|3604, 2164|3662, 2162|3803, 2162|4054, com.booking, 
2170|1, 2170|452, 2168|486, 2168|689, 2169|756, 2169|4047, com.github.shadowsocks, 
2170|1, 2170|983, 2174|1053, 2174|1977, 2175|2079, 2175|4038, com.sometimeswefly.littlealchemy, 
2176|1, 2176|2800, 2177|2912, 2179|3021, 2179|3479, 2180|3604, 2180|3740, 2181|3785, 2181|4033, com.ted.android, 
2177|1, 2177|871, 2178|930, 2178|1067, 2179|1622, 2179|4034, com.github.shadowsocks, 
2179|1, 2179|4023, com.tripadvisor.tripadvisor, 
2179|1, 2179|3035, 2180|3093, 2180|3370, 2179|3417, 2179|4004, com.tripadvisor.tripadvisor, 
2179|1, 2179|4029, com.github.shadowsocks, 
2179|1, 2179|3002, 2180|3046, 2179|4049, com.tripadvisor.tripadvisor, 
2179|1, 2179|4005, com.sometimeswefly.littlealchemy, 
2179|1, 2179|4097, com.github.shadowsocks, 
2179|1, 2179|4001, com.ted.android, 
2179|1, 2179|3791, 2180|3842, 2180|4011, com.tripadvisor.tripadvisor, 
2179|1, 2179|4041, com.github.shadowsocks, 
2179|1, 2179|4001, com.github.shadowsocks, 
2179|1, 2179|4052, com.github.shadowsocks, 
2179|1, 2179|2835, 2180|2913, 2182|3044, 2182|3388, 2183|3480, 2183|3716, 2180|3777, 2180|4014, com.ted.android, 
2179|1, 2179|3758, 2180|3816, 2180|4001, com.tripadvisor.tripadvisor, 
2179|1, 2179|2432, 2181|2478, 2182|2540, 2183|2606, 2184|2663, 2184|3027, 2185|3183, 2181|3257, 2181|4061, com.booking, 
2186|1, 2186|1147, 2187|1213, 2187|2383, 2186|2547, 2186|4024, com.sometimeswefly.littlealchemy, 
2187|1, 2187|4015, com.github.shadowsocks, 
2187|1, 2187|4013, com.sometimeswefly.littlealchemy, 
2189|1, 2189|919, 2190|982, 2190|1054, 2191|1141, 2191|2893, 2192|2932, 2192|4011, com.tripadvisor.tripadvisor, 
2192|1, 2192|2675, 2195|2737, 2197|2822, 2198|2946, 2198|3200, 2199|3332, 2200|3407, 2198|3539, 2199|4040, com.booking, 
2198|1, 2198|971, 2197|1049, 2195|1110, 2195|1331, 2194|1674, 2194|2439, 2195|2516, 2196|2601, 2197|2681, 2197|2838, 2198|2913, 2198|2982, 2199|3032, 2200|3141, 2200|3322, 2201|3417, 2199|3506, 2199|3642, 2200|3714, 2196|3829, 2196|4067, com.booking, 
2199|1, 2199|624, 2198|681, 2198|1694, 2197|1751, 2197|4044, com.sometimeswefly.littlealchemy, 
2196|1, 2196|2676, 2197|2738, 2198|2820, 2198|3149, 2199|3261, 2199|3375, 2200|3484, 2200|3654, 2201|3719, 2201|3837, 2200|3922, 2200|4056, com.booking, 
2206|1, 2206|775, 2205|863, 2205|912, 2207|986, 2207|1151, 2208|1227, 2208|1540, 2209|1991, 2209|2150, 2208|2267, 2208|2665, 2209|2800, 2211|2913, 2211|3009, 2212|3143, 2213|3277, 2213|3360, 2209|3469, 2209|3909, 2211|3955, 2212|4059, com.ted.android, 
2211|1, 2211|200, 2212|258, 2212|1188, 2214|1236, 2214|2211, 2216|2292, 2216|4036, com.sometimeswefly.littlealchemy, 
2216|1, 2216|2802, 2217|2884, 2219|3042, 2219|3510, 2220|3590, 2220|3854, 2221|3903, 2221|4023, com.ted.android, 
2218|1, 2218|874, 2219|941, 2219|1016, 2220|1329, 2220|1950, 2221|2071, 2221|2804, 2222|2898, 2223|2957, 2223|3082, 2224|3230, 2224|3880, 2225|3925, 2225|4025, com.ted.android, 
2222|1, 2222|2900, 2225|3075, 2225|3301, 2226|3430, 2226|3584, 2227|3762, 2227|4046, com.ted.android, 
2222|1, 2222|2695, 2223|2778, 2225|3124, 2225|3931, 2226|3988, 2226|4024, com.ted.android, 
2222|1, 2222|2597, 2223|2724, 2224|2853, 2224|2971, 2226|3108, 2226|3308, 2227|3424, 2224|3478, 2224|3551, 2226|3599, 2224|3687, 2224|4031, com.ted.android, 
2222|1, 2222|2720, 2223|2816, 2224|2963, 2224|3030, 2225|3157, 2225|3600, 2226|3649, 2226|3868, 2227|3918, 2227|4047, com.ted.android, 
