350450|1, 350450|363, 350451|411, 350451|3403, 350453|3452, 350453|4016, com.tripadvisor.tripadvisor, 
350460|1, 350460|2295, 350461|2360, 350462|2429, 350466|2531, 350466|2644, 350467|2711, 350467|3250, 350470|3324, 350475|3432, 350477|3519, 350478|3624, 350479|3780, 350479|3821, 350480|3881, 350481|4062, com.booking, 
350553|1, 350553|350, 350555|384, 350555|481, 350560|520, 350560|881, 350567|1262, 350569|1335, 350569|1400, 350571|1444, 350574|1490, 350574|1603, 350576|1745, 350576|2357, 350577|2437, 350577|3418, 350578|3454, 350578|3715, 350579|3782, 350579|3851, 350580|3908, 350580|4033, com.tripadvisor.tripadvisor, 
350589|1, 350589|725, 350591|784, 350591|4050, com.github.shadowsocks, 
350637|1, 350637|4077, com.sometimeswefly.littlealchemy, 
350651|1, 350651|368, 350657|404, 350658|480, 350658|1405, 350668|1453, 350668|1507, 350670|1587, 350670|2650, 350672|2750, 350676|2836, 350676|3061, 350678|3129, 350678|3191, 350680|3271, 350681|3406, 350684|3499, 350685|3550, 350685|3594, 350687|3680, 350688|3769, 350688|4047, com.booking, 
350747|1, 350747|836, 350748|931, 350748|1157, 350751|1213, 350751|1277, 350754|1483, 350754|2695, 350755|2742, 350755|3724, 350757|3785, 350757|4026, com.tripadvisor.tripadvisor, 
350766|1, 350766|2363, 350768|2431, 350769|2507, 350774|2627, 350774|2742, 350780|2931, 350782|3000, 350784|3101, 350785|3186, 350785|3256, 350791|3350, 350792|3404, 350792|3541, 350793|3646, 350793|3713, 350794|3772, 350795|3896, 350796|3962, 350796|4012, com.booking, 
350865|1, 350865|1631, 350867|1789, 350867|3113, 350869|3219, 350869|4049, com.sometimeswefly.littlealchemy, 
350879|1, 350882|159, 350882|739, 350892|815, 350892|876, 350893|947, 350893|2799, 350894|2845, 350894|3783, 350896|3848, 350896|4009, com.tripadvisor.tripadvisor, 
350908|1, 350908|4040, com.sometimeswefly.littlealchemy, 
350923|1, 350923|524, 350929|578, 350929|691, 350933|778, 350933|1573, 350940|1702, 350941|1795, 350941|2556, 350943|2607, 350944|2685, 350946|2766, 350947|2844, 350947|2906, 350951|3000, 350951|3106, 350952|3184, 350954|3232, 350955|3332, 350959|3428, 350959|4030, com.booking, 
351010|1, 351010|4026, com.github.shadowsocks, 
351069|1, 351069|4040, com.booking, 
351147|1, 351147|429, 351148|476, 351148|588, 351149|631, 351149|1030, 351153|1090, 351153|1500, 351154|1816, 351154|4027, com.sometimeswefly.littlealchemy, 
351168|1, 351168|1136, 351170|1211, 351170|1286, 351180|1332, 351181|1388, 351182|1542, 351182|1846, 351185|1983, 351185|2432, 351187|2501, 351187|2564, 351188|2627, 351190|2687, 351190|2951, 351194|3031, 351196|3137, 351199|3236, 351200|3341, 351201|3452, 351203|3505, 351204|3562, 351204|3622, 351205|3693, 351206|3813, 351206|4072, com.booking, 
351260|1, 351260|668, 351262|713, 351262|791, 351263|843, 351263|894, 351264|953, 351264|4009, com.github.shadowsocks, 
351313|1, 351313|1012, 351330|1079, 351333|1131, 351334|1183, 351334|2004, 351337|2079, 351337|4019, com.sometimeswefly.littlealchemy, 
351351|1, 351351|2839, 351352|2942, 351358|3033, 351358|3506, 351362|3616, 351364|3725, 351364|3819, 351368|3863, 351368|4034, com.ted.android, 
351400|1, 351400|882, 351406|960, 351406|1090, 351411|1627, 351411|1974, 351412|2030, 351412|2080, 351413|2187, 351413|2955, 351415|3060, 351415|4056, com.github.shadowsocks, 
351460|1, 351460|4006, com.tripadvisor.tripadvisor, 
351466|1, 351466|3063, 351467|3118, 351467|3235, 351468|3284, 351468|3326, 351469|3365, 351469|3439, 351470|3499, 351470|4030, com.tripadvisor.tripadvisor, 
351484|1, 351484|4038, com.github.shadowsocks, 
351528|1, 351528|2969, 351529|3028, 351529|4020, com.tripadvisor.tripadvisor, 
351542|1, 351542|4030, com.sometimeswefly.littlealchemy, 
351548|1, 351548|4086, com.github.shadowsocks, 
351593|1, 351593|4022, com.ted.android, 
351618|1, 351618|3756, 351619|3810, 351619|4030, com.tripadvisor.tripadvisor, 
351626|1, 351626|4001, com.github.shadowsocks, 
351672|1, 351672|4017, com.github.shadowsocks, 
351717|1, 351717|4066, com.github.shadowsocks, 
351763|1, 351763|2850, 351764|2934, 351770|3052, 351770|3293, 351771|3408, 351774|3477, 351774|4036, com.ted.android, 
351784|1, 351784|2767, 351791|2844, 351791|3785, 351793|3831, 351793|4024, com.tripadvisor.tripadvisor, 
351805|1, 351805|2448, 351807|2492, 351808|2547, 351810|2621, 351812|2666, 351812|2807, 351814|2878, 351814|2994, 351816|3037, 351817|3178, 351821|3264, 351821|4058, com.booking, 
351878|1, 351878|1164, 351880|1230, 351880|1341, 351881|1764, 351882|1902, 351882|2527, 351885|2658, 351885|4037, com.sometimeswefly.littlealchemy, 
351893|1, 351893|4011, com.github.shadowsocks, 
351938|1, 351938|4027, com.sometimeswefly.littlealchemy, 
351962|1, 351962|942, 351966|992, 351966|1058, 351968|1142, 351970|1232, 351970|1955, 351973|2114, 351973|2723, 351974|2800, 351974|2872, 351975|2913, 351978|4027, com.tripadvisor.tripadvisor, 
352000|1, 352000|2699, 352003|2755, 352003|2818, 352009|2951, 352009|3051, 352010|3101, 352012|3167, 352012|3224, 352015|3345, 352019|3426, 352020|3560, 352020|3618, 352022|3676, 352022|3767, 352023|3851, 352023|3921, 352027|3983, 352030|4063, com.booking, 
352076|1, 352076|340, 352077|404, 352077|555, 352078|596, 352078|2528, 352080|2610, 352084|2691, 352084|2863, 352086|2928, 352086|3001, 352088|3054, 352092|3165, 352092|3343, 352098|3426, 352100|3529, 352100|3618, 352102|3661, 352103|3717, 352105|3837, 352109|3971, 352109|4012, com.booking, 
352182|1, 352182|4056, com.sometimeswefly.littlealchemy, 
352190|1, 352190|2687, 352191|2750, 352192|2835, 352194|2928, 352194|3156, 352196|3235, 352196|3355, 352200|3494, 352201|3570, 352202|3669, 352204|3724, 352205|3856, 352206|3931, 352207|4059, com.booking, 
352266|1, 352266|934, 352270|994, 352270|1115, 352271|1167, 352272|1245, 352272|1545, 352275|1996, 352277|2163, 352278|2269, 352278|2684, 352279|2806, 352285|2905, 352285|3002, 352287|3153, 352291|3286, 352292|3384, 352302|4066, com.ted.android, 
352323|1, 352323|234, 352326|285, 352326|338, 352327|403, 352327|1271, 352336|1320, 352336|1360, 352338|1399, 352339|1450, 352339|2243, 352344|2322, 352344|4016, com.sometimeswefly.littlealchemy, 
352352|1, 352352|2811, 352353|2903, 352359|3037, 352359|3595, 352364|3679, 352365|3721, 352365|3879, 352369|3925, 352369|4013, com.ted.android, 
352394|1, 352396|107, 352396|959, 352399|1050, 352400|1120, 352402|1414, 352402|1971, 352404|2096, 352405|2173, 352405|2816, 352408|2929, 352409|2995, 352415|3102, 352421|4020, com.ted.android, 
352444|1, 352444|2936, 352445|3068, 352451|3182, 352451|3426, 352455|3543, 352456|3620, 352460|3798, 352464|3898, 352466|4028, com.ted.android, 
352485|1, 352485|2708, 352486|2783, 352492|3139, 352492|3943, 352497|4000, 352497|4039, com.ted.android, 
352514|1, 352514|2601, 352515|2740, 352521|2861, 352521|3089, 352525|3235, 352525|3317, 352529|3431, 352529|3623, 352536|3714, 352539|4010, com.ted.android, 
352557|1, 352557|2760, 352558|2840, 352563|2960, 352569|3069, 352569|3638, 352573|3686, 352573|3756, 352575|3797, 352575|3909, 352579|3957, 352579|4031, com.ted.android, 
