1550|1, 1550|288, 1549|341, 1549|2324, 1550|2406, 1550|4007, com.tripadvisor.tripadvisor, 
1549|1, 1549|1680, 1550|1828, 1550|2124, 1553|2229, 1553|2718, 1554|2795, 1555|4012, com.booking, 
1559|1, 1559|2560, 1560|2623, 1560|4023, com.tripadvisor.tripadvisor, 
1560|1, 1560|610, 1559|683, 1559|4042, com.github.shadowsocks, 
1558|1, 1558|2881, 1559|2934, 1559|3134, 1560|3193, 1560|4035, com.sometimeswefly.littlealchemy, 
1558|1, 1558|2031, 1559|2130, 1559|2398, 1561|2475, 1562|2554, 1562|3092, 1563|3147, 1563|4016, com.booking, 
1568|1, 1568|2335, 1569|2418, 1569|3684, 1570|3753, 1570|4032, com.tripadvisor.tripadvisor, 
1568|1, 1568|1788, 1569|1856, 1569|2168, 1571|2255, 1572|2324, 1572|2640, 1574|2749, 1575|2902, 1575|3512, 1576|3609, 1576|4067, com.booking, 
1580|1, 1580|2986, 1581|3066, 1581|3251, 1582|3316, 1582|3883, 1583|3942, 1583|4049, com.sometimeswefly.littlealchemy, 
1581|1, 1581|2420, 1582|2494, 1582|3800, 1583|3863, 1583|4032, com.tripadvisor.tripadvisor, 
1581|1, 1581|2919, 1582|2964, 1582|3154, 1583|3202, 1583|4010, com.sometimeswefly.littlealchemy, 
1581|1, 1581|1964, 1582|2103, 1582|2396, 1584|2471, 1585|2518, 1585|2966, 1586|3081, 1586|4039, com.booking, 
1590|1, 1590|4026, com.github.shadowsocks, 
1590|1, 1590|1859, 1591|1946, 1591|4045, com.booking, 
1600|1, 1600|2854, 1601|2927, 1601|3128, 1602|3207, 1602|4004, com.sometimeswefly.littlealchemy, 
1599|1, 1599|1833, 1600|1963, 1600|2322, 1602|2410, 1603|2478, 1603|2849, 1604|2930, 1604|4056, com.booking, 
1607|1, 1607|4051, com.github.shadowsocks, 
1607|1, 1607|2839, 1608|2895, 1608|3104, 1609|3172, 1609|4039, com.sometimeswefly.littlealchemy, 
1607|1, 1607|1831, 1608|1905, 1608|2662, 1609|2734, 1609|2914, 1610|3021, 1611|3117, 1611|4001, com.ted.android, 
1607|1, 1607|4036, com.github.shadowsocks, 
1607|1, 1607|3627, 1608|3714, 1608|4025, com.tripadvisor.tripadvisor, 
1607|1, 1607|2382, 1608|2438, 1608|3419, 1609|3470, 1609|4005, com.tripadvisor.tripadvisor, 
1607|1, 1607|4030, com.github.shadowsocks, 
1607|1, 1607|2632, 1608|2729, 1609|4052, com.tripadvisor.tripadvisor, 
1607|1, 1607|2745, 1608|2855, 1608|3048, 1609|3091, 1609|4006, com.sometimeswefly.littlealchemy, 
1607|1, 1607|4099, com.github.shadowsocks, 
1607|1, 1607|1851, 1608|1949, 1608|2937, 1609|3031, 1610|3106, 1610|4003, com.ted.android, 
1607|1, 1607|2738, 1608|2790, 1608|4012, com.tripadvisor.tripadvisor, 
1607|1, 1607|4042, com.github.shadowsocks, 
1607|1, 1607|4002, com.github.shadowsocks, 
1607|1, 1607|4052, com.github.shadowsocks, 
1607|1, 1607|1856, 1608|1957, 1608|2765, 1609|2836, 1609|3045, 1611|3193, 1611|4015, com.ted.android, 
1607|1, 1607|2880, 1608|2972, 1608|4003, com.tripadvisor.tripadvisor, 
1607|1, 1607|1865, 1608|1946, 1608|2314, 1610|2389, 1611|2433, 1611|2866, 1612|2931, 1612|4057, com.booking, 
1616|1, 1616|2974, 1617|3032, 1617|3226, 1618|3310, 1618|4024, com.sometimeswefly.littlealchemy, 
1616|1, 1616|4015, com.github.shadowsocks, 
1616|1, 1616|2899, 1617|2952, 1617|3117, 1618|3163, 1618|4014, com.sometimeswefly.littlealchemy, 
1616|1, 1616|2596, 1617|2643, 1617|4012, com.tripadvisor.tripadvisor, 
1616|1, 1616|2017, 1617|2098, 1617|2493, 1619|2579, 1620|2630, 1620|3080, 1621|3148, 1621|3745, 1622|3836, 1622|4041, com.booking, 
1624|1, 1624|1831, 1625|1897, 1625|2354, 1627|2433, 1628|2517, 1628|2839, 1629|2914, 1629|3418, 1630|3506, 1630|4061, com.booking, 
1633|1, 1633|2984, 1634|3053, 1634|3190, 1635|3537, 1635|4045, com.sometimeswefly.littlealchemy, 
1633|1, 1633|2116, 1634|2183, 1634|2527, 1636|2600, 1637|2677, 1637|2988, 1638|3055, 1638|4056, com.booking, 
1642|1, 1642|1541, 1643|1991, 1643|2591, 1644|2666, 1644|2914, 1646|3009, 1646|4060, com.ted.android, 
1642|1, 1642|3065, 1643|3132, 1643|3340, 1644|3389, 1644|4038, com.sometimeswefly.littlealchemy, 
1642|1, 1642|1797, 1643|1930, 1643|2703, 1644|2803, 1644|2885, 1646|3032, 1646|4024, com.ted.android, 
1642|1, 1642|1953, 1643|2073, 1643|2733, 1644|2807, 1644|2960, 1646|3085, 1646|4028, com.ted.android, 
1642|1, 1642|1893, 1643|2003, 1643|2833, 1644|2902, 1644|3077, 1646|3182, 1646|4048, com.ted.android, 
1642|1, 1642|1693, 1643|1782, 1643|2520, 1644|2635, 1644|2779, 1646|3125, 1646|4025, com.ted.android, 
1642|1, 1642|1645, 1643|1718, 1643|2512, 1644|2598, 1644|2725, 1645|2853, 1646|2972, 1646|4031, com.ted.android, 
1642|1, 1642|1816, 1643|1937, 1643|2722, 1645|2818, 1644|2965, 1644|3032, 1646|3158, 1646|4048, com.ted.android, 
