262250016|1, 262250016|154, 262250068|203, 262250068|3197, 262250188|3244, 262250188|4008, com.tripadvisor.tripadvisor, 
262251085|1, 262251085|2118, 262251145|2182, 262254002|2270, 262256800|2358, 262256800|2478, 262257102|2537, 262257102|2974, 262257886|3076, 262261351|3188, 262264147|3277, 262264454|3358, 262264756|3499, 262264756|3594, 262264808|3646, 262264808|3732, 262265120|3818, 262265180|4028, com.booking, 
262294423|1, 262294423|250, 262296308|302, 262296308|348, 262302322|385, 262302322|799, 262303017|1173, 262303069|1257, 262303483|1308, 262303483|1350, 262303687|1425, 262303687|1555, 262303815|1701, 262303815|2272, 262303867|2368, 262303867|3320, 262303943|3368, 262303943|3633, 262304003|3710, 262304063|3770, 262304063|4011, com.tripadvisor.tripadvisor, 
262305058|1, 262305058|552, 262305162|625, 262305162|4032, com.github.shadowsocks, 
262356362|1, 262356362|2837, 262356472|2898, 262356472|4034, com.sometimeswefly.littlealchemy, 
262358234|1, 262358234|271, 262358668|317, 262358668|1272, 262359284|1315, 262359284|1365, 262359436|1414, 262359436|2510, 262359556|2614, 262362354|2668, 262365151|2781, 262365151|2989, 262366824|3052, 262366824|3126, 262366936|3220, 262367787|3343, 262367839|3416, 262367839|3458, 262368030|3517, 262369245|3617, 262369245|4014, com.booking, 
262399930|1, 262399930|714, 262399982|794, 262399982|1082, 262403197|1154, 262403197|1195, 262406180|1426, 262406180|2575, 262406240|2620, 262406240|3643, 262406841|3719, 262406841|4028, com.tripadvisor.tripadvisor, 
262413433|1, 262413433|2276, 262413553|2346, 262416410|2442, 262420580|2544, 262420580|2590, 262423218|2776, 262423270|2863, 262423382|2917, 262423434|3014, 262423856|3116, 262423856|3187, 262429999|3266, 262431425|3318, 262431425|3365, 262432197|3484, 262432197|3568, 262432249|3633, 262432249|3736, 262433519|3813, 262433519|4062, com.booking, 
262472485|1, 262472485|1381, 262472549|1609, 262472601|1738, 262472601|2941, 262474327|3060, 262474327|4042, com.sometimeswefly.littlealchemy, 
262475997|1, 262475997|591, 262476681|660, 262476681|735, 262476757|798, 262476757|2659, 262476817|2704, 262476817|3692, 262477418|3767, 262477418|4020, com.tripadvisor.tripadvisor, 
262483235|1, 262483235|4025, com.sometimeswefly.littlealchemy, 
262485217|1, 262485217|445, 262485552|505, 262485552|573, 262485680|628, 262485808|722, 262485808|1419, 262486244|1537, 262486320|1650, 262486320|1882, 262486486|1976, 262486486|2478, 262486606|2553, 262489463|2639, 262490833|2717, 262490833|2776, 262495303|2867, 262495303|2943, 262495355|3052, 262495657|3107, 262495717|3170, 262499064|3264, 262499064|4024, com.booking, 
262524870|1, 262524870|4071, com.github.shadowsocks, 
262580114|1, 262580114|4001, com.booking, 
262630911|1, 262630911|315, 262630963|357, 262630963|512, 262631385|557, 262631385|964, 262634790|1028, 262634790|1588, 262635212|1892, 262635212|4022, com.sometimeswefly.littlealchemy, 
262636939|1, 262636939|1063, 262637067|1159, 262637658|1215, 262637658|1261, 262637810|1363, 262637810|1835, 262637990|1934, 262637990|2380, 262638110|2445, 262638170|2502, 262640966|2569, 262640966|2810, 262642767|2896, 262642767|2976, 262644253|3078, 262647236|3190, 262647845|3320, 262647949|3388, 262648009|3435, 262648009|3493, 262648431|3569, 262648890|3643, 262649349|4033, com.booking, 
262677478|1, 262677478|548, 262680330|586, 262680330|655, 262681756|715, 262681756|769, 262681816|820, 262681816|4009, com.github.shadowsocks, 
262737411|1, 262737411|913, 262738539|967, 262738666|1032, 262738794|1081, 262738794|1958, 262738974|2056, 262738974|4016, com.sometimeswefly.littlealchemy, 
262740734|1, 262740734|1808, 262740888|1887, 262740888|2714, 262740968|2788, 262746466|2919, 262746559|3015, 262746559|3367, 262746806|3464, 262747077|3618, 262747077|3716, 262750266|3763, 262750266|4010, com.ted.android, 
262767640|1, 262767640|843, 262767975|903, 262767975|974, 262768307|1478, 262768307|1852, 262768383|1917, 262768383|1966, 262768435|2024, 262768435|2820, 262768562|2920, 262768562|4005, com.github.shadowsocks, 
262819437|1, 262819437|3537, 262819705|3605, 262819931|3692, 262819931|4027, com.tripadvisor.tripadvisor, 
262820764|1, 262820764|2963, 262820824|3011, 262820824|3138, 262820884|3181, 262820884|3223, 262820936|3265, 262820936|3338, 262821485|3392, 262821485|4014, com.tripadvisor.tripadvisor, 
262829133|1, 262829133|4011, com.github.shadowsocks, 
262880104|1, 262880104|2870, 262880164|2918, 262880164|3914, 262880765|3977, 262880765|4030, com.tripadvisor.tripadvisor, 
262887958|1, 262887958|4043, com.sometimeswefly.littlealchemy, 
262889219|1, 262889219|4084, com.github.shadowsocks, 
262939958|1, 262939958|78, 262940026|119, 262940026|3937, 262940207|3994, 262940207|4034, com.ted.android, 
262952971|1, 262952971|3664, 262953031|3717, 262953031|4040, com.tripadvisor.tripadvisor, 
262953928|1, 262953928|4076, com.github.shadowsocks, 
263006166|1, 263006166|4045, com.github.shadowsocks, 
263056868|1, 263056868|4047, com.github.shadowsocks, 
263109009|1, 263109009|2817, 263109089|2942, 263114587|3066, 263114587|3193, 263114702|3319, 263114702|3373, 263114906|3477, 263114906|4035, com.ted.android, 
263119208|1, 263119208|2648, 263123867|2757, 263123867|3704, 263123987|3745, 263123987|4040, com.tripadvisor.tripadvisor, 
263131772|1, 263131772|2373, 263131832|2417, 263131892|2463, 263134749|2539, 263134749|2594, 263137546|2670, 263137546|2789, 263138150|2853, 263138150|2920, 263138254|2961, 263138314|3032, 263140292|3173, 263140604|3246, 263142295|4084, com.booking, 
263180886|1, 263180886|1137, 263183683|1208, 263183683|1297, 263183799|1789, 263183799|2389, 263185967|2545, 263185967|2956, 263186065|3017, 263186065|4032, com.sometimeswefly.littlealchemy, 
263187433|1, 263187433|4017, com.github.shadowsocks, 
263238529|1, 263238529|4005, com.sometimeswefly.littlealchemy, 
263240893|1, 263240893|844, 263241125|891, 263241125|1028, 263241381|1122, 263241381|1713, 263241561|1980, 263241561|2608, 263241613|2679, 263241613|2777, 263241673|2814, 263241673|3892, 263242823|3983, 263242823|4037, com.tripadvisor.tripadvisor, 
263252075|1, 263252075|2617, 263252195|2668, 263252255|2732, 263260645|2809, 263260645|2937, 263262016|3019, 263262620|3068, 263262620|3141, 263262672|3188, 263265819|3337, 263266241|3417, 263266241|3528, 263266850|3592, 263266850|3687, 263267370|3754, 263267370|3825, 263272032|3897, 263273830|4035, com.booking, 
263293651|1, 263293651|248, 263293703|313, 263293703|471, 263294042|510, 263294042|2429, 263294162|2504, 263296959|2590, 263299756|2667, 263299756|2823, 263300360|2901, 263300472|2965, 263300524|3074, 263303508|3157, 263303508|3313, 263309874|3409, 263309986|3525, 263312783|3574, 263312843|3624, 263313724|3697, 263315702|3859, 263315702|4072, com.booking, 
263354211|1, 263354211|2981, 263354321|3040, 263354321|4036, com.sometimeswefly.littlealchemy, 
263355709|1, 263355709|2589, 263355769|2671, 263355829|2746, 263355829|2810, 263358626|2913, 263358626|3081, 263358988|3146, 263358988|3249, 263362023|3378, 263362445|3484, 263362752|3583, 263362804|3639, 263362864|3756, 263364694|3849, 263366120|3953, 263366120|4048, com.booking, 
263396748|1, 263396748|907, 263397003|987, 263397280|1079, 263397374|1149, 263397374|1531, 263398103|2013, 263398963|2149, 263398963|2660, 263404541|2802, 263404541|3023, 263405016|3183, 263405076|3283, 263405076|3895, 263412491|3950, 263412491|4044, com.ted.android, 
263417492|1, 263417492|136, 263417671|177, 263417671|237, 263417746|295, 263417746|1168, 263418334|1214, 263418334|1263, 263418486|1300, 263418562|1353, 263418562|2190, 263418870|2276, 263418870|4016, com.sometimeswefly.littlealchemy, 
263420258|1, 263420258|2784, 263420338|2911, 263425836|3060, 263425836|3488, 263426270|3579, 263426270|3632, 263426342|3676, 263426342|3790, 263429531|3832, 263429531|4051, com.ted.android, 
263436016|1, 263436016|856, 263436196|937, 263436196|1001, 263436399|1312, 263436399|1828, 263436527|1973, 263436603|2067, 263436603|2710, 263436783|2791, 263436863|2885, 263442361|2942, 263442361|3859, 263442890|3911, 263443046|4016, com.ted.android, 
263451282|1, 263451282|2817, 263451362|2923, 263456860|3071, 263456860|3309, 263457107|3423, 263457251|3512, 263457251|3600, 263460440|3753, 263463677|3870, 263463677|3913, 263464108|3978, 263464108|4028, com.ted.android, 
263474005|1, 263474005|2683, 263474085|2787, 263479583|3171, 263479583|3871, 263480060|3921, 263480132|4012, com.ted.android, 
263487973|1, 263487973|2619, 263488053|2768, 263493551|2860, 263493551|2976, 263493798|3112, 263493870|3209, 263493870|3292, 263497059|3411, 263497059|3539, 263500799|3620, 263500799|3827, 263501477|3894, 263501477|4017, com.ted.android, 
263511195|1, 263511195|2656, 263511447|2722, 263512483|2841, 263517981|2948, 263517981|3587, 263518343|3646, 263518499|3702, 263518499|3812, 263521688|3857, 263521688|4036, com.ted.android, 
