54855182|1, 54855182|2176, 54855242|2255, 54855242|3204, 54855418|3252, 54856673|3300, 54856673|4016, com.tripadvisor.tripadvisor, 
54858252|1, 54858252|1528, 54858332|1644, 54858332|2027, 54858512|2130, 54858803|2195, 54859198|2278, 54859302|2371, 54859576|2415, 54859576|2492, 54859628|2550, 54860628|2620, 54860688|2693, 54860688|2987, 54862529|3087, 54863040|3201, 54863260|3290, 54864351|3367, 54864540|3508, 54865789|3607, 54865789|3660, 54865849|3745, 54865849|3831, 54865961|3913, 54866312|4039, com.booking, 
54885351|1, 54885351|256, 54885455|307, 54885455|354, 54885727|390, 54885727|803, 54887173|1178, 54887237|1262, 54887289|1313, 54887341|1355, 54887497|1422, 54887497|1560, 54887613|1706, 54887613|2278, 54887677|2372, 54887677|2517, 54887737|2582, 54887737|3325, 54887789|3370, 54887789|3503, 54887849|3580, 54887849|3638, 54887901|3714, 54887965|3772, 54889220|3820, 54889220|4017, com.tripadvisor.tripadvisor, 
54890216|1, 54890216|4035, com.github.shadowsocks, 
54895629|1, 54895629|2842, 54895709|2896, 54895709|3054, 54895789|3094, 54895849|3168, 54895849|3352, 54895909|3421, 54895909|3797, 54895989|3853, 54895989|4039, com.sometimeswefly.littlealchemy, 
54897954|1, 54897954|278, 54898314|323, 54898314|1279, 54898930|1321, 54898930|1372, 54899034|1420, 54899034|1926, 54899114|2006, 54899114|2359, 54899234|2438, 54899294|2515, 54899876|2619, 54899940|2674, 54900096|2787, 54900096|2832, 54900370|2922, 54900450|2995, 54901546|3058, 54901546|3132, 54902167|3226, 54903584|3349, 54903696|3421, 54903696|3464, 54904051|3523, 54904051|3624, 54904103|3698, 54904103|4020, com.booking, 
54920104|1, 54920104|552, 54920220|606, 54920220|719, 54921168|786, 54921168|978, 54921407|1033, 54921407|1087, 54922132|1156, 54922132|1201, 54922288|1429, 54922288|2299, 54922348|2395, 54922348|2625, 54922400|2676, 54923638|2718, 54923638|3649, 54923802|3724, 54923802|4034, com.tripadvisor.tripadvisor, 
54924544|1, 54924544|1703, 54924624|1754, 54924624|2131, 54924744|2216, 54924804|2282, 54925386|2353, 54925781|2448, 54925949|2550, 54925949|2597, 54926795|2712, 54929172|2869, 54929224|2924, 54929793|3021, 54929845|3113, 54929845|3194, 54930129|3271, 54930181|3324, 54930318|3371, 54931338|3490, 54931398|3574, 54931398|3640, 54931458|3742, 54931745|3819, 54931797|3885, 54931857|4065, com.booking, 
54949573|1, 54949573|798, 54949633|843, 54949633|1387, 54950691|1613, 54950691|2948, 54950835|3065, 54950835|3201, 54950915|3283, 54950975|3323, 54950975|3514, 54951035|3563, 54951035|3832, 54951115|3894, 54951115|3949, 54951195|4000, 54951195|4047, com.sometimeswefly.littlealchemy, 
54953080|1, 54953080|595, 54953556|664, 54953608|736, 54953672|802, 54953672|1938, 54953752|1991, 54953752|2381, 54953812|2459, 54953812|2664, 54953864|2708, 54955119|2753, 54955119|3697, 54955283|3771, 54955283|4025, com.tripadvisor.tripadvisor, 
54956339|1, 54956339|1079, 54956419|1153, 54956419|2888, 54956499|2933, 54956499|3120, 54956579|3172, 54956639|3262, 54956639|3417, 54956699|3473, 54956699|3873, 54956779|3928, 54956779|4030, com.sometimeswefly.littlealchemy, 
54958832|1, 54958832|447, 54959148|508, 54959148|577, 54959264|630, 54959380|725, 54959380|1423, 54959804|1539, 54959868|1651, 54959868|1886, 54959948|1979, 54959948|2360, 54960068|2437, 54960128|2481, 54960710|2556, 54961105|2642, 54961169|2720, 54961306|2779, 54961538|2859, 54962787|2947, 54963064|3051, 54964036|3110, 54964657|3171, 54964877|3267, 54964993|3364, 54964993|4012, com.booking, 
54980736|1, 54980736|4075, com.github.shadowsocks, 
54988114|1, 54988114|1741, 54988194|1840, 54988194|2743, 54988274|2828, 54988274|4007, com.booking, 
55009401|1, 55009401|175, 55010321|223, 55010321|518, 55010373|562, 55010373|815, 55010942|866, 55010942|970, 55011162|1034, 55011162|1595, 55011226|1897, 55011226|2822, 55011306|2896, 55011306|3095, 55011446|3181, 55011446|3394, 55011506|3457, 55011506|3836, 55011586|3873, 55011586|4028, com.sometimeswefly.littlealchemy, 
55013483|1, 55013483|1068, 55013599|1162, 55014139|1220, 55014139|1266, 55014267|1366, 55014267|1809, 55014527|1936, 55014527|2287, 55014707|2383, 55015289|2447, 55015580|2507, 55015684|2573, 55015684|2734, 55015821|2814, 55017249|2900, 55017249|2981, 55017922|3081, 55018331|3194, 55020394|3320, 55020394|3384, 55020458|3439, 55020458|3497, 55020510|3573, 55020510|3644, 55020562|3777, 55020686|4037, com.booking, 
55036190|1, 55036190|558, 55036318|595, 55036318|665, 55036370|723, 55036370|822, 55036434|899, 55036434|4013, com.github.shadowsocks, 
55042284|1, 55042284|917, 55043196|970, 55043196|1036, 55043364|1084, 55043416|1153, 55043416|1961, 55043596|2060, 55043596|2813, 55043676|2871, 55043676|3036, 55043756|3084, 55043816|3151, 55043816|3348, 55043876|3417, 55043876|3821, 55043956|3880, 55043956|4020, com.sometimeswefly.littlealchemy, 
55046935|1, 55046935|1811, 55047015|1890, 55047015|2646, 55047095|2715, 55047167|2786, 55047861|2922, 55048001|3018, 55048001|3100, 55050998|3181, 55050998|3370, 55052551|3467, 55052635|3620, 55052635|3720, 55052791|3766, 55052969|3806, 55053049|4014, com.ted.android, 
55056924|1, 55056924|850, 55057220|909, 55057272|980, 55057388|1483, 55057568|1607, 55057568|1923, 55057620|1972, 55057684|2030, 55057684|2820, 55057800|2926, 55057800|4011, com.github.shadowsocks, 
55063155|1, 55063155|648, 55063724|702, 55063724|3609, 55063784|3695, 55063784|4031, com.tripadvisor.tripadvisor, 
55065411|1, 55065411|2352, 55065471|2412, 55065471|2965, 55065523|3012, 55066778|3069, 55066778|3140, 55066842|3182, 55066842|3341, 55067006|3393, 55067006|4017, com.tripadvisor.tripadvisor, 
55069298|1, 55069298|4011, com.github.shadowsocks, 
55074588|1, 55074588|91, 55075157|136, 55075157|2628, 55075217|2705, 55075217|2922, 55076524|2981, 55076524|3918, 55076576|3980, 55076688|4033, com.tripadvisor.tripadvisor, 
55077522|1, 55077522|2747, 55077602|2840, 55077602|3026, 55077682|3072, 55077742|3115, 55077742|3338, 55077802|3403, 55077802|3732, 55077882|3807, 55077962|4045, com.sometimeswefly.littlealchemy, 
55079272|1, 55079272|4087, com.github.shadowsocks, 
55084615|1, 55084615|1843, 55084695|1952, 55084695|2847, 55084775|2957, 55084835|3022, 55084915|3093, 55084915|3939, 55085027|3994, 55085339|4035, com.ted.android, 
55091424|1, 55091424|2663, 55091484|2724, 55091484|3667, 55091544|3719, 55092851|3776, 55092851|4041, com.tripadvisor.tripadvisor, 
55094394|1, 55094394|4077, com.github.shadowsocks, 
55100381|1, 55100381|4046, com.github.shadowsocks, 
55105725|1, 55105725|4048, com.github.shadowsocks, 
55111131|1, 55111131|1849, 55111211|1955, 55111211|2687, 55111291|2763, 55111291|2820, 55111697|2930, 55112197|3066, 55115194|3188, 55116234|3321, 55116234|3375, 55116518|3479, 55116518|4002, com.ted.android, 
55117763|1, 55117763|2644, 55118183|2757, 55118183|2874, 55118243|2956, 55118243|3705, 55118359|3746, 55119614|3806, 55119614|4038, com.tripadvisor.tripadvisor, 
55120706|1, 55120706|1849, 55120786|1938, 55120786|2300, 55120906|2374, 55121018|2418, 55121548|2464, 55121943|2539, 55121943|2595, 55122059|2671, 55122333|2735, 55122333|2790, 55124606|2852, 55124746|2921, 55124746|2963, 55125367|3028, 55125495|3172, 55125599|3247, 55125651|4085, com.booking, 
55138237|1, 55138237|996, 55138476|1074, 55138476|1138, 55138580|1209, 55138580|1300, 55139719|1791, 55139719|2390, 55139835|2542, 55139835|2958, 55139915|3019, 55139915|3215, 55139995|3299, 55140055|3344, 55140055|3513, 55140115|3586, 55140195|4032, com.sometimeswefly.littlealchemy, 
55141732|1, 55141732|4017, com.github.shadowsocks, 
55147074|1, 55147074|2886, 55147154|2939, 55147154|3105, 55147234|3149, 55147234|3192, 55147294|3238, 55147294|3402, 55147354|3457, 55147434|4005, com.sometimeswefly.littlealchemy, 
55149935|1, 55149935|847, 55150115|894, 55150115|1031, 55150347|1121, 55150347|1697, 55150463|1983, 55150463|2564, 55150523|2611, 55150587|2682, 55150587|2781, 55150639|2817, 55151877|2863, 55151877|3896, 55152105|3985, 55152105|4036, com.tripadvisor.tripadvisor, 
55156073|1, 55156073|2003, 55156153|2103, 55156153|2491, 55156273|2568, 55156333|2619, 55156385|2669, 55157206|2731, 55157414|2810, 55157518|2936, 55157993|3021, 55158177|3070, 55160213|3143, 55160370|3191, 55161055|3339, 55161159|3420, 55161327|3530, 55163719|3594, 55163719|3756, 55163779|3827, 55163971|3899, 55164362|4037, com.booking, 
55177971|1, 55177971|150, 55178933|195, 55178933|474, 55178985|512, 55178985|1815, 55179065|1888, 55179065|2339, 55179245|2431, 55179536|2506, 55179931|2592, 55180035|2669, 55180309|2759, 55180309|2826, 55182529|2903, 55182738|2968, 55183307|3075, 55183475|3149, 55183591|3234, 55183591|3315, 55184958|3409, 55185249|3526, 55185353|3576, 55185640|3626, 55185692|3700, 55187310|3861, 55187370|4071, com.booking, 
55206960|1, 55206960|2982, 55207040|3042, 55207040|3179, 55207240|3531, 55207320|4034, com.sometimeswefly.littlealchemy, 
55208913|1, 55208913|2112, 55208993|2171, 55208993|2513, 55209113|2589, 55209225|2672, 55209464|2746, 55209755|2811, 55209859|2914, 55209996|2994, 55210056|3041, 55210056|3081, 55210240|3146, 55211729|3250, 55211885|3378, 55212001|3477, 55213204|3583, 55213204|3641, 55213495|3757, 55213559|3850, 55213663|3954, 55213800|4047, com.booking, 
55228482|1, 55228482|909, 55229283|979, 55229335|1080, 55229399|1149, 55229399|1532, 55230693|2013, 55230693|2148, 55230745|2258, 55230745|2581, 55230825|2655, 55231151|2803, 55231591|2910, 55238988|3022, 55239227|3183, 55239511|3284, 55239511|3896, 55240191|3951, 55240369|4045, com.ted.android, 
55242304|1, 55242304|139, 55242484|179, 55242484|240, 55242548|297, 55242548|1171, 55243012|1216, 55243012|1302, 55243204|1355, 55243204|2193, 55243384|2276, 55243384|3043, 55243464|3110, 55243464|3316, 55243544|3368, 55243604|3414, 55243604|3618, 55243664|3732, 55243664|4018, com.sometimeswefly.littlealchemy, 
55245349|1, 55245349|1787, 55245429|1914, 55245429|2618, 55245509|2689, 55245509|2786, 55245915|2911, 55246415|3061, 55249412|3141, 55249412|3489, 55250892|3579, 55250892|3792, 55251060|3833, 55251238|3882, 55251318|4001, com.ted.android, 
55253406|1, 55253522|53, 55253522|858, 55253702|937, 55253702|1002, 55253882|1313, 55253882|1830, 55254078|1968, 55254142|2066, 55254142|2711, 55254338|2792, 55254664|2885, 55255104|2943, 55255401|3071, 55258241|3235, 55258241|3861, 55259954|3912, 55259954|4017, com.ted.android, 
55261913|1, 55261913|1883, 55261993|1989, 55261993|2756, 55262073|2817, 55262225|2925, 55262839|3073, 55262979|3202, 55263136|3307, 55267371|3423, 55267371|3602, 55267705|3755, 55267993|3872, 55267993|3916, 55268336|3980, 55268336|4031, com.ted.android, 
55270061|1, 55270061|1692, 55270141|1790, 55270141|2544, 55270221|2624, 55270221|2684, 55270627|2786, 55274124|3154, 55274124|3873, 55275696|3921, 55275696|4014, com.ted.android, 
55277331|1, 55277331|1636, 55277411|1705, 55277411|2501, 55277491|2620, 55277897|2724, 55278397|2845, 55278554|2964, 55282718|3112, 55282718|3293, 55283052|3412, 55283052|3540, 55283559|3619, 55283611|3671, 55283611|3788, 55283691|3828, 55283833|3896, 55283833|4017, com.ted.android, 
55286018|1, 55286018|1817, 55286098|1924, 55286098|2658, 55286238|2723, 55287414|2842, 55287854|2949, 55287914|3016, 55290991|3173, 55290991|3586, 55292556|3644, 55292556|3813, 55292712|3855, 55292890|3903, 55292890|4036, com.ted.android, 
