43540|1, 43540|484, 43544|525, 43544|1517, 43572|1625, 43680|1759, 43692|1813, 43692|2175, 43700|2212, 43700|2268, 43712|2333, 43712|4010, com.tripadvisor.tripadvisor, 
43732|1, 43732|614, 43740|682, 43740|1485, 43744|1625, 43792|1693, 43820|1778, 43872|1849, 43876|1896, 43876|2139, 43916|2204, 43916|2252, 43920|2323, 43920|2382, 43936|2442, 43960|2543, 43960|3180, 43968|3253, 43976|3310, 44004|3406, 44020|3501, 44036|3612, 44052|3700, 44052|3797, 44056|3973, 44056|4017, com.booking, 
44208|1, 44208|1772, 44260|1908, 44324|2056, 44344|2151, 44344|2324, 44348|2367, 44360|2413, 44360|2463, 44380|2518, 44392|2566, 44392|2860, 44400|2925, 44400|3384, 44408|3626, 44408|3846, 44416|3921, 44416|4056, com.tripadvisor.tripadvisor, 
44424|1, 44424|557, 44428|616, 44432|649, 44432|1626, 44484|1777, 44536|1875, 44580|1942, 44580|1993, 44588|2057, 44592|2135, 44592|2263, 44596|2320, 44608|2369, 44608|2702, 44612|2784, 44612|3018, 44616|3101, 44628|3169, 44628|3427, 44636|3557, 44640|3633, 44640|3771, 44644|3845, 44644|4077, com.github.shadowsocks, 
44696|1, 44696|533, 44700|591, 44704|625, 44704|1590, 44724|1733, 44788|1840, 44844|1933, 44844|4032, com.sometimeswefly.littlealchemy, 
44872|1, 44872|646, 44876|712, 44876|1751, 44884|1884, 44932|1993, 44956|2041, 44972|2086, 44988|2148, 44988|2434, 45016|2511, 45020|2570, 45032|2638, 45032|2679, 45068|2778, 45076|2844, 45084|2942, 45084|3454, 45096|3556, 45128|3677, 45144|3744, 45144|3848, 45168|3946, 45168|4045, com.booking, 
45324|1, 45324|1714, 45384|1965, 45424|2035, 45484|2177, 45484|2287, 45496|2326, 45504|2364, 45512|2400, 45532|2460, 45532|3377, 45536|3439, 45548|3489, 45556|4006, com.tripadvisor.tripadvisor, 
45572|1, 45572|572, 45576|620, 45580|656, 45580|1603, 45640|1750, 45672|1816, 45704|1853, 45736|1904, 45740|1946, 45740|2058, 45744|2167, 45772|2222, 45776|2269, 45776|2374, 45808|2474, 45808|3171, 45820|3265, 45840|3368, 45848|3449, 45856|3519, 45856|3617, 45912|3759, 45928|4002, com.booking, 
46088|1, 46088|1669, 46124|1893, 46196|2029, 46232|2116, 46232|2731, 46244|2967, 46244|3220, 46260|3341, 46264|4031, com.sometimeswefly.littlealchemy, 
46268|1, 46268|536, 46276|602, 46276|1709, 46280|1821, 46344|1915, 46380|2015, 46384|2116, 46384|2361, 46396|2412, 46404|2463, 46404|4022, com.tripadvisor.tripadvisor, 
46428|1, 46428|578, 46432|639, 46436|676, 46436|1659, 46512|1854, 46560|1943, 46560|3374, 46564|3462, 46564|4022, com.sometimeswefly.littlealchemy, 
46588|1, 46588|652, 46592|704, 46592|1790, 46628|1919, 46644|1973, 46688|2027, 46696|2088, 46696|2238, 46700|2358, 46728|2418, 46728|2461, 46736|2501, 46736|2547, 46740|2621, 46764|2682, 46764|2890, 46768|2967, 46768|3356, 46776|3448, 46776|3514, 46800|3608, 46804|3689, 46812|3751, 46812|3791, 46828|3843, 46844|3886, 46848|4051, com.booking, 
46984|1, 46984|1778, 47012|1875, 47040|1951, 47064|2019, 47092|2076, 47100|2130, 47100|2202, 47116|2281, 47116|2498, 47120|2579, 47128|2681, 47128|2818, 47132|2971, 47136|3289, 47136|3369, 47152|3475, 47164|3561, 47164|3789, 47176|3896, 47180|3963, 47188|4019, com.github.shadowsocks, 
47232|1, 47232|660, 47236|711, 47240|747, 47240|1559, 47248|1698, 47284|1776, 47304|1826, 47340|1879, 47340|2214, 47368|2261, 47368|2317, 47372|2369, 47380|2439, 47380|2506, 47396|2596, 47396|3199, 47404|3300, 47408|3352, 47424|3403, 47428|3458, 47440|3536, 47448|3611, 47448|3747, 47476|3820, 47484|3863, 47484|4095, com.booking, 
47600|1, 47600|1580, 47604|1947, 47648|2204, 47700|2307, 47712|2367, 47712|2818, 47716|2905, 47716|3376, 47724|3464, 47732|4016, com.sometimeswefly.littlealchemy, 
47740|1, 47740|658, 47744|721, 47748|755, 47748|1589, 47792|1745, 47828|1808, 47852|1858, 47868|1912, 47868|2163, 47872|2251, 47896|2340, 47900|2410, 47912|2457, 47932|2521, 47968|2605, 47968|3204, 47980|3311, 48008|3443, 48020|3559, 48020|3716, 48056|3802, 48064|4013, com.booking, 
48228|1, 48228|1775, 48244|1866, 48300|1970, 48328|2036, 48332|2091, 48332|2258, 48340|2329, 48348|2394, 48348|2474, 48364|2552, 48364|3024, 48368|3094, 48368|3332, 48372|3454, 48380|3536, 48400|4057, com.github.shadowsocks, 
48464|1, 48464|1629, 48472|1723, 48540|1831, 48568|1927, 48568|2897, 48576|2962, 48576|4027, com.sometimeswefly.littlealchemy, 
48592|1, 48592|652, 48596|685, 48596|1686, 48672|1860, 48720|1928, 48732|2030, 48732|2388, 48740|2425, 48740|2512, 48756|2562, 48756|2920, 48776|3005, 48780|3137, 48780|3391, 48788|3499, 48788|3671, 48800|3825, 48800|4006, com.ted.android, 
48832|1, 48832|645, 48836|719, 48840|774, 48840|1197, 48864|1723, 48908|1824, 48940|1890, 48984|2009, 49000|2077, 49000|2270, 49008|2350, 49008|2934, 49016|3055, 49016|3311, 49032|3485, 49032|3641, 49044|3745, 49044|3873, 49048|3929, 49048|4059, com.github.shadowsocks, 
49076|1, 49076|1617, 49124|1765, 49148|1826, 49192|1897, 49224|2005, 49224|2200, 49236|2237, 49248|2277, 49272|2311, 49296|2357, 49296|2987, 49300|3100, 49300|4013, com.tripadvisor.tripadvisor, 
49320|1, 49320|1673, 49336|1803, 49376|1885, 49396|1959, 49400|2013, 49408|2080, 49408|2319, 49420|2356, 49420|2393, 49444|2440, 49444|4024, com.tripadvisor.tripadvisor, 
49468|1, 49468|739, 49472|775, 49472|1612, 49504|1748, 49556|1813, 49592|1891, 49592|2035, 49604|2077, 49604|2294, 49620|2381, 49620|2932, 49628|3021, 49628|3319, 49632|3386, 49644|3474, 49644|3725, 49652|3826, 49660|3890, 49660|4028, com.github.shadowsocks, 
49692|1, 49692|1815, 49740|1923, 49784|2020, 49784|2312, 49788|2351, 49792|2401, 49792|2452, 49796|2487, 49812|2540, 49812|2806, 49820|2877, 49820|4045, com.tripadvisor.tripadvisor, 
49828|1, 49828|605, 49832|659, 49832|1548, 49840|1642, 49876|1738, 49888|1803, 49932|1870, 49940|1933, 49940|4029, com.sometimeswefly.littlealchemy, 
49968|1, 49968|1660, 49992|1781, 50028|1852, 50076|1917, 50092|1986, 50092|2048, 50100|2097, 50100|2338, 50104|2425, 50104|3143, 50112|3245, 50112|3607, 50128|3711, 50128|3833, 50136|3911, 50136|4057, com.github.shadowsocks, 
50168|1, 50168|587, 50172|649, 50176|684, 50176|1747, 50216|1829, 50240|1907, 50268|1974, 50284|2087, 50284|2382, 50288|2434, 50292|2484, 50300|2547, 50300|2829, 50316|2905, 50320|2979, 50324|3090, 50324|3318, 50332|3416, 50332|3584, 50340|3657, 50340|4029, com.ted.android, 
50388|1, 50388|771, 50392|813, 50396|848, 50396|1775, 50424|1896, 50492|2016, 50532|2158, 50532|2347, 50540|2396, 50556|2436, 50556|2487, 50576|2537, 50588|2597, 50588|2980, 50592|3031, 50596|3080, 50596|3252, 50600|3326, 50600|4040, com.tripadvisor.tripadvisor, 
50620|1, 50620|627, 50628|687, 50628|1616, 50688|1756, 50700|1819, 50736|1875, 50736|1996, 50740|2069, 50744|2124, 50744|2180, 50752|2232, 50752|2763, 50760|2834, 50760|3008, 50772|3077, 50772|3411, 50788|3555, 50788|3702, 50792|3761, 50792|4050, com.github.shadowsocks, 
50820|1, 50820|650, 50824|724, 50824|1591, 50840|1701, 50904|1824, 50928|1882, 50936|1945, 50952|1999, 50952|2234, 50968|2345, 50968|2676, 50976|2732, 50976|2935, 50984|3018, 50984|3114, 50996|3187, 50996|3468, 51012|3562, 51012|3802, 51020|3855, 51020|4001, com.github.shadowsocks, 
51048|1, 51048|666, 51052|733, 51052|1604, 51056|1687, 51088|1779, 51104|1827, 51108|1883, 51112|1945, 51132|1984, 51160|2038, 51160|2282, 51172|2330, 51172|2547, 51176|2602, 51192|2641, 51196|2687, 51196|2792, 51224|2861, 51224|2914, 51236|3051, 51236|3125, 51248|3183, 51248|3350, 51256|3452, 51256|3585, 51276|3744, 51276|4061, com.github.shadowsocks, 
51336|1, 51336|615, 51340|681, 51344|725, 51344|1716, 51360|1855, 51416|1963, 51444|2031, 51444|2425, 51448|2478, 51452|2541, 51464|2609, 51464|2944, 51472|3020, 51480|3123, 51488|3253, 51488|3371, 51496|3498, 51496|3665, 51504|3757, 51504|4017, com.ted.android, 
51520|1, 51520|716, 51528|1127, 51528|1777, 51596|1908, 51652|2051, 51652|2408, 51660|2453, 51660|2630, 51688|2722, 51688|3024, 51692|3108, 51692|3347, 51704|3406, 51704|4014, com.tripadvisor.tripadvisor, 
51724|1, 51724|681, 51732|713, 51732|1566, 51768|1674, 51804|1743, 51848|1802, 51868|1844, 51868|2145, 51896|2245, 51896|2285, 51904|2340, 51904|2388, 51912|2443, 51932|2505, 51932|3093, 51936|3212, 51964|3318, 51968|3381, 51968|3651, 51996|3767, 52012|3879, 52016|4048, com.booking, 
52136|1, 52136|554, 52140|609, 52140|1136, 52148|1219, 52148|1449, 52180|1946, 52220|2024, 52280|2132, 52292|2249, 52300|2337, 52300|3293, 52316|3363, 52320|3441, 52320|4011, com.sometimeswefly.littlealchemy, 
52328|1, 52328|619, 52336|688, 52336|1569, 52364|1677, 52412|1766, 52448|1818, 52448|1906, 52452|1986, 52460|2033, 52460|2162, 52476|2267, 52476|2694, 52488|2781, 52488|2913, 52496|3023, 52496|3162, 52508|3268, 52508|3553, 52524|3649, 52524|3854, 52532|3918, 52532|4048, com.github.shadowsocks, 
52572|1, 52572|1679, 52588|1773, 52624|1836, 52656|1891, 52680|1958, 52680|4051, com.sometimeswefly.littlealchemy, 
51588|1, 51588|748, 51592|783, 51592|1708, 51596|1945, 51684|2129, 51732|2231, 51732|2378, 51740|2415, 51756|2454, 51776|2493, 51788|2553, 51788|4028, com.tripadvisor.tripadvisor, 
51808|1, 51808|659, 51812|710, 51816|748, 51816|1733, 51852|1823, 51904|1909, 51928|1965, 51928|2332, 51960|2407, 51968|2487, 51968|2532, 52156|2572, 52160|2634, 52188|2706, 52188|2950, 52196|3093, 52196|3328, 52216|3476, 52228|3565, 52236|3669, 52236|3779, 52248|3827, 52264|3895, 52284|3965, 52284|4037, com.booking, 
52408|1, 52408|1600, 52452|1808, 52484|1882, 52520|1943, 52532|2028, 52532|2192, 52544|2245, 52556|2300, 52560|2342, 52560|2422, 52568|2476, 52580|2567, 52580|3095, 52584|3206, 52596|3288, 52620|3381, 52636|3451, 52648|3545, 52664|3663, 52684|3704, 52684|3757, 52688|3863, 52696|3989, 52696|4054, com.booking, 
52864|1, 52864|1678, 52896|1812, 52912|1863, 52968|2042, 52968|3935, 52972|3978, 52972|4029, com.sometimeswefly.littlealchemy, 
52984|1, 52984|637, 52988|698, 52992|735, 52992|1735, 52996|1822, 53068|1929, 53076|1980, 53084|2027, 53084|2388, 53112|2465, 53112|2527, 53116|2580, 53140|2636, 53188|2723, 53196|2797, 53196|2934, 53204|3047, 53204|3271, 53212|3381, 53236|3502, 53240|3612, 53248|3712, 53248|3764, 53268|3890, 53284|3972, 53288|4082, com.booking, 
53424|1, 53424|547, 53428|611, 53432|646, 53432|1127, 53436|1219, 53436|1601, 53440|1890, 53476|2185, 53532|2291, 53564|2399, 53564|2848, 53576|2941, 53580|3052, 53580|3183, 53584|3330, 53584|3424, 53588|3512, 53608|3596, 53608|4032, com.ted.android, 
53652|1, 53652|1758, 53656|1874, 53708|1950, 53752|2049, 53764|2115, 53768|2172, 53768|3130, 53784|3194, 53784|3758, 53792|3874, 53792|4007, com.sometimeswefly.littlealchemy, 
53800|1, 53800|675, 53804|731, 53808|765, 53808|1714, 53840|1804, 53888|1885, 53932|1950, 53940|2090, 53940|2337, 53948|2407, 53948|2452, 53956|2491, 53956|2862, 53972|2970, 53980|3077, 53980|3306, 53988|3498, 53988|3651, 53996|3745, 53996|4044, com.ted.android, 
54036|1, 54036|1729, 54040|1834, 54060|1898, 54092|1999, 54120|2148, 54120|2491, 54124|2535, 54124|2956, 54144|3051, 54148|3156, 54148|3239, 54172|3398, 54176|3474, 54176|3590, 54180|3676, 54180|4019, com.ted.android, 
54240|1, 54240|660, 54244|729, 54248|771, 54248|1710, 54276|1844, 54324|1923, 54352|1975, 54400|2068, 54400|2410, 54412|2488, 54432|2552, 54432|2984, 54452|3100, 54460|3241, 54460|3478, 54464|3595, 54464|3778, 54472|3933, 54476|4037, com.ted.android, 
54504|1, 54504|786, 54512|820, 54512|1614, 54592|1727, 54624|1827, 54624|2337, 54628|2380, 54628|2820, 54640|2950, 54656|3311, 54656|3381, 54668|3477, 54684|3563, 54684|3676, 54688|3740, 54692|3803, 54692|4005, com.ted.android, 
54720|1, 54720|667, 54724|733, 54728|770, 54728|1462, 54756|1591, 54824|1698, 54864|1795, 54864|2196, 54868|2267, 54876|2375, 54888|2432, 54888|2652, 54892|2773, 54904|2924, 54904|3135, 54912|3271, 54912|3448, 54916|3566, 54916|3691, 54920|3774, 54920|3823, 54932|3893, 54936|4074, com.ted.android, 
54976|1, 54976|951, 54980|1295, 54980|1777, 55020|1965, 55088|2110, 55096|2195, 55096|2345, 55100|2415, 55104|2461, 55104|2747, 55112|2804, 55120|2872, 55136|2985, 55140|3095, 55140|3324, 55148|3419, 55172|3518, 55172|3570, 55180|3680, 55180|4001, com.ted.android, 
