47201656|1, 47201656|2354, 47201716|2439, 47201716|3371, 47201892|3421, 47203147|3462, 47203147|4018, com.tripadvisor.tripadvisor, 
47204726|1, 47204726|2166, 47204846|2268, 47205197|2333, 47205488|2403, 47205696|2507, 47205696|2560, 47205970|2617, 47206022|2686, 47206942|2761, 47206942|2836, 47207002|2891, 47207002|3113, 47207735|3225, 47208843|3300, 47209470|3414, 47209574|3493, 47210802|3618, 47212103|3753, 47212103|3855, 47212163|3955, 47212215|4035, com.booking, 
47231521|1, 47231521|328, 47231573|364, 47231625|423, 47231625|459, 47231897|500, 47231897|861, 47233343|1246, 47233407|1319, 47233407|1379, 47233459|1424, 47233615|1471, 47233667|1585, 47233783|1730, 47233783|2337, 47233847|2417, 47233847|2586, 47233907|2648, 47233907|3435, 47233959|3484, 47233959|3622, 47234019|3697, 47234071|3766, 47234071|3835, 47235390|3888, 47235390|4014, com.tripadvisor.tripadvisor, 
47236168|1, 47236386|151, 47236386|4052, com.github.shadowsocks, 
47241945|1, 47241945|2909, 47242006|2958, 47242006|3217, 47242066|3284, 47242066|3475, 47242126|3535, 47242126|4058, com.sometimeswefly.littlealchemy, 
47242666|1, 47242666|349, 47242962|386, 47243026|461, 47243026|1387, 47243642|1434, 47243642|1487, 47243746|1569, 47243746|2427, 47243806|2465, 47243926|2582, 47243926|2632, 47244508|2737, 47244728|2825, 47244728|2896, 47245002|2969, 47245002|3047, 47246038|3120, 47246098|3175, 47246719|3254, 47248020|3391, 47248248|3480, 47248248|3576, 47248603|3669, 47248655|3757, 47248655|4040, com.booking, 
47264416|1, 47264416|653, 47264532|717, 47264532|830, 47265480|918, 47265480|1030, 47265719|1080, 47265719|1141, 47266392|1198, 47266444|1260, 47266600|1469, 47266600|2359, 47266660|2436, 47266660|2679, 47266712|2726, 47267950|2775, 47267950|3707, 47268114|3772, 47268114|4009, com.tripadvisor.tripadvisor, 
47268856|1, 47268856|2257, 47269036|2347, 47269618|2416, 47269909|2499, 47270181|2609, 47270181|2666, 47270725|2756, 47273437|2920, 47273594|2986, 47274215|3085, 47274215|3171, 47274267|3246, 47274551|3332, 47274603|3386, 47274603|3434, 47274740|3523, 47275946|3632, 47275946|3694, 47276006|3757, 47276293|3885, 47276345|3944, 47276345|4071, com.booking, 
47294011|1, 47294011|922, 47294071|972, 47294071|1448, 47294187|1610, 47295129|1778, 47295129|3095, 47295193|3201, 47295193|3339, 47295253|3405, 47295253|3594, 47295313|3642, 47295313|4029, com.sometimeswefly.littlealchemy, 
47295717|1, 47295945|140, 47295945|718, 47296569|803, 47296633|855, 47296633|2453, 47296693|2520, 47296693|2778, 47296745|2825, 47298000|2864, 47298000|3768, 47298052|3834, 47298164|3895, 47298164|4031, com.tripadvisor.tripadvisor, 
47299220|1, 47299220|3222, 47299280|3284, 47299280|3468, 47299340|3518, 47299340|4029, com.sometimeswefly.littlealchemy, 
47300043|1, 47300043|507, 47300359|562, 47300359|674, 47300591|766, 47300591|1557, 47301079|1689, 47301079|1984, 47301143|2118, 47301143|2414, 47301263|2489, 47301323|2539, 47301905|2595, 47302196|2676, 47302300|2750, 47302501|2833, 47302501|2888, 47303982|2986, 47304179|3104, 47304179|3167, 47305772|3225, 47305940|3318, 47306108|3412, 47306108|4020, com.booking, 
47321531|1, 47321531|4007, com.github.shadowsocks, 
47328909|1, 47328909|2302, 47329045|2399, 47329045|4023, com.booking, 
47349932|1, 47349932|221, 47350852|272, 47350852|616, 47350904|663, 47350904|915, 47351473|963, 47351473|1022, 47351693|1077, 47351693|1485, 47351757|1816, 47351757|3201, 47351817|3279, 47351817|3447, 47351877|3502, 47351877|4015, com.sometimeswefly.littlealchemy, 
47352589|1, 47352589|1122, 47352705|1204, 47352705|1271, 47353245|1319, 47353309|1378, 47353373|1531, 47353373|1838, 47353553|1972, 47353553|2337, 47353673|2419, 47354076|2491, 47354315|2550, 47354658|2625, 47354710|2677, 47354710|2770, 47354847|2866, 47354847|2942, 47356195|3019, 47356868|3132, 47357161|3238, 47358249|3338, 47359340|3438, 47359340|3492, 47359404|3551, 47359404|3623, 47359456|3682, 47359508|3803, 47359568|4071, com.booking, 
47374896|1, 47374896|652, 47375024|700, 47375024|777, 47375076|830, 47375076|880, 47375140|940, 47375140|4068, com.github.shadowsocks, 
47380990|1, 47380990|1000, 47381902|1068, 47382006|1121, 47382122|1173, 47382122|1992, 47382302|2068, 47382302|3186, 47382362|3245, 47382362|3381, 47382422|3440, 47382422|4009, com.sometimeswefly.littlealchemy, 
47383948|1, 47383948|1831, 47384012|1920, 47384012|2931, 47384073|3021, 47384133|3129, 47384133|3492, 47384417|3606, 47384417|3760, 47384573|3805, 47384751|3849, 47384751|4020, com.ted.android, 
47386410|1, 47386410|875, 47386654|943, 47386758|1007, 47386758|1077, 47387054|1628, 47387054|1958, 47387106|2012, 47387106|2062, 47387170|2180, 47387170|2938, 47387286|3051, 47387286|4047, com.github.shadowsocks, 
47392641|1, 47392641|672, 47393210|732, 47393210|2322, 47393275|2364, 47393275|3578, 47393340|3636, 47393400|3717, 47393400|4034, com.tripadvisor.tripadvisor, 
47395027|1, 47395027|2389, 47395087|2448, 47395087|3051, 47395139|3107, 47396394|3153, 47396394|3222, 47396458|3271, 47396458|3426, 47396622|3487, 47396622|4019, com.tripadvisor.tripadvisor, 
47398914|1, 47398914|4032, com.github.shadowsocks, 
47404204|1, 47404204|172, 47404773|219, 47404773|2632, 47404833|2726, 47404833|2956, 47404885|3015, 47406140|3063, 47406192|4008, com.tripadvisor.tripadvisor, 
47407138|1, 47407138|3107, 47407198|3155, 47407198|3368, 47407258|3435, 47407258|4020, com.sometimeswefly.littlealchemy, 
47407555|1, 47407555|4077, com.github.shadowsocks, 
47412898|1, 47412898|111, 47412994|150, 47412994|2721, 47413056|2777, 47413056|2943, 47413116|3040, 47413116|4013, com.ted.android, 
47414070|1, 47414070|2743, 47414130|2800, 47414130|3744, 47414242|3802, 47415497|3852, 47415497|4020, com.tripadvisor.tripadvisor, 
47417040|1, 47417040|4046, com.github.shadowsocks, 
47423027|1, 47423027|4011, com.github.shadowsocks, 
47428444|1, 47428444|4059, com.github.shadowsocks, 
47433850|1, 47433850|3044, 47433910|3195, 47433910|3398, 47434194|3470, 47434194|4024, com.ted.android, 
47435127|1, 47435127|2884, 47435187|2980, 47435187|3773, 47435303|3820, 47436558|3883, 47436558|4014, com.tripadvisor.tripadvisor, 
47437650|1, 47437650|2324, 47437770|2391, 47437830|2442, 47438412|2487, 47438703|2542, 47438807|2616, 47438923|2660, 47439197|2759, 47439197|2805, 47441470|2873, 47441530|2939, 47441530|3032, 47442151|3177, 47442331|3260, 47442383|3333, 47442383|4056, com.booking, 
47454903|1, 47454903|1082, 47455142|1158, 47455246|1223, 47455246|1329, 47456385|1755, 47456385|2558, 47456501|2655, 47456501|2978, 47456562|3038, 47456562|3316, 47456622|3371, 47456622|3542, 47456682|3602, 47456682|4030, com.sometimeswefly.littlealchemy, 
47456854|1, 47456854|4008, com.github.shadowsocks, 
47462342|1, 47462342|3215, 47462402|3255, 47462402|3469, 47462462|3529, 47462462|4017, com.sometimeswefly.littlealchemy, 
47463370|1, 47463370|928, 47463550|981, 47463550|1052, 47463782|1137, 47463782|1953, 47463898|2107, 47463898|2650, 47464022|2710, 47464022|2856, 47464074|2900, 47465312|2941, 47465428|4017, com.tripadvisor.tripadvisor, 
47469508|1, 47469508|2574, 47469688|2642, 47469688|2687, 47470322|2748, 47470561|2817, 47470873|2940, 47471284|3040, 47471348|3091, 47473488|3158, 47473488|3216, 47474266|3336, 47474434|3419, 47474602|3552, 47474602|3609, 47476994|3667, 47476994|3756, 47477180|3847, 47477180|3910, 47477372|3982, 47477711|4053, com.booking, 
47491132|1, 47491132|220, 47492094|271, 47492094|543, 47492146|583, 47492146|2367, 47492266|2443, 47492326|2525, 47492908|2601, 47493116|2694, 47493116|2773, 47493390|2851, 47495530|2921, 47495530|2987, 47496308|3042, 47496476|3154, 47496592|3252, 47496592|3330, 47497847|3418, 47498250|3517, 47498250|3605, 47498354|3653, 47498641|3705, 47498882|3825, 47500311|3959, 47500311|4001, com.booking, 
47519721|1, 47519721|2989, 47519782|3058, 47519782|3198, 47519842|3542, 47519902|3605, 47519902|4050, com.sometimeswefly.littlealchemy, 
47520082|1, 47520082|2591, 47520262|2686, 47520553|2743, 47520844|2827, 47520948|2921, 47520948|2995, 47521145|3064, 47521145|3147, 47522169|3230, 47522738|3359, 47523010|3489, 47524153|3566, 47524213|3662, 47524504|3725, 47524568|3848, 47524620|3933, 47524809|4061, com.booking, 
47539251|1, 47539251|927, 47539948|997, 47540104|1108, 47540104|1160, 47540168|1239, 47540168|1544, 47541446|1989, 47541446|2161, 47541498|2280, 47541498|2928, 47541558|3011, 47541558|3149, 47541842|3284, 47542176|4069, com.ted.android, 
47543807|1, 47543807|219, 47543987|273, 47543987|324, 47544051|389, 47544051|1257, 47544515|1308, 47544515|1346, 47544643|1395, 47544707|1436, 47544707|2230, 47544887|2310, 47544887|3455, 47544947|3507, 47544947|3654, 47545007|3741, 47545007|4005, com.sometimeswefly.littlealchemy, 
47545187|1, 47545187|3034, 47545247|3168, 47545247|3599, 47545531|3672, 47545531|3870, 47545699|3917, 47545877|3970, 47545877|4005, com.ted.android, 
47547077|1, 47547141|90, 47547193|138, 47547193|943, 47547373|1035, 47547553|1350, 47547553|1957, 47547669|2085, 47547733|2168, 47547733|2801, 47547849|2921, 47547849|2980, 47547909|3100, 47548257|4011, com.ted.android, 
47549484|1, 47549484|3178, 47549544|3307, 47549544|3398, 47549828|3532, 47549828|3594, 47550162|3771, 47550453|4010, com.ted.android, 
47550950|1, 47550950|2783, 47551010|3132, 47551010|3936, 47551294|3997, 47551294|4032, com.ted.android, 
47552181|1, 47552181|2851, 47552241|2968, 47552241|3076, 47552525|3223, 47552525|3311, 47552859|3428, 47552859|3613, 47553202|3702, 47553202|3901, 47553344|3999, 47553344|4044, com.ted.android, 
47553647|1, 47553647|2748, 47554517|2837, 47554685|2957, 47554685|3058, 47554745|3170, 47554745|3628, 47555029|3676, 47555029|3897, 47555363|3946, 47555363|4020, com.ted.android, 
