350399|1, 350399|168, 350400|215, 350400|3209, 350402|3256, 350402|4020, com.tripadvisor.tripadvisor, 
350409|1, 350409|2136, 350410|2201, 350413|2283, 350415|2377, 350415|2498, 350416|2555, 350416|2993, 350419|3093, 350424|3207, 350426|3296, 350427|3373, 350428|3510, 350428|3613, 350429|3666, 350429|3751, 350430|3837, 350431|4045, com.booking, 
350502|1, 350502|260, 350504|310, 350504|358, 350509|393, 350509|807, 350517|1182, 350518|1266, 350519|1317, 350520|1359, 350523|1425, 350523|1564, 350525|1710, 350525|2282, 350526|2376, 350526|3329, 350527|3374, 350527|3642, 350528|3718, 350529|3776, 350529|4020, com.tripadvisor.tripadvisor, 
350538|1, 350538|565, 350540|638, 350540|4039, com.github.shadowsocks, 
350586|1, 350586|4043, com.sometimeswefly.littlealchemy, 
350600|1, 350600|281, 350607|326, 350607|1282, 350617|1324, 350617|1375, 350619|1423, 350619|2518, 350621|2621, 350622|2677, 350625|2790, 350625|2998, 350627|3061, 350627|3135, 350629|3228, 350633|3348, 350634|3424, 350634|3467, 350636|3525, 350637|3627, 350637|4023, com.booking, 
350696|1, 350696|722, 350697|789, 350697|1090, 350700|1159, 350700|1204, 350703|1432, 350703|2628, 350704|2679, 350704|3652, 350706|3727, 350706|4003, com.tripadvisor.tripadvisor, 
350715|1, 350715|2285, 350717|2356, 350720|2451, 350723|2553, 350723|2600, 350727|2715, 350730|2872, 350732|2926, 350733|3024, 350734|3116, 350734|3197, 350740|3273, 350741|3327, 350741|3374, 350742|3492, 350742|3577, 350743|3643, 350743|3745, 350745|3822, 350745|4068, com.booking, 
350814|1, 350814|1392, 350815|1617, 350816|1742, 350816|2953, 350818|3070, 350818|4005, com.sometimeswefly.littlealchemy, 
350831|1, 350831|597, 350841|665, 350841|738, 350842|804, 350842|2666, 350843|2710, 350843|3699, 350845|3772, 350845|4027, com.tripadvisor.tripadvisor, 
350857|1, 350857|4033, com.sometimeswefly.littlealchemy, 
350872|1, 350872|450, 350878|511, 350878|580, 350880|633, 350882|728, 350882|1426, 350889|1541, 350890|1654, 350890|2484, 350892|2558, 350895|2645, 350896|2723, 350896|2782, 350900|2862, 350900|2950, 350901|3053, 350902|3113, 350903|3174, 350908|3270, 350908|4015, com.booking, 
350959|1, 350959|4077, com.github.shadowsocks, 
351018|1, 351018|4009, com.booking, 
351096|1, 351096|325, 351097|367, 351097|522, 351098|566, 351098|974, 351102|1037, 351102|1599, 351103|1901, 351103|4031, com.sometimeswefly.littlealchemy, 
351117|1, 351117|1072, 351119|1166, 351129|1224, 351129|1270, 351131|1370, 351131|1813, 351134|1939, 351134|2387, 351136|2451, 351137|2510, 351139|2577, 351139|2818, 351143|2903, 351143|2985, 351145|3085, 351148|3197, 351150|3324, 351151|3388, 351153|3442, 351153|3501, 351154|3577, 351155|3647, 351156|4041, com.booking, 
351209|1, 351209|560, 351211|596, 351211|667, 351212|725, 351212|824, 351213|901, 351213|4015, com.github.shadowsocks, 
351262|1, 351262|918, 351279|971, 351281|1037, 351283|1085, 351283|1962, 351286|2060, 351286|4020, com.sometimeswefly.littlealchemy, 
351300|1, 351300|2716, 351301|2786, 351307|2923, 351307|3371, 351310|3468, 351313|3621, 351313|3721, 351317|3767, 351317|4015, com.ted.android, 
351349|1, 351349|851, 351355|910, 351355|981, 351357|1484, 351360|1608, 351360|1857, 351361|1924, 351361|1972, 351362|2030, 351362|2820, 351364|2927, 351364|4012, com.github.shadowsocks, 
351409|1, 351409|4032, com.tripadvisor.tripadvisor, 
351415|1, 351415|2968, 351416|3015, 351416|3143, 351417|3185, 351417|3229, 351418|3271, 351418|3344, 351419|3396, 351419|4020, com.tripadvisor.tripadvisor, 
351433|1, 351433|4012, com.github.shadowsocks, 
351477|1, 351477|2924, 351478|2983, 351478|3920, 351480|3982, 351480|4035, com.tripadvisor.tripadvisor, 
351491|1, 351491|4046, com.sometimeswefly.littlealchemy, 
351497|1, 351497|4088, com.github.shadowsocks, 
351542|1, 351542|3941, 351543|3996, 351543|4037, com.ted.android, 
351567|1, 351567|3721, 351568|3778, 351568|4042, com.tripadvisor.tripadvisor, 
351575|1, 351575|4079, com.github.shadowsocks, 
351621|1, 351621|4047, com.github.shadowsocks, 
351666|1, 351666|4048, com.github.shadowsocks, 
351712|1, 351712|2821, 351713|2931, 351719|3067, 351719|3189, 351720|3322, 351720|3376, 351723|3479, 351723|4002, com.ted.android, 
351733|1, 351733|2645, 351740|2758, 351740|3706, 351742|3746, 351742|4039, com.tripadvisor.tripadvisor, 
351754|1, 351754|2375, 351755|2419, 351756|2464, 351759|2540, 351759|2596, 351761|2670, 351761|2791, 351763|2852, 351763|2922, 351765|2963, 351766|3029, 351769|3173, 351770|3248, 351771|4086, com.booking, 
351827|1, 351827|1139, 351829|1210, 351829|1301, 351831|1792, 351831|2391, 351834|2543, 351834|4032, com.sometimeswefly.littlealchemy, 
351842|1, 351842|4017, com.github.shadowsocks, 
351887|1, 351887|4005, com.sometimeswefly.littlealchemy, 
351911|1, 351911|847, 351915|894, 351915|1029, 351919|1118, 351919|1697, 351922|1983, 351922|2611, 351923|2682, 351923|2781, 351924|2816, 351924|3896, 351927|3983, 351927|4036, com.tripadvisor.tripadvisor, 
351949|1, 351949|2620, 351950|2670, 351952|2732, 351956|2811, 351958|2937, 351959|3022, 351961|3071, 351961|3144, 351962|3191, 351966|3340, 351969|3420, 351969|3531, 351971|3595, 351971|3690, 351972|3751, 351972|3828, 351976|3900, 351979|4038, com.booking, 
352025|1, 352025|251, 352026|316, 352026|475, 352027|513, 352027|2432, 352028|2507, 352031|2593, 352033|2670, 352033|2827, 352035|2904, 352037|2968, 352038|3076, 352041|3150, 352041|3316, 352047|3410, 352049|3527, 352051|3577, 352052|3627, 352054|3700, 352058|3861, 352058|4072, com.booking, 
352131|1, 352131|4035, com.sometimeswefly.littlealchemy, 
352139|1, 352139|2590, 352140|2673, 352140|2747, 352141|2812, 352143|2915, 352143|3082, 352145|3146, 352145|3251, 352149|3379, 352149|3478, 352151|3571, 352152|3642, 352153|3757, 352155|3851, 352156|3955, 352156|4048, com.booking, 
352215|1, 352215|910, 352219|979, 352220|1081, 352221|1149, 352221|1533, 352226|2014, 352227|2149, 352227|2656, 352229|2803, 352234|2911, 352234|3023, 352239|3183, 352241|3285, 352241|3897, 352251|3952, 352251|4046, com.ted.android, 
352272|1, 352272|142, 352275|182, 352275|243, 352276|300, 352276|1174, 352285|1219, 352285|1305, 352288|1358, 352288|2196, 352293|2278, 352293|4021, com.sometimeswefly.littlealchemy, 
352301|1, 352301|2787, 352302|2909, 352308|3061, 352308|3490, 352313|3578, 352313|3634, 352314|3676, 352314|3793, 352318|3834, 352318|4002, com.ted.android, 
352343|1, 352345|55, 352345|860, 352348|939, 352348|1004, 352351|1314, 352351|1832, 352353|1969, 352354|2068, 352354|2713, 352357|2793, 352358|2887, 352364|2945, 352364|3863, 352370|3914, 352372|4019, com.ted.android, 
352393|1, 352393|2818, 352394|2923, 352400|3074, 352400|3308, 352403|3423, 352405|3512, 352405|3603, 352409|3755, 352413|3873, 352413|3917, 352415|3980, 352415|4032, com.ted.android, 
352434|1, 352434|2685, 352435|2787, 352441|3155, 352441|3874, 352446|3922, 352447|4015, com.ted.android, 
352463|1, 352463|2621, 352464|2724, 352470|2846, 352470|2965, 352473|3113, 352474|3210, 352474|3294, 352478|3413, 352478|3541, 352485|3620, 352485|3829, 352488|3896, 352488|4018, com.ted.android, 
352506|1, 352506|2724, 352512|2843, 352518|2950, 352518|3587, 352522|3645, 352524|3705, 352524|3814, 352528|3856, 352528|4037, com.ted.android, 
