53056|1, 53056|1317, 53052|1370, 53052|1445, 52984|1571, 52984|2297, 52952|2393, 52952|4026, com.tripadvisor.tripadvisor, 
53032|1, 53032|1504, 52944|1582, 52944|3498, 52948|3574, 52948|4044, com.booking, 
53000|1, 53000|2763, 52996|2806, 53000|2848, 53008|2884, 53008|4042, com.tripadvisor.tripadvisor, 
53116|1, 53108|235, 53108|1029, 53100|1071, 53100|1536, 53032|1729, 53032|1983, 53008|2050, 53008|2928, 53004|3014, 53004|4040, com.github.shadowsocks, 
53008|1, 53004|191, 53004|1108, 53000|1164, 53000|3020, 53004|3082, 53020|3144, 53020|4041, com.sometimeswefly.littlealchemy, 
53120|1, 53120|217, 53112|252, 53112|2185, 53100|2296, 53100|3166, 53104|3229, 53104|4025, com.booking, 
53040|1, 53040|1197, 53044|1251, 53044|2283, 53052|2340, 53052|3215, 53056|3258, 53060|3328, 53056|3368, 53056|4029, com.tripadvisor.tripadvisor, 
53172|1, 53172|459, 53168|495, 53168|1447, 53072|1605, 53072|2470, 53064|2530, 53064|3495, 53072|3578, 53072|4052, com.booking, 
53220|1, 53220|715, 53216|765, 53216|1637, 53232|1821, 53232|2535, 53144|2721, 53116|2898, 53116|3603, 53124|3669, 53124|4031, com.sometimeswefly.littlealchemy, 
53156|1, 53156|1663, 53088|1767, 53084|1851, 53084|2768, 53080|2806, 53076|2848, 53076|3766, 53068|3818, 53068|4016, com.tripadvisor.tripadvisor, 
53160|1, 53156|162, 53156|1631, 53088|1813, 53064|1899, 53064|2919, 53096|2990, 53096|3838, 53144|3874, 53144|4023, com.sometimeswefly.littlealchemy, 
53068|1, 53068|1054, 53076|1117, 53076|1158, 53068|1198, 53068|2036, 53072|2156, 53072|3028, 53076|3106, 53076|4037, com.booking, 
53048|1, 53048|335, 53044|376, 53044|1297, 53048|1344, 53048|2235, 53080|2295, 53060|2343, 53060|3274, 53072|3395, 53072|4060, com.github.shadowsocks, 
53036|1, 53036|519, 53032|556, 53032|645, 53036|681, 53036|1501, 53020|1644, 53020|2453, 53028|2542, 53028|4030, com.booking, 
53072|1, 53072|1539, 53080|1852, 53080|2554, 53084|2699, 53084|3618, 53088|3694, 53144|3785, 53144|4031, com.sometimeswefly.littlealchemy, 
53292|1, 53260|165, 53260|950, 53252|1001, 53252|1879, 53196|2008, 53196|2815, 53200|2904, 53156|2963, 53156|4017, com.booking, 
53160|1, 53160|4044, com.github.shadowsocks, 
53200|1, 53200|3298, 53208|3350, 53220|3395, 53220|4027, com.sometimeswefly.littlealchemy, 
53172|1, 53172|615, 53164|650, 53164|3642, 53168|3757, 53168|4023, com.ted.android, 
53164|1, 53164|847, 53172|911, 53172|1833, 53164|1939, 53164|4013, com.github.shadowsocks, 
53164|1, 53164|2298, 53172|2349, 53212|2385, 53212|3083, 53216|3126, 53216|3295, 53224|3343, 53204|3392, 53204|4010, com.tripadvisor.tripadvisor, 
53292|1, 53292|549, 53288|621, 53280|666, 53280|1535, 53288|1636, 53220|1737, 53220|2570, 53212|2638, 53212|3590, 53208|3623, 53208|4002, com.tripadvisor.tripadvisor, 
53168|1, 53168|716, 53172|751, 53172|3877, 53164|3983, 53164|4060, com.github.shadowsocks, 
53172|1, 53172|1031, 53168|1086, 53168|2068, 53172|2142, 53172|2299, 53176|2356, 53176|3050, 53208|3101, 53208|4039, com.tripadvisor.tripadvisor, 
53300|1, 53300|241, 53296|284, 53296|1701, 53196|1751, 53196|2173, 53180|2236, 53176|2320, 53176|3240, 53180|3294, 53180|4014, com.sometimeswefly.littlealchemy, 
53180|1, 53180|1491, 53168|1536, 53168|3341, 53172|3463, 53172|4016, com.github.shadowsocks, 
53316|1, 53316|657, 53276|696, 53276|1638, 53212|1751, 53212|3580, 53208|3634, 53208|4004, com.ted.android, 
53188|1, 53188|749, 53196|786, 53200|836, 53200|2753, 53284|2815, 53284|3390, 53280|3433, 53280|3771, 53284|3818, 53284|4023, com.tripadvisor.tripadvisor, 
53292|1, 53292|863, 53272|921, 53264|990, 53264|1905, 53212|1958, 53216|4018, com.github.shadowsocks, 
53208|1, 53208|220, 53212|264, 53212|1185, 53208|1235, 53208|2151, 53212|2270, 53212|4042, com.github.shadowsocks, 
53396|1, 53396|576, 53368|650, 53368|1564, 53260|1674, 53260|2501, 53228|2555, 53228|3574, 53220|3708, 53220|4017, com.github.shadowsocks, 
53204|1, 53204|725, 53200|780, 53200|2675, 53216|2745, 53216|3596, 53220|3689, 53220|4018, com.ted.android, 
53216|1, 53216|1031, 53220|1106, 53220|1897, 53232|2049, 53236|2117, 53236|2936, 53308|3030, 53304|3086, 53304|4026, com.tripadvisor.tripadvisor, 
53292|1, 53292|106, 53284|143, 53284|649, 53296|683, 53296|1130, 53288|1189, 53288|2041, 53280|2123, 53224|2215, 53224|4020, com.booking, 
53276|1, 53276|2237, 53284|2308, 53284|3336, 53300|3405, 53300|4015, com.sometimeswefly.littlealchemy, 
53420|1, 53420|1555, 53412|1669, 53344|1738, 53344|2522, 53292|2574, 53292|4022, com.github.shadowsocks, 
53332|1, 53332|686, 53336|724, 53336|896, 53324|941, 53324|1867, 53316|1934, 53316|2835, 53312|2886, 53328|2954, 53328|4064, com.sometimeswefly.littlealchemy, 
53336|1, 53336|3204, 53332|3244, 53332|4032, com.tripadvisor.tripadvisor, 
53320|1, 53320|2329, 53324|2384, 53324|3318, 53328|3453, 53328|4010, com.booking, 
53340|1, 53340|417, 53344|462, 53344|1355, 53348|1702, 53360|1797, 53360|4027, com.booking, 
53340|1, 53340|1576, 53344|1668, 53344|3682, 53336|3759, 53336|4001, com.sometimeswefly.littlealchemy, 
53496|1, 53496|570, 53504|615, 53504|1713, 53404|1810, 53404|1915, 53388|1963, 53388|4077, com.booking, 
53380|1, 53380|1010, 53388|1090, 53388|2166, 53384|2272, 53384|4083, com.ted.android, 
53344|1, 53344|3178, 53360|3241, 53360|4038, com.sometimeswefly.littlealchemy, 
53348|1, 53348|2231, 53352|2324, 53352|3273, 53356|3470, 53356|4017, com.ted.android, 
53532|1, 53532|1138, 53544|1439, 53544|1531, 53560|1569, 53564|1610, 53564|2550, 53520|2610, 53520|3573, 53516|3671, 53516|4039, com.ted.android, 
53472|1, 53472|781, 53464|818, 53464|2694, 53468|2751, 53472|2838, 53472|3651, 53372|3795, 53380|3906, 53380|4008, com.ted.android, 
53364|1, 53364|1175, 53404|1209, 53404|2077, 53400|2129, 53400|3163, 53388|3281, 53396|4020, com.ted.android, 
53356|1, 53356|1392, 53360|1436, 53352|1569, 53352|3341, 53364|3460, 53364|4043, com.ted.android, 
53360|1, 53360|2966, 53364|3083, 53364|4021, com.ted.android, 
