618|1, 618|407, 619|496, 619|1162, 621|1218, 620|1311, 619|1453, 619|1567, 620|1611, 618|1712, 618|1921, 622|1976, 626|2028, 626|2247, 630|2314, 628|2395, 628|4026, com.tripadvisor.tripadvisor, 
618|1, 618|471, 619|517, 619|1158, 620|1250, 619|1370, 619|1577, 620|1619, 622|1669, 626|1817, 626|1882, 627|1935, 627|3174, 635|3290, 635|3368, 634|3457, 646|3574, 650|3698, 654|3748, 660|3834, 660|3903, 662|4000, 662|4046, com.booking, 
625|1, 625|640, 626|702, 626|1390, 627|1448, 633|1569, 626|1715, 625|1846, 625|2101, 629|2158, 633|2216, 633|2494, 635|2553, 635|3074, 629|3322, 629|4016, com.tripadvisor.tripadvisor, 
618|1, 618|549, 619|600, 619|1356, 624|1507, 619|1617, 619|1676, 620|1735, 620|2406, 624|2446, 624|2497, 631|2605, 633|2676, 633|3509, 635|3587, 635|3869, 634|3933, 648|4034, com.github.shadowsocks, 
611|1, 611|715, 612|761, 612|1741, 613|1806, 613|1954, 626|2030, 630|2113, 634|2175, 644|2254, 648|2363, 648|4029, com.sometimeswefly.littlealchemy, 
611|1, 611|770, 612|834, 612|1451, 611|1537, 612|1702, 612|1857, 613|1897, 613|1938, 615|2025, 619|2124, 619|2207, 620|2277, 620|3025, 622|3086, 620|3145, 620|3496, 626|3548, 628|3653, 628|3729, 631|3820, 639|3880, 642|3937, 645|4010, com.booking, 
618|1, 618|625, 619|692, 619|1230, 620|1444, 619|1669, 620|1781, 618|1919, 618|2206, 626|2257, 626|2484, 628|2533, 628|3169, 622|3239, 622|4027, com.tripadvisor.tripadvisor, 
611|1, 611|602, 612|681, 612|1305, 613|1397, 619|1526, 612|1606, 612|1696, 613|1742, 613|1850, 619|1927, 619|2016, 620|2058, 620|3403, 628|3510, 628|3663, 633|3764, 642|3855, 645|3917, 653|4062, com.booking, 
618|1, 618|687, 619|733, 619|1613, 620|1771, 620|1865, 619|1965, 636|2077, 640|2150, 641|2216, 651|2318, 655|2447, 655|3056, 649|3162, 649|4035, com.sometimeswefly.littlealchemy, 
611|1, 611|769, 612|828, 612|1401, 614|1454, 613|1581, 612|1695, 612|1773, 613|1892, 611|1967, 611|2148, 617|2188, 619|2249, 619|2416, 621|2489, 621|2698, 623|2739, 621|2787, 621|4027, com.tripadvisor.tripadvisor, 
611|1, 611|692, 612|755, 612|1393, 613|1469, 612|1649, 613|1761, 613|1902, 612|1977, 624|2041, 628|2134, 632|2180, 640|2255, 646|2339, 648|2457, 648|2709, 646|2781, 646|3010, 648|3076, 648|4006, com.sometimeswefly.littlealchemy, 
611|1, 611|653, 612|748, 612|1454, 613|1549, 614|1671, 612|1750, 612|1856, 613|1916, 613|1958, 619|2097, 620|2198, 620|3579, 628|3623, 628|3792, 641|3892, 645|3994, 645|4038, com.booking, 
618|1, 618|736, 619|859, 619|1476, 620|1544, 621|1652, 619|1727, 619|1841, 620|1902, 620|2634, 632|3055, 633|3143, 633|3206, 626|3327, 627|3396, 627|3836, 629|3901, 629|4021, com.github.shadowsocks, 
611|1, 611|608, 612|661, 612|1340, 613|1441, 612|1557, 612|1741, 613|1778, 615|1867, 619|1938, 619|2049, 620|2092, 620|2275, 624|2367, 626|2457, 626|2860, 628|2940, 628|3477, 632|3533, 636|3602, 636|3704, 635|3804, 653|3942, 659|4038, com.booking, 
611|1, 611|644, 612|701, 612|1326, 615|1463, 613|1794, 625|2037, 632|2115, 632|2158, 640|2236, 646|2368, 646|2924, 648|2978, 648|3125, 641|3206, 642|3255, 642|4001, com.sometimeswefly.littlealchemy, 
604|1, 604|654, 605|730, 605|1720, 606|1768, 606|1830, 612|1964, 612|2023, 613|2135, 613|3471, 617|3531, 621|3602, 621|3677, 626|3802, 634|3875, 638|3951, 644|4054, com.booking, 
611|1, 611|756, 612|811, 612|1550, 615|1667, 611|1763, 611|2695, 617|2768, 617|2826, 623|2897, 623|2984, 627|3035, 627|3125, 628|3224, 621|3329, 622|3420, 622|4046, com.github.shadowsocks, 
604|1, 604|783, 605|843, 605|1444, 606|1503, 605|1626, 606|1725, 606|1885, 613|1975, 622|2078, 627|2128, 633|2187, 637|2270, 641|2429, 641|4036, com.sometimeswefly.littlealchemy, 
604|1, 604|728, 605|782, 605|1481, 603|1632, 605|1743, 606|1828, 612|1903, 612|2110, 613|2164, 613|2426, 616|2472, 627|2571, 632|2660, 636|2732, 636|2920, 638|3028, 638|3306, 640|3379, 640|3479, 638|3603, 638|4032, com.ted.android, 
611|1, 611|623, 612|662, 612|1065, 613|1621, 613|2474, 617|2555, 617|2618, 619|2674, 623|2737, 627|2832, 627|2948, 628|3042, 628|3107, 622|3295, 622|3853, 625|3952, 635|4032, com.github.shadowsocks, 
604|1, 604|656, 605|721, 605|1354, 607|1410, 612|1563, 605|1629, 605|1710, 604|1804, 604|2165, 612|2223, 612|2305, 614|2377, 614|2432, 616|2500, 616|3623, 614|3711, 614|4020, com.tripadvisor.tripadvisor, 
604|1, 604|699, 605|780, 605|1411, 607|1474, 606|1586, 605|1661, 605|1807, 606|1876, 604|1949, 604|2200, 612|2242, 612|2437, 614|2500, 614|4001, com.tripadvisor.tripadvisor, 
604|1, 604|680, 605|746, 605|1426, 610|1559, 605|1624, 605|1764, 606|1818, 606|2568, 610|2621, 610|2688, 616|2761, 620|2808, 620|2944, 621|3045, 621|3533, 623|3656, 621|3714, 621|3826, 620|3936, 634|4025, com.github.shadowsocks, 
604|1, 604|763, 605|823, 605|1491, 606|1570, 603|1660, 605|1766, 606|1862, 606|1913, 604|1967, 604|2238, 612|2304, 612|2558, 614|2637, 614|4047, com.tripadvisor.tripadvisor, 
604|1, 604|650, 605|706, 605|1373, 608|1444, 605|1573, 605|1642, 606|1709, 606|1826, 607|1924, 622|2011, 627|2070, 627|2112, 633|2192, 641|2287, 641|4003, com.sometimeswefly.littlealchemy, 
604|1, 604|784, 605|858, 605|1491, 606|1612, 605|1691, 605|1777, 606|1850, 606|2538, 610|2586, 610|2640, 616|2725, 620|2842, 620|2907, 621|3006, 621|3823, 624|3913, 630|3974, 636|4097, com.github.shadowsocks, 
604|1, 604|759, 605|852, 605|1527, 606|1599, 610|1713, 603|1777, 604|1848, 608|1947, 608|2100, 609|2149, 609|2416, 616|2514, 624|2602, 628|2658, 628|2704, 634|2762, 634|3029, 636|3104, 636|3280, 638|3362, 638|3458, 634|3538, 634|4049, com.ted.android, 
603|1, 603|749, 604|831, 604|1485, 606|1548, 607|1651, 602|1817, 603|1904, 601|2033, 601|2285, 609|2342, 609|2586, 611|2676, 614|2737, 612|2788, 612|3053, 607|3124, 607|4010, com.tripadvisor.tripadvisor, 
598|1, 598|663, 599|711, 599|1429, 597|1605, 597|1745, 598|1795, 598|2485, 602|2537, 602|2583, 606|2632, 610|2700, 610|2781, 611|2873, 611|3749, 614|3839, 620|3914, 623|3975, 626|4041, com.github.shadowsocks, 
598|1, 598|671, 599|734, 599|1396, 600|1491, 597|1636, 597|1706, 598|1765, 598|2507, 602|2557, 606|2613, 606|2673, 610|2743, 610|2842, 611|2896, 611|3754, 612|3817, 626|3945, 632|4051, com.github.shadowsocks, 
598|1, 598|764, 599|830, 599|1446, 600|1512, 597|1614, 597|1731, 598|1784, 598|2528, 602|2580, 602|2633, 606|2703, 610|2756, 610|2861, 611|2962, 611|3737, 613|3792, 610|3902, 622|3980, 626|4051, com.github.shadowsocks, 
598|1, 598|749, 599|808, 599|1555, 593|1653, 597|1798, 597|1860, 601|1959, 602|2085, 603|2163, 603|2447, 608|2506, 614|2562, 617|2650, 622|2701, 626|2763, 626|2933, 628|3043, 628|3285, 630|3387, 630|3569, 626|3641, 626|4014, com.ted.android, 
603|1, 603|571, 604|973, 604|1535, 605|1597, 602|1710, 603|1883, 601|2003, 601|2358, 607|2396, 609|2452, 609|2653, 611|2768, 611|2882, 612|2967, 612|3210, 611|3256, 607|3312, 607|4046, com.tripadvisor.tripadvisor, 
598|1, 598|722, 599|812, 599|1382, 600|1446, 604|1551, 597|1618, 597|1778, 598|1824, 598|1863, 600|1945, 602|2023, 602|2129, 603|2169, 603|3535, 611|3598, 611|3749, 618|3825, 622|3870, 626|3932, 632|4060, com.booking, 
603|1, 603|733, 604|788, 604|1315, 602|1760, 603|1882, 602|1991, 617|2113, 622|2196, 628|2288, 632|2386, 638|2548, 638|2664, 636|2801, 636|3223, 632|3310, 632|4026, com.sometimeswefly.littlealchemy, 
598|1, 598|695, 599|751, 599|1454, 600|1543, 597|1655, 597|1758, 598|1801, 598|2546, 602|2590, 606|2664, 606|2728, 610|2796, 610|2908, 611|2971, 614|4016, com.github.shadowsocks, 
598|1, 598|778, 599|835, 599|1473, 600|1532, 597|1621, 597|1750, 598|1807, 598|1895, 597|2001, 609|2051, 612|2124, 617|2180, 625|2264, 631|2323, 631|2383, 633|2453, 633|2640, 631|2722, 631|4013, com.sometimeswefly.littlealchemy, 
598|1, 598|903, 599|966, 599|1594, 600|1650, 598|1956, 596|2089, 596|2375, 604|2436, 604|2687, 606|2763, 606|4048, com.tripadvisor.tripadvisor, 
598|1, 598|822, 599|884, 599|1537, 600|1607, 602|1685, 597|1782, 597|1961, 598|2015, 598|2101, 602|2160, 602|2280, 603|2337, 603|3701, 609|3743, 611|3834, 614|4041, com.booking, 
603|1, 603|779, 604|837, 604|1329, 602|1676, 602|1770, 603|1828, 603|2046, 605|2132, 603|2182, 603|3244, 599|3320, 605|3416, 607|3504, 612|3590, 612|3713, 621|3828, 627|3944, 633|3995, 635|4076, com.booking, 
603|1, 603|751, 604|1045, 604|1497, 605|1565, 602|1694, 602|1752, 603|1887, 603|1996, 614|2135, 622|2196, 622|2238, 624|2306, 636|2452, 636|2900, 638|2983, 636|3052, 636|4044, com.sometimeswefly.littlealchemy, 
598|1, 598|808, 599|858, 599|1605, 600|1670, 597|1817, 597|2000, 598|2044, 598|2116, 602|2180, 602|2236, 603|2333, 603|3652, 607|3717, 611|3835, 623|4055, com.booking, 
603|1, 603|773, 604|862, 604|1471, 606|1538, 603|1994, 603|2327, 604|2392, 614|2468, 622|2536, 622|2589, 626|2663, 626|2799, 628|2911, 628|3142, 630|3275, 630|3358, 624|3467, 622|3518, 622|4058, com.ted.android, 
598|1, 598|857, 599|920, 599|1618, 604|1729, 597|1814, 598|1920, 598|2118, 605|2209, 612|2292, 617|2355, 617|2407, 627|2533, 631|2672, 631|2717, 633|2776, 633|2837, 635|2933, 635|4035, com.sometimeswefly.littlealchemy, 
598|1, 598|794, 599|856, 599|1493, 600|1565, 599|1622, 597|1725, 598|1798, 602|1925, 602|2075, 603|2120, 603|2402, 602|2455, 617|2561, 624|2637, 632|2697, 632|2894, 634|3047, 634|3243, 636|3430, 636|3507, 634|3585, 632|3652, 632|4019, com.ted.android, 
605|1, 605|824, 606|872, 606|1574, 607|1665, 606|1744, 606|1839, 607|1948, 607|2486, 616|2596, 621|2681, 626|2728, 630|2803, 630|2957, 632|3081, 625|3235, 626|3331, 628|3378, 628|3521, 624|3609, 626|3656, 626|4024, com.ted.android, 
598|1, 598|796, 599|872, 599|1524, 595|1656, 599|1774, 599|1817, 602|1892, 604|2001, 604|2095, 605|2148, 605|2549, 610|2620, 619|2700, 624|2770, 624|2830, 628|2900, 632|3084, 634|3199, 634|3429, 636|3519, 636|3583, 632|3762, 632|4045, com.ted.android, 
605|1, 605|699, 606|740, 606|1365, 607|1441, 606|1588, 606|1691, 607|1782, 607|2357, 606|2417, 623|2518, 628|2633, 632|2694, 632|2786, 634|3124, 634|3243, 635|3348, 628|3434, 630|3486, 630|3601, 626|3683, 626|4023, com.ted.android, 
598|1, 598|674, 599|731, 599|1324, 600|1402, 597|1542, 598|1642, 598|1715, 602|1767, 602|1905, 603|1965, 603|2291, 614|2369, 618|2458, 624|2509, 632|2601, 632|2728, 634|2852, 634|3116, 636|3218, 636|3306, 632|3422, 632|4029, com.ted.android, 
605|1, 605|899, 606|1218, 606|1567, 607|1644, 606|1814, 607|1934, 607|2432, 614|2531, 624|2612, 624|2673, 630|2719, 632|2849, 634|2962, 636|3029, 634|3156, 634|3265, 629|3378, 630|3442, 626|3547, 626|4046, com.ted.android, 
