11968|1, 12104|303, 12032|348, 12032|1251, 12040|1310, 12104|1364, 12104|2076, 12112|2123, 12112|2236, 12120|2290, 12192|2387, 12192|2776, 12224|2821, 12224|3242, 12232|3281, 12192|3324, 12192|4020, com.tripadvisor.tripadvisor, 
11984|1, 11984|481, 11992|548, 11992|581, 12080|615, 12080|659, 12112|706, 12112|1498, 12232|1585, 12216|1664, 12216|2472, 12328|2579, 12456|2647, 12456|3492, 12568|3568, 12656|3668, 12656|4037, com.booking, 
12112|1, 12184|194, 12184|1772, 12248|1926, 12248|2759, 12256|2803, 12304|2845, 12344|2881, 12344|3406, 12320|3461, 12320|3823, 12144|3895, 12144|4039, com.tripadvisor.tripadvisor, 
11968|1, 12064|231, 12064|948, 12120|1024, 12040|1067, 12040|1898, 12152|1979, 12128|2049, 12128|2940, 12352|3010, 12520|3075, 12520|3906, 12680|3986, 12800|4036, com.github.shadowsocks, 
11552|1, 11544|188, 11544|1059, 11576|1105, 11496|1160, 11496|2029, 11528|2098, 11632|2202, 11632|3016, 11872|3079, 11976|3141, 11976|4037, com.sometimeswefly.littlealchemy, 
11424|1, 11424|213, 11416|249, 11528|287, 11528|1200, 11520|1259, 11488|1298, 11488|2181, 11824|2294, 11824|3162, 11856|3226, 12008|3295, 12008|4022, com.booking, 
11560|1, 11560|246, 11544|294, 11624|339, 11624|1317, 11680|1356, 11680|2239, 11760|2280, 11768|2338, 11768|3212, 11776|3256, 11784|3325, 11720|3366, 11720|3449, 11712|3486, 11712|4027, com.tripadvisor.tripadvisor, 
11416|1, 11416|456, 11424|492, 11544|542, 11544|576, 11576|618, 11576|1444, 11568|1603, 11568|1928, 11768|1979, 11768|2399, 11728|2467, 11856|2528, 11856|2769, 12056|2963, 12056|3441, 12128|3492, 12072|3576, 12072|4050, com.booking, 
11600|1, 11600|643, 11560|677, 11568|712, 11648|763, 11648|1634, 11760|1818, 11760|2394, 11960|2532, 12008|2718, 12064|2896, 12064|3601, 12008|3667, 12008|3711, 11976|3764, 11976|4028, com.sometimeswefly.littlealchemy, 
11440|1, 11440|729, 11568|781, 11504|859, 11504|1774, 11616|1858, 11616|2679, 11648|2726, 11616|2763, 11704|2801, 11720|2844, 11720|3484, 11584|3530, 11584|3761, 11616|3814, 11616|4011, com.tripadvisor.tripadvisor, 
11400|1, 11520|158, 11520|823, 11568|870, 11488|937, 11488|1809, 11536|1894, 11616|1961, 11616|2850, 11888|2914, 11960|2986, 11960|3833, 11944|3869, 11944|3925, 11960|3965, 11960|4018, com.sometimeswefly.littlealchemy, 
11408|1, 11400|162, 11528|202, 11528|1113, 11512|1153, 11480|1194, 11480|2031, 11592|2151, 11800|2270, 11800|2713, 12000|2793, 12000|3023, 11968|3104, 11952|3213, 11952|4032, com.booking, 
11552|1, 11552|288, 11568|332, 11608|373, 11608|1295, 11592|1341, 11624|1382, 11624|2232, 11664|2293, 11848|2340, 11848|3221, 11856|3271, 12016|3392, 12016|4058, com.github.shadowsocks, 
11416|1, 11416|479, 11456|512, 11496|549, 11496|638, 11568|674, 11568|1435, 11632|1494, 11608|1644, 11608|2027, 11808|2085, 11808|2365, 11824|2446, 11856|2536, 11856|3385, 11840|3466, 12112|3538, 12112|4024, com.booking, 
11224|1, 11224|629, 11240|672, 11272|717, 11272|1534, 11344|1847, 11344|2238, 11544|2283, 11544|2549, 11600|2699, 11672|2786, 11672|3622, 11648|3690, 11608|3780, 11608|4026, com.sometimeswefly.littlealchemy, 
11064|1, 11168|167, 11168|890, 11152|947, 11136|998, 11136|1876, 11336|2006, 11336|2527, 11536|2590, 11536|2813, 11552|2901, 11616|2965, 11616|3723, 11816|3816, 11864|3935, 11896|4015, com.booking, 
11208|1, 11208|259, 11272|311, 11272|1154, 11280|1198, 11280|2130, 11264|2183, 11480|2257, 11424|2319, 11424|3167, 11568|3257, 11656|3382, 11656|4042, com.github.shadowsocks, 
11064|1, 11064|366, 11032|402, 11152|438, 11152|1302, 11160|1359, 11208|1405, 11240|1439, 11240|2322, 11400|2415, 11512|2565, 11512|3296, 11488|3349, 11576|3393, 11592|3434, 11592|4026, com.sometimeswefly.littlealchemy, 
11056|1, 11056|173, 11112|215, 11112|579, 11088|613, 11128|647, 11128|1540, 11184|1617, 11248|1790, 11248|2538, 11488|2612, 11624|2722, 11624|3531, 11696|3639, 11808|3755, 11808|4020, com.ted.android, 
11248|1, 11248|909, 11264|982, 11264|1831, 11408|1937, 11408|2793, 11496|2864, 11592|2979, 11592|3796, 11640|3846, 11808|3913, 11880|4011, com.github.shadowsocks, 
11056|1, 11056|310, 11032|348, 11176|395, 11176|1290, 11216|1360, 11192|1400, 11192|2297, 11280|2348, 11392|2384, 11392|2886, 11344|2965, 11344|3081, 11336|3125, 11336|3293, 11296|3342, 11240|3390, 11240|4008, com.tripadvisor.tripadvisor, 
11072|1, 11072|506, 11224|543, 11200|615, 11192|660, 11192|1528, 11208|1630, 11208|2499, 11304|2563, 11352|2636, 11352|3029, 11360|3072, 11360|3545, 11352|3583, 11312|3617, 11312|4034, com.tripadvisor.tripadvisor, 
11120|1, 11120|870, 11144|917, 11144|1769, 11168|1831, 11312|1884, 11312|2747, 11368|2802, 11384|2871, 11488|2972, 11488|3770, 11728|3830, 11816|3875, 11904|3982, 11904|4058, com.github.shadowsocks, 
11072|1, 11184|127, 11184|982, 11224|1030, 11144|1094, 11144|2021, 11224|2066, 11280|2141, 11280|2297, 11288|2355, 11288|3049, 11304|3099, 11304|3547, 11328|3591, 11328|4037, com.tripadvisor.tripadvisor, 
11072|1, 11072|202, 11104|240, 11184|284, 11184|1133, 11232|1215, 11192|1265, 11192|2173, 11320|2236, 11392|2319, 11392|3145, 11568|3195, 11608|3240, 11608|4014, com.sometimeswefly.littlealchemy, 
11064|1, 11064|492, 11176|563, 11176|1404, 11232|1449, 11232|1488, 11200|1534, 11200|2430, 11344|2473, 11352|2530, 11352|3269, 11552|3338, 11640|3461, 11864|3566, 11864|4014, com.github.shadowsocks, 
11080|1, 11080|257, 11128|297, 11128|624, 11208|656, 11136|695, 11136|1562, 11152|1637, 11208|1751, 11208|2535, 11456|2628, 11704|2704, 11704|3579, 11784|3634, 11824|3677, 11832|3725, 11832|4004, com.ted.android, 
11160|1, 11160|747, 11216|784, 11216|834, 11208|887, 11208|1713, 11352|1865, 11352|2752, 11376|2814, 11376|3769, 11328|3817, 11224|3871, 11224|4021, com.tripadvisor.tripadvisor, 
11056|1, 11056|862, 11040|920, 11064|989, 11064|1835, 11088|1903, 11184|1957, 11184|2729, 11384|2799, 11448|2883, 11520|2968, 11520|3789, 11680|3869, 11784|3932, 11864|4016, com.github.shadowsocks, 
10992|1, 10992|179, 11072|220, 11104|264, 11104|1107, 11152|1184, 11080|1235, 11080|1657, 11216|1748, 11216|2151, 11280|2270, 11280|3103, 11552|3181, 11632|3237, 11632|4042, com.github.shadowsocks, 
10992|1, 10992|574, 11120|648, 11120|1562, 11184|1672, 11184|2443, 11200|2499, 11344|2554, 11352|2593, 11352|3482, 11456|3572, 11808|3706, 11808|4015, com.github.shadowsocks, 
11040|1, 11040|653, 11080|686, 11080|723, 11104|779, 11104|1644, 11136|1818, 11136|2062, 11336|2203, 11336|2673, 11536|2744, 11640|2795, 11640|3594, 11632|3688, 11688|3726, 11752|3762, 11752|4017, com.ted.android, 
11128|1, 11144|124, 11144|1024, 11192|1100, 11192|1890, 11256|2043, 11280|2110, 11280|2930, 11392|3023, 11368|3079, 11368|3548, 11360|3586, 11360|3926, 11344|3981, 11312|4020, com.tripadvisor.tripadvisor, 
10984|1, 10984|139, 11096|181, 11096|1065, 11168|1125, 11104|1184, 11104|2036, 11344|2146, 11392|2210, 11392|3017, 11592|3058, 11576|3189, 11576|4016, com.booking, 
11136|1, 11136|292, 11144|335, 11200|383, 11200|1315, 11208|1363, 11208|2236, 11376|2306, 11512|2408, 11512|3253, 11536|3334, 11552|3404, 11552|4013, com.sometimeswefly.littlealchemy, 
10992|1, 10992|626, 11104|660, 11104|1555, 11136|1668, 11136|2521, 11192|2575, 11336|2620, 11344|2689, 11344|3526, 11704|3638, 11784|3697, 11784|4021, com.github.shadowsocks, 
11024|1, 11024|685, 11096|724, 11096|835, 11072|896, 11064|940, 11064|1806, 11096|1866, 11152|1934, 11152|2607, 11352|2667, 11352|2757, 11344|2834, 11488|2886, 11528|2954, 11528|3864, 11536|3907, 11536|4063, com.sometimeswefly.littlealchemy, 
10992|1, 10992|158, 11096|198, 11096|1156, 11064|1247, 11064|2129, 11096|2222, 11096|3079, 11176|3118, 11272|3156, 11256|3202, 11272|3243, 11272|4031, com.tripadvisor.tripadvisor, 
10984|1, 10984|320, 10960|368, 11104|412, 11104|1304, 11096|1368, 11056|1420, 11056|2327, 11120|2383, 11296|2458, 11296|3252, 11384|3316, 11584|3452, 11584|4008, com.booking, 
11128|1, 11128|354, 11104|415, 11104|460, 11200|494, 11200|1353, 11208|1700, 11264|1796, 11264|2356, 11248|2393, 11376|2454, 11384|2541, 11384|3356, 11456|3435, 11608|3538, 11608|4026, com.booking, 
11152|1, 11152|615, 11136|656, 11136|703, 11200|756, 11200|1575, 11256|1668, 11288|1780, 11288|2565, 11376|2650, 11616|2752, 11616|3382, 11632|3622, 11632|4063, com.sometimeswefly.littlealchemy, 
11008|1, 11032|101, 11032|898, 11048|948, 11064|998, 11064|1913, 11128|1962, 11216|2004, 11216|2773, 11416|2857, 11416|2909, 11496|3024, 11496|3478, 11696|3586, 11696|3878, 11744|3954, 11704|4076, com.booking, 
11144|1, 11152|106, 11136|151, 11200|191, 11200|1090, 11224|1183, 11224|1860, 11528|2165, 11440|2272, 11440|3014, 11672|3153, 11728|3302, 11728|3825, 11672|3859, 11672|4083, com.ted.android, 
11000|1, 11000|257, 11056|303, 11056|1241, 11072|1291, 11072|2152, 11216|2260, 11304|2315, 11304|3176, 11392|3240, 11552|3295, 11552|4036, com.sometimeswefly.littlealchemy, 
11000|1, 11000|297, 11008|332, 11112|374, 11112|1277, 11128|1322, 11128|1367, 11168|1414, 11168|2231, 11368|2324, 11432|2372, 11432|3272, 11736|3470, 11736|4016, com.ted.android, 
11136|1, 11136|472, 11144|534, 11176|575, 11184|616, 11184|1138, 11224|1438, 11224|1531, 11232|1569, 11248|1610, 11248|2457, 11288|2502, 11456|2549, 11424|2610, 11424|3505, 11656|3572, 11664|3671, 11664|4039, com.ted.android, 
11024|1, 11024|781, 11136|818, 11136|1683, 11200|1849, 11200|2693, 11472|2751, 11544|2838, 11544|3650, 11664|3795, 11768|3906, 11768|4008, com.ted.android, 
11136|1, 11192|104, 11192|1175, 11208|1209, 11208|2028, 11280|2076, 11416|2129, 11416|2664, 11616|2725, 11616|3163, 11752|3280, 11696|4019, com.ted.android, 
11000|1, 11000|387, 11120|447, 11120|1387, 11264|1431, 11184|1565, 11184|2350, 11368|2403, 11440|2493, 11440|3336, 11728|3455, 11760|3529, 11760|4038, com.ted.android, 
11152|1, 11152|873, 11168|931, 11200|1273, 11200|1768, 11256|1957, 11280|2093, 11280|2560, 11480|2674, 11480|2850, 11600|2966, 11688|3083, 11688|3892, 11664|3931, 11688|4020, com.ted.android, 
