38909|1, 38909|2397, 38910|2479, 38910|4026, com.tripadvisor.tripadvisor, 
38910|1, 38910|1750, 38911|1898, 38911|2203, 38913|2283, 38914|2369, 38914|2860, 38915|2924, 38915|3890, 38916|3990, 38916|4071, com.booking, 
38926|1, 38926|2613, 38927|2676, 38927|4003, com.tripadvisor.tripadvisor, 
38928|1, 38928|4007, com.github.shadowsocks, 
38929|1, 38929|2936, 38930|2984, 38930|3188, 38931|3236, 38932|3308, 38932|3501, 38933|3560, 38933|4007, com.sometimeswefly.littlealchemy, 
38935|1, 38935|2070, 38936|2154, 38936|2489, 38939|2605, 38939|3135, 38940|3197, 38940|4052, com.booking, 
38950|1, 38950|2381, 38951|2447, 38951|3729, 38952|3789, 38952|4030, com.tripadvisor.tripadvisor, 
38952|1, 38952|1835, 38953|1901, 38953|2268, 38956|2368, 38956|2748, 38959|2936, 38959|3547, 38960|3652, 38960|4018, com.booking, 
38970|1, 38970|3121, 38971|3227, 38971|3315, 38972|3366, 38973|3437, 38973|3627, 38974|3672, 38975|4003, com.sometimeswefly.littlealchemy, 
38976|1, 38976|2479, 38977|2538, 38977|3854, 38978|3919, 38978|4015, com.tripadvisor.tripadvisor, 
38978|1, 38978|2960, 38979|3005, 38979|3197, 38980|3242, 38981|3302, 38981|3485, 38982|3537, 38982|4045, com.sometimeswefly.littlealchemy, 
38984|1, 38984|2005, 38985|2137, 38985|2429, 38987|2504, 38988|2560, 38988|3109, 38989|3187, 38989|4034, com.booking, 
38997|1, 38997|4029, com.github.shadowsocks, 
38999|1, 38999|1880, 39000|1995, 39000|4047, com.booking, 
39012|1, 39012|2967, 39013|3018, 39013|3169, 39014|3211, 39015|3299, 39015|3468, 39016|3520, 39016|4032, com.sometimeswefly.littlealchemy, 
39019|1, 39019|1850, 39020|1987, 39020|2353, 39022|2425, 39023|2505, 39023|2955, 39024|3031, 39024|4075, com.booking, 
39034|1, 39034|4013, com.github.shadowsocks, 
39035|1, 39035|2859, 39036|2926, 39036|3132, 39037|3200, 39038|3260, 39038|3455, 39039|3533, 39039|4022, com.sometimeswefly.littlealchemy, 
39041|1, 39041|1852, 39042|1941, 39042|2698, 39043|2764, 39043|3040, 39045|3150, 39045|4040, com.ted.android, 
39046|1, 39046|4058, com.github.shadowsocks, 
39047|1, 39047|3735, 39048|3804, 39048|4013, com.tripadvisor.tripadvisor, 
39049|1, 39049|2405, 39050|2461, 39050|3442, 39051|3502, 39051|4033, com.tripadvisor.tripadvisor, 
39051|1, 39051|4042, com.github.shadowsocks, 
39052|1, 39052|2634, 39053|2740, 39053|4022, com.tripadvisor.tripadvisor, 
39054|1, 39054|2773, 39055|2884, 39055|3081, 39056|3121, 39057|3170, 39057|3384, 39058|3449, 39058|4032, com.sometimeswefly.littlealchemy, 
39059|1, 39059|4089, com.github.shadowsocks, 
39060|1, 39060|1874, 39061|1938, 39061|2948, 39062|3052, 39063|3115, 39063|4025, com.ted.android, 
39064|1, 39064|2760, 39065|2819, 39065|4004, com.tripadvisor.tripadvisor, 
39065|1, 39065|4003, com.github.shadowsocks, 
39066|1, 39066|4024, com.github.shadowsocks, 
39067|1, 39067|4072, com.github.shadowsocks, 
39068|1, 39068|1966, 39069|2062, 39069|2784, 39070|2855, 39070|3058, 39072|3204, 39072|4003, com.ted.android, 
39072|1, 39072|2898, 39073|2994, 39073|4025, com.tripadvisor.tripadvisor, 
39074|1, 39074|1952, 39075|2021, 39075|2332, 39077|2400, 39078|2451, 39078|2881, 39079|2947, 39079|4061, com.booking, 
39088|1, 39088|3049, 39089|3104, 39089|3242, 39090|3325, 39091|3384, 39091|3555, 39092|3612, 39092|4039, com.sometimeswefly.littlealchemy, 
39094|1, 39094|4013, com.github.shadowsocks, 
39095|1, 39095|2916, 39096|2972, 39096|3182, 39097|3229, 39098|3268, 39098|3483, 39099|3541, 39099|4026, com.sometimeswefly.littlealchemy, 
39101|1, 39101|2666, 39102|2724, 39102|4029, com.tripadvisor.tripadvisor, 
39104|1, 39104|2120, 39105|2188, 39105|2590, 39107|2656, 39108|2704, 39108|3106, 39109|3172, 39109|3772, 39110|3856, 39110|4068, com.booking, 
39118|1, 39118|1918, 39119|2001, 39119|2382, 39121|2452, 39122|2530, 39122|2865, 39123|2929, 39123|3428, 39124|3530, 39124|4014, com.booking, 
39133|1, 39133|2999, 39134|3068, 39134|3208, 39136|3550, 39137|3615, 39137|4058, com.sometimeswefly.littlealchemy, 
39139|1, 39139|2123, 39140|2201, 39140|2599, 39142|2684, 39143|2752, 39143|3006, 39144|3074, 39144|4062, com.booking, 
39151|1, 39151|2000, 39152|2167, 39152|2614, 39153|2687, 39153|2908, 39155|3006, 39155|4070, com.ted.android, 
39155|1, 39155|3160, 39156|3229, 39156|3373, 39157|3420, 39157|3470, 39158|3521, 39158|3669, 39159|3751, 39159|4018, com.sometimeswefly.littlealchemy, 
39161|1, 39161|1819, 39162|1915, 39162|2721, 39163|2791, 39163|3038, 39165|3175, 39165|4015, com.ted.android, 
39166|1, 39166|1973, 39167|2097, 39167|2771, 39168|2817, 39168|2997, 39169|3103, 39170|3248, 39170|4021, com.ted.android, 
39170|1, 39170|1922, 39171|2034, 39171|2878, 39172|2944, 39172|3191, 39174|3343, 39174|4037, com.ted.android, 
39175|1, 39175|1783, 39176|1874, 39176|2649, 39177|2709, 39177|2785, 39179|3140, 39179|4002, com.ted.android, 
39179|1, 39179|1664, 39180|1741, 39180|2603, 39181|2741, 39181|2863, 39183|2977, 39183|4012, com.ted.android, 
39184|1, 39184|1943, 39185|2094, 39185|2762, 39187|2841, 39187|3071, 39189|3181, 39189|4001, com.ted.android, 
