28|1, 28|1205, 31|1295, 31|3323, 34|3369, 34|4043, com.skype.raider, 
29|1, 29|1361, 31|1437, 34|1531, 34|1602, 35|1670, 36|1738, 36|1804, 37|1863, 37|2191, 39|2254, 39|2315, 40|2380, 41|2446, 42|2497, 42|3198, 41|3258, 41|3798, 43|3887, 43|3937, 44|3987, 45|4038, com.ebay.mobile, 
46|1, 46|2231, 45|2266, 45|2398, 44|2449, 44|3169, 43|3209, 43|4005, com.github.shadowsocks, 
34|1, 34|4029, com.google.android.deskclock, 
24|1, 24|397, 22|440, 22|478, 21|521, 21|999, 22|1074, 22|1545, 23|1613, 23|1776, 24|1849, 24|4026, com.ted.android, 
26|1, 26|1363, 29|1441, 29|1951, 34|2013, 34|2255, 35|2340, 35|2512, 38|2576, 38|4229, com.paypal.android.p2pmobile, 
37|1, 37|2142, 36|2175, 36|4031, com.facebook.katana, 
31|1, 31|2566, 34|2614, 34|3486, 32|3924, 32|4013, com.facebook.katana, 
29|1, 29|1206, 30|1274, 30|1780, 32|1868, 32|2036, 33|2125, 33|2344, 34|2414, 34|2862, 35|2926, 35|3329, 36|3389, 36|4060, com.paypal.android.p2pmobile, 
34|1, 34|418, 36|493, 39|560, 39|748, 42|846, 42|903, 52|1038, 55|1180, 55|1607, 56|1716, 56|1799, 57|1857, 57|2143, 58|2234, 58|2478, 61|2525, 60|2594, 60|2683, 59|2724, 58|2768, 58|2852, 57|2901, 57|3096, 58|3183, 63|3423, 64|3560, 67|3647, 67|3879, 68|3935, 68|4021, com.antutu.ABenchMark, 
60|1, 60|947, 59|1031, 62|1139, 62|1673, 63|1743, 63|3128, 62|3217, 62|3254, 61|3302, 61|3354, 60|3391, 60|4025, com.tripadvisor.tripadvisor, 
58|1, 58|667, 57|755, 57|1826, 58|1877, 58|1917, 59|1980, 59|3647, 58|3695, 58|4027, at.DiTronic.androidgroup.randomgallery, 
53|1, 53|548, 52|594, 52|1018, 53|1071, 53|1202, 55|1245, 56|1309, 58|1406, 58|1632, 59|1683, 59|2339, 61|2392, 63|2439, 66|2499, 69|2535, 70|2585, 71|2644, 71|2696, 72|2760, 72|3168, 75|3237, 76|3287, 78|3342, 78|3463, 82|3569, 86|3673, 87|3757, 90|3846, 94|3923, 94|4049, com.cnn.mobile.android.phone, 
99|1, 99|824, 100|890, 100|1209, 99|1322, 100|1382, 100|1469, 101|1538, 101|3074, 100|3109, 100|3457, 102|3520, 102|4073, com.ted.android, 
98|1, 98|503, 97|549, 96|590, 96|2324, 94|2366, 94|4046, com.google.android.apps.photos, 
62|1, 62|958, 61|1003, 62|1063, 62|1233, 64|1293, 64|1478, 63|1557, 63|1607, 65|1698, 65|1749, 69|1809, 70|1900, 70|1973, 73|2140, 74|2248, 75|2381, 75|2539, 76|2624, 78|2904, 80|3046, 80|3550, 79|3619, 80|3777, 82|3841, 81|3884, 81|4016, com.booking, 
79|1, 79|577, 78|608, 78|994, 79|1091, 79|1231, 81|1306, 82|1390, 82|1525, 83|1603, 82|1668, 82|2049, 83|2173, 83|2279, 81|2385, 81|2466, 80|2542, 80|2592, 85|2881, 85|3393, 86|3453, 86|3809, 87|3862, 87|4033, com.booking, 
79|1, 79|1528, 78|1596, 78|2055, 77|2106, 76|2153, 76|2303, 75|2344, 75|2506, 74|2547, 74|4017, com.google.android.apps.photos, 
60|1, 60|304, 61|361, 61|405, 62|470, 62|1358, 65|1434, 65|1545, 68|1588, 68|4005, com.whatsapp, 
64|1, 64|1184, 66|1286, 66|1343, 70|1406, 74|1476, 74|1538, 75|1648, 75|1760, 76|1818, 76|1937, 77|1998, 77|2155, 76|2271, 76|2871, 82|3256, 83|3476, 84|3696, 85|4050, com.Slack, 
82|1, 82|328, 81|366, 81|559, 80|605, 80|1691, 83|1751, 83|1963, 84|2016, 85|2064, 85|2231, 87|2288, 87|2473, 86|2530, 86|2867, 88|2942, 88|3350, 89|3397, 89|3561, 75|3606, 75|4032, com.sometimeswefly.littlealchemy, 
72|1, 72|1190, 74|1253, 76|1350, 76|1452, 80|1518, 80|2319, 82|2399, 89|2474, 91|2529, 92|2586, 92|2731, 93|2774, 95|2834, 96|2882, 96|3005, 97|3045, 97|3098, 102|3196, 102|3303, 104|3357, 105|3416, 105|3484, 107|3539, 108|3593, 108|3676, 107|3740, 107|4013, com.android.chrome, 
95|1, 95|561, 94|608, 94|1132, 96|1173, 99|1265, 99|1430, 103|1510, 103|1580, 104|1691, 107|1840, 107|2502, 108|2574, 108|3232, 111|3289, 111|3491, 110|3528, 107|3582, 108|4124, com.antutu.ABenchMark, 
105|1, 105|442, 102|528, 102|1182, 103|1264, 105|1365, 105|2917, 107|2958, 108|3017, 109|3092, 109|3344, 108|3385, 108|3569, 107|3614, 106|3661, 104|3694, 104|4029, com.whatsapp, 
80|1, 80|1261, 79|1316, 79|2071, 78|2118, 78|3162, 77|3205, 77|3276, 76|3319, 75|3379, 75|4008, com.github.shadowsocks, 
68|1, 68|4013, com.github.shadowsocks, 
63|1, 63|1781, 62|1817, 62|2118, 61|2161, 61|2477, 62|2533, 62|2972, 59|3043, 59|3662, 60|3697, 60|3734, 61|3787, 61|4002, com.tripadvisor.tripadvisor, 
58|1, 58|1555, 59|1606, 61|1694, 62|1746, 62|1815, 63|1874, 63|1930, 66|2015, 65|2074, 65|2128, 67|2196, 67|2261, 68|2336, 69|2410, 69|2956, 67|3010, 67|3281, 68|3351, 70|3416, 70|3774, 71|3836, 71|4038, com.ebay.mobile, 
77|1, 77|1504, 78|1563, 77|1672, 78|1797, 79|1866, 79|1970, 80|2032, 80|2150, 79|2217, 79|2781, 78|2847, 79|2915, 84|2990, 84|3041, 85|3085, 86|3120, 86|3663, 87|3708, 87|4013, com.ebay.mobile, 
84|1, 84|1118, 87|1179, 88|1231, 88|1304, 87|1396, 87|1659, 86|1713, 86|1818, 85|1864, 85|2333, 84|2415, 84|2914, 83|2967, 83|3494, 82|3529, 82|4058, com.dropbox.android, 
63|1, 63|251, 62|296, 62|1849, 64|1902, 64|2104, 65|2144, 66|2194, 66|2393, 67|2430, 68|2481, 68|2621, 69|2682, 69|2787, 70|2870, 70|2954, 71|3015, 71|3607, 70|3665, 70|4011, com.sometimeswefly.littlealchemy, 
70|1, 70|899, 69|985, 68|1028, 68|1233, 67|1303, 66|1369, 66|1556, 68|1613, 68|2091, 74|2164, 74|2467, 75|2535, 75|2756, 78|2832, 78|2878, 77|2935, 77|3131, 76|3172, 75|3233, 75|3811, 74|3865, 74|4005, com.paypal.android.p2pmobile, 
69|1, 69|72, 67|156, 67|1478, 68|1582, 68|1803, 69|1885, 69|1961, 70|2035, 70|2883, 73|2969, 73|3006, 74|3052, 74|3185, 72|3250, 72|3814, 73|3866, 73|4003, com.ebay.mobile, 
65|1, 65|1595, 64|1711, 63|1786, 63|1924, 64|1993, 65|2078, 66|2138, 66|2438, 63|2489, 63|2826, 62|2880, 62|3046, 63|3106, 65|3190, 65|3239, 64|3271, 51|3333, 51|3452, 50|3534, 50|3837, 51|3894, 51|4020, com.ebay.mobile, 
40|1, 40|1789, 48|1928, 48|1986, 50|2026, 56|2110, 60|2153, 60|3015, 68|3284, 67|4218, com.instagram.android, 
62|1, 62|544, 55|590, 55|1054, 57|1106, 57|1373, 59|1454, 59|1514, 58|1593, 58|1809, 59|1932, 59|2507, 65|2891, 67|3099, 68|3325, 68|4068, com.Slack, 
71|1, 71|410, 70|448, 70|1213, 74|1312, 74|1422, 79|1508, 80|1566, 80|1690, 81|1733, 82|1787, 83|1822, 83|2031, 84|2078, 84|2278, 85|2348, 89|2427, 89|2474, 92|2538, 92|2675, 93|2759, 93|2938, 94|2989, 100|3072, 100|3209, 105|3278, 106|3334, 106|3412, 109|3469, 109|4044, com.android.chrome, 
104|1, 104|678, 103|722, 103|844, 102|911, 103|965, 103|1017, 106|1076, 107|1124, 107|1177, 110|1235, 118|1340, 122|1417, 122|1846, 126|1939, 127|2064, 131|2105, 131|2936, 132|2997, 132|4005, com.cnn.mobile.android.phone, 
130|1, 130|780, 131|869, 131|2135, 130|2194, 130|2768, 129|2816, 129|3545, 128|3583, 128|3721, 126|3752, 126|4026, com.google.android.apps.photos, 
92|1, 92|920, 95|970, 95|1398, 98|1484, 98|1570, 99|1652, 99|1729, 100|1846, 100|2063, 99|2134, 99|3731, 97|3778, 97|4041, com.ted.android, 
86|1, 86|1418, 87|1481, 87|1575, 91|1669, 96|1804, 97|1880, 97|1918, 99|1971, 100|2023, 100|2093, 101|2205, 101|2252, 102|2303, 102|2433, 108|2514, 108|2745, 109|2789, 109|2914, 115|2967, 116|3032, 117|3099, 117|3152, 115|3222, 118|3287, 119|3337, 119|3404, 122|3496, 122|3704, 121|3752, 121|3895, 120|3942, 121|4002, com.android.chrome, 
123|1, 122|33, 122|1442, 123|1484, 123|1538, 124|1650, 125|1694, 125|1741, 126|1805, 126|2233, 128|2287, 128|2505, 129|2622, 129|2911, 132|2987, 132|3482, 131|3520, 127|4100, com.paypal.android.p2pmobile, 
119|1, 119|147, 118|264, 118|2102, 117|2152, 117|3490, 116|3547, 115|3610, 115|4022, com.google.android.deskclock, 
83|1, 83|1765, 85|1809, 85|1859, 84|1915, 84|1963, 82|2004, 83|2065, 84|2112, 84|2295, 86|2352, 86|2524, 87|2595, 88|2659, 88|3631, 87|3683, 87|4019, com.sometimeswefly.littlealchemy, 
79|1, 79|1484, 80|1530, 80|1935, 82|1975, 82|2055, 81|2111, 81|2224, 82|2294, 82|2471, 83|2535, 83|3637, 81|3686, 81|4022, com.paypal.android.p2pmobile, 
74|1, 74|118, 66|269, 66|4028, com.google.android.deskclock, 
57|1, 57|3425, 56|3476, 56|4228, com.facebook.katana, 
55|1, 55|38, 54|71, 53|121, 53|345, 52|397, 52|599, 51|646, 51|812, 50|884, 49|964, 49|1128, 48|1190, 48|1489, 50|1584, 53|1731, 59|1812, 59|1898, 60|1954, 60|1993, 62|2039, 63|2109, 63|2238, 64|2289, 64|2325, 65|2376, 65|2589, 68|2655, 68|2708, 71|2783, 71|2869, 69|2932, 69|2984, 70|3039, 70|3179, 74|3226, 75|3303, 74|3360, 74|3577, 78|3620, 78|3799, 81|3857, 81|4042, com.android.chrome, 
82|1, 82|259, 80|308, 80|1123, 82|1204, 82|1511, 83|1577, 82|1639, 82|1783, 83|1856, 85|1924, 86|2017, 87|2065, 87|2121, 92|2223, 92|3455, 90|3515, 89|3551, 89|4013, com.dropbox.android, 
90|1, 90|376, 89|413, 89|472, 90|524, 90|817, 89|904, 89|2880, 90|2930, 90|4023, com.facebook.katana, 
67|1, 67|1979, 66|2027, 66|3142, 65|3187, 65|3263, 64|3297, 64|3347, 63|3411, 63|4005, com.github.shadowsocks, 
50|1, 49|38, 48|68, 48|271, 47|310, 47|1134, 53|1208, 53|1348, 55|1418, 56|1517, 56|2259, 57|2612, 55|3043, 57|3273, 58|3544, 58|4017, com.Slack, 
57|1, 57|201, 56|242, 56|375, 55|425, 55|892, 54|930, 54|1452, 55|1507, 55|1565, 61|1654, 61|1709, 65|1785, 69|1874, 69|1922, 72|1982, 81|2052, 81|2237, 89|2282, 89|2469, 90|2530, 90|2727, 91|2783, 91|2871, 92|2925, 93|2972, 93|3560, 94|3608, 94|4198, com.instagram.android, 
94|1, 94|41, 89|99, 89|178, 86|225, 86|392, 78|481, 78|531, 79|592, 82|665, 82|695, 74|731, 74|789, 77|849, 80|924, 84|1034, 84|1087, 85|1164, 84|1233, 84|1362, 87|1486, 89|1574, 89|1742, 88|1805, 88|2120, 89|2174, 89|2575, 90|2624, 90|4006, com.cnn.mobile.android.phone, 
92|1, 92|2969, 91|3018, 91|3201, 90|3252, 90|3332, 89|3380, 88|3436, 88|3888, 87|3935, 87|4051, com.facebook.katana, 
71|1, 71|1637, 75|1710, 75|1815, 79|1926, 80|1973, 80|3206, 84|3281, 85|3360, 85|3407, 86|3452, 86|4051, com.ebay.mobile, 
80|1, 80|297, 77|343, 76|390, 76|533, 75|578, 74|626, 74|828, 77|929, 77|1647, 82|1722, 82|1776, 85|1835, 89|1921, 89|1981, 92|2041, 100|2085, 100|2298, 107|2360, 106|2407, 106|2442, 105|2500, 106|2567, 106|2753, 107|2793, 107|3145, 106|3176, 106|3217, 105|3270, 105|4006, com.instagram.android, 
108|1, 108|322, 103|356, 103|453, 100|501, 100|627, 97|716, 92|755, 92|954, 84|998, 84|1191, 86|1282, 87|1345, 87|2495, 86|2553, 86|3537, 85|3589, 85|4037, com.whatsapp, 
70|1, 70|134, 69|185, 68|226, 68|410, 67|464, 67|1022, 69|1161, 71|1301, 77|1425, 77|1658, 78|1732, 78|1917, 79|1956, 79|2250, 84|2369, 86|2420, 86|2535, 85|2580, 85|2626, 84|2692, 84|2874, 83|2927, 86|3008, 86|3096, 90|3180, 90|3296, 93|3368, 93|4003, com.android.chrome, 
90|1, 90|976, 89|1078, 89|1277, 87|1350, 87|1697, 88|1762, 88|1841, 89|1992, 89|2125, 90|2203, 90|2745, 89|2823, 89|3139, 92|3195, 91|3317, 91|4051, com.ebay.mobile, 
94|1, 94|848, 97|934, 97|1013, 98|1087, 98|1185, 99|1279, 105|1368, 105|1537, 106|1623, 109|1760, 109|2358, 110|2472, 110|3105, 108|3166, 108|3420, 111|3509, 111|3847, 113|3937, 113|4050, com.antutu.ABenchMark, 
96|1, 96|1098, 98|1240, 98|1482, 101|1682, 103|1837, 103|4024, com.ted.android, 
100|1, 100|1682, 99|1833, 99|2316, 100|2416, 100|2522, 101|2571, 101|3515, 103|3595, 103|3845, 105|3910, 106|3993, 106|4316, com.ebay.mobile, 
89|1, 89|47, 88|85, 88|1699, 90|1830, 94|1957, 99|2120, 100|2231, 99|2295, 100|2369, 101|2475, 102|2520, 102|2580, 103|2655, 103|3011, 102|3087, 104|3217, 109|3316, 109|3381, 110|3451, 110|3566, 111|3643, 112|3734, 112|3903, 113|3980, 119|4071, com.android.chrome, 
120|1, 120|167, 119|218, 119|289, 117|359, 117|519, 116|592, 116|1960, 115|2033, 117|2102, 117|2356, 116|2418, 116|2776, 115|2860, 115|2973, 114|3017, 113|3073, 113|4026, com.google.android.deskclock, 
116|1, 116|354, 117|396, 117|1023, 118|1075, 118|2081, 124|2178, 126|2249, 132|2348, 133|2422, 135|2475, 135|3331, 143|3407, 143|3560, 151|3637, 152|4054, com.instagram.android, 
131|1, 131|556, 127|612, 127|695, 124|752, 124|1459, 122|1621, 123|1768, 117|1862, 123|1987, 120|2080, 116|2145, 118|2218, 119|2283, 119|2371, 120|2432, 121|2487, 121|2818, 128|2918, 128|3090, 129|3177, 129|3325, 134|3434, 135|3496, 135|3559, 134|3637, 134|3701, 138|3764, 138|3927, 141|3973, 141|4028, com.android.chrome, 
134|1, 134|178, 133|213, 133|316, 131|370, 131|634, 128|685, 128|1554, 127|1608, 124|1672, 123|1710, 123|1882, 122|1915, 122|2058, 124|2091, 123|2131, 122|2183, 122|2607, 123|2679, 123|3400, 126|3496, 127|3578, 127|4022, com.tripadvisor.tripadvisor, 
122|1, 122|431, 121|479, 121|573, 120|610, 120|1198, 122|1258, 122|1405, 123|1492, 124|1613, 125|1709, 125|2418, 127|2780, 131|3171, 133|3400, 134|3654, 133|4053, com.Slack, 
108|1, 108|39, 107|88, 107|1076, 106|1136, 106|1381, 104|1465, 104|1658, 103|1748, 105|1828, 104|1888, 104|2100, 105|2180, 106|2265, 106|2366, 109|2457, 109|2920, 111|3000, 111|3099, 110|3149, 110|3212, 112|3491, 112|4003, com.ebay.mobile, 
107|1, 107|993, 106|1055, 106|1667, 108|1726, 109|1783, 109|1934, 110|1987, 110|2027, 111|2081, 110|2150, 109|2201, 109|2236, 111|2290, 111|2418, 112|2462, 112|2608, 113|2668, 113|2955, 112|3037, 112|3534, 111|3589, 111|4035, com.sometimeswefly.littlealchemy, 
103|1, 103|936, 102|977, 102|1539, 101|1605, 101|1908, 99|1949, 88|1980, 86|2026, 86|2528, 87|2599, 87|4036, com.tripadvisor.tripadvisor, 
79|1, 79|1191, 78|1235, 78|1725, 77|1758, 77|2362, 76|2431, 75|2487, 75|4007, com.tripadvisor.tripadvisor, 
68|1, 68|1702, 69|1764, 69|2117, 71|2222, 71|2341, 70|2402, 70|2490, 69|2542, 69|3156, 70|3259, 73|4198, com.ebay.mobile, 
77|1, 77|44, 76|92, 75|146, 75|322, 74|369, 74|1760, 77|1881, 77|1988, 76|2079, 76|2308, 75|2396, 75|2454, 74|2513, 74|2575, 73|2636, 71|2683, 73|2734, 72|2810, 72|3065, 71|3163, 71|4012, com.csst.ecdict, 
64|1, 64|4004, com.github.shadowsocks, 
56|1, 56|1137, 58|1206, 58|1314, 65|1400, 70|1503, 72|1600, 72|1662, 70|1790, 73|1926, 73|2119, 76|2233, 76|2337, 79|2433, 81|2533, 81|4016, com.cnn.mobile.android.phone, 
77|1, 77|172, 75|282, 76|357, 76|520, 75|588, 75|1474, 74|1574, 74|1870, 73|1917, 73|2336, 75|2389, 75|2663, 74|2727, 73|2856, 72|2924, 70|2994, 70|4042, com.facebook.katana, 
63|1, 63|4022, com.github.shadowsocks, 
46|1, 46|1610, 45|1674, 45|1968, 46|2059, 46|2284, 44|2343, 44|2608, 43|2662, 43|2815, 45|2880, 45|3110, 44|3184, 44|3730, 45|3791, 45|3909, 46|3980, 46|4041, com.csst.ecdict, 
51|1, 51|241, 50|296, 50|2459, 49|2502, 49|2548, 48|2612, 48|2723, 47|2762, 47|4003, com.github.shadowsocks, 
46|1, 46|1972, 45|2000, 45|2169, 44|2204, 44|2235, 43|2285, 42|2326, 42|2395, 41|2481, 41|2653, 42|2707, 42|4048, com.tripadvisor.tripadvisor, 
36|1, 36|4020, at.DiTronic.androidgroup.randomgallery, 
41|1, 41|1899, 42|1998, 42|2733, 44|2804, 44|4015, com.csst.ecdict, 
41|1, 41|76, 40|122, 40|707, 39|748, 39|1183, 45|1266, 45|1316, 46|1399, 46|1640, 52|1719, 52|1821, 53|1888, 55|2023, 56|2093, 56|2185, 53|2295, 52|2415, 51|2553, 51|2658, 52|2743, 52|3391, 55|3453, 55|4036, com.antutu.ABenchMark, 
74|1, 74|193, 73|258, 73|908, 74|1040, 74|1158, 73|1258, 73|1377, 76|1512, 76|1846, 75|1914, 75|2495, 78|2562, 78|3128, 83|3193, 83|4002, com.paypal.android.p2pmobile, 
83|1, 83|1435, 84|1499, 84|1914, 86|2006, 86|2213, 87|2305, 87|2588, 88|2646, 88|4053, com.paypal.android.p2pmobile, 
71|1, 71|1668, 67|1815, 70|1943, 73|2069, 71|2172, 71|4088, com.whatsapp, 
56|1, 56|3218, 57|3306, 57|4147, com.tripadvisor.tripadvisor, 
60|1, 60|150, 61|224, 62|303, 62|405, 63|511, 63|2031, 66|2284, 66|2388, 68|2569, 71|2778, 72|2966, 72|3678, 71|3869, 73|4045, com.booking, 
74|1, 74|2622, 73|2707, 73|3062, 72|3172, 72|3274, 71|3364, 71|3681, 70|3760, 70|3813, 68|3905, 68|4043, at.DiTronic.androidgroup.randomgallery, 
63|1, 63|4006, com.facebook.katana, 
53|1, 53|2748, 54|2873, 54|4010, com.tripadvisor.tripadvisor, 
53|1, 53|1115, 54|1165, 55|1248, 55|1336, 56|1407, 59|1490, 62|1561, 66|1624, 68|1724, 71|1879, 71|1941, 74|2021, 78|2179, 78|2377, 80|2455, 80|2577, 81|2678, 82|2784, 83|2849, 83|3182, 84|3242, 84|3335, 85|3390, 85|4004, com.cnn.mobile.android.phone, 
86|1, 86|1375, 85|1468, 85|2104, 86|2151, 86|2197, 87|2253, 87|2520, 86|2569, 86|3704, 85|3762, 85|4050, at.DiTronic.androidgroup.randomgallery, 
63|1, 63|1031, 64|1103, 64|1257, 66|1322, 66|1864, 73|1945, 73|2046, 76|2184, 77|2336, 77|2421, 78|2522, 78|2652, 79|2705, 81|2841, 83|2984, 83|3520, 84|3583, 84|3829, 85|3896, 85|4027, com.booking, 
62|1, 62|1021, 63|1115, 63|1240, 66|1334, 66|1598, 67|1716, 67|1836, 68|1912, 68|1969, 67|2130, 68|2250, 68|2459, 69|2572, 68|2623, 68|2678, 70|2776, 71|2879, 71|2975, 70|3075, 70|3307, 71|3398, 71|3922, 72|3985, 71|4216, com.booking, 
56|1, 56|1133, 55|1257, 55|1702, 58|1779, 58|1858, 57|1927, 56|1965, 56|2374, 55|2439, 55|2651, 57|2709, 57|2876, 55|2933, 55|4006, com.csst.ecdict, 
38|1, 38|1358, 40|1485, 45|1628, 48|1697, 48|1874, 49|1948, 50|1995, 50|2197, 51|2234, 51|2616, 58|2716, 58|2763, 59|2817, 59|3002, 60|3058, 61|3124, 61|3269, 64|3341, 66|3465, 69|3532, 69|3674, 72|3756, 72|4006, com.android.chrome, 
72|1, 72|1517, 73|1616, 73|1896, 74|1991, 74|2246, 82|2350, 82|4042, com.dropbox.android, 
82|1, 82|162, 81|203, 81|932, 79|1010, 79|2094, 78|2202, 78|2383, 77|2442, 76|4016, com.github.shadowsocks, 
55|1, 55|1208, 57|1257, 57|1363, 60|1441, 66|1558, 67|1642, 67|2063, 69|2202, 70|2302, 70|3456, 71|3513, 71|4020, com.cnn.mobile.android.phone, 
68|1, 69|49, 69|262, 65|408, 65|1539, 66|1700, 65|1836, 65|2094, 67|2219, 67|2469, 68|2578, 68|2935, 71|3030, 71|4287, com.paypal.android.p2pmobile, 
65|1, 65|4019, com.google.android.deskclock, 
56|1, 56|1056, 55|1143, 55|1770, 58|1889, 67|2050, 70|2210, 70|2279, 71|2341, 72|2412, 72|2531, 71|2576, 72|2643, 72|2715, 71|2784, 71|2972, 74|3065, 76|3133, 78|3191, 78|3450, 79|3522, 79|3647, 86|3713, 87|3810, 88|4023, com.android.chrome, 
92|1, 92|392, 90|442, 90|1188, 92|1272, 94|1362, 94|1426, 99|1553, 100|1680, 100|1773, 101|1825, 101|2086, 104|2183, 103|2310, 104|2432, 104|2715, 110|3182, 112|3491, 113|3780, 113|4141, com.Slack, 
115|1, 115|172, 114|227, 114|635, 115|672, 115|897, 114|1026, 114|1471, 116|1598, 116|1754, 114|1817, 114|2066, 115|2153, 116|2268, 116|2409, 117|2539, 118|2665, 118|2731, 119|2837, 119|3168, 120|3231, 120|3667, 121|3897, 121|4015, com.paypal.android.p2pmobile, 
97|1, 97|506, 96|608, 96|1544, 94|1598, 94|4009, com.google.android.deskclock, 
72|1, 72|1644, 69|1682, 69|2502, 67|2560, 67|4026, com.google.android.apps.photos, 
54|1, 54|1168, 52|1256, 52|1428, 51|1492, 51|1538, 50|1591, 53|1670, 53|1782, 52|1838, 52|1892, 50|1957, 50|3787, 52|3859, 53|3905, 53|4024, com.skype.raider, 
52|1, 52|2268, 51|2333, 51|4037, com.google.android.apps.photos, 
58|1, 58|1322, 60|1418, 60|1664, 61|1733, 61|4033, com.Slack, 
54|1, 54|904, 53|985, 53|1499, 55|1544, 57|1609, 57|2866, 55|2914, 53|2960, 53|4019, com.whatsapp, 
52|1, 52|685, 51|739, 51|1062, 54|1151, 55|1221, 53|1308, 53|1406, 57|1507, 60|1595, 60|1697, 61|1774, 61|1851, 64|1973, 64|2415, 65|2488, 65|3380, 68|3432, 70|4271, com.antutu.ABenchMark, 
76|1, 76|1097, 78|1195, 78|1265, 81|1401, 89|1532, 91|1590, 91|1647, 92|1822, 92|1946, 95|2009, 97|2123, 97|2312, 99|2408, 99|3120, 100|3172, 100|4060, com.cnn.mobile.android.phone, 
92|1, 92|848, 94|914, 94|1091, 95|1165, 96|1263, 96|1381, 95|1478, 95|1532, 94|1597, 94|1666, 93|1730, 93|2521, 92|2659, 92|4022, com.Slack, 
71|1, 71|2144, 70|2195, 70|2426, 69|2539, 69|2733, 70|2831, 70|3265, 71|3371, 71|3547, 73|3615, 73|3861, 74|3943, 76|4039, com.tripadvisor.tripadvisor, 
63|1, 63|652, 62|713, 62|1316, 60|1398, 60|2638, 58|2727, 58|4031, com.github.shadowsocks, 
55|1, 55|1351, 56|1439, 56|1509, 58|1609, 58|4013, com.whatsapp, 
56|1, 56|4015, com.github.shadowsocks, 
52|1, 52|4011, at.DiTronic.androidgroup.randomgallery, 
64|1, 64|654, 63|706, 63|1079, 62|1146, 62|1302, 60|1394, 61|1462, 61|1819, 60|1874, 60|4027, com.whatsapp, 
58|1, 58|1171, 60|1245, 60|1390, 61|1469, 62|1573, 62|4013, com.Slack, 
59|1, 59|409, 58|443, 58|1042, 56|1094, 56|1839, 59|1895, 59|2009, 58|2110, 58|2327, 59|2402, 60|2443, 60|2576, 61|2659, 61|2718, 62|2792, 61|2872, 62|2940, 62|3606, 61|3660, 61|4008, com.sometimeswefly.littlealchemy, 
59|1, 59|230, 58|274, 58|898, 57|967, 57|1336, 61|1492, 66|1557, 52|1611, 52|1756, 53|1796, 54|1884, 54|2059, 55|2110, 55|2437, 57|2487, 60|2561, 62|2629, 63|2680, 63|2883, 64|2929, 65|2971, 65|3123, 69|3161, 70|3247, 70|3377, 73|3439, 73|3552, 76|3619, 76|4038, com.android.chrome, 
75|1, 75|1293, 76|1369, 77|1435, 78|1493, 78|1585, 77|1652, 77|1715, 76|1752, 75|1814, 74|1880, 74|4001, com.whatsapp, 
66|1, 66|435, 64|471, 64|1474, 67|1545, 67|2024, 69|2091, 73|2148, 73|2332, 74|2432, 74|2672, 75|2733, 75|2988, 74|3045, 74|3235, 76|3278, 76|3814, 75|3868, 75|4030, com.paypal.android.p2pmobile, 
55|1, 55|1811, 56|1867, 56|1996, 57|2064, 58|2122, 58|2357, 60|2401, 60|4035, com.sometimeswefly.littlealchemy, 
54|1, 54|1600, 55|1687, 57|1766, 60|4062, com.skype.raider, 
52|1, 52|541, 51|608, 51|870, 50|974, 50|1772, 51|1821, 51|4015, com.skype.raider, 
51|1, 51|1601, 52|1679, 52|1752, 54|1838, 54|3013, 53|3092, 53|4073, com.whatsapp, 
47|1, 47|1155, 45|1270, 47|1366, 47|1816, 50|1913, 50|1991, 51|2090, 51|2181, 52|2374, 53|2476, 53|4003, com.ted.android, 
57|1, 56|41, 56|119, 54|175, 54|511, 53|575, 53|1282, 55|1361, 56|1419, 57|1492, 57|4029, com.whatsapp, 
50|1, 50|4005, com.google.android.apps.photos, 
44|1, 44|273, 43|324, 43|526, 42|583, 41|635, 40|691, 40|825, 39|945, 39|1029, 38|1091, 38|1150, 45|1262, 44|1394, 44|1523, 47|1618, 49|1700, 49|1765, 51|1889, 54|2013, 53|2122, 53|2920, 54|2995, 54|3610, 57|3693, 59|4081, com.antutu.ABenchMark, 
58|1, 57|106, 56|196, 56|314, 55|430, 54|531, 54|605, 52|661, 52|2578, 53|2637, 53|4001, com.tripadvisor.tripadvisor, 
51|1, 51|4057, com.facebook.katana, 
38|1, 38|2290, 37|2333, 37|4013, com.facebook.katana, 
34|1, 34|442, 33|498, 33|695, 32|746, 32|979, 35|1036, 36|1115, 36|1180, 40|1252, 44|1323, 49|1412, 50|1504, 52|1643, 52|1976, 54|2067, 54|2146, 55|2221, 62|2318, 65|2405, 66|2478, 66|2556, 68|2640, 68|4054, com.cnn.mobile.android.phone, 
81|1, 81|77, 82|166, 82|552, 83|607, 83|876, 82|930, 82|1414, 84|1494, 85|1548, 85|3343, 84|3403, 84|3550, 85|3616, 85|3688, 86|3748, 86|4016, com.skype.raider, 
77|1, 77|1677, 76|1786, 76|1905, 77|2007, 79|2126, 79|2923, 81|2990, 81|4056, com.csst.ecdict, 
58|1, 58|447, 57|488, 57|742, 55|786, 55|1935, 54|2021, 54|2717, 52|2779, 52|3046, 54|3111, 54|3295, 53|3353, 53|4012, com.csst.ecdict, 
47|1, 47|659, 46|721, 46|1889, 45|1963, 45|2015, 44|2070, 44|2107, 43|2174, 43|2427, 42|2508, 42|4048, com.google.android.deskclock, 
40|1, 40|1168, 39|1257, 40|1347, 40|1739, 41|1797, 41|1888, 42|1994, 42|4179, com.ted.android, 
44|1, 44|1649, 46|1695, 46|1902, 47|1967, 48|2011, 48|2202, 50|2242, 50|4004, com.sometimeswefly.littlealchemy, 
48|1, 48|1846, 49|1915, 49|2095, 50|2158, 51|2223, 40|2288, 35|2335, 35|2376, 37|2435, 37|4025, com.sometimeswefly.littlealchemy, 
37|1, 37|1182, 43|1287, 43|1498, 45|1570, 47|1688, 47|1784, 48|1985, 48|2696, 54|3136, 55|3358, 56|3592, 57|3927, 57|4090, com.Slack, 
59|1, 59|34, 58|65, 58|1396, 60|1461, 60|3038, 62|3105, 62|4022, com.google.android.deskclock, 
62|1, 62|4107, com.facebook.katana, 
50|1, 50|1197, 49|1252, 49|1454, 51|1551, 51|1712, 53|1800, 54|1882, 54|1931, 55|1997, 59|2087, 59|2562, 58|2608, 57|2663, 57|3299, 56|3336, 56|4046, com.dropbox.android, 
48|1, 48|117, 47|150, 47|391, 46|431, 46|625, 45|667, 45|997, 44|1074, 43|4058, com.google.android.deskclock, 
42|1, 42|1528, 43|1608, 45|1677, 45|2326, 42|2385, 42|3631, 45|3696, 45|4024, com.skype.raider, 
48|1, 48|1702, 49|1788, 50|1858, 50|2028, 51|2094, 52|2154, 52|2278, 53|2335, 54|2399, 53|2453, 51|2504, 51|2555, 52|2637, 52|2703, 53|2758, 53|2808, 54|2875, 54|4042, com.sometimeswefly.littlealchemy, 
54|1, 54|1657, 55|1709, 55|3624, 56|3676, 56|4040, com.skype.raider, 
52|1, 52|1064, 56|1122, 56|1196, 59|1288, 59|1553, 61|1629, 61|1823, 64|1935, 64|2639, 63|2725, 62|2815, 62|3390, 65|3467, 65|4015, com.antutu.ABenchMark, 
73|1, 73|1067, 76|1467, 76|1611, 80|1726, 80|1802, 81|1962, 82|2106, 82|2183, 81|2288, 81|2414, 80|2547, 78|2683, 78|2747, 79|2848, 79|3282, 77|3364, 77|3798, 78|3867, 78|4040, com.antutu.ABenchMark, 
83|1, 83|1948, 82|2060, 82|2243, 81|2395, 80|2580, 80|3288, 82|3392, 82|4085, com.csst.ecdict, 
65|1, 65|2119, 63|2283, 64|2422, 64|2723, 67|2856, 67|2956, 68|3038, 72|3166, 74|3292, 75|3398, 75|3513, 77|3653, 77|4010, com.dropbox.android, 
78|1, 78|715, 77|774, 77|1122, 76|1183, 76|2905, 77|3079, 77|4003, com.csst.ecdict, 
80|1, 80|1563, 81|1679, 81|2278, 84|2452, 85|2642, 86|2746, 86|4017, com.ted.android, 
88|1, 88|397, 87|490, 87|4049, com.google.android.apps.photos, 
85|1, 85|1474, 87|1590, 87|1761, 89|1828, 89|1901, 92|2004, 92|2080, 93|2147, 93|2806, 96|2933, 97|3034, 98|3238, 98|3589, 99|3655, 101|3790, 104|3988, 104|4258, com.booking, 
99|1, 99|608, 98|666, 98|1420, 97|1521, 96|1678, 96|1803, 95|1895, 97|2056, 97|2166, 96|2219, 96|2670, 95|2743, 94|2809, 94|2851, 93|2905, 93|2987, 95|3077, 93|3140, 93|3307, 94|3382, 94|4070, com.csst.ecdict, 
83|1, 83|1222, 85|1321, 85|1569, 87|1661, 88|1775, 88|4034, com.Slack, 
81|1, 81|35, 80|68, 80|4001, at.DiTronic.androidgroup.randomgallery, 
71|1, 71|4008, com.google.android.deskclock, 
50|1, 50|1089, 51|1143, 51|1280, 54|1374, 54|1586, 55|1681, 55|1912, 58|1997, 58|2175, 59|2290, 60|2376, 60|2448, 62|2616, 67|2979, 68|3059, 68|3817, 69|3928, 69|4031, com.booking, 
72|1, 72|423, 70|467, 70|1166, 71|1225, 71|1410, 74|1503, 74|1592, 72|1708, 73|1783, 73|1964, 72|2027, 72|2103, 73|2214, 70|2324, 69|2409, 69|2664, 70|2774, 70|2830, 75|3192, 75|3564, 74|3628, 74|3850, 73|3914, 71|4214, com.booking, 
61|1, 61|460, 60|505, 60|1535, 62|1629, 62|2144, 61|2203, 61|2340, 60|2403, 60|2779, 59|2846, 59|3729, 60|3787, 62|3860, 62|4024, com.skype.raider, 
51|1, 51|948, 48|1011, 48|4037, com.google.android.apps.photos, 
45|1, 45|1126, 48|1218, 49|1325, 52|1426, 52|1591, 56|1703, 54|1803, 57|1931, 56|2021, 56|2387, 57|2492, 57|3738, 60|3808, 60|4083, com.antutu.ABenchMark, 
66|1, 66|524, 65|660, 65|4018, com.google.android.apps.photos, 
63|1, 63|1148, 62|1230, 62|2057, 60|2198, 60|2671, 61|2857, 62|4032, com.csst.ecdict, 
54|1, 54|1605, 50|1770, 50|4025, at.DiTronic.androidgroup.randomgallery, 
56|1, 56|1422, 55|1556, 56|1637, 56|1828, 57|1922, 57|2081, 62|2183, 63|2288, 63|4075, com.dropbox.android, 
62|1, 62|239, 61|290, 61|651, 60|714, 60|940, 59|1050, 57|1150, 57|1310, 56|1399, 56|2095, 59|2175, 59|2371, 61|2461, 61|2647, 62|2735, 63|2813, 63|3813, 62|3882, 62|4001, com.sometimeswefly.littlealchemy, 
60|1, 60|1121, 64|1216, 64|1326, 67|1407, 74|1532, 82|1678, 85|1802, 85|1976, 86|2113, 88|2265, 88|2377, 90|2503, 90|3179, 91|3245, 92|3336, 92|3512, 93|3586, 93|3653, 94|3723, 94|3771, 95|3844, 95|4002, com.cnn.mobile.android.phone, 
99|1, 99|115, 98|177, 98|253, 101|336, 101|417, 102|549, 101|644, 101|1203, 104|1309, 104|1360, 102|1462, 102|1871, 101|1939, 101|3730, 104|3805, 104|4034, com.skype.raider, 
98|1, 98|374, 97|442, 97|957, 98|1101, 99|1178, 99|1218, 100|1322, 102|1427, 105|1526, 105|2035, 106|2146, 106|3120, 105|3205, 105|4055, com.cnn.mobile.android.phone, 
85|1, 85|1469, 83|1516, 83|2215, 82|2274, 82|2929, 81|2982, 81|3512, 80|3569, 80|4001, at.DiTronic.androidgroup.randomgallery, 
68|1, 68|1672, 69|1739, 69|3830, 70|3904, 70|4007, com.skype.raider, 
66|1, 66|340, 58|401, 52|454, 52|616, 51|678, 51|2025, 50|2063, 50|2754, 48|2808, 48|4035, at.DiTronic.androidgroup.randomgallery, 
53|1, 53|3035, 51|3100, 51|4036, at.DiTronic.androidgroup.randomgallery, 
51|1, 51|1048, 48|1158, 48|1250, 50|1328, 51|1400, 51|1572, 53|1668, 59|1762, 59|1898, 61|2019, 62|2130, 63|2245, 63|2726, 64|2805, 64|3646, 66|3727, 66|4007, com.antutu.ABenchMark, 
73|1, 73|952, 70|1254, 71|1517, 71|1643, 73|1744, 73|2266, 80|2407, 81|2584, 81|2774, 84|2931, 86|3143, 86|3290, 87|3398, 87|3647, 88|3778, 89|3943, 89|4087, com.booking, 
91|1, 91|701, 90|846, 90|1026, 89|1130, 89|2028, 90|2197, 90|2299, 89|2360, 90|2452, 90|2543, 94|2671, 95|2830, 95|2906, 99|3025, 96|3195, 94|3319, 94|4025, com.dropbox.android, 
76|1, 76|326, 75|380, 75|444, 73|531, 73|923, 72|1018, 72|1107, 71|1177, 70|1258, 70|2063, 71|2199, 71|2373, 72|2498, 73|2617, 75|2760, 75|4051, com.dropbox.android, 
64|1, 64|308, 63|397, 62|464, 61|520, 60|607, 60|933, 59|1013, 59|1558, 60|1683, 60|2385, 63|2606, 64|2799, 65|3054, 65|4045, com.ted.android, 
66|1, 66|2323, 67|2435, 67|2817, 68|2920, 68|3065, 69|3187, 69|3255, 71|3424, 71|4025, com.dropbox.android, 
66|1, 66|1277, 65|1411, 65|1807, 64|1958, 65|2107, 65|2426, 66|2519, 67|2643, 67|2770, 69|2967, 69|4067, com.dropbox.android, 
62|1, 62|428, 61|480, 61|772, 60|823, 60|902, 57|981, 57|1383, 58|1567, 58|2012, 59|2163, 60|2321, 60|4209, com.ted.android, 
60|1, 60|1469, 61|1628, 61|1827, 63|2008, 66|2142, 67|2253, 67|2746, 68|2887, 68|3094, 70|3244, 71|3371, 72|3554, 72|3819, 73|3895, 75|4014, com.booking, 
83|1, 83|1393, 84|1490, 84|2005, 85|2143, 86|2351, 86|2722, 85|2837, 85|3312, 83|3431, 83|4315, com.ted.android, 
73|1, 73|2517, 72|2657, 72|2774, 71|2872, 71|3013, 70|3105, 70|3195, 69|3266, 69|3423, 68|3529, 68|3732, 67|3801, 67|4009, com.google.android.apps.photos, 
43|1, 43|2137, 52|2226, 53|2356, 60|2423, 62|2487, 68|2583, 68|4029, com.instagram.android, 
76|1, 76|535, 68|601, 68|823, 61|897, 61|1758, 66|1837, 68|1914, 74|2053, 81|2172, 85|2238, 85|2362, 93|2452, 93|2519, 92|2565, 92|2632, 93|2721, 93|2792, 85|2859, 85|3044, 84|3108, 84|3262, 83|3326, 83|3610, 84|3684, 84|3917, 85|3991, 85|4060, com.instagram.android, 
81|1, 81|398, 77|468, 76|538, 73|619, 73|775, 65|837, 65|1058, 64|1208, 64|1690, 69|1776, 73|1876, 77|1966, 80|2026, 80|2293, 88|2366, 87|2431, 87|2598, 88|2665, 88|2803, 89|2870, 89|3241, 88|3301, 88|3488, 89|3536, 89|4049, com.instagram.android, 
85|1, 85|334, 80|391, 80|427, 77|487, 77|700, 69|753, 69|956, 61|1050, 61|1231, 60|1311, 60|1707, 62|1768, 68|1904, 76|2009, 76|2085, 84|2139, 84|2932, 82|2988, 82|4065, com.instagram.android, 
89|1, 89|321, 84|382, 81|443, 81|640, 74|702, 74|1574, 79|1646, 82|1717, 87|1830, 90|1919, 98|2002, 98|2541, 97|2608, 97|2768, 89|2837, 89|3051, 88|3112, 88|3284, 87|3324, 87|3832, 95|3893, 95|4067, com.instagram.android, 
101|1, 101|176, 100|259, 99|349, 99|414, 94|482, 91|540, 91|699, 85|763, 84|819, 84|1767, 89|1886, 93|2025, 97|2129, 100|2209, 108|2325, 107|2421, 107|2561, 105|2641, 99|2739, 99|2900, 98|2961, 98|3059, 97|3146, 97|3665, 105|3730, 105|3888, 106|3997, 106|4053, com.instagram.android, 
