160108|1, 160108|445, 159052|491, 159052|646, 158844|697, 158468|774, 159808|844, 159840|905, 159840|1060, 158436|1138, 158436|1552, 158324|1610, 158324|1814, 158420|1866, 158380|1915, 158380|2845, 158372|2900, 158372|3815, 158356|3847, 158880|3904, 158880|4007, com.skype.raider, 
161192|1, 161192|469, 160088|512, 159924|570, 159552|615, 159428|660, 159428|703, 159304|754, 159304|919, 159156|969, 160728|1029, 160728|1085, 160456|1128, 160332|1202, 160332|1287, 160200|1329, 160020|1462, 159848|1523, 159848|1650, 159724|1717, 159724|1809, 159592|1880, 158304|1949, 157860|2017, 157624|2082, 157624|2470, 157648|2533, 157648|3477, 157640|3536, 157512|3691, 157512|4021, com.ebay.mobile, 
159936|1, 160064|235, 160064|360, 160340|401, 160340|577, 159060|625, 159060|968, 160656|1049, 160656|1093, 160576|1163, 160476|1196, 160476|1273, 160384|1409, 160260|1516, 160156|1566, 159908|1647, 158244|1743, 157688|1823, 157540|1881, 157540|2076, 157564|2121, 157564|2206, 157764|2251, 157764|3092, 157828|3128, 157820|3163, 157820|3356, 158160|3395, 158160|3607, 158036|3647, 158036|4014, com.github.shadowsocks, 
159404|1, 159304|191, 159304|431, 159180|469, 159348|524, 159348|598, 159224|636, 159292|671, 159292|749, 158816|853, 160448|917, 160324|967, 160184|1066, 160184|1113, 160068|1153, 160068|1299, 160188|1374, 160188|1597, 160236|1656, 160236|1695, 158436|1760, 158324|1825, 158324|2039, 158428|2084, 158428|2228, 158620|2279, 158620|2617, 158664|2662, 158664|3360, 158856|3408, 158856|4029, com.google.android.deskclock, 
160020|1, 159896|189, 159896|255, 159864|302, 159772|338, 159772|709, 159660|745, 159660|779, 159764|833, 159764|909, 159844|946, 159540|1015, 160552|1107, 160712|1182, 160332|1258, 160084|1302, 160092|1371, 159928|1437, 159928|1493, 160048|1544, 160048|1600, 159784|1656, 159204|1728, 159204|1866, 159080|1960, 158068|2032, 158068|2189, 157740|2298, 157740|2367, 156716|2453, 156716|2603, 156816|2655, 156816|2825, 156560|2995, 156560|3121, 156704|3222, 156704|3269, 156720|3332, 156720|3431, 156596|3486, 156596|3733, 156724|3769, 156724|3917, 156824|3963, 156824|4002, com.ted.android, 
160228|1, 160112|186, 160112|480, 158576|543, 158576|633, 158504|671, 158692|727, 158692|811, 158416|881, 160152|966, 160152|1224, 159964|1275, 159964|1621, 159980|1674, 159908|1755, 159908|2073, 159804|2131, 159524|2194, 159096|2264, 159096|2363, 158948|2434, 158668|2524, 158496|2587, 156712|2692, 156588|2756, 156588|3620, 156620|3661, 156548|3711, 156508|3760, 156908|4029, com.paypal.android.p2pmobile, 
157704|1, 158792|235, 158792|562, 157640|743, 158340|841, 158340|885, 157816|953, 157716|1001, 159236|1058, 159236|1186, 158796|1277, 157640|1327, 157916|1379, 157916|1716, 157892|1766, 157892|1811, 157992|1858, 157992|2196, 157928|2273, 157944|2326, 157944|2763, 157816|2807, 158316|2911, 158316|3180, 158356|3214, 158364|3251, 158364|4014, com.facebook.katana, 
160192|1, 159064|171, 159064|512, 158820|579, 158820|615, 158696|656, 158696|775, 158416|820, 158032|899, 158212|1009, 158340|1045, 158316|1121, 158316|1170, 157704|1226, 157704|1327, 157516|1394, 157516|1578, 157388|1619, 157388|1665, 157588|1717, 157588|1803, 157148|1861, 157148|1914, 157008|1956, 157008|2172, 156904|2229, 156904|2329, 156780|2408, 156780|2733, 156364|2779, 156276|3127, 156152|3176, 156152|4042, com.facebook.katana, 
156660|1, 156536|184, 156536|506, 156560|550, 156760|592, 156760|631, 156720|671, 156720|750, 156260|839, 156260|880, 157028|963, 156924|1002, 156708|1048, 156708|1138, 156604|1190, 156604|1229, 156820|1311, 156940|1381, 156940|1520, 156992|1571, 156852|1643, 156852|1740, 156956|1787, 156956|1837, 156828|1915, 156828|1955, 156608|2047, 156608|2212, 156428|2305, 155364|2397, 155240|2461, 155264|2523, 155116|2594, 155116|3507, 155124|3564, 155124|3599, 155060|3653, 155060|4048, com.paypal.android.p2pmobile, 
155804|1, 156444|676, 156272|721, 156272|866, 156468|938, 156568|1007, 156608|1080, 156600|1152, 156600|1221, 156496|1328, 156496|1561, 156392|1697, 155028|1840, 155028|2003, 154988|2136, 154988|2192, 154840|2269, 153976|2394, 153864|2459, 153864|2727, 153520|2825, 153520|3072, 153432|3136, 153312|4111, com.antutu.ABenchMark, 
154864|1, 154864|575, 154760|641, 154628|717, 154380|817, 154380|962, 154176|1013, 154176|1140, 154052|1228, 153880|1315, 153776|1460, 154284|1534, 154284|1667, 154800|1725, 154848|1770, 154848|2023, 154624|2083, 154624|2156, 154500|2211, 154500|2264, 154604|2311, 154604|2479, 154488|2534, 154592|2572, 154592|2704, 154696|2755, 154696|3112, 154452|3180, 154352|3236, 154352|3296, 154196|3364, 154072|3414, 153700|3499, 153700|3725, 153644|3762, 153644|4027, com.tripadvisor.tripadvisor, 
155292|1, 155292|253, 155216|291, 155248|326, 155248|484, 155124|534, 155124|607, 155000|660, 155000|736, 154852|776, 154852|809, 154548|899, 155932|979, 155932|1172, 155832|1227, 154424|1288, 154144|1357, 154144|1969, 154736|2020, 154736|2060, 154664|2122, 154664|2204, 154476|2255, 154476|2290, 154456|2335, 154456|2424, 154584|2486, 154456|2535, 154456|4001, at.DiTronic.androidgroup.randomgallery, 
156016|1, 155992|135, 155992|492, 154824|542, 154824|627, 154724|678, 154576|724, 154576|762, 154476|812, 154380|895, 154380|1150, 154072|1201, 154072|1376, 153968|1439, 153420|1537, 153084|1627, 154540|1699, 154416|1762, 154416|1857, 154408|1902, 154392|1957, 154392|2068, 154520|2125, 154520|2827, 154276|2892, 154276|3368, 155676|3418, 155676|3472, 155444|3515, 155252|3593, 155096|3700, 154932|3805, 154460|3899, 154328|3981, 154328|4060, com.cnn.mobile.android.phone, 
155792|1, 155620|173, 155620|501, 155364|547, 155480|589, 153308|640, 153308|673, 153184|715, 153184|850, 152684|932, 154732|992, 154732|1057, 154156|1150, 154156|1192, 153960|1247, 153960|1380, 153460|1490, 153412|1551, 153296|1639, 152380|1710, 152264|1799, 152264|1968, 152108|2021, 150720|2106, 150720|2383, 150508|2428, 150508|2480, 150420|2816, 150664|2878, 150664|2997, 150540|3069, 150540|3548, 150736|3581, 150736|3626, 150804|3688, 150804|4194, com.ted.android, 
152380|1, 152380|205, 152468|255, 152468|374, 153000|421, 153000|588, 152876|624, 152876|747, 152572|883, 154184|951, 154184|1194, 153704|1252, 152544|1332, 152544|1384, 152672|1435, 152544|1485, 152544|1564, 152248|1613, 152544|1666, 152544|1764, 152244|1818, 152628|1875, 154700|1952, 154700|1993, 154804|2037, 154804|2203, 154772|2231, 154836|2272, 153340|2324, 153340|3195, 153348|3238, 153348|3266, 153400|3310, 153400|4025, com.google.android.apps.photos, 
153600|1, 155264|134, 155104|185, 155104|488, 154980|521, 154980|619, 154856|655, 154856|703, 154676|752, 154676|836, 154232|921, 154248|968, 154476|1041, 154476|1131, 153928|1189, 153664|1245, 153548|1302, 153548|1360, 153416|1421, 153272|1492, 153168|1558, 153168|1612, 152676|1691, 152676|1878, 152472|1940, 152364|2029, 151968|2100, 151104|2272, 148792|2378, 148688|2508, 148688|2751, 148020|3045, 147896|3174, 147896|3434, 147768|3501, 147768|3682, 147664|3841, 147664|3910, 147608|3968, 147608|4011, com.booking, 
153112|1, 152800|111, 152800|510, 151768|566, 151704|599, 151556|644, 151556|684, 151384|716, 151312|760, 151312|809, 151032|846, 152608|964, 152608|1103, 151916|1200, 151856|1274, 151856|1339, 151716|1417, 151716|1499, 151588|1641, 151588|1778, 151484|1837, 151484|2010, 151312|2065, 150748|2157, 148708|2289, 148216|2391, 148216|2576, 148080|2655, 148080|2700, 147644|2994, 147644|3562, 147724|3611, 147732|3659, 147732|4020, com.booking, 
151164|1, 151164|245, 151168|287, 151168|447, 150952|495, 150952|573, 150828|612, 150828|742, 150704|813, 150704|865, 150516|922, 152796|981, 152796|1197, 152700|1255, 152724|1297, 151440|1393, 150280|1449, 150280|1838, 150124|1876, 150724|1936, 153248|1996, 153352|2038, 152428|2088, 152300|2132, 152436|2164, 152452|2216, 152388|2262, 152388|2338, 152688|2380, 152688|2532, 151416|2578, 151416|2837, 151292|2884, 151292|4028, com.google.android.apps.photos, 
153320|1, 152012|141, 152012|274, 152140|327, 152140|496, 151944|540, 151304|605, 151068|657, 151068|821, 150788|897, 152480|963, 152480|1247, 152292|1322, 152292|1375, 152280|1431, 152280|1496, 152116|1569, 152116|1878, 152000|1938, 151856|1987, 150064|2036, 149924|2099, 149924|2943, 150384|2975, 150384|3323, 150464|3371, 150464|3494, 150092|3595, 150092|3925, 150152|3962, 150152|4007, com.whatsapp, 
151704|1, 151484|140, 151484|559, 151360|595, 151236|637, 151236|720, 151056|779, 151056|890, 151060|960, 151060|1021, 150888|1078, 150944|1124, 150944|1241, 150828|1327, 150608|1423, 150608|1481, 150496|1546, 150496|1612, 149956|1677, 149708|1791, 149708|1845, 149448|1897, 149448|2134, 149328|2196, 149328|2304, 149152|2420, 145224|2544, 144256|2638, 132564|3035, 122860|3423, 116944|3629, 112340|3856, 105652|4201, com.Slack, 
110732|1, 112744|127, 112744|490, 110448|554, 110448|639, 109672|683, 109852|729, 109852|767, 109696|838, 109548|888, 109872|983, 112528|1056, 112528|1130, 112640|1229, 112416|1293, 112064|1382, 112064|1446, 111408|1524, 111280|1596, 110900|1649, 110716|1714, 110716|1769, 110816|1818, 110816|1924, 109264|1992, 109264|2049, 104732|2086, 103616|2143, 103616|2187, 88752|2242, 107108|2308, 129020|2354, 129020|2411, 121996|2473, 110612|2517, 109216|2598, 108960|2661, 108996|2728, 109296|2775, 109396|2815, 109396|2894, 109592|2949, 109592|3521, 110168|3554, 110168|3648, 110260|3685, 110292|3734, 110292|3864, 110132|3913, 110132|4002, com.sometimeswefly.littlealchemy, 
162160|1, 162136|118, 162136|183, 162156|215, 162088|278, 162088|449, 161964|487, 161964|537, 160044|586, 159920|623, 159920|666, 159796|714, 159616|746, 159616|801, 159716|877, 162040|932, 162040|1069, 161820|1123, 161704|1175, 161408|1232, 161408|1307, 161732|1370, 163332|1477, 163192|1568, 163192|2184, 163220|2232, 163148|2266, 163148|2315, 163024|2384, 162892|2437, 162892|2595, 161628|2646, 161628|3161, 161620|3214, 142028|3314, 123464|3366, 121288|3421, 121288|3472, 120008|3533, 112460|3600, 112336|3659, 112336|4037, com.android.chrome, 
193288|1, 193140|90, 193140|515, 180664|569, 180664|649, 180540|695, 180540|777, 180496|819, 180496|858, 180364|902, 180364|960, 179804|1034, 192240|1132, 192240|1265, 192140|1359, 192140|1668, 192036|1779, 191652|1928, 191520|2009, 191520|2175, 186232|2310, 185936|2441, 186040|2526, 186040|2746, 185984|2814, 184044|2891, 183820|2970, 183696|3027, 175780|3098, 175856|3138, 175856|3189, 175708|3242, 175808|3280, 175808|3380, 176108|3445, 176108|3792, 176296|3839, 179696|4001, com.antutu.ABenchMark, 
157964|1, 157964|390, 157956|468, 157960|552, 157960|617, 157968|698, 157772|790, 157772|892, 179096|1022, 179096|1164, 178964|1257, 178656|1357, 178656|1434, 178520|1552, 176472|1698, 144480|1746, 144356|1806, 144200|1853, 144200|2445, 144224|2491, 144624|2529, 144624|3261, 144500|3310, 144500|3459, 144520|3513, 144520|4005, com.whatsapp, 
146804|1, 146388|146, 146388|499, 146016|545, 146016|639, 145892|685, 145924|718, 145744|766, 145744|821, 145184|898, 146160|964, 146160|1051, 146020|1117, 146020|1456, 145792|1512, 145532|1579, 145428|1656, 144828|1711, 144244|1800, 143916|1877, 143916|2163, 144340|2216, 144340|2673, 144348|2706, 144368|2750, 144368|3669, 144416|3723, 144416|4023, com.github.shadowsocks, 
146972|1, 146948|115, 146948|295, 146996|349, 146996|472, 146872|512, 146748|549, 146748|593, 146212|659, 146212|783, 146088|813, 145736|906, 146520|963, 146520|1005, 146600|1068, 146496|1117, 146496|1274, 146456|1344, 146404|1414, 146132|1464, 145812|1547, 145812|1629, 144792|1703, 144296|1772, 144056|1835, 143912|1901, 143812|1954, 143912|1988, 143912|2148, 144412|2191, 144412|2319, 144480|2371, 144480|2838, 144548|2895, 144620|2927, 144620|3320, 144644|3352, 144644|3472, 144520|3520, 144520|4020, com.github.shadowsocks, 
146256|1, 146120|93, 146120|523, 145996|560, 145996|682, 145824|719, 145824|946, 145896|992, 145864|1035, 145864|1082, 145732|1122, 145732|1277, 146140|1340, 146140|1536, 146096|1591, 146096|1794, 146072|1840, 146072|1948, 146156|1986, 146156|2514, 146008|2568, 145884|2624, 145884|2778, 145720|2837, 145720|2924, 145736|2988, 145556|3067, 145292|3139, 145292|3572, 145392|3622, 145392|3652, 145384|3713, 145384|3923, 146008|3956, 145976|4005, com.tripadvisor.tripadvisor, 
146836|1, 146736|133, 146736|173, 146896|223, 146792|262, 146792|520, 146668|564, 146868|598, 146260|658, 146260|732, 146136|788, 146136|912, 145496|1001, 145496|1043, 145748|1143, 145852|1196, 145120|1246, 145120|1339, 144988|1401, 144988|1477, 145084|1533, 145148|1623, 145120|1684, 145120|1737, 145096|1825, 145080|1875, 145080|1944, 144304|2004, 144200|2065, 144200|2324, 144184|2390, 144184|2579, 144112|2794, 144088|2877, 144088|3032, 144064|3086, 144064|3409, 143916|3481, 143916|3604, 143804|3858, 143804|4024, com.ebay.mobile, 
146080|1, 146224|110, 146224|466, 145332|519, 145036|564, 145036|665, 144616|758, 145336|812, 145336|864, 144780|953, 144780|990, 144628|1039, 144628|1779, 144276|1910, 143524|1976, 143180|2083, 143180|2255, 143076|2322, 143204|2382, 143204|2953, 143212|3024, 143252|3096, 143236|4033, com.ebay.mobile, 
146040|1, 146040|307, 145404|507, 145404|665, 145252|713, 145252|753, 145244|788, 145212|827, 145212|939, 145312|1002, 146056|1103, 146056|1301, 145916|1380, 145916|1467, 145876|1546, 146628|1635, 146440|1697, 146440|1730, 146496|1788, 146184|1852, 146080|1888, 146080|1938, 145632|1986, 145508|2033, 145508|2088, 145520|2160, 145396|2206, 145396|2405, 145448|2486, 145448|2773, 145532|2836, 145532|3763, 145540|3811, 145540|4049, com.dropbox.android, 
146560|1, 146560|260, 146616|299, 146560|330, 146576|374, 146576|883, 146216|961, 146472|1044, 146584|1129, 146404|1184, 146140|1248, 145880|1310, 145832|1400, 145680|1507, 144792|1657, 144792|1790, 144620|1881, 144620|2272, 144532|2328, 142920|2378, 141684|2425, 141420|2471, 141420|2509, 140620|2561, 140116|2611, 125012|2651, 108048|2701, 108856|2764, 108416|2802, 106436|2871, 101980|2949, 99796|2984, 98692|3034, 99992|3094, 99992|3132, 99748|3193, 99600|3249, 99676|3297, 99776|3366, 100052|3413, 100052|3499, 99652|3555, 99752|3593, 100152|3639, 99928|3695, 100088|3744, 100088|3828, 99644|3887, 99808|3939, 99808|4027, com.sometimeswefly.littlealchemy, 
145092|1, 145092|473, 144984|523, 144984|566, 144860|600, 144860|687, 144464|725, 144464|757, 144472|801, 144324|853, 144144|918, 144144|984, 144624|1064, 144624|1207, 144520|1253, 144520|1747, 144480|1810, 144480|1851, 144180|1901, 144180|2250, 144016|2346, 143828|2402, 143828|2615, 142804|2696, 142880|2767, 142864|2845, 142864|3358, 142732|3390, 142732|3623, 142788|3841, 143288|3891, 143192|3949, 143192|4023, com.paypal.android.p2pmobile, 
145532|1, 145812|210, 145812|279, 145860|368, 145860|770, 145212|964, 146084|1065, 146068|1117, 145936|1161, 145748|1217, 145748|1258, 145644|1293, 145488|1378, 145488|1681, 145384|1789, 145384|1944, 144992|2012, 144672|2093, 144676|2169, 144676|2294, 144684|2355, 144684|2520, 144556|2583, 144556|3087, 144368|3173, 144368|3209, 144472|3259, 144368|3314, 144360|3348, 144360|4018, com.ebay.mobile, 
146468|1, 146124|136, 146124|575, 145996|618, 145892|681, 145892|768, 145788|862, 146280|905, 146296|1012, 145796|1074, 145796|1276, 145648|1340, 145524|1414, 145376|1475, 145360|1554, 145360|1915, 144704|1992, 144452|2054, 144328|2124, 144104|2207, 144104|2386, 144216|2463, 144216|2881, 144084|2954, 144068|3009, 144100|3066, 144100|3663, 144204|3737, 144172|4023, com.ebay.mobile, 
144704|1, 144704|92, 144804|141, 144804|665, 144816|714, 144840|761, 144840|945, 144560|999, 144760|1063, 144604|1099, 145492|1192, 145492|1638, 145476|1757, 145476|1807, 145344|1883, 144048|2023, 144048|2670, 143920|2714, 143920|3101, 144128|3371, 144560|3410, 144560|3697, 144624|3743, 144624|4042, com.instagram.android, 
138800|1, 139840|186, 139964|222, 139964|284, 140012|338, 140012|517, 140136|585, 139368|629, 139712|674, 139712|723, 139812|768, 139812|806, 139616|883, 139616|922, 139484|975, 140252|1036, 140148|1096, 140148|1232, 140100|1285, 140108|1380, 140108|1460, 140308|1507, 140308|1553, 140016|1635, 140016|1695, 139892|1771, 139768|1858, 139768|1913, 136136|1987, 131560|2111, 128892|2195, 127504|2322, 118164|2705, 109960|3081, 102424|3278, 96584|3513, 90200|3833, 89152|3963, 106552|4111, com.Slack, 
115464|1, 115284|85, 115284|829, 135684|966, 135740|1003, 135740|1163, 132376|1214, 131104|1303, 130748|1396, 131560|1508, 129896|1594, 129896|1954, 130452|2035, 130452|2204, 130388|2246, 130248|2314, 130124|2363, 130020|2435, 130020|2515, 128876|2557, 127348|2623, 127348|2885, 127284|2933, 127276|2985, 127276|3072, 122200|3163, 94516|3217, 96976|3296, 112444|3362, 127848|3418, 103264|3502, 104552|3552, 104552|3644, 104952|3697, 104952|3920, 105028|3985, 105004|4035, com.android.chrome, 
175984|1, 175208|102, 175208|445, 175216|473, 175152|518, 153780|578, 153780|653, 153656|700, 153656|745, 153476|777, 153476|880, 153236|944, 153236|1014, 153088|1067, 153192|1117, 155092|1176, 154920|1227, 154732|1277, 154608|1338, 154344|1442, 154264|1517, 153876|1599, 153596|1672, 152748|1762, 150604|1874, 150252|1947, 154304|2068, 154164|2163, 154164|2254, 148876|2325, 147612|2360, 147452|2469, 147508|2523, 147508|2828, 146716|2880, 146716|3045, 146932|3096, 146932|3151, 146808|3209, 146808|3449, 146832|3500, 146832|3942, 146044|3997, 146044|4040, com.cnn.mobile.android.phone, 
137648|1, 137648|770, 137252|836, 137252|873, 157720|972, 157720|1285, 157092|1345, 135204|1456, 134892|1495, 134640|1550, 134640|1830, 134380|1879, 134280|1954, 156752|2016, 156728|2059, 156728|2233, 141460|2288, 141560|2333, 141560|2414, 134232|2460, 134232|2587, 134132|2621, 134132|2800, 134468|2862, 134468|2952, 134528|2981, 134536|4024, com.google.android.apps.photos, 
143220|1, 158436|126, 158308|167, 158308|529, 137640|593, 137516|623, 137516|716, 137500|746, 137320|786, 137320|861, 136984|930, 157232|979, 157456|1043, 157268|1105, 156908|1165, 156744|1303, 156744|1390, 159176|1445, 159484|1530, 159364|1608, 158364|1695, 158072|1776, 158072|1853, 157808|1976, 136420|2075, 135652|2126, 135676|2187, 135676|2351, 135540|2403, 135540|2502, 135412|2567, 135412|2708, 135340|2744, 135284|2848, 135560|2892, 135560|2949, 135404|3008, 135404|3203, 135516|3252, 135516|3694, 135564|3741, 135540|4041, com.ted.android, 
129588|1, 129488|109, 129488|345, 129572|395, 129572|642, 129508|683, 129508|753, 129272|836, 132796|903, 132796|993, 132508|1045, 132508|1127, 129520|1198, 129196|1257, 129092|1307, 129072|1421, 128876|1524, 128496|1590, 128324|1684, 128112|1777, 127792|1914, 127792|2320, 127808|2358, 127652|2409, 127652|2626, 127524|2692, 127524|2792, 127400|2851, 127400|2953, 127236|3024, 125200|3074, 119636|3138, 115360|3215, 103356|3259, 93976|3329, 98852|3397, 131628|3447, 120836|3513, 103680|3602, 103680|3737, 103880|3777, 103880|3809, 104544|3861, 104544|4050, com.android.chrome, 
155696|1, 155028|96, 155028|490, 134644|522, 134396|572, 134272|617, 134272|693, 134092|745, 134092|798, 134068|846, 133780|909, 133552|993, 154636|1097, 154636|1447, 154536|1535, 154536|1898, 154384|1966, 154384|2388, 153988|2472, 153908|2523, 153908|2599, 153804|2716, 153804|2770, 147932|2882, 154532|2957, 154532|3005, 154736|3081, 154608|3136, 154608|3225, 154504|3276, 154504|3313, 154264|3375, 155388|4194, com.paypal.android.p2pmobile, 
138104|1, 153844|242, 153844|322, 153876|392, 153876|883, 162420|1081, 162412|1130, 162400|1175, 162400|1346, 162408|1410, 162408|1793, 157000|1863, 156620|1914, 156496|1975, 148136|2041, 148136|2339, 148024|2395, 148024|2477, 147768|2537, 147768|2629, 147000|2692, 147000|2945, 147200|2978, 147200|3365, 147240|3411, 147240|3730, 146984|3787, 146984|4002, com.google.android.deskclock, 
141580|1, 162396|125, 162396|350, 162596|387, 162596|549, 141524|600, 141524|735, 141452|769, 141380|818, 141332|865, 141332|909, 140812|979, 162048|1052, 162048|1127, 162276|1199, 161960|1260, 161780|1321, 161676|1382, 161376|1460, 161140|1529, 159500|1635, 159136|1697, 159136|1799, 159112|1888, 159024|1932, 159024|1985, 155424|2038, 150304|2085, 141856|2131, 138008|2188, 138008|2834, 137792|2914, 137792|3088, 137992|3144, 137992|3272, 137892|3318, 137892|3390, 137784|3436, 137660|3486, 137660|3521, 137760|3567, 137760|3623, 137964|3672, 138068|3703, 138068|3859, 138112|3895, 138112|4002, com.sometimeswefly.littlealchemy, 
140180|1, 140056|82, 140056|305, 140124|337, 140124|382, 140212|425, 140212|671, 140188|721, 140016|763, 140016|843, 139432|934, 139432|974, 160544|1051, 160544|1371, 160804|1508, 160804|1751, 160616|1805, 160616|2062, 160512|2137, 160284|2190, 160284|2374, 160080|2456, 154260|2554, 153940|2615, 153840|2670, 153680|2739, 153168|2784, 153168|3347, 152912|3402, 152952|3448, 152952|3566, 153080|3633, 153080|3673, 153208|3717, 153208|4028, com.paypal.android.p2pmobile, 
138352|1, 154128|173, 154128|433, 154024|619, 154432|761, 154536|825, 154360|873, 154040|922, 161172|1002, 161172|1372, 161132|1440, 161132|1491, 160884|1557, 160884|1658, 155500|1730, 155500|1791, 155108|1836, 146792|1899, 146600|1955, 146600|2026, 146568|2076, 146568|2196, 147100|2248, 147100|2351, 146864|2398, 146864|2545, 146096|2593, 146096|3284, 146640|3323, 146640|3584, 146392|3640, 146432|4018, com.google.android.deskclock, 
141560|1, 140788|94, 140788|270, 140924|306, 140924|505, 140676|558, 140676|607, 140668|636, 140668|677, 140412|723, 139984|768, 139984|890, 139668|984, 139620|1032, 161264|1134, 161424|1187, 161424|1223, 161296|1287, 159728|1363, 159604|1395, 159604|1449, 159748|1514, 159748|1561, 159700|1611, 159864|1660, 159864|2277, 159736|2318, 159736|2567, 159728|2622, 159728|3036, 159600|3087, 159600|3309, 159900|3341, 159900|3568, 159932|3621, 159932|3714, 159804|3764, 159804|4266, com.facebook.katana, 
162340|1, 161796|83, 161796|478, 161688|514, 141084|558, 141084|603, 140796|648, 140796|680, 140540|728, 140540|786, 140136|842, 140172|893, 161476|967, 161460|1045, 161564|1087, 161432|1144, 161432|1215, 161012|1272, 155740|1363, 155716|1475, 154912|1573, 154608|1667, 153548|1821, 153152|1898, 151616|1980, 151552|2038, 151552|2124, 151392|2197, 151392|2323, 151268|2371, 151268|2671, 151088|2738, 151088|2911, 149952|2953, 148432|3017, 148352|3070, 148352|3260, 144768|3309, 136856|3385, 136856|3542, 135680|3602, 122648|3658, 122384|3702, 121416|3757, 120140|3827, 115348|3885, 99456|3939, 98840|3985, 99760|4034, com.android.chrome, 
139392|1, 138612|108, 138612|608, 138668|645, 138716|696, 138716|742, 138844|794, 138836|837, 138836|884, 138688|932, 138688|1021, 138664|1107, 150236|1187, 150236|1457, 149972|1573, 150036|1621, 149852|1684, 149852|2333, 148852|2405, 148240|2505, 148240|2615, 148100|2658, 148100|2712, 138524|2776, 138400|2819, 138400|2871, 138276|2933, 138276|3418, 138152|3455, 138152|3621, 138232|3659, 138232|3709, 138416|3767, 138292|3830, 138292|4027, com.dropbox.android, 
139056|1, 138992|115, 138992|482, 138836|526, 138836|631, 138712|666, 138712|758, 138532|801, 138384|859, 138064|923, 140196|1010, 140444|1101, 140572|1151, 139012|1243, 138888|1307, 138888|1347, 139016|1421, 139016|1707, 139116|1757, 139012|1812, 138728|1857, 138728|2067, 138664|2121, 138664|2330, 139288|2381, 139288|3036, 139320|3072, 139392|3111, 139392|4038, com.facebook.katana, 
139520|1, 139404|67, 139404|471, 139280|509, 139280|552, 139156|593, 139156|708, 138828|773, 138828|823, 138640|880, 140552|956, 140552|1126, 140448|1184, 140448|1280, 140476|1380, 140080|1446, 140080|1486, 139804|1582, 137568|1684, 137140|1753, 137140|1883, 136976|1926, 136976|2124, 137508|2173, 137508|2700, 137468|2751, 137468|3683, 137476|3720, 137476|4018, com.github.shadowsocks, 
141308|1, 141060|96, 140804|131, 140804|328, 140820|365, 141020|404, 141020|532, 140832|580, 139552|628, 139552|874, 139028|946, 138632|999, 140532|1063, 140532|1132, 140408|1187, 140408|1304, 140248|1382, 140148|1442, 140140|1515, 139264|1618, 138736|1686, 138736|1914, 136800|1964, 136676|2026, 136676|2192, 136540|2352, 135592|2750, 135488|3153, 135488|3367, 135356|3656, 135228|3973, 135228|4138, com.Slack, 
136420|1, 136296|116, 136296|485, 136140|536, 136016|584, 136016|702, 135844|762, 135844|829, 135836|866, 135884|919, 135316|1005, 137252|1040, 137584|1103, 137584|1488, 137704|1564, 137744|1621, 137744|1676, 137848|1771, 137520|1819, 137052|1906, 134348|1987, 134184|2032, 134184|2641, 134080|2698, 134080|2840, 134152|2895, 134152|2983, 134080|3039, 134080|3372, 133968|3458, 133968|3723, 134780|3766, 134780|3842, 134812|3887, 134812|4024, com.instagram.android, 
134796|1, 134972|438, 134972|485, 135448|536, 135392|577, 135392|970, 135212|1030, 137112|1101, 137112|1167, 136772|1225, 136772|1287, 136264|1367, 135816|1478, 135660|1533, 135660|1606, 135764|1669, 135088|1745, 134512|1802, 136176|1927, 136176|2127, 133840|2179, 133652|2241, 133396|2311, 133496|2359, 133596|2407, 133636|2476, 133636|2615, 133736|2678, 133736|2890, 133928|2949, 133928|3400, 133960|3433, 134008|3484, 134008|4048, com.cnn.mobile.android.phone, 
135248|1, 135148|90, 135148|481, 135024|527, 135024|600, 134852|696, 134852|744, 134280|798, 136656|887, 136656|997, 136920|1070, 135224|1158, 135224|1259, 135108|1331, 135108|1911, 134996|1967, 134996|2004, 135012|2253, 136040|2312, 136040|2623, 135916|2656, 135916|3056, 135936|3109, 135936|3869, 136064|3925, 136136|4023, com.facebook.katana, 
135800|1, 135800|629, 135816|675, 135816|814, 134892|879, 134892|947, 136980|1004, 136972|1063, 136792|1137, 136792|1243, 136644|1315, 136544|1405, 136544|1637, 136600|1706, 136600|1783, 136204|1837, 134252|1882, 133776|1994, 133776|2622, 133584|2674, 133584|3530, 133664|3632, 133592|3696, 133592|4049, com.ebay.mobile, 
137476|1, 136288|92, 136288|328, 136304|357, 136340|386, 136340|480, 136316|532, 135132|577, 135020|622, 135020|715, 134916|749, 134668|794, 134668|845, 134772|884, 134772|917, 134344|1024, 137860|1107, 137980|1138, 137980|1310, 137928|1370, 137928|1465, 137888|1514, 137888|1570, 137636|1640, 137636|1737, 137232|1812, 137232|1870, 137044|1931, 133800|2013, 133748|2071, 133620|2131, 133620|2332, 133532|2387, 133532|2986, 133404|3035, 133404|3151, 133516|3234, 133516|3269, 133616|3307, 133552|3363, 133612|3409, 133612|3484, 133580|3535, 133580|3618, 133652|3661, 133652|4038, com.instagram.android, 
134284|1, 134284|342, 134892|429, 134892|795, 134432|877, 134432|917, 137480|987, 137480|1218, 137376|1302, 137268|1352, 137244|1443, 137244|1673, 136988|1735, 136784|1774, 133500|1840, 133508|1897, 133384|1948, 133384|2570, 133716|2615, 133716|2808, 133560|2853, 133640|2906, 133640|3528, 133516|3580, 133516|3785, 133616|3825, 133616|3929, 133640|3968, 133640|4001, com.whatsapp, 
135428|1, 135140|105, 135140|237, 135016|292, 135016|893, 134944|994, 135688|1052, 135584|1126, 134656|1268, 134756|1412, 134748|1539, 134748|1920, 134692|1975, 134692|2060, 134616|2121, 134492|2176, 134492|2215, 134312|2267, 134312|2365, 134040|2482, 133916|2524, 133916|2876, 133964|2927, 133900|2978, 133900|3031, 117400|3113, 89996|3200, 101712|3286, 109324|3343, 94280|3408, 106972|3471, 107172|3518, 107172|3638, 107672|3698, 107672|3837, 108328|3896, 108320|3946, 108432|3990, 108432|4048, com.android.chrome, 
152240|1, 152100|106, 152100|459, 152084|498, 152084|719, 151984|769, 151812|819, 151812|867, 151780|914, 151452|996, 173044|1079, 172560|1182, 172560|1271, 172420|1330, 172492|1381, 172240|1463, 172232|1537, 172100|1606, 172100|1973, 165200|2100, 154316|2179, 154076|2229, 154076|2376, 154084|2429, 154084|2642, 153828|2701, 153828|2768, 153724|2851, 153724|3305, 153604|3425, 153604|3503, 152836|3563, 152836|3781, 152708|3846, 152964|4155, com.ebay.mobile, 
172188|1, 171676|73, 171676|426, 171788|481, 151388|551, 151388|638, 151120|746, 172112|865, 172056|922, 172056|1084, 171952|1159, 172056|1258, 172056|1614, 171952|1694, 171656|1833, 169832|1933, 169704|2109, 169380|2186, 168844|2335, 168844|2810, 168808|2893, 168808|3034, 168684|3094, 168224|3176, 168224|3281, 168208|3371, 168208|3449, 168092|3492, 167988|3581, 167988|3796, 168036|3851, 168292|3918, 168292|4008, com.antutu.ABenchMark, 
150892|1, 150892|626, 150884|738, 150776|837, 150776|952, 150652|1056, 150652|1151, 171080|1324, 171080|1458, 170852|1560, 170788|1713, 170276|1914, 169376|2056, 169268|2130, 169132|2275, 169132|2365, 161064|2453, 158588|2540, 158508|2621, 158508|2748, 158244|2858, 158244|3204, 145284|3273, 145284|3503, 145684|3564, 145708|3626, 145708|3714, 145700|3785, 145700|4055, com.ted.android, 
144788|1, 144788|279, 144856|352, 144856|666, 144716|738, 144716|841, 144844|907, 144844|1080, 144440|1149, 144368|1243, 165496|1364, 165352|1411, 165352|1551, 165188|1615, 165188|1682, 165168|1787, 165032|1938, 165032|1982, 164908|2102, 164908|2247, 164792|2346, 162736|2418, 147480|2523, 146832|2624, 146832|2767, 146896|2844, 146808|2897, 146808|2983, 146552|3075, 146552|3764, 145832|3859, 145832|4013, com.ebay.mobile, 
165312|1, 165416|109, 165024|153, 165024|229, 165016|270, 165008|334, 165008|608, 144528|652, 144528|981, 144216|1085, 144216|1140, 165192|1246, 165136|1329, 165136|1442, 159936|1590, 159172|1813, 159040|1938, 158640|2073, 157652|2233, 155912|2338, 155912|3117, 155780|3200, 155764|3328, 152928|3422, 152928|4010, com.android.chrome, 
144768|1, 144496|112, 144496|327, 144596|398, 144596|632, 144644|703, 144520|772, 144520|939, 144396|1011, 144396|1115, 143592|1242, 164708|1338, 164708|1542, 164676|1685, 164796|1768, 164796|2070, 164524|2141, 164524|2213, 159476|2277, 159352|2321, 150764|2401, 150764|2623, 150596|2696, 150596|2767, 150332|2820, 150332|2889, 149564|2969, 149564|3775, 150064|3830, 150064|4015, com.google.android.deskclock, 
144540|1, 144540|260, 144640|317, 144640|464, 144736|540, 144608|596, 144608|692, 144552|743, 144552|889, 144628|926, 144628|1092, 144380|1144, 165440|1262, 165440|1592, 165464|1684, 165592|1744, 165592|1870, 165428|1965, 165324|2021, 165324|2149, 165220|2249, 164628|2319, 158820|2423, 158948|2495, 159076|2545, 158948|2602, 158948|2899, 158892|2960, 158892|4074, com.instagram.android, 
164828|1, 163740|115, 163740|195, 163724|237, 163724|505, 143244|604, 143944|669, 143944|965, 143488|1045, 165320|1123, 165320|1184, 165352|1229, 165228|1273, 165228|1338, 162496|1440, 159148|1506, 159148|1571, 158496|1739, 158392|1882, 158072|1978, 157432|2104, 157400|2194, 155628|2257, 155628|2699, 155496|2761, 154820|2815, 154820|2856, 154628|2933, 154628|3143, 154572|3205, 151812|3294, 151812|3438, 134764|3548, 135920|3610, 134640|3677, 134484|3756, 135376|3814, 123196|4042, com.android.chrome, 
137904|1, 137904|607, 137780|657, 137804|703, 137928|741, 137928|844, 137748|900, 137748|932, 137624|1018, 137616|1103, 137616|1157, 137424|1194, 137424|1432, 137924|1502, 137924|1660, 137992|1721, 137992|2345, 137936|2400, 137936|2475, 138192|2548, 138164|2679, 138136|2714, 138012|2786, 138012|3142, 137784|3210, 137784|3272, 137596|3350, 137596|3507, 137360|3604, 137220|3685, 137332|3724, 137460|4007, com.tripadvisor.tripadvisor, 
137756|1, 137756|64, 137780|110, 137656|157, 137656|269, 137532|323, 137532|593, 137408|636, 137408|768, 137236|820, 137236|857, 136864|929, 136964|1007, 136964|1050, 152996|1105, 152964|1166, 152964|1261, 152860|1325, 152860|1409, 152756|1468, 152492|1558, 152236|1689, 152236|1829, 152132|1905, 136008|2000, 135796|2112, 135752|2225, 135756|2503, 134128|2930, 134004|3244, 133824|3480, 133800|4133, com.Slack, 
134876|1, 134876|518, 134736|564, 134736|594, 134464|631, 134496|682, 134496|827, 134068|879, 134140|948, 134140|1046, 150364|1140, 150068|1213, 150068|1249, 149880|1297, 149880|1445, 149748|1530, 149748|1610, 149676|1665, 149676|1893, 149480|1953, 149480|2028, 149352|2109, 142968|2168, 132964|2256, 132932|2330, 132932|2613, 132844|2682, 132844|3276, 132716|3557, 133040|3616, 133088|3682, 133088|3756, 132964|3808, 132964|4019, com.ebay.mobile, 
133984|1, 133984|81, 134120|171, 134120|252, 134088|286, 134096|337, 134096|475, 134012|523, 134012|697, 133832|744, 133832|915, 149844|999, 149836|1074, 149836|1133, 149312|1234, 149256|1302, 149248|1388, 147928|1495, 147420|1569, 147420|1865, 143588|1909, 133204|1962, 133204|2228, 133008|2279, 132936|2314, 132936|2369, 130944|2449, 119040|2497, 117960|2541, 116756|2605, 116752|2691, 109840|2747, 108788|2797, 108044|2870, 109544|2922, 109544|2962, 109068|3044, 109336|3115, 109336|3210, 109056|3264, 109264|3306, 109264|3381, 109612|3441, 109148|3489, 110080|3537, 110080|3613, 109384|3667, 109204|3725, 109340|3772, 109340|3920, 109528|3972, 109800|4022, com.sometimeswefly.littlealchemy, 
148972|1, 147824|85, 147824|506, 132848|574, 132848|609, 132732|639, 132600|694, 132576|739, 132576|815, 132412|915, 132288|1018, 132288|1381, 132728|1429, 132728|1628, 132860|1688, 132860|1859, 132788|1894, 132864|1945, 132864|2062, 133572|2112, 133572|2365, 133900|2498, 133900|2610, 133396|2682, 133396|2736, 133644|2768, 133396|2836, 133176|2910, 133176|2976, 133052|3040, 132548|3134, 132292|3196, 132292|3290, 132168|3347, 132168|3408, 132044|3477, 131920|3526, 131920|3788, 132044|3881, 132044|4014, com.tripadvisor.tripadvisor, 
134416|1, 134068|67, 134068|246, 134540|307, 134540|426, 134508|476, 134604|515, 134604|692, 134324|732, 134324|858, 134176|912, 134044|971, 134012|1024, 133748|1087, 133748|1371, 134436|1423, 134456|1496, 134456|2428, 135636|2505, 135636|2596, 135524|2636, 135524|2812, 135628|2891, 135472|2956, 135472|3017, 134296|3067, 134104|3128, 133988|3227, 133832|3276, 133832|3308, 133704|3376, 133704|3430, 133696|3486, 133696|3907, 133572|3974, 133572|4018, com.tripadvisor.tripadvisor, 
151200|1, 150148|87, 150148|198, 150124|266, 150124|319, 150000|369, 149728|406, 149728|503, 134568|562, 134560|593, 134412|632, 134512|678, 134512|727, 134668|800, 134684|851, 150424|955, 150004|1046, 149816|1098, 149816|1249, 149504|1299, 149504|1787, 149432|1852, 149336|1944, 147160|2059, 133324|2141, 132988|2214, 132988|2487, 132884|2574, 132884|2800, 132956|2908, 132956|3824, 132972|3910, 132972|4185, com.ebay.mobile, 
134564|1, 134664|90, 134664|268, 134552|309, 134552|494, 134764|549, 134764|654, 134724|690, 134724|739, 134480|793, 134480|915, 134192|962, 149688|1060, 149688|1204, 149564|1269, 149564|1386, 149008|1501, 148564|1569, 148568|1675, 148112|1777, 148112|1855, 132176|1973, 132144|2081, 131792|2168, 131688|2258, 131440|2322, 130424|2402, 130524|2485, 130464|2543, 130464|2603, 130400|2667, 130608|2729, 130608|2823, 130716|2899, 130716|3157, 130604|3252, 130604|3609, 130684|3680, 130684|3868, 130560|3945, 130560|4002, com.csst.ecdict, 
132012|1, 131764|95, 131764|218, 131804|253, 131804|354, 131968|414, 131968|615, 131900|678, 131900|765, 131776|820, 131776|965, 131596|1018, 131220|1128, 147992|1212, 148088|1250, 147980|1317, 147980|1525, 147624|1668, 146912|1795, 146912|1913, 136756|1992, 136632|2078, 133432|2149, 132788|2222, 132824|2263, 132824|2917, 132576|2985, 132576|3191, 132840|3248, 132840|3826, 132072|3891, 132072|4025, com.github.shadowsocks, 
150168|1, 150168|526, 133684|584, 133032|623, 133008|675, 132908|731, 133008|780, 132900|827, 132900|919, 132776|987, 132596|1096, 132596|1224, 134548|1294, 134548|1344, 134432|1399, 134328|1494, 133844|1591, 133556|1687, 133292|1747, 132332|1878, 132192|2012, 131668|2115, 148428|2208, 148428|2422, 143304|2521, 141724|2622, 141724|3146, 141992|3223, 141992|3323, 141868|3404, 141868|3573, 141948|3652, 141824|3721, 141824|4020, com.cnn.mobile.android.phone, 
150184|1, 150048|149, 150048|504, 133504|577, 133504|1007, 133356|1074, 133144|1127, 132732|1207, 149492|1301, 149340|1400, 149444|1457, 147808|1550, 147684|1623, 147432|1721, 147432|1970, 146648|2017, 146648|2070, 146664|2137, 146664|2873, 147560|3009, 147432|3070, 147432|4024, com.facebook.katana, 
133808|1, 133684|103, 133684|159, 133572|208, 133572|414, 133684|479, 133732|550, 133732|714, 133584|788, 133584|851, 133336|899, 133336|942, 133164|1011, 133164|1149, 132416|1227, 132416|1294, 148896|1401, 149128|1500, 149128|1579, 149012|1678, 149012|1759, 148996|1828, 148996|2285, 148816|2388, 148232|2457, 145048|2557, 137508|2652, 137248|2748, 133688|2818, 133688|2935, 133800|3002, 133800|3107, 134376|3175, 134376|3443, 134384|3502, 134384|4008, com.github.shadowsocks, 
149896|1, 148788|120, 148788|509, 133812|561, 133812|806, 133688|865, 133688|957, 133260|1005, 133072|1112, 148564|1171, 148776|1218, 148776|1397, 148580|1455, 148580|1505, 148584|1597, 147992|1671, 147992|1728, 147740|1796, 147380|1879, 147484|1985, 147484|2092, 131544|2184, 131348|2256, 131200|2331, 131068|2403, 131068|2470, 130956|2558, 130964|2626, 130748|2669, 129404|2729, 128552|2780, 128240|2847, 128240|2936, 128048|3001, 128404|3068, 128504|3124, 128388|3166, 127768|3232, 122832|3306, 122132|3360, 122132|3459, 121960|3512, 122080|3569, 122468|3620, 122468|3659, 121608|3720, 119064|3796, 123148|3847, 124548|3911, 122192|3969, 118880|4028, com.csst.ecdict, 
130664|1, 130580|90, 130580|539, 130456|583, 130308|643, 130308|749, 130084|795, 130084|885, 129952|934, 129952|1002, 129612|1071, 145584|1140, 145584|1227, 145420|1315, 145420|1466, 145308|1550, 145408|1589, 145408|1637, 145160|1696, 145060|1763, 144616|1847, 144616|1972, 134928|2047, 134664|2114, 130940|2172, 130940|2298, 131040|2335, 130928|2377, 130928|2546, 131152|2592, 131232|2639, 131232|3012, 131236|3056, 131284|3111, 131284|3451, 131160|3503, 131160|3804, 130400|3846, 130400|4034, com.github.shadowsocks, 
133968|1, 133556|117, 133556|589, 132928|637, 132928|743, 132828|780, 132828|872, 132620|922, 132620|969, 132920|1022, 132920|1174, 132780|1224, 132780|1433, 133320|1482, 133320|1537, 133276|1632, 133276|1882, 133376|1921, 133376|2444, 133544|2513, 133964|2599, 133860|2645, 133860|2701, 133488|2770, 133488|3138, 133208|3235, 132812|3349, 132812|3382, 132516|3453, 132516|3509, 132572|3575, 132572|3628, 132416|3672, 132416|3893, 132516|3957, 132516|4008, com.tripadvisor.tripadvisor, 
150912|1, 150432|108, 150432|506, 140320|544, 132504|597, 132504|695, 132380|733, 132380|815, 132200|883, 132060|944, 132060|1015, 150040|1090, 150040|1134, 149852|1194, 149852|1273, 149656|1332, 144488|1418, 144488|1549, 144456|1614, 144456|1870, 144360|1920, 144264|1955, 144328|2007, 144328|2353, 144928|2390, 144928|2933, 144576|2992, 144576|3944, 144584|3992, 144584|4035, at.DiTronic.androidgroup.randomgallery, 
133432|1, 133324|61, 133324|150, 133200|201, 133200|232, 133232|271, 133232|321, 133064|370, 133064|445, 133008|490, 133008|589, 132940|628, 132940|768, 132620|834, 132448|894, 149688|974, 149816|1038, 149816|1273, 149840|1330, 149888|1384, 149716|1448, 149396|1514, 149396|1618, 148676|1689, 148572|1755, 148804|1813, 148804|1959, 130944|2068, 130516|2125, 130248|2195, 130124|2279, 130032|2327, 130088|2385, 130088|2450, 130080|2507, 130080|3116, 130072|3184, 130184|3221, 130184|3311, 130064|3387, 130064|3483, 129952|3523, 129952|3724, 130064|3760, 130064|3924, 129892|3971, 129892|4014, com.csst.ecdict, 
131640|1, 131552|112, 131552|342, 131668|397, 131668|723, 131512|771, 131512|889, 131408|934, 131276|988, 130328|1104, 148064|1171, 148064|1513, 148192|1623, 148192|1754, 148076|1834, 148188|1931, 147924|1999, 146996|2135, 145788|2217, 145756|2302, 145216|2405, 144428|2526, 144844|2665, 145048|2768, 145048|2942, 145016|3004, 144884|3060, 144480|3140, 144316|3206, 144316|3262, 141192|3315, 141192|3502, 141392|3563, 141608|3616, 141720|4002, com.antutu.ABenchMark, 
147080|1, 147080|418, 131264|496, 131156|551, 131156|867, 131052|955, 147912|1076, 147764|1207, 147764|1317, 147660|1457, 147708|1551, 148192|1672, 148192|2011, 148088|2074, 148088|2121, 147812|2217, 147812|2413, 147528|2464, 141372|2587, 141304|2655, 140988|2723, 140988|2790, 140504|2853, 140504|3399, 140544|3438, 140560|3499, 141060|3555, 141060|3621, 140948|3658, 140948|3712, 141076|3773, 141076|3866, 141064|3909, 141064|4042, com.paypal.android.p2pmobile, 
146972|1, 146740|161, 146740|524, 146380|620, 146380|805, 146904|853, 146656|953, 146352|1024, 147552|1133, 147520|1197, 147416|1379, 147536|1510, 147536|1764, 147528|1849, 147488|1913, 147488|2217, 147100|2299, 147100|2377, 146996|2467, 141252|2561, 140548|2669, 140524|2747, 140524|2807, 140148|2873, 140148|3648, 140756|3695, 140756|3742, 141048|3821, 141144|3883, 141020|4082, com.paypal.android.p2pmobile, 
130708|1, 146572|214, 146572|642, 147072|733, 147172|820, 147172|934, 147196|1023, 147212|1098, 147212|1311, 148004|1471, 148132|1609, 148132|1736, 148028|1875, 147876|2024, 147760|2154, 147616|2273, 147496|2376, 147496|2496, 133580|2625, 130608|2713, 130608|2786, 130612|2897, 130540|3033, 130540|3544, 130740|3604, 130740|4048, com.whatsapp, 
132620|1, 132492|133, 132492|441, 132556|512, 132556|816, 132432|904, 132432|1143, 132268|1213, 132268|1401, 132180|1513, 132180|1622, 132072|1726, 131944|1874, 131944|2118, 131748|2235, 131748|2357, 131664|2445, 131664|2599, 132164|2678, 132164|3034, 132176|3221, 132176|3343, 132068|3438, 132068|3649, 131936|3763, 131928|4106, com.tripadvisor.tripadvisor, 
132684|1, 131944|194, 131904|272, 131904|1143, 131920|1241, 131920|1319, 132576|1396, 132576|1601, 132192|1758, 132820|1870, 132820|2069, 132468|2231, 131264|2488, 131264|2578, 131648|2757, 131544|2991, 131440|3155, 131224|3313, 131224|3484, 130968|3610, 130796|3731, 130640|3862, 130468|4057, com.booking, 
132624|1, 132740|185, 131976|266, 131976|783, 131852|853, 131852|1000, 131928|1102, 131928|1327, 131804|1417, 131804|1511, 131352|1623, 131156|1742, 131868|1870, 131868|2295, 131772|2381, 131152|2517, 130956|2634, 130956|2802, 130932|2894, 130932|3243, 131132|3361, 131140|4087, at.DiTronic.androidgroup.randomgallery, 
131644|1, 131068|175, 131068|540, 131036|622, 130912|687, 130912|743, 130988|827, 130988|1047, 130864|1122, 130864|1363, 130556|1478, 131260|1580, 131452|1754, 131708|1887, 130884|2011, 130884|2538, 130692|2620, 130692|3559, 130756|3636, 130692|4014, com.facebook.katana, 
131780|1, 131656|132, 131656|388, 131724|455, 131724|577, 131832|616, 131832|1103, 131708|1161, 132012|1220, 131840|1308, 131732|1403, 131600|1454, 131600|1562, 131576|1617, 131576|1704, 131676|1767, 131676|2581, 131680|2638, 131680|2697, 131748|2759, 131748|2881, 131500|3007, 131500|3060, 131368|3116, 131468|3200, 131468|3298, 131156|3374, 130908|3464, 130568|3595, 130444|3646, 130460|3688, 130460|4020, com.tripadvisor.tripadvisor, 
133104|1, 132212|103, 132212|535, 131724|589, 131724|777, 131528|824, 131528|1350, 132628|1397, 132412|1439, 132240|1514, 132136|1593, 132032|1663, 132032|1726, 131152|1843, 130328|1980, 130048|2041, 129744|2136, 130464|2292, 130464|2339, 130568|2400, 129340|2482, 129340|2556, 129324|2606, 129324|2886, 129220|2949, 129220|3165, 129616|3224, 129616|3796, 129568|3862, 129568|4017, com.cnn.mobile.android.phone, 
131552|1, 131552|134, 131624|165, 131544|198, 131652|250, 131652|703, 131556|750, 131556|853, 130956|929, 131952|1010, 131952|1109, 131960|1162, 132008|1208, 131900|1279, 130608|1353, 130744|1400, 130736|1448, 130616|1538, 130616|2070, 130592|2176, 130592|2380, 130792|2419, 130792|2516, 130872|2588, 130872|3154, 130776|3200, 130776|3695, 131048|3740, 131048|4006, at.DiTronic.androidgroup.randomgallery, 
131500|1, 131500|286, 131600|332, 131600|560, 131468|608, 131576|658, 131420|699, 131420|737, 131272|784, 131148|837, 130580|902, 130580|943, 131620|1037, 131748|1111, 131476|1183, 131476|1223, 131312|1275, 131312|1404, 131300|1455, 131196|1538, 130720|1643, 130720|1723, 130832|1809, 130832|1866, 130700|1947, 130488|2028, 129996|2126, 129996|2268, 128164|2420, 127900|2502, 127772|2606, 127712|2674, 127712|2921, 127444|3064, 127444|3600, 127484|3664, 127484|4015, com.booking, 
130248|1, 130248|344, 130300|380, 130300|532, 130176|582, 130176|719, 130004|776, 130004|852, 129692|930, 130428|1005, 130784|1087, 130784|1131, 130612|1224, 130260|1298, 130292|1349, 129868|1443, 129868|1546, 129764|1649, 129764|1710, 129556|1831, 129660|1951, 129660|2021, 129504|2081, 128724|2242, 127652|2361, 127376|2477, 127240|2569, 127240|2794, 127132|2894, 127132|2988, 126572|3090, 126572|3309, 126488|3352, 126416|3416, 126416|4031, com.booking, 
127636|1, 126920|121, 126920|481, 126796|537, 126796|590, 126672|638, 126672|675, 126500|732, 126500|823, 126624|932, 127700|995, 127700|1052, 127564|1112, 127708|1167, 127708|1250, 127808|1379, 127416|1471, 127416|1526, 127228|1585, 126996|1660, 126996|1820, 125708|1901, 125596|1978, 125596|2142, 125392|2200, 125496|2312, 125496|2359, 125248|2423, 123212|2492, 121648|2556, 121648|2594, 121052|2640, 120184|2701, 120788|2778, 120788|2825, 120736|2875, 120116|2935, 119116|2993, 120188|3049, 120188|3131, 119848|3192, 119032|3260, 118840|3312, 118956|3385, 114000|3485, 110220|3568, 110260|3615, 110260|3650, 113260|3701, 113136|3752, 112672|3801, 113316|3851, 113220|3887, 109680|3951, 112156|4011, com.csst.ecdict, 
124352|1, 124228|132, 124228|391, 124164|426, 124164|481, 124452|540, 124452|852, 124272|889, 124272|1006, 125292|1129, 125264|1187, 125264|1296, 124364|1368, 124508|1434, 124508|1482, 124152|1614, 123816|1756, 123816|2359, 123848|2415, 123752|2479, 123628|2540, 123628|2630, 123504|2744, 123372|2842, 123372|3396, 123348|3471, 115656|3589, 91840|3657, 90972|3704, 97396|3804, 107540|3885, 107416|3927, 107416|4060, com.android.chrome, 
140320|1, 140304|112, 140304|607, 140180|680, 140180|747, 140056|803, 140056|845, 140152|902, 139972|967, 139972|1040, 139700|1113, 139700|1184, 139576|1268, 161020|1394, 161020|1814, 161140|1870, 161028|1931, 161028|2100, 161132|2179, 161132|2551, 160920|2615, 159512|2726, 160780|2801, 160784|2878, 160676|2932, 160676|2986, 158248|3053, 128300|3128, 128176|3202, 128176|3253, 128052|3327, 128052|3424, 127928|3539, 127804|3599, 127804|3677, 127680|3748, 127680|3817, 127588|3886, 127588|3932, 127788|3993, 127732|4070, com.dropbox.android, 
130544|1, 130544|218, 130520|257, 130520|297, 130588|354, 130588|749, 130504|810, 130504|961, 130324|1029, 130200|1105, 129716|1206, 131048|1292, 130948|1363, 130948|1519, 130800|1604, 130800|1677, 130684|1878, 130388|1966, 130004|2059, 129900|2112, 128752|2188, 128468|2299, 128344|2416, 128344|2674, 128560|2733, 128560|3168, 128624|3236, 128600|3298, 128600|4014, com.github.shadowsocks, 
130744|1, 130744|497, 130712|552, 130704|620, 130580|688, 130580|847, 130284|918, 130284|1225, 130136|1304, 129988|1374, 131588|1423, 131588|1466, 131288|1529, 131068|1615, 130772|1726, 130772|1814, 130484|1898, 130360|1999, 129656|2094, 129096|2229, 129416|2373, 129032|2468, 129032|2511, 129104|2574, 128456|2662, 128332|2722, 128332|3053, 128228|3149, 128228|4049, com.cnn.mobile.android.phone, 
130684|1, 129932|127, 129932|401, 130052|534, 130052|591, 129952|659, 129952|767, 129928|810, 129928|1019, 129824|1100, 131052|1188, 130876|1301, 130876|1480, 130732|1664, 130700|1836, 130628|1965, 130628|2223, 129928|2347, 129800|2499, 129800|2703, 130616|2831, 130744|2955, 130512|3069, 130616|3158, 130492|3234, 130492|3762, 130476|3820, 130476|4350, com.paypal.android.p2pmobile, 
131860|1, 131588|195, 131604|285, 131604|671, 131448|751, 132048|846, 132048|902, 131876|942, 131876|1087, 131596|1178, 131596|1218, 133200|1279, 133044|1350, 133044|1420, 133020|1498, 133020|1840, 132860|1906, 132860|1963, 131488|2050, 131488|2234, 131432|2301, 131432|2531, 131932|2583, 131932|2716, 132004|2811, 132004|3245, 131972|3320, 131972|4014, com.google.android.deskclock, 
134780|1, 133900|124, 133900|561, 133140|621, 133140|750, 133016|803, 133016|891, 132836|958, 132836|1019, 132448|1128, 132448|1178, 133936|1265, 133936|1327, 133748|1400, 133748|1507, 131784|1629, 131784|1756, 131168|1905, 130996|2011, 130996|2189, 130736|2335, 130628|2402, 130628|2534, 130644|2607, 130708|2653, 130652|2699, 130652|2765, 130528|2837, 130404|2906, 130404|2947, 130256|3015, 130256|3314, 130116|3393, 130008|3466, 130008|3573, 129928|3648, 129928|3835, 123396|3933, 121808|4007, com.android.chrome, 
152032|1, 152032|561, 152036|628, 151788|684, 151988|743, 151988|796, 151808|839, 151808|876, 151540|947, 150704|1044, 172408|1150, 172408|1200, 172308|1257, 172236|1341, 171908|1436, 171908|1494, 171916|1622, 171344|1759, 171056|1842, 171056|1923, 170968|1998, 170844|2087, 157132|2155, 153728|2252, 153624|2390, 153624|2510, 153388|2810, 151704|3268, 151704|3574, 151548|3848, 151204|4270, com.Slack, 
148948|1, 148948|415, 148996|464, 148996|558, 149012|615, 149012|977, 169876|1115, 169712|1172, 169712|1240, 169548|1304, 169548|1347, 169540|1436, 169532|1550, 169532|2156, 169428|2241, 169016|2347, 169016|2418, 168856|2489, 168724|2618, 162936|2745, 162936|2918, 162412|3007, 162412|3409, 162380|3464, 162380|3616, 162252|3687, 162552|4025, com.paypal.android.p2pmobile, 
147452|1, 147452|808, 148056|880, 147908|953, 147776|1002, 168852|1069, 168852|1125, 168828|1204, 168828|1436, 168964|1510, 168964|1670, 168692|1745, 168692|1838, 163820|1901, 163440|1975, 154728|2051, 154728|2342, 154960|2397, 154960|2527, 154744|2638, 154744|2676, 153852|2720, 153852|3444, 153952|3498, 153952|3818, 153696|3873, 153712|3940, 153712|4009, com.google.android.deskclock, 
148984|1, 148860|121, 148860|407, 148852|465, 148852|766, 148768|819, 148768|863, 148628|902, 148628|981, 147540|1063, 147540|1137, 169472|1211, 169616|1280, 169616|1344, 169552|1407, 168576|1467, 168576|1536, 167556|1626, 167428|1713, 167428|2034, 163428|2080, 164040|2144, 169896|2239, 169716|2298, 169716|2395, 169660|2445, 169660|2624, 170360|2679, 149892|2739, 149892|2969, 150164|3024, 150164|3431, 150216|3483, 150216|4037, com.google.android.apps.photos, 
169900|1, 169248|91, 169248|224, 169120|287, 169120|502, 148776|559, 148776|787, 148628|829, 148628|865, 148452|965, 169580|1043, 169580|1257, 167628|1344, 167628|1390, 167636|1449, 167636|1924, 167556|1982, 167500|2043, 167500|3344, 167384|3399, 167384|3435, 167228|3492, 167228|3877, 166692|3947, 166580|3992, 166580|4043, com.skype.raider, 
149364|1, 149224|66, 149224|461, 149232|503, 149224|547, 149224|709, 149008|746, 148884|793, 148884|849, 148300|936, 148168|977, 169176|1069, 169176|1242, 169072|1284, 169072|1422, 168480|1485, 168260|1565, 146296|1653, 146296|2061, 147100|2098, 169760|2174, 169584|2241, 169592|2294, 169592|2446, 169528|2501, 169528|2625, 169764|2680, 149340|2734, 149340|2847, 149216|2896, 149216|4010, com.google.android.apps.photos, 
170200|1, 170120|94, 169484|149, 169484|615, 149616|663, 149428|724, 149428|778, 149256|835, 149256|982, 148648|1100, 148648|1165, 169016|1237, 168656|1316, 168656|1665, 168756|1757, 168592|1826, 168564|1955, 168564|2053, 168660|2113, 168660|2175, 151416|2249, 151416|2770, 151256|2854, 150624|2923, 150624|2989, 150520|3069, 150424|3133, 150424|3263, 150724|3328, 150724|4020, com.Slack, 
148360|1, 148112|70, 148112|246, 148480|331, 148480|439, 148456|474, 148456|560, 148332|611, 148332|697, 148208|737, 148208|829, 148028|875, 148028|973, 169440|1055, 169440|1193, 169424|1301, 169320|1348, 169208|1422, 169296|1506, 169140|1571, 169140|1827, 168900|1888, 128556|1951, 128288|2003, 128288|2384, 128312|2443, 128248|2511, 128248|2745, 128448|2795, 128448|3437, 128516|3504, 128516|4030, com.whatsapp, 
130448|1, 130328|124, 130328|342, 130368|382, 130368|516, 130088|570, 130088|680, 129964|713, 129964|754, 129684|807, 129684|860, 129412|949, 129216|989, 129852|1047, 129852|1273, 129800|1342, 129672|1433, 129544|1534, 129544|1818, 129436|1902, 129132|1972, 128016|2118, 127820|2205, 127820|2292, 127796|2388, 127788|2470, 127788|2609, 127384|2675, 126892|2793, 126688|2882, 126196|2964, 122568|3030, 116840|3112, 115080|3177, 114976|3260, 114852|3335, 114572|3400, 115584|3461, 115584|3502, 115984|3556, 116284|3616, 116384|3675, 116384|4005, com.antutu.ABenchMark, 
121288|1, 120760|146, 120760|682, 120660|754, 120660|873, 120556|919, 120556|977, 120656|1079, 120760|1250, 120760|1338, 122860|1419, 122072|1549, 128872|1679, 128552|1734, 128680|1796, 127496|1972, 127184|2094, 127184|2153, 127888|2270, 127888|2397, 127088|2455, 126948|2552, 126948|2977, 126852|3019, 126852|3227, 127252|3264, 127252|3458, 127324|3500, 127324|3545, 127200|3608, 127248|4023, com.cnn.mobile.android.phone, 
129212|1, 129348|297, 129348|791, 128912|852, 128732|944, 130396|1028, 130396|1144, 130080|1222, 129816|1321, 129816|1387, 129952|1467, 129952|1567, 129848|1684, 129848|1828, 127820|1897, 127820|2180, 128372|2243, 128372|2618, 128248|2738, 128248|3151, 128348|3209, 128412|3251, 128412|4010, com.Slack, 
129292|1, 129292|244, 129300|292, 129300|700, 129184|749, 129184|794, 129140|828, 129100|887, 129100|949, 129168|1039, 128960|1103, 128960|1148, 128696|1217, 128696|1596, 129096|1641, 129096|2334, 129600|2374, 129600|2514, 129728|2657, 129728|2757, 129356|2829, 129316|2941, 129316|3158, 129212|3252, 129080|3361, 129080|3512, 128976|3578, 128976|3780, 129108|3832, 129132|3889, 129132|4038, com.tripadvisor.tripadvisor, 
129032|1, 128908|99, 128908|144, 128956|203, 128964|261, 129180|323, 129180|533, 129020|597, 129020|748, 129096|810, 129176|877, 129176|1037, 130900|1215, 130728|1299, 130728|1340, 130624|1414, 130624|1495, 130744|1581, 130744|1648, 130612|1697, 130324|1789, 129896|1883, 127760|1994, 127760|2071, 127572|2148, 127408|2272, 127408|2495, 127908|2565, 127908|3118, 127756|3179, 127756|3340, 127836|3378, 127916|3426, 127916|4057, com.github.shadowsocks, 
131516|1, 131384|102, 131384|524, 129616|612, 129276|676, 129276|805, 129104|870, 129104|919, 128760|1003, 130800|1084, 130800|1170, 130692|1243, 130692|1366, 130476|1458, 130444|1539, 130396|1609, 130396|1793, 130008|1865, 127880|1959, 127880|2480, 128156|2548, 128204|2597, 128204|3430, 128080|3492, 128080|4025, com.whatsapp, 
131220|1, 131220|487, 131096|545, 131104|581, 131104|679, 131044|736, 131044|825, 130864|877, 130864|1018, 131232|1091, 131232|1331, 130940|1412, 130652|1520, 130564|1581, 130228|1650, 130096|1701, 129972|1773, 127900|1905, 127328|1986, 127328|2303, 127676|2344, 127676|2513, 127484|2562, 127484|2765, 127644|2822, 127644|3534, 127992|3633, 127992|3691, 127868|3733, 127868|4007, com.github.shadowsocks, 
131008|1, 130540|113, 130540|495, 130416|543, 128624|613, 128624|669, 128500|702, 128500|741, 128320|793, 128320|946, 130356|1005, 130356|1054, 130572|1124, 130572|1195, 129292|1241, 128500|1306, 128500|1374, 128620|1457, 128364|1511, 128396|1548, 128396|1949, 128756|1994, 128756|2096, 128856|2167, 128856|4022, at.DiTronic.androidgroup.randomgallery, 
128552|1, 128552|246, 128520|295, 128520|495, 128592|528, 128592|635, 128580|681, 128580|729, 128660|781, 128660|831, 128528|883, 128072|974, 129980|1051, 129980|1282, 129732|1329, 129628|1378, 129628|1645, 129476|1710, 129476|2052, 129444|2094, 129444|2148, 129196|2211, 127660|2281, 127528|2333, 127404|2365, 127256|2423, 127256|2647, 127240|2700, 127240|2925, 127440|2979, 127440|3635, 127424|3683, 127424|3737, 127440|3808, 127316|4013, com.whatsapp, 
128456|1, 130024|73, 130024|237, 130124|290, 130124|662, 130156|712, 130184|746, 130184|840, 129980|901, 129724|983, 129980|1026, 129980|1134, 129608|1243, 129608|1385, 129496|1463, 129496|1543, 128880|1654, 128920|1714, 128792|1780, 128792|1863, 127352|1933, 127220|1981, 127220|2492, 127348|2557, 127348|2697, 127388|2763, 127388|3172, 127788|3223, 127788|3817, 128004|3865, 128004|4004, com.Slack, 
128772|1, 128884|80, 128884|291, 129184|342, 129184|691, 128928|738, 128928|820, 128748|872, 128748|922, 128476|977, 128288|1041, 130156|1123, 130284|1172, 130156|1239, 130032|1299, 129592|1369, 129592|1443, 129324|1569, 127636|1714, 127448|1773, 127448|2027, 127048|2089, 127048|2289, 124628|2353, 119412|2409, 119056|2481, 119056|2521, 103060|2576, 92664|2659, 109852|2739, 118044|2796, 124788|2881, 140136|2951, 141036|3019, 141036|3228, 141136|3291, 141364|3338, 141364|3550, 141464|3588, 141464|3686, 141556|3739, 141556|4036, com.sometimeswefly.littlealchemy, 
145288|1, 145288|538, 145156|582, 145156|632, 144956|683, 144956|755, 144784|790, 144692|844, 144784|890, 144528|992, 166424|1062, 166424|1232, 162720|1288, 161244|1345, 161032|1434, 160932|1594, 158756|1651, 158756|1768, 158724|1813, 158724|1850, 158692|1909, 158692|2307, 158568|2340, 158568|2582, 155932|2658, 155932|2777, 155772|2823, 155772|2865, 155648|2921, 155648|3270, 135552|3345, 127616|3417, 127616|3473, 127428|3534, 127304|3592, 127056|3646, 127056|3717, 127048|3787, 127088|3829, 127088|4041, com.android.chrome, 
134080|1, 133768|122, 133868|170, 133868|289, 133892|337, 133892|561, 133760|618, 133760|684, 133636|738, 133636|870, 133184|921, 132864|988, 154128|1074, 154128|1159, 154024|1203, 154024|1249, 154004|1316, 153892|1371, 153892|1414, 153788|1494, 153788|1773, 153676|1835, 153676|1873, 131224|1938, 131012|2001, 130856|2063, 130856|2314, 130880|2351, 130880|2519, 130980|2589, 130980|3303, 131016|3348, 131016|3417, 130892|3483, 130892|4023, com.whatsapp, 
132616|1, 132616|73, 132488|120, 132488|505, 132364|541, 132364|636, 132240|684, 132240|780, 132060|819, 132060|862, 131848|926, 131724|992, 131724|1030, 131952|1090, 131740|1211, 131636|1300, 131636|1429, 131576|1545, 131576|1773, 131472|1836, 131472|2094, 131368|2163, 131228|2221, 131228|2272, 130832|2345, 130832|2416, 130636|2503, 130428|2566, 130432|2651, 130108|2745, 130108|3461, 130204|3511, 130156|3546, 130156|3597, 130124|3644, 130124|3695, 130424|3743, 130424|3828, 130328|3891, 130328|4024, com.paypal.android.p2pmobile, 
131152|1, 131084|180, 131084|515, 130960|569, 130960|697, 130928|779, 130632|892, 131524|975, 131376|1043, 131408|1086, 131964|1166, 131964|1220, 131992|1297, 131596|1412, 131396|1517, 130772|1613, 130772|1700, 130504|1768, 130504|1848, 130348|1928, 130348|1990, 130340|2041, 130396|2098, 130396|2170, 130284|2246, 130284|2296, 130160|2335, 130160|2406, 130272|2477, 130272|2634, 129876|2723, 129760|2815, 129760|2880, 122816|2938, 121732|3044, 121808|3124, 121808|3319, 122708|3382, 122708|3519, 122108|3584, 122040|3644, 122040|3831, 121680|3887, 122384|3944, 122384|4028, com.sometimeswefly.littlealchemy, 
130076|1, 129936|91, 129284|136, 129284|563, 129008|645, 129008|722, 128884|781, 128884|888, 128704|936, 128360|1021, 129000|1123, 129104|1249, 129104|1318, 128448|1382, 128448|1500, 128248|1579, 128248|2546, 128208|2601, 128208|2923, 128848|2969, 128848|3525, 128808|3586, 128824|3642, 128824|4028, com.skype.raider, 
132960|1, 132392|94, 132392|537, 131720|584, 131472|632, 131348|700, 131348|759, 131224|805, 131224|961, 130808|1067, 131808|1166, 131808|1213, 131912|1368, 131392|1464, 130704|1536, 130600|1592, 130600|1864, 130700|1912, 130700|1973, 130716|2046, 130716|2596, 130692|2668, 130692|2971, 130724|3021, 130748|3075, 130748|3543, 130552|3589, 130552|3925, 130388|3991, 130412|4053, com.skype.raider, 
133236|1, 132572|145, 132572|299, 132548|340, 132548|599, 131788|663, 131764|706, 131764|777, 131516|835, 131392|904, 131392|948, 131212|988, 131212|1051, 130940|1160, 132220|1268, 132212|1317, 132236|1434, 132236|1584, 131912|1686, 131912|1747, 131808|1826, 131808|2280, 131848|2323, 131848|2438, 131840|2510, 131720|2616, 131720|2667, 130256|2735, 130256|2809, 130100|2889, 130100|3234, 130060|3300, 130068|3344, 130068|3519, 130468|3581, 130468|4037, com.whatsapp, 
131972|1, 131852|105, 131852|486, 131952|550, 131952|915, 131884|973, 131884|1035, 131712|1093, 131308|1190, 131172|1282, 131284|1376, 131180|1471, 130944|1558, 130828|1626, 130932|1716, 130224|1826, 129804|1920, 129804|2016, 129480|2095, 129116|2199, 129052|2307, 129052|2478, 129112|2584, 128988|2690, 128988|3161, 128920|3210, 128920|4043, com.ted.android, 
131860|1, 131316|95, 131316|213, 131260|268, 131260|378, 131136|442, 131136|865, 130648|944, 131268|1045, 131268|1238, 131220|1382, 131116|1455, 131116|1800, 130912|1843, 130244|1909, 130112|1991, 130112|2195, 129960|2262, 129960|2540, 130460|2611, 130460|3217, 130480|3284, 130480|3355, 130424|3477, 130424|3575, 130300|3650, 130300|4004, com.whatsapp, 
131860|1, 131860|270, 131936|340, 131936|833, 131712|896, 131548|957, 131548|1038, 131276|1122, 131276|1238, 131284|1294, 131284|1468, 131068|1558, 131068|2247, 132140|2332, 132140|2695, 132796|2752, 132680|2823, 132680|3250, 132760|3306, 132760|4025, com.google.android.apps.photos, 
131872|1, 131848|97, 131848|311, 131948|369, 131948|733, 131724|786, 131724|921, 131568|1041, 131568|1125, 131436|1186, 131436|1247, 131336|1362, 131336|1490, 131108|1555, 131108|1717, 131020|1800, 131020|1999, 130916|2113, 130416|2222, 130284|2321, 130284|2409, 130180|2510, 130180|2668, 129964|2762, 129136|2946, 129136|3257, 128884|3328, 128680|3389, 128680|3553, 128540|3606, 128540|3710, 128604|3789, 128480|4017, com.antutu.ABenchMark, 
131132|1, 130976|267, 130976|999, 130696|1154, 130636|1264, 130588|1348, 130588|1821, 131096|1914, 131096|2212, 131604|2270, 131632|2333, 131632|2601, 131508|2717, 131508|3097, 131352|3161, 131352|3233, 131156|3334, 130900|3425, 130900|3542, 130652|3636, 130652|3717, 130628|3786, 130628|3828, 130728|3894, 130728|4018, com.tripadvisor.tripadvisor, 
131972|1, 131848|108, 131848|581, 131692|644, 131740|702, 131740|738, 131616|780, 131616|838, 131584|895, 131584|947, 131404|984, 131404|1087, 131248|1192, 131248|1477, 131140|1549, 131140|1595, 130992|1677, 130992|3547, 131328|3611, 131296|3680, 131296|3887, 131308|3950, 131308|4016, com.facebook.katana, 
131524|1, 131516|138, 131468|193, 131468|904, 130908|1006, 131212|1063, 131212|1111, 131120|1192, 131120|1271, 130996|1358, 130996|1464, 130872|1538, 130872|1597, 130748|1648, 130748|2057, 130724|2115, 130732|2173, 130732|3105, 131036|3162, 131036|3550, 131112|3617, 131112|4049, com.facebook.katana, 
131812|1, 131596|114, 131596|554, 131644|614, 131548|669, 131548|808, 131448|860, 131448|1149, 132448|1227, 132236|1295, 131772|1366, 131656|1441, 131656|1531, 131200|1620, 130180|1759, 130040|1876, 129828|1961, 129584|2092, 129396|2183, 129396|2519, 129280|2594, 129184|2670, 129184|3445, 129548|3526, 129548|3588, 129416|3642, 129416|3712, 129292|3778, 129292|4033, com.cnn.mobile.android.phone, 
131648|1, 131640|275, 131640|439, 131524|518, 131524|631, 131400|687, 131400|824, 131004|881, 130628|959, 130852|1030, 130884|1091, 130884|1209, 130744|1269, 130744|1691, 130632|1768, 130632|2008, 130448|2067, 130448|2286, 130324|2334, 130324|3554, 130212|3615, 130212|3676, 130088|3738, 130080|4029, com.skype.raider, 
131492|1, 131492|571, 131220|628, 131220|692, 131096|754, 131096|795, 130972|842, 130792|896, 130792|955, 130308|1051, 130168|1117, 130168|1525, 130232|1577, 130020|1664, 129540|1765, 129540|2107, 129148|2215, 129148|2341, 129044|2425, 128832|2531, 128880|2588, 128724|2647, 128724|2790, 128244|2852, 128244|3011, 126824|3082, 126924|3146, 126924|3292, 127116|3344, 125556|3435, 124000|3480, 124000|3569, 124004|3620, 123264|3670, 123764|3720, 123852|3754, 123852|3850, 123656|3902, 123664|3952, 123540|4036, com.csst.ecdict, 
128404|1, 128460|80, 128460|672, 128336|723, 128404|778, 128404|864, 128324|938, 128200|1026, 128348|1128, 128348|1490, 128184|1566, 128044|1641, 127604|1714, 127480|1810, 127480|1940, 127376|2012, 127208|2100, 127216|2178, 127216|2253, 127084|2330, 127084|2451, 126872|2510, 126612|2589, 126612|2857, 126500|2929, 126500|3012, 126608|3063, 126608|4029, com.csst.ecdict, 
131768|1, 131768|548, 131620|594, 131612|642, 131612|708, 131520|768, 131272|826, 131272|987, 130640|1074, 131040|1163, 130940|1230, 130928|1272, 130928|1530, 130888|1602, 130856|1693, 130732|1764, 130616|1830, 130616|1994, 130360|2067, 130460|2128, 130460|2537, 130412|2623, 130460|2710, 130460|2995, 130560|3054, 130560|3557, 130616|3615, 130624|3670, 130624|4074, com.google.android.deskclock, 
131816|1, 131816|98, 131836|158, 131836|574, 131560|616, 131560|723, 131280|781, 131428|848, 131304|886, 131304|994, 130812|1076, 130796|1160, 130996|1208, 131008|1278, 130904|1357, 130904|1443, 130800|1518, 130800|1583, 130628|1666, 130160|1751, 129388|1835, 129256|1895, 129256|1985, 128820|2090, 128628|2172, 128628|2345, 128396|2434, 128232|2499, 128232|2558, 128108|2647, 128004|2719, 128004|2888, 127876|3224, 128212|3271, 128212|4029, com.ted.android, 
130400|1, 130400|279, 130480|331, 130480|739, 129988|840, 130088|906, 130088|966, 129964|1012, 129840|1078, 129560|1166, 129420|1266, 129236|1363, 129236|1445, 129096|1551, 129096|1909, 128916|1976, 128916|2275, 128876|2317, 128876|2541, 128768|2605, 128768|3260, 128784|3319, 128784|3483, 128888|3518, 128888|4078, com.sometimeswefly.littlealchemy, 
130452|1, 130452|531, 130172|578, 130172|666, 130048|722, 130048|821, 129868|856, 129908|927, 129908|1244, 129704|1321, 129704|1406, 129428|1507, 129296|1606, 129296|1894, 129192|1936, 129192|2313, 129068|2378, 129068|2594, 128912|2666, 128912|3459, 129012|3517, 129012|3598, 129084|3653, 129084|4038, com.sometimeswefly.littlealchemy, 
129864|1, 129864|94, 129840|137, 129840|367, 129880|409, 129880|913, 129612|972, 129612|1031, 129512|1151, 129512|1213, 129088|1270, 129048|1373, 128944|1447, 128944|1584, 128812|1662, 128812|1784, 128584|1874, 128584|2071, 128048|2197, 127948|2333, 127884|2426, 126748|2809, 126576|3235, 126420|3448, 126256|4023, com.Slack, 
127492|1, 127492|240, 127724|304, 127724|689, 127560|728, 127560|832, 126868|953, 126760|1010, 126760|1826, 126588|1885, 126564|1950, 126564|2247, 126764|2287, 126764|2563, 126640|2602, 126640|2871, 126676|2929, 126676|3889, 126724|3945, 126724|4023, com.google.android.deskclock, 
127808|1, 127784|125, 127644|161, 127644|581, 127460|643, 127460|752, 127336|794, 127336|1024, 126688|1095, 126688|1142, 126788|1224, 126748|1313, 126860|1380, 126740|1421, 126600|1489, 126480|1570, 126480|1785, 126580|1842, 126580|2469, 126524|2522, 126564|2575, 126564|4181, com.facebook.katana, 
128068|1, 128068|488, 127956|522, 127956|729, 128060|762, 128060|798, 127956|849, 127856|905, 127824|950, 127824|1020, 127512|1127, 127364|1220, 127224|1316, 127224|1363, 127124|1419, 127024|1501, 126908|1629, 126908|1886, 126868|1971, 126656|2048, 126656|2098, 126552|2163, 126552|2332, 127204|2435, 126904|2499, 126904|2728, 126632|2775, 126436|2832, 126360|2929, 126360|3692, 126560|3753, 126560|3905, 126504|3976, 126504|4043, com.dropbox.android, 
127536|1, 127352|82, 127352|230, 127328|260, 127312|311, 127312|413, 127412|471, 127412|947, 126912|1023, 126664|1085, 126664|1805, 126540|1858, 126540|1924, 126276|1987, 126276|2217, 126328|2269, 126328|2459, 126204|2527, 126204|2976, 126304|3038, 126304|3183, 126272|3237, 126412|3310, 126412|4031, com.google.android.deskclock, 
127728|1, 127728|455, 127760|500, 127760|655, 127716|687, 127788|734, 127788|840, 127352|897, 127228|963, 127328|1043, 127328|1167, 127064|1225, 126948|1290, 126948|1632, 126828|1713, 126828|2674, 126876|2732, 126876|3239, 126752|3296, 126752|3570, 126580|3615, 126604|3678, 126604|4040, com.skype.raider, 
128012|1, 128012|521, 127872|561, 127872|664, 127748|713, 127500|771, 127320|815, 127320|856, 126760|941, 126760|1017, 126628|1072, 126628|1189, 126432|1279, 126228|1364, 126348|1439, 125800|1575, 125528|1674, 125528|2001, 122132|2054, 107844|2109, 106624|2171, 105972|2237, 90684|2307, 91948|2356, 132448|2418, 140864|2477, 136812|2531, 122084|2582, 121812|2637, 121812|2721, 122212|2781, 122212|2958, 122512|3041, 122612|3088, 122612|3287, 122768|3334, 122768|3567, 122868|3601, 122964|3647, 122964|3698, 122716|3753, 122348|3810, 122348|4002, com.sometimeswefly.littlealchemy, 
173824|1, 173824|811, 173404|886, 180000|991, 179844|1066, 179944|1121, 179944|1555, 179772|1605, 179772|1787, 179760|1852, 179748|1918, 179748|2796, 179780|2856, 179716|2936, 179716|3364, 179560|3416, 179560|3815, 179528|3865, 179728|4054, com.skype.raider, 
171384|1, 171384|316, 171408|369, 171408|618, 171284|672, 171036|716, 171036|870, 170420|953, 178228|1007, 178476|1061, 178228|1143, 178228|1278, 178000|1375, 178000|1565, 177884|1628, 177884|1707, 177996|1821, 177752|1898, 177580|2014, 177452|2091, 177452|2285, 177220|2357, 177252|2409, 177252|2492, 177116|2609, 176428|2720, 172584|2800, 166452|2895, 162128|2980, 160288|3064, 156292|3124, 149332|3196, 149432|3258, 149432|3313, 151252|3376, 151252|3547, 154612|3607, 154612|3795, 154588|3849, 154888|4032, com.antutu.ABenchMark, 
155996|1, 155988|227, 155988|521, 155888|768, 155584|997, 170508|1308, 170508|1717, 176912|1841, 177912|1947, 177720|2033, 177744|2187, 177744|2403, 177616|2512, 177140|2646, 176336|2783, 175992|2906, 175992|2966, 176100|3086, 176100|3426, 175984|3504, 175984|3643, 175868|3703, 175868|3858, 175728|3928, 175456|3971, 175456|4019, com.antutu.ABenchMark, 
162556|1, 162460|271, 162460|1170, 177704|1405, 177704|1588, 177600|1781, 177600|1918, 177976|2066, 177600|2210, 177440|2326, 177440|2508, 160336|2665, 154288|2848, 154288|2956, 154176|3037, 154072|3156, 154200|3256, 154200|3860, 154284|3963, 154284|4053, com.csst.ecdict, 
178768|1, 178644|134, 178644|300, 178684|379, 178764|433, 178764|589, 164496|684, 164496|1343, 164432|1402, 164160|1524, 163228|1648, 178216|1855, 178116|1984, 178116|2268, 177944|2415, 177944|3302, 177984|3430, 177984|3646, 178636|3788, 178636|4038, com.dropbox.android, 
143104|1, 143104|183, 143112|241, 143112|576, 128392|670, 128392|954, 128276|1044, 128028|1129, 127716|1223, 127716|1363, 127536|1457, 127260|1607, 142052|1742, 142052|2094, 142156|2252, 141868|2493, 141448|2605, 141448|2685, 141344|2795, 141124|2928, 141124|3095, 125968|3266, 125804|3383, 125664|3555, 125524|3726, 125524|3831, 125420|3916, 125420|4043, com.csst.ecdict, 
128332|1, 128340|222, 128340|1463, 127608|1568, 142184|1696, 142184|1782, 141600|1899, 141448|2080, 141448|2318, 141220|2499, 140936|2676, 140664|2866, 140664|2966, 140568|3132, 140568|3354, 125736|3527, 125776|4138, com.ted.android, 
127728|1, 127728|440, 128168|518, 128168|697, 128140|793, 128140|935, 128016|1024, 128016|1210, 127844|1295, 127844|1430, 127160|1584, 127004|1715, 126988|1823, 126988|2355, 126744|2421, 126744|2754, 126832|2887, 126708|2976, 126708|3388, 127116|3454, 127116|3598, 127212|3666, 127212|3720, 127148|3767, 127148|4057, com.google.android.apps.photos, 
128384|1, 128384|626, 128432|695, 128432|1143, 127980|1266, 128756|1361, 128756|1512, 128652|1581, 128356|1700, 128252|1816, 128252|1868, 128144|1939, 128144|2373, 127924|2464, 127924|2577, 127720|2643, 127704|2723, 127172|2916, 126368|3048, 125296|3171, 125032|3345, 125032|3763, 124892|3911, 124264|4291, com.booking, 
126736|1, 127336|115, 127336|775, 127228|834, 127228|893, 127212|934, 127196|985, 126900|1093, 128048|1183, 128048|1525, 128032|1645, 127772|1797, 127432|1907, 127240|2008, 126092|2196, 125560|2271, 125560|2472, 125388|2565, 125388|2686, 125276|2774, 125284|2852, 125284|2914, 125300|2956, 125316|3010, 125316|3412, 125420|3490, 125420|3908, 125388|3978, 125396|4062, com.csst.ecdict, 
129416|1, 129416|187, 129368|224, 129424|282, 129424|443, 128400|500, 128400|535, 128028|593, 128028|711, 127904|774, 127904|925, 127452|1030, 128328|1136, 128328|1182, 128120|1235, 128120|1305, 128016|1403, 128016|1641, 127912|1739, 127740|1851, 127740|2128, 126732|2178, 126376|2229, 126260|2310, 126260|3482, 126564|3521, 126564|3672, 127040|3732, 127040|4007, com.Slack, 
128920|1, 128920|509, 127904|553, 127904|602, 127696|656, 127696|702, 127400|755, 127400|878, 127212|969, 128236|1050, 128236|1335, 128104|1411, 127096|1512, 127096|1684, 127056|1746, 127056|2310, 127456|2372, 127456|2661, 127588|2712, 127588|3704, 127596|3760, 127596|4027, at.DiTronic.androidgroup.randomgallery, 
127548|1, 127516|119, 127516|255, 127540|309, 127540|359, 127664|400, 127664|706, 127580|751, 127520|804, 127520|937, 127284|1044, 128552|1125, 128320|1201, 128320|1238, 128376|1276, 128348|1336, 128348|1704, 127316|1846, 127316|1884, 127200|1968, 127200|2227, 127184|2280, 127436|2333, 127436|3264, 127428|3308, 127432|3361, 127432|4024, com.google.android.deskclock, 
128128|1, 128100|104, 128100|633, 127944|665, 127904|717, 127960|767, 127960|811, 127556|864, 127368|920, 127368|963, 128004|1057, 128004|1124, 127900|1189, 127660|1241, 127660|1478, 127556|1526, 127556|1605, 127452|1688, 127460|1780, 127304|1840, 127172|1914, 127040|2013, 126908|2097, 126908|2153, 126040|2273, 124800|2388, 124636|2475, 124424|2549, 124432|2721, 123828|3080, 123680|3160, 123680|3698, 123760|3751, 123760|4027, com.booking, 
127160|1, 127160|304, 127252|360, 127252|538, 127128|597, 127128|864, 126716|932, 126576|995, 127564|1107, 127564|1172, 127160|1237, 126964|1296, 126856|1380, 126856|1854, 126752|1938, 126640|2037, 126484|2098, 126484|2177, 126380|2289, 126000|2405, 125844|2480, 124548|2615, 124276|2741, 124276|2902, 124004|3268, 123840|3352, 123728|3424, 123728|3703, 123840|3762, 123840|4233, com.booking, 
126588|1, 126688|118, 126688|525, 126936|572, 126688|616, 126688|843, 126484|882, 126188|959, 127328|1062, 127328|1225, 127056|1298, 127056|1580, 127160|1649, 127056|1741, 127056|1860, 127048|1899, 126992|1954, 126992|3841, 126552|3905, 126552|4029, com.skype.raider, 
127512|1, 127356|124, 127356|401, 127332|456, 127332|594, 127208|658, 127084|720, 127084|803, 126960|864, 126960|1008, 126656|1071, 126656|1131, 127456|1261, 127456|1370, 127376|1422, 127488|1483, 127380|1551, 127380|1612, 127508|1663, 127508|1767, 126476|1833, 126476|2134, 126352|2206, 126352|2327, 126196|2387, 126196|2440, 126180|2493, 126180|2589, 126580|2631, 126580|2680, 126500|2735, 126500|3432, 126504|3469, 126504|4007, com.google.android.apps.photos, 
127636|1, 127636|247, 127644|308, 127644|813, 127604|856, 127600|922, 126884|1039, 127628|1117, 127628|1658, 127496|1776, 127456|1879, 127332|2003, 127208|2097, 126904|2204, 126904|2673, 125872|2787, 125244|2947, 125396|3065, 124644|3152, 124644|3573, 124424|3621, 124424|3673, 117156|3738, 110108|3806, 110048|3877, 110048|3926, 114948|3991, 114948|4063, com.antutu.ABenchMark, 
119040|1, 119040|356, 119112|489, 119112|629, 118940|762, 118812|893, 118812|1023, 118688|1174, 118388|1475, 118692|1700, 118692|2009, 126088|2300, 126224|2411, 125472|2526, 125360|2600, 125360|3332, 125624|3391, 125624|4008, com.google.android.apps.photos, 
127224|1, 127100|109, 127100|241, 127124|322, 127124|729, 127000|808, 127000|948, 126876|1029, 126876|1254, 126772|1371, 127140|1506, 127140|2049, 126788|2185, 126624|2313, 126624|2429, 126332|2534, 126332|2629, 126160|2780, 125064|2969, 125064|3293, 124720|3420, 124720|3708, 124832|3810, 124832|4011, com.csst.ecdict, 
128100|1, 128100|352, 128108|421, 128108|636, 127436|738, 127312|804, 127312|855, 127188|930, 127288|1011, 127164|1114, 126868|1199, 126868|1251, 126616|1394, 127256|1509, 127256|1731, 126592|1911, 126592|2342, 126652|2430, 126652|3092, 127052|3182, 127052|3382, 127076|3503, 127076|4021, at.DiTronic.androidgroup.randomgallery, 
127620|1, 127496|105, 127496|264, 127696|310, 127624|364, 127624|500, 127672|570, 127672|935, 127484|981, 127484|1028, 127088|1120, 126752|1224, 127300|1341, 127300|1395, 127316|1449, 127248|1532, 127132|1662, 127132|1928, 127028|2028, 127028|2182, 126924|2289, 126924|2391, 126348|2497, 127416|2563, 127416|2711, 127300|2784, 127152|2837, 126680|2901, 126296|3004, 126296|3379, 126080|3463, 126080|3735, 126180|3817, 126180|4067, com.dropbox.android, 
126996|1, 126780|117, 126780|650, 126648|700, 126648|825, 126524|892, 126524|1008, 126344|1051, 126124|1172, 127028|1267, 127028|1346, 127188|1423, 126720|1511, 126920|1627, 126716|1766, 126584|1892, 126584|2338, 125552|2408, 125552|2482, 125428|2572, 125428|2630, 125452|2677, 125388|2764, 125388|2982, 125256|3036, 125256|3139, 125132|3246, 125132|3792, 125124|3859, 125424|3927, 125424|4060, com.sometimeswefly.littlealchemy, 
127084|1, 127084|597, 126836|662, 126712|722, 126588|760, 126588|932, 126448|1001, 126448|1086, 126548|1142, 126548|1240, 126432|1335, 127832|1395, 127728|1441, 127424|1522, 127104|1650, 126596|1809, 125996|1917, 125596|1995, 125456|2095, 125708|2236, 125708|2492, 124428|2623, 124428|2725, 124300|2844, 124300|2899, 124276|2983, 124376|3062, 124376|3885, 124400|3962, 124368|4037, com.cnn.mobile.android.phone, 
126576|1, 126504|480, 126504|627, 126608|695, 126608|780, 126164|861, 126976|993, 126976|1088, 126884|1207, 126732|1372, 126732|1496, 126980|1575, 126732|1649, 126732|2140, 126532|2187, 126532|3229, 126408|3289, 126408|3704, 126244|3755, 126244|4001, com.skype.raider, 
127776|1, 127776|186, 127668|287, 127668|451, 126652|518, 126528|584, 126504|628, 126520|681, 126396|740, 126396|962, 126264|1041, 126264|1178, 127360|1251, 127360|1292, 126896|1396, 126328|1504, 126328|1600, 125992|1676, 125424|1779, 125104|1871, 124956|2013, 124240|2111, 125640|2220, 125640|2455, 124432|2545, 124320|2642, 124328|2727, 124204|2819, 124204|2868, 124304|2939, 124304|3555, 124344|3626, 124264|3692, 124264|4055, com.cnn.mobile.android.phone, 
127284|1, 127112|317, 127112|559, 126932|634, 126932|754, 126768|814, 126488|870, 126340|970, 127200|1060, 127200|1189, 126184|1256, 126084|1328, 126084|1901, 126012|1961, 126244|2021, 126244|2776, 126120|2858, 126120|2917, 126180|2977, 126180|3937, 126240|3989, 126240|4026, at.DiTronic.androidgroup.randomgallery, 
126352|1, 126352|507, 126424|558, 126220|605, 126220|703, 126096|757, 126096|861, 125916|897, 125916|954, 125760|1042, 126868|1135, 126628|1191, 126628|1234, 126580|1290, 126580|1371, 126448|1440, 126448|1492, 126416|1554, 126416|2470, 126384|2526, 126400|2582, 126400|3377, 126276|3442, 126276|3480, 126284|3524, 126252|3592, 126252|3708, 126120|3757, 126120|3916, 125600|3992, 125600|4050, com.skype.raider, 
127576|1, 127576|598, 126524|651, 126308|713, 126184|780, 126060|833, 125848|880, 125848|988, 126136|1094, 126136|1346, 125368|1426, 125236|1524, 125372|1573, 125244|1628, 125244|2013, 125260|2078, 125172|2121, 125172|2527, 125572|2595, 125572|3019, 125580|3062, 125624|3123, 125624|3435, 125964|3491, 125964|3874, 126080|3931, 126080|4007, at.DiTronic.androidgroup.randomgallery, 
126480|1, 126232|97, 126232|426, 126272|485, 126272|915, 126132|949, 126132|1113, 125704|1206, 126420|1267, 126420|1314, 126296|1381, 126296|1442, 126368|1493, 126416|1544, 126416|1618, 125232|1702, 125232|2433, 125224|2481, 125192|2559, 125860|2623, 125860|3548, 125868|3599, 125868|4023, at.DiTronic.androidgroup.randomgallery, 
126500|1, 126600|99, 126600|136, 126488|170, 126488|274, 126508|328, 126508|384, 126660|441, 126660|736, 126568|788, 126532|838, 126284|873, 126112|922, 126112|1039, 125932|1103, 125932|1145, 126828|1255, 126540|1347, 126540|1434, 126440|1499, 126440|1557, 126276|1672, 126276|1766, 126152|1859, 126152|1929, 126048|1998, 126048|2235, 125596|2350, 125088|2455, 124336|2612, 124132|2750, 124100|2823, 124100|3496, 123972|3548, 123856|3623, 123856|3742, 123768|3829, 123768|4016, com.antutu.ABenchMark, 
124888|1, 124920|240, 124920|654, 124792|942, 124856|1047, 124920|1190, 125196|1531, 125196|1778, 125400|1874, 125392|1988, 125384|2182, 125280|2300, 125280|2402, 125108|2494, 125108|2834, 124104|3016, 123328|3165, 122456|3382, 122344|3519, 122344|3704, 122232|3880, 122280|4012, com.booking, 
125912|1, 125912|192, 125728|250, 125728|363, 125572|447, 125572|660, 124644|726, 124644|886, 124540|1047, 124408|1224, 124376|1316, 124196|1385, 124696|1468, 124236|1588, 124236|1708, 125168|1843, 125168|2030, 125164|2216, 125148|2397, 125148|3090, 125068|3216, 125060|3389, 124420|3513, 125052|3616, 124944|3718, 124944|3819, 124516|3911, 124392|4086, com.dropbox.android, 
125432|1, 125432|703, 125632|790, 125548|891, 125640|957, 125640|1094, 125476|1189, 125476|1278, 125352|1348, 125080|1473, 124852|1599, 125260|1745, 125160|1861, 125192|1968, 125192|2548, 124760|2670, 124760|2810, 124792|2933, 124792|3182, 124440|3388, 123912|3535, 123912|3870, 123936|3976, 123936|4045, com.dropbox.android, 
125356|1, 125356|897, 125540|986, 125540|1210, 125416|1300, 125416|1479, 124924|1604, 124744|1751, 124644|1879, 124660|2017, 124496|2138, 124372|2248, 124084|2409, 123372|2579, 123036|2811, 122624|2996, 122624|3251, 122536|3440, 122536|3864, 122512|3961, 122520|4070, com.ted.android, 
125148|1, 125148|601, 125024|737, 125024|1443, 124844|1504, 124844|1580, 124300|1731, 124292|1895, 124292|2090, 123960|2338, 123836|2507, 123836|2613, 123872|2723, 123888|2834, 123888|3612, 123448|3796, 124616|3917, 124616|4068, com.dropbox.android, 
125396|1, 125504|177, 125504|296, 125572|363, 125572|476, 125604|548, 125604|1127, 125380|1219, 125380|1452, 124640|1592, 124640|1872, 124540|1981, 124408|2132, 124284|2287, 124284|2416, 124188|2519, 124188|2942, 123980|3141, 123840|3281, 123676|3449, 123908|3616, 123656|3760, 123532|3860, 123532|4049, com.dropbox.android, 
125484|1, 125484|269, 125532|315, 125540|384, 125540|463, 125032|543, 125032|1234, 124508|1362, 124508|1428, 125076|1561, 124544|1756, 124420|1897, 124420|1995, 123844|2191, 123372|2349, 122580|2502, 122580|2622, 122364|2881, 122360|3067, 122112|3235, 122024|3339, 122024|3743, 121920|3838, 121920|4057, com.ted.android, 
124332|1, 124216|135, 124216|418, 124324|471, 124324|692, 124332|775, 124332|1181, 124136|1292, 124460|1413, 124500|1520, 124500|1615, 124076|1764, 124076|1971, 123972|2141, 123972|2275, 123868|2387, 123868|2633, 123656|2755, 123656|2879, 123516|3021, 122688|3228, 122096|3379, 121872|3510, 121648|3691, 121648|3843, 121760|3953, 121760|4028, com.booking, 
124920|1, 124864|130, 124864|534, 124648|627, 124532|710, 124532|1250, 123932|1381, 124076|1523, 123964|1618, 123824|1682, 123604|1789, 123704|1921, 123600|2027, 123452|2132, 122784|2278, 121956|2487, 121908|2633, 121908|2853, 121768|2974, 121516|3164, 121516|3558, 121508|3740, 121508|4043, com.ted.android, 
123512|1, 123512|107, 123612|208, 123612|764, 123712|822, 123784|917, 123784|1151, 123604|1203, 123604|1493, 124108|1604, 124108|1750, 124028|1867, 124028|2007, 123904|2074, 123316|2161, 123316|2620, 123072|2762, 124408|2888, 124408|3031, 123912|3117, 123552|3215, 123552|3369, 123448|3424, 123448|3747, 123408|3840, 123408|4005, com.google.android.apps.photos, 
124400|1, 124892|127, 124764|179, 124764|582, 124064|632, 124064|718, 123908|781, 123908|902, 123784|945, 123796|991, 123796|1225, 123616|1285, 124004|1498, 124004|1841, 123900|1924, 123980|2006, 123980|2261, 123772|2351, 123120|2483, 123120|2618, 123128|2714, 123128|2942, 123224|3009, 123224|3678, 123624|3735, 123624|3809, 123536|3883, 123584|4006, com.instagram.android, 
123324|1, 123356|129, 123356|418, 123456|479, 123456|1029, 123096|1120, 123184|1175, 124480|1292, 124480|1562, 124584|1661, 124480|1797, 124480|1884, 123912|1963, 123912|2049, 122772|2184, 122492|2299, 122592|2365, 122592|2488, 122712|2579, 122712|3031, 122632|3098, 122560|3170, 122560|4043, com.instagram.android, 
124248|1, 124468|122, 124468|163, 124320|206, 124468|253, 124468|371, 124972|460, 125084|520, 124180|589, 124180|1016, 123688|1079, 124584|1178, 124584|1429, 124544|1550, 124372|1693, 124372|1811, 124072|1896, 123840|2003, 122784|2091, 122784|2486, 122680|2551, 122680|2718, 122752|2789, 122752|2854, 122620|2923, 122620|3319, 122364|3360, 122260|3422, 122560|3488, 122624|3554, 122624|3705, 122696|3771, 122696|4038, com.instagram.android, 
122936|1, 122912|135, 122912|246, 123016|347, 123616|410, 123616|889, 123560|948, 123388|1029, 123388|1088, 123616|1181, 123616|1367, 123484|1443, 123484|1571, 123380|1647, 123380|1900, 122744|2044, 122612|2143, 122612|2930, 122524|3000, 122460|4013, com.instagram.android, 
123060|1, 123060|304, 123188|417, 123588|469, 123588|1320, 123628|1383, 123476|1443, 123476|1855, 122932|1919, 122808|2033, 122808|2304, 122768|2381, 122500|2452, 122500|3321, 122508|3375, 122508|4033, com.instagram.android, 
123204|1, 123180|116, 123180|379, 123784|462, 123784|691, 123676|760, 123676|815, 123740|877, 123808|932, 123628|974, 123628|1031, 123244|1154, 123244|1803, 123236|1890, 123236|2000, 122560|2140, 122560|2325, 122432|2443, 122432|2853, 122496|2937, 122496|3014, 122368|3082, 122368|3844, 122464|3926, 122464|4003, com.instagram.android, 
