1308804|1, 1309024|338, 1309024|847, 1309028|917, 1309048|978, 1308968|1026, 1309188|1133, 1309124|1211, 1310004|1272, 1310004|1683, 1309996|1742, 1309996|1888, 1310272|1939, 1310320|1984, 1310320|2917, 1310324|2973, 1310324|3179, 1310312|3227, 1310312|3889, 1310368|3921, 1310380|3977, 1310380|4023, com.skype.raider, 
1310380|1, 1310380|552, 1310412|608, 1310404|655, 1310392|699, 1310360|742, 1310360|1126, 1310356|1166, 1311236|1241, 1311236|1327, 1311232|1369, 1260512|1501, 1229804|1558, 1223396|1616, 1223832|1679, 1224704|1757, 1226236|1848, 1226456|1920, 1227336|1988, 1227996|2056, 1228436|2121, 1229096|2182, 1230196|2251, 1231296|2323, 1232176|2376, 1233056|2447, 1234156|2509, 1235164|2572, 1236704|2639, 1237364|2698, 1238464|2763, 1239344|2815, 1240444|2893, 1241544|2966, 1242424|3023, 1243084|3080, 1243744|3138, 1245064|3215, 1245944|3271, 1246824|3339, 1247704|3403, 1249024|3466, 1250124|3517, 1251160|3576, 1252920|3730, 1256220|3917, 1256880|3972, 1258200|4057, com.ebay.mobile, 
1310208|1, 1310180|251, 1310180|1180, 1310176|1213, 1310176|1290, 1310136|1426, 1310136|1664, 1310128|1759, 1310128|1838, 1310088|1898, 1310080|1973, 1310076|2017, 1310076|2092, 1310228|2138, 1310240|2176, 1310240|3145, 1310260|3180, 1310260|3294, 1310256|3334, 1310256|4031, com.github.shadowsocks, 
1310252|1, 1310252|632, 1310248|670, 1310252|704, 1310248|754, 1310248|1147, 1310240|1187, 1310240|1453, 1310228|1502, 1310228|1629, 1310316|1690, 1310316|1794, 1310312|1859, 1310312|2262, 1310324|2313, 1310324|2652, 1310332|2694, 1310332|4026, com.google.android.deskclock, 
1310296|1, 1310296|728, 1310288|763, 1310288|1200, 1310284|1276, 1310296|1317, 1310296|1389, 1308532|1455, 1276628|1511, 1246488|1562, 1223388|1618, 1223608|1673, 1224268|1746, 1225348|1814, 1225784|1883, 1226660|1978, 1227320|2050, 1227972|2153, 1228848|2206, 1229864|2315, 1230548|2384, 1231196|2471, 1232076|2526, 1232736|2576, 1233396|2621, 1234276|2673, 1234936|2737, 1236476|2804, 1237136|2843, 1238016|3012, 1240876|3050, 1241536|3097, 1242856|3139, 1244020|3236, 1244464|3287, 1245376|3350, 1246256|3401, 1246916|3449, 1247796|3504, 1249336|3542, 1250216|3592, 1251096|3630, 1252196|3750, 1254396|3787, 1256156|3839, 1256816|3879, 1257916|3935, 1258580|3981, 1259320|4020, com.ted.android, 
1310184|1, 1310184|649, 1310192|686, 1310204|741, 1310204|896, 1311964|977, 1313504|1027, 1317464|1077, 1319444|1133, 1320324|1171, 1323404|1239, 1323396|1288, 1323836|1384, 1324056|1467, 1324268|1560, 1324404|1636, 1324616|1689, 1324696|1770, 1324740|1830, 1324740|1885, 1324960|1936, 1325176|1980, 1325616|2017, 1325836|2085, 1325836|2208, 1325824|2279, 1326044|2375, 1326484|2449, 1296584|2535, 1239820|2601, 1241072|2706, 1241932|2771, 1243016|2841, 1243648|2896, 1244308|2944, 1245404|2988, 1246504|3040, 1247164|3080, 1248044|3134, 1248704|3174, 1249584|3225, 1250464|3281, 1251124|3325, 1252004|3373, 1253324|3409, 1253984|3465, 1254864|3498, 1255744|3555, 1256624|3587, 1257504|3635, 1258164|3676, 1259516|3725, 1260332|3775, 1261212|3817, 1262312|3863, 1263192|3896, 1264292|3945, 1265612|3986, 1266704|4044, com.paypal.android.p2pmobile, 
1329164|1, 1329224|262, 1329224|1213, 1297104|1303, 1252884|1354, 1242324|1403, 1243204|1453, 1244304|1523, 1245184|1568, 1245844|1608, 1246724|1655, 1247824|1692, 1248924|1743, 1249800|1792, 1250460|1838, 1251340|1881, 1252220|1919, 1253100|1963, 1253760|2007, 1254860|2040, 1255960|2097, 1256400|2132, 1257060|2176, 1257720|2223, 1258276|2256, 1260288|2353, 1261388|2398, 1262048|2437, 1262928|2483, 1263808|2524, 1264688|2564, 1266008|2618, 1266668|2651, 1268648|2702, 1269308|2743, 1270188|2790, 1270848|2834, 1272216|2938, 1272808|2988, 1273844|3026, 1274880|3077, 1275324|3111, 1275916|3149, 1276804|3206, 1277376|3241, 1278100|3278, 1279284|3325, 1280244|3362, 1280684|3402, 1281784|3450, 1282444|3484, 1283324|3532, 1284644|3582, 1286184|3677, 1287944|3716, 1288604|3763, 1289264|3799, 1290964|3859, 1292148|3907, 1292740|3940, 1293628|3988, 1294516|4041, com.facebook.katana, 
1329240|1, 1329240|839, 1329244|918, 1329244|1065, 1323948|1141, 1301508|1190, 1259268|1246, 1242328|1297, 1242988|1347, 1244088|1415, 1244748|1455, 1245628|1505, 1246288|1541, 1247828|1597, 1248708|1639, 1249588|1684, 1250468|1737, 1251128|1775, 1252228|1823, 1252916|1880, 1254016|1931, 1255336|1976, 1256216|2023, 1256424|2071, 1256644|2105, 1256644|2192, 1257524|2249, 1258404|2301, 1259504|2349, 1260820|2428, 1261920|2469, 1263240|2519, 1264120|2563, 1265220|2615, 1266320|2656, 1267200|2698, 1269144|2753, 1269840|2799, 1275192|3147, 1276072|3196, 1276952|3242, 1278052|3300, 1279152|3367, 1281132|3437, 1282012|3498, 1283768|3563, 1284868|3618, 1286408|4061, com.facebook.katana, 
1325480|1, 1325480|1122, 1325476|1162, 1325476|1336, 1325472|1405, 1325464|1473, 1325464|1544, 1325480|1595, 1325480|1807, 1325476|1861, 1325476|1979, 1325456|2071, 1325456|2236, 1301904|2325, 1244704|2421, 1245804|2482, 1246612|2546, 1247432|2614, 1248292|2672, 1248732|2721, 1250272|2780, 1251152|2822, 1251812|2874, 1252688|2926, 1253348|2977, 1254660|3061, 1255760|3125, 1257080|3182, 1258400|3233, 1258840|3277, 1258840|3439, 1259280|3482, 1260380|3530, 1261868|3588, 1262528|3623, 1263460|3677, 1264780|3725, 1265440|3762, 1266540|3816, 1267420|3854, 1268740|3909, 1269840|3977, 1271160|4018, com.paypal.android.p2pmobile, 
1332084|1, 1332116|715, 1332116|905, 1332336|977, 1332772|1046, 1332980|1117, 1333264|1191, 1333248|1258, 1333248|1600, 1333236|1736, 1333260|1878, 1333240|1981, 1333240|2042, 1333456|2169, 1333456|2231, 1333452|2308, 1333656|2432, 1333656|2496, 1333876|2555, 1334096|2634, 1334096|2766, 1334316|2864, 1334756|2935, 1334972|3009, 1332760|3062, 1298460|3110, 1249428|3175, 1250084|3222, 1250960|3291, 1251620|3327, 1252500|3380, 1253160|3421, 1254040|3466, 1255360|3511, 1256680|3550, 1258440|3598, 1260200|3648, 1262180|3690, 1264820|3750, 1266360|3793, 1268772|3894, 1270420|4120, com.antutu.ABenchMark, 
1340860|1, 1340860|759, 1343524|859, 1347044|950, 1347044|1004, 1347016|1055, 1347012|1171, 1347008|1270, 1346992|1357, 1347192|1461, 1347192|1767, 1347212|1812, 1347204|1894, 1347204|2484, 1347644|2521, 1347604|2576, 1347604|2614, 1347596|2644, 1347596|2746, 1347644|2797, 1347640|2883, 1347640|2934, 1347620|3010, 1347752|3096, 1347752|3154, 1347748|3222, 1347708|3278, 1347696|3338, 1347696|3456, 1347652|3540, 1347644|3576, 1347644|3717, 1347744|3767, 1347768|3804, 1347768|4039, com.tripadvisor.tripadvisor, 
1347768|1, 1347768|912, 1349748|991, 1350408|1044, 1351068|1100, 1351068|1239, 1351240|1297, 1351336|1369, 1351336|2214, 1351328|2267, 1351336|2302, 1351340|2347, 1351340|4012, at.DiTronic.androidgroup.randomgallery, 
1355600|1, 1355600|655, 1355596|706, 1355596|840, 1355600|923, 1355820|986, 1357140|1046, 1358460|1110, 1359740|1177, 1359740|1229, 1360180|1281, 1360620|1361, 1360840|1404, 1360840|1727, 1360836|1790, 1360836|1886, 1360912|1930, 1360900|1985, 1360900|2855, 1360956|2920, 1360956|3334, 1361000|3396, 1361000|3621, 1361204|3728, 1361192|3832, 1361188|3926, 1361184|4009, com.cnn.mobile.android.phone, 
1363592|1, 1363592|512, 1363604|558, 1363612|594, 1363612|685, 1363608|725, 1363608|1069, 1363600|1161, 1363600|1203, 1363592|1258, 1360724|1325, 1320024|1391, 1276612|1501, 1277288|1562, 1278136|1648, 1278796|1717, 1279896|1806, 1280548|1863, 1281208|1919, 1282268|1979, 1282700|2032, 1283800|2117, 1284460|2154, 1285120|2207, 1286436|2276, 1287096|2316, 1287532|2382, 1288412|2438, 1289732|2491, 1290876|2827, 1296272|2889, 1297156|2963, 1297596|3008, 1298696|3080, 1299796|3130, 1300676|3165, 1301996|3214, 1303316|3252, 1303976|3288, 1305076|3339, 1307936|3467, 1309476|3512, 1310064|3559, 1310896|3592, 1311636|3635, 1312820|3699, 1313412|3732, 1314892|3785, 1315632|3828, 1316520|3869, 1317556|3932, 1318444|4063, com.ted.android, 
1366592|1, 1366592|218, 1366600|268, 1366600|1206, 1366624|1265, 1366624|1679, 1366608|1723, 1366664|1777, 1367752|1831, 1367748|1888, 1367748|2216, 1367884|2244, 1367892|2285, 1367752|2336, 1367752|3207, 1367796|3250, 1367796|3279, 1367892|3323, 1367892|4038, com.google.android.apps.photos, 
1367900|1, 1367900|937, 1367908|984, 1367908|1205, 1367856|1261, 1367844|1318, 1368064|1376, 1355252|1437, 1306192|1506, 1281112|1574, 1281772|1628, 1282204|1704, 1282800|1750, 1284012|1846, 1284672|1894, 1285124|1952, 1286556|2045, 1287436|2115, 1288952|2288, 1289592|2390, 1290640|2524, 1291520|2591, 1293036|2681, 1294036|2767, 1296264|3055, 1297548|3189, 1298824|3255, 1299484|3290, 1300364|3359, 1301684|3405, 1302564|3449, 1303444|3518, 1304104|3551, 1304984|3598, 1306084|3651, 1307404|3698, 1308724|3857, 1311364|3921, 1312124|3984, 1312784|4027, com.booking, 
1369988|1, 1369988|624, 1369992|669, 1369992|1049, 1369988|1128, 1369988|1225, 1369968|1299, 1370188|1364, 1350580|1440, 1283040|1524, 1283696|1658, 1284136|1737, 1284984|1802, 1285632|1862, 1286260|1929, 1287324|2032, 1288200|2090, 1289504|2182, 1290512|2307, 1291600|2412, 1292656|2523, 1293484|2601, 1294780|2678, 1295436|2725, 1297844|3015, 1298668|3120, 1299988|3184, 1300648|3227, 1301528|3276, 1303068|3328, 1303728|3368, 1304388|3409, 1306148|3488, 1306808|3527, 1307248|3587, 1308688|3636, 1310200|3684, 1313280|3838, 1313940|3879, 1316140|3951, 1317020|3997, 1317900|4042, com.booking, 
1370412|1, 1370412|255, 1370492|301, 1370492|709, 1370484|755, 1370484|1027, 1370480|1074, 1370476|1127, 1370476|1268, 1370500|1311, 1370500|1798, 1370492|1852, 1370488|1890, 1370480|1950, 1370480|2230, 1370464|2276, 1370456|2305, 1370456|2349, 1370500|2393, 1370500|2851, 1370496|2898, 1370496|4041, com.google.android.apps.photos, 
1370668|1, 1370668|904, 1370888|969, 1372444|1023, 1375080|1081, 1375520|1147, 1375520|1254, 1375956|1329, 1375956|1381, 1378376|1437, 1378596|1500, 1378584|1576, 1378584|1637, 1379024|1686, 1379244|1729, 1379244|1792, 1379464|1838, 1379464|1939, 1379780|1993, 1379780|2950, 1379828|2981, 1379828|3932, 1379832|3968, 1379836|4014, com.whatsapp, 
1380040|1, 1380044|156, 1380044|906, 1380924|974, 1382244|1036, 1385416|1093, 1387844|1140, 1391144|1203, 1392244|1257, 1393548|1343, 1394644|1439, 1395056|1496, 1395052|1562, 1395484|1628, 1395664|1691, 1397176|1807, 1400668|1861, 1402384|1913, 1403924|1971, 1403924|2019, 1404296|2095, 1404504|2150, 1404504|2212, 1406000|2307, 1413696|2435, 1415616|2560, 1415984|2654, 1417720|3051, 1418532|3439, 1418828|3645, 1418964|3872, 1419256|4217, com.Slack, 
1424428|1, 1424428|710, 1424436|756, 1424436|1157, 1427072|1256, 1428608|1320, 1428600|1410, 1428600|1677, 1428692|1736, 1428912|1796, 1428908|1841, 1428908|1902, 1429128|1951, 1430008|2016, 1430008|2214, 1431192|2265, 1428544|2335, 1424364|2381, 1424364|2439, 1422824|2498, 1422384|2544, 1421504|2624, 1420376|2687, 1419728|2755, 1419728|3548, 1419744|3581, 1419744|3672, 1419764|3711, 1419760|4029, com.sometimeswefly.littlealchemy, 
1417592|1, 1417592|194, 1417600|226, 1417600|677, 1417596|725, 1417596|987, 1417588|1044, 1417588|1186, 1417776|1240, 1418168|1317, 1418384|1381, 1419264|1488, 1419404|1578, 1419404|1767, 1419400|1817, 1419400|2195, 1419536|2242, 1419704|2277, 1419704|2326, 1420804|2395, 1421024|2446, 1422344|2529, 1423004|2605, 1422124|2655, 1422124|2713, 1422344|2759, 1422344|2802, 1422564|2858, 1423664|2901, 1424104|2961, 1424544|3008, 1424540|3048, 1424540|3172, 1424820|3224, 1431044|3324, 1430384|3377, 1430384|3484, 1429944|3542, 1429944|3611, 1430164|3670, 1430164|4002, com.android.chrome, 
1419568|1, 1419568|736, 1419564|785, 1419568|828, 1419568|1676, 1419560|1787, 1419632|1935, 1419624|2016, 1419604|2111, 1419604|2180, 1419560|2318, 1419552|2449, 1419544|2534, 1419544|2754, 1419636|2821, 1419772|2899, 1419772|3106, 1419768|3146, 1405904|3193, 1350904|3246, 1332644|3288, 1333304|3327, 1334176|3386, 1335268|3453, 1335928|3493, 1336808|3544, 1337908|3586, 1338788|3624, 1339888|3678, 1340548|3718, 1340988|3749, 1342088|3800, 1342860|3847, 1343520|3881, 1344400|3931, 1345936|4009, com.antutu.ABenchMark, 
1413300|1, 1413284|196, 1413284|492, 1413288|576, 1413288|635, 1413404|722, 1413404|814, 1413400|911, 1413400|1046, 1413836|1188, 1418456|1281, 1419556|1376, 1419556|1458, 1419592|1558, 1419372|1722, 1419372|1965, 1419368|2030, 1419368|2469, 1419408|2510, 1419408|3440, 1419404|3481, 1419416|3537, 1419416|3887, 1419384|3927, 1419384|4029, com.whatsapp, 
1419620|1, 1419620|366, 1419616|422, 1419616|701, 1419620|733, 1419620|1067, 1419616|1126, 1419616|1176, 1419608|1268, 1419608|1322, 1419604|1364, 1419604|1473, 1419600|1527, 1419600|1673, 1419608|1726, 1419636|1816, 1419624|1893, 1419616|1942, 1419616|2179, 1419608|2232, 1419608|2690, 1419624|2721, 1419624|4039, com.github.shadowsocks, 
1419620|1, 1419620|304, 1419632|358, 1419632|745, 1419628|792, 1419628|1075, 1419620|1126, 1419620|1168, 1419612|1230, 1419612|1284, 1419648|1353, 1419652|1423, 1419652|1638, 1419644|1712, 1419644|1781, 1419632|1844, 1419632|2156, 1419620|2200, 1419620|2328, 1419648|2375, 1419648|3481, 1419644|3528, 1419644|4029, com.github.shadowsocks, 
1419656|1, 1419656|726, 1419648|778, 1419648|952, 1419664|998, 1419660|1041, 1419648|1088, 1419648|1283, 1419668|1346, 1419668|1992, 1419672|2021, 1419672|2173, 1419676|2216, 1419676|2332, 1419672|2429, 1419672|2520, 1419660|2574, 1419652|2630, 1419652|2666, 1419644|2716, 1419644|2784, 1419640|2842, 1419616|2925, 1419628|2991, 1419632|3069, 1419604|3140, 1419592|3201, 1419592|3659, 1419576|3719, 1419576|3929, 1419652|3962, 1419688|4011, com.tripadvisor.tripadvisor, 
1419680|1, 1419680|575, 1419692|609, 1419696|670, 1419692|713, 1419692|1154, 1419688|1207, 1419680|1256, 1420560|1313, 1420560|1408, 1356916|1488, 1332712|1543, 1333660|1633, 1334252|1695, 1335124|1746, 1336224|1836, 1337320|1886, 1338420|1955, 1339516|2014, 1340168|2075, 1341048|2158, 1341708|2213, 1342588|2267, 1343688|2335, 1344788|2400, 1346548|2485, 1347208|2549, 1347208|2590, 1347148|2646, 1348076|2888, 1349388|2979, 1350268|3043, 1351148|3097, 1352468|3150, 1353348|3211, 1353788|3248, 1354888|3310, 1356428|3371, 1357088|3420, 1358184|3492, 1359704|3556, 1360364|3615, 1361160|3679, 1365332|3914, 1365992|3976, 1366432|4031, com.ebay.mobile, 
1419984|1, 1420000|119, 1420000|617, 1419996|674, 1419996|872, 1420432|962, 1420652|999, 1420804|1047, 1401396|1100, 1372356|1144, 1333196|1221, 1333416|1287, 1333848|1355, 1334728|1446, 1335160|1511, 1335600|1547, 1336240|1619, 1336896|1679, 1337988|1787, 1340164|1912, 1341044|1985, 1341680|2092, 1342780|2146, 1343440|2199, 1344540|2264, 1346080|2332, 1346960|2387, 1347180|2455, 1347180|2614, 1347396|2686, 1348264|2752, 1348704|2807, 1349584|2850, 1350464|2900, 1351344|2962, 1352920|3032, 1354004|3105, 1355104|3158, 1356204|3199, 1357084|3234, 1358624|3286, 1359944|3334, 1360604|3369, 1361704|3434, 1363024|3503, 1363464|3543, 1365444|3611, 1366316|3688, 1366976|3725, 1367856|3777, 1368736|3823, 1369396|3855, 1370936|3908, 1371596|3954, 1372256|3984, 1373436|4041, com.ebay.mobile, 
1420124|1, 1420124|676, 1420120|724, 1420120|799, 1420132|836, 1420132|883, 1420128|939, 1420128|1154, 1420344|1200, 1420344|1261, 1420784|1312, 1421660|1386, 1422532|1478, 1422744|1557, 1423180|1645, 1423164|1708, 1423164|1741, 1423140|1797, 1423148|1864, 1423148|2099, 1423588|2159, 1423588|2416, 1423560|2496, 1423560|2557, 1423732|2595, 1423732|2784, 1423772|2847, 1423772|3774, 1423832|3821, 1423980|3896, 1423980|4059, com.dropbox.android, 
1423524|1, 1423524|310, 1423528|341, 1423528|1137, 1423524|1195, 1423524|1259, 1423528|1320, 1423660|1411, 1423660|1801, 1423876|1892, 1424096|1938, 1424316|1992, 1424756|2046, 1425196|2091, 1425196|2283, 1425160|2338, 1426260|2389, 1426040|2436, 1426040|2814, 1426028|2881, 1425572|2960, 1425572|3260, 1425564|3308, 1425712|3377, 1425712|3604, 1425716|3650, 1425716|4038, com.sometimeswefly.littlealchemy, 
1423556|1, 1423556|698, 1423552|738, 1423552|770, 1423560|814, 1423564|866, 1423564|1120, 1423556|1168, 1423548|1220, 1423548|1461, 1423544|1537, 1423540|1655, 1423540|1760, 1423528|1822, 1423528|2020, 1423524|2077, 1423524|2257, 1423496|2359, 1423496|2559, 1423488|2628, 1374644|2709, 1336368|2780, 1337408|2855, 1338264|2927, 1338908|2972, 1339788|3027, 1340668|3077, 1341548|3120, 1342868|3176, 1343748|3224, 1344408|3269, 1345288|3327, 1346168|3371, 1346828|3403, 1347708|3452, 1348584|3499, 1349904|3536, 1350564|3587, 1350784|3636, 1351416|3854, 1352152|3904, 1353336|3958, 1354224|4001, com.paypal.android.p2pmobile, 
1423568|1, 1423560|210, 1423560|284, 1423588|372, 1423588|505, 1423584|601, 1423584|1122, 1424464|1165, 1424464|1263, 1423584|1298, 1414308|1380, 1374708|1440, 1337956|1513, 1337072|1580, 1337732|1634, 1338600|1686, 1339912|1794, 1340788|1855, 1341668|1949, 1342984|2017, 1343864|2093, 1344520|2170, 1345620|2248, 1346280|2299, 1347396|2357, 1348276|2417, 1349596|2463, 1350476|2525, 1350916|2587, 1350916|2688, 1351132|2766, 1352228|2833, 1353108|2887, 1353988|2953, 1354868|3008, 1355968|3092, 1357056|3178, 1357496|3214, 1358376|3264, 1359732|3319, 1360568|3353, 1361228|3393, 1363428|3458, 1364088|3509, 1365188|3565, 1366728|3642, 1367828|3689, 1369800|3759, 1370680|3809, 1371340|3844, 1372000|3879, 1372880|3934, 1374640|3986, 1375080|4023, com.ebay.mobile, 
1423784|1, 1423788|140, 1423788|721, 1423784|772, 1423784|1017, 1423788|1079, 1424448|1124, 1424448|1162, 1422020|1229, 1375160|1281, 1340616|1338, 1337084|1418, 1337744|1480, 1338388|1559, 1339268|1617, 1339912|1683, 1340568|1731, 1342328|1851, 1342980|1920, 1344068|1997, 1345128|2058, 1345568|2129, 1346008|2211, 1346888|2274, 1347768|2325, 1348868|2389, 1350628|2468, 1351068|2513, 1351068|2718, 1352168|2773, 1352828|2829, 1353484|2885, 1354120|2959, 1355004|3013, 1356496|3069, 1356936|3123, 1357596|3180, 1358696|3242, 1360232|3324, 1361332|3372, 1362652|3405, 1363752|3470, 1364632|3530, 1365512|3586, 1366832|3667, 1369032|3742, 1369912|3787, 1370792|3835, 1371672|3887, 1372552|3931, 1373212|3971, 1374744|4028, com.ebay.mobile, 
1423936|1, 1423936|671, 1423956|719, 1423960|765, 1423960|1103, 1424400|1191, 1424400|1273, 1425940|1323, 1426380|1386, 1427700|1422, 1429604|1493, 1431364|1589, 1431944|1643, 1434568|1760, 1434568|1812, 1435444|1883, 1435880|2023, 1435880|2125, 1389672|2202, 1349172|2245, 1349392|2294, 1350052|2344, 1350712|2376, 1351372|2422, 1352252|2475, 1352472|2512, 1353132|2549, 1353792|2595, 1354892|2643, 1355552|2676, 1356376|2719, 1357256|2771, 1357696|2806, 1358576|2841, 1359236|2890, 1360112|2939, 1360772|2972, 1361872|3016, 1362972|3066, 1363412|3106, 1363412|3376, 1364000|3415, 1365036|3469, 1365924|3511, 1366516|3542, 1367256|3587, 1368440|3632, 1369328|3672, 1369772|3702, 1370840|3748, 1372024|3800, 1372912|3836, 1373652|3873, 1375428|3923, 1376316|3963, 1376760|3994, 1377796|4046, com.instagram.android, 
1436176|1, 1436176|270, 1436180|301, 1436248|355, 1436248|741, 1436244|786, 1436244|1112, 1436236|1149, 1436220|1207, 1436220|1249, 1436236|1302, 1436212|1397, 1436204|1473, 1436204|1570, 1436172|1652, 1436136|1710, 1436088|1788, 1436088|2004, 1436060|2128, 1436784|2212, 1436984|2333, 1437512|2702, 1437132|3098, 1438316|3295, 1439212|3530, 1440396|3839, 1441432|3977, 1438776|4128, com.Slack, 
1440736|1, 1440736|842, 1444840|979, 1444840|1315, 1444836|1409, 1444832|1518, 1445052|1607, 1445052|1786, 1445048|1831, 1445048|1919, 1444908|1966, 1445100|2048, 1445100|2376, 1445540|2446, 1445980|2528, 1446200|2570, 1445320|2636, 1445100|2689, 1445100|2772, 1445760|2855, 1446200|2898, 1446228|2946, 1446240|2998, 1446240|3085, 1448440|3169, 1452300|3229, 1454148|3307, 1448032|3375, 1443632|3431, 1438516|3510, 1437416|3565, 1437416|3600, 1436096|3656, 1436096|3933, 1435824|3994, 1435824|4047, com.android.chrome, 
1419704|1, 1419704|453, 1419712|480, 1419716|525, 1419716|833, 1419596|886, 1419544|951, 1419556|1018, 1419524|1071, 1419568|1124, 1419568|1182, 1419588|1231, 1419596|1283, 1419592|1345, 1420032|1449, 1420160|1524, 1420172|1604, 1420168|1679, 1420100|1768, 1420072|1877, 1420064|1954, 1420056|2073, 1420028|2170, 1420024|2211, 1420024|2367, 1420340|2476, 1420360|2530, 1420360|2835, 1420348|2887, 1420348|3052, 1420432|3103, 1420428|3158, 1420424|3211, 1420428|3276, 1420428|3456, 1420448|3507, 1420448|3724, 1420428|3780, 1420428|3822, 1420432|3872, 1420404|4004, com.cnn.mobile.android.phone, 
1420320|1, 1420320|617, 1420316|666, 1420316|890, 1420320|988, 1420320|1073, 1420316|1148, 1420312|1234, 1420312|1757, 1420300|1809, 1420300|1895, 1420296|1966, 1420360|2032, 1420360|2216, 1420356|2249, 1420356|2968, 1420492|2996, 1420512|3040, 1420512|4007, com.google.android.apps.photos, 
1420516|1, 1420516|731, 1420520|761, 1420520|1121, 1420516|1180, 1420500|1318, 1383752|1404, 1338920|1460, 1334072|1540, 1334932|1623, 1335808|1709, 1336940|1791, 1337812|1868, 1339768|1989, 1340604|2083, 1341264|2139, 1342144|2202, 1342800|2272, 1343236|2312, 1343892|2363, 1344552|2418, 1345212|2464, 1346532|2516, 1347632|2581, 1347632|2724, 1347732|2758, 1347784|2804, 1348388|2907, 1349424|2964, 1350460|3020, 1351120|3059, 1351780|3095, 1353100|3146, 1353980|3188, 1354420|3218, 1355520|3267, 1356620|3312, 1357500|3353, 1358380|3388, 1360140|3437, 1361020|3483, 1361680|3515, 1362120|3561, 1363000|3615, 1363660|3674, 1364100|3709, 1365556|3755, 1366436|3796, 1366876|3829, 1367536|3870, 1368416|3917, 1369296|3961, 1369956|3992, 1371584|4055, com.ted.android, 
1419732|1, 1419732|358, 1419748|407, 1419748|949, 1419744|1006, 1419744|1316, 1420192|1431, 1420184|1536, 1420184|1600, 1420180|1697, 1419732|1788, 1419512|1927, 1419732|1999, 1419732|2333, 1419784|2371, 1419804|2422, 1420244|2473, 1420684|2553, 1421124|2633, 1420684|2702, 1420684|2864, 1420904|2907, 1421344|2966, 1421124|3032, 1422444|3087, 1421344|3151, 1421344|3226, 1427108|3270, 1428852|3341, 1425884|3406, 1418844|3460, 1418844|3523, 1418404|3614, 1418404|3654, 1416644|3703, 1416644|3822, 1416656|3874, 1416656|4013, com.android.chrome, 
1400576|1, 1400576|926, 1400636|1010, 1400636|1178, 1400856|1267, 1400856|1464, 1400852|1552, 1400852|1761, 1400848|1804, 1400848|1915, 1400780|1983, 1400780|2405, 1400772|2484, 1400764|2540, 1400764|2616, 1400756|2733, 1400756|2786, 1341308|2899, 1313640|2974, 1314520|3021, 1315612|3098, 1316484|3152, 1317132|3194, 1317572|3242, 1318668|3293, 1319548|3329, 1320648|3391, 1321528|3449, 1322188|3487, 1323068|3530, 1324168|3592, 1324828|3631, 1325488|3670, 1327028|3728, 1327908|3782, 1328776|3824, 1334424|4211, com.paypal.android.p2pmobile, 
1400764|1, 1400764|323, 1400788|399, 1400784|534, 1400784|716, 1400780|898, 1400780|1361, 1400856|1424, 1400856|2354, 1400936|2410, 1400936|3381, 1400940|3425, 1400940|4016, com.google.android.deskclock, 
1400932|1, 1400932|825, 1400924|874, 1400936|914, 1400936|1469, 1400896|1538, 1400896|1744, 1401116|1808, 1401488|1897, 1401444|1941, 1401664|1990, 1402324|2047, 1402544|2094, 1402544|2244, 1402764|2285, 1403644|2350, 1403644|2727, 1403204|2791, 1403204|2843, 1403260|2920, 1403260|3530, 1403264|3575, 1403264|3868, 1403276|3904, 1403276|4011, com.sometimeswefly.littlealchemy, 
1400964|1, 1400964|439, 1400972|479, 1400972|685, 1400976|735, 1400976|1385, 1401000|1522, 1400992|1584, 1400992|1757, 1400988|1819, 1400988|2076, 1400976|2151, 1400976|2318, 1400964|2388, 1351144|2468, 1314404|2568, 1315040|2629, 1315696|2683, 1316348|2752, 1317000|2798, 1317660|2833, 1318536|2887, 1319632|2943, 1320512|2986, 1321172|3025, 1322052|3087, 1322932|3139, 1323592|3179, 1324692|3226, 1325572|3276, 1327112|3329, 1327772|3361, 1328652|3416, 1329660|3462, 1330540|3497, 1331200|3533, 1332080|3580, 1333840|3647, 1334280|3683, 1334932|3731, 1336032|3780, 1337132|3820, 1338012|3857, 1339552|3908, 1340872|3954, 1341532|4002, com.paypal.android.p2pmobile, 
1400876|1, 1400876|629, 1400872|770, 1400872|932, 1400944|1011, 1400944|1052, 1400936|1103, 1400936|1152, 1400928|1204, 1400928|1846, 1400924|1900, 1400932|1965, 1401008|2006, 1401008|2036, 1401020|2086, 1401020|2970, 1401016|3041, 1401016|4028, com.google.android.deskclock, 
1401008|1, 1401008|731, 1401004|776, 1401004|1232, 1393476|1295, 1353656|1371, 1330996|1403, 1313832|1457, 1314492|1522, 1315152|1569, 1315848|1619, 1316516|1667, 1317176|1708, 1317836|1747, 1319156|1801, 1320476|1854, 1320916|1886, 1321796|1929, 1322676|1976, 1323556|2020, 1324216|2053, 1325096|2106, 1326196|2156, 1327296|2190, 1327956|2228, 1328836|2278, 1329276|2326, 1329716|2357, 1330376|2401, 1331256|2447, 1331916|2493, 1332356|2524, 1333676|2575, 1334588|2630, 1335468|2669, 1336348|2708, 1337448|2755, 1338548|2805, 1339868|2840, 1340748|2880, 1341628|2925, 1342508|2973, 1343168|3005, 1344048|3044, 1345368|3095, 1347568|3187, 1348448|3227, 1349328|3276, 1349988|3317, 1350356|3349, 1351688|3397, 1352428|3444, 1353020|3491, 1353760|3525, 1354648|3576, 1355532|3629, 1357160|3675, 1358344|3722, 1358344|3772, 1358640|3813, 1359084|3858, 1359380|3891, 1360120|3946, 1360860|4045, com.facebook.katana, 
1401036|1, 1401040|87, 1401040|1049, 1401052|1091, 1401052|1449, 1401476|1576, 1401476|1670, 1401036|1818, 1401036|1983, 1401072|2039, 1401216|2078, 1401216|2327, 1401200|2375, 1401200|2410, 1401640|2462, 1401640|2600, 1401860|2674, 1402300|2742, 1402740|2793, 1402300|2872, 1402080|2915, 1402080|2955, 1401860|3021, 1401968|3070, 1401968|3126, 1402188|3169, 1402628|3216, 1402628|3313, 1402848|3389, 1402848|3504, 1405048|3545, 1410768|3603, 1410768|3662, 1410548|3706, 1410548|3760, 1410328|3831, 1412240|3889, 1412184|4038, com.android.chrome, 
1401024|1, 1401024|663, 1401036|714, 1401036|1329, 1401032|1378, 1401032|1474, 1400908|1590, 1400904|1639, 1401064|1702, 1401064|1907, 1401056|1988, 1401056|2246, 1401048|2348, 1401040|2423, 1401032|2523, 1401032|2634, 1401216|2676, 1401216|2730, 1401200|2794, 1401200|3473, 1401196|3527, 1401196|3579, 1401200|3639, 1401400|3676, 1401400|3727, 1401420|3785, 1401420|4040, com.dropbox.android, 
1401052|1, 1401056|117, 1401056|712, 1401052|762, 1401052|1018, 1401060|1109, 1401060|1159, 1358160|1249, 1313720|1313, 1314160|1356, 1315040|1423, 1315920|1479, 1316580|1524, 1317240|1564, 1318120|1618, 1319440|1672, 1320540|1715, 1321420|1765, 1322300|1820, 1323176|1865, 1323836|1900, 1324716|1949, 1325596|1999, 1326916|2042, 1327608|2074, 1328248|2128, 1328248|2338, 1328200|2389, 1328644|2425, 1329532|2471, 1330568|2522, 1331456|2568, 1331752|2600, 1332344|2644, 1333528|2697, 1334268|2738, 1334712|2769, 1335896|2824, 1337228|2876, 1337964|2913, 1339064|2950, 1340604|2994, 1341484|3045, 1342304|3080, 1342952|3119, 1343816|3170, 1344704|3218, 1346184|3250, 1347072|3291, 1347516|3334, 1348256|3380, 1348552|3409, 1349292|3456, 1350180|3506, 1351364|3552, 1352252|3595, 1352844|3628, 1353880|3679, 1354768|3729, 1355656|3777, 1356840|3811, 1358172|3914, 1359800|3946, 1360688|3994, 1361724|4046, com.facebook.katana, 
1401072|1, 1401072|1075, 1401068|1124, 1401056|1189, 1401056|1285, 1401052|1385, 1401052|1689, 1401100|1751, 1401096|1832, 1401092|1886, 1401092|2706, 1401084|2756, 1401084|4022, com.github.shadowsocks, 
1401080|1, 1401080|369, 1401084|408, 1401084|1136, 1401076|1191, 1401076|1233, 1401040|1306, 1401104|1385, 1401104|1447, 1401088|1519, 1401084|1616, 1401068|1689, 1401056|1760, 1401048|1820, 1401048|2196, 1401156|2356, 1401380|2709, 1400932|3157, 1401032|3370, 1401032|4142, com.Slack, 
1401436|1, 1401436|732, 1401432|775, 1405612|859, 1405616|895, 1405536|949, 1405548|1032, 1405548|1378, 1405524|1446, 1405524|1850, 1405568|1930, 1405568|2014, 1403368|2062, 1339128|2123, 1318888|2195, 1319328|2233, 1320208|2273, 1320868|2322, 1321968|2377, 1322628|2424, 1324168|2476, 1325268|2521, 1325928|2569, 1326588|2610, 1327688|2670, 1328568|2728, 1329448|2768, 1330108|2806, 1331868|2868, 1332680|2924, 1333560|2958, 1334440|3012, 1335756|3069, 1336416|3112, 1337076|3143, 1338396|3191, 1339056|3236, 1340156|3279, 1340816|3310, 1341916|3355, 1343016|3401, 1344776|3488, 1345876|3518, 1346756|3562, 1347856|3610, 1348736|3655, 1350276|3700, 1351596|3753, 1352340|3796, 1353228|3840, 1353820|3872, 1354584|3917, 1356212|3975, 1356952|4017, com.instagram.android, 
1405584|1, 1405584|443, 1405588|483, 1405588|712, 1405584|748, 1405584|782, 1405560|846, 1405564|923, 1405588|975, 1405556|1035, 1405584|1106, 1405584|1230, 1405588|1291, 1405584|1368, 1405600|1483, 1405600|1606, 1405592|1674, 1405628|1750, 1405628|1807, 1405600|1931, 1405584|2015, 1405576|2078, 1405568|2132, 1405568|2412, 1405732|2475, 1405732|2616, 1405728|2684, 1405728|2895, 1405744|2954, 1405744|3405, 1405724|3438, 1405732|3489, 1405732|4053, com.cnn.mobile.android.phone, 
1405704|1, 1405708|96, 1405708|606, 1405704|699, 1405704|1003, 1405716|1075, 1340596|1164, 1318596|1200, 1319472|1265, 1320572|1337, 1321232|1377, 1322112|1421, 1322772|1468, 1324092|1518, 1324972|1555, 1326072|1619, 1326952|1669, 1327612|1709, 1328272|1748, 1329372|1797, 1330032|1841, 1330912|1877, 1332012|1917, 1332672|1973, 1332892|2010, 1332876|2045, 1333660|2318, 1334400|2397, 1335576|2453, 1336236|2486, 1336896|2537, 1338216|2586, 1339096|2629, 1339536|2662, 1340636|2713, 1341956|2768, 1343056|2825, 1345036|2879, 1346356|2940, 1347016|2993, 1347676|3024, 1348544|3062, 1349684|3112, 1351444|3162, 1352104|3202, 1352764|3242, 1353644|3295, 1354744|3345, 1355624|3391, 1356724|3426, 1357604|3481, 1358484|3530, 1359364|3581, 1360244|3622, 1361564|3749, 1365744|3875, 1367064|3931, 1368604|3982, 1369348|4029, com.facebook.katana, 
1405660|1, 1405660|633, 1405664|679, 1405664|1134, 1406324|1199, 1406324|1247, 1405664|1319, 1397736|1409, 1365836|1452, 1321608|1533, 1318964|1594, 1319696|1641, 1320488|1710, 1321564|1784, 1322664|1841, 1323104|1886, 1323764|1998, 1324864|2044, 1325744|2095, 1326844|2176, 1327724|2219, 1328604|2267, 1329484|2357, 1330584|2432, 1332124|2488, 1333004|2573, 1333004|2626, 1333108|2674, 1333108|2841, 1333768|2899, 1334648|2975, 1335748|3047, 1336628|3097, 1337948|3169, 1338608|3235, 1339048|3278, 1340364|3359, 1341684|3433, 1342344|3480, 1343004|3534, 1345392|3636, 1346224|3700, 1346664|3754, 1347544|3816, 1348424|3887, 1349084|3936, 1350624|3983, 1351724|4053, com.ebay.mobile, 
1405016|1, 1405016|334, 1405024|363, 1405100|392, 1405100|755, 1405096|800, 1405096|1144, 1405092|1191, 1405092|1316, 1405100|1372, 1405100|2077, 1372756|2137, 1334036|2181, 1318856|2241, 1319956|2294, 1320616|2337, 1321432|2393, 1322312|2456, 1322972|2503, 1324072|2537, 1325172|2596, 1326272|2663, 1326932|2703, 1327592|2744, 1328472|2793, 1329352|2848, 1330012|2890, 1330892|2934, 1332204|2991, 1332644|3041, 1332644|3241, 1333304|3275, 1334044|3313, 1335000|3365, 1336048|3415, 1336640|3454, 1337232|3490, 1338612|3541, 1339352|3592, 1340092|3624, 1340980|3667, 1342164|3718, 1343052|3768, 1344384|3802, 1345420|3844, 1346160|3891, 1347344|3949, 1349120|4044, com.instagram.android, 
1405716|1, 1405716|800, 1405720|889, 1405720|1620, 1405500|1685, 1405500|1786, 1405508|1850, 1405548|1903, 1405548|2820, 1405544|2864, 1405552|2918, 1405552|3884, 1405544|3941, 1405544|4013, com.whatsapp, 
1405760|1, 1405760|241, 1405756|296, 1405756|896, 1405768|998, 1405768|1130, 1405764|1272, 1406860|1409, 1405980|1534, 1405980|1924, 1406084|1974, 1406084|2064, 1406040|2125, 1406040|2271, 1406480|2358, 1406920|2477, 1406700|2528, 1406260|2589, 1406260|2736, 1407140|2799, 1407360|2847, 1407360|2880, 1407324|2931, 1407232|2982, 1407232|3035, 1408112|3116, 1414860|3204, 1411756|3288, 1410876|3346, 1414380|3408, 1411516|3475, 1411516|3837, 1411352|3899, 1411216|3950, 1411196|3994, 1411196|4051, com.android.chrome, 
1397216|1, 1397216|327, 1397196|375, 1397220|427, 1397220|1009, 1397216|1094, 1397436|1197, 1398096|1233, 1398096|1287, 1397872|1345, 1354780|1396, 1318536|1470, 1310616|1547, 1311048|1619, 1311928|1677, 1312588|1731, 1313464|1815, 1314120|1881, 1316316|1988, 1316976|2114, 1318076|2194, 1318516|2244, 1318736|2322, 1319616|2388, 1320276|2444, 1320936|2512, 1321816|2581, 1323136|2652, 1324236|2716, 1324676|2783, 1325776|2866, 1326656|2945, 1327536|3006, 1328408|3087, 1329948|3177, 1330828|3258, 1331708|3320, 1333836|3437, 1335156|3518, 1336476|3578, 1337356|3648, 1338016|3716, 1338672|3795, 1339988|3859, 1344116|4170, com.ebay.mobile, 
1391132|1, 1391132|924, 1391128|1010, 1391128|1614, 1391112|1699, 1391092|1836, 1391144|1936, 1391108|2114, 1391108|2191, 1391328|2339, 1391316|2435, 1391316|2814, 1391276|2895, 1391276|3286, 1385964|3376, 1343724|3454, 1310240|3497, 1311104|3585, 1311764|3646, 1312644|3702, 1313084|3741, 1313964|3801, 1314688|3855, 1316076|3923, 1316944|4013, com.antutu.ABenchMark, 
1373008|1, 1374328|242, 1375648|384, 1376308|646, 1377560|750, 1378220|857, 1378660|973, 1379320|1077, 1379980|1172, 1380860|1344, 1381960|1479, 1382396|1581, 1382656|1721, 1382860|1933, 1383064|2076, 1383064|2150, 1383060|2292, 1383016|2384, 1382984|2473, 1382984|2561, 1382920|2639, 1382920|2691, 1382916|2768, 1382912|2878, 1382912|2950, 1382908|3010, 1382908|3524, 1382888|3584, 1382904|3646, 1382904|3732, 1382932|3801, 1382932|4005, com.ted.android, 
1382900|1, 1382900|672, 1382896|744, 1382896|846, 1382908|912, 1382908|1417, 1383788|1482, 1383788|1557, 1344400|1620, 1310520|1684, 1311176|1793, 1312216|1941, 1312656|1988, 1313732|2108, 1315268|2246, 1316368|2352, 1316800|2424, 1317680|2529, 1318556|2630, 1318996|2681, 1320096|2773, 1321196|2849, 1322056|2902, 1323596|2989, 1324696|3080, 1325136|3132, 1326236|3215, 1327336|3295, 1328420|3390, 1328860|3440, 1330620|3527, 1331716|3628, 1332808|3704, 1334128|3768, 1335472|3864, 1337568|3952, 1338000|4018, com.ebay.mobile, 
1391116|1, 1391116|237, 1391292|277, 1391292|1591, 1391468|1821, 1391236|1945, 1391236|2076, 1391012|2234, 1391380|2345, 1391380|2942, 1391820|3011, 1391820|3205, 1392688|3332, 1392248|3430, 1391808|3495, 1391808|3681, 1392468|3757, 1392688|3848, 1392688|4017, com.android.chrome, 
1387304|1, 1387304|642, 1387312|711, 1387304|782, 1387304|1339, 1387300|1440, 1387300|1533, 1387312|1688, 1387312|2574, 1387320|2632, 1387384|2702, 1387384|3643, 1387392|3679, 1387392|4024, com.google.android.deskclock, 
1387388|1, 1387388|703, 1387384|750, 1387384|900, 1387400|937, 1387400|1881, 1387404|1975, 1387404|2429, 1387396|2501, 1342076|2555, 1306656|2612, 1307316|2678, 1307756|2733, 1308416|2798, 1309076|2842, 1309736|2910, 1310416|2971, 1311076|3033, 1311956|3073, 1312836|3130, 1313716|3192, 1314596|3254, 1315036|3299, 1315696|3346, 1316576|3411, 1317676|3486, 1318336|3530, 1319216|3575, 1320536|3639, 1321416|3716, 1322076|3760, 1322736|4084, com.instagram.android, 
1387576|1, 1387572|123, 1387572|203, 1392932|244, 1393812|287, 1393812|438, 1393808|513, 1393808|677, 1393800|733, 1393800|1186, 1393768|1236, 1393764|1281, 1393764|1579, 1394184|1743, 1393948|1890, 1393936|1983, 1393716|2111, 1393648|2201, 1393824|2265, 1393824|2703, 1394264|2765, 1394264|2864, 1394704|2940, 1394924|3041, 1394924|3110, 1394704|3150, 1394732|3210, 1394660|3302, 1395320|3344, 1395320|3446, 1396860|3555, 1395540|3618, 1395540|3680, 1402800|3759, 1403240|3822, 1403020|3886, 1404124|4049, com.android.chrome, 
1393724|1, 1393724|712, 1393732|749, 1393732|1027, 1393724|1112, 1393716|1166, 1393696|1203, 1393688|1254, 1393688|1441, 1393744|1511, 1393744|1787, 1393736|1826, 1393736|2555, 1393732|2687, 1393756|2723, 1393724|2795, 1393724|2936, 1393716|3005, 1393704|3089, 1393680|3151, 1393672|3219, 1393672|3359, 1393856|3426, 1393856|3612, 1393796|3693, 1393756|3732, 1393756|4015, com.tripadvisor.tripadvisor, 
1393752|1, 1393752|122, 1393756|169, 1393756|605, 1393748|648, 1393748|1060, 1393756|1110, 1393748|1177, 1393728|1240, 1393728|1273, 1393712|1335, 1393700|1421, 1393700|1480, 1393688|1568, 1393644|1701, 1393640|1784, 1393640|1917, 1393636|2011, 1393852|2123, 1393868|2230, 1394036|2503, 1394024|2921, 1393696|3255, 1393700|3492, 1393704|4127, com.Slack, 
1394104|1, 1394104|642, 1394108|692, 1394104|736, 1398064|796, 1398280|831, 1398280|1056, 1398276|1150, 1398276|1211, 1398716|1259, 1398936|1307, 1398936|1353, 1389476|1409, 1341956|1455, 1311152|1540, 1311592|1617, 1311896|1675, 1312776|1732, 1313644|1832, 1314300|1903, 1314960|1963, 1316940|2036, 1317820|2117, 1318476|2178, 1319136|2265, 1320232|2340, 1320892|2399, 1321332|2446, 1322212|2540, 1323752|2623, 1324912|2692, 1325792|2763, 1327332|2864, 1328652|2935, 1329532|2995, 1331292|3076, 1332824|3175, 1333924|3223, 1334804|3286, 1338324|3567, 1339208|3626, 1340084|3691, 1340968|3766, 1341848|3817, 1343608|3876, 1345148|3966, 1345808|4024, com.ebay.mobile, 
1398192|1, 1398192|289, 1398216|340, 1398216|747, 1398212|801, 1398212|1075, 1398208|1136, 1398204|1237, 1398348|1304, 1398348|1690, 1398788|1749, 1399008|1809, 1399008|1868, 1400104|1912, 1399884|1965, 1399664|2015, 1399664|2163, 1402084|2231, 1402088|2282, 1401916|2318, 1401916|2609, 1401888|2692, 1401448|2750, 1401448|3267, 1401408|3309, 1401408|4025, com.sometimeswefly.littlealchemy, 
1398240|1, 1398240|704, 1398232|751, 1398232|827, 1398252|913, 1398224|1030, 1398224|1071, 1398208|1120, 1398192|1174, 1398192|1393, 1398216|1441, 1398216|1871, 1398260|1906, 1398268|1954, 1398268|2622, 1398244|2694, 1398244|2780, 1398240|2848, 1398244|2922, 1398216|2988, 1398208|3050, 1398208|3145, 1398196|3208, 1398180|3251, 1398180|3800, 1398272|3893, 1398268|3944, 1398268|4026, com.tripadvisor.tripadvisor, 
1398268|1, 1398268|701, 1398264|741, 1398264|914, 1398260|978, 1398244|1031, 1398244|1096, 1398236|1154, 1398212|1187, 1398212|1380, 1398236|1432, 1398260|1503, 1398260|2303, 1398256|2359, 1398256|2436, 1398284|2509, 1398284|2562, 1398280|2605, 1398280|2645, 1398252|2711, 1398248|2778, 1398240|2821, 1398240|2965, 1398224|3024, 1398212|3076, 1398212|3137, 1398168|3235, 1398168|3439, 1398300|3494, 1398300|3916, 1398280|3983, 1398280|4027, com.tripadvisor.tripadvisor, 
1398292|1, 1398292|513, 1398288|572, 1398288|809, 1398304|861, 1398304|965, 1398300|1049, 1398952|1108, 1398952|1259, 1362156|1309, 1332676|1347, 1311336|1410, 1312200|1502, 1313292|1602, 1313732|1659, 1314392|1731, 1315040|1797, 1315868|1862, 1317528|1947, 1318844|2068, 1319504|2151, 1320384|2224, 1321260|2323, 1322360|2391, 1323020|2437, 1324120|2497, 1325440|2584, 1325440|2810, 1326044|2916, 1327144|2976, 1327584|3059, 1328684|3147, 1329124|3208, 1329124|3251, 1330224|3354, 1331324|3426, 1331984|3471, 1332864|3532, 1334396|3622, 1335056|3682, 1335496|3749, 1337476|3833, 1338828|3920, 1340148|4005, com.ebay.mobile, 
1392264|1, 1392264|662, 1392288|698, 1392288|970, 1395808|1068, 1397348|1157, 1397348|1210, 1397340|1271, 1398220|1394, 1398220|1576, 1398616|1675, 1400200|1785, 1401960|1857, 1408116|1980, 1415376|2089, 1419996|2176, 1420216|2266, 1420212|2330, 1419772|2405, 1419772|2493, 1420212|2550, 1419992|2611, 1420112|2675, 1420288|2733, 1420280|2779, 1420280|3165, 1420060|3260, 1420280|3301, 1420280|3617, 1420288|3687, 1420288|3876, 1420508|3949, 1420508|4006, com.csst.ecdict, 
1420132|1, 1420132|224, 1420148|259, 1420148|771, 1420144|826, 1420144|1218, 1420152|1256, 1420152|1801, 1420148|1918, 1420148|2084, 1420144|2152, 1420120|2228, 1420160|2269, 1420160|3197, 1420156|3254, 1420156|4031, com.github.shadowsocks, 
1420152|1, 1420152|990, 1420144|1100, 1420148|1162, 1420116|1226, 1420108|1298, 1420108|1403, 1420104|1497, 1420132|1594, 1420180|1691, 1420180|1751, 1420148|1882, 1420148|2015, 1420128|2110, 1420092|2212, 1420088|2322, 1420088|2382, 1420308|2426, 1420308|2524, 1420324|2625, 1420324|2819, 1420316|2902, 1420316|3327, 1420308|3408, 1420296|3474, 1420296|3577, 1420324|3652, 1420312|3725, 1420312|4024, com.cnn.mobile.android.phone, 
1420196|1, 1420196|681, 1420192|749, 1420192|1021, 1420200|1087, 1420204|1141, 1420204|1221, 1420200|1315, 1420200|1413, 1415796|1471, 1350676|1563, 1339676|1637, 1340776|1734, 1341436|1782, 1342096|1838, 1342756|1902, 1343856|1984, 1344736|2031, 1345628|2083, 1346528|2150, 1347188|2209, 1348068|2269, 1348508|2309, 1349388|2373, 1350044|2434, 1350924|2496, 1351804|2550, 1352904|2605, 1353564|2668, 1354444|2745, 1355104|2827, 1356204|2887, 1357524|3018, 1358992|3084, 1359872|3155, 1360532|3196, 1361192|3245, 1362292|3305, 1363832|3407, 1364932|3449, 1366032|3502, 1366692|3563, 1367572|3627, 1368452|3690, 1369112|3733, 1369992|3870, 1372412|3912, 1373072|3972, 1373952|4037, com.facebook.katana, 
1419900|1, 1419900|486, 1419912|555, 1419912|722, 1419908|796, 1419908|1409, 1419912|1505, 1419912|1587, 1419908|1685, 1419904|1767, 1419904|2390, 1419916|2464, 1419916|2660, 1419912|2753, 1419908|2826, 1419908|3115, 1419904|3177, 1419904|3451, 1419876|3507, 1419876|3614, 1419920|3650, 1419920|4012, com.github.shadowsocks, 
1419912|1, 1419912|584, 1419916|635, 1419916|693, 1419912|750, 1419912|1241, 1419904|1297, 1419904|1528, 1419920|1620, 1419920|1751, 1419912|1819, 1419912|2001, 1420132|2109, 1420132|2354, 1420128|2424, 1419908|2491, 1420348|2580, 1420108|2649, 1420108|3255, 1420256|3325, 1420108|3383, 1420108|3592, 1420024|3643, 1420196|3682, 1420196|3743, 1420116|3819, 1420116|4050, com.csst.ecdict, 
1420384|1, 1420392|98, 1420392|757, 1420384|803, 1420384|1006, 1420396|1078, 1420396|1235, 1420388|1321, 1420388|1855, 1420384|1911, 1420376|1980, 1420428|2050, 1420440|2122, 1420440|2554, 1420436|2597, 1420436|3020, 1420484|3064, 1420412|3119, 1420412|4042, com.github.shadowsocks, 
1420472|1, 1420472|569, 1420476|602, 1420476|1103, 1420464|1187, 1420448|1238, 1420448|1447, 1420464|1492, 1420464|1551, 1420480|1645, 1420480|2524, 1420476|2613, 1420472|2659, 1420472|2715, 1420460|2782, 1420460|2870, 1420456|2954, 1420456|3037, 1420448|3102, 1420428|3152, 1420416|3249, 1420408|3363, 1420408|3396, 1420392|3467, 1420392|3523, 1420484|3589, 1420484|4020, com.tripadvisor.tripadvisor, 
1420488|1, 1420488|903, 1420508|962, 1420508|1154, 1420504|1214, 1420504|1940, 1420556|1975, 1420560|2027, 1420560|2900, 1420564|2950, 1420564|4012, at.DiTronic.androidgroup.randomgallery, 
1420560|1, 1420560|329, 1420564|378, 1420564|1208, 1420560|1281, 1420568|1338, 1420564|1392, 1420564|1522, 1420560|1571, 1420560|1762, 1420556|1821, 1420556|1880, 1420996|1967, 1420996|2134, 1421216|2203, 1421216|2335, 1420964|2392, 1420964|2605, 1420744|2660, 1420744|3312, 1420760|3394, 1420760|3823, 1421200|3931, 1421200|4022, com.csst.ecdict, 
1420652|1, 1420652|738, 1420640|786, 1420640|949, 1420652|1002, 1420656|1119, 1420656|1236, 1420648|1309, 1420648|1947, 1420676|2013, 1420660|2149, 1420652|2230, 1420600|2317, 1420592|2420, 1420592|2541, 1420788|2678, 1420788|2957, 1420812|3015, 1420812|3277, 1409808|3330, 1352608|3384, 1340288|3429, 1340948|3465, 1341824|3517, 1342916|3578, 1343796|3631, 1344456|3674, 1345776|3727, 1346876|3778, 1347536|3821, 1348196|3858, 1349296|3915, 1350176|3965, 1351164|4016, com.antutu.ABenchMark, 
1420656|1, 1420656|431, 1420664|509, 1420880|563, 1420880|623, 1420868|681, 1420868|1089, 1420864|1213, 1420860|1330, 1421008|1466, 1421004|1564, 1421004|2087, 1420984|2134, 1420976|2223, 1420976|2340, 1420972|2425, 1420948|2476, 1382652|2600, 1339972|2668, 1340176|2736, 1341264|2803, 1341920|2866, 1342792|2930, 1343452|2975, 1344332|3035, 1345652|3099, 1346960|3174, 1347400|3209, 1348060|3251, 1348940|3300, 1349820|3366, 1350700|3412, 1351312|3450, 1352408|3508, 1353732|3567, 1354472|3633, 1354912|3671, 1355792|3725, 1356672|3786, 1357332|3835, 1357992|3879, 1358432|3922, 1359972|3991, 1360632|4055, com.paypal.android.p2pmobile, 
1420992|1, 1420992|620, 1420988|704, 1420988|815, 1420992|862, 1420992|1143, 1420984|1206, 1420984|1774, 1420952|1855, 1420960|1923, 1420960|2082, 1420952|2176, 1420952|2383, 1420940|2474, 1420940|2570, 1409276|2676, 1359996|2756, 1340192|2817, 1340888|2881, 1341760|2954, 1342416|3009, 1342856|3053, 1343736|3116, 1344396|3183, 1345716|3237, 1346376|3274, 1347036|3320, 1348124|3392, 1348784|3450, 1349444|3489, 1350100|3533, 1350760|3591, 1351860|3658, 1352808|3705, 1353696|3752, 1354436|3831, 1355416|3892, 1355856|3934, 1356736|3986, 1357836|4092, com.paypal.android.p2pmobile, 
1420688|1, 1420692|263, 1420692|982, 1420712|1064, 1420724|1146, 1420724|1519, 1420720|1650, 1420720|1920, 1420732|2072, 1420736|2202, 1420736|2945, 1420552|3078, 1420552|4009, com.whatsapp, 
1420760|1, 1420760|395, 1420772|450, 1420772|1408, 1420776|1521, 1420760|1632, 1420752|1730, 1420724|1878, 1420724|2366, 1420816|2454, 1420816|3043, 1420804|3230, 1420796|3352, 1420784|3447, 1420792|3543, 1420776|3652, 1420776|3772, 1420744|3895, 1420736|4114, com.tripadvisor.tripadvisor, 
1420832|1, 1420832|202, 1420820|278, 1420820|2238, 1423876|2477, 1422552|2583, 1422312|2764, 1378300|2969, 1342000|3157, 1342516|3320, 1343384|3476, 1343796|3615, 1344192|3724, 1345060|3869, 1345932|4063, com.booking, 
1396756|1, 1396756|611, 1396752|702, 1396752|790, 1396756|862, 1396832|922, 1396832|1753, 1396828|1876, 1396828|2813, 1396868|2898, 1396868|3797, 1396876|3872, 1396876|4004, at.DiTronic.androidgroup.randomgallery, 
1396888|1, 1396888|546, 1396896|627, 1396888|693, 1396888|1580, 1396896|1760, 1396896|1881, 1350024|2016, 1342984|2132, 1344084|2247, 1344744|2315, 1345404|2373, 1346064|2458, 1347164|2544, 1348328|2626, 1349208|2683, 1349868|2763, 1350748|2845, 1352068|2964, 1352508|3018, 1353168|3081, 1354048|3162, 1355588|3246, 1356248|3316, 1356908|3367, 1357788|3449, 1359108|3565, 1359840|3642, 1360500|3691, 1361380|3758, 1362480|3833, 1363140|3910, 1364020|3970, 1364680|4020, com.facebook.katana, 
1422704|1, 1422704|584, 1422708|622, 1422708|1227, 1422704|1311, 1422684|1410, 1422668|1459, 1422656|1510, 1422656|1568, 1422692|1623, 1422692|1711, 1422720|1773, 1422712|1844, 1422712|2588, 1422724|2644, 1422724|2704, 1422712|2765, 1422708|2815, 1422708|2888, 1422696|3014, 1422696|3067, 1422680|3121, 1422672|3201, 1422648|3302, 1422624|3381, 1422624|3470, 1422640|3598, 1422664|3653, 1422564|3695, 1422564|4026, com.tripadvisor.tripadvisor, 
1422696|1, 1422696|595, 1422692|650, 1422692|783, 1422696|829, 1422696|1123, 1422684|1223, 1422668|1276, 1422664|1355, 1422664|1445, 1422660|1516, 1422652|1598, 1422652|1730, 1422708|1848, 1422916|1986, 1422908|2047, 1422888|2133, 1422848|2298, 1422848|2344, 1422828|2405, 1422828|2788, 1422844|2891, 1422844|3171, 1422840|3228, 1422840|3802, 1422856|3868, 1422856|4023, com.cnn.mobile.android.phone, 
1422724|1, 1422724|170, 1422728|202, 1422728|658, 1422724|703, 1422724|1064, 1422720|1114, 1422720|1167, 1422736|1212, 1422732|1283, 1422732|2068, 1422796|2178, 1422796|3159, 1422800|3202, 1422800|4010, at.DiTronic.androidgroup.randomgallery, 
1422840|1, 1422840|624, 1422848|673, 1422844|715, 1422844|1125, 1422840|1198, 1422840|1238, 1422828|1290, 1423048|1351, 1419288|1419, 1385624|1470, 1342280|1553, 1343992|1657, 1344420|1738, 1345072|1824, 1345728|1881, 1346360|1959, 1346564|2043, 1347444|2140, 1348536|2279, 1349616|2433, 1350696|2516, 1351372|2620, 1352484|2685, 1353360|2746, 1353348|2799, 1354432|2936, 1355728|3079, 1357036|3178, 1357696|3249, 1357696|3441, 1358128|3518, 1359228|3575, 1359888|3615, 1361060|3678, 1361940|3735, 1362600|3784, 1363260|3822, 1363700|3861, 1364580|3923, 1365460|3991, 1366340|4030, com.booking, 
1428752|1, 1428752|353, 1428872|388, 1428872|1233, 1428852|1307, 1428852|1358, 1425288|1451, 1347408|1555, 1343888|1658, 1344328|1716, 1345420|1834, 1346500|1960, 1347124|2030, 1347564|2087, 1349544|2251, 1350876|2370, 1351716|2486, 1352568|2577, 1353436|2689, 1353876|2740, 1354304|2803, 1355604|2898, 1356476|2997, 1357356|3092, 1357576|3193, 1357576|3318, 1358068|3360, 1359356|3425, 1360228|3516, 1361108|3577, 1361548|3612, 1362208|3661, 1363308|3720, 1363968|3775, 1364628|3813, 1365508|3864, 1366608|3913, 1367708|3964, 1369688|4039, com.booking, 
1424384|1, 1424384|826, 1424392|934, 1424392|1474, 1424348|1527, 1424348|1759, 1424564|1823, 1424832|1903, 1424832|2085, 1424604|2145, 1424604|2202, 1424824|2315, 1424824|2493, 1424744|2558, 1424744|2828, 1424588|2877, 1424588|3488, 1424884|3567, 1424588|3617, 1424588|3805, 1424760|3853, 1424776|3890, 1424628|3951, 1424628|4013, com.csst.ecdict, 
1424420|1, 1424420|405, 1424428|440, 1424432|495, 1424432|701, 1424428|758, 1424428|1382, 1424440|1447, 1424440|1496, 1424436|1626, 1424436|2016, 1424656|2087, 1424656|2373, 1424720|2429, 1424788|2492, 1424712|2553, 1424712|2644, 1425372|2757, 1425592|2856, 1425152|2902, 1424712|2956, 1424712|3140, 1425372|3197, 1425812|3262, 1425812|3407, 1425980|3484, 1431368|3603, 1433516|3671, 1433516|3718, 1431588|3813, 1430268|3899, 1430268|3941, 1429608|3996, 1429388|4073, com.android.chrome, 
1416256|1, 1416256|611, 1416240|683, 1416236|750, 1416236|807, 1416244|849, 1416264|905, 1416264|1398, 1416260|1483, 1416260|1632, 1416212|1733, 1416208|1818, 1416280|1874, 1416280|2008, 1416268|2104, 1416268|2555, 1416244|2619, 1416240|2728, 1416240|2805, 1416468|2882, 1416464|2936, 1416464|3427, 1416684|3543, 1416684|3821, 1416672|3889, 1416672|4073, com.dropbox.android, 
1416304|1, 1416304|228, 1416308|266, 1416308|1372, 1416304|1529, 1416300|1614, 1416300|1687, 1416296|1888, 1416296|2198, 1416340|2308, 1416336|2425, 1416336|2684, 1416332|2741, 1416332|3177, 1416384|3242, 1416312|3305, 1416312|4023, com.github.shadowsocks, 
1416328|1, 1416328|563, 1416340|630, 1416340|768, 1416336|810, 1416336|1099, 1416328|1152, 1416340|1235, 1416332|1315, 1416304|1384, 1416304|1540, 1416340|1625, 1416324|1737, 1416324|1822, 1417204|1905, 1417196|2009, 1417176|2104, 1417176|2240, 1417340|2384, 1417332|2478, 1417332|2522, 1417384|2584, 1417384|2733, 1417380|2792, 1417380|3064, 1417364|3157, 1417364|3278, 1417352|3333, 1417344|3385, 1417344|3551, 1417360|3636, 1417356|3690, 1417360|3747, 1417360|3800, 1417356|3878, 1417356|4053, com.cnn.mobile.android.phone, 
1417252|1, 1417252|668, 1417248|729, 1417248|775, 1417252|818, 1417248|889, 1417248|1196, 1417244|1308, 1417240|1419, 1417236|1488, 1417236|1672, 1417252|1838, 1417256|1973, 1417256|2227, 1417252|2354, 1417248|2507, 1417248|2602, 1396344|2711, 1336312|2837, 1336516|2962, 1337176|3068, 1338256|3165, 1338908|3237, 1339568|3313, 1340668|3412, 1341988|3486, 1343088|3552, 1343524|3596, 1343960|3641, 1344840|3707, 1345500|3770, 1346296|3828, 1347120|3867, 1347780|3927, 1349100|3994, 1350200|4071, com.paypal.android.p2pmobile, 
1416936|1, 1416936|207, 1416948|295, 1416948|763, 1416940|858, 1416940|1230, 1416976|1290, 1416976|1432, 1416972|1509, 1416972|1849, 1416968|1918, 1416968|2245, 1417052|2311, 1417052|3257, 1417048|3327, 1417048|4026, com.google.android.deskclock, 
1417044|1, 1417044|571, 1417048|631, 1417048|1515, 1417068|1637, 1417068|1762, 1417280|1914, 1417280|2021, 1416836|2198, 1416836|2345, 1417056|2411, 1417056|2544, 1417132|2612, 1417140|2663, 1417104|2708, 1417104|2775, 1417096|2847, 1417096|2957, 1417536|3024, 1417536|3108, 1418196|3197, 1418196|3265, 1417976|3323, 1419076|3401, 1417756|3476, 1417756|3582, 1418420|3655, 1418640|3719, 1418640|3845, 1418788|3942, 1418788|4017, com.android.chrome, 
1393168|1, 1393168|631, 1393164|686, 1393164|879, 1393168|950, 1393168|1202, 1393140|1259, 1393136|1344, 1393128|1439, 1393120|1497, 1393112|1625, 1393100|1753, 1393052|1845, 1393052|1911, 1393416|2000, 1393392|2090, 1393384|2158, 1393384|2513, 1393568|2786, 1393356|3271, 1393308|4212, com.Slack, 
1393648|1, 1393648|421, 1393656|469, 1393656|762, 1393652|817, 1393652|983, 1397608|1121, 1397820|1178, 1397820|1302, 1397816|1353, 1397832|1442, 1397788|1555, 1397788|1839, 1397784|1901, 1397784|2245, 1397760|2353, 1397760|2413, 1397728|2494, 1397504|2624, 1339644|2751, 1317204|2816, 1318296|2922, 1319160|3007, 1319820|3063, 1320472|3112, 1321132|3177, 1322440|3253, 1323540|3315, 1324200|3352, 1325080|3414, 1325828|3470, 1326704|3539, 1327364|3576, 1327804|3622, 1328904|3692, 1330224|3756, 1331544|3981, 1332284|4030, com.paypal.android.p2pmobile, 
1398108|1, 1398100|206, 1398100|812, 1398124|882, 1398168|957, 1398168|1803, 1398164|1842, 1398244|1904, 1398244|2834, 1398248|2887, 1398244|2935, 1398244|3876, 1398252|3943, 1398252|4013, com.google.android.deskclock, 
1398244|1, 1398244|416, 1398256|473, 1398256|717, 1398252|775, 1398252|1220, 1398248|1289, 1398248|1415, 1398256|1475, 1398256|2043, 1398252|2088, 1398252|2153, 1398248|2247, 1398248|2404, 1398164|2452, 1398164|2978, 1398160|3033, 1398160|3436, 1398164|3492, 1398164|4042, com.google.android.apps.photos, 
1398168|1, 1398168|971, 1398172|1052, 1398160|1116, 1398380|1153, 1398380|1353, 1399260|1398, 1399260|1633, 1399256|1687, 1399256|1934, 1399440|1987, 1399448|2052, 1399448|3162, 1399356|3224, 1399356|3279, 1400236|3353, 1400236|3444, 1400228|3498, 1400328|4001, com.skype.raider, 
1400260|1, 1400260|510, 1400280|554, 1400280|752, 1400272|800, 1400268|854, 1400268|1137, 1400264|1205, 1400260|1249, 1400260|1429, 1400244|1492, 1400288|1572, 1400288|2009, 1400500|2068, 1400500|2453, 1400460|2507, 1400460|2854, 1400452|2903, 1400452|3775, 1400460|3816, 1400460|4017, com.google.android.apps.photos, 
1400468|1, 1400468|990, 1400472|1108, 1400472|1245, 1400468|1324, 1400460|1422, 1400460|1518, 1400440|1614, 1400440|1764, 1400428|1834, 1400404|1960, 1400396|2023, 1400396|2061, 1400512|2119, 1400512|2183, 1400492|2256, 1400492|2778, 1400488|2862, 1400484|2931, 1400484|2997, 1400492|3076, 1400488|4027, com.Slack, 
1400492|1, 1400492|705, 1400488|741, 1400488|1201, 1400484|1308, 1400484|1431, 1400496|1513, 1400496|1744, 1400276|1793, 1400276|2389, 1400280|2450, 1400324|2519, 1400324|2618, 1400332|2685, 1400332|3394, 1400324|3445, 1400324|4037, com.whatsapp, 
1400492|1, 1400492|1124, 1400488|1194, 1400488|1348, 1400556|1436, 1400556|1825, 1400552|1908, 1400536|1978, 1400520|2124, 1400496|2211, 1400496|2299, 1400576|2386, 1400576|2678, 1400796|2799, 1400796|3118, 1379648|3182, 1333448|3261, 1320208|3341, 1321344|3406, 1322004|3466, 1322656|3508, 1323316|3562, 1324192|3622, 1325732|3681, 1326612|3726, 1327272|3769, 1328152|3829, 1329032|3883, 1329912|3934, 1330572|3974, 1331232|4011, com.antutu.ABenchMark, 
1400264|1, 1400264|841, 1400260|877, 1400480|916, 1400476|981, 1400536|1079, 1400528|1252, 1400544|1342, 1400544|1413, 1400536|1553, 1400532|1680, 1400528|1738, 1400524|1797, 1400680|1973, 1400768|2098, 1400752|2157, 1400748|2271, 1400736|2401, 1400736|2459, 1400740|2556, 1400740|2981, 1400752|3022, 1400748|3078, 1400736|3136, 1400736|3232, 1400752|3267, 1400752|3379, 1400748|3462, 1400756|4027, com.cnn.mobile.android.phone, 
1401120|1, 1401124|318, 1401124|1045, 1401120|1121, 1401104|1165, 1401120|1238, 1401096|1342, 1401096|1408, 1401072|1488, 1401048|1588, 1401036|1704, 1401036|2201, 1401164|2264, 1401164|3230, 1401172|3271, 1401172|4031, com.Slack, 
1401168|1, 1401168|704, 1401164|753, 1401164|798, 1401168|832, 1401176|891, 1401176|1042, 1401164|1107, 1401156|1152, 1401360|1221, 1401360|1600, 1401340|1645, 1401340|1705, 1401336|1770, 1401336|1824, 1401196|1881, 1401196|2518, 1401184|2635, 1401180|2761, 1401148|2826, 1401160|2924, 1401156|3035, 1401144|3121, 1401132|3161, 1401124|3256, 1400884|3364, 1401088|3467, 1401088|3783, 1401168|3836, 1401192|3889, 1401192|4036, com.tripadvisor.tripadvisor, 
1401192|1, 1401192|1230, 1401188|1315, 1401188|1357, 1401180|1430, 1401180|1512, 1401172|1598, 1401172|2161, 1401200|2288, 1401196|2354, 1401196|2512, 1401192|2581, 1401192|3394, 1401200|3443, 1401200|4004, com.github.shadowsocks, 
1401208|1, 1401208|617, 1401204|681, 1401204|1175, 1401196|1248, 1401196|1461, 1401212|1543, 1401236|1614, 1401236|1715, 1401012|1797, 1401012|2485, 1401024|2553, 1401056|2601, 1401056|2778, 1401052|2852, 1401048|2891, 1401048|3540, 1401056|3613, 1401056|4029, com.whatsapp, 
1401252|1, 1401252|342, 1401248|388, 1401248|554, 1401252|590, 1401252|684, 1401256|743, 1401256|1340, 1401252|1420, 1401252|1529, 1401264|1586, 1401264|1911, 1401260|1995, 1401260|2108, 1401256|2161, 1401256|2312, 1401264|2352, 1401264|4016, com.github.shadowsocks, 
1401260|1, 1401260|706, 1401256|745, 1401256|1058, 1401264|1127, 1401264|2099, 1401308|2171, 1401308|3066, 1401312|3112, 1401312|4025, at.DiTronic.androidgroup.randomgallery, 
1401344|1, 1401344|639, 1401352|684, 1401352|732, 1401348|784, 1401348|1162, 1401344|1224, 1401344|1647, 1401364|1712, 1401144|1772, 1401144|2055, 1401148|2097, 1401148|2650, 1401184|2701, 1401184|3638, 1401180|3686, 1401180|4016, com.whatsapp, 
1401376|1, 1401376|670, 1401380|720, 1401384|754, 1401384|1123, 1401372|1250, 1401348|1328, 1401340|1393, 1401328|1470, 1401288|1551, 1401400|1656, 1401372|1722, 1401424|1788, 1401424|2500, 1401420|2562, 1401420|2701, 1401428|2771, 1401428|3695, 1401432|3740, 1401432|4012, com.Slack, 
1401400|1, 1401400|301, 1401404|355, 1401404|1186, 1401396|1253, 1401396|1309, 1401420|1383, 1401420|1457, 1401640|1575, 1401640|1784, 1401860|1858, 1401860|1989, 1402080|2040, 1402960|2101, 1402960|2303, 1404028|2366, 1404028|2590, 1403648|2668, 1399516|2753, 1399076|2810, 1395536|2890, 1392896|2964, 1392456|3033, 1392456|3081, 1392236|3146, 1391576|3241, 1391576|3305, 1391120|3352, 1391120|4049, com.sometimeswefly.littlealchemy, 
1388948|1, 1388948|896, 1388916|998, 1388916|1440, 1390228|1598, 1389128|1657, 1389128|1774, 1389216|1819, 1389216|1856, 1389224|1915, 1389224|2469, 1389664|2537, 1389884|2588, 1389884|2664, 1389224|2730, 1389224|2783, 1389200|2829, 1389200|2927, 1389860|2984, 1390300|3029, 1390520|3072, 1390520|3273, 1396460|3350, 1395580|3423, 1395580|3478, 1396460|3540, 1397780|3598, 1397780|3723, 1397832|3792, 1397840|3835, 1397840|4002, com.android.chrome, 
1388668|1, 1388668|294, 1388672|342, 1388672|1164, 1388668|1208, 1388668|1321, 1388676|1376, 1388676|1710, 1388456|1778, 1388456|1841, 1388452|1877, 1388452|1943, 1388420|2006, 1388420|2267, 1388424|2317, 1388504|2355, 1388504|2894, 1388500|2949, 1388500|3308, 1388508|3349, 1388508|4028, com.whatsapp, 
1388708|1, 1388708|459, 1388704|515, 1388724|551, 1388724|1439, 1388756|1555, 1388752|1625, 1388752|1944, 1388748|1986, 1388748|2173, 1388720|2231, 1388720|2426, 1388684|2513, 1359004|2576, 1309064|2661, 1308404|2752, 1309052|2814, 1309708|2863, 1310808|2924, 1311468|2981, 1312128|3031, 1313008|3069, 1314108|3126, 1315208|3186, 1315868|3238, 1316748|3282, 1317188|3315, 1318068|3362, 1319168|3417, 1320268|3471, 1321376|3521, 1321912|3556, 1322132|3607, 1322132|3838, 1322860|3894, 1323896|3953, 1324784|3998, 1325524|4034, com.paypal.android.p2pmobile, 
1388624|1, 1388760|198, 1388760|443, 1394040|532, 1394920|587, 1394920|992, 1394916|1060, 1394940|1104, 1394940|1184, 1394936|1235, 1394936|1528, 1395156|1630, 1395156|1864, 1395376|1945, 1395816|2003, 1395872|2059, 1395968|2115, 1396628|2187, 1396628|2353, 1397728|2424, 1397728|2833, 1397720|2898, 1397280|2956, 1397208|3059, 1397124|3142, 1397124|3599, 1397132|3657, 1397132|4001, com.sometimeswefly.littlealchemy, 
1394956|1, 1394956|567, 1394960|649, 1394960|1504, 1395000|1583, 1395000|2550, 1395004|2605, 1395004|3529, 1395024|3590, 1395024|4031, com.skype.raider, 
1395016|1, 1395016|638, 1395008|706, 1394988|765, 1394980|811, 1394972|858, 1394972|967, 1395016|1072, 1395016|1979, 1395056|2052, 1395056|2977, 1395052|3020, 1395052|3654, 1395048|3709, 1395044|3776, 1395056|4059, com.skype.raider, 
1395096|1, 1395096|605, 1395092|669, 1395092|712, 1395088|781, 1395076|840, 1395072|910, 1395072|1274, 1395088|1322, 1395092|1439, 1395092|1753, 1395088|1828, 1395088|1901, 1394868|1988, 1394868|2286, 1394908|2329, 1394908|2443, 1394912|2516, 1394912|2815, 1394904|2895, 1394904|3240, 1394912|3305, 1394916|3349, 1394916|4003, com.whatsapp, 
1395108|1, 1395108|172, 1395116|229, 1395116|1201, 1395128|1292, 1395128|1480, 1395112|1569, 1395112|1637, 1395104|1727, 1366500|1836, 1337460|1929, 1308412|2027, 1308844|2106, 1309540|2206, 1310160|2308, 1311468|2489, 1312060|2591, 1312920|2701, 1314232|2774, 1315328|2864, 1316208|2907, 1316428|2962, 1318188|3106, 1318848|3168, 1319624|3221, 1320064|3262, 1321384|3326, 1322264|3386, 1322704|3435, 1323584|3482, 1324024|3536, 1324904|3607, 1325784|3686, 1326664|3753, 1327324|3799, 1328204|3856, 1328864|3921, 1329964|3985, 1330844|4053, com.ted.android, 
1388704|1, 1388704|576, 1388700|614, 1388700|1055, 1388696|1233, 1388704|1385, 1388704|1706, 1388484|1809, 1388484|2205, 1388544|2271, 1388544|2769, 1388540|2831, 1388540|3226, 1388544|3286, 1388544|4014, com.whatsapp, 
1388744|1, 1388744|275, 1388748|345, 1388748|1243, 1388752|1297, 1388748|1341, 1388744|1408, 1388744|2159, 1388724|2251, 1388756|2336, 1388756|4030, com.google.android.apps.photos, 
1388884|1, 1388884|740, 1388896|795, 1388896|1134, 1388892|1195, 1388892|1723, 1388908|1808, 1388908|1871, 1388896|1999, 1389112|2121, 1389084|2227, 1389060|2329, 1389060|2677, 1389064|2762, 1389072|2955, 1389072|3480, 1389284|3562, 1374536|3615, 1338456|3656, 1308756|3718, 1309600|3798, 1310480|3861, 1311136|3904, 1311796|3959, 1312676|4026, com.antutu.ABenchMark, 
1379932|1, 1380812|272, 1380928|375, 1380928|583, 1380924|699, 1385984|800, 1389064|874, 1389064|998, 1389048|1158, 1389064|1269, 1389032|1352, 1389032|2217, 1389048|2275, 1389048|2604, 1389044|2713, 1389044|2780, 1389036|2846, 1389036|3099, 1389020|3166, 1389000|3238, 1389136|3338, 1389112|3430, 1389096|3500, 1389096|4019, com.tripadvisor.tripadvisor, 
1389048|1, 1389048|585, 1389052|647, 1389052|1269, 1389048|1310, 1389048|1394, 1347464|1480, 1308508|1553, 1309168|1594, 1310460|1677, 1311340|1742, 1312220|1818, 1312880|1871, 1313760|1915, 1315080|1985, 1315960|2045, 1316620|2101, 1317280|2145, 1317940|2184, 1318820|2246, 1319700|2306, 1320360|2365, 1321680|2421, 1322340|2462, 1323220|2527, 1324100|2584, 1324856|2639, 1325740|2698, 1326400|2740, 1327280|2810, 1328820|2891, 1329700|2963, 1330800|3025, 1331680|3067, 1332560|3117, 1333660|3185, 1335200|3243, 1336080|3297, 1336960|3350, 1337180|3498, 1338720|3546, 1340204|3615, 1341592|3683, 1342332|3742, 1342924|3785, 1343516|3831, 1344404|3891, 1345288|3953, 1346768|4020, com.facebook.katana, 
1389364|1, 1389364|152, 1389368|207, 1389368|1125, 1389372|1205, 1389372|1284, 1348448|1372, 1311224|1413, 1309024|1478, 1309684|1546, 1310344|1611, 1311224|1661, 1311664|1702, 1312324|1757, 1313204|1815, 1314304|1877, 1314960|1929, 1315620|1966, 1316280|2013, 1316940|2070, 1317792|2128, 1318668|2187, 1319108|2224, 1319768|2268, 1320428|2324, 1321748|2384, 1322408|2438, 1322848|2482, 1323508|2524, 1324168|2578, 1325268|2630, 1326148|2690, 1326588|2731, 1327248|2767, 1328348|2820, 1329008|2875, 1329668|2929, 1330548|2982, 1331208|3018, 1331868|3060, 1332748|3119, 1334232|3176, 1335416|3232, 1335860|3268, 1336452|3302, 1337488|3465, 1339856|3505, 1341336|3564, 1342224|3627, 1343112|3688, 1343852|3746, 1344296|3785, 1344888|3830, 1346368|3891, 1347108|3950, 1347996|4010, com.facebook.katana, 
1389464|1, 1389464|560, 1389476|616, 1389484|675, 1389484|936, 1389456|1025, 1389444|1099, 1389428|1155, 1389440|1233, 1389440|1299, 1389432|1371, 1389424|1445, 1389632|1535, 1389540|1623, 1389536|1765, 1389536|1967, 1389732|2098, 1389728|2189, 1389704|2265, 1389704|2439, 1389688|2525, 1389688|2597, 1389720|2675, 1389692|2762, 1389692|2928, 1389684|2982, 1389684|3452, 1389692|3531, 1389668|3593, 1389732|3646, 1389736|3718, 1389724|3782, 1389724|4037, com.cnn.mobile.android.phone, 
1390020|1, 1390020|1047, 1390032|1108, 1390032|2024, 1390076|2084, 1390076|2299, 1390072|2351, 1390072|3039, 1390076|3096, 1390076|3485, 1390072|3526, 1390080|4045, com.skype.raider, 
1390136|1, 1390136|577, 1390148|634, 1390148|698, 1390144|756, 1390136|801, 1390132|848, 1390132|1168, 1390128|1272, 1390128|1339, 1390124|1456, 1390124|1583, 1390156|1670, 1390156|1771, 1390152|1881, 1390152|2003, 1390372|2111, 1390372|2288, 1390592|2347, 1390372|2431, 1390372|2536, 1390364|2593, 1390344|2651, 1390344|3298, 1390312|3350, 1390460|3441, 1390460|3575, 1390408|3625, 1390408|3726, 1390356|3759, 1390356|4004, com.csst.ecdict, 
1390172|1, 1390172|678, 1390168|729, 1390168|1032, 1390172|1134, 1390172|1183, 1390164|1247, 1390164|2018, 1390528|2105, 1390528|2415, 1390308|2456, 1390304|2516, 1390304|2863, 1390524|2935, 1390524|3018, 1390360|3069, 1390360|4035, com.csst.ecdict, 
1390176|1, 1390176|718, 1390172|777, 1390172|1239, 1390168|1282, 1390168|1540, 1390172|1604, 1390248|1702, 1390248|1775, 1390240|1839, 1390240|2542, 1390248|2632, 1390248|3625, 1390260|3673, 1390260|4077, com.google.android.deskclock, 
1390252|1, 1390252|103, 1390256|160, 1390256|729, 1390252|785, 1390252|1081, 1390264|1164, 1390264|1269, 1390260|1361, 1390260|1448, 1390256|1523, 1390256|1588, 1346032|1671, 1309732|1756, 1310172|1840, 1310808|1898, 1311900|1989, 1312772|2095, 1313136|2177, 1314012|2267, 1315092|2347, 1316392|2439, 1317052|2504, 1317712|2562, 1318812|2652, 1319692|2724, 1320352|2758, 1321232|2825, 1322552|2888, 1323212|3229, 1323800|3275, 1324392|3322, 1325280|3384, 1326168|3438, 1327056|3488, 1327500|3521, 1328092|3561, 1329424|3615, 1330164|3670, 1331200|3722, 1331940|3757, 1332820|3800, 1333708|3855, 1335188|3905, 1336520|3959, 1337112|3993, 1337556|4034, com.ted.android, 
1390640|1, 1390640|1019, 1390636|1084, 1390636|1273, 1390788|1369, 1390788|1558, 1390780|1657, 1391220|1729, 1391000|1776, 1391220|1833, 1392100|1913, 1392100|2096, 1392760|2167, 1393420|2230, 1393420|2282, 1393316|2323, 1393316|2548, 1393308|2612, 1393296|2666, 1393296|2851, 1392856|2911, 1392856|3267, 1392828|3326, 1392828|4005, com.sometimeswefly.littlealchemy, 
1390592|1, 1390592|859, 1390588|928, 1390608|1019, 1390608|1409, 1390828|1510, 1390828|1764, 1390824|1848, 1391264|1897, 1391400|1939, 1391400|2010, 1392720|2071, 1392280|2139, 1392280|2316, 1393380|2380, 1393380|2669, 1393600|2739, 1393600|2813, 1393580|2895, 1393312|2979, 1393312|3352, 1392872|3406, 1392872|3462, 1392812|3520, 1392812|3910, 1392820|3973, 1392820|4041, com.sometimeswefly.littlealchemy, 
1390644|1, 1390644|1156, 1390640|1218, 1390612|1275, 1390656|1378, 1390648|1452, 1390648|1589, 1390624|1667, 1390600|1789, 1390584|1875, 1390572|2076, 1390572|2338, 1390692|2431, 1390844|2814, 1390404|3240, 1390416|3449, 1390416|4018, com.Slack, 
1390848|1, 1390848|836, 1393912|955, 1395012|1014, 1395012|1888, 1395028|1952, 1395028|2876, 1395024|2933, 1395024|3893, 1395028|3949, 1395028|4026, com.google.android.deskclock, 
1395020|1, 1395020|507, 1395024|550, 1395024|646, 1395020|707, 1395020|1228, 1395016|1317, 1395016|1424, 1360064|1492, 1314204|1573, 1314864|1644, 1315744|1698, 1316404|1740, 1317064|1787, 1317944|1846, 1319044|1903, 1320144|1953, 1321024|1990, 1321684|2046, 1322564|2100, 1323444|2150, 1324104|2195, 1324764|2231, 1325644|2277, 1326744|2333, 1327844|2386, 1328284|2439, 1328944|2473, 1329780|2526, 1330884|2579, 1331764|2635, 1332424|2677, 1333084|2711, 1334184|2762, 1335064|2812, 1336164|2867, 1337044|2913, 1337704|2947, 1338364|2987, 1340124|3037, 1341224|3093, 1341884|3139, 1342764|3181, 1348044|3437, 1348808|3488, 1349692|3542, 1350572|3591, 1351892|3643, 1352552|3679, 1353212|3731, 1354092|3784, 1355192|3844, 1356072|3903, 1358272|3973, 1362672|4232, com.facebook.katana, 
1395052|1, 1395052|906, 1395056|952, 1395056|1366, 1395052|1422, 1395052|1504, 1395048|1629, 1395048|1881, 1395060|1970, 1395052|2051, 1395052|2335, 1395264|2438, 1395244|2502, 1395244|2585, 1395240|2671, 1395240|2833, 1395376|2931, 1395376|3841, 1395384|3907, 1395480|3979, 1395480|4045, com.dropbox.android, 
1395024|1, 1395024|709, 1395020|751, 1395020|1217, 1395028|1266, 1395028|1808, 1395020|1863, 1395020|2222, 1395104|2274, 1395104|3188, 1395100|3242, 1395104|3315, 1395104|4003, com.google.android.deskclock, 
1395100|1, 1395100|1109, 1395096|1172, 1395096|1637, 1395140|1717, 1395140|2679, 1395148|2735, 1395148|3375, 1395136|3431, 1395136|3618, 1395144|3683, 1395156|3742, 1395156|4044, com.skype.raider, 
1396568|1, 1396568|304, 1396576|354, 1396576|721, 1396572|779, 1396560|823, 1396552|864, 1396544|949, 1396544|1287, 1396704|1371, 1396704|1738, 1396924|1788, 1397360|1874, 1397360|1944, 1398240|2009, 1398240|2241, 1398944|2314, 1397252|2364, 1389864|2421, 1388104|2484, 1387444|2539, 1386784|2590, 1386784|2640, 1385024|2725, 1384992|2789, 1384992|2894, 1384988|2966, 1384988|3295, 1384568|3342, 1384568|4009, com.sometimeswefly.littlealchemy, 
1382260|1, 1382260|812, 1382324|888, 1382324|1070, 1382320|1125, 1382320|1791, 1382340|1852, 1382368|1922, 1382368|2800, 1382364|2858, 1382364|3368, 1382352|3420, 1382352|3818, 1382364|3869, 1382364|3919, 1382376|3952, 1382376|4001, com.skype.raider, 
1382380|1, 1382380|324, 1382384|376, 1382384|680, 1382380|724, 1382376|760, 1382368|816, 1382368|1069, 1382356|1148, 1382356|1280, 1382392|1374, 1382392|1713, 1382388|1829, 1382376|1906, 1382360|2021, 1382360|2098, 1382344|2208, 1382332|2289, 1382392|2364, 1382416|2417, 1382412|2500, 1382412|2601, 1382632|2728, 1382632|3133, 1382620|3200, 1373816|3266, 1332016|3321, 1301784|3384, 1302444|3431, 1303100|3474, 1304180|3551, 1305276|3615, 1305716|3655, 1306596|3695, 1307916|3751, 1308796|3803, 1309456|3857, 1310116|3891, 1310776|3933, 1311656|3984, 1312536|4040, com.antutu.ABenchMark, 
1382048|1, 1382028|238, 1382028|739, 1382024|1008, 1382104|1298, 1382096|1698, 1382096|1958, 1382108|2039, 1382084|2197, 1382068|2340, 1382068|2414, 1382040|2519, 1382012|2645, 1382012|2793, 1382008|2913, 1382008|2977, 1382252|3090, 1382236|3224, 1382236|3515, 1382232|3595, 1382232|3939, 1354288|3982, 1313344|4029, com.antutu.ABenchMark, 
1358840|1, 1360208|287, 1360648|418, 1361748|531, 1362188|664, 1362848|805, 1363508|953, 1363948|1073, 1364608|1178, 1365436|1420, 1366096|1599, 1367416|1796, 1368076|1930, 1368076|2059, 1368204|2224, 1368312|2336, 1368312|2523, 1368532|2677, 1368532|2857, 1368752|2971, 1368532|3053, 1368312|3168, 1368364|3271, 1368364|3872, 1368452|3975, 1368452|4068, com.csst.ecdict, 
1368180|1, 1368180|1660, 1368176|1867, 1368176|1987, 1368172|2069, 1368172|2270, 1368212|2425, 1368212|2565, 1368204|2645, 1368204|2871, 1368192|2997, 1368192|3313, 1368196|3434, 1368172|3540, 1368148|3657, 1368348|3798, 1368348|4048, com.dropbox.android, 
1368204|1, 1368204|1134, 1368212|1228, 1368212|1747, 1368208|1855, 1368208|1941, 1368200|2090, 1368216|2256, 1368216|3100, 1368660|3271, 1368660|3557, 1368652|3726, 1368432|3836, 1368652|4042, com.csst.ecdict, 
1368264|1, 1368264|964, 1368280|1064, 1368280|1158, 1368276|1231, 1368276|1797, 1368272|1913, 1368272|2233, 1341428|2332, 1301828|2513, 1302924|2690, 1303584|2880, 1304024|2980, 1304448|3134, 1305316|3365, 1306184|3540, 1307064|3654, 1307944|3735, 1308824|3831, 1309484|3920, 1311624|4152, com.ted.android, 
1374636|1, 1374636|707, 1374644|798, 1374644|1724, 1374648|1832, 1374648|2763, 1374876|2896, 1374860|2985, 1374848|3116, 1374824|3214, 1374824|3286, 1374820|3352, 1374820|3398, 1374956|3459, 1374956|3729, 1375172|3776, 1375200|3843, 1375200|4066, com.google.android.apps.photos, 
1375880|1, 1375880|632, 1375884|701, 1375884|1366, 1375880|1471, 1375880|1587, 1375884|1703, 1376096|1822, 1375876|1874, 1375864|1944, 1328344|2013, 1304364|2117, 1305244|2193, 1305684|2260, 1306564|2379, 1307216|2469, 1308092|2583, 1308752|2649, 1309292|2723, 1311468|2922, 1311892|3053, 1312740|3168, 1313372|3351, 1313808|3439, 1314456|3597, 1315528|3702, 1316184|3769, 1317700|3903, 1318580|4107, com.booking, 
1385004|1, 1385004|941, 1385016|991, 1385016|1279, 1385004|1348, 1385004|1805, 1384976|1915, 1385160|2015, 1385380|2183, 1385380|2405, 1385160|2480, 1385380|2565, 1385380|2782, 1385600|2856, 1385380|2922, 1385316|2964, 1385212|3017, 1385212|3420, 1385200|3498, 1385200|3916, 1385220|3982, 1385220|4069, com.csst.ecdict, 
1385032|1, 1385032|1186, 1385036|1238, 1385020|1309, 1385012|1404, 1384988|1494, 1384988|1645, 1384960|1740, 1384920|1855, 1384916|1914, 1384904|1978, 1384900|2057, 1384900|2181, 1385076|2229, 1385120|2313, 1385120|4007, com.Slack, 
1385124|1, 1385124|1692, 1385172|1750, 1385172|3712, 1385176|3768, 1385176|4035, at.DiTronic.androidgroup.randomgallery, 
1385172|1, 1385172|263, 1385192|313, 1385192|759, 1385188|811, 1385188|1246, 1385192|1283, 1385204|1344, 1385204|1854, 1385200|1892, 1385200|2235, 1385208|2288, 1385248|2341, 1385248|3316, 1385244|3368, 1385244|4032, com.google.android.deskclock, 
1385240|1, 1385240|728, 1385248|778, 1385248|1133, 1385244|1199, 1385244|1253, 1386116|1316, 1385456|1389, 1333496|1488, 1304624|1536, 1305064|1616, 1305724|1699, 1307016|1791, 1307896|1850, 1308524|1925, 1310268|2024, 1311556|2108, 1312216|2162, 1313312|2284, 1314396|2399, 1314836|2486, 1315488|2558, 1317696|2726, 1319160|3090, 1320004|3171, 1320868|3234, 1321740|3295, 1322620|3341, 1323280|3385, 1324600|3439, 1325480|3494, 1326800|3558, 1327680|3597, 1328780|3641, 1330100|3709, 1331372|3762, 1333572|3926, 1334892|4038, com.booking, 
1391704|1, 1391704|309, 1391664|361, 1391664|732, 1391656|770, 1391656|1301, 1391668|1385, 1371588|1495, 1304696|1586, 1305356|1673, 1306016|1784, 1306456|1859, 1307336|1942, 1308404|2042, 1308844|2103, 1310152|2178, 1312124|2294, 1312756|2409, 1313404|2484, 1314716|2612, 1316008|2741, 1317084|2850, 1318176|2906, 1319248|3273, 1319812|3357, 1320912|3429, 1322012|3487, 1322672|3527, 1323332|3577, 1324872|3640, 1325972|3704, 1327072|3767, 1327952|3804, 1328612|3841, 1330372|3925, 1331912|3989, 1332792|4130, com.booking, 
1385640|1, 1385640|703, 1385636|751, 1385636|887, 1385588|964, 1385588|1068, 1385584|1230, 1385584|1865, 1385620|1903, 1385628|1959, 1385628|3372, 1385620|3429, 1385620|3846, 1385640|3909, 1385640|4034, com.skype.raider, 
1385636|1, 1385636|405, 1385648|466, 1385648|731, 1385644|769, 1385640|814, 1385636|875, 1385636|1433, 1385672|1493, 1385672|1777, 1385668|1843, 1385668|2143, 1385664|2216, 1385660|2293, 1385656|2338, 1385640|2397, 1385640|2447, 1385660|2503, 1385660|2600, 1385668|2642, 1385668|2691, 1385740|2742, 1385740|3444, 1385744|3479, 1385744|4017, com.google.android.apps.photos, 
1385744|1, 1385744|863, 1385752|924, 1385752|1783, 1385764|1878, 1385760|2006, 1385748|2103, 1385732|2211, 1385724|2364, 1385724|2680, 1385944|2788, 1385916|2945, 1385908|3072, 1385908|3812, 1356344|3883, 1313444|3932, 1305300|3997, 1306400|4069, com.antutu.ABenchMark, 
1357552|1, 1358872|267, 1359972|378, 1360544|515, 1360984|645, 1361640|782, 1362080|919, 1362740|1049, 1363180|1200, 1363620|1501, 1365472|1727, 1365912|1850, 1366572|2035, 1367012|2326, 1366968|2436, 1366968|3003, 1367188|3102, 1367184|3188, 1367184|3359, 1367176|3417, 1367176|4031, com.google.android.apps.photos, 
1367176|1, 1367176|1687, 1367172|1832, 1367168|2076, 1367168|2201, 1367204|2332, 1367308|2456, 1367308|2655, 1367528|2806, 1367528|2992, 1367544|3130, 1367544|3220, 1367324|3317, 1367376|3447, 1367376|3838, 1367156|3948, 1367156|4038, com.csst.ecdict, 
1367212|1, 1367212|357, 1367216|425, 1367216|1256, 1367220|1398, 1367220|1514, 1367216|1595, 1367216|2347, 1367224|2428, 1367224|4026, at.DiTronic.androidgroup.randomgallery, 
1367220|1, 1367220|1350, 1367216|1404, 1367220|1458, 1367224|1535, 1367196|1669, 1367196|1937, 1367192|2037, 1367192|2400, 1367240|2505, 1367460|2572, 1367460|3387, 1367608|3469, 1367608|4073, com.dropbox.android, 
1367528|1, 1367528|658, 1367544|708, 1367544|1348, 1367540|1431, 1367540|1635, 1367676|1762, 1367668|1900, 1367668|2126, 1367888|2216, 1368108|2294, 1367888|2346, 1368548|2414, 1369208|2490, 1369208|2637, 1369192|2684, 1370216|2766, 1370216|3144, 1370200|3253, 1369540|3358, 1369540|3610, 1369668|3704, 1369668|3800, 1369732|3866, 1369732|4001, com.sometimeswefly.littlealchemy, 
1367532|1, 1367532|674, 1367528|734, 1367528|944, 1367540|1007, 1367544|1098, 1367544|1154, 1367516|1252, 1367536|1343, 1367536|1534, 1367528|1661, 1367524|1821, 1367532|1929, 1367680|1999, 1367680|2103, 1367676|2248, 1367652|2395, 1367644|2452, 1367644|2504, 1367624|2635, 1367624|2737, 1367608|2855, 1367588|2911, 1367680|2984, 1367672|3074, 1367672|3376, 1368768|3463, 1368768|3897, 1368708|3971, 1368716|4048, com.cnn.mobile.android.phone, 
1368584|1, 1368588|513, 1368588|1129, 1368592|1249, 1368592|2183, 1368628|2229, 1368624|2293, 1368624|3176, 1368632|3226, 1368632|3747, 1368628|3798, 1368628|4042, com.skype.raider, 
1368640|1, 1368640|526, 1368636|592, 1368640|636, 1368656|689, 1368656|811, 1368652|874, 1368640|911, 1368632|965, 1368624|1039, 1368608|1186, 1368608|1404, 1368580|1508, 1368576|1608, 1368668|1683, 1368664|1787, 1368664|2021, 1368620|2118, 1368616|2228, 1368836|2322, 1368836|2463, 1368832|2551, 1368892|2646, 1368896|2731, 1368892|2826, 1368892|2876, 1368880|2947, 1368860|3025, 1368860|3202, 1368856|3291, 1368856|3379, 1368844|3452, 1368840|3513, 1368840|3563, 1368868|3633, 1368900|3699, 1368900|4063, com.cnn.mobile.android.phone, 
1368768|1, 1368768|987, 1368772|1092, 1368772|1943, 1368776|1995, 1368808|2063, 1368808|4031, at.DiTronic.androidgroup.randomgallery, 
1368804|1, 1368804|514, 1368820|564, 1368820|1142, 1368816|1198, 1368816|1499, 1368836|1561, 1368836|2477, 1368848|2533, 1368868|2589, 1368868|3531, 1368876|3594, 1368876|4056, com.skype.raider, 
1368884|1, 1368884|717, 1368880|784, 1368880|837, 1368872|883, 1368856|921, 1368852|990, 1368904|1092, 1368904|2017, 1368916|2077, 1368912|2125, 1368912|3023, 1368908|3066, 1368912|3127, 1368912|4010, at.DiTronic.androidgroup.randomgallery, 
1368908|1, 1368908|442, 1368916|500, 1368916|1330, 1368912|1394, 1368912|1458, 1368916|1508, 1368916|1852, 1368912|1894, 1368912|2449, 1368920|2496, 1368920|4003, at.DiTronic.androidgroup.randomgallery, 
1369008|1, 1369008|791, 1369028|844, 1369028|1262, 1369020|1354, 1369020|1773, 1369028|1865, 1369028|2005, 1369020|2127, 1369012|2235, 1369004|2354, 1368992|2462, 1368992|2756, 1369168|2830, 1369168|3197, 1369164|3256, 1369164|3694, 1369160|3749, 1318836|3835, 1307612|3904, 1308492|3961, 1309372|4022, com.antutu.ABenchMark, 
1374832|1, 1375932|249, 1376592|379, 1377252|510, 1378572|663, 1379232|951, 1379528|1057, 1379524|1190, 1379520|1540, 1379508|1779, 1379728|1881, 1379660|1984, 1379532|2185, 1379532|2309, 1379512|2411, 1379496|2504, 1379472|2657, 1379464|2842, 1379680|3023, 1379668|3175, 1379656|3387, 1357420|3528, 1312980|3636, 1307256|3713, 1308356|3889, 1309348|4021, com.booking, 
1380508|1, 1382048|203, 1382088|261, 1382088|375, 1382084|458, 1390224|671, 1390224|1236, 1390204|1327, 1390204|1940, 1390200|2041, 1390200|2224, 1390212|2408, 1390212|2740, 1390208|2868, 1390204|3028, 1390204|3102, 1390196|3225, 1390212|3396, 1390416|3517, 1390408|3620, 1390404|3729, 1390396|3831, 1390396|4097, com.dropbox.android, 
1390224|1, 1390224|905, 1390228|971, 1390228|1751, 1390224|1876, 1390228|1982, 1390228|2561, 1390220|2684, 1390220|2803, 1390232|2947, 1390232|3063, 1390216|3196, 1390412|3396, 1390412|3737, 1390404|3879, 1390592|3989, 1390592|4058, com.dropbox.android, 
1390236|1, 1390236|898, 1390244|997, 1390244|1763, 1390240|1889, 1390248|2023, 1390236|2149, 1390228|2256, 1364024|2420, 1309904|2589, 1310556|2818, 1311596|3004, 1312456|3261, 1313304|3451, 1314400|3624, 1315492|3703, 1316372|3780, 1317032|3875, 1317696|3972, 1318704|4080, com.ted.android, 
1377996|1, 1377996|1738, 1378004|1870, 1377996|2010, 1377988|2096, 1377988|2345, 1377980|2508, 1377980|2620, 1377960|2726, 1378008|2830, 1378008|3002, 1378000|3113, 1377996|3250, 1377996|3440, 1377988|3609, 1378016|3801, 1378224|3923, 1378212|3997, 1378212|4071, com.dropbox.android, 
1378032|1, 1378032|483, 1378036|547, 1378036|1458, 1378048|1591, 1378044|1754, 1378044|2293, 1378040|2422, 1378048|2525, 1378048|2605, 1378044|2699, 1378036|2830, 1378036|3147, 1378012|3286, 1378228|3452, 1378352|3621, 1378352|3763, 1378344|3866, 1378344|4050, com.dropbox.android, 
1378064|1, 1378064|1447, 1378060|1577, 1378056|1762, 1378056|1909, 1370132|2010, 1309852|2209, 1310876|2365, 1311532|2517, 1312408|2641, 1313284|2897, 1314124|3085, 1315432|3242, 1316508|3347, 1317388|3452, 1318488|3557, 1319368|3680, 1320028|3761, 1321128|3856, 1322448|3949, 1323548|4018, com.ted.android, 
1391092|1, 1391092|424, 1391104|480, 1391104|617, 1391100|701, 1391100|1415, 1391108|1529, 1391108|1611, 1391104|1771, 1391316|1860, 1391084|1974, 1327264|2150, 1310544|2284, 1311204|2396, 1312312|2526, 1312972|2642, 1313800|2764, 1314672|2888, 1315760|3030, 1317300|3237, 1317920|3388, 1318688|3515, 1319336|3697, 1319764|3852, 1320424|3961, 1320832|4037, com.booking, 
1391000|1, 1391000|1529, 1391004|1624, 1391004|1928, 1385940|2034, 1338200|2138, 1310848|2278, 1311944|2489, 1313068|2635, 1313724|2857, 1314372|2976, 1316328|3167, 1317428|3284, 1318088|3367, 1318968|3445, 1320068|3565, 1321488|3744, 1321928|3808, 1322808|3886, 1324128|3977, 1324788|4049, com.ted.android, 
1390568|1, 1390568|771, 1390576|829, 1390576|1757, 1390580|1869, 1390576|1993, 1390576|2628, 1390564|2770, 1390660|2891, 1390660|3039, 1390656|3124, 1390656|3377, 1390876|3431, 1390876|3754, 1391080|3844, 1391080|4005, com.google.android.apps.photos, 
1391084|1, 1391084|907, 1391088|949, 1391092|995, 1391092|2553, 1354124|2618, 1310564|2713, 1311444|2804, 1312324|2896, 1312764|2947, 1313336|3013, 1314216|3095, 1314876|3168, 1316196|3244, 1316856|3292, 1317516|3340, 1318176|3411, 1318836|3482, 1319716|3566, 1320596|3634, 1321036|3682, 1321700|3740, 1322588|3814, 1323920|3888, 1324660|3956, 1325112|4011, com.instagram.android, 
1391184|1, 1391192|133, 1391192|2053, 1391200|2185, 1350052|2302, 1310668|2369, 1310888|2422, 1311768|2491, 1312648|2582, 1313308|2648, 1313748|2694, 1314408|2764, 1315728|2851, 1316828|2922, 1317704|2988, 1318144|3035, 1318900|3101, 1319908|3174, 1320568|3238, 1321228|3304, 1321888|3348, 1322328|3391, 1323648|3456, 1324528|3527, 1324968|3585, 1325848|3645, 1326288|3690, 1326948|3740, 1328048|3815, 1328708|3886, 1329808|3953, 1330468|3998, 1330908|4047, com.instagram.android, 
1391172|1, 1391168|128, 1391388|169, 1391380|212, 1391380|526, 1391484|594, 1391484|1435, 1391480|1547, 1391488|1699, 1391488|1746, 1391484|1816, 1391484|2097, 1388404|2155, 1341544|2237, 1310744|2308, 1311624|2370, 1312284|2419, 1312944|2492, 1313588|2557, 1314468|2623, 1315128|2681, 1316008|2724, 1317108|2794, 1317988|2860, 1318644|2928, 1319524|2996, 1320184|3038, 1320844|3094, 1321504|3154, 1322384|3216, 1323484|3273, 1324364|3325, 1324804|3366, 1325464|3427, 1326132|3494, 1327088|3556, 1327976|3614, 1328420|3663, 1329012|3710, 1330344|3777, 1330936|3834, 1331824|3894, 1332564|3946, 1333156|3986, 1334192|4039, com.instagram.android, 
1391196|1, 1391412|148, 1391412|187, 1391408|242, 1391408|961, 1391508|1041, 1391508|1252, 1391504|1312, 1391504|1787, 1391500|1852, 1391500|1913, 1391520|2051, 1391520|2154, 1373920|2230, 1333660|2284, 1310560|2333, 1311660|2414, 1312540|2486, 1313200|2540, 1313640|2582, 1314300|2638, 1315180|2716, 1316500|2779, 1317380|2832, 1317600|2878, 1318252|2943, 1319300|3013, 1319960|3077, 1320620|3132, 1321280|3173, 1321940|3220, 1322820|3289, 1324140|3352, 1324800|3414, 1325240|3459, 1325900|3501, 1326560|3566, 1327660|3630, 1328320|3691, 1328980|3750, 1329860|3792, 1330740|3840, 1331400|3901, 1332280|3958, 1333204|4026, com.instagram.android, 
1391416|1, 1391416|315, 1391528|428, 1391528|1394, 1391532|1453, 1391532|1866, 1391524|1929, 1391524|2136, 1347084|2217, 1312324|2261, 1311004|2315, 1311808|2385, 1312688|2462, 1313348|2524, 1314008|2568, 1314448|2628, 1315328|2693, 1316428|2758, 1317308|2820, 1317968|2881, 1318408|2923, 1319060|2981, 1319940|3054, 1320820|3114, 1321700|3176, 1322140|3216, 1322800|3265, 1324120|3328, 1324724|3385, 1325508|3451, 1326168|3496, 1326608|3536, 1327488|3593, 1328148|3655, 1329028|3718, 1330128|3778, 1330568|3817, 1331008|3856, 1331888|3918, 1332768|3981, 1333868|4044, com.instagram.android, 
1391440|1, 1391424|120, 1391424|695, 1391416|761, 1391416|819, 1391476|880, 1391552|936, 1391552|1257, 1391548|1320, 1391548|1807, 1391552|1885, 1391560|2003, 1391560|2327, 1326436|2446, 1311036|2542, 1311916|2620, 1312576|2678, 1313236|2763, 1314336|2856, 1315032|2940, 1316132|3017, 1317012|3085, 1318112|3180, 1318772|3263, 1319872|3359, 1320532|3425, 1321192|3477, 1322072|3557, 1322952|3638, 1324272|3716, 1324932|3782, 1325592|3848, 1326328|3922, 1327428|4005, com.instagram.android, 
