2020397|1, 2020397|1200, 2019689|1291, 2014695|1348, 2011368|1409, 2011170|1459, 2010540|1510, 2010255|1551, 2010183|1605, 2010183|3318, 2009610|3365, 2009324|3422, 2008711|3468, 2008711|4039, com.skype.raider, 
2008144|1, 2008144|1353, 2008018|1429, 2007685|1522, 2007535|1594, 2007283|1661, 2007223|1730, 2007223|1796, 2006849|1855, 2006505|1926, 2006505|1997, 2003360|2050, 1998516|2120, 1998516|2183, 1996713|2246, 1995422|2313, 1995202|2372, 1994938|2437, 1994704|2489, 1992924|2568, 1992580|2639, 1987926|2696, 1987748|2754, 1987748|2812, 1982431|2885, 1982431|2945, 1981722|3013, 1980577|3077, 1980577|3140, 1979913|3190, 1978316|3250, 1976907|3403, 1974427|3591, 1974323|3646, 1972793|3727, 1971087|3790, 1970953|3879, 1970953|3929, 1967485|3979, 1967255|4030, com.ebay.mobile, 
1927631|1, 1927631|4002, com.github.shadowsocks, 
1927319|1, 1927319|2392, 1927267|2435, 1927267|4023, com.google.android.deskclock, 
1927215|1, 1927215|996, 1927135|1072, 1927135|1542, 1927055|1610, 1926653|1679, 1920795|1773, 1920735|1846, 1916472|1947, 1916400|2001, 1915980|2110, 1915980|2935, 1910647|3033, 1909157|4023, com.ted.android, 
1888461|1, 1888461|580, 1888421|627, 1888421|1359, 1887767|1438, 1887767|1881, 1887715|1948, 1886979|2010, 1886979|2080, 1886295|2176, 1881180|2251, 1881120|2337, 1881120|2404, 1880718|2508, 1875179|2573, 1875179|2643, 1874836|2697, 1874836|3083, 1869221|3127, 1869221|3175, 1867743|3211, 1865164|3267, 1865164|3300, 1859308|3355, 1859130|3389, 1858335|3437, 1858335|3478, 1857933|3526, 1851033|3577, 1848529|3619, 1848529|3661, 1848477|3698, 1848477|3788, 1846364|3846, 1846364|4225, com.paypal.android.p2pmobile, 
1803132|1, 1803132|4032, com.facebook.katana, 
1803132|1, 1803132|2563, 1802704|2611, 1796878|2959, 1796878|3483, 1796062|3921, 1796062|4013, com.facebook.katana, 
1781763|1, 1781763|1204, 1781703|1272, 1781703|1777, 1781240|1866, 1781240|1916, 1780898|1990, 1780898|2034, 1774397|2123, 1774055|2215, 1773877|2273, 1772117|2343, 1772037|2412, 1769081|2470, 1767707|2519, 1767102|2579, 1767102|2666, 1766922|2724, 1766870|2775, 1766810|2859, 1765996|2923, 1761002|2976, 1760812|3032, 1760760|3076, 1760760|3113, 1758324|3159, 1758324|3280, 1758264|3327, 1756706|3387, 1756706|3421, 1750262|3475, 1747306|3523, 1735482|3560, 1733261|3614, 1733261|3652, 1717887|3707, 1716590|3775, 1716590|3816, 1716538|3868, 1716538|4058, com.paypal.android.p2pmobile, 
1688219|1, 1688219|404, 1688089|478, 1687177|546, 1682801|636, 1682326|737, 1681812|832, 1681494|889, 1672277|1024, 1628924|1166, 1616071|1269, 1610655|1318, 1597592|1456, 1597592|1595, 1597120|1705, 1592126|1784, 1592066|1843, 1591754|1918, 1587239|1997, 1585773|2055, 1584663|2151, 1584663|2463, 1583945|2510, 1566555|2579, 1566375|2615, 1566375|3082, 1566237|3169, 1557372|3409, 1554144|3546, 1540792|3632, 1526246|3706, 1520615|3797, 1518312|3864, 1518252|3921, 1513068|4006, com.antutu.ABenchMark, 
1500005|1, 1500005|1033, 1499455|1138, 1499455|1303, 1499108|1349, 1499108|1488, 1490554|1568, 1490554|1672, 1488740|1742, 1488348|1798, 1483354|1874, 1483354|1975, 1483189|2029, 1483017|2070, 1482426|2111, 1476366|2160, 1476366|2610, 1475239|2686, 1475239|2773, 1475187|2829, 1475187|2898, 1474659|2953, 1473378|3014, 1473318|3083, 1473318|3127, 1473266|3216, 1473266|3946, 1472810|3987, 1472810|4023, com.tripadvisor.tripadvisor, 
1472423|1, 1472423|1824, 1472343|1875, 1471951|1914, 1466705|1978, 1466705|2932, 1466645|2974, 1466645|4025, at.DiTronic.androidgroup.randomgallery, 
1432111|1, 1432111|1017, 1432045|1069, 1432045|1201, 1431645|1244, 1431580|1307, 1430263|1405, 1420415|1480, 1419593|1568, 1400866|1630, 1400731|1682, 1400731|1866, 1400029|1936, 1400029|2338, 1398309|2390, 1397905|2438, 1396732|2498, 1395832|2534, 1395616|2584, 1394766|2643, 1393843|2695, 1388453|2759, 1378086|2812, 1378086|2859, 1367688|2921, 1367332|2961, 1364995|3017, 1364850|3065, 1364850|3100, 1362756|3167, 1361489|3236, 1361429|3286, 1346266|3340, 1344791|3383, 1343055|3461, 1335063|3568, 1327811|3672, 1318159|3766, 1312246|3848, 1311102|3922, 1303723|3995, 1302105|4048, com.cnn.mobile.android.phone, 
1237328|1, 1237328|592, 1237224|633, 1237224|823, 1237144|889, 1237144|1321, 1237064|1381, 1236662|1468, 1230744|1537, 1226481|1625, 1226409|1683, 1226409|1852, 1226329|1937, 1226329|2027, 1223088|2096, 1223088|2367, 1223028|2709, 1223028|3456, 1222421|3519, 1222421|3648, 1222016|3689, 1218493|3752, 1209951|4072, com.ted.android, 
1094999|1, 1094999|2401, 1094939|2451, 1094939|4043, com.google.android.apps.photos, 
1094939|1, 1094939|999, 1094859|1057, 1094859|1228, 1094723|1289, 1094723|1602, 1094251|1698, 1094251|1746, 1093789|1804, 1092007|1895, 1080166|1967, 1077383|2137, 1072642|2242, 1062030|2376, 1059850|2443, 1057533|2533, 1048843|2619, 1022147|2899, 1013749|3041, 1008091|3107, 1007975|3142, 1004440|3211, 1003438|3257, 1003270|3298, 1003074|3370, 1002715|3403, 1002663|3450, 1000662|3503, 1000506|3546, 999171|3614, 990724|3773, 987277|3836, 987225|3879, 986940|3927, 985200|4010, com.booking, 
968827|1, 968827|993, 968747|1090, 968747|1229, 968627|1305, 967873|1389, 958824|1524, 958353|1602, 953990|1667, 953212|1727, 949968|1794, 948044|1897, 946783|1955, 946679|2047, 939850|2172, 939460|2277, 939400|2384, 933929|2465, 930462|2541, 929447|2590, 920739|2880, 910319|2982, 901350|3049, 898679|3092, 897368|3141, 897316|3193, 897264|3233, 896595|3274, 895275|3353, 895096|3392, 890449|3452, 888035|3501, 887700|3549, 886712|3703, 886712|3744, 884861|3807, 884254|3861, 883136|3908, 883136|4032, com.booking, 
880925|1, 880925|4015, com.google.android.apps.photos, 
880925|1, 880925|302, 880845|359, 880273|402, 880081|468, 880081|1356, 879589|1432, 879589|1542, 879069|1585, 879069|2417, 878989|2466, 878989|3354, 878929|3450, 878929|4002, com.whatsapp, 
878709|1, 878709|1189, 878599|1285, 878599|1342, 877953|1404, 876803|1474, 868822|1537, 857130|1651, 856125|1708, 855103|1759, 854508|1817, 854352|1861, 852450|1941, 849439|1996, 830939|2058, 800188|2153, 770122|2281, 770122|2398, 769770|2491, 769666|2897, 766386|3285, 766306|3474, 766246|3706, 766186|4063, com.Slack, 
764903|1, 764903|1689, 764493|1750, 764493|1961, 764413|2014, 764353|2062, 764353|2229, 764213|2287, 764213|2392, 763569|2472, 763569|2690, 763352|2765, 763352|2865, 761862|2944, 761782|2988, 761782|3040, 761722|3091, 761722|3260, 761662|3297, 761662|3348, 761608|3396, 761608|4031, com.sometimeswefly.littlealchemy, 
753467|1, 753467|1190, 753339|1253, 752998|1361, 752998|1452, 752289|1517, 752289|2319, 751715|2401, 749405|2477, 749073|2528, 739922|2586, 738920|2632, 738868|2675, 738252|2731, 736241|2774, 736101|2834, 736041|2881, 736041|3005, 735981|3045, 735981|3097, 735497|3196, 735497|3303, 735357|3357, 733230|3415, 728333|3484, 725433|3540, 723776|3593, 719032|3639, 719032|3675, 716959|3740, 716911|3783, 716771|3820, 716711|3875, 716711|4013, com.android.chrome, 
715407|1, 715407|1131, 715287|1173, 705157|1264, 698646|1344, 696264|1429, 695568|1509, 680081|1580, 672494|1691, 650786|1840, 646848|1918, 645039|2015, 643026|2084, 633397|2222, 632315|2353, 632315|2506, 632255|2574, 627653|2658, 627653|2726, 627487|2800, 626422|2883, 626382|2939, 625527|3004, 625527|3231, 624432|3288, 606512|3356, 606332|3397, 604153|4123, com.antutu.ABenchMark, 
547015|1, 547015|1181, 546950|1263, 546618|1364, 546618|2916, 546377|2957, 545618|3016, 545426|3091, 545426|4028, com.whatsapp, 
545011|1, 545011|4006, com.github.shadowsocks, 
545011|1, 545011|4012, com.github.shadowsocks, 
545011|1, 545011|2476, 544946|2532, 544946|3661, 544680|3696, 544680|3733, 544461|3787, 544461|4002, com.tripadvisor.tripadvisor, 
537781|1, 537781|1553, 537721|1604, 537595|1694, 537535|1744, 537191|1813, 536986|1872, 536986|1928, 531122|2016, 530778|2072, 530438|2125, 529063|2193, 524461|2258, 518693|2334, 517924|2408, 517924|2499, 513413|2746, 511991|2837, 510700|2901, 508312|2954, 508312|3008, 506340|3069, 505315|3106, 503909|3163, 503857|3229, 498768|3278, 498294|3349, 497067|3414, 491686|3472, 489483|3536, 486160|3772, 484710|3834, 482873|3889, 482610|4036, com.ebay.mobile, 
457108|1, 457108|1502, 457044|1561, 457044|1670, 456792|1795, 456732|1864, 456388|1967, 455988|2029, 455988|2147, 445783|2214, 445439|2270, 445439|2338, 444465|2389, 444465|2434, 444413|2497, 439317|2566, 437293|2635, 437293|2733, 436597|2779, 436545|2845, 434735|2913, 433072|2988, 431853|3039, 431112|3082, 430552|3117, 429517|3170, 429168|3217, 428705|3252, 428705|3314, 421583|3381, 419077|3426, 411654|3494, 410197|3571, 410093|3603, 405091|3660, 404979|3706, 404927|3738, 403600|3791, 395676|3837, 395350|3867, 394739|3924, 393890|4011, com.ebay.mobile, 
364563|1, 364563|1118, 364071|1179, 358602|1230, 353048|1304, 350545|1396, 350473|1475, 349971|1563, 349334|1626, 349334|4057, com.dropbox.android, 
348962|1, 348962|1849, 348711|1902, 348711|2103, 348631|2143, 348571|2193, 348571|2392, 348511|2430, 348448|2481, 348448|2622, 348266|2684, 348266|2788, 348011|2870, 348011|2954, 347287|3014, 347287|3054, 347207|3114, 347207|3170, 346955|3217, 345991|3287, 345991|3367, 345931|3420, 345931|4013, com.sometimeswefly.littlealchemy, 
337554|1, 337554|1232, 337494|1301, 337494|1443, 337431|1554, 336840|1612, 336840|2090, 335754|2162, 335523|2265, 335121|2321, 335069|2391, 325518|2465, 325458|2534, 325116|2615, 325116|2686, 320077|2760, 319629|2832, 319629|3130, 319569|3170, 319569|3310, 319189|3358, 319189|3442, 315925|3493, 315324|3542, 313646|3760, 313566|3810, 299857|3864, 283076|4003, com.paypal.android.p2pmobile, 
259460|1, 259460|566, 259380|745, 259380|1477, 259320|1582, 259320|1807, 258916|1884, 258916|1961, 258516|2035, 257485|2090, 252831|2148, 252653|2208, 252309|2254, 252309|2309, 249931|2378, 249931|2428, 245852|2479, 244731|2557, 239785|2624, 239785|2741, 239089|2799, 235799|2883, 235619|2969, 233866|3005, 233746|3052, 226983|3111, 226302|3144, 225476|3184, 225023|3249, 221983|3300, 221983|3356, 221178|3433, 214633|3480, 210191|3550, 209980|3600, 209980|3670, 209541|3725, 199665|3777, 197876|3814, 197816|3866, 196678|3920, 196064|4003, com.ebay.mobile, 
167578|1, 167578|1593, 167518|1715, 167518|1922, 167458|1993, 166894|2075, 166834|2138, 166834|2188, 161299|2249, 161121|2332, 156467|2377, 156289|2435, 156289|2486, 154994|2525, 154020|2582, 154020|2693, 152484|2749, 152380|2823, 150408|2877, 150408|2986, 150356|3044, 148486|3104, 147289|3188, 146935|3236, 144724|3269, 140860|3330, 139578|3394, 138258|3449, 136369|3532, 128168|3600, 126769|3651, 126769|3751, 126717|3795, 116336|3835, 114506|3892, 113489|3941, 113489|4018, com.ebay.mobile, 
90892|1, 90892|1787, 90189|1927, 90189|1983, 90069|2026, 85670|2106, 85166|2150, 85087|2199, 85087|2281, 84295|2327, 84295|2795, 84215|2844, 84215|2971, 84155|3011, 82966|3281, 82486|4214, com.instagram.android, 
82006|1, 82006|1053, 81886|1106, 81218|1200, 72276|1277, 72085|1328, 72085|1372, 71774|1456, 71774|1514, 64843|1592, 56273|1679, 43356|1734, 12147|1808, 0|1932, 0|4072, com.Slack, 
2096449|1, 2096449|1213, 2095980|1312, 2095980|1421, 2094178|1510, 2089951|1565, 2088264|1616, 2088264|1690, 2087937|1733, 2087857|1786, 2087797|1822, 2087797|1864, 2085969|1951, 2085969|2031, 2085909|2078, 2085909|2278, 2085585|2348, 2084828|2430, 2084828|2473, 2083569|2539, 2083517|2589, 2083517|2624, 2079423|2675, 2079095|2758, 2079095|2801, 2078367|2849, 2078367|2938, 2078287|2988, 2077394|3072, 2077394|3210, 2074921|3278, 2069232|3334, 2063003|3413, 2060514|3468, 2057658|3503, 2055478|3559, 2053485|3612, 2053485|3653, 2053357|3703, 2053357|3897, 2053277|3950, 2053217|4044, com.android.chrome, 
2051465|1, 2051465|911, 2051393|965, 2051393|1017, 2050692|1075, 2050430|1124, 2050430|1176, 2049900|1235, 2047086|1342, 2045417|1417, 2034301|1497, 2026811|1569, 2008788|1661, 1999813|1770, 1998991|1846, 1997581|1965, 1995718|2063, 1994980|2104, 1994980|2154, 1994137|2225, 1994137|2260, 1981837|2369, 1981837|2423, 1981264|2475, 1975054|2547, 1971314|2606, 1971075|2658, 1967934|2724, 1947204|2780, 1944848|2828, 1944796|2882, 1944444|2936, 1937975|2997, 1937923|3051, 1937923|3105, 1935999|3169, 1935999|3257, 1927209|3311, 1927209|3460, 1923507|3511, 1923507|3566, 1923100|3617, 1920911|3673, 1920492|3715, 1920492|3836, 1919021|3897, 1918301|4005, com.cnn.mobile.android.phone, 
1866193|1, 1866193|778, 1865521|875, 1865521|962, 1865093|1029, 1865021|1121, 1865021|2014, 1864969|2062, 1864969|2437, 1864921|2492, 1864921|4028, com.google.android.apps.photos, 
1864869|1, 1864869|919, 1864405|978, 1864405|1402, 1863971|1484, 1863497|1570, 1854653|1652, 1853387|1729, 1853162|1846, 1853162|1944, 1853082|2000, 1849501|2063, 1849501|3299, 1849273|3344, 1849273|3854, 1845738|3916, 1845738|3964, 1845658|4000, 1845658|4041, com.ted.android, 
1826395|1, 1826395|1416, 1826331|1480, 1826331|1574, 1825797|1668, 1819394|1803, 1818376|1878, 1818376|1916, 1818236|1970, 1818176|2022, 1818176|2092, 1816239|2210, 1816239|2251, 1816179|2302, 1816179|2432, 1814924|2513, 1814191|2582, 1810016|2637, 1809848|2685, 1809768|2744, 1809020|2787, 1809020|2846, 1808940|2912, 1807805|2966, 1807665|3031, 1807605|3106, 1807605|3150, 1807545|3221, 1805513|3286, 1800556|3338, 1800556|3403, 1796159|3495, 1793291|3534, 1791366|3583, 1789373|3630, 1789325|3670, 1789325|3702, 1789245|3750, 1789245|3940, 1789188|4000, 1789108|4044, com.android.chrome, 
1786889|1, 1786889|1441, 1786829|1487, 1786829|1541, 1786499|1650, 1786184|1693, 1786184|1740, 1785851|1804, 1785851|2232, 1785731|2292, 1785731|2373, 1785047|2429, 1784987|2505, 1774745|2622, 1774403|2675, 1768969|2787, 1768969|2910, 1761902|2986, 1761902|3419, 1758534|3481, 1758534|3559, 1753973|3617, 1753973|3671, 1753741|3713, 1728976|4099, com.paypal.android.p2pmobile, 
1704366|1, 1704366|4021, com.google.android.deskclock, 
1704366|1, 1704366|1765, 1704127|1809, 1704127|2003, 1704047|2065, 1703987|2112, 1703987|2294, 1703847|2352, 1703847|2523, 1703767|2595, 1703707|2659, 1703707|2711, 1702971|2787, 1702891|2845, 1702831|2897, 1702831|3021, 1702751|3081, 1702691|3145, 1702691|3314, 1702494|3363, 1702494|3443, 1702362|3497, 1702362|4019, com.sometimeswefly.littlealchemy, 
1694729|1, 1694729|1484, 1694669|1530, 1694669|1934, 1694549|1975, 1694206|2054, 1694206|2224, 1694146|2294, 1692616|2373, 1690269|2473, 1690137|2535, 1690137|2932, 1688539|2993, 1688539|3045, 1685583|3085, 1684899|3132, 1684294|3182, 1674100|3235, 1674100|3486, 1674020|3553, 1674020|3589, 1672024|3637, 1672024|3726, 1667567|3763, 1667567|3814, 1667463|3860, 1667411|3908, 1667072|4022, com.paypal.android.p2pmobile, 
1616303|1, 1616303|4028, com.google.android.deskclock, 
1616303|1, 1616303|3790, 1616251|3845, 1616251|4227, com.facebook.katana, 
1616251|1, 1616251|1489, 1616131|1584, 1615472|1731, 1609742|1814, 1608993|1897, 1607975|1954, 1607975|1992, 1607835|2042, 1607775|2116, 1607775|2237, 1607715|2289, 1607715|2324, 1607655|2376, 1607655|2588, 1605111|2655, 1604888|2707, 1603629|2786, 1603577|2830, 1603577|2868, 1599263|2932, 1599131|2984, 1598295|3039, 1598183|3083, 1598183|3178, 1597115|3227, 1596975|3303, 1596855|3366, 1596855|3577, 1594823|3620, 1589927|3674, 1587454|3745, 1587406|3799, 1585533|3857, 1582665|3904, 1580742|3952, 1578749|3993, 1578621|4042, com.android.chrome, 
1576485|1, 1576485|1123, 1575858|1204, 1575858|1510, 1575798|1577, 1575798|1783, 1575394|1856, 1575027|1926, 1574263|2016, 1567657|2064, 1567657|2121, 1565917|2223, 1565917|2298, 1553740|2398, 1551525|2457, 1551101|2509, 1551101|2551, 1551029|2605, 1550223|2669, 1549658|2712, 1549658|2912, 1549598|2980, 1549598|4013, com.dropbox.android, 
1548407|1, 1548407|470, 1548346|523, 1548346|2878, 1547877|2929, 1547877|4021, com.facebook.katana, 
1547877|1, 1547877|4005, com.github.shadowsocks, 
1547877|1, 1547877|1133, 1547121|1206, 1546735|1286, 1542316|1347, 1540828|1417, 1534864|1515, 1533553|1590, 1532206|1661, 1532206|1715, 1531717|1774, 1531717|2096, 1530976|2257, 1526839|2610, 1521828|3041, 1521688|3271, 1489517|3547, 1447396|3864, 1447212|4042, com.Slack, 
1442329|1, 1442329|1451, 1442008|1510, 1442008|1564, 1441545|1653, 1441545|1708, 1441245|1785, 1438068|1872, 1438068|1920, 1436157|1981, 1435055|2050, 1434527|2092, 1434527|2178, 1432400|2235, 1428875|2282, 1428875|2427, 1427819|2468, 1423123|2529, 1423123|2659, 1421670|2726, 1421410|2782, 1421410|2817, 1421109|2870, 1421049|2924, 1420260|2970, 1420260|3513, 1419551|3558, 1419086|3607, 1419086|3731, 1418954|3775, 1418954|4196, com.instagram.android, 
1418250|1, 1418250|533, 1418190|593, 1417489|664, 1417489|731, 1417137|788, 1416607|849, 1414616|925, 1411352|1034, 1409944|1096, 1409531|1164, 1409531|1361, 1400611|1489, 1400173|1574, 1399407|1636, 1396513|1690, 1396513|1742, 1389919|1805, 1383768|1874, 1383590|1923, 1383590|1968, 1382810|2031, 1381446|2085, 1381386|2119, 1380011|2174, 1378740|2242, 1378740|2277, 1377756|2318, 1377349|2367, 1377349|2415, 1372154|2453, 1371976|2511, 1366352|2574, 1365895|2624, 1365895|2655, 1364555|2704, 1364162|2760, 1364162|2800, 1363702|2848, 1360292|2909, 1359539|2963, 1359539|4006, com.cnn.mobile.android.phone, 
1237306|1, 1237306|135, 1229558|208, 1229558|333, 1228706|393, 1228706|512, 1227973|605, 1227973|978, 1227791|1070, 1227791|1171, 1227707|1242, 1227707|4051, com.facebook.katana, 
1227411|1, 1227411|1638, 1227161|1712, 1227161|1814, 1225861|1926, 1225797|1973, 1221143|2023, 1220277|2104, 1219967|2147, 1219967|2195, 1213676|2281, 1205158|2359, 1204800|2416, 1203781|2501, 1202359|2554, 1199782|2602, 1199487|2693, 1199487|2770, 1196667|2825, 1195672|2903, 1193700|2973, 1193700|3026, 1183896|3094, 1183792|3163, 1182164|3205, 1181514|3281, 1181454|3361, 1181454|3407, 1180575|3462, 1175010|3564, 1173047|3628, 1170332|3682, 1170163|3738, 1166860|3815, 1166860|3910, 1166240|3980, 1166136|4051, com.ebay.mobile, 
1142643|1, 1142643|827, 1142123|928, 1142123|1646, 1141723|1721, 1141723|1775, 1141483|1840, 1138478|1919, 1138298|1979, 1136387|2040, 1135747|2084, 1135087|2140, 1135087|2197, 1134823|2240, 1130075|2296, 1129435|2359, 1129435|2440, 1129039|2499, 1123683|2566, 1123683|2696, 1122627|2751, 1121970|2792, 1121970|3060, 1121181|3144, 1121181|4005, com.instagram.android, 
2093265|1, 2093265|171, 2093213|268, 2093213|1191, 2092781|1282, 2092685|1344, 2092685|2054, 2092633|2123, 2092633|2246, 2092553|2299, 2092553|3448, 2092473|3488, 2092473|3711, 2092413|3762, 2092413|4037, com.whatsapp, 
2091685|1, 2091685|1021, 2091276|1161, 2091216|1301, 2084541|1426, 2083447|1510, 2083447|1589, 2081543|1657, 2081483|1732, 2081483|1916, 2081423|1956, 2081423|2250, 2080540|2369, 2079407|2420, 2079355|2480, 2075262|2535, 2075094|2580, 2075014|2625, 2074206|2691, 2074206|2823, 2074126|2874, 2074066|2927, 2073287|3008, 2073287|3096, 2068435|3180, 2066357|3238, 2063880|3300, 2061959|3368, 2057166|3414, 2055711|3461, 2055125|3530, 2055125|3590, 2055045|3633, 2055045|3842, 2054965|3880, 2054905|3943, 2054905|4003, com.android.chrome, 
2053341|1, 2053341|1696, 2053281|1761, 2053209|1867, 2053077|1995, 2052733|2075, 2052733|2124, 2052673|2203, 2052673|2269, 2047300|2325, 2047300|2887, 2045945|2968, 2045945|3058, 2045605|3139, 2045060|3200, 2039467|3317, 2039467|3396, 2037800|3459, 2037800|3597, 2030134|3668, 2023957|3740, 2014659|4051, com.ebay.mobile, 
1962234|1, 1962234|848, 1961908|934, 1952690|1013, 1952296|1086, 1948546|1184, 1948274|1278, 1943034|1369, 1926821|1455, 1920622|1537, 1915919|1623, 1897392|1760, 1896205|1858, 1890714|2038, 1880082|2115, 1879461|2263, 1879461|2357, 1879401|2472, 1874799|2592, 1874799|2738, 1873724|2819, 1872714|2902, 1872714|3209, 1872213|3299, 1871632|3378, 1871632|3419, 1853350|3509, 1852677|3570, 1852677|3846, 1851913|3937, 1848451|4057, com.antutu.ABenchMark, 
1794436|1, 1794436|1105, 1794170|1240, 1794170|1481, 1793736|1689, 1787336|1837, 1784339|1908, 1783002|2052, 1782662|2145, 1782582|2233, 1782582|2322, 1779059|2399, 1779059|2452, 1775818|2529, 1775818|2634, 1775044|2710, 1774964|2766, 1774964|2889, 1774143|2938, 1774143|3562, 1773944|3658, 1773944|4025, com.ted.android, 
1664008|1, 1664008|249, 1663956|335, 1663956|1986, 1663896|2137, 1663896|2315, 1663492|2415, 1663492|2521, 1663092|2572, 1657897|2661, 1652887|2740, 1652543|2794, 1651569|2880, 1650274|2964, 1650274|3023, 1646017|3105, 1645316|3185, 1645264|3281, 1644568|3331, 1643904|3418, 1643013|3514, 1639587|3594, 1639587|3660, 1639483|3745, 1637034|3843, 1636914|3909, 1628938|3992, 1604115|4314, com.ebay.mobile, 
1572237|1, 1572237|1698, 1571912|1829, 1571528|1961, 1565419|2119, 1563644|2230, 1563592|2293, 1561672|2369, 1561469|2474, 1561409|2519, 1561409|2579, 1561349|2654, 1561349|2895, 1561269|2963, 1561269|3009, 1561189|3089, 1560641|3216, 1559794|3315, 1558921|3380, 1554747|3450, 1554519|3522, 1553903|3565, 1553711|3641, 1553651|3733, 1553651|3902, 1553591|3979, 1552523|4070, com.android.chrome, 
1532532|1, 1532532|2031, 1532366|2102, 1532366|4024, com.google.android.deskclock, 
1531004|1, 1531004|354, 1530949|396, 1530949|1023, 1530504|1075, 1530504|2081, 1529948|2181, 1529788|2249, 1527100|2350, 1527040|2422, 1525189|2476, 1525189|2533, 1517255|2599, 1517255|2654, 1516859|2718, 1516859|3109, 1516779|3175, 1516779|3267, 1516719|3331, 1515502|3407, 1515502|3496, 1515370|3560, 1510114|3637, 1504362|4054, com.instagram.android, 
1500659|1, 1500659|1622, 1500539|1768, 1500155|1862, 1494150|1990, 1492463|2080, 1492383|2144, 1490366|2222, 1490306|2282, 1490306|2371, 1490246|2432, 1490186|2487, 1490186|2819, 1488851|2917, 1488038|2986, 1488038|3029, 1483672|3089, 1482836|3177, 1482704|3223, 1482644|3267, 1482644|3325, 1481436|3434, 1481316|3496, 1481316|3701, 1479284|3765, 1474388|3844, 1471864|3927, 1469991|3972, 1465199|4028, com.android.chrome, 
1461220|1, 1461220|1325, 1460902|1395, 1460902|2058, 1460792|2091, 1460792|2606, 1460727|2679, 1460727|3399, 1459805|3496, 1459352|3578, 1459352|3734, 1459005|3802, 1459005|4021, com.tripadvisor.tripadvisor, 
1447960|1, 1447960|1198, 1447840|1260, 1447172|1346, 1442879|1404, 1437581|1492, 1428611|1616, 1422788|1709, 1409374|1761, 1374367|1842, 1334517|1912, 1310939|2048, 1292314|2147, 1291146|2426, 1290842|2780, 1290378|3179, 1290238|3400, 1290178|3653, 1290098|4052, com.Slack, 
1288484|1, 1288484|1752, 1288109|1828, 1288109|2101, 1287705|2184, 1287645|2265, 1287645|2365, 1281306|2464, 1280444|2548, 1280444|2688, 1275019|2789, 1274841|2859, 1274841|2920, 1274427|2999, 1272720|3099, 1272720|3211, 1271168|3492, 1269678|3551, 1269280|3616, 1259793|3690, 1259437|3742, 1259437|3802, 1254251|3890, 1246379|4002, com.ebay.mobile, 
1197296|1, 1197296|206, 1197224|256, 1197152|312, 1197152|1666, 1196822|1726, 1196742|1785, 1196742|1932, 1196662|1987, 1196662|2025, 1196602|2080, 1196602|2235, 1196479|2289, 1196479|2417, 1196297|2461, 1196297|2607, 1196122|2667, 1196122|2717, 1195398|2786, 1195398|2881, 1195338|2954, 1194234|3036, 1194234|3226, 1194174|3266, 1194174|4034, com.sometimeswefly.littlealchemy, 
1187244|1, 1187244|64, 1187164|98, 1187164|130, 1187104|194, 1187104|363, 1187044|422, 1187044|2528, 1186984|2599, 1186984|3550, 1186924|3592, 1186577|3652, 1186577|4035, com.tripadvisor.tripadvisor, 
1179558|1, 1179558|2570, 1179498|2636, 1179498|3501, 1179151|3563, 1179151|4007, com.tripadvisor.tripadvisor, 
1170802|1, 1170802|1702, 1170742|1764, 1170742|2116, 1170278|2221, 1170278|2342, 1165083|2402, 1164221|2489, 1164221|2598, 1154015|2715, 1152863|2821, 1152863|2881, 1152110|2964, 1151362|3050, 1151362|3156, 1150023|3259, 1150023|3376, 1148119|3436, 1147721|3527, 1145685|3588, 1138962|3654, 1138858|3728, 1134447|3825, 1126575|3910, 1116657|4197, com.ebay.mobile, 
1077049|1, 1077049|1760, 1076105|1883, 1071416|1992, 1070487|2079, 1070487|2229, 1070212|2308, 1069414|2396, 1068664|2453, 1068365|2514, 1066880|2577, 1066880|2683, 1065950|2734, 1053698|2810, 1052990|2872, 1052938|2914, 1052938|3009, 1013284|3066, 965136|3163, 965136|3329, 965076|3384, 965076|4012, com.csst.ecdict, 
964468|1, 964468|4004, com.github.shadowsocks, 
964324|1, 964324|1136, 964194|1205, 964194|1313, 961333|1402, 960285|1503, 949117|1600, 942590|1661, 915668|1789, 902912|1925, 893987|2020, 893121|2122, 888461|2232, 888461|2292, 887911|2336, 883085|2432, 878173|2534, 877653|2594, 877653|2640, 871748|2729, 870937|2811, 870225|2867, 858193|2928, 843443|2997, 843443|3059, 834717|3136, 834717|3180, 834407|3236, 832941|3317, 827392|3383, 827340|3427, 827340|3487, 827041|3562, 825439|3634, 825439|4018, com.cnn.mobile.android.phone, 
785226|1, 784524|46, 784524|172, 783517|285, 783453|357, 783453|430, 783381|470, 783381|2335, 782977|2389, 782977|2439, 782925|2507, 782522|2584, 782522|2726, 774834|2856, 774834|2923, 773982|2993, 773982|3144, 773250|3246, 773250|3401, 773178|3465, 773178|4042, com.facebook.katana, 
773126|1, 773126|4022, com.github.shadowsocks, 
773074|1, 773074|1099, 772994|1155, 772994|1336, 772934|1386, 772934|1967, 769182|2058, 766819|2137, 766767|2209, 766767|2349, 766090|2433, 765183|2507, 764749|2550, 763327|2606, 763327|2814, 762397|2879, 750274|2949, 749462|3005, 749410|3047, 749410|3108, 676965|3183, 676965|3728, 676905|3790, 676905|3908, 676845|3979, 676845|4039, com.csst.ecdict, 
620210|1, 620210|4002, com.github.shadowsocks, 
619878|1, 619878|2653, 619818|2707, 619818|2973, 619471|3023, 619471|3735, 615138|3776, 614960|3841, 613355|4047, com.tripadvisor.tripadvisor, 
609528|1, 609528|127, 609468|185, 609468|354, 609408|400, 609408|590, 609328|627, 609328|777, 609248|836, 609248|4020, at.DiTronic.androidgroup.randomgallery, 
595530|1, 595530|1899, 591778|1998, 589540|2066, 589540|2267, 588863|2324, 588467|2391, 587717|2444, 587418|2492, 586023|2537, 586023|2732, 585093|2804, 572865|2859, 572209|2912, 572105|2960, 572105|2997, 561296|3052, 494211|3121, 494211|4014, com.csst.ecdict, 
493743|1, 493743|1183, 492919|1266, 492293|1315, 483549|1399, 476304|1512, 474398|1585, 474398|1641, 473248|1719, 452973|1821, 451247|1888, 428690|2023, 425005|2103, 422833|2185, 409667|2294, 409427|2415, 408345|2552, 408345|2657, 408285|2742, 403683|2831, 403683|2889, 403517|2949, 402451|3029, 401597|3095, 401597|3391, 391586|3452, 383568|3504, 383508|3548, 383508|4035, com.antutu.ABenchMark, 
321608|1, 321608|910, 321448|1039, 321448|1376, 320792|1511, 320792|1844, 320325|1913, 320325|1955, 320245|2048, 313804|2162, 313626|2249, 313626|2494, 311805|2561, 311805|2925, 311573|2999, 311573|3126, 310663|3192, 310603|3238, 309577|3276, 309577|3334, 299395|3393, 299315|3460, 299315|3497, 299235|3550, 299235|3705, 299005|3748, 297527|3817, 296049|3881, 295352|4004, com.paypal.android.p2pmobile, 
238759|1, 238759|364, 238699|449, 238699|1434, 238639|1497, 238639|1912, 238176|2005, 238176|2057, 237492|2134, 220765|2213, 220705|2304, 220125|2396, 217131|2506, 215759|2586, 215679|2646, 215679|3150, 212163|3216, 212163|3280, 208425|3318, 208425|3421, 206979|3488, 206979|3535, 206927|3581, 202410|3661, 202008|3722, 202008|3816, 196557|3921, 190597|3999, 190545|4052, com.paypal.android.p2pmobile, 
159532|1, 159532|1818, 159100|1942, 158580|2068, 158580|2824, 158500|2919, 158500|3755, 158440|3839, 158360|4087, com.whatsapp, 
158200|1, 158200|3216, 158140|3305, 158140|3753, 157793|3953, 157793|4146, com.tripadvisor.tripadvisor, 
149060|1, 149060|141, 148980|215, 148920|299, 148920|396, 148860|508, 148860|840, 148780|947, 148780|1127, 148700|1203, 148640|1310, 148640|1405, 148580|1529, 148580|2030, 148084|2276, 148084|2383, 147948|2560, 146505|2769, 137662|2958, 135428|3120, 128748|3276, 126888|3415, 125511|3518, 118837|3669, 118390|4037, com.booking, 
61933|1, 61933|2543, 61853|2619, 61853|2810, 61773|2914, 61713|2990, 61713|3060, 61653|3170, 61653|4041, at.DiTronic.androidgroup.randomgallery, 
52017|1, 52017|4005, com.facebook.katana, 
51593|1, 51593|2748, 51533|2877, 51533|3063, 51186|3165, 51186|3750, 50951|3841, 50951|4010, com.tripadvisor.tripadvisor, 
41205|1, 41205|1115, 41145|1167, 41087|1246, 41087|1335, 40675|1408, 38684|1489, 38366|1560, 33371|1622, 25708|1737, 15802|1878, 10164|1939, 3889|2021, 0|2178, 0|4003, com.cnn.mobile.android.phone, 
2076526|1, 2076526|1209, 2076325|1284, 2076325|1375, 2075920|1468, 2075920|1580, 2068397|1651, 2068180|1756, 2068180|1853, 2067478|1901, 2067478|1995, 2066473|2104, 2066409|2151, 2066409|2197, 2066205|2253, 2066133|2311, 2066133|2384, 2065730|2446, 2065730|2569, 2058207|2624, 2058042|2702, 2058042|2772, 2057190|2873, 2057190|2927, 2056567|3006, 2056457|3085, 2056457|3176, 2056377|3208, 2056305|3246, 2056305|3391, 2056225|3428, 2056225|3467, 2056165|3520, 2056165|3703, 2056105|3762, 2056105|4049, at.DiTronic.androidgroup.randomgallery, 
2019107|1, 2019107|1030, 2019027|1103, 2019027|1256, 2018891|1324, 2018891|1864, 2017897|1947, 2016175|2045, 2001899|2184, 1995401|2337, 1983719|2420, 1979335|2522, 1977946|2590, 1975350|2651, 1972863|2705, 1963620|2841, 1955153|2984, 1950889|3070, 1944066|3154, 1942644|3205, 1940694|3250, 1940602|3298, 1939457|3345, 1938950|3421, 1938870|3480, 1937881|3520, 1932148|3583, 1932028|3641, 1932028|3766, 1930068|3828, 1928564|3896, 1928564|4027, com.booking, 
1925923|1, 1925923|1021, 1925843|1114, 1925843|1240, 1925663|1333, 1924622|1437, 1915920|1533, 1915783|1598, 1911086|1716, 1907014|1835, 1906838|1912, 1905452|1969, 1898335|2129, 1897712|2252, 1890769|2368, 1885142|2459, 1883618|2571, 1883618|2622, 1882278|2678, 1881010|2778, 1878604|2879, 1870884|2974, 1867453|3075, 1865402|3154, 1864905|3200, 1864853|3242, 1862560|3307, 1860143|3398, 1856540|3459, 1856460|3494, 1856323|3542, 1850974|3602, 1849616|3657, 1849524|3695, 1849524|3847, 1847180|3921, 1845584|3985, 1845504|4215, com.booking, 
1842903|1, 1842903|1701, 1841959|1780, 1838261|1856, 1836340|1924, 1836340|2193, 1836037|2237, 1834297|2303, 1833447|2371, 1832801|2436, 1832801|2649, 1831871|2706, 1828915|2755, 1828915|2816, 1819539|2874, 1818831|2930, 1818727|2965, 1818727|3012, 1779070|3073, 1728192|3141, 1728192|4004, com.csst.ecdict, 
1727478|1, 1727478|1352, 1727129|1481, 1725795|1624, 1720876|1694, 1720127|1747, 1719189|1816, 1719189|1868, 1717335|1943, 1717275|1989, 1717275|2145, 1717215|2191, 1717215|2612, 1715880|2711, 1715199|2758, 1715067|2812, 1710673|2890, 1710561|2950, 1709945|2996, 1709813|3053, 1709753|3118, 1709753|3179, 1709693|3222, 1709693|3263, 1709192|3338, 1708898|3459, 1706926|3527, 1704170|3574, 1702028|3669, 1697630|3751, 1694762|3797, 1692757|3849, 1690764|3926, 1690716|4000, 1690716|4047, com.android.chrome, 
1689072|1, 1689072|1520, 1689012|1617, 1689012|1895, 1688608|1991, 1688608|2246, 1681004|2350, 1681004|3016, 1679515|3094, 1679515|3215, 1679219|3309, 1679107|3430, 1679107|4042, com.dropbox.android, 
1663102|1, 1663102|4021, com.github.shadowsocks, 
1663102|1, 1663102|1205, 1662982|1255, 1662982|1361, 1661759|1439, 1659401|1557, 1644357|1641, 1631536|1725, 1618036|1830, 1614205|1925, 1603119|2061, 1601460|2200, 1599552|2299, 1598856|2343, 1598514|2405, 1590247|2488, 1586411|2554, 1583997|2613, 1579243|2690, 1575967|2768, 1575560|2832, 1575508|2878, 1564634|2978, 1564404|3040, 1564404|3099, 1563997|3153, 1546348|3203, 1546348|3371, 1534342|3456, 1532011|3511, 1532011|3621, 1530229|3699, 1529885|3752, 1529885|3874, 1529127|3966, 1523386|4017, com.cnn.mobile.android.phone, 
1484459|1, 1484379|49, 1484379|265, 1484331|408, 1484331|973, 1484251|1057, 1484251|1175, 1483848|1286, 1483848|1355, 1476160|1538, 1475248|1700, 1474173|1836, 1474173|2006, 1467556|2094, 1467069|2218, 1466520|2373, 1465304|2469, 1465244|2578, 1463192|2704, 1455145|2826, 1454540|2935, 1454092|3030, 1454092|3104, 1454032|3180, 1453690|3269, 1453690|3353, 1448651|3418, 1448651|3637, 1446655|3694, 1446655|3734, 1443714|3794, 1443714|3861, 1443610|3938, 1435849|4287, com.paypal.android.p2pmobile, 
1395051|1, 1395051|4012, com.google.android.deskclock, 
1394999|1, 1394999|1772, 1394530|1888, 1393081|2049, 1387008|2209, 1386042|2278, 1385902|2340, 1383859|2411, 1383859|2530, 1383799|2575, 1383739|2641, 1383739|2975, 1383085|3064, 1382759|3132, 1381643|3190, 1381511|3267, 1377058|3343, 1377006|3396, 1376330|3449, 1376198|3522, 1376138|3586, 1376078|3646, 1374914|3712, 1374854|3809, 1374794|4022, com.android.chrome, 
1344796|1, 1344796|1187, 1344686|1272, 1344302|1363, 1344302|1425, 1342950|1553, 1327824|1680, 1324661|1773, 1324399|1838, 1324347|1928, 1322424|2018, 1316612|2086, 1286159|2183, 1253208|2310, 1252179|2432, 1252179|2714, 1250423|3182, 1250283|3491, 1250223|3780, 1250223|4140, com.Slack, 
1247913|1, 1247913|634, 1247854|671, 1247854|1470, 1247473|1596, 1247473|2064, 1247413|2152, 1247010|2267, 1246668|2327, 1237129|2407, 1237069|2538, 1236228|2664, 1231137|2730, 1229579|2835, 1228206|2921, 1227575|2977, 1227575|3091, 1227283|3167, 1227228|3230, 1227228|3266, 1226886|3327, 1226886|3384, 1219930|3453, 1219740|3491, 1219740|3536, 1215335|3606, 1215335|3665, 1212676|3895, 1212624|3944, 1193072|4014, com.paypal.android.p2pmobile, 
1158157|1, 1158157|4009, com.google.android.deskclock, 
1157937|1, 1157937|205, 1157877|245, 1157877|4026, com.google.android.apps.photos, 
1157733|1, 1157733|1589, 1157177|1668, 1152031|1737, 1148704|1780, 1148506|1836, 1147876|1889, 1147519|1954, 1147519|3788, 1146946|3857, 1146946|4022, com.skype.raider, 
1146407|1, 1146407|4037, com.google.android.apps.photos, 
1143373|1, 1143373|1224, 1143321|1322, 1142867|1418, 1138574|1510, 1138396|1573, 1137096|1664, 1136690|1733, 1127200|1860, 1127148|1924, 1127148|1961, 1126763|2019, 1126659|2083, 1126659|2243, 1126579|2299, 1126579|2353, 1126519|2399, 1125838|2436, 1125043|2497, 1124718|2563, 1124718|2678, 1123370|2761, 1123370|3749, 1121998|3800, 1121998|3871, 1120780|3927, 1120780|4032, com.Slack, 
1118022|1, 1118022|128, 1117342|174, 1117342|1432, 1117277|1500, 1116910|1544, 1116578|1609, 1116578|2481, 1116498|2541, 1116498|2608, 1116446|2666, 1116446|4019, com.whatsapp, 
1115666|1, 1115666|1067, 1114714|1151, 1106060|1220, 1104360|1308, 1101978|1408, 1097268|1507, 1091189|1610, 1074474|1697, 1068402|1780, 1061383|1850, 1049798|1981, 1044264|2083, 1033131|2171, 1033091|2256, 1033091|2414, 1033031|2488, 1032679|2550, 1028349|2668, 1028183|2754, 1027078|2841, 1026164|2906, 1026164|3129, 1024581|3212, 1024040|3278, 1024000|3338, 1024000|3380, 1013990|3432, 1006084|3494, 1005904|3553, 1001097|4271, com.antutu.ABenchMark, 
947344|1, 947344|1104, 947214|1194, 947214|1265, 946417|1405, 943659|1532, 942516|1590, 931550|1648, 902011|1822, 892029|1949, 891221|2009, 887778|2123, 879000|2253, 879000|2311, 867564|2408, 866172|2497, 860122|2572, 859892|2618, 859892|2720, 859840|2775, 859155|2833, 858171|2874, 858171|2930, 857291|2987, 842615|3045, 842615|3120, 842440|3171, 842196|3232, 836602|3314, 836260|3356, 836260|3401, 834320|3463, 830366|3522, 830366|4060, com.cnn.mobile.android.phone, 
774769|1, 774769|848, 774649|915, 774649|1091, 774477|1165, 768600|1271, 748308|1381, 699768|1478, 698452|1532, 698296|1601, 698296|1666, 697840|1729, 697840|1884, 697720|1943, 697720|2320, 697668|2442, 697668|3856, 697548|3915, 697548|4022, com.Slack, 
697376|1, 697376|95, 697296|153, 697296|451, 697236|494, 697236|2731, 697171|2829, 697171|3265, 697111|3369, 697111|3545, 696971|3613, 696971|3858, 696705|3941, 696406|4037, com.tripadvisor.tripadvisor, 
686726|1, 686726|4030, com.github.shadowsocks, 
686342|1, 686342|287, 686198|340, 686198|1351, 686118|1439, 686118|1510, 685834|1611, 685834|2381, 685754|2449, 685754|4013, com.whatsapp, 
685262|1, 685262|4013, com.github.shadowsocks, 
685118|1, 685118|4009, at.DiTronic.androidgroup.randomgallery, 
664987|1, 664987|35, 664882|72, 664882|1394, 664802|1462, 664802|1514, 664706|1568, 664706|2410, 664626|2479, 664626|4026, com.whatsapp, 
663261|1, 663261|1171, 663141|1246, 663141|1312, 663081|1390, 663081|1469, 662675|1573, 651028|1642, 622012|1708, 588260|1791, 586380|1857, 586276|1910, 586276|2008, 585820|2071, 585820|2158, 585700|2214, 585700|4013, com.Slack, 
585460|1, 585460|1839, 585050|1895, 585050|2009, 584970|2110, 584970|2168, 584910|2210, 584910|2331, 584847|2401, 584787|2442, 584787|2575, 584605|2659, 584605|2717, 584430|2797, 584430|2872, 583626|2940, 583626|2988, 583494|3053, 583354|3147, 583294|3212, 582330|3259, 582330|3366, 582270|3415, 582270|4007, com.sometimeswefly.littlealchemy, 
575118|1, 575118|1336, 574649|1497, 572847|1556, 567872|1611, 566986|1673, 566986|1756, 565029|1814, 564969|1884, 564969|2058, 564909|2110, 564909|2436, 564777|2487, 563634|2563, 562841|2629, 562761|2682, 558551|2728, 558499|2770, 557803|2826, 557691|2883, 557611|2928, 557551|2971, 557551|3070, 557491|3122, 556756|3161, 556696|3248, 556696|3377, 554724|3439, 549826|3495, 548448|3552, 545429|3622, 540604|3691, 539149|3733, 538563|3797, 538563|3849, 538483|3901, 538423|3946, 538423|4038, com.android.chrome, 
536839|1, 536839|1293, 536774|1369, 536589|1435, 536493|1493, 536493|2330, 536413|2392, 536413|4001, com.whatsapp, 
536109|1, 536109|1473, 535455|1544, 535455|2022, 534988|2090, 534138|2146, 534138|2196, 533454|2273, 533454|2340, 516667|2431, 516667|2494, 516489|2579, 516489|2670, 516408|2732, 516408|3234, 512864|3277, 512864|3335, 510249|3389, 510249|3474, 509336|3525, 509284|3572, 509284|3616, 489125|3671, 489125|3706, 486353|3756, 478640|3812, 477162|3871, 474206|3916, 470807|4029, com.paypal.android.p2pmobile, 
448305|1, 448305|1807, 448225|1863, 448225|1991, 448145|2059, 448085|2118, 448085|2353, 447945|2397, 447945|2456, 447301|2538, 447301|2637, 447241|2702, 447241|2760, 446197|2863, 446197|3053, 446057|3141, 446057|3341, 445997|3403, 445997|4031, com.sometimeswefly.littlealchemy, 
439225|1, 439225|1597, 439163|1684, 438267|1763, 433523|1824, 430196|1872, 429368|1925, 429083|1990, 429011|2049, 428438|4058, com.skype.raider, 
427951|1, 427951|1772, 427871|1821, 427397|1881, 419398|1954, 419200|2019, 418570|2071, 418285|2108, 418213|2175, 418213|4015, com.skype.raider, 
416685|1, 416685|1600, 416605|1678, 416605|1751, 416273|1838, 416273|2590, 416193|2664, 416193|4074, com.whatsapp, 
416033|1, 416033|1273, 415739|1365, 415739|1815, 415153|1913, 409045|1991, 408984|2092, 404722|2191, 404364|2375, 404211|2476, 400970|2586, 400970|2660, 400630|2750, 400630|3321, 397285|3368, 397107|3416, 397107|3493, 396758|3571, 396758|3639, 396036|3685, 395984|3742, 395984|4003, com.ted.android, 
377415|1, 377415|1282, 377063|1361, 376983|1419, 376887|1492, 376887|2330, 376807|2401, 376807|4029, com.whatsapp, 
376647|1, 376647|4008, com.google.android.apps.photos, 
376647|1, 376647|1150, 374827|1262, 360368|1394, 359684|1457, 359684|1523, 356516|1618, 355940|1699, 354686|1766, 335336|1889, 322471|2012, 320925|2122, 309321|2224, 309321|2311, 302397|2405, 291681|2484, 291641|2571, 290286|2657, 287310|2847, 287310|2919, 286938|2994, 282648|3076, 282648|3159, 281572|3232, 281376|3293, 280522|3375, 280522|3613, 269451|3693, 261698|3756, 261527|3799, 261404|3853, 261284|3921, 260520|4081, com.antutu.ABenchMark, 
209135|1, 209135|2576, 209075|2636, 209075|3277, 208963|3370, 208728|3449, 208728|4001, com.tripadvisor.tripadvisor, 
200379|1, 200379|4056, com.facebook.katana, 
200379|1, 200379|4011, com.facebook.katana, 
200379|1, 200379|979, 199678|1036, 199606|1114, 199265|1180, 198473|1252, 190236|1326, 189694|1416, 188230|1504, 180116|1642, 161715|1762, 150449|1844, 143471|1979, 143170|2070, 139197|2146, 137812|2221, 135618|2319, 131437|2405, 124357|2478, 122594|2556, 119776|2643, 119776|2740, 109200|2805, 108615|2863, 108615|2957, 107740|2999, 107210|3075, 107210|3183, 92690|3224, 90852|3273, 90638|3333, 85108|3407, 83908|3475, 83772|3527, 81362|3597, 79760|3663, 79760|4053, com.cnn.mobile.android.phone, 
6191|1, 5186|76, 5122|166, 5122|245, 4578|323, 4578|406, 4104|492, 4104|551, 3944|607, 3944|1418, 3244|1494, 0|1548, 0|4016, com.skype.raider, 
2096489|1, 2096489|1905, 2096416|2007, 2092289|2126, 2090104|2193, 2090000|2252, 2090000|2498, 2089725|2555, 2087257|2633, 2086559|2701, 2086559|2922, 2085629|2993, 2076361|3057, 2073073|3095, 2072641|3144, 2072641|3255, 1994485|3346, 1994485|4055, com.csst.ecdict, 
1994017|1, 1994017|2021, 1993523|2100, 1989532|2174, 1987975|2251, 1987975|2596, 1987672|2645, 1985628|2716, 1985180|2779, 1984482|2851, 1984482|3046, 1984362|3110, 1983552|3160, 1971327|3229, 1970567|3294, 1970567|3353, 1892563|3430, 1892563|4016, com.csst.ecdict, 
1892095|1, 1892095|4047, com.google.android.deskclock, 
1892095|1, 1892095|1260, 1892015|1347, 1892015|1739, 1891935|1797, 1891533|1888, 1885615|1994, 1882618|2076, 1881282|2166, 1880942|2246, 1880862|2338, 1880862|2461, 1874098|2551, 1874098|3515, 1873191|3566, 1873191|4179, com.ted.android, 
1766638|1, 1766638|1648, 1766387|1694, 1766387|1901, 1766307|1965, 1766247|2014, 1766247|2201, 1766107|2241, 1766107|2379, 1765463|2465, 1765463|2530, 1765403|2584, 1764439|2678, 1764359|2769, 1764359|2874, 1764279|2970, 1764219|3051, 1764219|3185, 1764159|3244, 1764159|4003, com.sometimeswefly.littlealchemy, 
1757397|1, 1757397|1846, 1757317|1917, 1757317|2094, 1757237|2157, 1757177|2223, 1757177|2376, 1757037|2438, 1757037|2580, 1756393|2650, 1756393|2721, 1756333|2806, 1755289|2890, 1755289|3067, 1755209|3147, 1755149|3218, 1755149|3372, 1755089|3431, 1755089|4024, com.sometimeswefly.littlealchemy, 
1754409|1, 1754409|1180, 1753653|1283, 1752985|1357, 1743852|1439, 1743305|1494, 1741794|1568, 1735377|1684, 1698359|1780, 1640492|1981, 1618548|2088, 1597019|2228, 1597019|2336, 1594503|2691, 1593735|3131, 1593655|3354, 1593595|3588, 1593535|3923, 1593535|4085, com.Slack, 
1592216|1, 1592216|1397, 1591574|1461, 1591574|3038, 1591084|3104, 1591084|4021, com.google.android.deskclock, 
1590610|1, 1590610|202, 1590466|277, 1590466|4105, com.facebook.katana, 
1590246|1, 1590246|186, 1590186|246, 1590186|1454, 1589532|1550, 1589532|1711, 1589184|1800, 1588712|1881, 1583718|1931, 1583433|1996, 1581723|2087, 1571492|2164, 1569145|2268, 1568853|2332, 1568781|2407, 1567642|2501, 1567582|2561, 1567582|2828, 1567239|2896, 1567239|2952, 1567179|3021, 1560634|3155, 1560456|3247, 1560456|3875, 1558968|3950, 1558968|4046, com.dropbox.android, 
1557778|1, 1557778|4057, com.google.android.deskclock, 
1557778|1, 1557778|1526, 1557716|1606, 1556820|1681, 1552076|1721, 1548749|1768, 1548551|1824, 1547636|1888, 1547564|1940, 1547564|3631, 1546991|3695, 1546991|4023, com.skype.raider, 
1543576|1, 1543576|1491, 1543496|1591, 1543496|1702, 1543435|1788, 1543197|1858, 1543197|1976, 1543117|2031, 1543117|2093, 1543057|2154, 1543057|2278, 1542997|2335, 1542934|2398, 1542934|2554, 1542752|2636, 1542752|2703, 1542577|2758, 1542497|2808, 1542417|2878, 1541773|2962, 1541773|3011, 1541501|3055, 1541441|3129, 1540477|3209, 1540477|3330, 1540417|3382, 1540337|3438, 1540337|3675, 1540277|3732, 1540277|4042, com.sometimeswefly.littlealchemy, 
1532989|1, 1532989|261, 1532929|322, 1532929|1657, 1532697|1709, 1527703|1771, 1524178|1839, 1523548|1886, 1523263|1928, 1523191|1985, 1523191|3624, 1523131|3677, 1523131|4040, com.skype.raider, 
1522644|1, 1522644|1064, 1522112|1121, 1521446|1196, 1508056|1288, 1503049|1420, 1503049|1489, 1502783|1553, 1496112|1628, 1479133|1745, 1477211|1822, 1456896|1937, 1456169|2008, 1450874|2124, 1439548|2204, 1439428|2280, 1439428|2517, 1434686|2644, 1434520|2724, 1433413|2819, 1433283|2904, 1432447|2988, 1432447|3390, 1415056|3467, 1414383|3531, 1414383|4015, com.antutu.ABenchMark, 
1347408|1, 1347408|1067, 1331624|1467, 1328767|1611, 1325865|1727, 1307962|1802, 1301481|1966, 1283884|2108, 1283320|2183, 1279219|2288, 1267157|2414, 1267077|2547, 1267077|2746, 1266705|2849, 1261333|2993, 1261167|3072, 1260581|3130, 1260101|3202, 1259207|3282, 1259207|3797, 1259127|3867, 1241896|3939, 1241716|4000, 1241716|4040, com.antutu.ABenchMark, 
1182861|1, 1182861|2239, 1179111|2392, 1176697|2571, 1176697|2768, 1176020|2883, 1174978|2987, 1174627|3060, 1173114|3125, 1173114|3279, 1172184|3383, 1159611|3445, 1159179|3506, 1154518|3588, 1071056|3691, 1071056|4076, com.csst.ecdict, 
1070448|1, 1070448|1515, 1070368|1723, 1070368|1843, 1070308|1926, 1070308|2282, 1070248|2420, 1070248|2502, 1070136|2620, 1069905|2727, 1062540|2854, 1057368|2953, 1056492|3036, 1054492|3164, 1043418|3291, 1040750|3397, 1040386|3511, 1039181|3655, 1039121|4010, com.dropbox.android, 
1037586|1, 1037586|2908, 1033836|3079, 1031421|3201, 1031421|3536, 1031146|3649, 1030743|3732, 1029597|3855, 1027915|4004, com.csst.ecdict, 
923649|1, 923649|1562, 923585|1678, 923585|2277, 922749|2455, 913833|2641, 912342|2746, 912342|3682, 907070|3916, 907070|4017, com.ted.android, 
827905|1, 827905|4048, com.google.android.apps.photos, 
827577|1, 827577|1473, 827283|1589, 827283|1760, 827147|1827, 827147|1899, 826745|2003, 826174|2079, 825644|2146, 816259|2265, 812698|2352, 809605|2468, 809421|2535, 809421|2609, 805403|2804, 804852|2939, 803868|3053, 790001|3236, 788754|3325, 787836|3483, 785312|3588, 785252|3654, 782290|3789, 769341|3993, 753221|4257, com.booking, 
735336|1, 735336|1898, 734392|2053, 729649|2162, 728720|2215, 728720|2528, 728417|2576, 726469|2665, 725271|2739, 725271|2982, 718056|3073, 711458|3136, 711354|3175, 711354|3220, 633256|3302, 632475|3381, 632475|4066, com.csst.ecdict, 
598249|1, 598249|576, 598189|638, 598189|957, 598109|1063, 598109|1232, 597989|1327, 597321|1417, 588557|1483, 587148|1568, 585999|1661, 575776|1778, 568797|1837, 541177|1901, 507028|1980, 501657|2055, 501657|2151, 501201|2236, 501201|4033, com.Slack, 
500605|1, 500605|378, 500553|422, 500553|1323, 500501|1419, 500501|3143, 500449|3205, 500449|4001, at.DiTronic.androidgroup.randomgallery, 
475863|1, 475863|1587, 475803|1728, 475803|2061, 475723|2111, 475723|2797, 475671|2832, 475671|4007, com.google.android.deskclock, 
475671|1, 475671|1090, 475591|1143, 475591|1279, 475411|1378, 474370|1426, 465669|1506, 465669|1589, 465198|1681, 464024|1738, 460266|1811, 456698|1911, 454606|1998, 454554|2052, 453636|2174, 452722|2289, 452662|2376, 452662|2448, 440643|2616, 423964|2980, 410969|3059, 403686|3124, 399862|3185, 397127|3231, 392618|3275, 390968|3329, 389442|3384, 388684|3448, 385650|3487, 383533|3531, 381578|3599, 380737|3652, 377191|3817, 375270|3928, 375270|4031, com.booking, 
365399|1, 365399|181, 365319|233, 365319|286, 365259|339, 365259|526, 365199|581, 365199|1166, 365119|1225, 365119|1309, 365059|1410, 364245|1509, 358094|1591, 355194|1708, 354723|1783, 349791|1866, 346340|1964, 346092|2027, 344394|2102, 343676|2214, 336848|2333, 336393|2408, 335648|2536, 321046|2664, 319501|2774, 319501|2830, 304377|3196, 299881|3281, 293605|3353, 293010|3411, 290455|3451, 288598|3501, 288039|3564, 287469|3628, 287210|3691, 287066|3728, 287066|3765, 286030|3849, 285679|3914, 283647|4214, com.booking, 
278711|1, 278711|1537, 278011|1629, 273267|1688, 269742|1748, 269112|1785, 268827|1842, 268755|1900, 268755|2520, 268675|2563, 268675|2778, 268535|2846, 268535|3064, 268475|3109, 268475|3729, 267962|3791, 267902|3863, 267902|4024, com.skype.raider, 
266162|1, 266162|1208, 266110|1250, 266110|3671, 266070|3732, 266070|3886, 265950|3932, 265950|4037, com.google.android.apps.photos, 
265670|1, 265670|1125, 265138|1218, 255920|1325, 249714|1426, 246115|1522, 246115|1590, 238512|1707, 224978|1803, 214774|1931, 200480|2022, 196482|2132, 183248|2287, 183168|2387, 183108|2492, 178506|2603, 178506|2714, 178005|2869, 175111|2997, 174257|3084, 174257|3738, 164240|3808, 156461|3857, 156170|3922, 156170|4083, com.antutu.ABenchMark, 
97725|1, 97725|4017, com.google.android.apps.photos, 
97725|1, 97725|2670, 92489|2857, 91559|2994, 91559|3431, 89892|3515, 89166|3600, 88020|3697, 87968|3813, 87555|4031, com.csst.ecdict, 
2096588|1, 2096588|4020, at.DiTronic.androidgroup.randomgallery, 
2073635|1, 2073635|1422, 2073575|1555, 2073575|1825, 2073152|1920, 2067766|2006, 2067541|2079, 2062185|2185, 2051407|2285, 2050866|2393, 2050655|2460, 2049989|2525, 2049348|2606, 2048293|2679, 2048293|2734, 2048221|2797, 2047083|2895, 2047083|3040, 2047023|3106, 2047023|3172, 2046422|3275, 2046422|4079, com.dropbox.android, 
2041006|1, 2041006|2093, 2040596|2171, 2040596|2367, 2040456|2457, 2040456|2643, 2040396|2731, 2040316|2808, 2040316|2919, 2039672|3020, 2039612|3126, 2038568|3235, 2038568|3369, 2038428|3486, 2038428|3677, 2038368|3743, 2038368|4047, com.sometimeswefly.littlealchemy, 
2031597|1, 2031597|1116, 2030824|1208, 2030824|1318, 2029953|1399, 2027192|1526, 2019794|1678, 2017471|1794, 2009690|1864, 1995191|1968, 1975908|2113, 1967037|2260, 1967037|2317, 1959674|2369, 1953860|2495, 1944070|2602, 1940258|2718, 1935901|2776, 1935789|2846, 1933114|2939, 1931624|3011, 1931281|3065, 1931281|3108, 1930874|3171, 1929027|3240, 1921993|3328, 1921993|3386, 1919591|3442, 1919184|3504, 1918393|3578, 1918393|3644, 1918071|3716, 1918071|3762, 1913826|3836, 1912431|3913, 1910953|3994, 1910339|4080, com.cnn.mobile.android.phone, 
1832844|1, 1832844|227, 1831462|310, 1827235|391, 1824333|523, 1822992|618, 1820892|736, 1813204|903, 1813204|963, 1812352|1027, 1812352|1180, 1811548|1283, 1811146|1334, 1802589|1436, 1801689|1532, 1801332|1618, 1801332|3287, 1801284|3338, 1801284|3704, 1800711|3779, 1800711|3892, 1800425|3959, 1800425|4008, com.skype.raider, 
1797890|1, 1797890|509, 1797830|553, 1797830|728, 1797770|791, 1797770|956, 1797630|1100, 1797570|1177, 1797490|1217, 1797089|1321, 1795061|1425, 1794384|1525, 1786305|1600, 1783320|1695, 1771698|1789, 1756100|1938, 1754432|2034, 1754252|2145, 1748813|2239, 1748137|2317, 1748137|2376, 1738517|2467, 1734119|2563, 1730297|2647, 1728235|2742, 1724615|2790, 1723240|2864, 1701541|2942, 1698238|3011, 1695137|3072, 1688887|3118, 1685747|3204, 1685747|3296, 1681870|3367, 1679551|3430, 1679499|3480, 1679499|4054, com.cnn.mobile.android.phone, 
1626910|1, 1626058|79, 1626058|202, 1625435|253, 1625325|328, 1625325|639, 1625193|742, 1625193|882, 1625133|950, 1625133|1092, 1625053|1176, 1625053|1267, 1624973|1314, 1624973|1647, 1624921|1715, 1624921|4001, at.DiTronic.androidgroup.randomgallery, 
1593601|1, 1593601|1672, 1593369|1739, 1588375|1788, 1585048|1854, 1584220|1919, 1583935|1988, 1583863|2027, 1583863|3830, 1583803|3906, 1583803|4007, com.skype.raider, 
1582003|1, 1582003|4032, at.DiTronic.androidgroup.randomgallery, 
1540959|1, 1540959|4036, at.DiTronic.androidgroup.randomgallery, 
1503530|1, 1503530|1249, 1502784|1328, 1494130|1399, 1493798|1456, 1490048|1575, 1485604|1668, 1481983|1761, 1463128|1832, 1461790|1898, 1453547|2022, 1438437|2130, 1434811|2247, 1423910|2358, 1421063|2508, 1419169|2652, 1419169|2726, 1418797|2809, 1414447|2917, 1413216|3017, 1412301|3093, 1412301|3213, 1412221|3288, 1412221|3451, 1412141|3519, 1412141|3645, 1395006|3727, 1394333|3800, 1394333|4007, com.antutu.ABenchMark, 
1341489|1, 1341489|1245, 1341409|1508, 1341409|1634, 1341273|1735, 1341273|2257, 1340179|2399, 1326557|2575, 1320050|2766, 1319186|2922, 1301750|3139, 1290721|3281, 1290235|3389, 1290017|3465, 1286845|3638, 1284647|3773, 1278292|3934, 1271713|4078, com.booking, 
1234418|1, 1234418|2027, 1234355|2211, 1234355|2359, 1234080|2451, 1234080|2542, 1232942|2670, 1227080|2829, 1227020|2905, 1225658|3025, 1208458|3194, 1206176|3319, 1204950|3422, 1203813|3531, 1203581|3634, 1203581|3789, 1203521|3899, 1203521|4024, com.dropbox.android, 
1202854|1, 1202854|2062, 1202794|2198, 1202794|2372, 1196985|2497, 1196109|2617, 1191108|2760, 1178926|2873, 1176258|3009, 1174533|3209, 1174533|3363, 1173222|3437, 1173222|3545, 1172930|3692, 1172930|4051, com.dropbox.android, 
1172315|1, 1172315|1557, 1172235|1683, 1172235|2384, 1165541|2608, 1161138|2798, 1160913|3055, 1160913|3246, 1157005|3417, 1157005|4044, com.ted.android, 
1042456|1, 1042456|2321, 1042316|2433, 1042316|2540, 1042124|2644, 1041833|2754, 1041833|2815, 1035364|2919, 1029740|3063, 1028143|3185, 1028143|3253, 1017025|3422, 1014305|3612, 1014053|3737, 1012917|3811, 1012917|4023, com.dropbox.android, 
1011902|1, 1011902|1957, 1011842|2106, 1011842|2424, 1011027|2517, 1005748|2648, 1003100|2768, 988813|2965, 986686|3103, 983559|3268, 982247|3439, 982247|3577, 981955|3683, 981955|4065, com.dropbox.android, 
981352|1, 981352|1379, 981272|1564, 981272|2008, 980638|2161, 974495|2317, 970310|2439, 969838|2682, 963074|2887, 963074|3563, 962300|3657, 962115|3751, 962115|3820, 961296|3878, 961296|4205, com.ted.android, 
854601|1, 854601|1469, 854521|1629, 854521|1827, 854385|2008, 852942|2142, 844180|2253, 843088|2380, 835501|2499, 833750|2622, 833698|2746, 832653|2888, 825746|3094, 820785|3244, 820378|3372, 815654|3554, 810915|3709, 809392|3819, 805974|3895, 804652|4015, com.booking, 
745764|1, 745764|403, 745704|487, 745704|1392, 745624|1489, 745624|2004, 745544|2143, 739224|2351, 736147|2501, 734326|2721, 734326|3430, 725238|3610, 725238|4314, com.ted.android, 
616151|1, 616151|1645, 616071|1756, 616071|4008, com.google.android.apps.photos, 
616071|1, 616071|2136, 615368|2225, 615308|2357, 611786|2422, 610112|2487, 609632|2583, 608576|2674, 604537|2765, 604537|3352, 603613|3433, 603533|3503, 603533|4031, com.instagram.android, 
593575|1, 593575|1757, 593175|1836, 593015|1914, 589750|2052, 587519|2171, 586671|2237, 586539|2291, 586143|2360, 580887|2451, 580887|2564, 578375|2631, 575267|2720, 575267|3609, 573606|3683, 573606|3915, 572677|3997, 572677|4059, com.instagram.android, 
571968|1, 571968|1690, 571568|1776, 571268|1881, 568143|1965, 567963|2029, 565592|2108, 564932|2182, 564932|2245, 564536|2293, 559280|2365, 559280|2598, 553528|2665, 553528|2802, 551815|2869, 551815|3488, 551026|3536, 551026|4051, com.instagram.android, 
549825|1, 549825|1707, 549665|1768, 549185|1903, 545820|2009, 544089|2085, 543449|2139, 543449|2188, 538822|2268, 534651|2341, 534651|2493, 533727|2571, 533727|2687, 533650|2733, 533533|2798, 533533|3074, 533453|3140, 533453|4066, com.instagram.android, 
523901|1, 523901|1573, 523369|1645, 523129|1716, 522829|1829, 518610|1923, 517393|2002, 517393|2049, 516865|2102, 514341|2172, 512430|2249, 512430|2768, 511374|2841, 511374|2901, 511294|2962, 511294|3768, 510717|3831, 510077|3892, 506936|4066, com.instagram.android, 
500846|1, 500846|134, 500786|175, 500706|257, 500706|348, 500626|413, 500626|1766, 500226|1885, 499926|2023, 496801|2127, 494890|2208, 493590|2324, 493194|2420, 490415|2502, 490415|2899, 489536|2964, 460959|3058, 460959|3145, 448318|3240, 448258|3307, 448258|3664, 447041|3729, 447041|3887, 442213|3996, 442213|4051, com.instagram.android, 
