29841|1, 29841|4007, com.skype.raider, 
29841|1, 29841|3320, 29842|3367, 29842|4049, com.ebay.mobile, 
29843|1, 29843|4019, com.github.shadowsocks, 
29847|1, 29847|2463, 29848|2509, 29848|4006, com.google.android.deskclock, 
29849|1, 29849|2112, 29850|2215, 29850|4040, com.ted.android, 
29852|1, 29852|2003, 29853|2052, 29853|2456, 29854|2521, 29854|3640, 29855|3678, 29855|4048, com.paypal.android.p2pmobile, 
29856|1, 29856|4014, com.facebook.katana, 
29856|1, 29856|4035, com.facebook.katana, 
29860|1, 29860|2830, 29861|2913, 29861|3441, 29862|3491, 29862|4116, com.paypal.android.p2pmobile, 
29867|1, 29867|3365, 29868|3489, 29868|4007, com.antutu.ABenchMark, 
29870|1, 29870|3205, 29871|3248, 29871|4006, com.tripadvisor.tripadvisor, 
29873|1, 29873|3018, 29874|3061, 29874|4030, at.DiTronic.androidgroup.randomgallery, 
29876|1, 29876|3652, 29877|3776, 29877|4014, com.cnn.mobile.android.phone, 
29879|1, 29879|1879, 29880|1946, 29880|2397, 29881|2731, 29882|4103, com.ted.android, 
29885|1, 29885|2493, 29886|2534, 29886|4033, com.google.android.apps.photos, 
29886|1, 29886|1981, 29887|2092, 29887|3334, 29888|3390, 29889|3447, 29889|4010, com.booking, 
29894|1, 29895|61, 29895|2047, 29896|2169, 29896|3460, 29897|3525, 29897|4022, com.booking, 
29900|1, 29900|4034, com.google.android.apps.photos, 
29900|1, 29900|1455, 29901|1523, 29901|2445, 29902|2497, 29902|3468, 29903|3539, 29903|4032, com.whatsapp, 
29906|1, 29906|4201, com.Slack, 
29918|1, 29918|2780, 29919|2850, 29919|3018, 29920|3062, 29921|3115, 29921|3324, 29922|3374, 29922|4010, com.sometimeswefly.littlealchemy, 
29932|1, 29932|3509, 29933|3552, 29934|3617, 29934|3754, 29935|3812, 29935|3847, 29937|3895, 29938|3949, 29938|4031, com.android.chrome, 
29948|1, 29948|4093, com.antutu.ABenchMark, 
29948|1, 29948|4017, com.whatsapp, 
29951|1, 29951|4036, com.github.shadowsocks, 
29951|1, 29951|4042, com.github.shadowsocks, 
29951|1, 29951|4016, com.tripadvisor.tripadvisor, 
29951|1, 29951|4017, com.ebay.mobile, 
29952|1, 29952|4033, com.ebay.mobile, 
29952|1, 29952|4049, com.dropbox.android, 
29952|1, 29952|2867, 29953|2924, 29953|3119, 29954|3171, 29955|3225, 29955|3423, 29956|3480, 29956|4012, com.sometimeswefly.littlealchemy, 
29966|1, 29966|1230, 29967|1300, 29967|2324, 29968|2392, 29968|3190, 29969|3245, 29969|3816, 29970|3869, 29970|4014, com.paypal.android.p2pmobile, 
29976|1, 29976|699, 29977|909, 29977|3773, 29978|3830, 29978|4014, com.ebay.mobile, 
29979|1, 29979|3130, 29980|3213, 29980|4012, com.ebay.mobile, 
29981|1, 29981|2822, 29982|2871, 29982|3001, 29983|3047, 29991|4243, com.instagram.android, 
29999|1, 29999|1622, 30001|1692, 30001|3781, 30002|3924, 30003|4081, com.Slack, 
30013|1, 30013|2483, 30014|2541, 30014|2748, 30015|2808, 30016|2853, 30016|3068, 30017|3135, 30017|3706, 30018|3761, 30019|4002, com.android.chrome, 
30037|1, 30037|2059, 30038|2124, 30038|2282, 30039|2351, 30039|4013, com.cnn.mobile.android.phone, 
30040|1, 30040|2068, 30041|2119, 30041|4032, com.google.android.apps.photos, 
30042|1, 30042|1931, 30043|2012, 30044|4022, com.ted.android, 
30046|1, 30046|2648, 30047|2692, 30047|2748, 30048|2804, 30048|2840, 30049|2922, 30050|2976, 30051|3029, 30052|3103, 30052|3167, 30053|3214, 30053|3285, 30054|3346, 30054|3758, 30055|3816, 30055|4008, com.android.chrome, 
30075|1, 30075|2487, 30076|2593, 30077|4153, com.paypal.android.p2pmobile, 
30079|1, 30079|4026, com.google.android.deskclock, 
30079|1, 30079|2803, 30080|2876, 30080|3058, 30081|3106, 30082|3174, 30082|3397, 30083|3439, 30083|4007, com.sometimeswefly.littlealchemy, 
30088|1, 30088|2988, 30090|3049, 30090|3547, 30091|3601, 30091|4011, com.paypal.android.p2pmobile, 
30092|1, 30092|4015, com.google.android.deskclock, 
30092|1, 30092|3801, 30093|3846, 30093|4237, com.facebook.katana, 
30093|1, 30093|2717, 30094|2785, 30095|2841, 30095|2943, 30096|2993, 30097|3047, 30098|3097, 30099|3142, 30099|3233, 30100|3291, 30101|3371, 30101|4004, com.android.chrome, 
30122|1, 30122|2996, 30123|3067, 30123|4006, com.dropbox.android, 
30125|1, 30125|4006, com.facebook.katana, 
30125|1, 30125|4003, com.github.shadowsocks, 
30125|1, 30125|2206, 30126|2480, 30127|4006, com.Slack, 
30141|1, 30141|1877, 30142|1949, 30142|4225, com.instagram.android, 
30147|1, 30147|1635, 30148|1704, 30148|1983, 30149|2043, 30149|2108, 30150|2145, 30150|2775, 30151|2824, 30151|4018, com.cnn.mobile.android.phone, 
30155|1, 30155|145, 30156|215, 30156|4054, com.facebook.katana, 
30157|1, 30157|4049, com.ebay.mobile, 
30159|1, 30159|4002, com.instagram.android, 
30170|1, 30170|212, 30171|314, 30171|2162, 30172|2234, 30172|2302, 30173|2346, 30173|3511, 30174|3540, 30174|3815, 30175|3869, 30175|4051, com.whatsapp, 
30181|1, 30181|1419, 30182|1523, 30182|2340, 30183|2444, 30183|2644, 30184|2704, 30185|2765, 30185|2953, 30186|3015, 30186|3606, 30187|3659, 30187|3864, 30188|3906, 30189|3957, 30189|4022, com.android.chrome, 
30202|1, 30202|2952, 30203|3049, 30203|3208, 30204|3303, 30204|4058, com.ebay.mobile, 
30205|1, 30205|4026, com.antutu.ABenchMark, 
30206|1, 30206|2203, 30207|2285, 30207|2782, 30208|2836, 30208|4047, com.ted.android, 
30213|1, 30213|339, 30214|407, 30214|4321, com.ebay.mobile, 
30214|1, 30214|2911, 30215|2984, 30215|3098, 30216|3195, 30218|3323, 30219|3393, 30220|3469, 30221|3547, 30221|3652, 30222|3732, 30222|4070, com.android.chrome, 
30242|1, 30242|4045, com.google.android.deskclock, 
30242|1, 30242|3113, 30243|3176, 30243|3271, 30244|3330, 30244|4064, com.instagram.android, 
30245|1, 30245|2806, 30246|2910, 30247|2995, 30247|3095, 30248|3176, 30250|3241, 30250|3280, 30251|3338, 30251|3388, 30252|3509, 30253|3558, 30253|4034, com.android.chrome, 
30273|1, 30273|4030, com.tripadvisor.tripadvisor, 
30273|1, 30274|4166, com.Slack, 
30286|1, 30286|4004, com.ebay.mobile, 
30290|1, 30290|2720, 30291|2785, 30291|2943, 30292|3032, 30293|3101, 30293|3285, 30294|3320, 30294|4040, com.sometimeswefly.littlealchemy, 
30302|1, 30302|111, 30303|144, 30303|200, 30304|250, 30304|424, 30305|494, 30305|3605, 30306|3642, 30306|4040, com.tripadvisor.tripadvisor, 
30306|1, 30306|4009, com.tripadvisor.tripadvisor, 
30306|1, 30306|4184, com.ebay.mobile, 
30315|1, 30315|3064, 30316|3138, 30316|3390, 30317|3435, 30317|4022, com.csst.ecdict, 
30319|1, 30319|4005, com.github.shadowsocks, 
30319|1, 30319|3002, 30320|3066, 30320|4012, com.cnn.mobile.android.phone, 
30324|1, 30324|2535, 30325|2599, 30325|4027, com.facebook.katana, 
30326|1, 30326|4025, com.github.shadowsocks, 
30327|1, 30327|1164, 30328|1229, 30328|1401, 30329|1463, 30329|4048, com.csst.ecdict, 
30341|1, 30341|4012, com.github.shadowsocks, 
30346|1, 30346|4007, com.tripadvisor.tripadvisor, 
30346|1, 30346|177, 30347|241, 30347|408, 30348|449, 30348|595, 30349|641, 30349|764, 30350|841, 30350|4021, at.DiTronic.androidgroup.randomgallery, 
30350|1, 30350|4019, com.csst.ecdict, 
30350|1, 30350|4042, com.antutu.ABenchMark, 
30360|1, 30360|1018, 30361|1157, 30361|1998, 30362|2078, 30362|3222, 30363|3283, 30363|3429, 30364|3488, 30364|3583, 30365|3642, 30366|4034, com.paypal.android.p2pmobile, 
30375|1, 30375|392, 30376|473, 30376|2425, 30377|2520, 30377|3463, 30378|3517, 30378|3623, 30379|3680, 30379|4027, com.paypal.android.p2pmobile, 
30382|1, 30382|2858, 30383|2959, 30383|3877, 30384|3998, 30385|4125, com.whatsapp, 
30387|1, 30387|4133, com.tripadvisor.tripadvisor, 
30387|1, 30387|1008, 30388|1114, 30388|1212, 30389|1278, 30390|1371, 30390|1475, 30391|1579, 30391|2989, 30392|3142, 30394|3311, 30395|3475, 30395|3578, 30396|3720, 30396|4045, com.booking, 
30407|1, 30407|2698, 30408|2775, 30408|2879, 30409|2977, 30410|3074, 30410|3232, 30411|3349, 30411|4096, at.DiTronic.androidgroup.randomgallery, 
30411|1, 30411|4026, com.facebook.katana, 
30415|1, 30415|4015, com.tripadvisor.tripadvisor, 
30415|1, 30415|4087, com.cnn.mobile.android.phone, 
30417|1, 30417|1624, 30418|1737, 30418|3180, 30419|3220, 30419|3394, 30420|3439, 30420|3523, 30421|3578, 30421|3716, 30422|3759, 30422|4050, at.DiTronic.androidgroup.randomgallery, 
30423|1, 30423|2026, 30424|2153, 30424|3484, 30425|3529, 30425|4027, com.booking, 
30429|1, 30429|2086, 30430|2248, 30430|3330, 30431|3399, 30431|3527, 30432|3567, 30432|4015, com.booking, 
30435|1, 30435|4037, com.csst.ecdict, 
30436|1, 30436|2603, 30437|2719, 30437|2904, 30438|2970, 30439|3024, 30439|3206, 30440|3256, 30440|3830, 30441|3871, 30441|4021, com.android.chrome, 
30455|1, 30455|3317, 30456|3425, 30456|4060, com.dropbox.android, 
30457|1, 30457|4004, com.github.shadowsocks, 
30457|1, 30457|2511, 30458|2591, 30458|4058, com.cnn.mobile.android.phone, 
30463|1, 30463|1076, 30464|1195, 30464|3144, 30465|3222, 30466|4334, com.paypal.android.p2pmobile, 
30469|1, 30469|4020, com.google.android.deskclock, 
30470|1, 30470|3049, 30471|3134, 30472|3190, 30472|3262, 30473|3344, 30475|3407, 30476|3455, 30476|3587, 30477|3656, 30478|3704, 30478|4026, com.android.chrome, 
30496|1, 30497|4325, com.Slack, 
30509|1, 30509|3165, 30510|3235, 30510|3742, 30511|3948, 30511|4013, com.paypal.android.p2pmobile, 
30517|1, 30517|4029, com.google.android.deskclock, 
30520|1, 30520|220, 30521|267, 30521|4039, com.google.android.apps.photos, 
30521|1, 30521|4023, com.skype.raider, 
30524|1, 30524|4032, com.google.android.apps.photos, 
30536|1, 30536|1229, 30537|1345, 30537|2273, 30538|2323, 30538|2382, 30539|2435, 30539|2578, 30540|2646, 30540|4011, com.Slack, 
30545|1, 30545|173, 30546|246, 30546|2536, 30547|2602, 30547|2670, 30548|2736, 30548|4018, com.whatsapp, 
30551|1, 30552|77, 30552|2577, 30553|2650, 30553|2855, 30554|2925, 30554|4290, com.antutu.ABenchMark, 
30555|1, 30555|3463, 30556|3522, 30556|4001, com.cnn.mobile.android.phone, 
30557|1, 30557|1993, 30559|2049, 30559|2435, 30560|2525, 30560|4022, com.Slack, 
30565|1, 30565|159, 30566|217, 30566|470, 30567|506, 30567|4051, com.tripadvisor.tripadvisor, 
30579|1, 30579|4033, com.github.shadowsocks, 
30583|1, 30583|2407, 30584|2468, 30584|4011, com.whatsapp, 
30591|1, 30591|4029, com.github.shadowsocks, 
30591|1, 30591|4006, at.DiTronic.androidgroup.randomgallery, 
30591|1, 30591|2410, 30592|2475, 30592|4037, com.whatsapp, 
30598|1, 30598|2173, 30600|2217, 30600|4023, com.Slack, 
30604|1, 30604|2867, 30605|2933, 30605|3121, 30607|3209, 30607|3419, 30608|3476, 30608|4016, com.sometimeswefly.littlealchemy, 
30615|1, 30615|2546, 30616|2633, 30616|2781, 30617|2828, 30618|2890, 30618|3080, 30619|3131, 30619|3621, 30620|3693, 30620|3906, 30621|3960, 30622|3998, 30622|4034, com.android.chrome, 
30635|1, 30635|2404, 30636|2473, 30636|4016, com.whatsapp, 
30638|1, 30638|3392, 30639|3454, 30639|4016, com.paypal.android.p2pmobile, 
30641|1, 30641|2824, 30642|2910, 30642|3112, 30643|3188, 30644|3271, 30644|3413, 30645|3472, 30645|4041, com.sometimeswefly.littlealchemy, 
30650|1, 30650|4016, com.skype.raider, 
30652|1, 30652|4028, com.skype.raider, 
30652|1, 30652|2682, 30653|2747, 30653|4036, com.whatsapp, 
30655|1, 30655|2165, 30656|2346, 30656|4011, com.ted.android, 
30658|1, 30658|2333, 30659|2414, 30659|4042, com.whatsapp, 
30661|1, 30661|4028, com.google.android.apps.photos, 
30661|1, 30661|3810, 30662|3850, 30662|4089, com.antutu.ABenchMark, 
30662|1, 30662|4032, com.tripadvisor.tripadvisor, 
30662|1, 30662|4007, com.facebook.katana, 
30662|1, 30662|4032, com.facebook.katana, 
30662|1, 30662|3284, 30663|3340, 30664|3409, 30664|4001, com.cnn.mobile.android.phone, 
30668|1, 30668|665, 30669|750, 30669|1660, 30670|1720, 30670|3673, 30671|3741, 30671|4020, com.skype.raider, 
30677|1, 30677|4053, com.csst.ecdict, 
30677|1, 30677|4012, com.csst.ecdict, 
30677|1, 30677|4070, com.google.android.deskclock, 
30677|1, 30677|2332, 30678|2408, 30678|4200, com.ted.android, 
30680|1, 30680|2655, 30681|2770, 30681|2885, 30682|2952, 30683|3050, 30683|3238, 30684|3307, 30684|4073, com.sometimeswefly.littlealchemy, 
30691|1, 30691|2879, 30692|2952, 30692|3066, 30693|3143, 30694|3226, 30694|3430, 30695|3494, 30695|4019, com.sometimeswefly.littlealchemy, 
30702|1, 30702|2321, 30703|2538, 30703|4054, com.Slack, 
30715|1, 30715|4018, com.google.android.deskclock, 
30719|1, 30719|4160, com.facebook.katana, 
30721|1, 30722|154, 30722|274, 30723|342, 30723|2586, 30724|2647, 30724|3099, 30725|3205, 30725|4047, com.dropbox.android, 
30727|1, 30727|4002, com.google.android.deskclock, 
30727|1, 30727|4014, com.skype.raider, 
30741|1, 30741|1454, 30742|1588, 30742|1777, 30743|1853, 30743|2812, 30744|2872, 30744|3020, 30745|3061, 30745|3118, 30746|3198, 30746|3333, 30747|3383, 30748|3441, 30748|3731, 30749|3789, 30749|4037, com.sometimeswefly.littlealchemy, 
30759|1, 30759|268, 30760|319, 30760|4039, com.skype.raider, 
30762|1, 30762|2631, 30763|2720, 30763|2892, 30764|2973, 30764|4019, com.antutu.ABenchMark, 
30766|1, 30766|4058, com.antutu.ABenchMark, 
30766|1, 30766|4001, com.csst.ecdict, 
30767|1, 30768|93, 30768|1532, 30769|1681, 30769|1948, 30770|2067, 30770|4013, com.dropbox.android, 
30784|1, 30784|4010, com.csst.ecdict, 
30788|1, 30788|4093, com.ted.android, 
30792|1, 30792|4025, com.google.android.apps.photos, 
30792|1, 30792|2550, 30793|2601, 30794|4268, com.booking, 
30798|1, 30798|4079, com.csst.ecdict, 
30806|1, 30806|576, 30807|636, 30807|1019, 30808|1119, 30808|4045, com.Slack, 
30811|1, 30811|433, 30812|469, 30812|1310, 30813|1403, 30813|3208, 30814|3261, 30814|4006, at.DiTronic.androidgroup.randomgallery, 
30815|1, 30815|1597, 30816|1733, 30816|2130, 30817|2180, 30817|2858, 30818|2898, 30818|4020, com.google.android.deskclock, 
30818|1, 30818|2073, 30819|2168, 30819|3257, 30820|3295, 30820|3346, 30821|3400, 30822|3460, 30822|3515, 30823|3555, 30823|4002, com.booking, 
30827|1, 30828|65, 30828|245, 30829|290, 30830|343, 30830|530, 30831|583, 30831|1937, 30832|2034, 30832|2201, 30834|2308, 30835|2411, 30835|2505, 30836|2647, 30836|3703, 30837|3743, 30838|4220, com.booking, 
30846|1, 30846|2606, 30847|2648, 30847|2813, 30848|2890, 30849|2929, 30849|3097, 30850|3153, 30850|4017, com.skype.raider, 
30852|1, 30852|1237, 30853|1283, 30853|3702, 30854|3759, 30854|4008, com.google.android.apps.photos, 
30858|1, 30858|4070, com.antutu.ABenchMark, 
30858|1, 30858|4025, com.google.android.apps.photos, 
30858|1, 30858|4041, com.csst.ecdict, 
30862|1, 30862|4004, at.DiTronic.androidgroup.randomgallery, 
30863|1, 30863|2612, 30864|2683, 30864|3118, 30865|3185, 30865|4066, com.dropbox.android, 
30868|1, 30868|3134, 30869|3249, 30869|3379, 30870|3491, 30871|3611, 30871|3723, 30872|3771, 30872|4037, com.sometimeswefly.littlealchemy, 
30877|1, 30877|2809, 30878|2868, 30878|4015, com.cnn.mobile.android.phone, 
30879|1, 30879|4015, com.skype.raider, 
30883|1, 30883|561, 30884|610, 30884|727, 30885|790, 30885|953, 30886|1067, 30886|1191, 30887|1228, 30887|2121, 30888|2223, 30888|2444, 30889|2553, 30889|4052, com.cnn.mobile.android.phone, 
30894|1, 30894|790, 30895|874, 30895|1022, 30896|1088, 30896|1233, 30897|1303, 30897|1462, 30898|1533, 30898|1796, 30899|1855, 30899|4032, at.DiTronic.androidgroup.randomgallery, 
30900|1, 30900|4017, com.skype.raider, 
30905|1, 30905|4057, at.DiTronic.androidgroup.randomgallery, 
30906|1, 30906|4047, at.DiTronic.androidgroup.randomgallery, 
30907|1, 30907|2788, 30908|2899, 30908|3001, 30909|3092, 30909|3215, 30910|3287, 30910|3454, 30911|3520, 30911|4019, com.antutu.ABenchMark, 
30911|1, 30911|2442, 30912|2589, 30912|3313, 30913|3463, 30913|4094, com.booking, 
30918|1, 30918|3864, 30919|3932, 30919|4062, com.dropbox.android, 
30921|1, 30921|3562, 30922|3694, 30922|4069, com.dropbox.android, 
30923|1, 30923|2567, 30924|2821, 30924|4001, com.ted.android, 
30934|1, 30934|2342, 30935|2502, 30935|2707, 30937|2822, 30937|2964, 30938|3109, 30938|4073, com.dropbox.android, 
30944|1, 30944|3687, 30945|3791, 30945|4073, com.dropbox.android, 
30947|1, 30947|1954, 30948|2172, 30948|2333, 30950|2460, 30952|2664, 30952|4242, com.ted.android, 
30954|1, 30954|2484, 30955|2604, 30955|4139, com.booking, 
30964|1, 30964|516, 30965|612, 30965|2322, 30966|2510, 30966|3450, 30967|3599, 30967|4357, com.ted.android, 
30978|1, 30978|1643, 30979|1734, 30979|4116, com.google.android.apps.photos, 
30979|1, 30979|3539, 30980|3594, 30980|4052, com.instagram.android, 
30980|1, 30980|3700, 30981|3778, 30981|4017, com.instagram.android, 
30981|1, 30981|4057, com.instagram.android, 
30982|1, 30982|3112, 30983|3168, 30983|4019, com.instagram.android, 
30983|1, 30983|3040, 30984|3089, 30984|4017, com.instagram.android, 
30994|1, 30995|93, 30995|224, 30997|272, 30997|382, 30998|447, 30998|3255, 30999|3348, 30999|4017, com.instagram.android, 
