483691|1, 483691|1257, 483694|1340, 483700|1407, 483703|1468, 483704|1517, 483705|1568, 483705|1610, 483706|1663, 483706|3370, 483709|3424, 483711|3477, 483712|3527, 483712|4033, com.skype.raider, 
483718|1, 483718|1403, 483720|1488, 483723|1584, 483723|1656, 483724|1713, 483725|1772, 483725|1858, 483728|1910, 483730|1973, 483730|2097, 483737|2181, 483737|2240, 483739|2303, 483742|2368, 483743|2434, 483744|2499, 483745|2548, 483748|2625, 483748|2693, 483754|2757, 483755|2812, 483755|2874, 483759|2940, 483760|3002, 483761|3066, 483763|3133, 483763|3199, 483764|3250, 483766|3304, 483769|3465, 483774|3648, 483774|3703, 483775|3782, 483779|3849, 483781|3938, 483786|4041, com.ebay.mobile, 
483875|1, 483875|4026, com.github.shadowsocks, 
483881|1, 483881|2432, 483882|2474, 483882|4013, com.google.android.deskclock, 
483883|1, 483883|1015, 483884|1092, 483884|1560, 483885|1620, 483887|1701, 483892|1782, 483892|1854, 483896|1945, 483897|2020, 483900|2106, 483900|2957, 483905|3049, 483905|4006, com.ted.android, 
483948|1, 483948|1387, 483951|1463, 483951|1909, 483952|1971, 483954|2023, 483957|2097, 483961|2196, 483965|2277, 483966|2344, 483966|2421, 483969|2518, 483975|2594, 483976|2668, 483978|2722, 483978|3112, 483985|3151, 483985|3198, 483986|3238, 483989|3293, 483989|3325, 483993|3379, 483994|3418, 483994|3459, 483996|3506, 483997|3549, 484004|3602, 484008|3646, 484008|3816, 484009|3864, 484011|3919, 484011|4252, com.paypal.android.p2pmobile, 
484058|1, 484058|4040, com.facebook.katana, 
484058|1, 484058|2579, 484061|2630, 484068|2960, 484068|3501, 484071|3942, 484071|4014, com.facebook.katana, 
484099|1, 484099|1243, 484100|1303, 484100|1812, 484104|1895, 484104|1954, 484106|2023, 484106|2072, 484112|2143, 484112|2239, 484114|2306, 484116|2377, 484118|2439, 484120|2507, 484122|2549, 484123|2616, 484123|2760, 484124|2807, 484125|2896, 484126|2952, 484134|3013, 484135|3069, 484135|3152, 484138|3196, 484140|3227, 484140|3362, 484143|3420, 484143|3459, 484151|3508, 484153|3560, 484161|3593, 484162|3651, 484164|3691, 484175|3730, 484176|3803, 484177|3854, 484177|4094, com.paypal.android.p2pmobile, 
484225|1, 484225|456, 484227|525, 484229|591, 484238|691, 484239|783, 484242|883, 484244|948, 484258|1059, 484314|1214, 484342|1317, 484354|1377, 484370|1494, 484370|1650, 484373|1753, 484377|1831, 484377|1898, 484380|1968, 484384|2052, 484387|2113, 484389|2186, 484391|2271, 484391|2521, 484392|2562, 484411|2633, 484413|2673, 484415|2728, 484415|3141, 484416|3198, 484421|3304, 484445|3597, 484462|3691, 484472|3739, 484489|3849, 484493|3921, 484494|3977, 484496|4056, com.antutu.ABenchMark, 
484560|1, 484560|1093, 484561|1191, 484563|1323, 484563|1370, 484565|1417, 484565|1554, 484572|1630, 484572|1733, 484574|1805, 484577|1868, 484581|1940, 484581|2047, 484582|2100, 484583|2140, 484585|2178, 484590|2230, 484590|2681, 484591|2736, 484591|2960, 484592|3022, 484593|3070, 484594|3154, 484594|4014, com.tripadvisor.tripadvisor, 
484600|1, 484600|1839, 484601|1893, 484601|1930, 484609|1991, 484609|2943, 484610|2992, 484610|4011, at.DiTronic.androidgroup.randomgallery, 
484671|1, 484671|1025, 484672|1083, 484672|1210, 484674|1258, 484675|1310, 484677|1402, 484685|1485, 484690|1579, 484701|1644, 484703|1696, 484703|1878, 484704|1940, 484704|2352, 484708|2402, 484711|2445, 484715|2512, 484718|2549, 484719|2598, 484724|2655, 484727|2705, 484736|2769, 484744|2826, 484744|2869, 484749|2928, 484754|2972, 484756|3024, 484757|3079, 484757|3113, 484762|3176, 484765|3247, 484767|3296, 484772|3351, 484775|3396, 484775|3469, 484801|3577, 484815|3657, 484826|3767, 484834|3852, 484843|3935, 484851|4005, com.cnn.mobile.android.phone, 
485010|1, 485010|896, 485011|997, 485011|1390, 485014|1481, 485020|1552, 485023|1633, 485024|1700, 485024|1862, 485025|1949, 485025|2041, 485027|2113, 485027|2383, 485028|2716, 485028|3474, 485032|3535, 485032|3666, 485034|3703, 485038|3764, 485047|4082, com.ted.android, 
485130|1, 485130|2426, 485131|2476, 485131|4020, com.google.android.apps.photos, 
485131|1, 485131|1006, 485132|1073, 485132|1239, 485134|1299, 485134|1622, 485136|1702, 485136|1762, 485140|1813, 485149|1900, 485158|1977, 485169|2124, 485179|2255, 485189|2361, 485193|2455, 485199|2552, 485206|2636, 485206|2698, 485253|3051, 485259|3114, 485263|3163, 485267|3227, 485268|3275, 485268|3312, 485269|3384, 485270|3424, 485271|3465, 485271|3519, 485276|3563, 485284|3628, 485302|3789, 485308|3849, 485312|3897, 485313|3940, 485315|4029, com.booking, 
485371|1, 485371|995, 485372|1096, 485372|1235, 485374|1315, 485379|1389, 485387|1522, 485391|1611, 485397|1671, 485400|1737, 485403|1794, 485404|1897, 485406|1957, 485407|2047, 485412|2174, 485415|2283, 485416|2390, 485424|2466, 485429|2550, 485431|2602, 485434|2660, 485463|2984, 485476|3058, 485482|3102, 485482|3146, 485483|3202, 485483|3279, 485485|3349, 485488|3402, 485492|3454, 485507|3513, 485508|3556, 485515|3714, 485515|3813, 485518|3870, 485525|3919, 485525|4007, com.booking, 
485553|1, 485553|4019, com.google.android.apps.photos, 
485553|1, 485553|318, 485554|371, 485556|417, 485558|476, 485558|1372, 485561|1435, 485562|1506, 485562|1559, 485563|1598, 485565|1659, 485565|2425, 485566|2478, 485566|3371, 485567|3462, 485567|4018, com.whatsapp, 
485570|1, 485570|1195, 485572|1292, 485572|1416, 485583|1487, 485588|1548, 485604|1646, 485609|1721, 485612|1772, 485614|1832, 485615|1876, 485619|1951, 485624|2010, 485630|2067, 485661|2163, 485682|2255, 485682|2406, 485683|2482, 485684|2806, 485693|3258, 485694|3470, 485695|3692, 485696|4036, com.Slack, 
485714|1, 485714|1700, 485716|1759, 485717|1812, 485717|1972, 485718|2027, 485719|2073, 485719|2240, 485720|2288, 485721|2356, 485721|2398, 485723|2469, 485723|2701, 485725|2772, 485725|2873, 485728|2941, 485729|3001, 485729|3047, 485730|3101, 485730|3274, 485731|3306, 485731|3360, 485732|3408, 485732|4043, com.sometimeswefly.littlealchemy, 
485760|1, 485760|1195, 485761|1260, 485762|1353, 485764|1460, 485770|1526, 485770|2327, 485772|2409, 485777|2480, 485785|2540, 485792|2598, 485798|2646, 485798|2742, 485801|2787, 485805|2837, 485806|2896, 485806|3055, 485807|3108, 485812|3202, 485812|3367, 485815|3428, 485818|3497, 485820|3542, 485826|3608, 485829|3654, 485829|3686, 485831|3746, 485832|3797, 485834|3831, 485835|3888, 485835|4026, com.android.chrome, 
485852|1, 485852|1129, 485854|1179, 485869|1262, 485879|1348, 485881|1431, 485886|1517, 485895|1573, 485915|1688, 485945|1832, 485953|1923, 485956|2021, 485958|2083, 485966|2199, 485968|2345, 485968|2508, 485969|2572, 485971|2652, 485974|2732, 485975|2797, 485977|2875, 485977|2937, 485978|2999, 485978|3233, 485980|3288, 485999|3360, 486003|3400, 486006|4094, com.antutu.ABenchMark, 
486132|1, 486132|1206, 486133|1281, 486135|1371, 486135|2942, 486136|2976, 486138|3039, 486142|3110, 486142|4002, com.whatsapp, 
486147|1, 486147|4019, com.github.shadowsocks, 
486147|1, 486147|4019, com.github.shadowsocks, 
486147|1, 486147|2475, 486148|2539, 486148|3670, 486149|3703, 486149|3742, 486150|3793, 486150|4009, com.tripadvisor.tripadvisor, 
486159|1, 486159|1578, 486160|1628, 486161|1714, 486163|1767, 486165|1828, 486166|1895, 486166|1950, 486173|2034, 486174|2090, 486178|2142, 486181|2209, 486181|2277, 486192|2357, 486196|2430, 486196|2525, 486202|2754, 486204|2853, 486206|2920, 486208|2973, 486208|3033, 486210|3088, 486211|3128, 486212|3185, 486212|3251, 486220|3302, 486222|3369, 486227|3437, 486232|3493, 486235|3553, 486243|3796, 486246|3852, 486250|3909, 486250|4003, com.ebay.mobile, 
486308|1, 486308|1509, 486309|1571, 486309|1645, 486310|1785, 486311|1872, 486313|1973, 486316|2040, 486316|2150, 486326|2219, 486328|2277, 486328|2349, 486329|2399, 486329|2505, 486333|2570, 486334|2644, 486336|2694, 486336|2785, 486337|2855, 486341|2914, 486345|2991, 486348|3049, 486353|3093, 486355|3128, 486357|3174, 486361|3228, 486363|3263, 486363|3321, 486371|3381, 486373|3434, 486383|3498, 486386|3582, 486386|3615, 486390|3669, 486392|3716, 486392|3795, 486400|3848, 486400|3879, 486403|3931, 486404|4020, com.ebay.mobile, 
486461|1, 486461|1123, 486464|1177, 486467|1237, 486473|1294, 486485|1390, 486486|1472, 486486|1559, 486488|1627, 486488|4059, com.dropbox.android, 
486492|1, 486492|1856, 486494|1900, 486494|2108, 486495|2149, 486496|2195, 486496|2397, 486497|2436, 486498|2484, 486498|2626, 486499|2684, 486499|2786, 486500|2876, 486501|2913, 486501|2960, 486504|3018, 486504|3114, 486505|3176, 486507|3220, 486509|3285, 486509|3373, 486510|3422, 486510|4011, com.sometimeswefly.littlealchemy, 
486546|1, 486546|1232, 486547|1311, 486547|1564, 486550|1619, 486550|2098, 486555|2162, 486558|2275, 486561|2331, 486561|2389, 486569|2475, 486570|2541, 486570|2615, 486572|2697, 486576|2764, 486579|2836, 486579|3142, 486580|3180, 486580|3320, 486582|3366, 486582|3454, 486586|3497, 486587|3550, 486589|3771, 486589|3817, 486598|3872, 486606|3920, 486624|4011, com.paypal.android.p2pmobile, 
486670|1, 486670|736, 486671|881, 486671|1492, 486672|1584, 486672|1825, 486675|1895, 486675|1977, 486678|2050, 486679|2113, 486683|2165, 486684|2232, 486686|2274, 486686|2329, 486688|2388, 486688|2492, 486692|2570, 486698|2640, 486698|2758, 486699|2814, 486700|2880, 486708|2982, 486711|3028, 486718|3075, 486725|3131, 486727|3167, 486728|3207, 486731|3269, 486737|3320, 486737|3378, 486738|3448, 486744|3500, 486749|3572, 486749|3618, 486750|3657, 486750|3690, 486753|3744, 486760|3799, 486762|3834, 486763|3888, 486764|3938, 486765|4021, com.ebay.mobile, 
486822|1, 486822|1615, 486823|1715, 486823|2009, 486826|2089, 486828|2154, 486828|2210, 486834|2258, 486835|2344, 486839|2396, 486840|2451, 486840|2506, 486841|2547, 486842|2597, 486842|2759, 486844|2841, 486846|2900, 486846|3067, 486852|3123, 486854|3202, 486858|3259, 486858|3291, 486866|3350, 486872|3409, 486875|3470, 486879|3529, 486887|3623, 486889|3674, 486889|3818, 486896|3856, 486899|3911, 486900|3965, 486900|4038, com.ebay.mobile, 
486950|1, 486950|1804, 486959|1935, 486959|2010, 486961|2049, 486981|2122, 486982|2173, 486985|2224, 486985|2308, 486991|2351, 486991|2822, 486992|2870, 486992|2994, 486993|3038, 486998|3072, 487004|3347, 487012|4241, com.instagram.android, 
487020|1, 487020|1083, 487022|1133, 487026|1213, 487033|1302, 487035|1358, 487035|1393, 487037|1470, 487038|1536, 487047|1612, 487056|1706, 487070|1763, 487085|1832, 487111|1960, 487111|2147, 487113|2453, 487119|2882, 487121|3108, 487121|3315, 487122|3649, 487122|3789, 487123|3922, 487124|4070, com.Slack, 
487140|1, 487140|1211, 487144|1311, 487144|1425, 487151|1504, 487157|1571, 487162|1615, 487163|1661, 487163|1729, 487165|1789, 487166|1827, 487166|1868, 487168|1944, 487168|2031, 487169|2074, 487169|2283, 487170|2337, 487174|2429, 487174|2479, 487178|2537, 487180|2596, 487180|2630, 487183|2676, 487185|2754, 487186|2805, 487188|2853, 487188|2944, 487189|2987, 487196|3075, 487196|3215, 487201|3279, 487207|3338, 487211|3408, 487217|3469, 487218|3507, 487222|3560, 487223|3617, 487224|3658, 487224|3703, 487225|3762, 487225|3956, 487226|3995, 487227|4041, com.android.chrome, 
487252|1, 487252|908, 487253|970, 487253|1023, 487256|1080, 487256|1129, 487257|1185, 487259|1226, 487280|1342, 487290|1424, 487301|1497, 487313|1572, 487324|1666, 487330|1773, 487336|1851, 487339|1926, 487346|2065, 487349|2111, 487350|2156, 487355|2229, 487355|2270, 487369|2368, 487370|2432, 487371|2471, 487377|2554, 487383|2612, 487384|2658, 487387|2730, 487396|2786, 487403|2830, 487403|2888, 487404|2942, 487407|3001, 487408|3049, 487408|3114, 487412|3177, 487412|3262, 487431|3318, 487432|3357, 487432|3469, 487435|3518, 487437|3568, 487437|3624, 487443|3680, 487446|3720, 487446|3839, 487448|3904, 487449|4011, com.cnn.mobile.android.phone, 
487568|1, 487568|785, 487570|842, 487570|1007, 487571|1119, 487571|2011, 487572|2066, 487572|2438, 487573|2491, 487573|4029, com.google.android.apps.photos, 
487574|1, 487574|925, 487577|977, 487577|1402, 487580|1485, 487582|1568, 487591|1656, 487592|1735, 487593|1837, 487593|1927, 487594|2002, 487594|2066, 487598|2141, 487598|3348, 487599|3385, 487599|3863, 487602|3915, 487603|3973, 487604|4009, com.ted.android, 
487643|1, 487643|1480, 487644|1567, 487647|1673, 487661|1808, 487665|1884, 487665|1925, 487666|1972, 487667|2025, 487668|2061, 487668|2100, 487672|2189, 487672|2259, 487673|2302, 487673|2414, 487680|2516, 487682|2584, 487683|2641, 487687|2692, 487688|2746, 487689|2794, 487690|2834, 487691|2916, 487698|2972, 487701|3033, 487702|3106, 487702|3159, 487703|3217, 487707|3293, 487709|3341, 487711|3397, 487717|3498, 487717|3538, 487720|3586, 487722|3635, 487722|3752, 487723|3817, 487724|4003, com.android.chrome, 
487752|1, 487752|1446, 487753|1490, 487753|1545, 487754|1636, 487755|1701, 487755|1802, 487756|1878, 487756|2241, 487758|2293, 487758|2365, 487762|2432, 487763|2497, 487772|2621, 487773|2681, 487776|2776, 487780|2870, 487780|2911, 487789|2986, 487789|3425, 487792|3479, 487795|3528, 487795|3562, 487801|3619, 487832|4107, com.paypal.android.p2pmobile, 
487878|1, 487878|4032, com.google.android.deskclock, 
487878|1, 487878|1770, 487879|1813, 487880|1863, 487880|2009, 487881|2065, 487881|2117, 487882|2155, 487882|2302, 487883|2352, 487884|2409, 487884|2525, 487885|2593, 487886|2665, 487886|2705, 487889|2783, 487890|2847, 487890|3029, 487891|3077, 487892|3150, 487892|3319, 487894|3368, 487894|3451, 487895|3503, 487895|4021, com.sometimeswefly.littlealchemy, 
487919|1, 487919|1490, 487920|1534, 487920|1979, 487922|2050, 487924|2116, 487924|2226, 487925|2294, 487925|2366, 487930|2470, 487930|2539, 487931|2588, 487931|2936, 487934|2993, 487934|3052, 487936|3089, 487940|3130, 487940|3184, 487949|3240, 487949|3489, 487950|3555, 487950|3595, 487954|3638, 487954|3732, 487959|3768, 487959|4015, com.paypal.android.p2pmobile, 
488017|1, 488017|4042, com.google.android.deskclock, 
488017|1, 488017|3794, 488018|3844, 488018|4231, com.facebook.katana, 
488018|1, 488018|1487, 488020|1562, 488025|1727, 488033|1812, 488039|1899, 488043|1960, 488043|1999, 488045|2044, 488046|2116, 488046|2239, 488047|2294, 488047|2332, 488048|2379, 488048|2588, 488050|2657, 488056|2713, 488062|2788, 488062|2874, 488067|2938, 488068|2991, 488071|3043, 488072|3090, 488073|3136, 488073|3227, 488080|3288, 488083|3367, 488083|3574, 488087|3624, 488088|3675, 488091|3743, 488092|3804, 488096|3854, 488097|3910, 488099|3958, 488100|3997, 488102|4044, com.android.chrome, 
488131|1, 488131|1124, 488133|1194, 488133|1514, 488134|1571, 488134|1787, 488137|1855, 488138|1916, 488142|2015, 488150|2066, 488150|2120, 488160|2196, 488160|2294, 488171|2382, 488178|2461, 488181|2513, 488181|2609, 488183|2668, 488184|2717, 488184|2980, 488185|3071, 488185|4016, com.dropbox.android, 
488197|1, 488197|479, 488198|531, 488198|2891, 488199|2936, 488199|4032, com.facebook.katana, 
488199|1, 488199|4009, com.github.shadowsocks, 
488199|1, 488199|1143, 488205|1209, 488207|1291, 488211|1350, 488215|1426, 488222|1502, 488225|1597, 488226|1659, 488226|1726, 488228|1783, 488228|2098, 488229|2211, 488241|2574, 488252|3016, 488254|3244, 488267|3498, 488307|3861, 488310|4019, com.Slack, 
488335|1, 488335|1460, 488336|1515, 488336|1565, 488342|1660, 488342|1712, 488346|1787, 488361|1879, 488361|1933, 488364|1981, 488378|2052, 488384|2102, 488384|2186, 488393|2243, 488409|2291, 488411|2342, 488411|2439, 488417|2476, 488436|2532, 488436|2669, 488444|2728, 488447|2788, 488447|2867, 488448|2933, 488452|2981, 488452|3524, 488455|3568, 488456|3617, 488456|3741, 488457|3784, 488457|4206, com.instagram.android, 
488463|1, 488463|522, 488464|590, 488467|666, 488467|733, 488469|789, 488472|853, 488488|920, 488495|1033, 488495|1091, 488502|1164, 488502|1354, 488512|1464, 488516|1578, 488518|1626, 488523|1693, 488525|1746, 488530|1799, 488535|1871, 488537|1926, 488537|1973, 488539|2032, 488541|2091, 488542|2125, 488544|2177, 488548|2239, 488548|2315, 488551|2369, 488551|2415, 488555|2457, 488556|2512, 488560|2578, 488562|2629, 488562|2660, 488563|2705, 488563|2759, 488566|2804, 488567|2845, 488582|2909, 488582|2968, 488583|3001, 488583|4004, com.cnn.mobile.android.phone, 
488785|1, 488785|136, 488792|209, 488792|339, 488793|392, 488793|518, 488795|610, 488795|980, 488796|1075, 488796|4052, com.facebook.katana, 
488798|1, 488798|1628, 488802|1712, 488802|1813, 488808|1919, 488809|1978, 488813|2022, 488818|2103, 488820|2152, 488820|2197, 488825|2274, 488834|2359, 488835|2412, 488836|2500, 488837|2559, 488840|2599, 488841|2686, 488841|2774, 488842|2829, 488843|2900, 488845|2968, 488845|3031, 488850|3090, 488850|3208, 488856|3273, 488859|3358, 488859|3410, 488862|3456, 488868|3556, 488875|3629, 488880|3683, 488881|3741, 488884|3810, 488885|4053, com.ebay.mobile, 
488937|1, 488937|905, 488940|1014, 488940|1641, 488945|1717, 488945|1780, 488948|1834, 488959|1909, 488963|1983, 488972|2043, 488980|2088, 488984|2141, 488985|2200, 488985|2243, 488999|2295, 489012|2358, 489012|2445, 489013|2492, 489037|2571, 489037|2699, 489039|2752, 489048|2797, 489048|3067, 489052|3120, 489052|4006, com.instagram.android, 
489088|1, 489088|181, 489089|286, 489089|1209, 489092|1295, 489092|1364, 489093|1419, 489093|2076, 489094|2141, 489094|2269, 489095|2318, 489095|3474, 489096|3509, 489096|3733, 489097|3786, 489097|4023, com.whatsapp, 
489105|1, 489105|1016, 489107|1162, 489109|1301, 489122|1421, 489129|1513, 489129|1588, 489132|1663, 489133|1738, 489133|1924, 489134|1961, 489134|2251, 489138|2356, 489144|2427, 489144|2479, 489147|2535, 489148|2586, 489149|2632, 489152|2693, 489152|2823, 489153|2877, 489154|2933, 489159|3004, 489159|3096, 489163|3174, 489166|3244, 489168|3299, 489172|3372, 489175|3420, 489175|3457, 489177|3529, 489177|3595, 489178|3639, 489178|3850, 489179|3887, 489180|3942, 489180|4004, com.android.chrome, 
489201|1, 489201|1701, 489202|1764, 489202|1847, 489204|1991, 489206|2084, 489206|2206, 489207|2273, 489211|2328, 489212|2394, 489212|2890, 489213|2953, 489214|3058, 489216|3140, 489218|3200, 489226|3311, 489226|3401, 489229|3460, 489231|3531, 489231|3604, 489238|3676, 489245|3749, 489253|4055, com.ebay.mobile, 
489358|1, 489358|852, 489361|930, 489365|1008, 489374|1082, 489378|1181, 489378|1268, 489388|1353, 489409|1442, 489421|1535, 489430|1621, 489454|1757, 489456|1844, 489467|2012, 489475|2113, 489476|2254, 489476|2355, 489477|2461, 489482|2578, 489482|2744, 489484|2814, 489486|2902, 489486|3214, 489487|3295, 489488|3380, 489488|3425, 489503|3503, 489513|3571, 489513|3842, 489515|3932, 489523|4053, com.antutu.ABenchMark, 
489639|1, 489639|1096, 489641|1243, 489641|1684, 489653|1858, 489656|1936, 489657|2077, 489659|2172, 489660|2248, 489660|2352, 489664|2422, 489664|2483, 489666|2550, 489666|2664, 489668|2738, 489669|2793, 489669|2918, 489671|2968, 489671|3589, 489672|3674, 489672|4002, com.ted.android, 
489751|1, 489751|249, 489752|335, 489752|1993, 489753|2114, 489753|2318, 489755|2399, 489756|2524, 489759|2573, 489763|2665, 489769|2743, 489771|2796, 489772|2877, 489773|2957, 489773|3029, 489777|3097, 489777|3185, 489778|3281, 489779|3331, 489780|3420, 489780|3500, 489787|3600, 489787|3746, 489793|3841, 489797|3912, 489801|3992, 489837|4313, com.ebay.mobile, 
489900|1, 489900|1820, 489903|1915, 489920|2118, 489925|2230, 489928|2298, 489929|2374, 489935|2484, 489936|2529, 489936|2590, 489937|2655, 489937|2900, 489938|2973, 489938|3084, 489940|3210, 489945|3316, 489951|3382, 489953|3458, 489958|3532, 489958|3576, 489960|3643, 489962|3736, 489962|3909, 489963|3980, 489969|4071, com.android.chrome, 
490013|1, 490013|2038, 490016|2103, 490016|4032, com.google.android.deskclock, 
490022|1, 490022|360, 490023|399, 490023|1023, 490024|1077, 490024|2080, 490030|2177, 490030|2244, 490040|2342, 490047|2422, 490053|2478, 490055|2533, 490065|2595, 490065|2659, 490068|2719, 490068|3114, 490069|3175, 490069|3264, 490070|3330, 490080|3406, 490080|3556, 490105|3633, 490130|4058, com.instagram.android, 
490152|1, 490152|1610, 490154|1773, 490154|1844, 490170|1991, 490176|2084, 490177|2147, 490182|2224, 490183|2285, 490183|2373, 490184|2434, 490184|2486, 490185|2543, 490185|2813, 490193|2913, 490196|2992, 490196|3038, 490201|3095, 490204|3181, 490206|3229, 490207|3273, 490207|3329, 490215|3431, 490217|3501, 490217|3707, 490221|3769, 490224|3840, 490226|3929, 490230|3978, 490231|4024, com.android.chrome, 
490262|1, 490262|1322, 490263|1394, 490263|2063, 490265|2095, 490265|2611, 490266|2678, 490266|3400, 490269|3493, 490270|3581, 490270|3729, 490272|3806, 490272|4026, com.tripadvisor.tripadvisor, 
490287|1, 490287|1203, 490289|1253, 490293|1343, 490296|1399, 490305|1488, 490316|1603, 490324|1708, 490335|1764, 490361|1836, 490390|1914, 490406|2039, 490421|2138, 490421|2314, 490422|2697, 490428|3149, 490430|3384, 490431|3623, 490431|4031, com.Slack, 
490453|1, 490453|1747, 490455|1831, 490455|2165, 490459|2263, 490459|2369, 490471|2455, 490474|2541, 490476|2613, 490476|2682, 490480|2778, 490481|2857, 490481|2918, 490483|2992, 490487|3096, 490487|3206, 490493|3492, 490494|3550, 490496|3613, 490498|3680, 490505|3746, 490506|3793, 490511|3887, 490518|4004, com.ebay.mobile, 
490614|1, 490614|260, 490615|313, 490615|1724, 490618|1789, 490618|1939, 490619|1992, 490619|2034, 490620|2083, 490620|2242, 490622|2286, 490622|2424, 490623|2461, 490623|2607, 490624|2674, 490624|2721, 490627|2784, 490627|2947, 490630|3034, 490631|3094, 490631|3274, 490632|3309, 490632|4038, com.sometimeswefly.littlealchemy, 
490655|1, 490655|71, 490656|104, 490656|200, 490657|251, 490657|367, 490658|424, 490658|2596, 490659|2660, 490659|3597, 490662|3634, 490662|4039, com.tripadvisor.tripadvisor, 
490674|1, 490674|2635, 490675|2702, 490675|3562, 490677|3615, 490677|4007, com.tripadvisor.tripadvisor, 
490688|1, 490688|1704, 490689|1771, 490689|2122, 490693|2227, 490693|2397, 490702|2497, 490702|2600, 490708|2691, 490713|2814, 490713|2960, 490715|3048, 490715|3163, 490719|3248, 490719|3383, 490722|3434, 490725|3528, 490727|3594, 490733|3655, 490734|3735, 490739|3822, 490746|3916, 490762|4199, com.ebay.mobile, 
490859|1, 490859|1761, 490864|1871, 490872|1987, 490875|2074, 490875|2235, 490876|2305, 490880|2395, 490884|2458, 490885|2513, 490887|2580, 490887|2686, 490890|2731, 490902|2807, 490906|2878, 490907|2920, 490907|3060, 490972|3139, 490972|3385, 490973|3429, 490973|4017, com.csst.ecdict, 
490981|1, 490981|4010, com.github.shadowsocks, 
490982|1, 490982|1142, 490984|1208, 490984|1320, 491004|1402, 491009|1503, 491023|1600, 491037|1665, 491051|1770, 491073|1915, 491083|2022, 491084|2120, 491093|2235, 491093|2295, 491095|2340, 491103|2428, 491104|2525, 491112|2601, 491112|2643, 491122|2727, 491124|2811, 491124|2871, 491136|2931, 491142|2997, 491143|3060, 491154|3142, 491154|3237, 491155|3306, 491176|3383, 491179|3433, 491179|3488, 491182|3554, 491184|3637, 491184|4014, com.cnn.mobile.android.phone, 
491293|1, 491294|54, 491294|181, 491296|273, 491297|361, 491297|2391, 491299|2448, 491300|2510, 491302|2587, 491302|2732, 491308|2841, 491308|2928, 491309|2997, 491309|3149, 491311|3246, 491311|4044, com.facebook.katana, 
491312|1, 491312|4024, com.github.shadowsocks, 
491313|1, 491313|1162, 491314|1224, 491314|1346, 491315|1395, 491315|1975, 491322|2059, 491326|2138, 491330|2211, 491330|2349, 491331|2434, 491335|2511, 491339|2560, 491341|2610, 491341|2818, 491344|2882, 491356|2952, 491360|3014, 491361|3054, 491361|3119, 491415|3188, 491415|3737, 491416|3798, 491416|3913, 491417|3987, 491417|4047, com.csst.ecdict, 
491481|1, 491481|4007, com.github.shadowsocks, 
491486|1, 491486|2653, 491487|2718, 491487|3030, 491489|3120, 491489|3749, 491493|3787, 491494|3854, 491494|4052, com.tripadvisor.tripadvisor, 
491503|1, 491503|134, 491504|181, 491504|358, 491505|407, 491505|596, 491506|634, 491506|782, 491507|840, 491507|4020, at.DiTronic.androidgroup.randomgallery, 
491535|1, 491535|1904, 491542|1997, 491549|2066, 491549|2273, 491550|2317, 491552|2387, 491558|2450, 491559|2497, 491559|2534, 491562|2590, 491562|2728, 491568|2805, 491580|2864, 491580|2912, 491582|2966, 491582|3049, 491640|3126, 491640|4015, com.csst.ecdict, 
491646|1, 491646|1191, 491652|1271, 491656|1328, 491662|1405, 491672|1501, 491677|1593, 491677|1649, 491684|1727, 491708|1823, 491714|1897, 491729|2006, 491746|2097, 491755|2191, 491765|2276, 491771|2417, 491772|2553, 491773|2670, 491773|2735, 491776|2833, 491779|2896, 491780|2951, 491782|3032, 491783|3099, 491783|3402, 491788|3457, 491803|3511, 491807|3555, 491807|4042, com.antutu.ABenchMark, 
491958|1, 491958|927, 491960|1043, 491960|1391, 491963|1510, 491963|1837, 491967|1928, 491967|1974, 491968|2064, 491973|2163, 491974|2267, 491974|2509, 491979|2575, 491979|2941, 491980|3014, 491980|3146, 491985|3207, 491986|3258, 491988|3293, 491992|3353, 491992|3405, 492001|3477, 492001|3562, 492002|3627, 492002|3761, 492004|3824, 492004|3893, 492005|3964, 492007|4015, com.paypal.android.p2pmobile, 
492082|1, 492082|388, 492083|465, 492083|1449, 492084|1517, 492084|1923, 492088|2020, 492088|2079, 492092|2139, 492092|2225, 492107|2326, 492111|2412, 492111|2516, 492115|2604, 492116|2666, 492116|3170, 492120|3234, 492121|3298, 492127|3341, 492127|3438, 492129|3506, 492129|3598, 492134|3679, 492135|3742, 492135|3834, 492141|3938, 492145|4011, com.paypal.android.p2pmobile, 
492185|1, 492185|1821, 492188|1949, 492191|2062, 492191|2836, 492192|2934, 492192|3769, 492193|3851, 492194|4097, com.whatsapp, 
492196|1, 492196|3225, 492197|3311, 492197|3750, 492199|3956, 492199|4139, com.tripadvisor.tripadvisor, 
492213|1, 492213|170, 492214|239, 492215|322, 492215|421, 492216|528, 492216|864, 492217|967, 492217|1156, 492218|1224, 492219|1325, 492219|1430, 492220|1541, 492220|2029, 492223|2282, 492223|2398, 492225|2563, 492234|2778, 492242|2974, 492248|3115, 492261|3284, 492262|3434, 492265|3534, 492269|3685, 492272|4016, com.booking, 
492423|1, 492423|2618, 492424|2691, 492424|2877, 492425|2974, 492426|3062, 492426|3126, 492427|3229, 492427|4100, at.DiTronic.androidgroup.randomgallery, 
492445|1, 492445|4011, com.facebook.katana, 
492450|1, 492450|2745, 492451|2873, 492451|3058, 492453|3163, 492453|3751, 492454|3837, 492454|4017, com.tripadvisor.tripadvisor, 
492467|1, 492467|1111, 492468|1167, 492469|1247, 492469|1337, 492471|1406, 492487|1487, 492491|1560, 492501|1618, 492512|1709, 492525|1881, 492532|1945, 492539|2013, 492557|2169, 492566|2242, 492573|2295, 492582|2373, 492585|2456, 492586|2507, 492588|2573, 492592|2673, 492597|2763, 492607|2855, 492608|2893, 492612|2959, 492612|3013, 492614|3068, 492618|3118, 492619|3184, 492622|3243, 492626|3299, 492631|3339, 492633|3387, 492634|3454, 492649|3524, 492650|3575, 492650|3622, 492652|3688, 492654|3761, 492659|3811, 492660|3856, 492660|3916, 492661|3994, 492664|4116, com.cnn.mobile.android.phone, 
492774|1, 492774|1204, 492775|1282, 492775|1379, 492777|1448, 492777|1584, 492782|1643, 492784|1754, 492784|1858, 492785|1897, 492785|2001, 492787|2106, 492788|2157, 492788|2196, 492789|2251, 492789|2390, 492791|2446, 492791|2576, 492796|2619, 492797|2695, 492797|2769, 492798|2872, 492798|2985, 492800|3090, 492800|3177, 492801|3214, 492801|3393, 492802|3433, 492802|3521, 492803|3576, 492803|3709, 492804|3757, 492804|4053, at.DiTronic.androidgroup.randomgallery, 
492856|1, 492856|1030, 492857|1110, 492857|1320, 492859|1379, 492859|1868, 492866|1945, 492874|2042, 492890|2179, 492900|2309, 492915|2416, 492923|2516, 492927|2597, 492931|2655, 492936|2708, 492944|2821, 492962|2982, 492971|3076, 492980|3158, 492980|3210, 492982|3258, 492984|3297, 492984|3347, 492988|3422, 492992|3484, 492994|3527, 493003|3585, 493008|3644, 493008|3818, 493017|3893, 493017|4031, com.booking, 
493050|1, 493050|1022, 493051|1113, 493051|1251, 493054|1337, 493060|1426, 493066|1536, 493066|1605, 493076|1710, 493082|1841, 493084|1919, 493085|1972, 493089|2134, 493094|2249, 493097|2367, 493111|2460, 493115|2579, 493115|2678, 493119|2775, 493130|2877, 493140|2968, 493146|3055, 493150|3164, 493152|3211, 493152|3251, 493156|3314, 493163|3399, 493174|3470, 493174|3505, 493176|3550, 493180|3608, 493185|3663, 493186|3703, 493186|3856, 493191|3929, 493198|3995, 493199|4222, com.booking, 
493230|1, 493230|1700, 493231|1759, 493239|1863, 493246|1935, 493246|2202, 493247|2248, 493250|2309, 493254|2379, 493257|2447, 493257|2650, 493263|2717, 493265|2757, 493265|2821, 493270|2875, 493276|2941, 493278|2977, 493278|3024, 493290|3073, 493343|3152, 493343|4014, com.csst.ecdict, 
493352|1, 493352|1370, 493354|1469, 493356|1632, 493370|1707, 493373|1763, 493376|1833, 493376|1887, 493379|1960, 493380|2007, 493380|2210, 493381|2247, 493381|2616, 493386|2719, 493391|2775, 493392|2824, 493396|2899, 493398|2963, 493399|3013, 493400|3063, 493402|3131, 493402|3196, 493403|3239, 493403|3345, 493408|3452, 493410|3531, 493411|3586, 493414|3676, 493420|3765, 493421|3813, 493424|3864, 493426|3941, 493426|4013, com.android.chrome, 
493448|1, 493448|1625, 493449|1711, 493449|1900, 493452|1994, 493452|2249, 493467|2357, 493467|3030, 493470|3102, 493470|3304, 493472|3415, 493472|4052, com.dropbox.android, 
493505|1, 493505|4016, com.github.shadowsocks, 
493505|1, 493505|1211, 493507|1270, 493507|1372, 493514|1448, 493533|1571, 493547|1648, 493565|1737, 493572|1838, 493581|1929, 493590|2068, 493595|2190, 493601|2308, 493602|2360, 493604|2415, 493613|2502, 493618|2571, 493621|2627, 493627|2699, 493633|2775, 493635|2848, 493635|2890, 493649|2991, 493651|3058, 493651|3112, 493652|3165, 493658|3218, 493660|3299, 493660|3373, 493667|3467, 493686|3526, 493686|3635, 493691|3712, 493693|3768, 493693|3890, 493697|3969, 493702|4032, com.cnn.mobile.android.phone, 
493818|1, 493819|58, 493819|260, 493820|416, 493820|956, 493821|1033, 493821|1168, 493823|1271, 493823|1361, 493829|1510, 493831|1677, 493834|1843, 493835|1919, 493835|2000, 493841|2090, 493845|2223, 493847|2358, 493849|2473, 493850|2584, 493853|2692, 493860|2824, 493860|2944, 493864|3034, 493864|3116, 493865|3183, 493865|3269, 493867|3357, 493871|3424, 493871|3643, 493875|3706, 493875|3794, 493879|3868, 493887|4294, com.paypal.android.p2pmobile, 
493933|1, 493933|4001, com.google.android.deskclock, 
493934|1, 493934|1774, 493936|1889, 493944|2042, 493957|2182, 493963|2284, 493964|2339, 493966|2407, 493972|2486, 493972|2537, 493973|2579, 493973|2641, 493974|2712, 493974|2961, 493975|3063, 493980|3134, 493985|3187, 493985|3264, 493992|3348, 493993|3402, 493994|3448, 493996|3524, 493997|3588, 493997|3651, 494004|3712, 494006|3808, 494007|4027, com.android.chrome, 
494067|1, 494067|1194, 494069|1274, 494071|1356, 494071|1432, 494080|1554, 494095|1674, 494102|1776, 494104|1829, 494104|1928, 494108|2012, 494112|2085, 494130|2173, 494161|2302, 494163|2425, 494163|2691, 494169|3053, 494174|3460, 494176|3719, 494176|4028, com.Slack, 
494200|1, 494200|641, 494201|677, 494201|1461, 494203|1600, 494203|2151, 494207|2265, 494209|2332, 494211|2400, 494218|2514, 494221|2668, 494226|2735, 494227|2831, 494230|2918, 494231|2980, 494231|3097, 494233|3166, 494234|3235, 494234|3273, 494236|3324, 494236|3387, 494240|3451, 494244|3497, 494244|3538, 494249|3607, 494249|3672, 494250|3736, 494254|3946, 494278|4015, com.paypal.android.p2pmobile, 
494338|1, 494338|4038, com.google.android.deskclock, 
494341|1, 494341|212, 494342|255, 494342|4035, com.google.android.apps.photos, 
494343|1, 494343|1581, 494346|1668, 494348|1738, 494355|1785, 494356|1834, 494357|1893, 494358|1952, 494358|3792, 494359|3860, 494361|3909, 494361|4023, com.skype.raider, 
494367|1, 494367|4036, com.google.android.apps.photos, 
494393|1, 494393|1236, 494394|1348, 494396|1411, 494401|1528, 494402|1600, 494407|1690, 494409|1748, 494418|1886, 494418|1987, 494419|2040, 494420|2101, 494420|2270, 494421|2322, 494421|2380, 494422|2425, 494424|2462, 494426|2518, 494430|2585, 494430|2701, 494432|2778, 494432|3773, 494434|3826, 494434|3896, 494435|3946, 494435|4007, com.Slack, 
494444|1, 494444|133, 494446|169, 494446|1436, 494447|1502, 494449|1548, 494451|1609, 494451|2539, 494452|2609, 494453|2670, 494453|4019, com.whatsapp, 
494459|1, 494459|1073, 494466|1159, 494473|1229, 494475|1305, 494479|1410, 494488|1512, 494503|1599, 494522|1702, 494527|1770, 494538|1845, 494557|1970, 494567|2090, 494573|2176, 494574|2257, 494574|2419, 494575|2495, 494577|2560, 494581|2647, 494582|2762, 494585|2850, 494587|2914, 494587|3124, 494589|3207, 494590|3288, 494591|3344, 494591|3391, 494604|3438, 494613|3500, 494615|3557, 494626|4282, com.antutu.ABenchMark, 
494742|1, 494742|1117, 494743|1213, 494744|1293, 494747|1397, 494768|1544, 494774|1620, 494788|1679, 494812|1833, 494824|1976, 494828|2035, 494833|2145, 494842|2236, 494845|2339, 494855|2428, 494858|2514, 494864|2596, 494866|2650, 494866|2801, 494867|2868, 494867|2908, 494868|2959, 494870|3017, 494872|3075, 494877|3119, 494877|3203, 494879|3261, 494882|3338, 494884|3390, 494884|3430, 494899|3491, 494903|3547, 494903|4032, com.cnn.mobile.android.phone, 
495050|1, 495050|931, 495052|1051, 495052|1117, 495053|1196, 495060|1283, 495078|1396, 495111|1508, 495113|1564, 495114|1623, 495114|1692, 495116|1760, 495116|1906, 495118|1966, 495118|2350, 495119|2463, 495119|3940, 495121|3998, 495121|4052, com.Slack, 
495124|1, 495124|159, 495125|210, 495125|462, 495126|501, 495126|2739, 495127|2823, 495127|3245, 495128|3378, 495128|3551, 495130|3616, 495130|3862, 495131|3945, 495133|4045, com.tripadvisor.tripadvisor, 
495159|1, 495159|4034, com.github.shadowsocks, 
495163|1, 495163|295, 495164|349, 495164|1348, 495165|1445, 495165|1516, 495167|1608, 495167|2395, 495168|2457, 495168|4025, com.whatsapp, 
495175|1, 495175|4016, com.github.shadowsocks, 
495176|1, 495176|4022, at.DiTronic.androidgroup.randomgallery, 
495220|1, 495220|1388, 495221|1458, 495221|1561, 495222|1632, 495222|2408, 495223|2477, 495223|4031, com.whatsapp, 
495233|1, 495233|1154, 495235|1244, 495235|1374, 495236|1468, 495239|1569, 495250|1644, 495270|1707, 495294|1792, 495296|1861, 495297|1913, 495297|2008, 495298|2067, 495299|2128, 495299|2165, 495301|2217, 495301|4017, com.Slack, 
495305|1, 495305|1837, 495308|1898, 495308|2112, 495309|2171, 495310|2215, 495310|2404, 495312|2446, 495312|2577, 495313|2651, 495313|2712, 495314|2791, 495314|2867, 495318|2939, 495318|3050, 495320|3135, 495321|3213, 495323|3260, 495323|3421, 495324|3476, 495324|4012, com.sometimeswefly.littlealchemy, 
495349|1, 495349|1329, 495353|1487, 495363|1559, 495367|1609, 495371|1675, 495371|1760, 495375|1799, 495376|1888, 495376|2057, 495377|2109, 495377|2487, 495382|2550, 495387|2623, 495388|2684, 495391|2731, 495392|2770, 495393|2828, 495395|2886, 495396|2932, 495397|2976, 495397|3071, 495398|3123, 495398|3162, 495403|3234, 495403|3377, 495406|3439, 495409|3498, 495409|3555, 495415|3615, 495419|3695, 495420|3737, 495421|3795, 495421|3902, 495422|3951, 495423|3987, 495423|4032, com.android.chrome, 
495444|1, 495444|1363, 495446|1440, 495447|1495, 495447|2391, 495448|2473, 495448|4005, com.whatsapp, 
495451|1, 495451|1466, 495454|1546, 495454|2025, 495458|2092, 495462|2153, 495462|2195, 495466|2272, 495466|2340, 495481|2438, 495481|2496, 495482|2583, 495482|2669, 495483|2732, 495483|3243, 495490|3284, 495490|3344, 495491|3385, 495494|3448, 495494|3482, 495496|3529, 495497|3581, 495497|3626, 495499|3676, 495524|3715, 495526|3760, 495533|3821, 495534|3875, 495536|3924, 495538|4028, com.paypal.android.p2pmobile, 
495575|1, 495575|1841, 495576|1896, 495576|2084, 495577|2150, 495578|2189, 495578|2385, 495580|2428, 495580|2563, 495582|2660, 495582|2792, 495585|2881, 495585|3079, 495587|3158, 495587|3370, 495588|3436, 495588|4001, com.sometimeswefly.littlealchemy, 
495609|1, 495609|1692, 495614|1769, 495618|1839, 495621|1887, 495623|1940, 495623|2001, 495624|2057, 495624|4007, com.skype.raider, 
495632|1, 495632|1779, 495633|1826, 495635|1881, 495642|1956, 495643|2021, 495644|2077, 495644|2116, 495645|2173, 495645|4020, com.skype.raider, 
495655|1, 495655|1603, 495656|1678, 495656|1755, 495658|1834, 495658|2663, 495659|2748, 495659|4033, com.whatsapp, 
495661|1, 495661|1269, 495663|1365, 495663|1817, 495666|1912, 495673|1992, 495674|2087, 495677|2170, 495680|2366, 495681|2452, 495683|2572, 495683|2665, 495685|2750, 495685|3328, 495688|3373, 495689|3422, 495689|3499, 495690|3567, 495690|3687, 495692|3740, 495692|4007, com.ted.android, 
495728|1, 495728|1282, 495729|1365, 495731|1426, 495731|1486, 495732|1591, 495732|2337, 495733|2409, 495733|4036, com.whatsapp, 
495735|1, 495735|4018, com.google.android.apps.photos, 
495735|1, 495735|1148, 495741|1245, 495761|1389, 495764|1461, 495764|1520, 495771|1609, 495774|1699, 495782|1765, 495800|1857, 495821|2006, 495825|2121, 495844|2225, 495844|2310, 495851|2401, 495858|2483, 495859|2568, 495860|2648, 495869|2849, 495869|2922, 495870|2973, 495875|3077, 495875|3150, 495877|3228, 495879|3286, 495880|3370, 495880|3611, 495894|3692, 495901|3759, 495904|3804, 495905|3850, 495906|3919, 495909|4084, com.antutu.ABenchMark, 
496019|1, 496019|2647, 496020|2703, 496020|3411, 496022|3514, 496022|4061, com.tripadvisor.tripadvisor, 
496033|1, 496033|4020, com.facebook.katana, 
496033|1, 496033|4020, com.facebook.katana, 
496033|1, 496033|981, 496034|1035, 496037|1120, 496039|1182, 496043|1254, 496065|1323, 496072|1413, 496078|1499, 496090|1635, 496106|1760, 496115|1848, 496117|1963, 496124|2068, 496128|2153, 496131|2220, 496135|2303, 496151|2409, 496157|2481, 496158|2558, 496173|2646, 496173|2749, 496181|2806, 496184|2872, 496184|2966, 496185|3001, 496187|3078, 496187|3188, 496192|3233, 496192|3280, 496208|3339, 496208|3405, 496211|3484, 496212|3535, 496213|3601, 496216|3668, 496216|4062, com.cnn.mobile.android.phone, 
496383|1, 496385|77, 496386|185, 496386|262, 496387|339, 496387|499, 496388|564, 496390|624, 496390|1414, 496393|1506, 496399|1566, 496402|1614, 496405|1685, 496405|1753, 496407|1811, 496407|3569, 496408|3629, 496409|3701, 496410|3766, 496410|4032, com.skype.raider, 
496420|1, 496420|1995, 496429|2115, 496432|2193, 496435|2247, 496435|2502, 496436|2556, 496441|2631, 496445|2699, 496445|2921, 496451|2992, 496460|3060, 496463|3099, 496465|3144, 496465|3260, 496523|3342, 496523|4055, com.csst.ecdict, 
496529|1, 496529|2025, 496532|2091, 496536|2172, 496543|2248, 496543|2603, 496544|2648, 496547|2713, 496550|2780, 496553|2851, 496553|3115, 496559|3165, 496571|3230, 496572|3293, 496573|3354, 496610|3426, 496630|3488, 496630|4017, com.csst.ecdict, 
496636|1, 496636|4054, com.google.android.deskclock, 
496636|1, 496636|1253, 496637|1343, 496637|1805, 496640|1889, 496646|1994, 496649|2080, 496650|2157, 496652|2248, 496653|2341, 496653|2467, 496659|2555, 496659|3517, 496660|3568, 496661|3626, 496661|4188, com.ted.android, 
496731|1, 496731|1654, 496733|1697, 496733|1895, 496734|1969, 496735|2015, 496735|2205, 496736|2245, 496737|2301, 496737|2372, 496739|2463, 496739|2583, 496741|2665, 496742|2775, 496742|2881, 496743|2966, 496744|3049, 496744|3192, 496745|3241, 496745|4069, com.sometimeswefly.littlealchemy, 
496767|1, 496767|1852, 496768|1921, 496768|2100, 496769|2158, 496770|2227, 496770|2378, 496771|2440, 496772|2509, 496772|2574, 496774|2652, 496774|2801, 496777|2890, 496777|3070, 496778|3146, 496779|3220, 496779|3375, 496780|3427, 496780|4022, com.sometimeswefly.littlealchemy, 
496789|1, 496789|1184, 496795|1291, 496799|1366, 496807|1444, 496808|1503, 496814|1572, 496825|1695, 496845|1788, 496888|1979, 496911|2089, 496928|2220, 496928|2328, 496932|2597, 496935|3098, 496938|3335, 496940|3573, 496941|3917, 496941|4083, com.Slack, 
496960|1, 496960|1395, 496962|1465, 496962|3042, 496964|3107, 496964|4017, com.google.android.deskclock, 
496970|1, 496970|219, 496971|291, 496971|4120, com.facebook.katana, 
496974|1, 496974|231, 496975|294, 496975|1483, 496978|1591, 496978|1839, 496983|1931, 496987|1978, 496987|2037, 496995|2124, 497007|2207, 497014|2297, 497016|2377, 497016|2448, 497018|2548, 497019|2613, 497019|2871, 497020|2935, 497021|3003, 497022|3055, 497028|3180, 497029|3288, 497029|3919, 497032|4000, 497032|4038, com.dropbox.android, 
497042|1, 497042|4057, com.google.android.deskclock, 
497042|1, 497042|1611, 497047|1686, 497051|1730, 497054|1770, 497055|1830, 497056|1895, 497057|1949, 497057|3637, 497060|3701, 497060|4032, com.skype.raider, 
497088|1, 497088|1482, 497089|1588, 497089|1784, 497092|1858, 497092|2033, 497093|2093, 497094|2154, 497094|2334, 497096|2399, 497096|2558, 497097|2632, 497097|2702, 497098|2757, 497098|2807, 497099|2874, 497102|2956, 497102|3012, 497104|3057, 497105|3124, 497107|3208, 497107|3335, 497108|3387, 497109|3443, 497109|3676, 497110|3732, 497110|4038, com.sometimeswefly.littlealchemy, 
497137|1, 497137|261, 497138|318, 497138|1662, 497139|1709, 497145|1770, 497148|1841, 497150|1889, 497150|1928, 497151|1984, 497151|3628, 497152|3672, 497152|4040, com.skype.raider, 
497157|1, 497157|1064, 497161|1125, 497165|1198, 497178|1285, 497189|1416, 497189|1486, 497191|1553, 497203|1628, 497223|1743, 497234|1814, 497261|1935, 497262|2007, 497272|2125, 497280|2200, 497282|2282, 497282|2506, 497289|2636, 497289|2725, 497293|2811, 497294|2902, 497296|2987, 497296|3391, 497316|3466, 497320|3531, 497320|4017, com.antutu.ABenchMark, 
497467|1, 497467|1022, 497481|1399, 497494|1622, 497505|1739, 497521|1820, 497537|1949, 497562|2116, 497564|2202, 497568|2289, 497574|2414, 497580|2558, 497580|2768, 497582|2856, 497588|3004, 497588|3080, 497590|3147, 497591|3213, 497592|3298, 497592|3883, 497610|3955, 497614|4021, com.antutu.ABenchMark, 
497741|1, 497741|2266, 497744|2406, 497756|2609, 497756|2810, 497759|2924, 497761|3028, 497765|3110, 497767|3170, 497767|3331, 497773|3426, 497785|3496, 497787|3549, 497787|3634, 497855|3731, 497855|4031, com.csst.ecdict, 
497863|1, 497863|1521, 497864|1712, 497864|1849, 497865|1931, 497865|2283, 497866|2432, 497866|2502, 497867|2621, 497868|2731, 497873|2848, 497884|2962, 497888|3038, 497890|3164, 497908|3295, 497915|3402, 497919|3511, 497922|3656, 497923|4010, com.dropbox.android, 
497943|1, 497943|2892, 497946|3073, 497954|3212, 497958|3365, 497958|3549, 497959|3671, 497961|3756, 497963|3855, 497970|3998, 497970|4123, com.csst.ecdict, 
498072|1, 498072|1608, 498073|1690, 498073|2302, 498077|2469, 498085|2667, 498088|2783, 498089|2886, 498089|3723, 498095|3946, 498095|4057, com.ted.android, 
498193|1, 498193|4009, com.google.android.apps.photos, 
498197|1, 498197|1473, 498199|1575, 498199|1764, 498201|1829, 498201|1999, 498206|2082, 498211|2150, 498219|2253, 498225|2351, 498229|2468, 498230|2540, 498230|2609, 498235|2713, 498241|2923, 498243|3027, 498258|3226, 498263|3325, 498264|3483, 498267|3577, 498269|3657, 498277|3790, 498296|3955, 498322|4262, com.booking, 
498397|1, 498397|1899, 498399|2043, 498410|2182, 498413|2230, 498413|2546, 498414|2594, 498418|2677, 498420|2745, 498424|2826, 498424|2983, 498430|3076, 498442|3154, 498444|3197, 498444|3242, 498501|3313, 498504|3395, 498504|4077, com.csst.ecdict, 
498555|1, 498555|579, 498556|639, 498556|963, 498557|1054, 498557|1227, 498559|1318, 498563|1419, 498566|1470, 498572|1563, 498580|1656, 498590|1779, 498598|1839, 498617|1901, 498634|1972, 498646|2056, 498646|2152, 498648|2237, 498648|4039, com.Slack, 
498656|1, 498656|427, 498657|470, 498657|1318, 498658|1419, 498658|3145, 498659|3207, 498659|4005, at.DiTronic.androidgroup.randomgallery, 
498710|1, 498710|1592, 498711|1736, 498711|2120, 498712|2173, 498712|2840, 498713|2890, 498713|4012, com.google.android.deskclock, 
498713|1, 498713|1093, 498714|1149, 498714|1286, 498717|1375, 498722|1430, 498727|1505, 498729|1581, 498733|1681, 498737|1745, 498741|1808, 498746|1909, 498750|1998, 498750|2055, 498753|2173, 498757|2279, 498758|2377, 498758|2455, 498770|2576, 498800|2961, 498811|3056, 498823|3123, 498829|3189, 498832|3238, 498838|3282, 498841|3337, 498845|3386, 498848|3455, 498851|3495, 498853|3534, 498858|3602, 498863|3656, 498870|3714, 498876|3861, 498884|3986, 498884|4034, com.booking, 
498929|1, 498930|61, 498930|236, 498931|292, 498932|346, 498932|523, 498933|581, 498933|1154, 498934|1230, 498934|1405, 498937|1497, 498947|1595, 498949|1708, 498952|1772, 498960|1866, 498965|1960, 498967|2029, 498968|2098, 498972|2204, 498977|2322, 498981|2411, 498985|2525, 499001|2662, 499004|2764, 499006|2829, 499034|3186, 499043|3271, 499051|3358, 499054|3418, 499056|3456, 499057|3501, 499059|3567, 499063|3631, 499065|3698, 499066|3735, 499066|3772, 499069|3846, 499072|3912, 499076|4219, com.booking, 
499119|1, 499119|1554, 499121|1627, 499127|1708, 499130|1770, 499131|1807, 499132|1856, 499133|1916, 499133|2535, 499134|2585, 499134|2794, 499135|2867, 499136|2906, 499136|3082, 499137|3131, 499137|3751, 499138|3804, 499140|3881, 499140|4006, com.skype.raider, 
499151|1, 499151|1222, 499152|1265, 499152|3686, 499153|3747, 499153|3897, 499154|3947, 499154|4044, com.google.android.apps.photos, 
499158|1, 499158|1213, 499172|1318, 499184|1425, 499189|1521, 499189|1577, 499199|1695, 499220|1807, 499233|1908, 499255|2014, 499263|2124, 499268|2263, 499275|2383, 499276|2488, 499281|2600, 499281|2713, 499282|2849, 499288|2985, 499289|3076, 499289|3735, 499294|3802, 499309|3861, 499312|3919, 499313|3990, 499313|4081, com.antutu.ABenchMark, 
499441|1, 499441|4036, com.google.android.apps.photos, 
499441|1, 499441|2665, 499449|2849, 499455|3001, 499455|3438, 499456|3516, 499459|3606, 499463|3697, 499467|3817, 499468|4037, com.csst.ecdict, 
499559|1, 499559|4046, at.DiTronic.androidgroup.randomgallery, 
499601|1, 499601|1558, 499602|1645, 499602|1839, 499603|1925, 499611|2015, 499612|2092, 499617|2183, 499626|2280, 499637|2386, 499638|2470, 499641|2532, 499642|2614, 499646|2686, 499646|2806, 499648|2896, 499648|3048, 499649|3113, 499649|3181, 499650|3279, 499650|4076, com.dropbox.android, 
499666|1, 499666|2106, 499669|2188, 499669|2380, 499670|2466, 499671|2532, 499671|2657, 499672|2740, 499673|2820, 499673|2936, 499675|3029, 499675|3127, 499678|3246, 499678|3377, 499680|3484, 499680|3696, 499681|3753, 499681|4012, com.sometimeswefly.littlealchemy, 
499702|1, 499702|1136, 499706|1230, 499706|1341, 499710|1408, 499730|1520, 499744|1670, 499754|1806, 499763|1884, 499777|1983, 499791|2097, 499809|2268, 499810|2339, 499816|2391, 499823|2500, 499834|2617, 499843|2738, 499847|2798, 499848|2858, 499851|2959, 499852|3028, 499854|3089, 499854|3131, 499855|3189, 499856|3254, 499866|3347, 499866|3410, 499881|3465, 499884|3522, 499886|3594, 499886|3664, 499887|3737, 499887|3787, 499891|3849, 499895|3924, 499896|4011, com.cnn.mobile.android.phone, 
500043|1, 500043|296, 500047|377, 500052|461, 500058|593, 500063|683, 500066|804, 500072|973, 500072|1091, 500073|1177, 500073|1246, 500076|1357, 500078|1409, 500087|1502, 500089|1596, 500090|1684, 500090|3362, 500091|3410, 500091|3778, 500094|3848, 500096|4033, com.skype.raider, 
500112|1, 500112|509, 500113|556, 500113|731, 500114|786, 500114|958, 500115|1100, 500117|1183, 500118|1223, 500121|1316, 500138|1422, 500141|1516, 500149|1595, 500156|1691, 500163|1788, 500172|1926, 500179|2037, 500182|2137, 500187|2237, 500193|2319, 500193|2378, 500199|2457, 500211|2562, 500217|2643, 500221|2740, 500224|2796, 500228|2865, 500239|2941, 500243|3013, 500245|3076, 500248|3121, 500252|3206, 500252|3295, 500253|3360, 500273|3434, 500274|3486, 500274|4053, com.cnn.mobile.android.phone, 
500405|1, 500405|120, 500406|173, 500406|291, 500408|369, 500408|683, 500409|774, 500409|923, 500410|989, 500410|1131, 500411|1213, 500411|1361, 500412|1448, 500412|1693, 500413|1751, 500413|4039, at.DiTronic.androidgroup.randomgallery, 
500467|1, 500467|1673, 500468|1738, 500470|1791, 500477|1853, 500478|1921, 500479|1987, 500480|2031, 500480|3832, 500481|3901, 500481|4011, com.skype.raider, 
500495|1, 500495|4047, at.DiTronic.androidgroup.randomgallery, 
500557|1, 500557|4040, at.DiTronic.androidgroup.randomgallery, 
500611|1, 500611|1250, 500613|1327, 500623|1405, 500626|1460, 500630|1569, 500637|1668, 500652|1765, 500669|1832, 500674|1898, 500686|1999, 500707|2136, 500715|2252, 500719|2333, 500727|2498, 500734|2654, 500734|2725, 500737|2798, 500741|2906, 500743|3010, 500745|3088, 500746|3153, 500746|3216, 500747|3289, 500747|3455, 500748|3523, 500748|3653, 500760|3712, 500771|3803, 500771|4012, com.antutu.ABenchMark, 
500888|1, 500888|1185, 500889|1498, 500889|1660, 500891|1754, 500891|2278, 500898|2420, 500917|2577, 500924|2772, 500934|2937, 500958|3143, 500970|3305, 500973|3419, 500973|3492, 500978|3661, 500982|3787, 500994|3951, 501006|4099, com.booking, 
501113|1, 501113|2185, 501114|2310, 501114|2387, 501115|2475, 501115|2563, 501119|2687, 501129|2855, 501129|2929, 501133|3034, 501152|3199, 501161|3335, 501163|3442, 501165|3554, 501166|3654, 501166|3818, 501167|3914, 501167|4040, com.dropbox.android, 
501175|1, 501175|2074, 501176|2208, 501176|2396, 501181|2506, 501187|2626, 501194|2771, 501208|2889, 501212|3010, 501220|3214, 501221|3379, 501223|3456, 501223|3562, 501225|3704, 501225|4056, com.dropbox.android, 
501232|1, 501232|1542, 501233|1684, 501233|2393, 501243|2591, 501249|2808, 501250|3041, 501250|3250, 501255|3434, 501255|4053, com.ted.android, 
501379|1, 501379|2338, 501381|2461, 501381|2666, 501385|2784, 501385|2922, 501399|3088, 501403|3205, 501403|3288, 501417|3439, 501425|3620, 501427|3769, 501429|3841, 501429|4042, com.dropbox.android, 
501441|1, 501441|1929, 501442|2110, 501442|2436, 501447|2525, 501452|2646, 501457|2764, 501474|2971, 501482|3094, 501487|3260, 501489|3437, 501489|3570, 501490|3680, 501491|3774, 501491|4068, com.dropbox.android, 
501498|1, 501498|1394, 501499|1569, 501499|2008, 501503|2164, 501510|2323, 501516|2459, 501519|2663, 501524|2855, 501525|3039, 501525|3580, 501527|3667, 501528|3765, 501528|3843, 501530|3899, 501530|4222, com.ted.android, 
501596|1, 501596|1470, 501597|1624, 501597|1826, 501599|1978, 501607|2144, 501615|2256, 501620|2375, 501629|2498, 501633|2616, 501633|2734, 501635|2849, 501642|3079, 501643|3234, 501650|3371, 501657|3544, 501662|3700, 501667|3823, 501672|3897, 501678|4012, com.booking, 
501815|1, 501815|417, 501816|497, 501816|1400, 501817|1496, 501817|2138, 501826|2345, 501830|2512, 501834|2727, 501834|3441, 501847|3608, 501847|4330, com.ted.android, 
501956|1, 501956|1643, 501957|1742, 501957|4008, com.google.android.apps.photos, 
501957|1, 501957|2149, 501964|2231, 501967|2359, 501980|2435, 501991|2501, 501998|2596, 502006|2690, 502020|2781, 502020|3369, 502027|3446, 502027|3521, 502028|3571, 502028|4041, com.instagram.android, 
502076|1, 502076|1760, 502081|1848, 502081|1909, 502097|2049, 502109|2174, 502118|2249, 502121|2300, 502123|2372, 502148|2461, 502148|2578, 502155|2630, 502172|2729, 502172|3624, 502182|3693, 502183|3768, 502188|4004, com.instagram.android, 
502191|1, 502191|1685, 502196|1784, 502200|1872, 502214|1973, 502215|2029, 502230|2110, 502236|2188, 502236|2251, 502239|2298, 502263|2368, 502263|2606, 502288|2666, 502288|2807, 502298|2873, 502299|2922, 502299|3497, 502303|3543, 502303|4051, com.instagram.android, 
502310|1, 502310|1784, 502318|1898, 502335|2020, 502342|2095, 502350|2156, 502350|2206, 502356|2276, 502375|2350, 502375|2510, 502382|2586, 502382|2746, 502384|2810, 502384|3087, 502385|3157, 502385|4064, com.instagram.android, 
502433|1, 502433|1566, 502436|1671, 502441|1743, 502446|1843, 502460|1938, 502474|2029, 502474|2078, 502478|2121, 502481|2189, 502495|2268, 502495|2793, 502503|2857, 502503|2925, 502504|2990, 502504|3854, 502514|3919, 502514|4008, com.instagram.android, 
502566|1, 502566|155, 502567|196, 502568|273, 502568|364, 502569|429, 502569|1778, 502573|1897, 502578|2012, 502592|2139, 502599|2212, 502614|2337, 502616|2430, 502631|2521, 502631|2976, 502660|3072, 502660|3156, 502675|3249, 502676|3326, 502676|3683, 502686|3747, 502704|4009, com.instagram.android, 
