387584|1, 387584|1304, 387585|1375, 387587|1454, 387591|1508, 387595|1563, 387596|1615, 387596|1661, 387597|1709, 387597|3417, 387598|3477, 387600|3527, 387601|3581, 387601|4009, com.skype.raider, 
387606|1, 387606|1732, 387607|1783, 387608|1846, 387608|1931, 387609|1974, 387612|2045, 387612|2173, 387616|2243, 387619|2306, 387620|2376, 387621|2428, 387624|2507, 387624|2613, 387627|2690, 387628|2754, 387634|2828, 387634|2876, 387635|2946, 387639|2999, 387640|3071, 387640|3125, 387642|3206, 387643|3259, 387644|3324, 387644|3371, 387646|3447, 387653|3715, 387653|3840, 387658|3923, 387659|3999, 387659|4053, com.ebay.mobile, 
387745|1, 387745|4021, com.github.shadowsocks, 
387746|1, 387746|4009, com.google.android.deskclock, 
387746|1, 387746|1118, 387747|1167, 387747|1649, 387750|1734, 387750|1788, 387755|1885, 387758|1959, 387760|2048, 387760|2114, 387762|2217, 387762|3038, 387767|3141, 387767|4042, com.ted.android, 
387804|1, 387804|1493, 387805|1555, 387805|2053, 387807|2131, 387811|2216, 387811|2313, 387815|2374, 387816|2457, 387818|2522, 387822|2626, 387823|2699, 387825|2751, 387825|3137, 387832|3190, 387832|3277, 387836|3330, 387836|3367, 387840|3413, 387841|3457, 387841|3492, 387843|3546, 387844|3584, 387846|3638, 387854|3680, 387854|3890, 387857|3953, 387857|4049, com.paypal.android.p2pmobile, 
387902|1, 387902|4017, com.facebook.katana, 
387902|1, 387902|2609, 387903|2660, 387903|2725, 387910|3053, 387910|3520, 387913|3975, 387913|4038, com.facebook.katana, 
387935|1, 387935|1327, 387936|1397, 387936|1843, 387939|1892, 387940|1986, 387942|2033, 387942|2103, 387947|2150, 387948|2260, 387950|2328, 387951|2405, 387953|2459, 387954|2534, 387957|2580, 387958|2641, 387958|2833, 387959|2915, 387960|2982, 387964|3034, 387968|3100, 387969|3139, 387970|3185, 387972|3230, 387974|3262, 387974|3388, 387975|3443, 387976|3493, 387984|3535, 387986|3590, 387986|3626, 387994|3677, 387997|3724, 387997|3757, 388009|3835, 388010|3887, 388010|4118, com.paypal.android.p2pmobile, 
388051|1, 388051|807, 388057|883, 388061|983, 388061|1082, 388064|1156, 388068|1218, 388122|1405, 388152|1514, 388164|1590, 388184|1678, 388186|1786, 388186|1848, 388187|1930, 388193|2048, 388193|2117, 388194|2173, 388199|2255, 388202|2325, 388205|2393, 388207|2487, 388207|2780, 388218|2842, 388227|2895, 388229|2941, 388229|3401, 388231|3525, 388252|3805, 388267|3892, 388280|3958, 388291|4043, com.antutu.ABenchMark, 
388366|1, 388366|1249, 388367|1376, 388367|1435, 388369|1486, 388369|1624, 388372|1678, 388376|1752, 388376|1862, 388379|1915, 388385|1996, 388385|2155, 388386|2207, 388389|2242, 388394|2291, 388394|2782, 388395|2900, 388395|3017, 388396|3087, 388396|3131, 388397|3213, 388397|4014, com.tripadvisor.tripadvisor, 
388401|1, 388401|1914, 388402|1956, 388404|2004, 388410|2066, 388410|4031, at.DiTronic.androidgroup.randomgallery, 
388461|1, 388461|1205, 388462|1278, 388462|1320, 388463|1409, 388471|1501, 388476|1594, 388482|1654, 388488|1711, 388488|1900, 388489|1947, 388489|2417, 388492|2467, 388494|2526, 388495|2573, 388496|2612, 388500|2668, 388501|2716, 388513|2785, 388521|2849, 388521|2888, 388526|2941, 388531|2995, 388533|3042, 388534|3098, 388534|3138, 388537|3190, 388540|3265, 388541|3313, 388541|3364, 388548|3419, 388548|3474, 388554|3547, 388560|3655, 388574|3775, 388577|3852, 388587|3944, 388595|4017, com.cnn.mobile.android.phone, 
388715|1, 388715|917, 388716|995, 388716|1404, 388717|1476, 388725|1568, 388728|1638, 388729|1713, 388729|2056, 388731|2129, 388731|3491, 388734|3551, 388734|3686, 388736|3725, 388739|3784, 388740|3834, 388748|4105, com.ted.android, 
388828|1, 388828|4034, com.google.android.apps.photos, 
388828|1, 388828|1088, 388829|1150, 388829|1825, 388834|1909, 388842|1981, 388851|2068, 388866|2249, 388873|2370, 388882|2470, 388886|2538, 388892|2631, 388896|2717, 388938|3065, 388946|3131, 388952|3184, 388953|3232, 388957|3298, 388957|3447, 388958|3484, 388958|3534, 388962|3585, 388963|3634, 388988|3798, 388991|3862, 388998|3920, 388999|3956, 388999|4011, com.booking, 
389051|1, 389051|1093, 389052|1182, 389052|1309, 389055|1386, 389065|1499, 389070|1616, 389076|1679, 389079|1739, 389080|1802, 389084|1888, 389085|1970, 389087|2047, 389090|2169, 389092|2270, 389094|2376, 389099|2475, 389106|2555, 389110|2616, 389110|2652, 389142|2993, 389155|3066, 389160|3117, 389161|3156, 389162|3216, 389162|3294, 389164|3354, 389167|3418, 389169|3460, 389180|3523, 389185|3564, 389187|3617, 389193|3766, 389193|3813, 389196|3883, 389200|3929, 389203|3982, 389203|4022, com.booking, 
389227|1, 389227|4031, com.google.android.apps.photos, 
389227|1, 389227|392, 389228|440, 389231|491, 389232|560, 389232|1456, 389233|1524, 389233|4002, com.whatsapp, 
389233|1, 389233|1432, 389235|1504, 389241|1562, 389255|1643, 389265|1745, 389268|1793, 389268|1848, 389270|1902, 389274|1964, 389277|2035, 389280|2077, 389304|2175, 389328|2266, 389337|2400, 389337|2493, 389339|2767, 389343|3200, 389344|3441, 389346|3672, 389347|3949, 389347|4204, com.Slack, 
389349|1, 389349|1773, 389350|1833, 389350|1995, 389351|2041, 389351|2096, 389352|2135, 389352|2305, 389354|2372, 389354|2476, 389356|2558, 389356|2725, 389357|2781, 389357|2950, 389358|3021, 389358|4011, com.sometimeswefly.littlealchemy, 
389373|1, 389373|1343, 389375|1477, 389375|1530, 389377|1599, 389377|2487, 389384|2557, 389388|2608, 389397|2662, 389397|2750, 389399|2802, 389402|2848, 389405|2910, 389405|3070, 389406|3116, 389407|3206, 389407|4032, com.android.chrome, 
389414|1, 389414|1118, 389416|1188, 389421|1260, 389434|1340, 389441|1428, 389443|1516, 389454|1582, 389472|1687, 389502|1819, 389507|1904, 389513|2016, 389516|2089, 389523|2169, 389525|2333, 389526|2425, 389526|2577, 389529|2647, 389532|2727, 389532|2795, 389534|2867, 389535|2946, 389536|3004, 389536|3292, 389549|3370, 389558|3413, 389559|3459, 389561|4094, com.antutu.ABenchMark, 
389687|1, 389687|3004, 389688|3067, 389691|3124, 389692|3184, 389692|4019, com.whatsapp, 
389692|1, 389692|4038, com.github.shadowsocks, 
389692|1, 389692|4043, com.github.shadowsocks, 
389692|1, 389692|3748, 389693|3795, 389693|4016, com.tripadvisor.tripadvisor, 
389702|1, 389702|1647, 389703|1727, 389703|1794, 389705|1848, 389705|1914, 389706|1978, 389711|2052, 389712|2120, 389714|2166, 389716|2231, 389718|2304, 389725|2362, 389732|2461, 389732|2552, 389738|2771, 389740|2865, 389740|2941, 389744|2998, 389744|3057, 389746|3113, 389747|3160, 389748|3203, 389748|3269, 389755|3329, 389757|3384, 389762|3456, 389767|3518, 389768|3574, 389779|3823, 389781|3875, 389782|3930, 389785|3986, 389785|4024, com.ebay.mobile, 
389837|1, 389837|1647, 389838|1772, 389838|1877, 389839|1959, 389844|2050, 389844|2161, 389852|2229, 389854|2279, 389856|2353, 389857|2412, 389857|2512, 389861|2577, 389862|2646, 389864|2706, 389864|2797, 389865|2855, 389869|2928, 389870|3005, 389873|3062, 389876|3105, 389880|3145, 389882|3190, 389884|3237, 389888|3279, 389888|3389, 389898|3450, 389906|3499, 389909|3585, 389911|3632, 389915|3674, 389917|3731, 389917|3811, 389925|3861, 389925|3897, 389928|3939, 389928|4034, com.ebay.mobile, 
389983|1, 389983|1123, 389984|1177, 389987|1243, 389993|1299, 390001|1380, 390006|1479, 390006|1533, 390008|1631, 390008|4050, com.dropbox.android, 
390011|1, 390011|1866, 390012|1902, 390012|2112, 390013|2159, 390013|2198, 390014|2258, 390014|2404, 390015|2446, 390015|2779, 390016|2866, 390016|2962, 390019|3022, 390019|3225, 390022|3287, 390022|4012, com.sometimeswefly.littlealchemy, 
390044|1, 390044|1547, 390045|1625, 390045|2145, 390049|2271, 390051|2324, 390051|2392, 390059|2474, 390059|2532, 390060|2619, 390062|2690, 390062|2759, 390066|2837, 390067|2892, 390067|3372, 390069|3417, 390069|3464, 390073|3499, 390073|3551, 390076|3779, 390076|3869, 390092|3929, 390110|4015, com.paypal.android.p2pmobile, 
390150|1, 390150|1541, 390151|1622, 390151|1871, 390154|1932, 390154|2010, 390157|2096, 390158|2162, 390158|2199, 390163|2278, 390165|2325, 390165|2365, 390166|2433, 390167|2499, 390167|2540, 390171|2603, 390174|2685, 390177|2736, 390177|2803, 390178|2860, 390178|2909, 390187|3022, 390188|3079, 390197|3118, 390202|3177, 390206|3219, 390206|3255, 390208|3305, 390216|3367, 390216|3482, 390217|3547, 390227|3602, 390228|3668, 390229|3710, 390229|3742, 390231|3787, 390238|3844, 390239|3885, 390241|3933, 390242|3979, 390242|4028, com.ebay.mobile, 
390298|1, 390298|1627, 390299|1715, 390299|2006, 390301|2084, 390303|2167, 390303|2265, 390310|2346, 390310|2411, 390315|2463, 390315|2514, 390316|2563, 390317|2607, 390317|2775, 390319|2845, 390321|2905, 390321|3072, 390325|3126, 390328|3208, 390332|3272, 390332|3310, 390338|3358, 390345|3422, 390349|3486, 390353|3537, 390359|3622, 390363|3689, 390363|3836, 390370|3873, 390373|3926, 390373|4015, com.ebay.mobile, 
390420|1, 390420|1812, 390423|1896, 390428|2018, 390430|2053, 390439|2119, 390450|2178, 390450|2318, 390456|2353, 390456|3048, 390458|3080, 390467|3357, 390467|4245, com.instagram.android, 
390467|1, 390467|1155, 390469|1208, 390479|1304, 390482|1377, 390482|1413, 390483|1482, 390484|1555, 390487|1623, 390496|1693, 390514|1786, 390524|1833, 390552|1949, 390554|2049, 390554|2291, 390557|2814, 390559|3077, 390560|3290, 390561|3607, 390561|4065, com.Slack, 
390563|1, 390563|1305, 390565|1407, 390567|1491, 390574|1574, 390577|1615, 390580|1669, 390580|1737, 390581|1791, 390581|1838, 390582|1871, 390584|1940, 390584|2080, 390585|2136, 390585|2537, 390588|2598, 390588|2674, 390592|2749, 390593|2810, 390594|2854, 390594|2952, 390595|2988, 390596|3063, 390596|3278, 390597|3342, 390600|3391, 390604|3475, 390604|3518, 390605|3557, 390605|4003, com.android.chrome, 
390613|1, 390613|1032, 390614|1087, 390614|1236, 390615|1319, 390621|1415, 390631|1492, 390645|1570, 390653|1664, 390664|1750, 390670|1850, 390671|1927, 390674|2058, 390677|2127, 390677|2166, 390681|2227, 390681|2285, 390689|2350, 390695|2445, 390696|2484, 390701|2555, 390708|2628, 390708|2666, 390710|2739, 390711|2792, 390724|2843, 390727|2899, 390727|2949, 390731|3014, 390731|3060, 390732|3114, 390736|3187, 390736|3272, 390739|3325, 390742|3372, 390742|3473, 390745|3529, 390747|3577, 390747|3635, 390753|3695, 390756|3735, 390756|3916, 390758|3956, 390758|4015, com.cnn.mobile.android.phone, 
390844|1, 390844|833, 390845|932, 390845|1011, 390846|1108, 390846|4033, com.google.android.apps.photos, 
390846|1, 390846|980, 390847|1054, 390847|1477, 390850|1572, 390856|1656, 390859|1729, 390860|1823, 390860|2074, 390864|2142, 390864|3914, 390868|3984, 390868|4023, com.ted.android, 
390902|1, 390902|1571, 390903|1663, 390910|1782, 390916|1891, 390917|1938, 390918|1982, 390919|2033, 390920|2078, 390920|2109, 390923|2179, 390924|2274, 390925|2313, 390925|2506, 390928|2593, 390928|2651, 390932|2696, 390932|2752, 390933|2808, 390934|2844, 390934|3032, 390936|3105, 390936|3290, 390937|3350, 390937|4012, com.android.chrome, 
390940|1, 390940|1445, 390941|1502, 390941|2288, 390943|2367, 390943|2438, 390947|2488, 390956|2594, 390956|2686, 390960|2759, 390964|2862, 390964|2922, 390969|2981, 390971|3054, 390971|3485, 390977|3539, 390977|3573, 390979|3623, 390983|3683, 390983|3724, 390984|3768, 391013|4155, com.paypal.android.p2pmobile, 
391056|1, 391056|4037, com.google.android.deskclock, 
391056|1, 391056|1851, 391057|1890, 391057|2092, 391058|2154, 391059|2191, 391059|2338, 391060|2382, 391061|2442, 391061|2618, 391063|2692, 391063|2741, 391065|2804, 391066|2878, 391066|3399, 391067|3440, 391067|3530, 391068|3582, 391068|4010, com.sometimeswefly.littlealchemy, 
391086|1, 391086|1490, 391087|1542, 391087|1982, 391089|2054, 391091|2121, 391091|2289, 391092|2373, 391097|2462, 391097|2540, 391098|2592, 391098|2942, 391099|2990, 391099|3051, 391101|3097, 391105|3135, 391105|3188, 391106|3238, 391114|3283, 391114|3641, 391118|3694, 391118|3738, 391123|3775, 391123|4006, com.paypal.android.p2pmobile, 
391178|1, 391178|4016, com.google.android.deskclock, 
391178|1, 391178|4237, com.facebook.katana, 
391178|1, 391178|1568, 391180|1704, 391187|1816, 391190|1900, 391196|1962, 391197|2010, 391198|2045, 391200|2117, 391200|2243, 391201|2302, 391201|2343, 391202|2380, 391202|2658, 391205|2718, 391206|2786, 391208|2842, 391208|2885, 391213|2944, 391213|3048, 391215|3098, 391215|3292, 391217|3372, 391217|3579, 391218|3631, 391218|4005, com.android.chrome, 
391223|1, 391223|1542, 391224|1595, 391224|1813, 391226|1885, 391226|1946, 391228|2020, 391231|2097, 391237|2143, 391240|2209, 391244|2314, 391254|2410, 391259|2482, 391265|2542, 391265|2690, 391268|2746, 391268|4010, com.dropbox.android, 
391273|1, 391273|4006, com.facebook.katana, 
391273|1, 391273|4004, com.github.shadowsocks, 
391273|1, 391273|1169, 391275|1219, 391277|1299, 391280|1359, 391282|1439, 391291|1515, 391293|1612, 391294|1668, 391294|1744, 391295|1806, 391296|1846, 391296|2199, 391304|2481, 391312|2901, 391316|3219, 391318|3460, 391370|3851, 391372|4001, com.Slack, 
391378|1, 391378|1576, 391379|1666, 391383|1730, 391383|1797, 391391|1875, 391401|1949, 391401|1985, 391413|2063, 391422|2121, 391423|2155, 391423|2203, 391426|2251, 391442|2307, 391450|2352, 391450|2453, 391453|2492, 391474|2544, 391475|2604, 391475|2734, 391486|2799, 391486|2945, 391489|2996, 391490|3034, 391490|3541, 391493|3586, 391493|3794, 391494|3849, 391494|4225, com.instagram.android, 
391495|1, 391495|598, 391496|669, 391497|724, 391497|797, 391500|867, 391500|924, 391504|1033, 391504|1109, 391511|1166, 391511|1454, 391522|1594, 391522|1636, 391526|1704, 391530|1756, 391530|1806, 391536|1877, 391542|1944, 391542|1984, 391543|2043, 391544|2108, 391545|2145, 391545|2188, 391549|2254, 391549|2338, 391552|2383, 391552|2432, 391556|2475, 391557|2518, 391557|2578, 391562|2646, 391562|2721, 391563|2774, 391565|2824, 391566|2858, 391567|2925, 391567|2987, 391568|3023, 391568|4018, com.cnn.mobile.android.phone, 
391723|1, 391725|59, 391725|149, 391731|219, 391731|351, 391732|400, 391732|530, 391734|591, 391734|4058, com.facebook.katana, 
391735|1, 391735|1701, 391736|1778, 391736|1818, 391739|1885, 391741|1982, 391741|2019, 391748|2100, 391752|2156, 391752|2260, 391762|2352, 391767|2411, 391768|2491, 391769|2563, 391769|2601, 391772|2673, 391773|2764, 391773|2820, 391774|2893, 391775|2966, 391777|3032, 391781|3080, 391782|3161, 391782|3215, 391786|3259, 391788|3354, 391789|3417, 391792|3458, 391796|3541, 391805|3630, 391810|3688, 391810|3736, 391813|3797, 391814|3870, 391815|4049, com.ebay.mobile, 
391861|1, 391861|1702, 391866|1781, 391868|1837, 391874|1905, 391884|1984, 391887|2043, 391900|2094, 391901|2141, 391906|2202, 391906|2253, 391909|2290, 391933|2364, 391933|2495, 391956|2565, 391958|2621, 391958|2751, 391968|2803, 391969|2841, 391969|3070, 391973|3120, 391973|4064, com.instagram.android, 
391994|1, 391994|1313, 391995|1389, 391995|4052, com.whatsapp, 
391996|1, 391996|1119, 391998|1249, 392003|1420, 392013|1524, 392013|1658, 392017|1755, 392017|1982, 392018|2033, 392018|2341, 392019|2445, 392021|2497, 392021|2549, 392025|2605, 392025|2646, 392026|2705, 392027|2766, 392027|2892, 392028|2949, 392029|3016, 392029|3185, 392030|3253, 392030|4019, com.android.chrome, 
392038|1, 392038|1707, 392039|1771, 392039|1972, 392042|2078, 392042|2207, 392043|2282, 392047|2339, 392048|2393, 392048|2953, 392049|3051, 392049|3136, 392051|3210, 392057|3304, 392058|3406, 392060|3470, 392063|3539, 392063|3607, 392069|3679, 392074|3757, 392085|4060, com.ebay.mobile, 
392186|1, 392186|925, 392192|1003, 392198|1082, 392202|1157, 392204|1257, 392207|1350, 392225|1434, 392243|1534, 392250|1609, 392276|1756, 392278|1838, 392288|1979, 392295|2107, 392298|2227, 392298|2439, 392304|2556, 392304|2736, 392305|2814, 392307|2891, 392308|2969, 392308|3278, 392310|3374, 392310|3433, 392322|3496, 392331|3569, 392333|3633, 392339|4027, com.antutu.ABenchMark, 
392456|1, 392456|1256, 392457|1395, 392457|1701, 392461|1858, 392470|1972, 392471|2083, 392473|2204, 392473|2461, 392477|2529, 392479|2581, 392479|2668, 392480|2779, 392481|2836, 392481|3017, 392483|3062, 392483|3627, 392484|3705, 392484|4047, com.ted.android, 
392557|1, 392557|1989, 392558|2120, 392558|2397, 392561|2531, 392564|2585, 392564|2669, 392573|2748, 392574|2804, 392576|2878, 392578|2958, 392578|3042, 392581|3096, 392582|3185, 392583|3277, 392583|3343, 392584|3413, 392584|3499, 392586|3606, 392591|3664, 392591|3738, 392593|3834, 392600|3918, 392603|3987, 392641|4322, com.ebay.mobile, 
392703|1, 392703|1805, 392705|1917, 392711|2116, 392720|2238, 392724|2318, 392725|2391, 392731|2467, 392732|2550, 392732|2665, 392733|2744, 392733|3324, 392734|3394, 392737|3470, 392741|3548, 392741|3653, 392743|3732, 392744|3817, 392745|4070, com.android.chrome, 
392748|1, 392748|4046, com.google.android.deskclock, 
392748|1, 392748|2066, 392753|2172, 392753|2246, 392756|2320, 392770|2414, 392772|2480, 392778|2532, 392788|2597, 392788|2657, 392791|2723, 392791|3330, 392801|3404, 392801|3560, 392821|3631, 392826|3695, 392851|4064, com.instagram.android, 
392872|1, 392872|1550, 392874|1766, 392874|1843, 392884|1985, 392887|2067, 392891|2153, 392892|2217, 392897|2294, 392897|2385, 392898|2439, 392898|2497, 392899|2554, 392899|2911, 392902|2996, 392902|3049, 392907|3096, 392907|3169, 392909|3242, 392909|3389, 392911|3510, 392911|3715, 392912|3779, 392912|4035, com.android.chrome, 
392915|1, 392915|3483, 392916|3566, 392916|3729, 392918|3806, 392918|4031, com.tripadvisor.tripadvisor, 
392931|1, 392931|1210, 392933|1249, 392935|1332, 392937|1399, 392948|1487, 392956|1569, 392968|1699, 392979|1766, 392992|1826, 393020|1902, 393048|2022, 393064|2120, 393065|2260, 393066|2605, 393068|3084, 393069|3315, 393070|3560, 393071|3972, 393071|4162, com.Slack, 
393075|1, 393075|1718, 393076|1820, 393076|2155, 393078|2258, 393079|2325, 393079|2373, 393090|2445, 393093|2531, 393095|2611, 393095|2679, 393096|2752, 393100|2854, 393100|2981, 393102|3077, 393104|3149, 393104|3274, 393111|3548, 393113|3610, 393113|3673, 393122|3749, 393123|3790, 393126|3868, 393128|3952, 393129|4004, com.ebay.mobile, 
393226|1, 393226|1729, 393227|1790, 393227|1996, 393228|2044, 393229|2083, 393229|2290, 393230|2357, 393230|2603, 393231|2678, 393231|2787, 393233|2852, 393233|3032, 393235|3102, 393235|4041, com.sometimeswefly.littlealchemy, 
393249|1, 393249|2594, 393250|2663, 393250|3605, 393252|3642, 393252|4040, com.tripadvisor.tripadvisor, 
393263|1, 393263|2629, 393264|2705, 393264|3559, 393266|3622, 393266|4009, com.tripadvisor.tripadvisor, 
393277|1, 393277|1710, 393278|1777, 393278|2122, 393281|2217, 393282|2305, 393282|2400, 393287|2476, 393291|2558, 393291|2604, 393296|2680, 393301|2802, 393302|2888, 393302|2960, 393304|3048, 393304|3172, 393305|3237, 393308|3334, 393308|3393, 393310|3439, 393313|3524, 393313|3588, 393321|3657, 393322|3719, 393326|3816, 393334|3918, 393344|4184, com.ebay.mobile, 
393435|1, 393435|1835, 393442|1978, 393449|2069, 393449|2295, 393452|2393, 393458|2461, 393459|2508, 393461|2581, 393461|2735, 393470|2803, 393479|2871, 393481|2928, 393481|3064, 393545|3138, 393545|4022, com.csst.ecdict, 
393551|1, 393551|4005, com.github.shadowsocks, 
393551|1, 393551|1327, 393552|1401, 393556|1501, 393566|1600, 393582|1670, 393589|1733, 393611|1893, 393624|2027, 393629|2113, 393635|2226, 393636|2304, 393636|2350, 393638|2398, 393646|2527, 393654|2605, 393654|2718, 393666|2807, 393666|2875, 393671|2929, 393684|3004, 393684|3069, 393689|3141, 393695|3197, 393695|3310, 393702|3391, 393705|3446, 393706|3497, 393709|3561, 393711|3647, 393711|4013, com.cnn.mobile.android.phone, 
393783|1, 393783|84, 393784|129, 393784|260, 393786|389, 393786|2423, 393787|2476, 393787|2600, 393789|2682, 393789|2758, 393794|2846, 393795|2952, 393795|3016, 393796|3076, 393796|3178, 393798|3262, 393798|4028, com.facebook.katana, 
393798|1, 393798|4026, com.github.shadowsocks, 
393798|1, 393798|1965, 393801|2065, 393809|2143, 393813|2216, 393813|2355, 393814|2440, 393818|2518, 393822|2572, 393824|2612, 393824|2832, 393826|2887, 393835|2958, 393842|3020, 393843|3066, 393844|3126, 393844|3178, 393898|3258, 393898|3750, 393899|3799, 393899|3913, 393900|3984, 393900|4050, com.csst.ecdict, 
393947|1, 393947|4012, com.github.shadowsocks, 
393947|1, 393947|2671, 393948|2736, 393948|3041, 393950|3112, 393950|3804, 393954|3865, 393954|4011, com.tripadvisor.tripadvisor, 
393962|1, 393962|4021, at.DiTronic.androidgroup.randomgallery, 
393984|1, 393984|1883, 393987|1991, 393995|2065, 393998|2123, 393998|2277, 393999|2320, 394001|2385, 394003|2446, 394007|2501, 394008|2540, 394011|2591, 394011|2736, 394017|2803, 394027|2860, 394029|2914, 394031|2966, 394031|3054, 394089|3123, 394089|4019, com.csst.ecdict, 
394095|1, 394095|1280, 394101|1339, 394107|1395, 394116|1499, 394122|1587, 394122|1727, 394135|1806, 394157|1905, 394163|1983, 394185|2104, 394195|2190, 394199|2267, 394212|2411, 394213|2556, 394214|2655, 394214|2735, 394215|2821, 394220|2903, 394220|2961, 394222|3031, 394223|3104, 394224|3162, 394224|3408, 394225|3465, 394242|3525, 394246|3569, 394246|4043, com.antutu.ABenchMark, 
394380|1, 394380|1023, 394381|1162, 394381|1405, 394382|1519, 394382|1850, 394383|1952, 394384|2003, 394384|2170, 394390|2277, 394390|2597, 394393|2672, 394393|3033, 394394|3086, 394394|3167, 394397|3224, 394397|3322, 394403|3370, 394403|3431, 394411|3493, 394411|3791, 394412|3848, 394412|3907, 394413|3987, 394413|4039, com.paypal.android.p2pmobile, 
394477|1, 394477|1451, 394478|1538, 394478|1940, 394480|2024, 394482|2104, 394483|2147, 394486|2238, 394501|2332, 394502|2425, 394504|2520, 394506|2615, 394509|2686, 394509|3191, 394513|3251, 394514|3321, 394519|3365, 394520|3407, 394520|3463, 394521|3517, 394521|3622, 394525|3680, 394526|3758, 394526|3859, 394531|3932, 394536|4027, com.paypal.android.p2pmobile, 
394572|1, 394572|1836, 394573|1969, 394573|4126, com.whatsapp, 
394573|1, 394573|3317, 394574|3424, 394574|3749, 394576|3920, 394576|4134, com.tripadvisor.tripadvisor, 
394587|1, 394588|161, 394588|231, 394589|296, 394590|383, 394590|569, 394591|682, 394591|2044, 394592|2290, 394592|2599, 394595|2770, 394607|2991, 394609|3144, 394622|3310, 394625|3477, 394626|3581, 394629|3722, 394631|3876, 394631|4041, com.booking, 
394770|1, 394770|4097, at.DiTronic.androidgroup.randomgallery, 
394788|1, 394788|4027, com.facebook.katana, 
394788|1, 394788|2853, 394789|2951, 394789|3145, 394791|3258, 394791|4019, com.tripadvisor.tripadvisor, 
394803|1, 394803|1168, 394804|1233, 394804|1345, 394806|1405, 394807|1478, 394808|1563, 394814|1624, 394821|1697, 394832|1861, 394839|1947, 394848|2004, 394864|2157, 394873|2250, 394878|2298, 394882|2366, 394890|2453, 394892|2512, 394893|2564, 394897|2668, 394897|2751, 394909|2852, 394909|2897, 394913|2958, 394914|3019, 394914|3075, 394918|3122, 394919|3184, 394921|3245, 394926|3306, 394930|3347, 394932|3392, 394934|3454, 394935|3523, 394935|3581, 394936|3624, 394937|3687, 394938|3761, 394945|3818, 394945|3862, 394946|3912, 394947|3984, 394949|4084, com.cnn.mobile.android.phone, 
395023|1, 395023|1262, 395024|1337, 395024|1435, 395026|1527, 395026|1625, 395032|1737, 395032|1866, 395033|1901, 395033|2002, 395035|2092, 395035|2252, 395036|2311, 395036|2434, 395038|2523, 395038|2616, 395044|2689, 395044|2765, 395045|2851, 395045|2986, 395047|3085, 395047|4050, at.DiTronic.androidgroup.randomgallery, 
395091|1, 395091|1021, 395092|1105, 395092|1864, 395097|1943, 395104|2027, 395115|2152, 395123|2286, 395140|2417, 395150|2485, 395154|2594, 395157|2659, 395162|2708, 395167|2780, 395178|2922, 395197|3072, 395206|3161, 395208|3212, 395210|3263, 395212|3302, 395212|3347, 395215|3413, 395219|3484, 395219|3529, 395226|3585, 395233|3646, 395235|3702, 395235|3824, 395238|3891, 395244|3952, 395244|4027, com.booking, 
395273|1, 395273|1109, 395274|1209, 395274|1325, 395281|1435, 395289|1537, 395289|1619, 395293|1714, 395302|1815, 395306|1921, 395308|1983, 395309|2083, 395315|2246, 395319|2358, 395329|2468, 395336|2590, 395337|2653, 395337|2699, 395341|2772, 395346|2886, 395352|2958, 395366|3065, 395372|3167, 395374|3229, 395374|3269, 395376|3330, 395378|3399, 395387|3473, 395395|3527, 395396|3567, 395396|3621, 395405|3681, 395406|3725, 395406|3869, 395410|3931, 395418|4015, com.booking, 
395446|1, 395446|1775, 395453|1874, 395457|1946, 395460|1998, 395460|2218, 395461|2269, 395463|2324, 395466|2391, 395471|2457, 395471|2667, 395477|2740, 395479|2780, 395479|2892, 395490|2963, 395491|3003, 395492|3042, 395492|3091, 395557|3164, 395557|4038, com.csst.ecdict, 
395565|1, 395565|1444, 395567|1622, 395573|1717, 395577|1772, 395583|1834, 395583|1898, 395585|1957, 395587|2024, 395587|2226, 395588|2263, 395588|2719, 395589|2788, 395591|2832, 395596|2903, 395597|2970, 395597|3071, 395599|3140, 395600|3203, 395600|3349, 395601|3443, 395601|4021, com.android.chrome, 
395608|1, 395608|1635, 395609|1725, 395609|1989, 395611|2106, 395611|2258, 395617|2373, 395619|2465, 395619|3044, 395621|3121, 395621|3309, 395622|3425, 395622|4060, com.dropbox.android, 
395651|1, 395651|4005, com.github.shadowsocks, 
395651|1, 395651|1232, 395653|1296, 395653|1389, 395655|1458, 395658|1556, 395670|1663, 395692|1753, 395699|1853, 395708|1941, 395717|2070, 395721|2189, 395729|2325, 395730|2387, 395731|2432, 395740|2512, 395742|2592, 395746|2650, 395751|2714, 395758|2798, 395761|2865, 395762|2917, 395770|3003, 395778|3074, 395778|3191, 395785|3245, 395787|3311, 395787|3391, 395790|3474, 395799|3552, 395799|3658, 395802|3721, 395805|3795, 395805|3903, 395809|3987, 395813|4059, com.cnn.mobile.android.phone, 
395887|1, 395888|103, 395888|1196, 395890|1297, 395890|1402, 395896|1510, 395898|1690, 395898|1853, 395902|1948, 395902|2114, 395911|2242, 395913|2400, 395915|2496, 395916|2607, 395918|2706, 395924|2849, 395926|2957, 395928|3060, 395928|3299, 395930|3393, 395934|3460, 395934|3681, 395938|3748, 395938|3832, 395942|3906, 395949|4335, com.paypal.android.p2pmobile, 
395992|1, 395992|4024, com.google.android.deskclock, 
395992|1, 395992|1882, 395995|1985, 396005|2160, 396010|2291, 396012|2339, 396014|2408, 396020|2481, 396020|2587, 396021|2649, 396022|2712, 396022|3137, 396023|3193, 396025|3264, 396029|3347, 396030|3411, 396030|3458, 396032|3521, 396032|3707, 396034|3801, 396034|4029, com.android.chrome, 
396056|1, 396056|1435, 396058|1520, 396071|1648, 396083|1772, 396085|1833, 396085|1922, 396086|2003, 396092|2084, 396098|2142, 396129|2286, 396140|2408, 396140|2937, 396146|3395, 396148|3644, 396149|3918, 396149|4319, com.Slack, 
396151|1, 396151|1566, 396152|1683, 396152|2143, 396156|2244, 396158|2325, 396158|2391, 396167|2492, 396169|2632, 396174|2732, 396175|2823, 396176|2912, 396179|2983, 396179|3165, 396180|3235, 396180|3281, 396182|3326, 396182|3390, 396186|3445, 396190|3504, 396190|3596, 396195|3670, 396195|3736, 396197|3948, 396200|4011, com.paypal.android.p2pmobile, 
396272|1, 396272|4029, com.google.android.deskclock, 
396272|1, 396272|4044, com.google.android.apps.photos, 
396272|1, 396272|1664, 396275|1737, 396279|1789, 396282|1836, 396284|1892, 396284|1954, 396285|2015, 396285|3859, 396286|3914, 396286|4024, com.skype.raider, 
396289|1, 396289|4033, com.google.android.apps.photos, 
396300|1, 396300|1346, 396301|1403, 396304|1518, 396308|1596, 396311|1686, 396313|1743, 396321|1854, 396323|1944, 396323|2042, 396325|2106, 396325|2471, 396327|2519, 396331|2579, 396332|2648, 396332|2710, 396334|2779, 396334|3829, 396336|3872, 396337|4012, com.Slack, 
396340|1, 396340|173, 396341|246, 396341|1554, 396342|1605, 396342|4018, com.whatsapp, 
396343|1, 396343|1082, 396345|1161, 396352|1245, 396355|1313, 396361|1420, 396364|1515, 396376|1600, 396398|1717, 396405|1789, 396414|1864, 396434|1976, 396442|2096, 396450|2180, 396452|2266, 396452|2498, 396455|2577, 396458|2645, 396458|2772, 396460|2852, 396462|2926, 396463|3007, 396463|3143, 396464|3225, 396466|3304, 396467|3366, 396467|3416, 396470|3458, 396487|3518, 396489|3579, 396498|4291, com.antutu.ABenchMark, 
396613|1, 396613|1321, 396614|1412, 396616|1549, 396621|1651, 396625|1697, 396652|1815, 396666|1968, 396673|2062, 396677|2154, 396687|2253, 396691|2364, 396698|2439, 396703|2527, 396703|2615, 396710|2683, 396711|2727, 396711|2834, 396712|2900, 396712|2945, 396713|2988, 396715|3042, 396717|3106, 396722|3155, 396722|3234, 396724|3290, 396727|3358, 396729|3423, 396729|3523, 396732|3576, 396733|3641, 396733|4002, com.cnn.mobile.android.phone, 
396843|1, 396844|182, 396844|1012, 396846|1126, 396846|1200, 396847|1274, 396849|1347, 396857|1454, 396893|1586, 396907|1652, 396908|1709, 396908|1774, 396909|1840, 396910|1891, 396910|4023, com.Slack, 
396910|1, 396910|3339, 396911|3437, 396911|3553, 396913|3618, 396915|4051, com.tripadvisor.tripadvisor, 
396927|1, 396927|4033, com.github.shadowsocks, 
396927|1, 396927|1348, 396928|1460, 396928|4013, com.whatsapp, 
396928|1, 396928|4029, com.github.shadowsocks, 
396928|1, 396928|4007, at.DiTronic.androidgroup.randomgallery, 
396960|1, 396960|1459, 396961|1522, 396961|4038, com.whatsapp, 
396964|1, 396964|1154, 396966|1234, 396966|1359, 396967|1467, 396968|1545, 396976|1640, 396992|1706, 397013|1785, 397026|1852, 397028|1913, 397028|2013, 397029|2065, 397030|2133, 397030|4023, com.Slack, 
397030|1, 397030|1900, 397031|1952, 397031|2089, 397032|2177, 397033|2220, 397033|2395, 397034|2454, 397034|2771, 397035|2867, 397036|2933, 397038|2995, 397038|3039, 397039|3121, 397039|3261, 397041|3311, 397041|4016, com.sometimeswefly.littlealchemy, 
397057|1, 397057|1328, 397059|1443, 397064|1571, 397068|1618, 397073|1686, 397073|1811, 397078|1901, 397078|2117, 397079|2175, 397079|2551, 397082|2638, 397083|2693, 397086|2744, 397087|2786, 397087|2895, 397089|2948, 397090|2985, 397090|3178, 397091|3244, 397091|4003, com.android.chrome, 
397098|1, 397098|1370, 397099|1456, 397099|4016, com.whatsapp, 
397099|1, 397099|1545, 397100|1601, 397100|2086, 397104|2156, 397104|2204, 397106|2264, 397108|2341, 397109|2428, 397123|2497, 397124|2570, 397124|3250, 397125|3284, 397130|3340, 397130|3392, 397133|3455, 397133|3489, 397135|3533, 397136|3586, 397136|3629, 397138|3682, 397163|3723, 397163|3759, 397172|3820, 397172|3874, 397175|3931, 397175|4015, com.paypal.android.p2pmobile, 
397211|1, 397211|1875, 397212|1938, 397212|2120, 397213|2196, 397214|2235, 397214|2425, 397216|2472, 397216|2587, 397218|2685, 397218|2824, 397220|2910, 397220|4041, com.sometimeswefly.littlealchemy, 
397234|1, 397234|1692, 397235|1768, 397241|1844, 397244|1896, 397245|1943, 397246|2003, 397247|2064, 397247|4016, com.skype.raider, 
397251|1, 397251|1776, 397252|1837, 397254|1881, 397258|1958, 397261|2025, 397263|2088, 397263|2128, 397264|2179, 397264|4030, com.skype.raider, 
397273|1, 397273|1691, 397274|1775, 397274|4037, com.whatsapp, 
397274|1, 397274|1252, 397275|1356, 397275|1798, 397276|1899, 397278|1976, 397283|2057, 397286|2165, 397287|2341, 397287|2443, 397288|2553, 397290|2661, 397292|2741, 397292|3379, 397295|3429, 397296|3495, 397296|3564, 397297|3641, 397297|3695, 397298|3744, 397299|3807, 397299|4011, com.ted.android, 
397330|1, 397330|1368, 397331|1430, 397331|4042, com.whatsapp, 
397331|1, 397331|4029, com.google.android.apps.photos, 
397331|1, 397331|1232, 397349|1367, 397356|1462, 397356|1517, 397359|1598, 397364|1692, 397368|1763, 397387|1832, 397392|1979, 397412|2097, 397432|2230, 397432|2298, 397438|2390, 397445|2484, 397446|2549, 397448|2638, 397456|2778, 397457|2925, 397457|2975, 397460|3070, 397463|3147, 397464|3221, 397467|3288, 397468|3362, 397468|3615, 397469|3678, 397487|3756, 397490|3811, 397490|3852, 397491|3917, 397493|4090, com.antutu.ABenchMark, 
397602|1, 397602|2689, 397603|2761, 397603|3459, 397605|3563, 397605|4039, com.tripadvisor.tripadvisor, 
397616|1, 397616|4008, com.facebook.katana, 
397616|1, 397616|4033, com.facebook.katana, 
397616|1, 397616|1042, 397617|1122, 397619|1181, 397619|1253, 397624|1324, 397627|1394, 397628|1496, 397639|1611, 397659|1760, 397668|1845, 397670|1937, 397675|2060, 397678|2138, 397681|2216, 397685|2298, 397693|2406, 397704|2483, 397705|2543, 397714|2643, 397718|2717, 397718|2760, 397726|2812, 397728|2866, 397729|2930, 397729|3012, 397732|3068, 397732|3239, 397737|3284, 397737|3409, 397740|3490, 397740|3537, 397741|3601, 397742|3665, 397744|3729, 397744|4058, com.cnn.mobile.android.phone, 
397866|1, 397866|121, 397868|227, 397868|307, 397869|402, 397869|542, 397870|622, 397870|678, 397871|755, 397871|1456, 397872|1557, 397878|1627, 397881|1673, 397882|1734, 397883|1807, 397884|1867, 397884|3687, 397885|3755, 397886|3821, 397886|4034, com.skype.raider, 
397889|1, 397889|1988, 397892|2112, 397899|2185, 397902|2249, 397902|2561, 397906|2629, 397909|2697, 397912|2767, 397912|2984, 397924|3058, 397930|3108, 397931|3146, 397932|3201, 397932|3263, 397990|3340, 397990|4054, com.csst.ecdict, 
397996|1, 397996|2078, 398003|2167, 398007|2241, 398010|2328, 398010|2587, 398011|2653, 398012|2706, 398016|2780, 398020|2848, 398020|3108, 398026|3173, 398032|3230, 398038|3300, 398040|3358, 398077|3427, 398097|3495, 398097|4013, com.csst.ecdict, 
398103|1, 398103|4070, com.google.android.deskclock, 
398103|1, 398103|1258, 398104|1347, 398104|1811, 398105|1891, 398112|1972, 398116|2090, 398117|2167, 398117|2247, 398119|2332, 398119|2473, 398124|2536, 398125|2635, 398125|3580, 398127|3634, 398127|4201, com.ted.android, 
398194|1, 398194|1701, 398195|1749, 398195|1897, 398196|1974, 398197|2020, 398197|2208, 398198|2253, 398199|2299, 398199|2369, 398201|2460, 398201|2653, 398203|2770, 398203|4073, com.sometimeswefly.littlealchemy, 
398217|1, 398217|1865, 398218|1923, 398218|2109, 398219|2159, 398220|2228, 398220|2439, 398222|2511, 398222|2577, 398224|2656, 398224|2804, 398226|2880, 398226|4022, com.sometimeswefly.littlealchemy, 
398228|1, 398228|1197, 398230|1280, 398234|1375, 398240|1449, 398243|1513, 398248|1579, 398256|1680, 398276|1796, 398311|1922, 398331|2068, 398360|2212, 398360|2323, 398363|2540, 398364|3015, 398365|3281, 398367|3527, 398368|3903, 398368|4056, com.Slack, 
398372|1, 398372|4018, com.google.android.deskclock, 
398374|1, 398374|4161, com.facebook.katana, 
398374|1, 398374|1628, 398375|1699, 398375|1874, 398376|1966, 398382|2032, 398382|2085, 398384|2144, 398392|2240, 398403|2328, 398409|2427, 398409|2492, 398410|2590, 398411|2651, 398411|2984, 398413|3054, 398413|3209, 398420|3329, 398422|4044, com.dropbox.android, 
398429|1, 398429|4003, com.google.android.deskclock, 
398429|1, 398429|1618, 398430|1692, 398432|1749, 398436|1788, 398440|1842, 398441|1903, 398441|1960, 398442|2007, 398442|3652, 398443|3708, 398443|4015, com.skype.raider, 
398454|1, 398454|1779, 398455|1855, 398455|2035, 398456|2092, 398457|2153, 398457|2332, 398458|2397, 398458|2761, 398459|2813, 398459|2873, 398462|2950, 398462|3022, 398463|3064, 398463|3120, 398465|3200, 398465|4039, com.sometimeswefly.littlealchemy, 
398480|1, 398480|1664, 398481|1710, 398483|1766, 398490|1836, 398491|1895, 398492|1933, 398492|1982, 398493|2041, 398493|3671, 398494|3740, 398494|4040, com.skype.raider, 
398497|1, 398497|1130, 398503|1192, 398509|1274, 398525|1403, 398525|1488, 398526|1558, 398532|1618, 398553|1721, 398568|1818, 398578|1908, 398595|2011, 398602|2112, 398609|2195, 398615|2277, 398615|2497, 398618|2631, 398621|2721, 398623|2792, 398625|2892, 398627|2974, 398627|3399, 398630|3459, 398647|3532, 398649|3588, 398649|4020, com.antutu.ABenchMark, 
398790|1, 398790|1003, 398792|1332, 398817|1653, 398824|1778, 398844|1868, 398856|1965, 398885|2149, 398887|2248, 398891|2318, 398896|2440, 398903|2575, 398903|2808, 398904|2880, 398910|3035, 398911|3129, 398912|3196, 398914|3251, 398915|3340, 398915|3928, 398926|3999, 398937|4066, com.antutu.ABenchMark, 
399063|1, 399063|2438, 399071|2612, 399078|2791, 399078|2861, 399079|2959, 399082|3075, 399086|3170, 399087|3229, 399089|3302, 399089|3383, 399091|3473, 399107|3558, 399107|3613, 399109|3688, 399119|3774, 399177|3887, 399177|4002, com.csst.ecdict, 
399183|1, 399183|2271, 399184|2434, 399184|2613, 399186|2734, 399187|2850, 399200|2976, 399202|3054, 399204|3156, 399212|3292, 399223|3415, 399231|3512, 399231|3652, 399234|3766, 399234|4009, com.dropbox.android, 
399240|1, 399240|3067, 399248|3239, 399255|3372, 399255|3700, 399258|3794, 399265|4013, com.csst.ecdict, 
399363|1, 399363|2463, 399371|2682, 399375|2826, 399376|2919, 399376|3768, 399382|3872, 399382|4092, com.ted.android, 
399468|1, 399468|4026, com.google.android.apps.photos, 
399472|1, 399472|1468, 399473|1569, 399473|2004, 399476|2089, 399482|2150, 399489|2234, 399496|2347, 399500|2461, 399501|2551, 399501|2713, 399508|2886, 399510|3017, 399515|3159, 399530|3329, 399531|3458, 399532|3580, 399536|3668, 399541|3781, 399556|3925, 399586|4269, com.booking, 
399656|1, 399656|2042, 399663|2188, 399667|2246, 399670|2318, 399670|2555, 399671|2612, 399674|2688, 399677|2762, 399681|2834, 399681|2997, 399687|3085, 399699|3171, 399700|3219, 399701|3257, 399732|3317, 399761|3406, 399761|4079, com.csst.ecdict, 
399803|1, 399803|1317, 399809|1414, 399812|1474, 399818|1555, 399822|1636, 399827|1747, 399841|1843, 399851|1900, 399872|1970, 399890|2051, 399890|2158, 399891|2232, 399892|2300, 399892|4045, com.Slack, 
399895|1, 399895|4001, at.DiTronic.androidgroup.randomgallery, 
399936|1, 399936|4021, com.google.android.deskclock, 
399936|1, 399936|1109, 399937|1162, 399937|1290, 399939|1379, 399940|1447, 399946|1514, 399952|1595, 399953|1679, 399956|1759, 399962|1812, 399969|1919, 399970|2015, 399971|2072, 399973|2169, 399976|2275, 399978|2376, 399978|2461, 399990|2546, 399992|2728, 400029|3071, 400037|3136, 400048|3201, 400051|3257, 400053|3296, 400058|3346, 400060|3401, 400063|3458, 400066|3516, 400068|3556, 400071|3618, 400075|3672, 400082|3731, 400091|3882, 400099|4003, com.booking, 
400137|1, 400137|1158, 400138|1238, 400138|1397, 400141|1496, 400147|1593, 400153|1680, 400153|1770, 400160|1861, 400165|1938, 400170|2035, 400171|2084, 400174|2192, 400176|2309, 400181|2409, 400184|2506, 400198|2642, 400201|2765, 400205|2829, 400225|3185, 400237|3268, 400244|3355, 400253|3421, 400253|3464, 400255|3506, 400257|3565, 400260|3632, 400263|3704, 400263|3779, 400265|3834, 400269|3916, 400269|4221, com.booking, 
400307|1, 400307|1576, 400308|1640, 400314|1726, 400317|1788, 400318|1831, 400319|1871, 400320|1935, 400320|3818, 400321|3894, 400321|4018, com.skype.raider, 
400330|1, 400330|3912, 400331|3967, 400331|4009, com.google.android.apps.photos, 
400331|1, 400331|1193, 400337|1303, 400351|1408, 400358|1519, 400358|1580, 400360|1668, 400385|1792, 400393|1882, 400421|2014, 400426|2096, 400433|2237, 400442|2387, 400442|2469, 400445|2578, 400448|2712, 400448|2796, 400453|2948, 400456|3073, 400456|3799, 400468|3865, 400476|3920, 400478|3992, 400478|4071, com.antutu.ABenchMark, 
400603|1, 400603|4027, com.google.android.apps.photos, 
400603|1, 400603|2648, 400610|2836, 400617|2974, 400617|3442, 400618|3528, 400621|3608, 400625|3697, 400629|3815, 400629|4041, com.csst.ecdict, 
400712|1, 400712|4005, at.DiTronic.androidgroup.randomgallery, 
400749|1, 400749|1552, 400750|1649, 400750|1910, 400755|2021, 400759|2083, 400761|2178, 400770|2271, 400782|2379, 400782|2476, 400784|2533, 400785|2613, 400786|2684, 400789|2755, 400789|2879, 400791|2981, 400791|3265, 400792|3357, 400792|4067, com.dropbox.android, 
400802|1, 400802|2202, 400803|2269, 400803|2402, 400804|2477, 400805|2559, 400805|2669, 400806|2758, 400807|2836, 400807|2961, 400809|3031, 400809|3131, 400811|3242, 400811|4038, com.sometimeswefly.littlealchemy, 
400825|1, 400825|1224, 400826|1307, 400826|1411, 400829|1513, 400836|1655, 400843|1812, 400853|1888, 400863|1970, 400875|2074, 400892|2249, 400898|2357, 400898|2401, 400906|2472, 400920|2626, 400922|2708, 400931|2809, 400934|2869, 400936|2968, 400937|3036, 400940|3106, 400940|3194, 400941|3264, 400950|3346, 400951|3427, 400954|3476, 400955|3535, 400956|3602, 400956|3742, 400957|3804, 400960|3854, 400962|3938, 400965|4015, com.cnn.mobile.android.phone, 
401074|1, 401074|477, 401077|562, 401081|690, 401089|794, 401091|887, 401100|1070, 401100|1210, 401101|1284, 401101|1460, 401103|1526, 401105|1583, 401114|1701, 401116|1795, 401117|4019, com.skype.raider, 
401130|1, 401130|1068, 401132|1191, 401132|1303, 401135|1397, 401139|1502, 401147|1596, 401153|1678, 401157|1769, 401169|1897, 401176|2039, 401179|2121, 401181|2223, 401186|2308, 401190|2378, 401194|2444, 401205|2552, 401210|2635, 401214|2724, 401219|2800, 401223|2858, 401223|2922, 401238|3007, 401239|3078, 401240|3125, 401244|3182, 401247|3282, 401247|3359, 401252|3429, 401255|3492, 401255|4052, com.cnn.mobile.android.phone, 
401342|1, 401348|215, 401349|278, 401349|399, 401351|468, 401351|4033, at.DiTronic.androidgroup.randomgallery, 
401400|1, 401400|1664, 401401|1740, 401403|1792, 401407|1848, 401411|1916, 401412|1981, 401413|2039, 401413|3897, 401414|3975, 401414|4017, com.skype.raider, 
401422|1, 401422|4058, at.DiTronic.androidgroup.randomgallery, 
401478|1, 401478|4048, at.DiTronic.androidgroup.randomgallery, 
401530|1, 401530|1246, 401532|1324, 401542|1412, 401542|1466, 401546|1549, 401554|1666, 401562|1768, 401577|1836, 401586|1900, 401593|1978, 401619|2128, 401627|2243, 401632|2325, 401641|2485, 401645|2631, 401647|2722, 401648|2789, 401653|2897, 401654|3002, 401656|3093, 401657|3152, 401657|3654, 401660|3711, 401679|3805, 401679|4019, com.antutu.ABenchMark, 
401795|1, 401795|1482, 401796|1717, 401796|2447, 401809|2593, 401823|2805, 401834|2979, 401848|3149, 401865|3317, 401872|3470, 401872|3542, 401874|3669, 401880|3821, 401886|3976, 401898|4102, com.booking, 
402004|1, 402004|2615, 402005|2703, 402012|2845, 402016|2975, 402016|3059, 402037|3221, 402046|3379, 402048|3485, 402050|3594, 402050|3697, 402051|3785, 402051|4067, com.dropbox.android, 
402056|1, 402056|2076, 402057|2208, 402057|2419, 402060|2509, 402066|2633, 402074|2769, 402080|2887, 402090|3005, 402099|3208, 402102|3385, 402104|3481, 402104|3692, 402105|3825, 402105|4065, com.dropbox.android, 
402110|1, 402110|1539, 402111|1707, 402111|2391, 402114|2571, 402122|2818, 402124|3041, 402124|3237, 402129|3434, 402129|4004, com.ted.android, 
402240|1, 402240|2504, 402241|2606, 402241|2709, 402243|2823, 402243|2965, 402252|3104, 402258|3235, 402260|3336, 402266|3466, 402275|3617, 402284|3809, 402284|3886, 402286|3960, 402286|4075, com.dropbox.android, 
402291|1, 402291|2080, 402292|2241, 402292|2454, 402295|2531, 402301|2642, 402307|2769, 402313|2921, 402331|3087, 402334|3241, 402337|3437, 402339|3559, 402339|3689, 402340|3792, 402340|4071, com.dropbox.android, 
402345|1, 402345|1402, 402346|1553, 402346|1956, 402347|2174, 402355|2328, 402359|2461, 402361|2666, 402363|2848, 402367|3057, 402367|3611, 402368|3683, 402370|3785, 402370|3869, 402372|3928, 402372|4244, com.ted.android, 
402436|1, 402436|1475, 402437|1610, 402437|1956, 402440|2128, 402446|2249, 402454|2361, 402464|2485, 402469|2604, 402470|2707, 402471|2841, 402476|3030, 402480|3230, 402485|3346, 402490|3472, 402498|3690, 402503|3810, 402508|3904, 402511|3980, 402522|4138, com.booking, 
402637|1, 402637|1411, 402638|1522, 402638|2146, 402641|2303, 402650|2504, 402654|2725, 402654|3451, 402666|3596, 402666|4358, com.ted.android, 
402764|1, 402764|4109, com.google.android.apps.photos, 
402764|1, 402764|2246, 402772|2365, 402780|2463, 402796|2533, 402804|2620, 402807|2707, 402823|2801, 402826|2870, 402826|3396, 402833|3470, 402833|4061, com.instagram.android, 
402879|1, 402879|1760, 402883|1865, 402884|1920, 402892|2033, 402905|2167, 402919|2264, 402924|2320, 402924|2383, 402944|2467, 402951|2541, 402951|2645, 402975|2737, 402975|3701, 402985|3778, 402990|4017, com.instagram.android, 
402993|1, 402993|1695, 402998|1790, 402998|1873, 403007|1975, 403017|2047, 403025|2116, 403036|2198, 403038|2263, 403039|2316, 403059|2376, 403065|2450, 403065|2626, 403089|2676, 403090|2752, 403090|2817, 403098|2886, 403101|2941, 403101|3559, 403105|3608, 403105|4061, com.instagram.android, 
403111|1, 403111|1810, 403116|1878, 403124|2032, 403141|2110, 403151|2179, 403151|2224, 403156|2290, 403162|2361, 403176|2438, 403176|2528, 403180|2593, 403183|2669, 403183|2772, 403184|2825, 403185|2899, 403185|4019, com.instagram.android, 
403233|1, 403233|1729, 403239|1794, 403242|1884, 403260|1987, 403272|2069, 403274|2137, 403274|2176, 403280|2242, 403295|2319, 403295|2903, 403303|2974, 403303|3907, 403313|3975, 403313|4018, com.instagram.android, 
403354|1, 403354|1902, 403359|2011, 403375|2156, 403380|2230, 403394|2334, 403399|2438, 403416|2538, 403416|2997, 403439|3078, 403442|3170, 403448|3254, 403457|3346, 403457|3704, 403464|3767, 403467|3835, 403484|4016, com.instagram.android, 
