712420|1, 712420|502, 712568|547, 712568|784, 712572|854, 712568|915, 712568|964, 712716|1070, 712716|1148, 713456|1209, 713456|1269, 713604|1332, 713604|1470, 712204|1562, 712204|1825, 712304|1876, 712324|1925, 712324|2814, 712320|2856, 712292|2910, 712292|3826, 712296|3858, 712204|3914, 712204|4014, com.skype.raider, 
711972|1, 711972|480, 711868|524, 711820|581, 711820|627, 711672|671, 711672|1140, 711376|1213, 711376|1341, 675264|1473, 653180|1535, 653232|1589, 653676|1650, 654268|1728, 655452|1820, 655600|1892, 656488|1960, 657080|2028, 657820|2093, 658560|2154, 659892|2224, 659004|2294, 659596|2350, 660484|2419, 661372|2481, 662504|2544, 664132|2610, 664724|2670, 665760|2735, 666648|2787, 667832|2865, 669016|2937, 669608|2995, 670348|3055, 671088|3109, 672272|3186, 673308|3243, 674196|3312, 674936|3374, 676416|3438, 677452|3489, 678464|3547, 680536|3702, 683644|3889, 684384|3947, 685716|4033, com.ebay.mobile, 
700084|1, 700076|240, 700076|2081, 700228|2126, 700260|2165, 700260|3282, 700256|3323, 700256|4020, com.github.shadowsocks, 
700160|1, 700160|1602, 700156|1662, 700156|2624, 700164|2668, 700164|4035, com.google.android.deskclock, 
700080|1, 700080|1264, 700084|1307, 700084|1443, 680844|1499, 650652|1550, 641772|1606, 641920|1661, 642660|1733, 643400|1806, 643992|1871, 644880|1966, 645324|2038, 645916|2142, 646656|2194, 648028|2304, 648728|2372, 649468|2458, 650208|2515, 651096|2564, 651836|2608, 652576|2661, 653316|2732, 654796|2792, 655388|2831, 656128|3000, 658940|3038, 659680|3085, 660864|3127, 662288|3224, 662588|3275, 663504|3338, 664244|3389, 665132|3437, 666020|3492, 667500|3529, 668388|3579, 669128|3618, 670312|3738, 672532|3775, 674160|3827, 674900|3866, 675936|3923, 676716|3969, 677416|4007, com.ted.android, 
700204|1, 700204|638, 700208|676, 700204|731, 700204|886, 701832|968, 703460|1016, 707456|1067, 709380|1123, 710120|1162, 713080|1229, 713376|1278, 713672|1374, 713820|1457, 713968|1561, 714412|1625, 714612|1679, 714568|1759, 714520|1820, 714520|1875, 714668|1926, 714816|1969, 715260|2007, 715408|2078, 715408|2136, 715260|2198, 715408|2269, 715408|2365, 715604|2439, 700064|2528, 657736|2591, 658764|2696, 659504|2761, 660688|2831, 661428|2886, 662020|2933, 663204|2977, 664388|3030, 664980|3070, 665720|3123, 666460|3163, 667348|3215, 668236|3271, 668976|3315, 670012|3365, 671048|3399, 671936|3455, 672676|3489, 673712|3544, 674600|3577, 675340|3625, 676072|3665, 677316|3715, 678056|3765, 678796|3806, 679980|3853, 680868|3886, 681904|3935, 683236|3975, 684528|4033, com.paypal.android.p2pmobile, 
721012|1, 721032|241, 721032|748, 714964|846, 714964|1192, 697088|1282, 656832|1333, 656536|1385, 657424|1432, 658460|1502, 659348|1547, 660088|1587, 660828|1634, 662012|1670, 663196|1722, 664084|1771, 664676|1816, 665712|1864, 666304|1897, 667192|1941, 668080|1986, 668968|2018, 670152|2076, 670300|2110, 671040|2156, 671780|2202, 672304|2279, 674200|2332, 675384|2377, 676272|2416, 677012|2461, 677900|2504, 678788|2542, 679972|2596, 680712|2629, 682636|2682, 683376|2721, 684264|2768, 684856|2812, 686196|2916, 686796|2967, 687696|3005, 688696|3055, 689296|3090, 689896|3128, 690696|3186, 691484|3219, 692160|3257, 693360|3304, 694308|3341, 694900|3380, 695936|3429, 696528|3462, 697416|3515, 698600|3561, 700228|3656, 701856|3695, 702744|3742, 703484|3778, 705032|3838, 706232|3886, 706732|3919, 707732|3967, 708632|4020, com.facebook.katana, 
714772|1, 714772|1130, 701452|1179, 659124|1234, 656312|1285, 657052|1335, 658236|1403, 658828|1444, 659716|1494, 660308|1529, 661788|1586, 662824|1628, 663712|1673, 664452|1726, 665192|1763, 666228|1812, 667124|1869, 668012|1922, 669492|1965, 670232|2011, 670528|2062, 670676|2094, 670676|2181, 671564|2237, 672600|2289, 673636|2337, 674968|2417, 676152|2457, 677188|2508, 678076|2552, 679260|2603, 680296|2645, 681184|2688, 683108|2741, 684048|2787, 689520|3136, 690408|3185, 691444|3231, 692332|3288, 693516|3356, 695440|3426, 696476|3487, 697956|3553, 699140|3607, 700620|4050, com.facebook.katana, 
723704|1, 723704|892, 722668|974, 722668|1531, 722532|1583, 722532|2223, 707140|2312, 658004|2409, 658892|2470, 659660|2534, 660496|2605, 661236|2660, 661828|2709, 663012|2768, 663900|2811, 664788|2862, 665676|2914, 666416|2964, 667600|3049, 668784|3113, 670264|3169, 671448|3221, 671892|3265, 671892|3427, 672336|3469, 673520|3518, 674796|3576, 675536|3611, 676460|3665, 677644|3713, 678384|3749, 679420|3803, 680308|3842, 681640|3897, 682972|3965, 684156|4006, com.paypal.android.p2pmobile, 
714312|1, 708368|690, 708368|880, 708516|951, 708960|1021, 709016|1094, 709344|1165, 709444|1233, 709444|1341, 709344|1423, 709344|2017, 708916|2149, 708324|2205, 707732|2283, 706400|2407, 704220|2471, 702492|2530, 699720|2609, 696940|2691, 696396|2741, 694024|2839, 692248|2911, 689680|2983, 688200|3037, 663324|3086, 625960|3150, 623956|3197, 624992|3266, 625436|3302, 626028|3356, 626768|3396, 627656|3440, 628840|3486, 630024|3524, 631948|3573, 633576|3623, 635500|3665, 637868|3725, 638904|3768, 639940|3870, 640892|4101, com.antutu.ABenchMark, 
555240|1, 555240|658, 555248|734, 555160|834, 555160|1157, 555260|1244, 555260|1331, 555408|1477, 549340|1551, 549340|1683, 549348|1742, 549360|1786, 549360|2459, 549656|2495, 549656|2721, 549860|2772, 549860|3431, 550008|3515, 550008|3692, 550016|3741, 549996|3778, 549996|4014, com.tripadvisor.tripadvisor, 
549676|1, 549676|296, 549688|331, 549688|904, 551612|984, 552352|1037, 552944|1093, 553092|1124, 553092|1232, 553224|1292, 553236|1361, 553236|2295, 553240|2340, 553240|3285, 553248|3323, 553248|4005, at.DiTronic.androidgroup.randomgallery, 
557372|1, 557372|825, 557376|908, 557524|971, 558856|1031, 559892|1094, 561372|1162, 561372|1214, 561668|1266, 561964|1346, 562260|1389, 562260|1870, 562492|1915, 562512|1970, 562512|2839, 562524|2904, 562524|3606, 562672|3713, 562672|3818, 562752|3911, 562752|4066, com.cnn.mobile.android.phone, 
564728|1, 564728|1318, 535572|1384, 506416|1494, 506916|1555, 507596|1642, 508336|1713, 509520|1799, 510112|1856, 510852|1912, 511888|1972, 512332|2025, 513220|2109, 513812|2147, 514700|2203, 515884|2269, 516624|2309, 517216|2387, 517808|2431, 519288|2484, 520292|2820, 525828|2881, 526576|2956, 527316|3000, 528204|3073, 529388|3122, 530128|3157, 531460|3207, 532792|3245, 533384|3280, 534568|3426, 537380|3460, 539008|3505, 539744|3552, 540432|3585, 541232|3629, 542332|3691, 543032|3725, 544532|3777, 545232|3820, 546032|3862, 547232|3924, 548032|4197, com.ted.android, 
567412|1, 567264|137, 567264|211, 567272|261, 567272|380, 567324|426, 567324|1199, 567328|1258, 567328|1716, 567528|1769, 568268|1823, 568416|1880, 568416|2209, 568544|2237, 568544|2278, 568408|2329, 568408|3200, 568448|3243, 568448|3272, 568536|3315, 568536|4031, com.google.android.apps.photos, 
568532|1, 568532|926, 568476|974, 568476|1427, 520968|1497, 510164|1563, 510756|1617, 511500|1693, 512092|1740, 513128|1836, 513720|1884, 514660|1943, 516168|2035, 516760|2105, 518240|2278, 519232|2383, 520564|2514, 521452|2581, 522636|2671, 523820|2756, 526136|3045, 527172|3179, 528504|3244, 529244|3280, 530280|3349, 531612|3394, 532352|3439, 533240|3507, 533980|3541, 534868|3588, 535904|3643, 537236|3688, 538716|3846, 541084|3911, 541916|3973, 542212|4016, com.booking, 
570784|1, 570636|120, 570636|607, 570688|652, 570688|725, 570684|768, 570684|1348, 565504|1425, 512224|1508, 512972|1642, 513416|1720, 514156|1787, 515044|1846, 515488|1912, 516524|2017, 517264|2073, 518596|2166, 519484|2293, 520372|2396, 521704|2507, 522444|2584, 523956|2664, 524548|2709, 526768|2999, 527804|3109, 528988|3168, 529728|3211, 530616|3260, 532096|3311, 532688|3351, 533576|3393, 535204|3472, 535944|3511, 536388|3571, 537588|3620, 539252|3668, 542360|3822, 543100|3863, 545320|3935, 546208|3980, 546800|4028, com.booking, 
571184|1, 571184|251, 571144|296, 571144|1206, 571176|1264, 571184|1307, 571184|1886, 570888|1946, 570888|2225, 570956|2272, 570952|2301, 570952|2348, 571000|2389, 571000|3243, 570996|3291, 570996|4037, com.google.android.apps.photos, 
571144|1, 571144|900, 571292|965, 572924|1019, 575440|1079, 575884|1143, 575884|1249, 576328|1325, 576328|1378, 578696|1433, 578696|1497, 579092|1572, 579092|1632, 579388|1682, 579536|1725, 579536|1787, 579832|1834, 580128|1880, 580128|1941, 580308|1989, 580308|2946, 580348|2977, 580348|3927, 580352|3964, 580352|4010, com.whatsapp, 
578832|1, 578836|148, 578836|897, 579724|966, 580908|1028, 583980|1085, 586576|1131, 589684|1195, 591016|1249, 592200|1334, 593236|1431, 593532|1488, 593680|1553, 593976|1620, 594124|1684, 595752|1798, 599304|1853, 601228|1904, 602708|1962, 602708|2010, 603096|2087, 603244|2142, 603244|2204, 604724|2299, 612420|2427, 614364|2552, 614760|2646, 616296|3043, 615004|3431, 613704|3637, 613304|3863, 613148|4208, com.Slack, 
603988|1, 603988|1133, 604136|1233, 604136|1653, 603884|1714, 603884|2246, 604568|2312, 606236|2358, 606236|2415, 608388|2477, 608708|2520, 609664|2601, 610140|2664, 608332|2732, 608332|3524, 608336|3558, 608336|3648, 608268|3688, 608256|3738, 608256|4006, com.sometimeswefly.littlealchemy, 
606832|1, 606832|186, 606836|218, 606836|804, 606540|880, 606540|1178, 606620|1235, 606916|1309, 607212|1373, 607952|1479, 608100|1570, 608100|2187, 608276|2234, 608328|2269, 608328|2318, 609512|2387, 609660|2438, 610252|2521, 610400|2596, 610400|2647, 610548|2709, 610696|2751, 610696|2794, 610844|2850, 611288|2892, 611584|2953, 611732|3000, 611780|3039, 611780|3164, 611860|3217, 611900|3317, 611900|3603, 612048|3662, 612048|4039, com.android.chrome, 
599928|1, 599928|1781, 599992|1930, 599992|2748, 599388|2816, 599144|2893, 598996|2973, 598700|3030, 598256|3100, 598256|3141, 597812|3192, 543200|3241, 539352|3283, 539796|3322, 540684|3382, 541572|3448, 541128|3488, 542016|3539, 543052|3581, 543940|3619, 544976|3672, 545716|3713, 546308|3744, 547344|3794, 547976|3842, 548568|3876, 549308|3925, 550936|4003, com.antutu.ABenchMark, 
604012|1, 596020|183, 596020|479, 595984|563, 595984|621, 595992|708, 595992|903, 595548|1033, 595400|1174, 595400|1445, 595384|1563, 589020|1709, 589020|2456, 588864|2502, 588864|3427, 588856|3470, 588856|4016, com.whatsapp, 
585700|1, 585700|692, 585648|724, 585648|1663, 585708|1717, 585748|1807, 585748|2680, 585760|2712, 585772|2757, 585772|4030, com.github.shadowsocks, 
585672|1, 585672|300, 585684|354, 585684|1279, 585752|1349, 585752|2153, 585792|2196, 585792|2323, 585812|2375, 585812|3477, 585808|3524, 585808|4025, com.github.shadowsocks, 
585700|1, 585700|947, 585692|994, 585616|1037, 585468|1084, 585468|1279, 585400|1341, 585400|1950, 585404|1987, 585404|2169, 585408|2211, 585408|2711, 585260|2779, 585260|2926, 585228|2989, 585112|3069, 585112|3924, 585124|3957, 585148|4007, com.tripadvisor.tripadvisor, 
581544|1, 581544|567, 581552|601, 581568|661, 581568|1403, 533024|1480, 523108|1535, 524036|1625, 524816|1687, 525704|1738, 526740|1828, 527480|1878, 528368|1947, 529700|2007, 530440|2067, 531328|2150, 532216|2205, 533104|2259, 534288|2327, 535324|2392, 536952|2476, 537544|2541, 537544|2582, 537576|2796, 538716|2880, 539900|2972, 540788|3035, 541528|3089, 542860|3145, 543748|3203, 544192|3239, 545228|3301, 546708|3363, 547300|3412, 548632|3484, 550112|3548, 550852|3607, 551648|3861, 555496|3906, 556384|3967, 556976|4026, com.ebay.mobile, 
580192|1, 580180|113, 580180|993, 580208|1041, 575176|1094, 546168|1137, 521748|1218, 522192|1285, 522636|1349, 523228|1440, 523968|1505, 524264|1540, 524856|1612, 525596|1673, 526040|1781, 528260|1906, 529148|1978, 530428|2086, 531316|2140, 532204|2193, 533240|2257, 534868|2325, 535756|2381, 535904|2449, 535904|2607, 536052|2680, 536940|2746, 537532|2800, 538272|2844, 539012|2894, 540048|2956, 541692|3026, 542720|3099, 543904|3151, 544940|3194, 545680|3228, 547308|3280, 548640|3328, 549232|3362, 550416|3428, 551600|3496, 552044|3536, 554264|3605, 555004|3682, 555744|3719, 556484|3775, 557372|3816, 557964|3849, 559592|3901, 560184|3948, 560924|3978, 562200|4035, com.ebay.mobile, 
580244|1, 580244|792, 580248|828, 580248|1147, 580396|1192, 580544|1254, 580692|1305, 581728|1383, 582320|1471, 582616|1549, 582616|1734, 582744|1791, 582996|1856, 582996|2092, 583440|2152, 583440|2408, 583456|2489, 583456|2776, 583460|2840, 583460|3767, 583456|3814, 583556|3888, 583556|4052, com.dropbox.android, 
582972|1, 582972|1255, 582876|1317, 582880|1406, 582880|1934, 582732|1988, 582584|2041, 582584|2279, 582388|2334, 582388|2877, 582092|2955, 582092|3255, 582104|3304, 582032|3373, 582032|4034, com.sometimeswefly.littlealchemy, 
581804|1, 581804|759, 581808|804, 581812|856, 581812|1750, 581824|1812, 581824|2618, 547488|2699, 523368|2770, 524260|2847, 525148|2916, 525740|2962, 526628|3017, 527368|3067, 528256|3110, 529588|3166, 530476|3213, 531216|3259, 532104|3316, 532992|3360, 533584|3393, 534472|3442, 535360|3488, 536692|3526, 537432|3577, 537580|3626, 538112|3844, 539004|3893, 540204|3951, 541004|3991, 541704|4026, com.paypal.android.p2pmobile, 
587996|1, 587996|281, 587988|369, 587988|965, 581920|1066, 581920|1295, 582100|1379, 547320|1437, 523640|1510, 523936|1576, 524676|1630, 525416|1683, 526748|1791, 527192|1852, 527932|1946, 529264|2014, 530300|2093, 531188|2171, 532224|2244, 533112|2295, 534240|2356, 535128|2414, 536312|2459, 537200|2522, 537644|2584, 537644|2685, 538088|2766, 538976|2830, 539864|2884, 540900|2949, 541788|3005, 542972|3089, 543712|3175, 544156|3211, 545044|3261, 546456|3316, 547292|3349, 548032|3395, 550252|3455, 550992|3505, 552028|3561, 553508|3639, 554692|3686, 556616|3755, 557504|3806, 558244|3841, 558688|3876, 559724|3931, 561352|3982, 561796|4019, com.ebay.mobile, 
582064|1, 581928|137, 581928|1014, 581960|1076, 581960|1226, 547032|1278, 523648|1342, 523944|1414, 524388|1477, 524980|1555, 525868|1614, 526756|1680, 527348|1727, 528532|1854, 529420|1916, 530456|1994, 531296|2054, 531740|2126, 532628|2208, 533516|2271, 534256|2321, 535440|2387, 537364|2464, 537512|2510, 537512|2659, 537660|2714, 538696|2770, 539436|2832, 540176|2882, 540916|2956, 541612|3010, 543084|3066, 543528|3120, 544268|3176, 545452|3239, 546932|3320, 547820|3369, 549152|3402, 550484|3466, 551224|3527, 552112|3583, 553444|3664, 555664|3739, 556552|3783, 557440|3832, 558476|3884, 559216|3928, 559956|3967, 561404|4025, com.ebay.mobile, 
582040|1, 582040|667, 581960|716, 581964|762, 581964|1101, 582112|1188, 582260|1240, 582260|1270, 583740|1320, 584036|1382, 585368|1418, 587588|1490, 589364|1586, 589808|1640, 592656|1759, 592656|1809, 593544|1884, 593692|2024, 593840|2074, 593840|2123, 561724|2198, 535628|2241, 535776|2294, 536516|2341, 536960|2373, 537700|2419, 538588|2471, 539032|2509, 539476|2546, 540068|2592, 541252|2639, 541844|2672, 543056|2716, 543944|2767, 544536|2803, 545128|2838, 546016|2887, 546904|2936, 547348|2969, 548532|3015, 549716|3062, 550160|3102, 550160|3373, 550800|3412, 551800|3466, 552700|3508, 553400|3539, 554100|3585, 555200|3629, 556100|3669, 556600|3699, 557604|3745, 558804|3797, 559704|3833, 560404|3870, 562304|3920, 563004|3960, 563604|3990, 564604|4043, com.instagram.android, 
598816|1, 598816|293, 598884|347, 598884|526, 592756|593, 592756|983, 592016|1045, 592016|1241, 591932|1294, 591864|1389, 591864|2119, 592464|2204, 592532|2331, 592520|2694, 592124|3090, 593124|3286, 594120|3522, 595320|3831, 596320|3972, 602492|4119, com.Slack, 
600304|1, 600304|830, 600228|968, 600208|1004, 600208|1907, 600312|1955, 600276|2037, 600276|2365, 599832|2435, 599684|2517, 599684|2710, 599536|2764, 598944|2844, 598500|2887, 598424|2935, 598404|2986, 598404|3218, 600048|3296, 608300|3364, 613876|3420, 621708|3504, 622920|3554, 622920|3588, 624516|3645, 624516|3922, 624660|3983, 624660|4036, com.android.chrome, 
618652|1, 618652|449, 618660|476, 618664|521, 618664|883, 618368|947, 618368|1342, 618684|1446, 618732|1521, 618732|1675, 618832|1765, 618832|2364, 618856|2473, 618860|2527, 618860|3048, 618952|3100, 618952|3453, 618920|3504, 618920|4044, com.cnn.mobile.android.phone, 
605612|1, 605612|875, 605616|974, 605612|1022, 605612|1881, 604872|1955, 604976|2018, 604976|2954, 605112|2982, 605124|3025, 605124|4025, com.google.android.apps.photos, 
605124|1, 605124|719, 605080|748, 605080|1306, 582732|1391, 546620|1448, 547212|1528, 547952|1611, 548840|1698, 549908|1779, 550796|1855, 552572|1978, 553608|2077, 554200|2126, 555088|2190, 555680|2260, 556272|2300, 556864|2354, 557456|2405, 558196|2452, 559528|2504, 560564|2569, 560564|2711, 560728|2746, 560864|2850, 561356|2895, 562256|2951, 563356|3011, 564096|3047, 564688|3083, 566020|3133, 566760|3176, 567352|3205, 568388|3255, 569572|3300, 570460|3341, 571348|3376, 573124|3425, 574012|3470, 574604|3502, 575196|3549, 576084|3602, 576676|3661, 576972|3697, 578692|3743, 579432|3787, 579876|3817, 580616|3857, 581504|3904, 582244|3949, 582836|3980, 584604|4043, com.ted.android, 
604676|1, 604676|347, 604576|396, 604576|1309, 604460|1422, 604460|1686, 604060|1777, 604060|2322, 604052|2360, 604052|2411, 604348|2466, 604348|3259, 606240|3330, 610664|3398, 619936|3449, 619936|3513, 622308|3603, 622308|3643, 624100|3692, 624100|3811, 624156|3863, 624156|4002, com.android.chrome, 
623068|1, 623068|911, 623060|995, 622764|1098, 622764|1163, 622912|1252, 622912|1900, 622908|1968, 622908|2772, 577768|2884, 564356|2959, 565096|3006, 566280|3082, 567020|3137, 567760|3179, 568352|3226, 569240|3278, 569980|3314, 571164|3376, 572052|3434, 572644|3472, 573532|3515, 574568|3577, 575308|3615, 576048|3655, 577676|3712, 578416|3766, 579304|3809, 585072|4195, com.paypal.android.p2pmobile, 
628632|1, 628632|321, 628692|387, 628692|885, 622624|1083, 622624|1348, 622408|1412, 622408|2342, 622352|2398, 622352|3368, 622344|3413, 622344|4004, com.google.android.deskclock, 
621192|1, 621192|871, 621196|915, 621196|1805, 621184|1893, 621192|1937, 621192|2839, 621160|2918, 621160|4008, com.sometimeswefly.littlealchemy, 
620772|1, 620772|677, 620776|727, 620776|1376, 620824|1513, 620824|2380, 585360|2462, 562716|2560, 563456|2621, 564196|2675, 564788|2744, 565676|2789, 566120|2826, 567008|2879, 568044|2934, 568932|2979, 569524|3017, 570560|3078, 571448|3131, 572188|3170, 573076|3218, 573964|3272, 575592|3320, 576184|3353, 577072|3407, 578204|3454, 578944|3489, 579684|3525, 580572|3572, 582200|3639, 582792|3678, 583236|3722, 584420|3771, 585456|3811, 586344|3849, 587824|3899, 589156|3946, 590044|3997, 590784|4034, com.paypal.android.p2pmobile, 
626848|1, 626848|625, 620780|766, 620780|928, 620724|1007, 620724|1902, 620728|1961, 620808|2002, 620808|2967, 620804|3038, 620804|4023, com.google.android.deskclock, 
620812|1, 620812|1289, 587956|1364, 565460|1397, 562500|1450, 562944|1516, 563536|1563, 564224|1612, 564964|1661, 565556|1702, 566296|1741, 567480|1795, 568812|1848, 569404|1880, 570292|1924, 571032|1969, 571920|2014, 572512|2047, 573548|2099, 574584|2150, 575768|2184, 576360|2222, 577248|2278, 577692|2320, 578136|2351, 578728|2395, 579468|2443, 580208|2487, 580652|2518, 581984|2568, 582940|2624, 583828|2663, 584716|2701, 585900|2749, 586936|2798, 588268|2834, 589156|2874, 589896|2919, 590932|2967, 591524|2999, 592412|3038, 593744|3088, 595964|3181, 596852|3224, 597592|3270, 598480|3311, 598580|3343, 599980|3391, 600680|3440, 601380|3484, 602080|3519, 602980|3570, 604008|3623, 605508|3669, 606708|3716, 606708|3765, 606908|3807, 607408|3852, 607808|3885, 608308|3940, 609208|4267, com.facebook.katana, 
620780|1, 620784|84, 620784|967, 620756|1046, 620760|1087, 620760|1667, 620464|1821, 620464|1980, 620348|2036, 620344|2075, 620344|2407, 620640|2459, 620640|3018, 620740|3070, 620740|4035, com.android.chrome, 
620640|1, 620640|655, 620652|706, 620652|1467, 620752|1582, 620724|1630, 620880|1693, 620880|2625, 620736|2668, 620736|3631, 620732|3668, 620732|3718, 620744|3777, 620744|4037, com.dropbox.android, 
619564|1, 619560|116, 619560|1152, 591144|1244, 561248|1308, 561248|1349, 561988|1423, 562728|1473, 563468|1518, 564208|1557, 565096|1614, 566428|1666, 567316|1709, 568352|1758, 569240|1814, 569980|1859, 570720|1894, 571608|1943, 572496|1992, 573828|2036, 574428|2068, 575160|2122, 575160|2332, 575224|2383, 575724|2418, 576524|2465, 577524|2515, 578424|2562, 578624|2594, 579224|2638, 580424|2691, 581124|2731, 581624|2763, 582924|2818, 584124|2869, 585016|2906, 585904|2944, 587532|2988, 588420|3038, 589164|3073, 589864|3112, 590832|3163, 591732|3212, 593232|3244, 594032|3285, 594432|3328, 595132|3373, 595532|3403, 596232|3450, 597132|3500, 598332|3549, 599232|3589, 599732|3621, 600832|3673, 601632|3723, 602532|3771, 603732|3804, 605232|3908, 606832|3940, 607732|3988, 608732|4040, com.facebook.katana, 
619528|1, 619528|709, 619532|774, 619532|1685, 619520|1753, 619520|2701, 619500|2752, 619500|4018, com.github.shadowsocks, 
618944|1, 618944|366, 618948|406, 618948|1303, 618952|1383, 618952|2194, 618936|2354, 618892|2707, 618596|3155, 618496|3368, 618496|4139, com.Slack, 
618768|1, 618768|767, 618916|834, 618916|871, 618876|924, 618880|1010, 618880|1046, 618584|1109, 618584|1825, 618384|1911, 618384|2038, 566140|2100, 560072|2170, 560664|2209, 561404|2249, 562144|2298, 563180|2353, 563920|2400, 565252|2452, 566436|2497, 567176|2544, 567916|2586, 568952|2646, 569988|2703, 570728|2743, 571320|2781, 573096|2846, 574112|2900, 574852|2934, 575740|2988, 577036|3045, 577776|3088, 578368|3119, 579700|3166, 580440|3211, 581328|3254, 582216|3285, 583252|3330, 584288|3377, 586064|3464, 587248|3494, 588136|3541, 589172|3586, 590060|3631, 591540|3676, 592724|3729, 593680|3771, 594580|3816, 595080|3848, 595912|3893, 597508|3951, 598208|3993, 598908|4029, com.instagram.android, 
615556|1, 609488|439, 609396|486, 609396|538, 609400|579, 609400|1032, 609500|1103, 609500|1368, 609528|1480, 609528|1671, 609628|1747, 609628|2408, 609668|2472, 609668|2891, 609692|2951, 609692|3402, 609660|3434, 609656|3486, 609656|4050, com.cnn.mobile.android.phone, 
609760|1, 609764|90, 609764|997, 609772|1070, 558860|1158, 551312|1195, 552052|1259, 553236|1331, 553828|1372, 554716|1416, 555456|1463, 556788|1513, 557528|1549, 558712|1614, 559452|1667, 560192|1703, 560932|1743, 561968|1792, 562708|1836, 563596|1872, 564632|1912, 565224|1967, 565372|2005, 565452|2253, 566084|2312, 566984|2392, 567924|2448, 568516|2481, 569404|2532, 570736|2581, 571476|2624, 571920|2657, 573104|2708, 574436|2763, 575620|2819, 577544|2874, 578580|2935, 579468|2988, 580208|3019, 580980|3057, 582148|3106, 583924|3156, 584516|3197, 585404|3237, 586292|3289, 587180|3346, 588216|3385, 589252|3421, 590140|3475, 591176|3524, 592064|3575, 592804|3617, 594136|3744, 598280|3869, 599612|3926, 601092|3976, 601968|4024, com.facebook.katana, 
609680|1, 609680|631, 609684|677, 609684|1064, 609536|1131, 609536|1407, 583932|1450, 551076|1530, 551224|1593, 551728|1639, 552540|1708, 553428|1783, 554168|1838, 554908|1884, 555796|1996, 556980|2042, 557868|2092, 559052|2174, 559792|2218, 560532|2268, 561568|2355, 562752|2429, 564232|2493, 565120|2573, 565120|2624, 565284|2675, 565284|2839, 565876|2897, 566764|2973, 568096|3045, 568984|3096, 570316|3167, 571056|3233, 571648|3275, 572832|3357, 574164|3430, 574904|3478, 575644|3532, 577764|3634, 578724|3697, 579168|3752, 579760|3814, 580648|3887, 581388|3934, 583016|3981, 584200|4051, com.ebay.mobile, 
615440|1, 615440|329, 615452|357, 615484|387, 615484|1310, 615476|1371, 615476|2072, 596976|2132, 558348|2175, 551096|2235, 552132|2288, 552872|2332, 553672|2388, 554560|2451, 555300|2498, 556188|2532, 557668|2591, 558556|2663, 559148|2698, 559888|2739, 560628|2788, 561664|2843, 562404|2884, 563292|2929, 564624|2986, 564920|3036, 565068|3065, 565068|3235, 565660|3270, 566360|3307, 567388|3360, 568288|3410, 568888|3449, 569488|3485, 570860|3536, 571660|3586, 572360|3619, 573260|3662, 574460|3712, 575360|3763, 576660|3797, 577760|3839, 578560|3886, 579560|3943, 581360|4039, com.instagram.android, 
615616|1, 615616|350, 609548|437, 609548|802, 609444|885, 609444|1619, 609296|1681, 609296|1782, 609260|1847, 609152|1903, 609152|2816, 609156|2860, 609160|2914, 609160|4009, com.whatsapp, 
609128|1, 609128|894, 609132|996, 609132|1922, 609128|1972, 609128|2929, 609120|2980, 609120|3201, 613992|3286, 614688|3344, 616396|3410, 619692|3473, 619692|3835, 619868|3897, 619972|3947, 620044|3992, 620044|4049, com.android.chrome, 
619876|1, 619876|373, 619872|425, 619872|697, 619724|732, 619724|926, 619132|1008, 619132|1343, 590764|1394, 560936|1475, 560936|1545, 561676|1619, 562120|1675, 562860|1729, 563600|1813, 564488|1883, 566116|1986, 566856|2113, 567892|2191, 568336|2242, 569076|2320, 569964|2389, 570544|2441, 571284|2509, 572024|2582, 573504|2650, 574096|2714, 574688|2781, 575872|2863, 576760|2943, 577648|3004, 578536|3085, 580164|3182, 581052|3256, 581940|3317, 583916|3437, 585248|3516, 586728|3576, 587468|3646, 588208|3713, 589096|3793, 590132|3857, 594132|4168, com.ebay.mobile, 
624144|1, 624144|744, 623336|867, 623336|923, 622448|1007, 622448|1160, 622300|1259, 621708|1353, 620968|1444, 620524|1529, 620524|1696, 620356|1834, 619076|1935, 615968|2110, 614784|2187, 612860|2336, 611528|2432, 610492|2544, 609308|2665, 607828|2749, 606792|2812, 605740|2892, 605592|2975, 605444|3035, 605444|3282, 605296|3373, 565928|3451, 540620|3494, 541360|3582, 534848|3643, 532924|3699, 533368|3738, 534108|3798, 534812|3852, 536116|3919, 536708|4010, com.antutu.ABenchMark, 
575320|1, 576504|231, 577836|374, 578724|635, 579892|739, 580484|846, 581076|962, 581668|1066, 582112|1161, 583148|1333, 584184|1468, 584628|1570, 584908|1722, 584908|1923, 585056|2065, 585056|2550, 585092|2630, 585092|3513, 585104|3573, 585096|3636, 585096|3721, 585088|3791, 585088|4064, com.ted.android, 
584536|1, 584536|842, 584548|908, 584548|1552, 545624|1617, 512324|1682, 512768|1789, 513824|1937, 514268|1984, 515452|2104, 516636|2246, 517672|2347, 518116|2420, 519448|2524, 520188|2626, 520780|2677, 521816|2769, 522992|2845, 523668|2898, 525296|2984, 526332|3076, 526924|3128, 527960|3211, 528996|3292, 530180|3385, 530624|3436, 532252|3523, 533288|3624, 534472|3700, 535656|3764, 537148|3860, 539212|3948, 539804|4014, com.ebay.mobile, 
576732|1, 576732|231, 576788|271, 576788|1248, 576776|1330, 576776|1939, 576332|2075, 576332|2231, 576304|2339, 576304|2936, 576600|3005, 576600|3202, 576684|3328, 576684|4011, com.android.chrome, 
576760|1, 576760|635, 576764|706, 576764|1527, 576776|1684, 576776|2626, 576836|2699, 576836|3637, 576840|3673, 576840|4018, com.google.android.deskclock, 
576844|1, 576844|891, 576848|928, 576848|1873, 576852|1967, 576852|2493, 539704|2547, 512324|2604, 512916|2670, 513360|2725, 514100|2789, 514692|2834, 515432|2902, 516064|2963, 516656|3024, 517544|3064, 518432|3122, 519468|3184, 520208|3250, 520652|3291, 521392|3338, 522280|3403, 523316|3477, 523908|3522, 524944|3567, 526128|3631, 527016|3707, 527756|3752, 528348|4077, com.instagram.android, 
577012|1, 577012|200, 576940|242, 576940|511, 570872|610, 570872|1184, 570836|1234, 570836|1887, 570540|1982, 570540|2110, 570536|2199, 570448|2263, 570448|2705, 570744|2763, 570744|3148, 570840|3210, 570836|3299, 570836|4047, com.android.chrome, 
570776|1, 570776|707, 570784|744, 570784|1436, 570820|1506, 570820|1664, 570792|1725, 570792|2682, 570800|2718, 570800|3354, 570948|3421, 570948|3608, 570860|3688, 570844|3727, 570844|4010, com.tripadvisor.tripadvisor, 
567584|1, 567584|1054, 567592|1103, 567588|1170, 567588|2004, 567680|2116, 567692|2230, 567692|2507, 567396|2934, 567340|3248, 567336|4137, com.Slack, 
567708|1, 567708|726, 567856|787, 567856|1400, 525528|1445, 509396|1531, 509840|1611, 510096|1666, 510836|1724, 511872|1822, 512612|1893, 513204|1953, 514684|2027, 515572|2110, 516312|2168, 517348|2257, 518384|2331, 519124|2390, 519568|2437, 520456|2531, 521936|2613, 523056|2683, 523944|2753, 525572|2855, 526904|2925, 527792|2986, 529568|3067, 531048|3167, 531936|3214, 532972|3277, 536524|3558, 537264|3617, 538280|3683, 539124|3756, 540012|3808, 541788|3867, 543268|3956, 543860|4020, com.ebay.mobile, 
573920|1, 573920|287, 573992|339, 573992|1235, 574000|1303, 574000|2230, 574008|2281, 574008|3266, 574028|3308, 574028|4024, com.sometimeswefly.littlealchemy, 
574032|1, 574032|818, 574044|904, 574044|1384, 574076|1432, 574076|1862, 574108|1897, 574104|1944, 574104|2838, 574084|2912, 574084|3136, 574232|3198, 574084|3242, 574084|4017, com.tripadvisor.tripadvisor, 
573748|1, 573748|694, 573744|734, 573744|1373, 573756|1425, 573764|1497, 573764|2429, 573800|2506, 573800|3432, 573824|3488, 573824|4020, com.tripadvisor.tripadvisor, 
573804|1, 573804|803, 573812|854, 573812|1251, 551464|1302, 522160|1340, 509580|1402, 510320|1494, 511208|1595, 511652|1652, 512244|1724, 512984|1789, 513988|1855, 515152|1944, 516336|2061, 517224|2143, 517816|2217, 519148|2316, 520036|2384, 520776|2430, 522108|2490, 523292|2577, 523440|2629, 523440|2803, 523816|2909, 524852|2977, 525444|3052, 526480|3140, 526924|3201, 527072|3244, 528108|3349, 529144|3418, 529588|3464, 530772|3525, 532400|3615, 532992|3675, 533436|3741, 535212|3826, 536548|3912, 538028|3997, 538768|4186, com.ebay.mobile, 
573872|1, 573872|659, 573816|694, 573816|966, 577072|1065, 578700|1157, 578700|1274, 579440|1391, 579440|1573, 580032|1679, 581776|1781, 583700|1859, 589620|1977, 596576|2086, 601016|2173, 601016|2326, 601164|2406, 601164|2608, 601240|2671, 601408|2729, 601408|3614, 601404|3684, 601404|4003, com.csst.ecdict, 
601228|1, 601228|220, 601236|255, 601236|2151, 601220|2224, 601328|2265, 601328|4026, com.github.shadowsocks, 
601224|1, 601224|1495, 601264|1592, 601280|1688, 601280|2523, 601308|2623, 601308|3574, 601280|3652, 601280|4022, com.cnn.mobile.android.phone, 
601292|1, 601288|152, 601288|1010, 601292|1076, 601296|1130, 601296|1460, 540024|1552, 536916|1626, 538248|1723, 538840|1771, 539432|1827, 540172|1891, 541060|1973, 542096|2020, 542956|2072, 543848|2139, 544588|2198, 545328|2257, 545920|2297, 546660|2362, 547400|2426, 548288|2485, 549176|2539, 550212|2594, 550952|2657, 551840|2734, 552432|2816, 553468|2876, 554948|3012, 556336|3073, 557224|3143, 557816|3185, 558556|3234, 559444|3294, 561072|3396, 562108|3438, 563292|3491, 564032|3552, 564920|3623, 565808|3679, 566400|3722, 567288|3859, 569656|3901, 570396|3961, 571284|4026, com.facebook.katana, 
601068|1, 601068|480, 601080|552, 601080|1403, 601068|1499, 601068|2390, 601084|2458, 601156|2558, 601156|3445, 601116|3501, 601116|3608, 601164|3645, 601164|4009, com.github.shadowsocks, 
601076|1, 601076|1008, 600632|1114, 600632|1508, 600620|1600, 600620|1882, 594700|1982, 589076|2089, 584192|2186, 580492|2259, 580492|2471, 580344|2560, 580088|2629, 580088|3572, 579948|3623, 579948|3723, 579944|3799, 579944|4030, com.csst.ecdict, 
576092|1, 576096|96, 576096|1008, 576104|1076, 576104|1978, 576200|2052, 576240|2119, 576240|3018, 576288|3062, 576212|3116, 576212|4040, com.github.shadowsocks, 
576164|1, 576164|556, 576160|590, 576160|1434, 576172|1481, 576172|1538, 576184|1634, 576184|2511, 576180|2601, 576180|3511, 576156|3577, 576156|4008, com.tripadvisor.tripadvisor, 
576160|1, 576160|885, 576168|945, 576168|1923, 576200|1958, 576200|2883, 576204|2935, 576196|2995, 576196|3946, 576192|3995, 576192|4037, at.DiTronic.androidgroup.randomgallery, 
570256|1, 570256|321, 570260|371, 570260|1331, 570252|1385, 570252|2279, 570248|2328, 570248|3311, 570244|3387, 570244|4015, com.csst.ecdict, 
570100|1, 570100|943, 570112|996, 570112|1940, 570140|2007, 570140|2950, 570184|3012, 570184|3271, 567372|3324, 510244|3378, 505804|3423, 506544|3459, 507284|3511, 508320|3572, 509208|3624, 509800|3667, 511132|3720, 512316|3774, 513056|3815, 513648|3852, 514684|3909, 515572|3959, 516532|4010, com.antutu.ABenchMark, 
578184|1, 578184|428, 578188|505, 578336|560, 578336|620, 570344|677, 570344|1327, 570460|1466, 570440|1560, 570440|2422, 570380|2473, 540188|2597, 505852|2664, 506000|2732, 506888|2800, 507628|2863, 508368|2928, 509108|2971, 509848|3032, 511180|3102, 512512|3171, 513104|3205, 513696|3248, 514436|3297, 515472|3363, 516212|3409, 516896|3447, 518044|3505, 519416|3564, 520116|3630, 520708|3668, 521448|3721, 522188|3783, 522928|3832, 523372|3875, 523964|3919, 525444|3988, 526184|4051, com.paypal.android.p2pmobile, 
570432|1, 570432|807, 570424|854, 570344|955, 570344|1766, 570324|1848, 570348|1915, 570348|2561, 566796|2668, 517808|2748, 506116|2808, 506536|2875, 507424|2946, 508016|3000, 508608|3045, 509348|3108, 509940|3174, 511124|3229, 511716|3266, 512604|3312, 513492|3383, 514232|3442, 514824|3480, 515564|3525, 516304|3583, 517192|3649, 518332|3697, 519232|3744, 519960|3822, 520964|3884, 521408|3926, 522444|3978, 523332|4084, com.paypal.android.p2pmobile, 
578220|1, 578220|487, 570228|574, 570228|736, 570080|822, 570080|937, 570132|1025, 570128|1100, 570128|2026, 570132|2156, 570132|2899, 569948|3036, 569948|4047, com.whatsapp, 
570148|1, 570148|444, 570084|514, 570084|1401, 570080|1515, 570080|1728, 570228|1876, 570228|2359, 570180|2447, 570180|3345, 570196|3440, 570196|4107, com.tripadvisor.tripadvisor, 
570140|1, 570140|197, 570116|274, 570116|1145, 570108|1240, 570108|1872, 567888|1963, 567888|2071, 567756|2233, 570272|2474, 569236|2580, 569236|2759, 533272|2976, 504856|3153, 505252|3316, 505992|3474, 506436|3612, 506880|3732, 507768|3864, 508656|4059, com.booking, 
537108|1, 537108|787, 537116|857, 537128|916, 537128|2807, 537160|2893, 537160|3791, 537164|3870, 537164|4091, at.DiTronic.androidgroup.randomgallery, 
537156|1, 537156|542, 537160|624, 537160|1877, 490392|2013, 483140|2132, 484324|2243, 484916|2311, 485656|2369, 486396|2454, 487432|2540, 488652|2622, 489244|2679, 490132|2759, 490872|2841, 492204|2960, 492796|3014, 493388|3078, 494276|3158, 495756|3246, 496496|3311, 497088|3363, 497976|3445, 499308|3561, 500132|3638, 500724|3687, 501612|3754, 502500|3829, 503388|3906, 504128|3966, 504868|4016, com.facebook.katana, 
546748|1, 546748|578, 546752|617, 546752|1563, 546784|1618, 546784|1706, 546804|1768, 546804|2582, 546812|2639, 546812|3466, 546836|3597, 546840|3647, 546720|3690, 546720|4021, com.tripadvisor.tripadvisor, 
546788|1, 546788|778, 546784|825, 546784|1728, 546776|1844, 546776|2784, 546820|2887, 546820|3167, 546828|3224, 546828|3797, 546808|3864, 546808|4019, com.cnn.mobile.android.phone, 
546744|1, 546744|1111, 546748|1165, 546748|2068, 546796|2178, 546796|3156, 546792|3203, 546792|4008, at.DiTronic.androidgroup.randomgallery, 
546804|1, 546804|619, 546808|668, 546808|1415, 517652|1466, 482428|1549, 484164|1654, 484608|1733, 485348|1820, 485940|1877, 486532|1954, 486828|2039, 487568|2136, 488604|2278, 489788|2430, 490824|2512, 491364|2616, 492364|2684, 493252|2742, 493400|2798, 494288|2931, 495768|3075, 496804|3174, 497396|3248, 497396|3436, 497840|3514, 498876|3570, 499468|3611, 500984|3674, 501872|3731, 502464|3780, 503204|3818, 503648|3857, 504536|3919, 505276|3987, 506164|4026, com.booking, 
548136|1, 548136|347, 548052|382, 548052|1301, 548056|1351, 547980|1445, 487596|1549, 483748|1652, 484192|1713, 485228|1833, 486412|1954, 487004|2024, 487448|2083, 489372|2245, 490500|2364, 491632|2480, 492372|2572, 493260|2686, 493704|2734, 494148|2797, 495480|2893, 496516|2990, 497256|3086, 497700|3190, 497700|3311, 497920|3355, 499112|3419, 500148|3510, 500740|3571, 501332|3605, 501924|3655, 503108|3714, 503848|3769, 504292|3806, 505328|3858, 506512|3907, 507400|3958, 509472|4033, com.booking, 
548032|1, 548032|824, 548036|932, 548036|1821, 548072|1901, 548072|2826, 548080|2876, 548080|3851, 548076|3888, 548076|4011, com.csst.ecdict, 
548068|1, 548068|397, 548076|432, 548076|2422, 548072|2485, 548068|2546, 548068|3402, 548060|3477, 548060|3711, 551436|3808, 556552|3892, 556552|3934, 557788|3989, 558296|4067, com.android.chrome, 
561244|1, 561244|803, 561252|845, 561248|902, 561248|1113, 561100|1184, 561100|1731, 560952|1815, 560880|1870, 560880|2802, 560780|2879, 560780|3818, 560752|3886, 560752|4071, com.dropbox.android, 
559904|1, 559904|221, 559908|260, 559908|2191, 560028|2302, 560028|3171, 560080|3240, 559988|3301, 559988|4017, com.github.shadowsocks, 
559888|1, 559888|555, 559896|622, 559896|1532, 559836|1617, 559836|1816, 560724|1900, 560724|2514, 560844|2577, 560844|3543, 560828|3628, 560828|4050, com.cnn.mobile.android.phone, 
560544|1, 560544|771, 560548|815, 560544|886, 560544|1668, 560588|1836, 560580|1969, 560580|2598, 548000|2708, 495940|2836, 496092|2959, 496832|3065, 497720|3162, 498608|3234, 499348|3310, 500384|3409, 501716|3483, 502604|3548, 503196|3593, 503640|3639, 504528|3704, 505268|3767, 506036|3824, 506704|3864, 507444|3924, 508628|3994, 509812|4355, com.paypal.android.p2pmobile, 
568428|1, 568428|202, 568424|292, 568424|758, 560432|853, 560432|909, 560284|948, 560284|1225, 560048|1285, 560048|2240, 559980|2308, 559980|3251, 559976|3322, 559976|4021, com.google.android.deskclock, 
557824|1, 557824|562, 557820|622, 557820|1508, 557812|1630, 557812|2013, 557516|2190, 557516|2337, 557368|2403, 557368|2536, 557288|2608, 557152|2655, 557060|2700, 557060|2766, 557160|2839, 557160|2949, 557456|3016, 557456|3574, 557588|3647, 557588|4009, com.android.chrome, 
589992|1, 589992|877, 589996|948, 589992|1044, 589992|1923, 590116|1998, 590116|2801, 589800|3269, 589704|4271, com.Slack, 
587808|1, 587808|418, 587812|466, 587812|979, 588108|1118, 588108|1349, 588144|1438, 588072|1552, 588072|2421, 588000|2491, 588000|2621, 538124|2747, 523916|2813, 524804|2919, 525692|3006, 526432|3060, 527024|3109, 527764|3177, 528800|3250, 529836|3312, 530428|3349, 531316|3411, 532240|3467, 533128|3536, 533720|3573, 534312|3618, 535348|3689, 536680|3753, 537864|3978, 538660|4027, com.paypal.android.p2pmobile, 
588412|1, 588412|810, 588268|881, 588268|1840, 588332|1902, 588332|2832, 588336|2885, 588332|2933, 588332|4011, com.google.android.deskclock, 
588332|1, 588332|409, 588344|466, 588344|1065, 587308|1138, 587308|1346, 587304|1408, 587180|1468, 587180|1860, 587032|1928, 587032|2081, 576964|2145, 576964|2396, 576812|2447, 576812|2970, 576804|3026, 576804|4039, com.google.android.apps.photos, 
576784|1, 576784|968, 576172|1045, 576272|1110, 576272|1346, 576864|1392, 577012|1447, 577012|1627, 574052|1682, 574052|1927, 574180|1985, 574064|2046, 574064|3273, 574804|3347, 574804|3949, 575036|3995, 575036|4046, com.skype.raider, 
561844|1, 561844|463, 561768|505, 561708|548, 561560|608, 561560|668, 561412|711, 561264|747, 561264|1424, 561196|1487, 561092|1567, 561092|2004, 561240|2063, 561240|2448, 561220|2502, 561220|2627, 561144|2678, 561144|3506, 561140|3537, 561140|3769, 561148|3811, 561148|4011, com.google.android.apps.photos, 
561116|1, 561116|1610, 558896|1669, 552532|1759, 552532|2057, 552484|2116, 552484|2179, 552432|2252, 552432|2993, 552428|3072, 552428|4023, com.Slack, 
552432|1, 552432|1427, 552440|1510, 552440|2447, 552308|2516, 552308|3391, 552300|3441, 552304|3509, 552304|4034, com.whatsapp, 
552408|1, 552408|1275, 552348|1344, 552380|1432, 552380|2295, 552188|2390, 552188|3114, 539312|3179, 493136|3259, 487956|3338, 488888|3402, 489776|3463, 490220|3505, 490960|3558, 490664|3619, 492144|3678, 493180|3723, 493772|3766, 494660|3826, 495696|3880, 496436|3930, 497176|3971, 497768|4007, com.antutu.ABenchMark, 
553932|1, 553932|874, 554080|914, 554228|979, 546104|1080, 546104|1974, 546168|2095, 546168|2979, 546156|3021, 546156|3229, 546152|3265, 546160|4025, com.cnn.mobile.android.phone, 
546124|1, 546124|1146, 546112|1220, 546080|1322, 546080|2182, 546084|2245, 546084|3211, 546080|3252, 546080|4012, com.Slack, 
546044|1, 546044|1150, 546192|1219, 546192|1598, 546180|1643, 546180|1703, 546056|1768, 546056|1828, 546076|1879, 546076|2824, 546080|2942, 546080|3254, 545932|3362, 546080|3465, 546080|3781, 546036|3834, 546060|3887, 546060|4033, com.tripadvisor.tripadvisor, 
546064|1, 546064|269, 546072|331, 546072|2153, 546164|2279, 546164|3186, 546156|3244, 546156|3385, 546164|3434, 546164|4064, com.github.shadowsocks, 
546072|1, 546072|525, 546068|613, 546068|1459, 546072|1540, 546080|1611, 546080|2481, 546084|2550, 545948|2598, 545948|3539, 545952|3610, 545952|4026, com.whatsapp, 
546096|1, 546096|680, 546100|737, 546100|1521, 546156|1579, 546156|2304, 546188|2345, 546188|2564, 546180|2601, 546180|3536, 546184|3635, 546184|4009, com.github.shadowsocks, 
546096|1, 546096|947, 545948|1006, 545948|1056, 545852|1125, 545852|2033, 545776|2097, 545800|2169, 545800|3064, 545792|3110, 545792|4023, at.DiTronic.androidgroup.randomgallery, 
543780|1, 543780|636, 543776|682, 543776|1646, 543772|1710, 543772|2052, 543776|2095, 543776|2648, 543652|2701, 543652|3636, 543632|3683, 543632|4013, com.whatsapp, 
543788|1, 543788|666, 543792|717, 543792|1659, 543836|1719, 543860|1785, 543860|2698, 543852|2768, 543852|4009, com.Slack, 
543812|1, 543812|289, 543808|343, 543808|1300, 543904|1371, 543904|2291, 543872|2354, 543872|2577, 543796|2660, 550396|2741, 551008|2798, 555436|2878, 559260|2952, 559712|3021, 559712|3069, 560156|3134, 561252|3229, 561252|3292, 561364|3340, 561364|4037, com.sometimeswefly.littlealchemy, 
561092|1, 561092|792, 561088|843, 561088|1769, 561084|1815, 561084|2779, 561072|2824, 561072|3719, 561080|3788, 561084|3831, 561084|4043, com.android.chrome, 
559628|1, 559628|292, 559632|339, 559632|1318, 559636|1374, 559636|1708, 559488|1775, 559488|2314, 559476|2353, 559476|3306, 559468|3350, 559468|4026, com.whatsapp, 
559676|1, 559676|508, 559620|544, 559620|1431, 559664|1548, 559664|2418, 559608|2506, 538004|2569, 495380|2654, 495528|2747, 496120|2806, 496860|2856, 497896|2917, 498636|2974, 499228|3024, 500264|3061, 501300|3124, 502336|3178, 503076|3230, 503816|3275, 504408|3308, 505296|3355, 506184|3409, 507368|3463, 508620|3514, 508928|3549, 509076|3599, 509064|3646, 509064|3831, 509864|3894, 510864|3946, 511764|3991, 512464|4027, com.paypal.android.p2pmobile, 
559660|1, 559536|183, 559536|782, 553024|894, 553024|977, 553000|1045, 552900|1089, 552900|1988, 552888|2044, 552868|2100, 552868|2941, 552872|3046, 552864|3127, 552864|4031, com.sometimeswefly.littlealchemy, 
552748|1, 552748|565, 552752|646, 552752|1502, 552760|1581, 552760|2547, 552748|2603, 552748|4029, com.skype.raider, 
552732|1, 552732|964, 552760|1069, 552760|1976, 552772|2049, 552772|2973, 552768|3019, 552768|4056, com.skype.raider, 
551664|1, 551664|1318, 551668|1435, 551668|2281, 551544|2325, 551544|3301, 551548|3345, 551548|4038, com.whatsapp, 
551688|1, 551688|165, 551696|219, 551696|1191, 551688|1282, 550948|1377, 550948|1717, 536592|1826, 507436|1920, 492488|2017, 492932|2096, 493396|2199, 494132|2298, 495316|2479, 495760|2580, 495464|2690, 495020|2764, 493836|2854, 493984|2897, 494428|2952, 496056|3096, 496944|3162, 497552|3210, 498144|3252, 499476|3319, 500216|3376, 500808|3424, 501548|3472, 501992|3528, 502880|3597, 503620|3676, 504508|3743, 505396|3789, 506284|3846, 507024|3911, 507912|3979, 508948|4043, com.ted.android, 
542496|1, 542496|214, 542380|269, 542380|1239, 542384|1383, 542384|2197, 542260|2263, 542260|3218, 542256|3285, 542256|4006, com.whatsapp, 
542408|1, 542408|272, 542412|342, 542412|1240, 542416|1295, 542416|2248, 542316|2333, 542316|3251, 542308|3307, 542308|4027, com.google.android.apps.photos, 
542432|1, 542432|732, 542436|788, 542436|1492, 542288|1555, 542288|1716, 542092|1801, 542092|2001, 542240|2114, 540760|2224, 540760|2670, 540732|2758, 540548|2947, 540548|3259, 540400|3330, 540400|3555, 533740|3607, 497184|3648, 475428|3711, 476280|3791, 477168|3853, 477464|3896, 477168|3952, 477908|4018, com.antutu.ABenchMark, 
543952|1, 544988|268, 545048|372, 545048|1155, 545084|1266, 545136|1349, 545136|1822, 537144|1915, 537144|2214, 537140|2272, 537028|2334, 537028|3235, 537124|3335, 537124|4020, com.tripadvisor.tripadvisor, 
536996|1, 536996|583, 537000|645, 537000|1392, 503700|1478, 472768|1550, 473508|1596, 474512|1678, 475400|1744, 476288|1816, 477028|1869, 477916|1915, 479248|1983, 480136|2042, 480728|2098, 481468|2142, 482060|2181, 482800|2244, 483688|2304, 484576|2367, 485760|2418, 486500|2459, 487240|2527, 488128|2582, 488908|2640, 489944|2696, 490388|2737, 491424|2808, 492904|2889, 493792|2961, 494976|3023, 495716|3066, 496604|3117, 497788|3183, 499416|3241, 500156|3294, 500896|3347, 501340|3496, 502820|3547, 504252|3613, 505720|3681, 506520|3742, 507120|3783, 507620|3829, 508520|3889, 509316|3951, 510816|4018, com.facebook.katana, 
537196|1, 537208|140, 537212|196, 537212|1113, 537208|1194, 537208|1273, 504500|1361, 473124|1401, 472976|1467, 473716|1539, 474456|1600, 475196|1650, 475640|1690, 476380|1746, 477120|1804, 478452|1866, 479044|1918, 479636|1955, 480228|2002, 480820|2059, 481876|2117, 482660|2175, 483104|2213, 483696|2257, 484584|2316, 485916|2373, 486508|2427, 486952|2471, 487544|2513, 488284|2567, 489320|2622, 490208|2679, 490652|2720, 491244|2756, 492132|2810, 492872|2863, 493612|2918, 494500|2970, 495092|3006, 495832|3049, 496720|3107, 498296|3165, 499396|3220, 499896|3257, 500396|3291, 501396|3454, 503896|3494, 505396|3553, 506196|3619, 507096|3677, 507796|3735, 508296|3774, 508896|3819, 510296|3880, 511096|3938, 511996|3999, 512796|4052, com.facebook.katana, 
537288|1, 537288|557, 537300|617, 537304|672, 537304|1444, 537452|1532, 537368|1622, 537368|2596, 537444|2673, 537444|3448, 537456|3528, 537456|3590, 537496|3644, 537496|4034, com.cnn.mobile.android.phone, 
537480|1, 537480|974, 537476|1045, 537484|1106, 537484|2022, 537492|2082, 537492|3037, 537496|3094, 537500|4043, com.skype.raider, 
537520|1, 537520|1579, 537412|1666, 537412|1767, 537264|1876, 537264|2002, 537116|2107, 537116|2533, 537020|2589, 536844|2648, 536844|3570, 536820|3621, 536820|3722, 536816|3756, 536816|4038, com.csst.ecdict, 
536680|1, 536680|4032, com.csst.ecdict, 
536676|1, 536676|712, 536672|771, 536672|1605, 536744|1696, 536744|2535, 536752|2627, 536752|3619, 536756|3674, 536756|4077, com.google.android.deskclock, 
536748|1, 536748|99, 536752|160, 536752|1077, 536756|1161, 536756|1584, 500940|1668, 472228|1753, 472920|1837, 473512|1897, 474104|1986, 475140|2092, 475916|2174, 476656|2264, 477840|2346, 479172|2436, 479616|2501, 480208|2559, 481392|2649, 482280|2720, 483020|2755, 483908|2825, 485388|2885, 486128|3226, 486440|3272, 486940|3320, 487940|3381, 488740|3435, 489640|3485, 490140|3517, 490740|3558, 491940|3612, 492840|3667, 493840|3719, 494540|3754, 495440|3796, 496440|3851, 497840|3902, 499140|3955, 499740|3989, 500240|4030, com.ted.android, 
537156|1, 537156|280, 537152|333, 537152|2277, 537160|2318, 537160|3262, 537180|3321, 537180|4079, com.sometimeswefly.littlealchemy, 
537112|1, 537112|856, 537100|927, 537116|1017, 537116|2893, 537128|2977, 537128|3908, 537116|3971, 537116|4039, com.sometimeswefly.littlealchemy, 
537116|1, 537116|1272, 537160|1374, 537156|1448, 537156|2335, 537052|2428, 537052|2811, 536756|3236, 536688|3449, 536688|4024, com.Slack, 
537204|1, 537204|833, 537464|955, 537464|1886, 537420|1952, 537420|2873, 537412|2930, 537412|3891, 537416|3946, 537416|4024, com.google.android.deskclock, 
537412|1, 537412|1422, 510644|1490, 472752|1571, 473492|1641, 474380|1696, 474972|1738, 475712|1786, 476600|1844, 477488|1901, 478672|1951, 479560|1988, 480300|2043, 481188|2098, 482076|2147, 482816|2193, 483260|2229, 484148|2275, 485332|2331, 486516|2384, 486812|2436, 487404|2471, 488236|2524, 489292|2577, 490328|2633, 490920|2674, 491660|2709, 492696|2759, 493436|2813, 494620|2865, 495508|2911, 496248|2945, 496988|2984, 498468|3035, 499652|3091, 500540|3137, 501280|3401, 506460|3434, 507468|3486, 508260|3540, 509000|3589, 510480|3641, 511072|3677, 511812|3729, 512700|3781, 513588|3841, 514624|3901, 516696|4182, com.facebook.katana, 
537360|1, 537360|850, 537356|903, 537352|950, 537352|1127, 536316|1220, 536316|1502, 535872|1630, 535872|1719, 535724|1779, 535724|1887, 535560|1971, 535560|2831, 535524|2929, 535524|3692, 535520|3753, 535520|3838, 535516|3905, 535520|3977, 535520|4043, com.dropbox.android, 
520392|1, 520392|1214, 520388|1263, 520388|2219, 520464|2271, 520464|3185, 520460|3239, 520460|4032, com.google.android.deskclock, 
520452|1, 520452|1634, 520468|1714, 520468|3616, 520476|3680, 520476|4041, com.skype.raider, 
521912|1, 521912|298, 521916|349, 521916|1281, 521928|1367, 521928|2236, 523148|2309, 527740|2359, 541312|2421, 543268|2479, 544316|2534, 545336|2585, 545336|2635, 547976|2720, 547976|3290, 548192|3337, 548192|4004, com.sometimeswefly.littlealchemy, 
548136|1, 548136|813, 548180|886, 548180|1789, 548192|1853, 548200|1919, 548200|2798, 548192|2857, 548192|3917, 548200|3950, 548200|4055, com.skype.raider, 
546980|1, 546980|319, 546976|371, 546976|1280, 546940|1369, 546940|2288, 546956|2359, 546956|3199, 546216|3260, 504628|3316, 482284|3379, 483024|3425, 483764|3468, 484800|3549, 482136|3609, 482876|3650, 483468|3690, 484948|3746, 485688|3798, 486576|3852, 487020|3886, 487760|3928, 488648|3979, 489536|4035, com.antutu.ABenchMark, 
530736|1, 530800|229, 530800|999, 530868|1309, 530868|1714, 522876|1833, 522876|1948, 522896|2034, 522752|2188, 522752|2968, 522808|3084, 522808|3930, 502976|3973, 462040|4020, com.antutu.ABenchMark, 
515816|1, 517024|279, 517468|421, 518504|523, 519096|656, 519688|807, 520280|945, 520872|1066, 521464|1177, 522204|1412, 522944|1595, 524276|1788, 524868|1925, 524868|2073, 524988|2217, 525064|2334, 525064|3164, 525056|3263, 525056|3867, 525052|3969, 525052|4061, com.csst.ecdict, 
524904|1, 524904|2062, 524608|2272, 524608|3306, 524584|3428, 524584|4042, com.dropbox.android, 
524616|1, 524616|184, 524612|242, 524612|2086, 524620|2253, 524620|3096, 524612|3267, 524612|4044, com.csst.ecdict, 
524656|1, 524656|954, 524672|1054, 524672|1148, 524668|1221, 524668|1903, 524632|2084, 524632|2223, 497844|2322, 458328|2503, 458920|2680, 459660|2870, 459956|2970, 460492|3136, 461380|3358, 462416|3530, 463304|3644, 464192|3726, 465080|3821, 465820|3910, 467608|4142, com.ted.android, 
531048|1, 531048|700, 531044|791, 531044|1717, 531048|1825, 531048|2757, 531376|2889, 531376|3391, 531424|3456, 531424|3722, 531556|3770, 531584|3837, 531584|4059, com.google.android.apps.photos, 
531728|1, 531728|1583, 531652|1701, 531652|1940, 484292|2009, 460168|2118, 461056|2189, 461500|2256, 462388|2375, 462832|2465, 463572|2578, 464292|2645, 464896|2725, 467116|2918, 467708|3049, 468300|3163, 468892|3347, 469336|3435, 470076|3597, 471244|3698, 471836|3765, 473020|3899, 473908|4292, com.booking, 
524364|1, 524216|112, 524216|894, 524244|934, 524100|985, 524100|1908, 524140|2008, 524140|2915, 524132|2956, 524132|4062, com.csst.ecdict, 
524096|1, 524096|1184, 524100|1236, 524100|2179, 524160|2229, 524180|2310, 524180|3192, 524172|3248, 524172|4008, com.Slack, 
524164|1, 524164|706, 524168|758, 524168|1688, 524204|1746, 524204|2665, 524200|2715, 524200|4031, at.DiTronic.androidgroup.randomgallery, 
524200|1, 524200|257, 524212|308, 524212|1241, 524208|1278, 524196|1339, 524196|2282, 524224|2336, 524224|3311, 524220|3363, 524220|4027, com.google.android.deskclock, 
524216|1, 524216|1382, 480852|1481, 459984|1529, 460280|1608, 461020|1692, 462296|1784, 463184|1844, 463776|1917, 465552|2017, 466884|2101, 467624|2157, 468512|2277, 469400|2392, 469992|2478, 470584|2551, 472796|2719, 474268|3083, 475156|3164, 475896|3226, 476784|3287, 477524|3334, 478264|3377, 479744|3432, 480632|3487, 481816|3553, 482704|3590, 483740|3634, 485072|3702, 486644|3754, 488864|3919, 490048|4031, com.booking, 
524516|1, 524516|305, 524584|358, 524584|1297, 524528|1382, 518756|1492, 460000|1583, 460444|1670, 461184|1781, 461776|1855, 462812|1939, 463848|2038, 464292|2100, 465624|2179, 467252|2290, 467928|2406, 468668|2481, 469852|2617, 471332|2743, 472368|2847, 472960|2903, 474440|3269, 474868|3354, 475904|3426, 477088|3484, 477680|3523, 478568|3574, 480048|3638, 481084|3703, 482268|3764, 483008|3801, 483748|3837, 485524|3922, 487004|3986, 487892|4234, com.booking, 
524548|1, 524548|883, 524552|961, 524552|1862, 524572|1900, 524564|1956, 524564|2892, 524556|2959, 524556|3843, 524564|3906, 524564|4031, com.skype.raider, 
524552|1, 524552|406, 524560|460, 524560|1427, 524544|1487, 524544|2441, 524528|2497, 524528|2594, 524508|2636, 524508|2685, 524612|2739, 524612|3437, 524620|3473, 524620|4011, com.google.android.apps.photos, 
524428|1, 524428|857, 524424|921, 524424|2789, 524400|2939, 524400|3807, 502860|3878, 460236|3927, 460088|3992, 460976|4064, com.antutu.ABenchMark, 
512384|1, 513716|245, 514752|356, 515340|494, 515784|633, 516228|766, 516968|898, 517412|1028, 517856|1178, 518448|1480, 520212|1705, 520656|1828, 521248|2013, 521692|2304, 521812|2415, 521812|2981, 521960|3081, 521960|3337, 522004|3396, 522004|4009, com.google.android.apps.photos, 
521920|1, 521920|246, 521916|328, 521916|1260, 521908|1374, 521908|2190, 521916|2316, 521956|2434, 521956|3299, 521948|3425, 521948|4016, com.csst.ecdict, 
521956|1, 521956|2343, 521960|2431, 521960|4023, at.DiTronic.androidgroup.randomgallery, 
521952|1, 521952|2395, 521960|2500, 521960|3382, 521940|3466, 521940|4070, com.dropbox.android, 
522248|1, 522248|655, 522260|705, 522260|1632, 522248|1770, 522248|2634, 522256|2681, 522248|2769, 522248|3607, 522224|3706, 522224|3797, 522256|3863, 522256|4064, com.sometimeswefly.littlealchemy, 
522204|1, 522204|934, 522212|997, 522212|1918, 522196|1997, 522196|2901, 522220|2985, 522220|3366, 523256|3453, 523256|3887, 523204|3963, 523212|4038, com.cnn.mobile.android.phone, 
523120|1, 523132|493, 523132|1099, 523112|1219, 523112|2153, 523128|2200, 523128|4012, com.skype.raider, 
523116|1, 523116|586, 523120|630, 523100|683, 523100|1602, 523116|1678, 523116|2546, 523244|2643, 523248|2728, 523248|3557, 523264|3627, 523260|3693, 523260|4057, com.cnn.mobile.android.phone, 
523236|1, 523236|970, 523240|1051, 523240|1961, 523264|2022, 523264|2918, 523260|2977, 523260|4026, at.DiTronic.androidgroup.randomgallery, 
523264|1, 523264|511, 523276|561, 523276|2473, 523284|2530, 523280|2586, 523280|4053, com.skype.raider, 
523260|1, 523260|988, 523268|1094, 523268|2079, 523260|2123, 523260|3021, 523256|3063, 523256|4008, at.DiTronic.androidgroup.randomgallery, 
523248|1, 523248|438, 523256|497, 523256|1455, 523248|1505, 523248|2493, 523252|2570, 523252|4035, at.DiTronic.androidgroup.randomgallery, 
523312|1, 523312|739, 523308|790, 523320|840, 523320|1769, 523276|1861, 523276|2752, 523244|2826, 523244|3745, 472920|3832, 461772|3900, 462660|3960, 463548|4018, com.antutu.ABenchMark, 
529196|1, 530232|242, 530824|372, 531564|503, 532896|656, 533488|944, 533840|1050, 533836|1192, 533836|1876, 533792|1990, 533796|2178, 533796|2837, 533828|3017, 533828|3384, 511924|3522, 467524|3629, 461604|3706, 462344|3882, 463240|4014, com.booking, 
534644|1, 536124|197, 536176|254, 536176|1229, 528256|1320, 528256|1473, 528108|1592, 528108|2221, 528152|2401, 528152|3095, 528144|3220, 528128|3393, 528128|4091, com.dropbox.android, 
528132|1, 528132|793, 528128|893, 528128|1864, 528132|1970, 528132|3867, 528120|3978, 528120|4047, com.dropbox.android, 
528112|1, 528112|900, 528108|989, 528108|2249, 510200|2412, 464024|2582, 464468|2814, 465516|2999, 466404|3254, 467292|3444, 468328|3617, 469216|3695, 470252|3774, 470992|3867, 471664|3964, 472616|4073, com.ted.android, 
532132|1, 532132|1734, 532136|1897, 532136|2616, 532116|2722, 532164|2836, 532164|3614, 532172|3798, 532172|4071, com.dropbox.android, 
532188|1, 532188|2417, 532184|2520, 532184|3451, 532168|3617, 532168|4050, com.dropbox.android, 
532164|1, 532164|1898, 524468|2001, 464084|2197, 464800|2355, 465392|2508, 466132|2629, 467168|2887, 468056|3073, 469092|3242, 470328|3345, 471216|3440, 472252|3545, 473288|3668, 474028|3749, 475064|3844, 476248|3938, 477284|4006, com.ted.android, 
528772|1, 528624|140, 528624|423, 528668|476, 528668|1975, 473168|2146, 464584|2281, 465176|2392, 465928|2523, 466668|2638, 467556|2761, 468296|2884, 469480|3027, 470812|3233, 471404|3384, 472224|3512, 472964|3693, 473408|3848, 473852|3958, 474296|4033, com.booking, 
528564|1, 528564|538, 528560|630, 528440|713, 528440|2031, 484040|2135, 464704|2282, 465888|2489, 466636|2636, 467524|2856, 468264|2973, 470040|3168, 471076|3281, 471520|3365, 472260|3443, 473592|3562, 475080|3743, 475672|3805, 476560|3886, 477892|3974, 478484|4046, com.ted.android, 
528576|1, 528428|110, 528428|825, 528456|920, 528456|2766, 528564|2888, 528564|3373, 528712|3428, 528712|3750, 528908|3844, 528908|4008, com.google.android.apps.photos, 
528884|1, 528884|904, 528840|946, 528844|992, 528844|1926, 528832|2008, 528832|2549, 500120|2619, 464600|2710, 465488|2801, 466376|2893, 466672|2944, 467268|3011, 468156|3092, 468896|3165, 469932|3241, 470672|3289, 471264|3337, 472004|3413, 472744|3483, 473632|3566, 474520|3630, 475112|3679, 475528|3737, 476428|3811, 477828|3885, 478536|3953, 479088|4008, com.instagram.android, 
537008|1, 537016|130, 537016|419, 529024|481, 529024|531, 528876|595, 528876|1031, 528900|1122, 528892|1176, 528892|2186, 495888|2300, 464660|2367, 464956|2420, 465696|2489, 466436|2580, 467176|2646, 467768|2692, 468508|2762, 469692|2849, 470876|2920, 471616|2986, 472208|3033, 472904|3099, 473672|3172, 474412|3236, 475152|3302, 475744|3346, 476188|3389, 477520|3454, 478408|3525, 478852|3590, 479740|3643, 480184|3687, 480776|3738, 481812|3813, 482552|3884, 483588|3952, 484328|3996, 484772|4045, com.instagram.android, 
536976|1, 536976|165, 529132|209, 529132|1431, 529112|1546, 529116|1695, 529116|2152, 487380|2234, 464588|2305, 465328|2367, 465920|2416, 466660|2488, 467508|2554, 468248|2620, 468840|2678, 469728|2721, 470912|2791, 471800|2857, 472540|2925, 473428|2992, 474020|3037, 474464|3091, 475352|3151, 476240|3213, 477424|3275, 478164|3321, 478460|3363, 479200|3424, 480092|3491, 480864|3557, 481664|3611, 482264|3659, 482864|3707, 484164|3774, 484864|3831, 485564|3891, 486364|3943, 487064|3983, 487964|4040, com.instagram.android, 
536956|1, 537104|138, 537104|177, 529260|248, 529260|413, 529112|474, 529112|950, 529088|1032, 529088|1903, 529100|2043, 529100|2145, 519628|2220, 479372|2273, 464572|2323, 465460|2404, 466348|2476, 466940|2530, 467532|2572, 468124|2634, 469012|2706, 470344|2768, 471084|2822, 471528|2868, 472120|2933, 472912|3003, 473800|3066, 474540|3122, 474984|3163, 475576|3210, 476464|3279, 477796|3342, 478536|3403, 479128|3449, 479720|3491, 480460|3556, 481348|3620, 482088|3681, 482828|3739, 483716|3782, 484456|3830, 485048|3891, 485936|3947, 487020|4016, com.instagram.android, 
529228|1, 529228|306, 529108|419, 529108|1385, 529096|1444, 529096|2128, 492836|2209, 464864|2252, 464716|2306, 465624|2383, 466508|2453, 467100|2515, 467692|2559, 468284|2620, 469024|2684, 470060|2750, 471244|2810, 471836|2872, 472280|2914, 473020|2972, 473908|3045, 474648|3106, 475536|3166, 475980|3207, 476720|3256, 478052|3319, 478640|3376, 479252|3442, 479844|3487, 480288|3527, 481176|3584, 481916|3646, 482656|3709, 483840|3768, 484284|3808, 484728|3847, 485616|3909, 486504|3972, 487540|4035, com.instagram.android, 
537068|1, 529076|116, 529076|815, 529116|877, 529104|933, 529104|1804, 529100|1890, 529100|2324, 471972|2443, 464868|2539, 465608|2617, 466200|2675, 467088|2760, 467976|2853, 468748|2937, 469932|3014, 470820|3082, 471708|3177, 472596|3260, 473632|3356, 474224|3423, 474816|3474, 475556|3554, 476592|3635, 477924|3713, 478516|3779, 479256|3845, 480076|3926, 481112|4003, com.instagram.android, 
