28|1, 28|1209, 31|1300, 31|3327, 34|3373, 34|4048, com.skype.raider, 
29|1, 29|1372, 31|1445, 34|1541, 34|1613, 35|1680, 36|1748, 36|1814, 37|1873, 37|2202, 39|2261, 39|2325, 40|2391, 41|2456, 42|2507, 42|3209, 41|3268, 41|3809, 43|3897, 43|3948, 44|3997, 45|4049, com.ebay.mobile, 
46|1, 46|2233, 45|2268, 45|2400, 44|2451, 44|3172, 43|3211, 43|4006, com.github.shadowsocks, 
34|1, 34|4034, com.google.android.deskclock, 
24|1, 24|399, 22|443, 22|480, 21|524, 21|1001, 22|1077, 22|1547, 23|1615, 23|1778, 24|1851, 24|4028, com.ted.android, 
26|1, 26|1366, 29|1445, 29|1955, 34|2016, 34|2258, 35|2344, 35|2506, 38|2579, 38|4232, com.paypal.android.p2pmobile, 
37|1, 37|2145, 36|2178, 36|4034, com.facebook.katana, 
31|1, 31|2568, 34|2615, 34|3488, 32|3926, 32|4014, com.facebook.katana, 
29|1, 29|1210, 30|1277, 30|1783, 32|1871, 32|2040, 33|2128, 33|2348, 34|2418, 34|2865, 35|2929, 35|3333, 36|3392, 36|4063, com.paypal.android.p2pmobile, 
34|1, 34|413, 36|495, 39|562, 39|751, 42|848, 42|906, 52|1040, 55|1182, 55|1608, 56|1718, 56|1801, 57|1859, 57|2146, 58|2236, 58|2480, 61|2524, 60|2596, 60|2686, 59|2726, 58|2767, 58|2854, 57|2903, 57|3099, 58|3185, 63|3263, 64|3562, 67|3649, 67|3881, 68|3937, 68|4023, com.antutu.ABenchMark, 
60|1, 60|957, 59|1040, 62|1148, 62|1677, 63|1752, 63|3137, 62|3226, 62|3263, 61|3312, 61|3364, 60|3400, 60|4034, com.tripadvisor.tripadvisor, 
58|1, 58|669, 57|758, 57|1829, 58|1880, 58|1919, 59|1982, 59|3650, 58|3696, 58|4029, at.DiTronic.androidgroup.randomgallery, 
53|1, 53|549, 52|595, 52|1018, 53|1072, 53|1204, 55|1247, 56|1310, 58|1408, 58|1633, 59|1684, 59|2341, 61|2393, 63|2441, 66|2501, 69|2536, 70|2586, 71|2645, 71|2698, 72|2762, 72|3170, 75|3239, 76|3289, 78|3343, 78|3464, 82|3571, 86|3674, 87|3758, 90|3848, 94|3924, 94|4051, com.cnn.mobile.android.phone, 
99|1, 99|827, 100|892, 100|1212, 99|1325, 100|1384, 100|1472, 101|1540, 101|3077, 100|3111, 100|3460, 102|3522, 102|4075, com.ted.android, 
98|1, 98|505, 97|552, 96|592, 96|2321, 94|2369, 94|4048, com.google.android.apps.photos, 
62|1, 62|959, 61|1002, 62|1064, 62|1235, 64|1294, 64|1480, 63|1558, 63|1609, 65|1700, 65|1751, 69|1810, 70|1901, 70|1974, 73|2140, 74|2249, 75|2373, 75|2540, 76|2625, 78|2905, 80|3047, 80|3552, 79|3620, 80|3779, 82|3842, 81|3885, 81|4017, com.booking, 
79|1, 79|578, 78|609, 78|996, 79|1092, 79|1232, 81|1308, 82|1388, 82|1527, 83|1605, 82|1670, 82|2050, 83|2174, 83|2280, 81|2386, 81|2468, 80|2543, 80|2593, 81|2657, 85|2979, 85|3395, 86|3452, 86|3810, 87|3864, 87|4034, com.booking, 
79|1, 79|1530, 78|1598, 78|2057, 77|2108, 76|2154, 76|2305, 75|2345, 75|2507, 74|2548, 74|4018, com.google.android.apps.photos, 
60|1, 60|306, 61|362, 61|406, 62|471, 62|1360, 65|1433, 65|1546, 68|1589, 68|4006, com.whatsapp, 
64|1, 64|1186, 66|1285, 66|1345, 70|1407, 74|1477, 74|1540, 75|1645, 75|1762, 76|1819, 76|1938, 77|1999, 77|2157, 76|2257, 76|2872, 82|3258, 83|3477, 84|3698, 85|4052, com.Slack, 
82|1, 82|330, 81|367, 81|561, 80|605, 80|1692, 83|1751, 83|1964, 84|2017, 85|2065, 85|2233, 87|2286, 87|2474, 86|2531, 86|2868, 88|2941, 88|3352, 89|3398, 89|3563, 75|3607, 75|4033, com.sometimeswefly.littlealchemy, 
72|1, 72|1192, 74|1254, 76|1349, 76|1453, 80|1518, 80|2320, 82|2399, 89|2475, 91|2530, 92|2588, 92|2733, 93|2776, 95|2826, 96|2883, 96|3007, 97|3042, 97|3099, 102|3198, 102|3305, 104|3358, 105|3417, 105|3486, 107|3540, 108|3595, 108|3678, 107|3741, 107|4014, com.android.chrome, 
95|1, 95|562, 94|609, 94|1133, 96|1174, 99|1266, 99|1431, 103|1511, 103|1582, 104|1692, 107|1839, 107|2504, 108|2576, 108|3233, 111|3290, 111|3492, 110|3529, 107|3584, 108|4120, com.antutu.ABenchMark, 
105|1, 105|442, 102|528, 102|1181, 103|1265, 105|1365, 105|2918, 107|2958, 108|3018, 109|3093, 109|3345, 108|3386, 108|3569, 107|3615, 106|3661, 104|3694, 104|4030, com.whatsapp, 
80|1, 80|1260, 79|1317, 79|2071, 78|2118, 78|3163, 77|3203, 77|3276, 76|3319, 75|3380, 75|4009, com.github.shadowsocks, 
68|1, 68|4010, com.github.shadowsocks, 
63|1, 63|1782, 62|1818, 62|2119, 61|2161, 61|2478, 62|2533, 62|2973, 59|3043, 59|3663, 60|3697, 60|3735, 61|3788, 61|4003, com.tripadvisor.tripadvisor, 
58|1, 58|1557, 59|1608, 61|1695, 62|1746, 62|1816, 63|1875, 63|1931, 65|2016, 65|2129, 67|2197, 67|2262, 68|2337, 69|2411, 69|2957, 67|3012, 67|3282, 68|3353, 70|3418, 70|3776, 71|3837, 71|4031, com.ebay.mobile, 
77|1, 77|1505, 78|1563, 77|1673, 78|1798, 79|1867, 79|1970, 80|2032, 80|2150, 79|2217, 79|2782, 78|2848, 79|2915, 84|2991, 84|3042, 85|3085, 86|3120, 86|3663, 87|3708, 87|4014, com.ebay.mobile, 
84|1, 84|1119, 87|1180, 88|1232, 88|1306, 87|1397, 87|1661, 86|1713, 86|1819, 85|1865, 85|2335, 84|2416, 84|2915, 83|2968, 83|3494, 82|3531, 82|4059, com.dropbox.android, 
63|1, 63|253, 62|297, 62|1851, 64|1904, 64|2105, 65|2145, 66|2195, 66|2394, 67|2432, 68|2483, 68|2622, 69|2683, 69|2789, 70|2871, 70|2956, 71|3016, 71|3609, 70|3667, 70|4013, com.sometimeswefly.littlealchemy, 
70|1, 70|896, 69|991, 68|1033, 68|1238, 67|1308, 66|1374, 66|1450, 65|1561, 68|1619, 68|2097, 74|2169, 74|2472, 75|2540, 75|2761, 78|2836, 78|2878, 77|2940, 77|3137, 76|3177, 75|3239, 75|3817, 74|3871, 74|4010, com.paypal.android.p2pmobile, 
69|1, 69|74, 67|157, 67|1479, 68|1576, 68|1805, 69|1886, 69|1960, 70|2036, 70|2885, 73|2971, 73|3007, 74|3054, 74|3187, 72|3251, 72|3816, 73|3868, 73|4005, com.ebay.mobile, 
65|1, 65|1595, 64|1711, 63|1787, 63|1925, 64|1994, 65|2078, 66|2139, 66|2438, 63|2489, 63|2827, 62|2880, 62|3047, 63|3106, 65|3191, 65|3240, 64|3271, 51|3333, 51|3452, 50|3526, 50|3838, 51|3895, 51|4020, com.ebay.mobile, 
40|1, 40|1792, 48|1930, 48|1989, 50|2029, 56|2112, 60|2156, 60|3017, 68|3058, 67|4220, com.instagram.android, 
62|1, 62|541, 55|591, 55|1055, 57|1107, 57|1372, 59|1454, 59|1516, 58|1594, 58|1811, 59|1934, 59|2509, 65|2892, 67|3101, 68|3325, 68|4069, com.Slack, 
71|1, 71|411, 70|448, 70|1209, 74|1312, 74|1423, 79|1508, 80|1566, 80|1691, 81|1731, 82|1787, 83|1822, 83|2026, 84|2079, 84|2279, 85|2344, 89|2428, 89|2474, 92|2538, 92|2676, 93|2758, 93|2939, 94|2989, 100|3072, 100|3210, 105|3275, 106|3335, 106|3411, 109|3469, 109|4041, com.android.chrome, 
104|1, 104|680, 103|723, 103|846, 102|912, 103|967, 103|1019, 106|1077, 107|1125, 107|1178, 110|1236, 118|1341, 122|1418, 122|1848, 126|1939, 127|2065, 131|2106, 131|2938, 132|2998, 132|4007, com.cnn.mobile.android.phone, 
130|1, 130|780, 131|863, 131|2136, 130|2194, 130|2769, 129|2816, 129|3545, 128|3583, 128|3721, 126|3752, 126|4026, com.google.android.apps.photos, 
92|1, 92|921, 95|971, 95|1400, 98|1486, 98|1572, 99|1653, 99|1731, 100|1847, 100|2065, 99|2135, 99|3733, 97|3780, 97|4002, com.ted.android, 
86|1, 86|1418, 87|1481, 87|1576, 90|1669, 96|1804, 97|1880, 97|1918, 99|1972, 100|2023, 100|2094, 101|2206, 101|2253, 102|2300, 102|2433, 108|2513, 108|2746, 109|2789, 109|2914, 115|2967, 116|3033, 117|3100, 117|3152, 115|3221, 118|3287, 119|3337, 119|3405, 122|3496, 122|3704, 121|3752, 121|3895, 120|3942, 121|4002, com.android.chrome, 
123|1, 122|35, 122|1443, 123|1486, 123|1539, 124|1646, 125|1695, 125|1742, 126|1806, 126|2234, 128|2289, 128|2507, 129|2624, 129|2912, 132|2985, 132|3483, 131|3522, 127|4101, com.paypal.android.p2pmobile, 
119|1, 119|149, 118|265, 118|2103, 117|2153, 117|3482, 116|3546, 115|3611, 115|4024, com.google.android.deskclock, 
83|1, 83|1766, 85|1809, 85|1859, 84|1916, 84|1963, 82|2004, 83|2066, 84|2113, 84|2296, 86|2352, 86|2524, 87|2595, 88|2660, 88|3631, 87|3683, 87|4020, com.sometimeswefly.littlealchemy, 
79|1, 79|1485, 80|1530, 80|1935, 82|1975, 82|2055, 81|2111, 81|2225, 82|2293, 82|2471, 83|2535, 83|3638, 81|3686, 81|4023, com.paypal.android.p2pmobile, 
74|1, 74|118, 66|256, 66|4029, com.google.android.deskclock, 
57|1, 57|3425, 56|3476, 56|4228, com.facebook.katana, 
55|1, 55|39, 54|72, 53|122, 53|346, 52|399, 52|601, 51|647, 51|814, 50|886, 49|964, 49|1130, 48|1191, 48|1491, 50|1575, 53|1732, 59|1813, 59|1899, 60|1955, 60|1994, 62|2040, 63|2111, 63|2239, 64|2290, 64|2326, 65|2378, 65|2590, 68|2657, 68|2709, 71|2784, 71|2870, 69|2933, 69|2986, 70|3040, 70|3180, 74|3227, 75|3305, 75|3362, 74|3418, 74|3578, 78|3622, 78|3801, 81|3858, 81|4043, com.android.chrome, 
82|1, 82|259, 80|309, 80|1124, 82|1203, 82|1511, 83|1578, 82|1639, 82|1784, 83|1856, 84|1924, 86|2017, 87|2065, 87|2122, 92|2224, 92|3456, 90|3509, 89|3551, 89|4014, com.dropbox.android, 
90|1, 90|381, 89|419, 89|477, 90|530, 90|822, 89|909, 89|2886, 90|2935, 90|4028, com.facebook.katana, 
67|1, 67|1979, 66|2027, 66|3142, 65|3187, 65|3264, 64|3297, 64|3347, 63|3411, 63|4006, com.github.shadowsocks, 
50|1, 49|39, 48|69, 48|272, 47|311, 47|1135, 53|1208, 53|1349, 55|1418, 56|1517, 56|2259, 57|2612, 55|3043, 57|3273, 58|3531, 58|4018, com.Slack, 
57|1, 57|201, 56|243, 56|376, 55|425, 55|893, 54|931, 54|1453, 55|1507, 55|1565, 61|1653, 61|1707, 65|1785, 69|1874, 69|1923, 72|1979, 81|2052, 81|2237, 89|2283, 89|2469, 90|2530, 90|2728, 91|2781, 91|2861, 92|2925, 93|2972, 93|3560, 94|3608, 94|4198, com.instagram.android, 
94|1, 94|43, 89|100, 89|179, 86|227, 86|394, 78|483, 78|533, 79|588, 82|666, 82|697, 74|732, 74|790, 77|851, 80|921, 84|1035, 84|1088, 85|1166, 84|1234, 84|1363, 87|1487, 89|1576, 89|1744, 88|1806, 88|2121, 89|2174, 89|2576, 90|2626, 90|4002, com.cnn.mobile.android.phone, 
92|1, 92|2969, 91|3018, 91|3202, 90|3252, 90|3333, 89|3380, 88|3436, 88|3889, 87|3935, 87|4048, com.facebook.katana, 
71|1, 71|1637, 75|1709, 75|1815, 79|1921, 80|1974, 80|3206, 84|3281, 85|3361, 85|3408, 86|3453, 86|4051, com.ebay.mobile, 
80|1, 80|298, 77|339, 76|391, 76|534, 75|578, 74|627, 74|829, 77|929, 77|1648, 82|1722, 82|1777, 85|1834, 89|1915, 89|1981, 92|2041, 100|2085, 100|2296, 107|2359, 106|2408, 106|2442, 105|2501, 106|2568, 106|2753, 107|2794, 107|3146, 106|3176, 106|3216, 105|3270, 105|4007, com.instagram.android, 
108|1, 108|322, 103|356, 103|453, 100|501, 100|628, 97|716, 92|755, 92|954, 84|998, 84|1192, 86|1283, 87|1345, 87|2496, 86|2553, 86|3538, 85|3589, 85|4038, com.whatsapp, 
70|1, 70|135, 69|185, 68|227, 68|410, 67|465, 67|1022, 69|1162, 71|1301, 77|1426, 77|1658, 78|1732, 78|1917, 79|1956, 79|2250, 83|2369, 86|2421, 86|2534, 85|2580, 85|2626, 84|2692, 84|2875, 83|2927, 86|3008, 86|3097, 90|3180, 90|3297, 93|3368, 93|4003, com.android.chrome, 
90|1, 90|976, 89|1078, 89|1278, 87|1349, 87|1697, 88|1762, 88|1842, 89|1993, 89|2125, 90|2203, 90|2740, 89|2823, 89|3140, 92|3195, 91|3317, 91|4052, com.ebay.mobile, 
94|1, 94|849, 97|931, 97|1015, 98|1088, 98|1186, 99|1280, 105|1369, 105|1539, 106|1625, 109|1762, 109|2359, 110|2473, 110|3107, 108|3168, 108|3421, 111|3510, 111|3848, 113|3939, 113|4051, com.antutu.ABenchMark, 
96|1, 96|1103, 98|1235, 98|1487, 101|1687, 103|1842, 103|4029, com.ted.android, 
100|1, 100|1683, 99|1834, 99|2317, 100|2417, 100|2524, 101|2572, 101|3515, 103|3596, 103|3846, 105|3911, 106|3993, 106|4317, com.ebay.mobile, 
89|1, 89|49, 88|86, 88|1700, 89|1826, 94|1958, 99|2117, 100|2232, 99|2295, 100|2370, 101|2476, 102|2521, 102|2581, 103|2656, 103|3012, 102|3087, 104|3219, 109|3317, 109|3382, 110|3453, 110|3568, 111|3644, 112|3735, 112|3904, 113|3980, 119|4072, com.android.chrome, 
120|1, 120|167, 119|217, 119|289, 117|359, 117|519, 116|592, 116|1960, 115|2033, 117|2099, 117|2356, 116|2418, 116|2777, 115|2859, 115|2974, 114|3017, 113|3073, 113|4026, com.google.android.deskclock, 
116|1, 116|356, 117|397, 117|1019, 118|1076, 118|2079, 124|2179, 126|2250, 132|2349, 133|2423, 135|2477, 135|3332, 143|3408, 143|3562, 151|3638, 152|4055, com.instagram.android, 
131|1, 131|557, 127|613, 127|696, 124|749, 124|1459, 122|1621, 123|1768, 116|1855, 123|1988, 120|2081, 116|2145, 118|2218, 119|2283, 119|2372, 120|2428, 121|2488, 121|2818, 128|2918, 128|3090, 129|3178, 129|3326, 134|3434, 135|3495, 135|3560, 134|3638, 134|3702, 138|3764, 138|3928, 141|3973, 141|4028, com.android.chrome, 
134|1, 134|179, 133|214, 133|317, 131|370, 131|635, 128|685, 128|1554, 127|1608, 124|1671, 123|1711, 123|1883, 122|1915, 122|2059, 124|2091, 123|2132, 122|2183, 122|2607, 123|2679, 123|3400, 126|3496, 127|3578, 127|4022, com.tripadvisor.tripadvisor, 
122|1, 122|431, 121|479, 121|574, 120|610, 120|1199, 122|1259, 122|1405, 123|1492, 124|1613, 125|1710, 125|2418, 127|2780, 131|3171, 133|3401, 134|3654, 133|4053, com.Slack, 
108|1, 108|39, 107|88, 107|1077, 106|1137, 106|1381, 104|1466, 104|1658, 103|1748, 105|1829, 104|1889, 104|2101, 105|2181, 106|2266, 106|2366, 109|2457, 109|2921, 111|3000, 111|3100, 110|3149, 110|3213, 112|3491, 112|4003, com.ebay.mobile, 
107|1, 107|994, 106|1055, 106|1662, 108|1726, 109|1784, 109|1934, 110|1987, 110|2027, 111|2079, 110|2147, 109|2201, 109|2237, 111|2290, 111|2418, 112|2463, 112|2607, 113|2668, 113|2951, 112|3037, 112|3534, 111|3589, 111|4035, com.sometimeswefly.littlealchemy, 
103|1, 103|935, 102|978, 102|1541, 101|1607, 101|1909, 99|1950, 88|1981, 86|2027, 86|2530, 87|2597, 87|4037, com.tripadvisor.tripadvisor, 
79|1, 79|1192, 78|1235, 78|1725, 77|1758, 77|2362, 76|2431, 75|2488, 75|4008, com.tripadvisor.tripadvisor, 
68|1, 68|1699, 69|1766, 69|2118, 71|2223, 71|2343, 70|2403, 70|2492, 69|2543, 69|3158, 70|3260, 73|4199, com.ebay.mobile, 
77|1, 77|45, 76|92, 75|143, 75|322, 74|369, 74|1760, 77|1876, 77|1989, 76|2079, 76|2307, 75|2396, 75|2454, 74|2514, 74|2576, 73|2636, 71|2683, 73|2735, 72|2811, 72|3065, 71|3138, 71|4013, com.csst.ecdict, 
64|1, 64|4005, com.github.shadowsocks, 
56|1, 56|1138, 58|1206, 58|1315, 65|1400, 70|1503, 72|1596, 72|1663, 70|1787, 73|1927, 73|2120, 76|2234, 76|2337, 79|2427, 81|2534, 81|4016, com.cnn.mobile.android.phone, 
77|1, 77|174, 76|276, 76|521, 75|589, 75|1475, 74|1574, 74|1870, 73|1919, 73|2334, 75|2390, 75|2665, 74|2728, 73|2857, 72|2925, 70|2995, 70|4039, com.facebook.katana, 
63|1, 63|4023, com.github.shadowsocks, 
46|1, 46|1611, 45|1675, 45|1968, 46|2060, 46|2284, 44|2343, 44|2608, 43|2660, 43|2816, 45|2879, 45|3110, 44|3184, 44|3728, 45|3792, 45|3909, 46|3980, 46|4041, com.csst.ecdict, 
51|1, 51|234, 50|296, 50|2459, 49|2502, 49|2549, 48|2612, 48|2723, 47|2761, 47|4003, com.github.shadowsocks, 
46|1, 46|1975, 45|2003, 45|2172, 44|2208, 44|2238, 43|2288, 42|2330, 42|2399, 41|2484, 41|2656, 42|2710, 42|4051, com.tripadvisor.tripadvisor, 
36|1, 36|4018, at.DiTronic.androidgroup.randomgallery, 
41|1, 41|1900, 42|1999, 42|2733, 44|2804, 44|4015, com.csst.ecdict, 
41|1, 41|77, 40|122, 40|708, 39|748, 39|1184, 45|1267, 45|1316, 46|1399, 46|1640, 52|1720, 52|1822, 53|1888, 55|2020, 56|2092, 56|2186, 53|2288, 52|2416, 51|2553, 51|2658, 52|2743, 52|3392, 55|3453, 55|4036, com.antutu.ABenchMark, 
74|1, 74|193, 73|259, 73|909, 74|1040, 74|1158, 73|1251, 73|1378, 76|1513, 76|1846, 75|1914, 75|2495, 78|2562, 78|3128, 83|3193, 83|4002, com.paypal.android.p2pmobile, 
83|1, 83|1440, 84|1503, 84|1913, 86|2011, 86|2218, 87|2309, 87|2592, 88|2650, 88|4057, com.paypal.android.p2pmobile, 
71|1, 71|1670, 67|1814, 70|1944, 73|2070, 71|2173, 71|4087, com.whatsapp, 
56|1, 56|3220, 57|3308, 57|4149, com.tripadvisor.tripadvisor, 
60|1, 60|152, 61|224, 62|304, 62|406, 63|512, 63|2030, 66|2279, 66|2389, 68|2560, 71|2779, 72|2967, 72|3679, 71|3870, 73|4046, com.booking, 
74|1, 74|2623, 73|2708, 73|3063, 72|3172, 72|3275, 71|3364, 71|3682, 70|3761, 70|3815, 68|3903, 68|4040, at.DiTronic.androidgroup.randomgallery, 
63|1, 63|4007, com.facebook.katana, 
53|1, 53|2750, 54|2875, 54|4011, com.tripadvisor.tripadvisor, 
53|1, 53|1110, 54|1165, 55|1248, 55|1334, 56|1408, 59|1490, 62|1562, 66|1624, 68|1724, 71|1879, 71|1941, 74|2022, 78|2178, 78|2377, 80|2455, 80|2578, 81|2678, 82|2783, 83|2850, 83|3182, 84|3242, 84|3336, 85|3390, 85|4004, com.cnn.mobile.android.phone, 
86|1, 86|1376, 85|1469, 85|2104, 86|2152, 86|2198, 87|2254, 87|2521, 86|2570, 86|3704, 85|3762, 85|4050, at.DiTronic.androidgroup.randomgallery, 
63|1, 63|1031, 64|1104, 64|1257, 66|1320, 66|1865, 73|1945, 73|2046, 76|2183, 77|2330, 77|2421, 78|2522, 78|2652, 79|2705, 81|2841, 83|2985, 83|3521, 84|3584, 84|3829, 85|3897, 85|4025, com.booking, 
62|1, 62|1022, 63|1115, 63|1241, 66|1335, 66|1600, 67|1717, 67|1837, 68|1913, 68|1971, 67|2131, 68|2246, 68|2461, 69|2573, 68|2624, 68|2680, 70|2777, 71|2880, 71|2976, 70|3076, 70|3309, 71|3397, 71|3923, 72|3987, 71|4217, com.booking, 
56|1, 56|1133, 55|1257, 55|1702, 58|1779, 58|1859, 57|1927, 56|1966, 56|2374, 55|2439, 55|2652, 57|2709, 57|2877, 55|2933, 55|4007, com.csst.ecdict, 
38|1, 38|1359, 40|1485, 45|1626, 48|1699, 48|1875, 49|1950, 50|1996, 50|2198, 51|2236, 51|2606, 57|2715, 58|2764, 59|2819, 59|3003, 60|3059, 61|3125, 61|3270, 64|3342, 66|3463, 69|3533, 69|3676, 72|3757, 72|4007, com.android.chrome, 
72|1, 72|1511, 73|1620, 73|1900, 74|1995, 74|2251, 82|2354, 82|4046, com.dropbox.android, 
82|1, 82|163, 81|204, 81|932, 79|1010, 79|2094, 78|2202, 78|2384, 77|2442, 76|4016, com.github.shadowsocks, 
55|1, 55|1216, 57|1266, 57|1372, 60|1450, 66|1566, 67|1650, 67|2072, 69|2210, 70|2310, 70|3465, 71|3521, 71|4028, com.cnn.mobile.android.phone, 
68|1, 69|50, 69|262, 65|410, 65|1532, 66|1701, 65|1838, 65|2095, 67|2220, 67|2470, 68|2579, 68|2937, 71|3032, 71|4288, com.paypal.android.p2pmobile, 
65|1, 65|4020, com.google.android.deskclock, 
56|1, 56|1057, 55|1143, 55|1770, 58|1889, 66|2046, 70|2209, 70|2280, 71|2341, 72|2413, 72|2532, 71|2576, 72|2643, 72|2716, 71|2784, 71|2967, 74|3065, 75|3133, 78|3191, 78|3445, 79|3523, 79|3647, 86|3713, 87|3810, 88|4023, com.android.chrome, 
92|1, 92|394, 90|443, 90|1189, 92|1273, 94|1364, 94|1427, 99|1552, 100|1681, 100|1775, 101|1827, 101|2088, 104|2179, 103|2305, 104|2434, 104|2716, 109|3164, 112|3492, 113|3738, 113|4142, com.Slack, 
115|1, 115|173, 114|227, 114|636, 115|672, 115|897, 114|1026, 114|1469, 116|1598, 116|1755, 114|1817, 114|2066, 115|2153, 116|2269, 116|2409, 117|2536, 118|2666, 118|2732, 119|2836, 119|3169, 120|3231, 120|3667, 121|3733, 121|4015, com.paypal.android.p2pmobile, 
97|1, 97|510, 96|603, 96|1537, 94|1601, 94|4013, com.google.android.deskclock, 
72|1, 72|1645, 69|1683, 69|2503, 68|2561, 67|2619, 67|4028, com.google.android.apps.photos, 
54|1, 54|1170, 52|1258, 52|1489, 51|1539, 50|1587, 53|1672, 53|1783, 52|1839, 52|1893, 50|1958, 50|3789, 52|3860, 53|3907, 53|4020, com.skype.raider, 
52|1, 52|2269, 51|2333, 51|4038, com.google.android.apps.photos, 
58|1, 58|1324, 60|1419, 60|1666, 61|1735, 61|4034, com.Slack, 
54|1, 54|902, 53|983, 53|1499, 55|1544, 57|1610, 57|2867, 55|2914, 53|2961, 53|4020, com.whatsapp, 
52|1, 52|687, 51|740, 51|1063, 54|1152, 55|1222, 53|1302, 53|1407, 57|1508, 60|1597, 60|1696, 61|1774, 61|1842, 64|1973, 64|2416, 65|2489, 65|3382, 68|3433, 70|4273, com.antutu.ABenchMark, 
76|1, 76|1098, 78|1194, 78|1266, 81|1401, 89|1533, 91|1590, 91|1648, 92|1816, 92|1947, 95|2009, 97|2123, 97|2312, 99|2409, 99|3121, 100|3172, 100|4060, com.cnn.mobile.android.phone, 
92|1, 92|850, 94|915, 94|1093, 95|1166, 96|1265, 96|1383, 95|1479, 95|1534, 94|1598, 94|1668, 93|1731, 93|2522, 92|2659, 92|4023, com.Slack, 
71|1, 71|2144, 70|2193, 70|2426, 69|2539, 69|2734, 70|2832, 70|3265, 71|3371, 71|3548, 73|3616, 73|3861, 74|3943, 76|4040, com.tripadvisor.tripadvisor, 
63|1, 63|653, 62|710, 62|1314, 60|1399, 60|2640, 58|2728, 58|4032, com.github.shadowsocks, 
55|1, 55|1353, 56|1437, 56|1506, 58|1611, 58|4014, com.whatsapp, 
56|1, 56|4015, com.github.shadowsocks, 
52|1, 52|4011, at.DiTronic.androidgroup.randomgallery, 
64|1, 64|655, 63|707, 63|1078, 62|1147, 62|1303, 60|1394, 61|1463, 61|1821, 60|1875, 60|4028, com.whatsapp, 
58|1, 58|1161, 60|1245, 60|1388, 61|1465, 62|1574, 62|4013, com.Slack, 
59|1, 59|410, 58|443, 58|1043, 56|1094, 56|1840, 59|1895, 59|2010, 57|2111, 58|2168, 58|2328, 59|2402, 60|2443, 60|2574, 61|2658, 61|2718, 62|2792, 61|2872, 62|2941, 62|3606, 61|3656, 61|4008, com.sometimeswefly.littlealchemy, 
59|1, 59|230, 58|274, 58|898, 57|968, 57|1336, 61|1493, 66|1557, 52|1612, 52|1757, 53|1796, 54|1885, 54|2059, 55|2110, 55|2436, 57|2487, 59|2560, 62|2629, 63|2680, 63|2883, 64|2929, 65|2972, 65|3123, 69|3161, 70|3247, 70|3378, 73|3440, 73|3553, 76|3619, 76|4039, com.android.chrome, 
75|1, 75|1295, 76|1370, 77|1436, 78|1494, 78|1586, 77|1654, 77|1716, 76|1752, 75|1806, 74|1881, 74|4002, com.whatsapp, 
66|1, 66|436, 64|472, 64|1475, 67|1546, 67|2025, 69|2093, 73|2149, 73|2333, 74|2433, 74|2673, 75|2734, 75|2990, 74|3046, 74|3237, 76|3279, 76|3815, 75|3870, 75|4031, com.paypal.android.p2pmobile, 
55|1, 55|1812, 56|1867, 56|1996, 57|2064, 58|2123, 58|2358, 60|2401, 60|4035, com.sometimeswefly.littlealchemy, 
54|1, 54|1602, 55|1688, 57|1767, 60|4063, com.skype.raider, 
52|1, 52|542, 51|608, 51|871, 50|975, 50|1774, 51|1822, 51|4016, com.skype.raider, 
51|1, 51|1601, 52|1679, 52|1749, 54|1836, 54|3013, 53|3092, 53|4063, com.whatsapp, 
47|1, 47|1156, 45|1270, 47|1366, 47|1816, 50|1913, 50|1990, 51|2090, 51|2182, 52|2374, 53|2476, 53|4003, com.ted.android, 
57|1, 56|43, 56|121, 54|177, 54|513, 53|576, 53|1284, 55|1362, 56|1420, 57|1493, 57|4030, com.whatsapp, 
50|1, 50|4006, com.google.android.apps.photos, 
44|1, 44|273, 43|324, 43|526, 42|583, 41|636, 40|691, 40|825, 39|945, 39|1029, 38|1088, 38|1150, 45|1262, 44|1392, 44|1524, 47|1618, 49|1698, 49|1762, 51|1888, 54|2013, 53|2123, 53|2920, 54|2995, 54|3611, 57|3693, 59|4081, com.antutu.ABenchMark, 
58|1, 57|130, 56|220, 56|328, 55|445, 54|556, 54|630, 52|685, 52|2602, 53|2662, 53|4026, com.tripadvisor.tripadvisor, 
51|1, 51|4001, com.facebook.katana, 
38|1, 38|2292, 37|2331, 37|4015, com.facebook.katana, 
34|1, 34|443, 33|499, 33|697, 32|747, 32|981, 35|1038, 36|1116, 36|1182, 40|1253, 44|1325, 49|1408, 50|1505, 52|1644, 52|1977, 54|2068, 54|2148, 55|2222, 61|2319, 65|2407, 66|2478, 66|2558, 68|2641, 68|4055, com.cnn.mobile.android.phone, 
81|1, 81|78, 82|167, 82|553, 83|609, 83|877, 82|931, 82|1410, 84|1496, 85|1550, 85|3341, 84|3399, 84|3552, 85|3618, 85|3690, 86|3750, 86|4017, com.skype.raider, 
77|1, 77|1674, 76|1786, 76|2005, 79|2126, 79|2923, 81|2990, 81|4056, com.csst.ecdict, 
58|1, 58|447, 57|488, 57|742, 55|786, 55|1935, 54|2022, 54|2713, 52|2780, 52|3042, 54|3111, 54|3295, 53|3353, 53|4013, com.csst.ecdict, 
47|1, 47|660, 46|721, 46|1887, 45|1963, 45|2016, 44|2071, 44|2107, 43|2173, 43|2427, 42|2507, 42|4048, com.google.android.deskclock, 
40|1, 40|1174, 39|1253, 40|1352, 40|1733, 41|1802, 41|1893, 42|1990, 42|4184, com.ted.android, 
44|1, 44|1650, 46|1695, 46|1903, 47|1967, 48|2011, 48|2203, 50|2242, 50|4002, com.sometimeswefly.littlealchemy, 
48|1, 48|1847, 49|1917, 49|2096, 50|2159, 51|2224, 40|2289, 35|2336, 35|2377, 37|2437, 37|4026, com.sometimeswefly.littlealchemy, 
37|1, 37|1177, 43|1290, 43|1502, 45|1573, 47|1689, 47|1788, 48|1988, 48|2699, 54|3139, 55|3361, 56|3596, 57|3924, 57|4093, com.Slack, 
59|1, 59|35, 58|66, 58|1397, 60|1462, 60|3039, 62|3105, 62|4022, com.google.android.deskclock, 
62|1, 62|4108, com.facebook.katana, 
50|1, 50|1253, 49|1335, 49|1449, 51|1551, 51|1712, 53|1796, 54|1882, 54|1932, 55|1997, 59|2088, 59|2562, 58|2608, 57|2664, 57|3336, 56|3391, 56|4046, com.dropbox.android, 
48|1, 48|118, 47|151, 47|385, 46|431, 46|622, 45|666, 45|997, 44|1073, 43|4055, com.google.android.deskclock, 
42|1, 42|1525, 43|1608, 45|1678, 45|2326, 42|2385, 42|3631, 45|3696, 45|4024, com.skype.raider, 
48|1, 48|1703, 49|1789, 50|1858, 50|2028, 51|2094, 52|2154, 52|2273, 53|2335, 54|2399, 53|2454, 51|2504, 51|2555, 52|2637, 52|2702, 53|2758, 53|2808, 54|2875, 54|4042, com.sometimeswefly.littlealchemy, 
54|1, 54|1658, 55|1709, 55|3624, 56|3675, 56|4040, com.skype.raider, 
52|1, 52|1065, 56|1122, 56|1197, 59|1289, 59|1554, 61|1629, 61|1823, 64|1935, 64|2640, 63|2725, 62|2815, 62|3391, 65|3467, 65|4015, com.antutu.ABenchMark, 
73|1, 73|1057, 76|1444, 76|1612, 80|1728, 80|1804, 81|1958, 82|2107, 82|2185, 81|2290, 81|2414, 80|2547, 78|2684, 78|2748, 79|2849, 79|3283, 77|3365, 77|3799, 78|3865, 78|4002, com.antutu.ABenchMark, 
83|1, 83|1947, 82|2056, 82|2243, 81|2395, 80|2580, 80|3289, 82|3392, 82|4084, com.csst.ecdict, 
65|1, 65|2119, 63|2283, 64|2422, 64|2723, 67|2855, 67|2956, 68|3038, 72|3166, 74|3287, 75|3398, 75|3514, 77|3653, 77|4009, com.dropbox.android, 
78|1, 78|717, 77|774, 77|1123, 76|1184, 76|2892, 77|3080, 77|4103, com.csst.ecdict, 
80|1, 80|1565, 81|1662, 81|2276, 84|2448, 85|2639, 86|2747, 86|4018, com.ted.android, 
88|1, 88|400, 87|488, 87|4050, com.google.android.apps.photos, 
85|1, 85|1475, 87|1581, 87|1761, 89|1828, 89|1901, 92|2004, 92|2080, 93|2148, 93|2806, 95|2920, 97|3033, 98|3238, 98|3590, 99|3655, 101|3790, 104|3988, 104|4258, com.booking, 
99|1, 99|609, 98|666, 98|1418, 97|1521, 96|1678, 96|1800, 95|1895, 97|2056, 97|2167, 96|2219, 96|2670, 95|2742, 94|2810, 94|2851, 93|2905, 93|2987, 95|3077, 93|3141, 93|3307, 94|3382, 94|4070, com.csst.ecdict, 
83|1, 83|1223, 85|1321, 85|1569, 88|1660, 88|4034, com.Slack, 
81|1, 81|35, 80|69, 80|4001, at.DiTronic.androidgroup.randomgallery, 
71|1, 71|4008, com.google.android.deskclock, 
50|1, 50|1089, 51|1143, 51|1280, 54|1375, 54|1586, 55|1681, 55|1912, 58|1998, 58|2175, 59|2290, 60|2377, 60|2449, 62|2604, 67|2977, 68|3059, 68|3818, 69|3858, 69|4031, com.booking, 
72|1, 72|423, 70|467, 70|1165, 71|1225, 71|1409, 74|1502, 74|1592, 72|1709, 73|1783, 73|1965, 72|2028, 72|2103, 73|2212, 70|2324, 69|2409, 69|2664, 70|2775, 70|2831, 75|3192, 75|3565, 74|3628, 74|3850, 73|3914, 71|4215, com.booking, 
61|1, 61|461, 60|505, 60|1535, 62|1629, 62|2144, 61|2203, 61|2341, 60|2403, 60|2779, 59|2846, 59|3730, 60|3785, 62|3861, 62|4024, com.skype.raider, 
51|1, 51|950, 48|1013, 48|4034, com.google.android.apps.photos, 
45|1, 45|1126, 47|1218, 49|1325, 52|1426, 52|1591, 56|1699, 54|1804, 57|1931, 56|2021, 56|2388, 57|2492, 57|3738, 60|3802, 60|4083, com.antutu.ABenchMark, 
66|1, 66|526, 65|656, 65|4019, com.google.android.apps.photos, 
63|1, 63|1149, 62|1231, 62|2058, 60|2196, 60|2672, 61|2858, 62|4032, com.csst.ecdict, 
54|1, 54|1606, 50|1768, 50|4026, at.DiTronic.androidgroup.randomgallery, 
56|1, 56|1423, 55|1555, 56|1638, 56|1828, 57|1921, 57|2082, 62|2184, 63|2288, 63|4075, com.dropbox.android, 
62|1, 62|240, 61|290, 61|651, 60|714, 60|941, 59|1045, 57|1150, 57|1311, 56|1399, 56|2092, 59|2175, 59|2372, 61|2461, 61|2648, 62|2735, 63|2813, 63|3814, 62|3882, 62|4001, com.sometimeswefly.littlealchemy, 
60|1, 60|1123, 64|1217, 64|1327, 67|1408, 73|1523, 82|1679, 85|1804, 85|1977, 86|2114, 88|2266, 88|2379, 90|2504, 90|3181, 91|3246, 92|3338, 92|3513, 93|3587, 93|3654, 94|3724, 94|3772, 95|3844, 95|4003, com.cnn.mobile.android.phone, 
99|1, 99|117, 98|178, 98|254, 101|337, 101|418, 102|550, 101|646, 101|1205, 104|1311, 104|1362, 102|1463, 102|1872, 101|1940, 101|3732, 104|3803, 104|4035, com.skype.raider, 
98|1, 98|375, 97|441, 97|958, 98|1101, 99|1178, 99|1219, 100|1322, 102|1427, 105|1526, 105|2036, 106|2146, 106|3120, 105|3205, 105|4056, com.cnn.mobile.android.phone, 
85|1, 85|1471, 83|1518, 83|2216, 82|2275, 82|2930, 81|2983, 81|3514, 80|3570, 80|4001, at.DiTronic.androidgroup.randomgallery, 
68|1, 68|1673, 69|1739, 69|3830, 70|3904, 70|4007, com.skype.raider, 
66|1, 66|402, 52|455, 52|618, 51|679, 51|2026, 50|2064, 50|2755, 48|2809, 48|4029, at.DiTronic.androidgroup.randomgallery, 
53|1, 53|3035, 51|3100, 51|4036, at.DiTronic.androidgroup.randomgallery, 
51|1, 51|1049, 48|1159, 48|1250, 50|1328, 51|1400, 51|1572, 53|1668, 59|1762, 59|1899, 60|2011, 62|2130, 63|2245, 63|2727, 64|2806, 64|3646, 66|3726, 66|4007, com.antutu.ABenchMark, 
73|1, 73|952, 70|1254, 71|1517, 71|1642, 73|1740, 73|2255, 80|2406, 81|2584, 81|2774, 84|2931, 86|3139, 86|3290, 87|3397, 87|3647, 88|3778, 89|3944, 89|4087, com.booking, 
91|1, 91|701, 90|847, 90|1027, 89|1131, 89|2029, 90|2198, 90|2301, 89|2361, 90|2453, 90|2544, 94|2665, 95|2831, 95|2907, 99|3026, 96|3196, 94|3320, 94|4026, com.dropbox.android, 
76|1, 76|327, 75|381, 75|446, 73|532, 73|924, 72|1019, 72|1109, 71|1178, 70|1257, 70|2064, 71|2200, 71|2375, 72|2496, 73|2617, 74|2761, 75|2875, 75|4052, com.dropbox.android, 
64|1, 64|309, 63|398, 62|464, 61|520, 60|608, 60|934, 59|1013, 59|1559, 60|1684, 60|2386, 63|2607, 64|2800, 65|3044, 65|4046, com.ted.android, 
66|1, 66|2325, 67|2437, 67|2820, 68|2921, 68|3067, 69|3189, 69|3258, 71|3426, 71|4022, com.dropbox.android, 
66|1, 66|1278, 65|1409, 65|1809, 64|1959, 65|2108, 65|2427, 66|2520, 67|2644, 67|2764, 69|2966, 69|4060, com.dropbox.android, 
62|1, 62|429, 61|481, 61|774, 60|824, 60|903, 57|982, 57|1385, 58|1566, 58|2006, 59|2164, 60|2322, 60|4210, com.ted.android, 
60|1, 60|1470, 61|1620, 61|1828, 63|2007, 66|2142, 67|2255, 67|2747, 68|2878, 68|3095, 69|3243, 71|3372, 72|3555, 72|3820, 73|3896, 75|4015, com.booking, 
83|1, 83|1389, 84|1491, 84|2007, 85|2139, 86|2346, 86|2725, 85|2839, 85|3314, 83|3433, 83|4317, com.ted.android, 
73|1, 73|2514, 72|2657, 72|2776, 71|2873, 71|3013, 70|3106, 70|3196, 69|3267, 69|3424, 68|3527, 68|3734, 67|3802, 67|4010, com.google.android.apps.photos, 
43|1, 43|2144, 52|2231, 53|2352, 60|2428, 62|2490, 68|2590, 68|4035, com.instagram.android, 
76|1, 76|535, 69|598, 68|643, 68|823, 61|897, 61|1759, 66|1838, 68|1914, 74|2048, 81|2170, 85|2238, 85|2362, 93|2452, 93|2519, 92|2565, 92|2628, 93|2721, 93|2788, 85|2859, 85|3044, 84|3107, 84|3262, 83|3326, 83|3610, 84|3685, 84|3917, 85|3991, 85|4060, com.instagram.android, 
81|1, 81|399, 77|469, 76|540, 73|621, 73|776, 65|838, 65|1060, 64|1209, 64|1689, 69|1777, 73|1877, 77|1967, 80|2027, 80|2294, 88|2367, 87|2433, 87|2600, 88|2666, 88|2804, 89|2871, 89|3242, 88|3302, 88|3490, 89|3538, 89|4050, com.instagram.android, 
85|1, 85|334, 80|391, 80|427, 77|487, 77|700, 69|754, 69|957, 61|1050, 61|1232, 60|1311, 60|1707, 62|1768, 68|1904, 76|2010, 76|2086, 84|2139, 84|2932, 82|2988, 82|4065, com.instagram.android, 
89|1, 89|321, 84|382, 81|439, 81|641, 74|702, 74|1575, 79|1646, 82|1717, 87|1830, 90|1919, 98|2002, 98|2541, 97|2608, 97|2766, 90|2837, 89|2903, 89|3051, 88|3112, 88|3285, 87|3324, 87|3827, 95|3893, 95|4063, com.instagram.android, 
101|1, 101|178, 100|260, 99|350, 99|415, 94|483, 91|542, 91|700, 85|765, 84|821, 84|1764, 89|1887, 93|2026, 97|2130, 100|2208, 108|2326, 107|2422, 107|2642, 99|2740, 99|2901, 98|2961, 98|3060, 97|3147, 97|3666, 105|3731, 105|3889, 106|3998, 106|4054, com.instagram.android, 
