278986144|1, 278986144|1226, 278986496|1310, 278991032|1376, 278994143|1437, 278994143|1487, 278994473|1538, 278994758|1578, 278994758|3345, 278995133|3392, 278995185|3451, 278995764|3496, 278995764|4002, com.skype.raider, 
278996031|1, 278996031|1467, 278996176|1564, 278996326|1635, 278996326|1697, 278996518|1761, 278996518|1838, 278996570|1891, 278996630|1958, 278996630|2083, 279003985|2161, 279003985|2221, 279004242|2282, 279005749|2348, 279005909|2414, 279006109|2478, 279006283|2528, 279007749|2605, 279007749|2681, 279012255|2737, 279012255|2854, 279017194|2919, 279017194|2988, 279017851|3049, 279018153|3113, 279018153|3230, 279018705|3286, 279019958|3444, 279020130|3628, 279020234|3683, 279021712|3769, 279023179|3830, 279025684|4020, com.ebay.mobile, 
279048906|1, 279048906|4018, com.github.shadowsocks, 
279048948|1, 279048948|4002, com.google.android.deskclock, 
279048948|1, 279048948|1623, 279049028|1693, 279054526|1778, 279054526|1951, 279054785|2014, 279054845|2111, 279054845|2949, 279059802|3044, 279059802|4033, com.ted.android, 
279076972|1, 279076972|600, 279077018|645, 279077018|1378, 279077486|1456, 279077486|1964, 279077916|2020, 279077916|2092, 279078036|2188, 279082919|2270, 279082919|2419, 279082979|2518, 279088068|2587, 279088068|2661, 279088128|2713, 279088128|3103, 279091681|3142, 279091681|3189, 279093107|3229, 279093573|3284, 279093573|3316, 279099209|3371, 279099209|3409, 279099762|3450, 279099762|3498, 279100100|3541, 279105287|3594, 279105390|3638, 279105390|3681, 279105442|3717, 279105442|3807, 279107387|3860, 279107387|4244, com.paypal.android.p2pmobile, 
279144128|1, 279144128|4041, com.facebook.katana, 
279144128|1, 279144128|2575, 279144354|2623, 279149496|2963, 279149496|3494, 279150027|3935, 279150027|4023, com.facebook.katana, 
279158428|1, 279158428|1801, 279158488|1888, 279158488|1941, 279158548|2011, 279158548|2059, 279164729|2132, 279164729|2227, 279164789|2297, 279164841|2365, 279166267|2431, 279169119|2495, 279169222|2540, 279169775|2604, 279169775|2691, 279169955|2748, 279169955|2885, 279170035|2944, 279174801|3001, 279174801|3056, 279174853|3092, 279174853|3139, 279175275|3183, 279175746|3214, 279175746|3349, 279177172|3408, 279177172|3447, 279183188|3495, 279186040|3547, 279197448|3581, 279198001|3639, 279198001|3678, 279212803|3728, 279213217|3794, 279213217|3841, 279213269|3891, 279213269|4082, com.paypal.android.p2pmobile, 
279230256|1, 279230256|527, 279230634|582, 279234504|685, 279234939|775, 279235253|873, 279235305|939, 279240742|1059, 279280472|1206, 279286019|1313, 279290394|1367, 279303287|1485, 279303287|1640, 279303367|1745, 279308073|1829, 279308073|1889, 279308125|1964, 279312361|2042, 279313098|2104, 279313176|2177, 279313990|2262, 279313990|2553, 279323901|2626, 279323901|2664, 279323993|2719, 279323993|3209, 279324475|3295, 279332295|3594, 279341315|3681, 279354334|3732, 279358475|3841, 279361703|3912, 279361749|3969, 279364699|4048, com.antutu.ABenchMark, 
279374406|1, 279374406|1052, 279374766|1165, 279374766|1332, 279374826|1376, 279374826|1517, 279378768|1589, 279378768|1695, 279379182|1764, 279379262|1827, 279383968|1899, 279383968|2058, 279384080|2099, 279384551|2136, 279390351|2189, 279390351|2855, 279390403|2922, 279390879|2981, 279390879|3148, 279390931|3237, 279391335|4014, com.tripadvisor.tripadvisor, 
279391470|1, 279391470|1888, 279391550|1925, 279396436|1990, 279396436|4006, at.DiTronic.androidgroup.randomgallery, 
279422335|1, 279422335|1210, 279422589|1253, 279422589|1317, 279423111|1412, 279427567|1481, 279432383|1575, 279450619|1640, 279450619|1874, 279450949|1935, 279450949|2348, 279451988|2399, 279452248|2440, 279453139|2508, 279453573|2544, 279453991|2593, 279454143|2651, 279454463|2703, 279459229|2764, 279468939|2822, 279468939|2864, 279478921|2930, 279478921|2967, 279480671|3020, 279480671|3108, 279481428|3172, 279481928|3244, 279482130|3293, 279496915|3350, 279498330|3391, 279499262|3466, 279505160|3575, 279511059|3679, 279519961|3762, 279524399|3850, 279524786|3931, 279530287|4001, com.cnn.mobile.android.phone, 
279570562|1, 279570562|602, 279570666|644, 279570666|1383, 279570746|1475, 279576244|1546, 279576431|1630, 279576503|1694, 279576503|2035, 279579600|2106, 279579600|3467, 279579781|3529, 279579781|3659, 279579861|3696, 279583050|3757, 279590644|4081, com.ted.android, 
279696660|1, 279696660|4010, com.google.android.apps.photos, 
279696660|1, 279696660|1617, 279696996|1701, 279696996|1759, 279697218|1810, 279697458|1897, 279708831|1975, 279709463|2130, 279710525|2252, 279720394|2381, 279721275|2451, 279723759|2548, 279730153|2633, 279730257|2697, 279757809|3047, 279761705|3119, 279761705|3158, 279762434|3223, 279762434|3272, 279762602|3313, 279762654|3384, 279763013|3419, 279763013|3461, 279764469|3514, 279764887|3559, 279765768|3624, 279772608|3787, 279775257|3850, 279775369|3893, 279775602|3936, 279777226|4025, com.booking, 
279788069|1, 279788069|1312, 279788189|1386, 279796639|1518, 279796639|1610, 279797605|1673, 279797657|1734, 279800693|1795, 279801052|1905, 279802683|1956, 279802735|2044, 279809268|2176, 279809320|2283, 279809320|2392, 279813457|2463, 279816702|2548, 279817540|2598, 279817842|2662, 279825258|2983, 279831889|3055, 279835486|3100, 279835538|3143, 279835949|3201, 279836001|3241, 279836392|3275, 279836951|3350, 279837804|3399, 279838638|3453, 279843336|3509, 279843637|3553, 279844286|3711, 279844286|3813, 279846085|3867, 279847101|3916, 279847101|4003, com.booking, 
279848006|1, 279848006|4017, com.google.android.apps.photos, 
279848006|1, 279848006|369, 279848266|414, 279848338|476, 279848338|1367, 279848560|1431, 279848560|1554, 279848860|1596, 279848860|4014, com.whatsapp, 
279848860|1, 279848860|1353, 279849134|1410, 279849626|1484, 279851276|1542, 279866627|1648, 279867146|1716, 279867703|1766, 279868182|1828, 279868286|1872, 279869519|1946, 279872122|2005, 279877497|2062, 279879744|2165, 279880784|2252, 279881160|2400, 279881460|2476, 279881512|2841, 279884216|3266, 279884216|4060, com.Slack, 
279884332|1, 279884332|1696, 279884540|1756, 279884540|2394, 279884612|2468, 279884612|2698, 279884677|2771, 279884677|2868, 279885990|2943, 279885990|4038, com.sometimeswefly.littlealchemy, 
279891663|1, 279891663|1257, 279891884|1351, 279891884|1457, 279892219|1523, 279892219|2324, 279892555|2405, 279893050|2481, 279893494|2536, 279897722|2595, 279902411|2643, 279902463|2683, 279903079|2741, 279904711|2784, 279904763|2834, 279904763|3107, 279904949|3202, 279904949|3364, 279905698|3425, 279908454|3494, 279909832|3539, 279911135|3604, 279913891|3650, 279913891|3687, 279915751|3743, 279915799|3794, 279915799|4023, com.android.chrome, 
279916059|1, 279916059|1177, 279925003|1262, 279929806|1347, 279932108|1430, 279932108|1514, 279946127|1580, 279951838|1690, 279970015|1831, 279971388|1921, 279971929|2019, 279972877|2080, 279982891|2204, 279983432|2351, 279983432|2570, 279983484|2649, 279987660|2729, 279987660|2799, 279988145|2882, 279988191|2934, 279989006|3004, 279989006|3236, 279989522|3288, 279999338|3357, 279999812|3402, 280000405|4109, com.antutu.ABenchMark, 
280045309|1, 280045309|1277, 280045483|1367, 280045483|2969, 280045789|3026, 280046041|3104, 280046041|4042, com.whatsapp, 
280046146|1, 280046146|3326, 280046188|3385, 280046188|4012, com.github.shadowsocks, 
280046188|1, 280046188|4016, com.github.shadowsocks, 
280046188|1, 280046188|3668, 280046389|3701, 280046389|3739, 280046548|3791, 280046548|4007, com.tripadvisor.tripadvisor, 
280051388|1, 280051388|1756, 280051448|1817, 280051593|1885, 280051593|1941, 280056895|2024, 280056895|2079, 280057015|2139, 280057603|2199, 280057603|2266, 280067137|2346, 280067536|2419, 280067536|2514, 280070621|2749, 280071991|2848, 280072128|2910, 280074400|2965, 280074400|3119, 280075812|3177, 280075864|3240, 280080356|3292, 280080666|3359, 280081479|3427, 280085509|3482, 280086257|3542, 280087274|3785, 280088356|3842, 280088664|3903, 280088716|4041, com.ebay.mobile, 
280104820|1, 280104820|1652, 280105012|1790, 280105012|1871, 280105072|1973, 280105132|2036, 280105132|2146, 280114565|2219, 280114625|2277, 280114625|2345, 280114935|2396, 280114935|2501, 280119749|2568, 280119749|2781, 280120127|2852, 280121638|2918, 280121638|2988, 280121985|3045, 280123129|3089, 280123577|3124, 280123697|3177, 280123757|3225, 280124065|3259, 280124065|3322, 280129112|3378, 280130290|3431, 280136885|3495, 280136937|3579, 280137041|3611, 280141709|3666, 280141709|3713, 280141761|3745, 280143088|3798, 280143191|3844, 280143191|3875, 280143569|3931, 280144366|4017, com.ebay.mobile, 
280160954|1, 280160954|1120, 280161238|1177, 280161390|1234, 280166104|1292, 280171934|1393, 280171934|1471, 280172006|1557, 280173001|1626, 280173001|4061, com.dropbox.android, 
280173125|1, 280173125|1854, 280173235|1902, 280173235|2625, 280173354|2683, 280173354|2791, 280173449|2874, 280173449|2959, 280173521|3018, 280173521|3176, 280173653|3218, 280174497|3290, 280174497|4010, com.sometimeswefly.littlealchemy, 
280179708|1, 280179708|1563, 280180176|1617, 280180176|2099, 280180842|2164, 280180842|2273, 280180902|2329, 280180902|2400, 280190089|2474, 280190089|2621, 280190149|2695, 280194980|2763, 280195186|2835, 280195186|3452, 280195910|3496, 280196447|3548, 280196838|3769, 280196838|3816, 280209623|3871, 280224912|4013, com.paypal.android.p2pmobile, 
280238084|1, 280238084|1815, 280238144|1887, 280238144|1967, 280238204|2044, 280239171|2103, 280243617|2156, 280243617|2222, 280243677|2266, 280243677|2322, 280245327|2387, 280245327|2441, 280245379|2487, 280250141|2561, 280252821|2631, 280252821|2752, 280253147|2810, 280253457|2885, 280255097|2980, 280255157|3018, 280256241|3065, 280261032|3122, 280261092|3157, 280261454|3197, 280261566|3259, 280262687|3312, 280262687|3369, 280263440|3439, 280269673|3491, 280273603|3562, 280273603|3680, 280273807|3735, 280273910|3790, 280275973|3826, 280275973|3879, 280276025|3929, 280276181|4012, com.ebay.mobile, 
280292091|1, 280292091|1998, 280292311|2079, 280292311|2200, 280297358|2255, 280297358|2341, 280301804|2386, 280301804|2495, 280302114|2537, 280302424|2587, 280302424|2705, 280303960|2753, 280303960|2996, 280304012|3056, 280305523|3113, 280305523|3195, 280305583|3249, 280305695|3280, 280309733|3341, 280310275|3401, 280311336|3460, 280311592|3524, 280319303|3612, 280319407|3663, 280319407|3757, 280319459|3807, 280319614|3845, 280322351|3904, 280322351|4029, com.ebay.mobile, 
280335396|1, 280335396|2045, 280337216|2118, 280337342|2169, 280337547|2219, 280337547|2303, 280337979|2347, 280337979|3033, 280338239|3074, 280338311|3343, 280338311|4236, com.instagram.android, 
280338311|1, 280338311|1112, 280338431|1199, 280346705|1284, 280346705|1515, 280352200|1592, 280355767|1685, 280358965|1742, 280359969|1811, 280365209|1939, 280365209|2125, 280365561|2488, 280365909|2870, 280365909|4060, com.Slack, 
280365961|1, 280365961|1212, 280366224|1311, 280366224|1424, 280366727|1503, 280370962|1569, 280371817|1614, 280371869|1664, 280371869|1730, 280372137|1787, 280372137|1868, 280373822|1943, 280373822|2281, 280374088|2343, 280374607|2427, 280374607|2477, 280374919|2540, 280375031|2594, 280375031|2629, 280378969|2677, 280378969|2755, 280379021|2805, 280379637|2851, 280379637|2988, 280380118|3074, 280380118|3213, 280380959|3277, 280383827|3338, 280388636|3408, 280390557|3472, 280390605|3506, 280393409|3559, 280395341|3615, 280395341|3656, 280395389|3701, 280395389|4044, com.android.chrome, 
280395545|1, 280395545|1020, 280396070|1081, 280396260|1129, 280396260|1182, 280396612|1230, 280396929|1340, 280397502|1421, 280407478|1499, 280412734|1569, 280430198|1666, 280433644|1771, 280438933|1851, 280439367|1933, 280440447|2066, 280440943|2109, 280440943|2156, 280441063|2230, 280441063|2267, 280452079|2370, 280452079|2430, 280452373|2472, 280456185|2552, 280458175|2610, 280458175|2656, 280460614|2728, 280480749|2786, 280480917|2828, 280480969|2886, 280481269|2941, 280487522|3000, 280487574|3051, 280487574|3111, 280489112|3175, 280489112|3261, 280495584|3315, 280495584|3466, 280498002|3515, 280498002|3622, 280499064|3679, 280499303|3717, 280499303|3841, 280499658|3902, 280499761|4008, com.cnn.mobile.android.phone, 
280531921|1, 280531921|783, 280532181|854, 280532181|965, 280532609|1019, 280532609|4028, com.google.android.apps.photos, 
280532609|1, 280532609|925, 280532865|974, 280532865|1400, 280533095|1484, 280533175|1569, 280538673|1654, 280538860|1734, 280539025|1842, 280539025|2067, 280542182|2139, 280542182|3860, 280545371|3913, 280545371|4006, com.ted.android, 
280559917|1, 280559917|1573, 280560091|1672, 280564864|1807, 280565615|1883, 280565615|2098, 280567297|2200, 280567297|2430, 280568128|2515, 280568240|2585, 280568240|2640, 280572179|2691, 280572231|2749, 280572847|2793, 280572847|2918, 280573476|2970, 280573476|3217, 280573930|3291, 280576686|3340, 280576686|3395, 280579367|3499, 280582123|3541, 280582171|3585, 280584031|3635, 280584031|3677, 280584079|3709, 280584079|4006, com.android.chrome, 
280584498|1, 280584498|1544, 280584768|1635, 280585028|1699, 280585028|1746, 280585300|1800, 280585300|2365, 280585420|2431, 280585420|2496, 280595186|2621, 280595246|2680, 280595306|2788, 280600189|2868, 280600189|2909, 280606576|2985, 280606576|3423, 280606679|3480, 280606679|3565, 280607817|3622, 280607817|3674, 280607997|3716, 280629831|4105, com.paypal.android.p2pmobile, 
280648262|1, 280648262|4031, com.google.android.deskclock, 
280648262|1, 280648262|1768, 280648360|1811, 280648360|2705, 280648484|2788, 280648484|2845, 280648544|2895, 280648544|3317, 280648609|3368, 280648609|3449, 280648681|3502, 280648681|4023, com.sometimeswefly.littlealchemy, 
280654166|1, 280654166|1976, 280654226|2052, 280654226|2363, 280657641|2468, 280657693|2536, 280657693|2933, 280659119|2992, 280659119|3049, 280661971|3087, 280662091|3128, 280662091|3183, 280672410|3238, 280672410|3729, 280673496|3766, 280673496|3861, 280673652|3911, 280673991|4016, com.paypal.android.p2pmobile, 
280715443|1, 280715443|4034, com.google.android.deskclock, 
280715443|1, 280715443|4229, com.facebook.katana, 
280715485|1, 280715485|1567, 280715779|1735, 280716326|1811, 280720553|1898, 280721304|1958, 280721304|2587, 280722793|2657, 280723546|2712, 280723918|2787, 280723970|2835, 280723970|2873, 280727960|2936, 280728012|2989, 280728628|3042, 280728628|3178, 280728814|3226, 280729330|3301, 280729330|3575, 280729784|3623, 280732540|3673, 280733918|3741, 280734928|3803, 280735218|3853, 280738022|3909, 280738022|3957, 280739400|3995, 280739882|4042, com.android.chrome, 
280740131|1, 280740131|1126, 280740649|1202, 280740649|1786, 280740709|1854, 280740828|1914, 280741267|2017, 280747500|2067, 280747500|2118, 280748080|2196, 280748080|2294, 280758307|2388, 280759249|2460, 280759431|2511, 280759431|2551, 280759503|2609, 280760185|2669, 280760678|2715, 280760678|4015, com.dropbox.android, 
280761129|1, 280761129|2888, 280761537|2933, 280761537|4030, com.facebook.katana, 
280761537|1, 280761537|4007, com.github.shadowsocks, 
280761537|1, 280761537|1139, 280761953|1208, 280762013|1288, 280766150|1352, 280766699|1422, 280772224|1511, 280772604|1594, 280773899|1667, 280773899|1722, 280774284|1780, 280774284|2218, 280777418|2571, 280781753|3037, 280781753|3260, 280784605|3513, 280788531|3872, 280788583|4016, com.Slack, 
280791877|1, 280791877|1454, 280792141|1509, 280792141|1784, 280793441|1877, 280793441|1926, 280793521|1977, 280794221|2048, 280794851|2097, 280794851|2180, 280795847|2238, 280797147|2286, 280797147|2433, 280797579|2471, 280799803|2533, 280799803|2664, 280800379|2727, 280800639|2784, 280800639|2861, 280800940|2928, 280801272|2976, 280801272|3518, 280801604|3563, 280802009|3611, 280802009|3735, 280802081|3779, 280802081|4201, com.instagram.android, 
280802389|1, 280802389|589, 280802914|664, 280802914|734, 280802974|788, 280803326|851, 280803326|920, 280806149|1032, 280806149|1089, 280807106|1163, 280807106|1357, 280814574|1483, 280814574|1577, 280814989|1635, 280815661|1692, 280815661|1745, 280821995|1798, 280827688|1873, 280827688|1971, 280827791|2034, 280828153|2089, 280828153|2122, 280828316|2175, 280829187|2239, 280829187|2280, 280830119|2315, 280830243|2368, 280830243|2419, 280835230|2456, 280835230|2514, 280840646|2576, 280840862|2627, 280840862|2659, 280841172|2706, 280841232|2762, 280841232|2802, 280841335|2844, 280842813|2908, 280843514|2966, 280843514|4002, com.cnn.mobile.android.phone, 
280935815|1, 280935815|134, 280942978|211, 280942978|338, 280943308|390, 280943308|517, 280943859|609, 280943859|978, 280943931|1074, 280943931|1175, 280944015|1245, 280944015|4050, com.facebook.katana, 
280944195|1, 280944195|1815, 280944971|1922, 280944971|1976, 280949417|2025, 280949537|2102, 280949589|2150, 280949589|2195, 280954838|2276, 280962850|2358, 280962850|2419, 280963204|2504, 280964574|2557, 280965021|2600, 280965264|2691, 280965264|2772, 280968050|2828, 280968993|2900, 280968993|3029, 280978597|3094, 280978701|3161, 280978701|3207, 280980482|3275, 280980482|3409, 280980680|3454, 280980912|3555, 280985094|3628, 280985712|3683, 280985764|3740, 280988772|3808, 280988772|3912, 280989392|3979, 280989444|4052, com.ebay.mobile, 
281001773|1, 281001773|831, 281002073|930, 281002073|1833, 281002853|1913, 281003373|1982, 281004153|2042, 281004153|2087, 281004513|2144, 281004513|2198, 281004585|2243, 281005969|2295, 281006809|2357, 281006809|2443, 281007025|2491, 281009465|2570, 281009465|2697, 281009825|2754, 281010301|2796, 281010301|3065, 281010633|3118, 281010633|4004, com.instagram.android, 
281011687|1, 281011687|1199, 281011909|1286, 281011909|4013, com.whatsapp, 
281012097|1, 281012097|1158, 281012318|1298, 281017057|1423, 281017964|1509, 281017964|1587, 281019645|1660, 281019645|2251, 281020164|2359, 281020536|2423, 281020588|2475, 281024525|2535, 281024577|2582, 281024577|2628, 281025193|2693, 281025193|2928, 281025674|3000, 281025674|3098, 281026128|3170, 281028884|3240, 281031228|3295, 281031566|3371, 281034370|3415, 281034370|3453, 281036230|3529, 281036278|3593, 281036278|4051, com.android.chrome, 
281036532|1, 281036532|1845, 281036604|1993, 281036664|2083, 281036664|2277, 281041651|2326, 281041651|2896, 281041961|2962, 281041961|3067, 281042021|3139, 281042368|3203, 281047463|3317, 281047463|3406, 281047833|3459, 281047893|3536, 281047893|3602, 281055017|3676, 281058888|3747, 281058991|4054, com.ebay.mobile, 
281090456|1, 281090456|850, 281090597|932, 281099065|1012, 281099065|1084, 281101963|1184, 281102173|1275, 281105913|1367, 281120350|1455, 281125791|1534, 281128393|1620, 281144860|1757, 281145401|1853, 281147305|2036, 281157242|2116, 281157829|2266, 281157829|2460, 281162057|2590, 281162057|2742, 281162464|2814, 281163356|2901, 281163356|3296, 281163897|3379, 281163897|3423, 281174049|3503, 281174703|3569, 281174703|3842, 281174841|3931, 281176704|4052, com.antutu.ABenchMark, 
281219239|1, 281219239|1101, 281219361|1229, 281219361|1684, 281225169|1852, 281225169|1922, 281225428|2066, 281225488|2159, 281225488|2338, 281228677|2412, 281228677|2469, 281231774|2536, 281231774|2650, 281232205|2725, 281232205|2907, 281232884|2954, 281232884|3575, 281232936|3661, 281232936|4034, com.ted.android, 
281334970|1, 281334970|2320, 281335030|2401, 281335030|2527, 281335090|2571, 281340077|2667, 281344523|2743, 281344583|2796, 281344893|2883, 281345203|2965, 281345203|3027, 281349126|3100, 281349827|3185, 281349827|3279, 281350153|3329, 281350153|3420, 281351044|3506, 281352191|3599, 281352191|3659, 281352295|3751, 281353930|3839, 281353930|3912, 281353990|3990, 281370033|4312, com.ebay.mobile, 
281388038|1, 281388038|1820, 281388179|1916, 281393143|2119, 281393915|2228, 281394050|2296, 281394050|2375, 281395734|2481, 281395734|3216, 281396253|3317, 281396625|3383, 281396677|3457, 281400667|3529, 281400667|3573, 281401283|3644, 281401985|4076, com.android.chrome, 
281412665|1, 281412665|4029, com.google.android.deskclock, 
281413668|1, 281413668|1021, 281414058|1076, 281414058|2080, 281414151|2176, 281414151|2244, 281414311|2344, 281415191|2421, 281415551|2477, 281415971|2531, 281423305|2594, 281423305|2658, 281423521|2718, 281423521|3333, 281423781|3405, 281423781|3496, 281423853|3554, 281425933|3639, 281428589|4057, com.instagram.android, 
281430363|1, 281430363|1769, 281430537|1849, 281435275|1990, 281436182|2082, 281436182|2145, 281437864|2221, 281437864|2814, 281438695|2914, 281438807|2989, 281438807|3034, 281442797|3092, 281443465|3178, 281443465|3325, 281444167|3429, 281444167|3704, 281444621|3766, 281447377|3837, 281449768|3930, 281450058|3975, 281452862|4027, com.android.chrome, 
281454894|1, 281454894|1320, 281455156|1392, 281455156|3402, 281455900|3494, 281456296|3580, 281456296|3733, 281456356|3805, 281456356|4024, com.tripadvisor.tripadvisor, 
281462945|1, 281462945|1256, 281463065|1342, 281467202|1399, 281471399|1489, 281478148|1609, 281483613|1710, 281483946|1763, 281488814|1834, 281494101|1914, 281494863|2038, 281495851|2150, 281496319|2339, 281496967|2717, 281497315|3161, 281497315|4040, com.Slack, 
281497619|1, 281497619|1747, 281497879|1830, 281497879|2103, 281497939|2176, 281497939|2369, 281503600|2455, 281503720|2545, 281503720|2684, 281508005|2779, 281508005|2917, 281508313|2998, 281509482|3097, 281509482|3208, 281510490|3492, 281511916|3554, 281512028|3612, 281514854|3679, 281521087|3745, 281521087|3793, 281525275|3889, 281525378|4003, com.ebay.mobile, 
281551888|1, 281551888|261, 281551960|310, 281551960|1722, 281552168|1786, 281552168|2421, 281552287|2459, 281552287|2604, 281552382|2671, 281552382|2720, 281552454|2788, 281552454|2886, 281552514|2946, 281553358|3036, 281553358|4038, com.sometimeswefly.littlealchemy, 
281558096|1, 281558096|3595, 281558156|3649, 281558156|4037, com.tripadvisor.tripadvisor, 
281563191|1, 281563191|3561, 281563251|3615, 281563251|4010, com.tripadvisor.tripadvisor, 
281568622|1, 281568622|2119, 281568682|2225, 281568682|2346, 281573669|2396, 281573789|2495, 281573789|2597, 281582468|2709, 281582778|2811, 281582778|2886, 281582830|2957, 281583857|3055, 281583857|3160, 281584941|3255, 281584941|3380, 281585892|3432, 281585952|3525, 281586016|3592, 281592249|3653, 281592353|3732, 281596366|3819, 281596469|3914, 281602423|4200, com.ebay.mobile, 
281622617|1, 281622617|1760, 281623033|1870, 281626654|1986, 281627355|2079, 281627355|2232, 281627407|2303, 281627685|2392, 281628121|2456, 281628173|2511, 281629516|2578, 281629516|2684, 281629688|2734, 281635732|2808, 281636544|2875, 281636544|3057, 281720902|3138, 281720902|4014, com.csst.ecdict, 
281721058|1, 281721058|4008, com.github.shadowsocks, 
281721130|1, 281721130|1317, 281721767|1401, 281722273|1504, 281731757|1599, 281737185|1663, 281756206|1785, 281772823|1914, 281779148|2022, 281779450|2122, 281783600|2234, 281783600|2293, 281783660|2338, 281788247|2428, 281792661|2534, 281792721|2599, 281792721|2640, 281796573|2726, 281796676|2810, 281796676|2870, 281807646|2931, 281821906|2997, 281821906|3061, 281828536|3141, 281828536|3238, 281829599|3317, 281830990|3387, 281830990|3490, 281831169|3560, 281831576|3636, 281831576|4017, com.cnn.mobile.android.phone, 
281855803|1, 281856133|51, 281856133|178, 281856958|270, 281856958|431, 281857030|476, 281857030|2333, 281857166|2390, 281857290|2445, 281857290|2512, 281857370|2584, 281857370|2732, 281864533|2855, 281864533|2925, 281864863|2997, 281864863|3150, 281865413|3243, 281865413|3399, 281865485|3470, 281865485|4042, com.facebook.katana, 
281865485|1, 281865485|4022, com.github.shadowsocks, 
281865485|1, 281865485|1973, 281868604|2065, 281869262|2136, 281869964|2215, 281869964|2348, 281870190|2439, 281870294|2513, 281870730|2558, 281872010|2608, 281872010|2820, 281872182|2884, 281878226|2953, 281879038|3012, 281879038|3116, 281948639|3186, 281948639|4045, com.csst.ecdict, 
282000375|1, 282000375|4005, com.github.shadowsocks, 
282000375|1, 282000375|3024, 282000435|3122, 282000435|3743, 282004377|3782, 282004441|4047, com.tripadvisor.tripadvisor, 
282005986|1, 282005986|4020, at.DiTronic.androidgroup.randomgallery, 
282016972|1, 282016972|1903, 282020049|2001, 282021296|2069, 282021296|2271, 282021348|2316, 282021626|2392, 282022062|2448, 282022114|2495, 282023263|2538, 282023315|2597, 282023315|2727, 282023539|2804, 282029688|2862, 282030344|2916, 282030344|3047, 282105222|3125, 282105222|4014, com.csst.ecdict, 
282105378|1, 282105378|1190, 282105822|1274, 282105926|1324, 282114342|1407, 282118458|1500, 282121493|1593, 282121493|1645, 282121807|1727, 282140002|1825, 282141223|1895, 282159535|2022, 282160394|2098, 282161739|2193, 282172737|2288, 282173370|2413, 282173911|2561, 282173911|2738, 282178139|2838, 282178139|2953, 282178624|3032, 282179438|3104, 282179438|3398, 282188470|3454, 282189350|3512, 282189396|3551, 282189396|4039, com.antutu.ABenchMark, 
282235315|1, 282235315|1378, 282235785|1510, 282235785|1823, 282235845|1914, 282235845|2049, 282242026|2166, 282242026|2494, 282242335|2561, 282242335|2926, 282242515|2999, 282242515|3131, 282243121|3192, 282243121|3243, 282243241|3279, 282243301|3339, 282243301|3394, 282253067|3464, 282253067|3746, 282254493|3816, 282255919|3880, 282255919|3949, 282256472|4000, 282256472|4074, com.paypal.android.p2pmobile, 
282298016|1, 282298016|1908, 282298076|2005, 282298076|2063, 282298196|2135, 282314195|2216, 282314195|2311, 282314255|2398, 282314307|2507, 282317236|2591, 282317236|3155, 282318842|3219, 282318842|3283, 282320197|3326, 282320197|3423, 282320353|3494, 282320353|3542, 282320405|3582, 282324634|3664, 282324972|3726, 282324972|3818, 282328916|3924, 282334620|4002, com.paypal.android.p2pmobile, 
282359970|1, 282359970|1811, 282360192|1947, 282360492|2072, 282360492|4088, com.whatsapp, 
282360492|1, 282360492|3751, 282360552|3959, 282360552|4152, com.tripadvisor.tripadvisor, 
282366097|1, 282366097|2035, 282366385|2282, 282366385|2574, 282366787|2779, 282375178|2970, 282375238|3125, 282379283|3287, 282379694|3431, 282381329|3532, 282387795|3686, 282388060|4056, com.booking, 
282423259|1, 282423259|4100, at.DiTronic.androidgroup.randomgallery, 
282431311|1, 282431311|4003, com.facebook.katana, 
282431383|1, 282431383|3057, 282431443|3164, 282431443|4015, com.tripadvisor.tripadvisor, 
282436878|1, 282436878|1336, 282436938|1405, 282436938|1486, 282437053|1561, 282440871|1622, 282446591|1711, 282455150|1882, 282459746|1944, 282464996|2015, 282477134|2180, 282482241|2241, 282490085|2297, 282499357|2379, 282499882|2454, 282500192|2506, 282500960|2572, 282501236|2671, 282506908|2779, 282506908|2853, 282506960|2892, 282507930|2958, 282507930|3018, 282508173|3067, 282508588|3120, 282508588|3182, 282509428|3245, 282514955|3297, 282518603|3338, 282519132|3386, 282519235|3454, 282519529|3525, 282519632|3574, 282519632|3620, 282521468|3692, 282522400|3765, 282536660|3810, 282537425|3855, 282537425|3920, 282537780|3999, 282543258|4120, com.cnn.mobile.android.phone, 
282561951|1, 282561951|1208, 282562072|1281, 282562072|1379, 282562152|1461, 282562152|1584, 282569315|1651, 282569315|1857, 282569645|1899, 282569645|1999, 282570468|2104, 282570468|2201, 282570592|2256, 282570664|2312, 282570664|2388, 282570744|2445, 282570744|2574, 282577907|2627, 282577907|2767, 282578237|2871, 282578237|2987, 282578788|3089, 282578788|3212, 282578860|3250, 282578860|4051, at.DiTronic.androidgroup.randomgallery, 
282608085|1, 282608085|1868, 282608643|1948, 282608883|2040, 282621954|2177, 282622969|2327, 282633687|2414, 282636691|2514, 282638436|2594, 282639585|2653, 282639933|2706, 282646169|2820, 282653345|2982, 282654404|3074, 282660417|3159, 282660521|3207, 282661854|3255, 282661854|3303, 282662321|3344, 282662924|3422, 282663155|3481, 282664017|3524, 282667826|3586, 282668813|3642, 282668813|3772, 282670594|3819, 282671557|3900, 282671557|4028, com.booking, 
282672668|1, 282672668|1336, 282672848|1437, 282681238|1540, 282681238|1607, 282682144|1713, 282685342|1844, 282685394|1920, 282685701|1977, 282692299|2134, 282692758|2248, 282699043|2369, 282703478|2467, 282704764|2580, 282704764|2631, 282704913|2677, 282704965|2776, 282705205|2882, 282712265|2971, 282712317|3055, 282713141|3163, 282713470|3210, 282713522|3250, 282714432|3313, 282716150|3402, 282719357|3468, 282719357|3551, 282719757|3607, 282724178|3662, 282724230|3701, 282724230|3854, 282726279|3929, 282727294|3993, 282727294|4222, com.booking, 
282728477|1, 282728477|1707, 282728635|1760, 282731857|1864, 282733216|1933, 282733216|2199, 282733268|2245, 282734647|2307, 282734977|2376, 282735361|2444, 282735361|2647, 282735585|2714, 282738437|2758, 282738437|2825, 282741646|2881, 282742458|2939, 282742458|3021, 282757165|3071, 282829505|3150, 282829505|4012, com.csst.ecdict, 
282829738|1, 282829738|1465, 282829959|1627, 282834749|1703, 282834905|1758, 282835656|1828, 282835656|1882, 282837287|1955, 282837287|2611, 282837806|2715, 282838178|2770, 282838230|2819, 282842220|2898, 282842272|2958, 282842888|3008, 282842888|3340, 282843385|3457, 282843839|3535, 282843839|3580, 282846595|3679, 282849277|3761, 282852081|3808, 282852081|3859, 282853941|3936, 282853989|4012, com.android.chrome, 
282854217|1, 282854217|1902, 282854277|1993, 282854277|2254, 282860895|2360, 282860895|3027, 282860998|3103, 282860998|3311, 282861294|3423, 282861294|4051, com.dropbox.android, 
282873791|1, 282873791|4017, com.github.shadowsocks, 
282873791|1, 282873791|1371, 282874263|1451, 282874354|1569, 282883467|1648, 282898179|1739, 282899856|1838, 282913263|1930, 282923500|2074, 282924620|2213, 282924680|2310, 282925034|2358, 282925094|2417, 282932607|2502, 282936175|2568, 282936885|2625, 282940636|2699, 282942369|2777, 282942810|2845, 282942810|2888, 282951349|2989, 282951349|3109, 282951704|3164, 282966274|3216, 282966377|3297, 282966377|3375, 282976809|3466, 282976976|3524, 282976976|3632, 282977331|3710, 282977391|3767, 282977391|3888, 282977925|3975, 282983332|4030, com.cnn.mobile.android.phone, 
283004065|1, 283004137|56, 283004137|1167, 283004217|1287, 283004217|1358, 283011380|1520, 283011710|1684, 283012320|1844, 283012320|1997, 283018625|2093, 283018752|2221, 283018915|2370, 283018967|2470, 283018967|2582, 283019207|2692, 283028368|2833, 283028368|2940, 283029127|3033, 283029127|3180, 283029187|3272, 283029187|3354, 283034018|3421, 283034018|3743, 283034794|3796, 283034794|3869, 283034898|3943, 283039878|4294, com.paypal.android.p2pmobile, 
283074516|1, 283074516|4029, com.google.android.deskclock, 
283074516|1, 283074516|1772, 283074737|1888, 283075205|2043, 283079823|2190, 283080678|2282, 283080678|2342, 283082310|2409, 283082362|2484, 283082362|3061, 283082881|3131, 283083253|3190, 283083305|3266, 283087294|3347, 283087346|3400, 283087962|3446, 283087962|3649, 283088680|3710, 283088680|4025, com.android.chrome, 
283107388|1, 283107388|1275, 283107662|1356, 283107662|1429, 283108154|1551, 283121863|1674, 283123215|1776, 283123413|1827, 283123465|1925, 283125172|2014, 283127588|2089, 283133291|2175, 283134331|2302, 283135354|2436, 283135354|2692, 283136284|3080, 283136458|3472, 283136458|4081, com.Slack, 
283137211|1, 283137211|1461, 283137475|1599, 283137475|2148, 283137535|2263, 283137595|2330, 283146706|2407, 283146706|2529, 283147030|2667, 283151913|2733, 283151913|2830, 283153442|2921, 283154021|2978, 283154021|3095, 283154201|3164, 283154201|3270, 283154261|3323, 283154261|3384, 283159144|3454, 283159203|3494, 283159203|3536, 283160237|3605, 283160237|3669, 283160731|3734, 283161474|3944, 283179578|4017, com.paypal.android.p2pmobile, 
283206149|1, 283206149|4015, com.google.android.deskclock, 
283206149|1, 283206149|4033, com.google.android.apps.photos, 
283206263|1, 283206263|1580, 283206615|1670, 283206695|1736, 283214262|1784, 283214262|1834, 283214592|1895, 283214877|1951, 283214877|3790, 283215085|3861, 283215252|3908, 283215252|4022, com.skype.raider, 
283215427|1, 283215427|4035, com.google.android.apps.photos, 
283215811|1, 283215811|692, 283215853|750, 283215853|1402, 283220050|1513, 283220050|1582, 283220679|1672, 283220739|1736, 283228849|1868, 283228901|1930, 283228901|1969, 283229234|2022, 283229286|2091, 283229286|2407, 283229346|2444, 283229596|2504, 283229821|2567, 283229821|2683, 283231065|2760, 283231065|3754, 283232309|3808, 283232309|3877, 283233463|3928, 283233463|4040, com.Slack, 
283235693|1, 283235693|131, 283236257|168, 283236257|1500, 283236479|1547, 283236653|1608, 283236653|4021, com.whatsapp, 
283237033|1, 283237033|563, 283237075|598, 283237075|1069, 283237320|1154, 283245684|1225, 283245684|1302, 283248582|1406, 283252668|1508, 283253609|1601, 283272003|1701, 283273859|1779, 283277734|1841, 283291532|1965, 283293931|2086, 283303822|2172, 283304363|2261, 283304363|2490, 283304461|2556, 283308591|2656, 283308591|2760, 283309076|2846, 283309890|2909, 283309890|3124, 283310431|3205, 283310972|3283, 283310972|3386, 283320003|3434, 283320883|3498, 283320975|3559, 283323517|4277, com.antutu.ABenchMark, 
283365774|1, 283365774|1266, 283366299|1398, 283366359|1531, 283366912|1596, 283376808|1654, 283403310|1810, 283412094|1952, 283412528|2015, 283414623|2129, 283419773|2211, 283422203|2315, 283432711|2401, 283433073|2499, 283437534|2570, 283438246|2624, 283438246|2722, 283438298|2774, 283438453|2841, 283439385|2882, 283439385|2935, 283440086|2993, 283440190|3048, 283454450|3093, 283454450|3128, 283454565|3179, 283454745|3235, 283460171|3314, 283460231|3364, 283460231|3465, 283463851|3527, 283463851|4006, com.cnn.mobile.android.phone, 
283496155|1, 283496155|1178, 283501590|1276, 283507405|1391, 283509085|1492, 283510042|1546, 283510146|1611, 283510146|1675, 283510498|1742, 283510498|4034, com.Slack, 
283510498|1, 283510498|3866, 283510699|3948, 283510858|4044, com.tripadvisor.tripadvisor, 
283516361|1, 283516361|4031, com.github.shadowsocks, 
283516465|1, 283516465|294, 283516537|345, 283516537|1509, 283516663|1613, 283516663|4017, com.whatsapp, 
283516705|1, 283516705|4018, com.github.shadowsocks, 
283516777|1, 283516777|4016, at.DiTronic.androidgroup.randomgallery, 
283532649|1, 283532649|39, 283532754|76, 283532754|4031, com.whatsapp, 
283532932|1, 283532932|1466, 283532992|1567, 283543802|1644, 283544770|1710, 283545862|1790, 283546871|1859, 283546923|1910, 283546923|2008, 283547275|2069, 283547275|4015, com.Slack, 
283547275|1, 283547275|1843, 283547483|1897, 283547483|2576, 283547602|2658, 283547602|2721, 283547697|2794, 283547697|2870, 283547769|2941, 283547769|3048, 283547901|3138, 283547901|3212, 283548787|3263, 283548787|4010, com.sometimeswefly.littlealchemy, 
283553645|1, 283553645|1334, 283553866|1493, 283554533|1557, 283558759|1612, 283559510|1673, 283559510|1758, 283561192|1798, 283561192|2486, 283561711|2554, 283562083|2631, 283562135|2682, 283566073|2730, 283566125|2768, 283566125|2827, 283566741|2884, 283566741|3160, 283567238|3236, 283567238|3375, 283567692|3440, 283570448|3497, 283570448|3553, 283573081|3618, 283575885|3694, 283577263|3736, 283577745|3794, 283577793|3852, 283577793|4036, com.android.chrome, 
283578017|1, 283578017|1371, 283578122|1438, 283578122|4004, com.whatsapp, 
283578194|1, 283578194|1463, 283578662|1547, 283578662|2025, 283578722|2095, 283579328|2151, 283579328|2196, 283579448|2270, 283579448|2337, 283595447|2436, 283595447|3240, 283595756|3282, 283595756|3341, 283595912|3384, 283596222|3446, 283596222|3479, 283596514|3527, 283596514|3623, 283596770|3674, 283614910|3712, 283616388|3758, 283623653|3818, 283625079|3873, 283627931|3922, 283631226|4027, com.paypal.android.p2pmobile, 
283646795|1, 283646795|2462, 283646867|2548, 283646867|2710, 283646927|2773, 283647771|2867, 283647771|4041, com.sometimeswefly.littlealchemy, 
283652509|1, 283652509|1689, 283652941|1769, 283657397|1833, 283660508|1880, 283660838|1934, 283661123|1999, 283661123|4001, com.skype.raider, 
283661673|1, 283661673|1824, 283661753|1879, 283669320|1958, 283669320|2023, 283669650|2076, 283669935|2113, 283669935|4018, com.skype.raider, 
283670835|1, 283670835|1753, 283671009|1839, 283671009|4058, com.whatsapp, 
283671009|1, 283671009|1267, 283671159|1366, 283671159|1818, 283671389|1914, 283676967|1990, 283676967|2090, 283677082|2176, 283677371|2371, 283677464|2450, 283680561|2578, 283680561|2663, 283680621|2748, 283680621|3325, 283683810|3371, 283683810|3497, 283684095|3571, 283684095|3685, 283684526|3738, 283684526|4005, com.ted.android, 
283698740|1, 283698740|1362, 283698962|1423, 283698962|4033, com.whatsapp, 
283698962|1, 283698962|4012, com.google.android.apps.photos, 
283698962|1, 283698962|1149, 283699406|1249, 283712179|1389, 283712775|1459, 283712775|1526, 283715539|1608, 283715539|1698, 283715747|1763, 283733734|1861, 283744049|2010, 283744049|2119, 283753490|2223, 283753490|2313, 283759203|2406, 283769180|2481, 283769180|2567, 283770081|2649, 283771796|2846, 283771796|2919, 283771848|2993, 283776024|3078, 283776024|3160, 283776431|3234, 283776509|3284, 283777323|3368, 283777323|3609, 283787157|3690, 283788037|3758, 283788037|3801, 283788089|3852, 283788181|3918, 283788319|4082, com.antutu.ABenchMark, 
283827567|1, 283827567|3409, 283827627|3484, 283827627|4035, com.tripadvisor.tripadvisor, 
283832998|1, 283832998|4009, com.facebook.katana, 
283832998|1, 283832998|4018, com.facebook.katana, 
283832998|1, 283832998|982, 283833523|1033, 283833523|1116, 283833583|1179, 283834125|1252, 283839854|1321, 283840060|1411, 283840666|1507, 283847420|1632, 283863813|1765, 283874476|1846, 283879928|1973, 283879928|2065, 283881948|2150, 283882936|2218, 283883357|2312, 283885791|2408, 283891286|2478, 283892988|2555, 283893837|2644, 283893837|2746, 283903819|2804, 283904174|2869, 283904174|2962, 283904277|3000, 283904380|3075, 283904380|3189, 283918640|3229, 283918692|3276, 283918692|3337, 283924118|3406, 283924118|3481, 283924182|3532, 283925608|3598, 283926895|3665, 283926895|4059, com.cnn.mobile.android.phone, 
283974503|1, 283975326|72, 283975326|252, 283975522|332, 283975522|416, 283975924|497, 283975924|1413, 283976160|1503, 283980616|1557, 283983727|1605, 283984057|1675, 283984342|1744, 283984342|4024, com.skype.raider, 
283984517|1, 283984517|1994, 283987896|2117, 283989142|2194, 283989246|2246, 283989246|2500, 283989298|2555, 283990947|2635, 283991383|2703, 283991383|2921, 283991607|2991, 283997600|3059, 283998084|3098, 283998412|3142, 283998412|3258, 284073528|3341, 284073528|4054, com.csst.ecdict, 
284073684|1, 284073684|2024, 284073796|2092, 284076761|2173, 284078060|2248, 284078060|2600, 284078112|2648, 284079499|2712, 284079813|2778, 284080249|2849, 284080249|3113, 284080473|3163, 284086619|3228, 284087275|3294, 284087275|3352, 284136305|3425, 284162315|3486, 284162315|4015, com.csst.ecdict, 
284162471|1, 284162471|4056, com.google.android.deskclock, 
284162471|1, 284162471|1803, 284162551|1888, 284168049|1993, 284168049|2079, 284168236|2164, 284168368|2251, 284168368|2466, 284174654|2554, 284174654|3515, 284175206|3575, 284175206|4187, com.ted.android, 
284274435|1, 284274435|1653, 284274545|1696, 284274545|2371, 284274617|2466, 284274617|2534, 284274677|2583, 284275521|2671, 284275521|4067, com.sometimeswefly.littlealchemy, 
284280181|1, 284280181|2581, 284280253|2652, 284280253|2720, 284280313|2800, 284281157|2889, 284281157|4021, com.sometimeswefly.littlealchemy, 
284281217|1, 284281217|1181, 284281633|1290, 284281753|1369, 284290027|1443, 284290494|1502, 284291043|1575, 284296760|1693, 284306441|1788, 284312693|1977, 284313195|2096, 284314699|2217, 284314699|2339, 284315763|2631, 284316111|3129, 284316111|4088, com.Slack, 
284316215|1, 284316215|385, 284316257|422, 284316257|1395, 284316785|1463, 284316785|3040, 284317169|3106, 284317169|4016, com.google.android.deskclock, 
284317246|1, 284317246|212, 284317318|284, 284317318|4114, com.facebook.katana, 
284317318|1, 284317318|1478, 284317786|1577, 284317786|1826, 284318092|1917, 284322798|1967, 284322798|2022, 284323613|2110, 284333185|2197, 284334199|2291, 284334309|2362, 284334381|2434, 284335376|2535, 284335376|2862, 284335436|2932, 284335436|3041, 284341669|3179, 284341669|3908, 284341772|3986, 284341772|4024, com.dropbox.android, 
284342378|1, 284342378|4056, com.google.android.deskclock, 
284342378|1, 284342378|1613, 284342810|1684, 284347266|1729, 284350377|1769, 284350377|1829, 284350992|1894, 284350992|3635, 284351367|3703, 284351367|4031, com.skype.raider, 
284352149|1, 284352149|1784, 284352247|1859, 284352247|2557, 284352366|2631, 284352366|2703, 284352461|2757, 284352461|2875, 284352533|2961, 284352533|3012, 284352605|3056, 284352665|3129, 284353509|3207, 284353509|4044, com.sometimeswefly.littlealchemy, 
284358307|1, 284358307|1707, 284362843|1774, 284365954|1842, 284366284|1889, 284366569|1927, 284366569|4042, com.skype.raider, 
284366744|1, 284366744|1067, 284367026|1123, 284367176|1197, 284375970|1287, 284383075|1421, 284383075|1484, 284383211|1551, 284383465|1627, 284402220|1743, 284403716|1813, 284421335|1934, 284421876|2007, 284423249|2124, 284434203|2206, 284434249|2281, 284434249|2505, 284438477|2640, 284438477|2727, 284438962|2812, 284439040|2900, 284439776|2986, 284439776|3390, 284449125|3468, 284449779|3533, 284449779|4016, com.antutu.ABenchMark, 
284500655|1, 284500655|1019, 284512695|1416, 284516326|1622, 284517366|1741, 284534521|1819, 284537344|1965, 284553982|2115, 284554300|2202, 284555355|2305, 284556922|2425, 284566316|2563, 284566316|2766, 284566368|2855, 284571085|3004, 284571085|3086, 284571492|3145, 284571570|3217, 284572430|3297, 284572430|3880, 284581826|3953, 284581918|4019, com.antutu.ABenchMark, 
284626632|1, 284626632|2251, 284626744|2402, 284631066|2602, 284631066|2796, 284631344|2910, 284631396|3014, 284631884|3096, 284633255|3156, 284633255|3316, 284633479|3418, 284639628|3481, 284640284|3540, 284644737|3620, 284724871|3728, 284724871|4023, com.csst.ecdict, 
284725027|1, 284725027|2496, 284725087|2617, 284725087|2728, 284725393|2850, 284736332|2959, 284736863|3038, 284736966|3160, 284747106|3291, 284748300|3397, 284748482|3511, 284749475|3654, 284749475|4006, com.dropbox.android, 
284749682|1, 284749682|2887, 284752705|3087, 284753415|3202, 284754117|3372, 284754117|3541, 284754169|3659, 284754396|3743, 284754780|3852, 284756177|3994, 284756177|4112, com.csst.ecdict, 
284848848|1, 284848848|2278, 284849158|2448, 284854656|2645, 284854843|2756, 284855008|2875, 284855008|3700, 284859688|3931, 284859688|4033, com.ted.android, 
284928915|1, 284928915|4005, com.google.android.apps.photos, 
284929027|1, 284929027|1474, 284929177|1583, 284929177|1905, 284929399|2004, 284929519|2080, 284929579|2148, 284938031|2263, 284941013|2349, 284941622|2466, 284941726|2538, 284941726|2607, 284943101|2730, 284943522|2923, 284943944|3035, 284957004|3226, 284957452|3326, 284958336|3484, 284958638|3585, 284958638|3655, 284958870|3790, 284965917|3979, 284977403|4261, com.booking, 
284990685|1, 284990685|1898, 284991101|2055, 284994776|2175, 284995477|2224, 284995477|2539, 284995529|2587, 284997030|2678, 284997466|2738, 284997570|2819, 284997570|2979, 285002138|3073, 285004598|3149, 285004598|3234, 285079672|3307, 285079778|3391, 285079778|4071, com.csst.ecdict, 
285110076|1, 285110076|1319, 285110196|1419, 285117237|1468, 285118522|1561, 285119724|1655, 285125271|1778, 285134571|1838, 285135211|1902, 285136315|1978, 285137544|2054, 285137544|2152, 285137896|2235, 285137896|4037, com.Slack, 
285138020|1, 285138020|4003, at.DiTronic.androidgroup.randomgallery, 
285157723|1, 285157723|4014, com.google.android.deskclock, 
285157723|1, 285157723|1379, 285157903|1431, 285163496|1503, 285166292|1584, 285166292|1685, 285167258|1744, 285167258|1813, 285170397|1913, 285171224|1998, 285171276|2054, 285172010|2175, 285172529|2294, 285172529|2453, 285183482|2589, 285193775|2968, 285204417|3061, 285210495|3129, 285213478|3187, 285214272|3236, 285217563|3280, 285218085|3335, 285218560|3385, 285218979|3454, 285221829|3493, 285223757|3533, 285224398|3604, 285224992|3655, 285227887|3822, 285228160|3861, 285229175|3990, 285229175|4033, com.booking, 
285236502|1, 285236502|1403, 285236622|1499, 285242278|1595, 285245074|1707, 285245074|1775, 285246040|1866, 285249178|1962, 285249230|2026, 285249537|2101, 285250323|2207, 285256396|2320, 285256915|2411, 285257027|2532, 285270180|2667, 285271238|2763, 285271238|2834, 285278889|3189, 285279452|3278, 285286030|3357, 285286134|3415, 285286748|3454, 285287468|3499, 285287883|3564, 285288274|3631, 285288453|3696, 285288517|3732, 285288517|3769, 285289374|3846, 285289605|3911, 285291378|4217, com.booking, 
285293913|1, 285293913|1542, 285294149|1618, 285298605|1695, 285301716|1758, 285301716|1794, 285302331|1848, 285302331|3792, 285302706|3869, 285302706|4032, com.skype.raider, 
285303612|1, 285303612|3890, 285303704|3940, 285303704|4041, com.google.android.apps.photos, 
285303704|1, 285303704|1215, 285312454|1316, 285317000|1426, 285320035|1518, 285320035|1582, 285320191|1695, 285338230|1805, 285342662|1908, 285358042|2013, 285359415|2130, 285360982|2272, 285370840|2381, 285370840|2487, 285375068|2598, 285375068|2856, 285376635|2985, 285377449|3083, 285377449|3733, 285378045|3800, 285386985|3858, 285387459|3924, 285387459|4083, com.antutu.ABenchMark, 
285431709|1, 285431709|4023, com.google.android.apps.photos, 
285431709|1, 285431709|2665, 285435339|2852, 285436197|2999, 285436197|3438, 285436621|3515, 285437698|3604, 285437906|3695, 285438342|3815, 285438342|4035, com.csst.ecdict, 
285520768|1, 285520768|4035, at.DiTronic.androidgroup.randomgallery, 
285539523|1, 285539523|1833, 285539583|1921, 285544369|2012, 285544429|2086, 285549017|2186, 285558725|2286, 285558725|2465, 285559211|2530, 285559211|2609, 285559847|2681, 285559847|2740, 285559919|2802, 285560913|2902, 285560913|3176, 285561450|3274, 285561450|4078, com.dropbox.android, 
285563590|1, 285563590|2100, 285563798|2182, 285563798|2930, 285563870|3029, 285563930|3130, 285564774|3241, 285564774|4008, com.sometimeswefly.littlealchemy, 
285569512|1, 285569512|1134, 285570037|1228, 285570037|1339, 285570449|1411, 285570639|1521, 285577106|1669, 285578034|1812, 285585150|1883, 285598328|1985, 285611162|2105, 285622065|2276, 285622367|2338, 285629063|2389, 285630290|2502, 285638546|2615, 285640842|2737, 285645007|2798, 285645059|2867, 285646346|2957, 285647772|3025, 285647832|3086, 285647832|3128, 285648187|3188, 285648351|3253, 285655308|3345, 285655308|3408, 285655488|3463, 285655843|3524, 285656214|3593, 285656214|3665, 285656476|3735, 285656476|3784, 285660426|3850, 285660486|3922, 285661912|4009, com.cnn.mobile.android.phone, 
285716182|1, 285716182|285, 285716633|363, 285720756|445, 285721088|576, 285721919|665, 285723824|788, 285730987|955, 285730987|1074, 285731317|1160, 285731317|1231, 285731807|1340, 285731887|1392, 285739868|1486, 285740270|1579, 285740555|1674, 285740555|3761, 285740930|3831, 285740982|4017, com.skype.raider, 
285742417|1, 285742417|1221, 285742477|1319, 285742477|1423, 285742609|1518, 285747125|1600, 285752001|1693, 285763041|1790, 285777655|1925, 285779081|2037, 285779081|2137, 285782605|2239, 285782725|2321, 285782725|2377, 285788050|2458, 285795092|2562, 285797310|2643, 285797640|2742, 285800894|2795, 285801756|2863, 285822705|2941, 285824177|3015, 285827081|3076, 285832610|3120, 285834039|3205, 285834039|3301, 285835402|3362, 285836856|3433, 285836856|4052, com.cnn.mobile.android.phone, 
285871536|1, 285871866|123, 285871866|289, 285872417|367, 285872417|681, 285872489|785, 285872489|4044, at.DiTronic.androidgroup.randomgallery, 
285895479|1, 285895479|1739, 285895559|1789, 285903126|1854, 285903126|1918, 285903741|1988, 285903741|4009, com.skype.raider, 
285904641|1, 285904641|4038, at.DiTronic.androidgroup.randomgallery, 
285936680|1, 285936680|4039, at.DiTronic.androidgroup.randomgallery, 
285965911|1, 285965911|1247, 285966015|1331, 285974379|1402, 285974379|1458, 285977277|1569, 285981227|1671, 285982430|1762, 286000469|1830, 286001283|1900, 286005835|1997, 286020107|2133, 286020991|2248, 286021636|2330, 286032246|2500, 286033420|2651, 286033420|2725, 286033472|2807, 286037648|2906, 286038133|3013, 286038948|3092, 286038948|3650, 286047768|3709, 286048740|3801, 286048740|4010, com.antutu.ABenchMark, 
286088254|1, 286088254|2266, 286088812|2410, 286100424|2587, 286101395|2775, 286102222|2940, 286115677|3133, 286124567|3294, 286124619|3407, 286124619|3480, 286127120|3652, 286127520|3786, 286131736|3953, 286135057|4089, com.booking, 
286157348|1, 286157348|2382, 286157560|2471, 286157560|2563, 286158044|2684, 286163190|2851, 286163250|2924, 286163614|3043, 286179287|3211, 286180514|3339, 286180586|3441, 286181579|3550, 286181759|3651, 286181759|4039, com.dropbox.android, 
286181966|1, 286181966|2387, 286186812|2505, 286186872|2625, 286191952|2766, 286202864|2882, 286203806|3013, 286205339|3215, 286205339|3372, 286205442|3449, 286205442|3555, 286205622|3697, 286205622|4052, com.dropbox.android, 
286205829|1, 286205829|2392, 286211637|2589, 286211824|2806, 286211989|3034, 286211989|3247, 286215389|3427, 286215389|4049, com.ted.android, 
286318653|1, 286318653|2658, 286318713|2774, 286318713|2838, 286324842|2919, 286329628|3078, 286329791|3207, 286329791|3276, 286339543|3438, 286340557|3615, 286340919|3760, 286341911|3832, 286341911|4038, com.dropbox.android, 
286342178|1, 286342178|2433, 286342318|2524, 286347084|2646, 286349484|2770, 286361736|2971, 286362860|3095, 286365549|3264, 286365652|3436, 286365652|3580, 286365832|3682, 286365832|4066, com.dropbox.android, 
286366039|1, 286366039|2004, 286366119|2164, 286371617|2329, 286371804|2454, 286371936|2672, 286378222|2865, 286378222|3574, 286378653|3666, 286378774|3762, 286378774|3836, 286379451|3893, 286379451|4216, com.ted.android, 
286479282|1, 286479282|1979, 286479684|2143, 286488074|2257, 286488134|2379, 286492024|2498, 286492487|2614, 286492591|2743, 286493472|2864, 286499888|3081, 286504497|3246, 286504557|3370, 286508747|3557, 286513154|3703, 286513602|3821, 286514788|3896, 286515229|4011, com.booking, 
286554572|1, 286554572|2137, 286560150|2347, 286560150|2511, 286560541|2727, 286560541|3438, 286568635|3611, 286568635|4323, com.ted.android, 
286667663|1, 286667663|4012, com.google.android.apps.photos, 
286667705|1, 286667705|2362, 286668485|2433, 286669785|2499, 286669785|2596, 286670361|2688, 286672181|2782, 286672181|3366, 286672685|3448, 286672685|4041, com.instagram.android, 
286677033|1, 286677033|1907, 286678333|2051, 286679113|2173, 286679257|2239, 286679473|2290, 286679617|2362, 286681769|2453, 286681769|2568, 286682273|2626, 286684353|2719, 286684353|3614, 286685117|3688, 286685117|3916, 286685529|3994, 286685529|4060, com.instagram.android, 
286685861|1, 286685861|1880, 286687161|1969, 286687161|2025, 286687941|2107, 286688301|2184, 286688301|2249, 286688517|2294, 286690597|2365, 286690597|2602, 286693253|2666, 286693253|2803, 286694089|2871, 286694089|3493, 286694421|3539, 286694421|4048, com.instagram.android, 
286695027|1, 286695027|1898, 286696327|2014, 286697107|2091, 286697107|2199, 286697539|2269, 286703026|2347, 286703026|2504, 286703530|2579, 286703530|2742, 286703607|2808, 286703607|4069, com.instagram.android, 
286707703|1, 286707703|1566, 286707775|1659, 286707775|1830, 286709415|1931, 286709855|2016, 286709855|2065, 286710143|2109, 286710359|2181, 286712179|2259, 286712179|2780, 286712755|2845, 286712755|3840, 286713015|3906, 286713015|4003, com.instagram.android, 
286716739|1, 286716739|2002, 286718039|2128, 286718639|2203, 286719179|2325, 286719323|2420, 286719955|2509, 286719955|2965, 286746072|3064, 286746072|3144, 286757673|3238, 286757793|3314, 286757793|3671, 286758053|3735, 286758053|3890, 286760205|3997, 286760205|4058, com.instagram.android, 
