47856377|1, 47856377|1284, 47856501|1363, 47856501|3397, 47856699|3457, 47856933|3506, 47856973|3561, 47856973|4060, com.skype.raider, 
47857093|1, 47857093|1451, 47857219|1528, 47857219|1611, 47857407|1708, 47857467|1762, 47857527|1822, 47857527|1907, 47857785|1952, 47858133|2022, 47858133|2148, 47858611|2227, 47858767|2282, 47858891|2353, 47858983|2412, 47860163|2483, 47860227|2546, 47860287|2590, 47860607|2668, 47860607|2738, 47861099|2804, 47861277|2858, 47861277|2925, 47861485|2975, 47861655|3054, 47861655|3101, 47862550|3184, 47862550|3241, 47863214|3301, 47863274|3349, 47864311|3424, 47866723|3695, 47866723|3818, 47867014|3899, 47867148|3980, 47867148|4031, com.ebay.mobile, 
47884785|1, 47884785|4005, com.github.shadowsocks, 
47885097|1, 47885097|2454, 47885149|2500, 47885149|4004, com.google.android.deskclock, 
47885201|1, 47885201|1872, 47885261|1956, 47885261|2106, 47885541|2209, 47885541|2981, 47885605|3061, 47885605|4029, com.ted.android, 
47888539|1, 47888539|1406, 47888602|1480, 47888725|1544, 47888725|1929, 47888777|1999, 47888777|2042, 47889083|2123, 47889647|2209, 47889879|2304, 47889939|2363, 47889939|2446, 47890281|2524, 47890489|2615, 47890651|2690, 47890934|2743, 47890934|3125, 47892996|3178, 47892996|3225, 47893048|3265, 47895161|3318, 47895161|3354, 47895381|3404, 47895559|3445, 47895559|3481, 47895801|3534, 47895865|3573, 47897135|3629, 47899899|3668, 47899899|3882, 47900067|3941, 47900067|4278, com.paypal.android.p2pmobile, 
47906484|1, 47906484|4002, com.facebook.katana, 
47906484|1, 47906484|2600, 47906606|2650, 47906606|4026, com.facebook.katana, 
47912504|1, 47912504|1315, 47912564|1392, 47912564|1831, 47912736|1890, 47912967|1973, 47913249|2025, 47913249|2090, 47913509|2141, 47913569|2254, 47913851|2316, 47914259|2395, 47914311|2447, 47914363|2524, 47915686|2568, 47915738|2630, 47915738|2774, 47915790|2820, 47915850|2910, 47915850|2969, 47916132|3022, 47916322|3088, 47916322|3173, 47917580|3217, 47917580|3375, 47917692|3435, 47917692|3481, 47918120|3523, 47918224|3581, 47918224|3613, 47918640|3665, 47920308|3711, 47920620|3745, 47921711|3822, 47921763|3876, 47921763|4106, com.paypal.android.p2pmobile, 
47932861|1, 47932861|541, 47932991|617, 47933053|694, 47933553|785, 47934077|880, 47934147|969, 47934543|1049, 47934999|1124, 47939150|1291, 47943328|1408, 47946691|1479, 47947367|1567, 47947407|1675, 47947407|2002, 47947467|2059, 47947847|2151, 47948013|2217, 47948634|2284, 47948734|2375, 47948734|2665, 47948856|2732, 47948967|2780, 47949007|2831, 47949007|3290, 47949408|3411, 47952701|3693, 47954113|3778, 47955964|3844, 47958388|3929, 47959387|4015, com.antutu.ABenchMark, 
47965031|1, 47965031|1120, 47965096|1234, 47965221|1363, 47965221|1408, 47965508|1459, 47965508|1597, 47965664|1652, 47970120|1733, 47970120|1845, 47971440|1903, 47971440|2181, 47971500|2215, 47971760|2265, 47971760|2724, 47972887|2779, 47972887|2991, 47972939|3063, 47972939|3105, 47974220|3190, 47974280|3230, 47974280|4035, com.tripadvisor.tripadvisor, 
47974584|1, 47974584|1999, 47974644|2057, 47974644|3010, 47974704|3054, 47974704|4023, at.DiTronic.androidgroup.randomgallery, 
47983363|1, 47983363|1028, 47983429|1092, 47983429|1212, 47983495|1270, 47983495|1316, 47983625|1404, 47983625|1645, 47983688|1706, 47983688|2361, 47983751|2414, 47983879|2457, 47983997|2521, 47984201|2564, 47984261|2605, 47984261|2707, 47984876|2778, 47984876|2878, 47985136|2931, 47985648|2986, 47985648|3128, 47986803|3181, 47986861|3258, 47987065|3304, 47987273|3361, 47987443|3411, 47987443|3470, 47988399|3538, 47989875|3655, 47991394|3776, 47992307|3849, 47993341|3942, 47995162|4012, com.cnn.mobile.android.phone, 
48018490|1, 48018490|1473, 48018550|1559, 48018550|2390, 48018610|2724, 48018610|3485, 48018956|3542, 48018956|3717, 48019112|3775, 48019290|3824, 48019633|4096, com.ted.android, 
48021776|1, 48021776|2485, 48021836|2527, 48021836|4030, com.google.android.apps.photos, 
48021836|1, 48021836|1256, 48021972|1309, 48021972|1633, 48022108|1696, 48022108|1818, 48023321|1907, 48024202|1983, 48024526|2107, 48029553|2243, 48030507|2365, 48031458|2464, 48031817|2530, 48032065|2631, 48034211|2711, 48041475|3058, 48042250|3124, 48043533|3176, 48046339|3239, 48047289|3290, 48047289|3326, 48047405|3383, 48047405|3439, 48047457|3476, 48047457|3526, 48047688|3577, 48047987|3636, 48049483|3804, 48049627|3862, 48050551|3912, 48050603|3949, 48050603|4005, com.booking, 
48055269|1, 48055329|56, 48055329|1310, 48055509|1393, 48056682|1509, 48057153|1619, 48060498|1677, 48061119|1739, 48061432|1802, 48061548|1887, 48062627|1964, 48062731|2048, 48062947|2165, 48062999|2267, 48063285|2382, 48064312|2471, 48064821|2551, 48064998|2610, 48064998|2652, 48072551|2993, 48075613|3060, 48076815|3111, 48077826|3150, 48078726|3210, 48078726|3288, 48078860|3349, 48079039|3412, 48079350|3454, 48080426|3521, 48080586|3561, 48080626|3623, 48080925|3761, 48080925|3807, 48081105|3878, 48081572|3923, 48081692|3976, 48081692|4017, com.booking, 
48082776|1, 48082776|4028, com.google.android.apps.photos, 
48082776|1, 48082776|428, 48082836|483, 48082836|1445, 48083026|1513, 48083026|1613, 48083150|1669, 48083150|3377, 48083210|3458, 48083210|4026, com.whatsapp, 
48083270|1, 48083270|1180, 48083380|1286, 48083380|1419, 48083670|1492, 48084462|1551, 48085575|1632, 48087568|1732, 48088033|1778, 48088149|1839, 48088201|1888, 48088790|1950, 48088942|2023, 48089486|2073, 48116603|2160, 48150787|2254, 48159557|2394, 48159557|2484, 48159661|2791, 48160077|3210, 48160077|3431, 48160137|3672, 48160197|4002, com.Slack, 
48160884|1, 48160884|1763, 48161006|1822, 48161006|2037, 48161066|2085, 48161066|2294, 48161126|2361, 48161126|2884, 48161184|2942, 48161243|3012, 48161243|3054, 48161303|3107, 48161303|3316, 48161363|3373, 48161417|3416, 48161417|4002, com.sometimeswefly.littlealchemy, 
48163267|1, 48163267|1261, 48163395|1342, 48163515|1470, 48163785|1526, 48163889|1594, 48163889|2410, 48164313|2485, 48165750|2551, 48166499|2607, 48166906|2656, 48166906|2743, 48166958|2797, 48167213|2847, 48167273|2906, 48167273|3063, 48167333|3116, 48167631|3203, 48167631|3374, 48169149|3432, 48171290|3505, 48171290|3547, 48173006|3612, 48174994|3664, 48174994|3698, 48175127|3750, 48175127|3807, 48175187|3841, 48175187|3895, 48175247|3943, 48175247|4026, com.android.chrome, 
48175971|1, 48175971|1117, 48176091|1183, 48176915|1262, 48178299|1335, 48179083|1427, 48179263|1516, 48180865|1577, 48182407|1687, 48185325|1820, 48185825|1902, 48186867|2019, 48187902|2084, 48188220|2169, 48188761|2334, 48188801|2421, 48188801|2571, 48189121|2653, 48189241|2723, 48189241|2790, 48189586|2869, 48189987|2940, 48190027|3005, 48190027|3287, 48190149|3365, 48190300|3407, 48190861|4089, com.antutu.ABenchMark, 
48203995|1, 48203995|1216, 48204060|1283, 48204122|1373, 48204122|2995, 48204244|3059, 48204304|3122, 48204304|4017, com.whatsapp, 
48204614|1, 48204614|4031, com.github.shadowsocks, 
48204614|1, 48204614|4035, com.github.shadowsocks, 
48204614|1, 48204614|2474, 48204679|2546, 48204679|3708, 48204744|3743, 48204804|3794, 48204804|4013, com.tripadvisor.tripadvisor, 
48206644|1, 48206644|1631, 48206766|1722, 48206890|1780, 48207174|1837, 48207174|1901, 48207234|1960, 48207562|2040, 48207796|2104, 48208360|2149, 48208360|2212, 48209147|2285, 48209741|2352, 48210353|2444, 48210353|2533, 48211115|2758, 48211831|2859, 48211831|2925, 48213107|2981, 48213107|3041, 48215079|3095, 48216064|3141, 48216104|3192, 48216104|3256, 48216523|3312, 48216813|3376, 48217219|3447, 48218452|3500, 48218630|3558, 48222391|3804, 48222592|3857, 48222707|3917, 48224288|3967, 48224288|4010, com.ebay.mobile, 
48233939|1, 48233939|1515, 48234003|1578, 48234003|1640, 48234063|1771, 48234063|1873, 48234175|1966, 48234747|2044, 48234747|2154, 48235163|2226, 48235519|2272, 48235803|2351, 48236467|2405, 48236467|2510, 48236801|2572, 48236853|2640, 48238825|2704, 48238825|2790, 48239195|2855, 48239434|2923, 48240552|2999, 48240810|3055, 48241626|3104, 48241738|3138, 48242359|3184, 48242653|3234, 48243097|3273, 48243097|3382, 48245350|3445, 48246812|3498, 48248555|3587, 48248733|3625, 48249067|3675, 48249179|3727, 48249179|3805, 48257000|3855, 48257000|3890, 48257559|3936, 48257559|4028, com.ebay.mobile, 
48270380|1, 48270380|1120, 48270508|1175, 48270508|4055, com.dropbox.android, 
48270612|1, 48270612|1862, 48270673|1900, 48270673|2156, 48270733|2196, 48270733|2400, 48270793|2442, 48270856|2487, 48270856|2626, 48270919|2683, 48270919|3177, 48270979|3222, 48270979|3425, 48271039|3477, 48271039|4013, com.sometimeswefly.littlealchemy, 
48273585|1, 48273585|1232, 48273645|1305, 48273645|1559, 48273831|1623, 48273831|2145, 48274482|2273, 48274764|2323, 48274824|2389, 48275240|2477, 48275300|2530, 48275300|2616, 48275582|2695, 48275582|2756, 48275952|2839, 48275952|3186, 48276012|3242, 48276012|3327, 48276392|3369, 48276392|3460, 48278932|3496, 48278996|3552, 48280283|3776, 48280283|3871, 48281207|3925, 48282647|4015, com.paypal.android.p2pmobile, 
48292589|1, 48292589|1515, 48292649|1599, 48292649|1846, 48292993|1904, 48292993|1981, 48293333|2069, 48293397|2133, 48293397|2176, 48293783|2250, 48294067|2296, 48294067|2343, 48294731|2404, 48294795|2470, 48294795|2513, 48295129|2574, 48295297|2658, 48297447|2715, 48297447|2774, 48297817|2836, 48298802|2889, 48299277|2999, 48299337|3051, 48300066|3096, 48300843|3153, 48302659|3190, 48302659|3226, 48303175|3281, 48305383|3342, 48305383|3453, 48305747|3520, 48306081|3584, 48306259|3639, 48306470|3681, 48306470|3714, 48306625|3763, 48315768|3819, 48316072|3856, 48316184|3904, 48317270|3958, 48317728|4037, com.ebay.mobile, 
48330334|1, 48330334|1619, 48330394|1708, 48330394|2003, 48330738|2079, 48330858|2159, 48330858|2220, 48331138|2263, 48331524|2346, 48331524|2403, 48331910|2463, 48331910|2513, 48332895|2556, 48333559|2601, 48333559|2768, 48333663|2842, 48335635|2906, 48335635|3073, 48335874|3125, 48336114|3211, 48337485|3268, 48337485|3302, 48338729|3353, 48340150|3416, 48340357|3479, 48341990|3531, 48342480|3620, 48343827|3682, 48343827|3829, 48352970|3866, 48353146|3918, 48354163|3971, 48354163|4007, com.ebay.mobile, 
48363745|1, 48363745|1809, 48363808|1902, 48363808|2015, 48363928|2049, 48364288|2122, 48364288|2179, 48364540|2227, 48364540|2999, 48364600|3045, 48364600|3077, 48365080|3354, 48365560|4242, com.instagram.android, 
48366040|1, 48366040|1096, 48366160|1149, 48366160|1213, 48367020|1310, 48367567|1371, 48367567|1411, 48367627|1480, 48367878|1549, 48368685|1620, 48370729|1705, 48384036|1779, 48398236|1827, 48434067|1943, 48434067|2133, 48434119|2378, 48434431|2850, 48434431|3089, 48434491|3289, 48434551|3644, 48434551|4076, com.Slack, 
48435186|1, 48435186|1207, 48435434|1302, 48435434|1417, 48435538|1487, 48436645|1571, 48437238|1619, 48437425|1666, 48437425|1731, 48437484|1788, 48437484|1833, 48437544|1872, 48437687|1943, 48437687|2078, 48437747|2131, 48437747|2285, 48437805|2332, 48437937|2422, 48438043|2481, 48438229|2539, 48438850|2595, 48438850|2636, 48439006|2676, 48439006|2747, 48439122|2806, 48439234|2853, 48439234|2984, 48439532|3067, 48439646|3134, 48439646|3205, 48441278|3277, 48441342|3340, 48444099|3395, 48446087|3475, 48446139|3513, 48448127|3559, 48448127|3616, 48448260|3663, 48448320|4046, com.android.chrome, 
48449276|1, 48449276|976, 48449348|1029, 48449524|1086, 48449524|1136, 48449596|1189, 48449596|1232, 48450802|1323, 48451583|1418, 48452070|1493, 48453350|1570, 48454012|1668, 48454386|1767, 48455114|1852, 48455318|1925, 48456813|2065, 48457053|2121, 48457115|2161, 48457838|2230, 48457838|2280, 48458583|2352, 48458917|2439, 48459144|2478, 48459478|2560, 48462937|2623, 48462937|2660, 48463398|2734, 48463945|2793, 48464695|2840, 48466601|2893, 48466653|2946, 48466817|3010, 48466817|3054, 48466869|3121, 48467255|3184, 48467255|3266, 48468351|3320, 48468633|3367, 48468633|3469, 48469687|3524, 48469917|3571, 48469917|3629, 48471284|3690, 48471284|3911, 48472400|3951, 48472400|4011, com.cnn.mobile.android.phone, 
48488694|1, 48488694|831, 48488758|932, 48488758|2017, 48488810|2071, 48488810|2445, 48488858|2495, 48488858|4030, com.google.android.apps.photos, 
48488910|1, 48488910|922, 48488974|980, 48489038|1050, 48489038|1390, 48489162|1480, 48489162|1568, 48489223|1656, 48489223|1725, 48489283|1829, 48489283|2076, 48489563|2144, 48489563|3359, 48489791|3394, 48489791|3913, 48490137|3980, 48490137|4018, com.ted.android, 
48492810|1, 48492810|1476, 48492874|1563, 48493004|1657, 48494111|1786, 48494891|1884, 48494891|1932, 48494951|1974, 48494951|2032, 48495011|2070, 48495011|2105, 48495206|2177, 48495266|2266, 48495326|2305, 48495326|2413, 48495564|2502, 48496371|2588, 48496371|2646, 48496643|2693, 48496643|2802, 48496695|2837, 48496695|2922, 48497121|2976, 48497121|3036, 48497241|3106, 48497241|3164, 48497301|3212, 48498819|3289, 48498939|3343, 48501080|3395, 48501213|3492, 48502796|3548, 48504785|3590, 48504862|3640, 48504918|3684, 48504975|4006, com.android.chrome, 
48505975|1, 48505975|1445, 48506035|1497, 48506035|1615, 48506095|1706, 48506150|1746, 48506150|1805, 48506211|1880, 48506211|2291, 48506331|2363, 48506435|2435, 48506895|2486, 48507431|2597, 48507431|2682, 48507996|2766, 48508204|2863, 48508204|2918, 48508626|2983, 48508804|3053, 48508804|3481, 48512069|3535, 48512069|3569, 48514609|3624, 48515492|3678, 48515492|3721, 48515544|3764, 48518447|4153, com.paypal.android.p2pmobile, 
48524428|1, 48524428|4024, com.google.android.deskclock, 
48524428|1, 48524428|1835, 48524489|1878, 48524489|2139, 48524549|2176, 48524549|2372, 48524609|2427, 48524609|2603, 48524669|2683, 48524669|2796, 48524709|2863, 48524709|3094, 48524769|3160, 48524769|3383, 48524829|3426, 48524829|4034, com.sometimeswefly.littlealchemy, 
48526503|1, 48526503|1486, 48526563|1538, 48526563|1978, 48526683|2051, 48526966|2117, 48526966|2227, 48527026|2298, 48527026|2369, 48527488|2464, 48527488|2940, 48527540|2989, 48527660|3047, 48527764|3093, 48528328|3131, 48528328|3184, 48528600|3241, 48528808|3279, 48528808|3637, 48530804|3696, 48530804|3737, 48534175|3771, 48534175|4011, com.paypal.android.p2pmobile, 
48543418|1, 48543418|4017, com.google.android.deskclock, 
48543418|1, 48543418|3798, 48543470|3845, 48543470|4235, com.facebook.katana, 
48543470|1, 48543470|1565, 48543590|1710, 48544751|1813, 48544907|1897, 48545687|1959, 48545687|2006, 48545747|2041, 48545807|2118, 48545807|2245, 48545867|2298, 48545867|2339, 48545927|2382, 48545927|2656, 48546372|2719, 48546558|2786, 48547179|2839, 48547179|2881, 48547503|2940, 48547503|2991, 48547563|3048, 48547615|3095, 48547675|3140, 48547675|3232, 48548101|3294, 48548221|3369, 48548221|3576, 48549799|3631, 48549799|3675, 48551939|3736, 48552072|3805, 48553655|3858, 48553719|3912, 48555642|3962, 48555642|4003, com.android.chrome, 
48556758|1, 48556758|1146, 48556867|1210, 48556867|1535, 48556927|1590, 48556927|1805, 48557271|1878, 48557332|1938, 48557392|2023, 48557453|2089, 48557765|2142, 48558135|2212, 48558135|2403, 48559341|2477, 48559341|2682, 48559393|2740, 48559393|2998, 48559453|3073, 48559453|4005, com.dropbox.android, 
48559977|1, 48559977|483, 48560038|540, 48560038|2942, 48560099|2991, 48560099|4002, com.facebook.katana, 
48560099|1, 48560099|4006, com.github.shadowsocks, 
48560099|1, 48560099|1164, 48560439|1215, 48560713|1306, 48560869|1355, 48561640|1439, 48562224|1514, 48563356|1607, 48563408|1669, 48563408|1741, 48563460|1801, 48563512|1842, 48563512|2203, 48564808|2501, 48565644|2973, 48565832|3235, 48565956|3474, 48633294|3874, 48633398|4010, com.Slack, 
48634515|1, 48634515|1451, 48634572|1521, 48634572|1566, 48634635|1665, 48634635|1790, 48634935|1874, 48634987|1941, 48635167|1990, 48635167|2058, 48635227|2113, 48635227|2940, 48635287|2991, 48635287|3578, 48635347|3624, 48635347|4216, com.instagram.android, 
48635583|1, 48635583|596, 48635819|679, 48635819|794, 48636289|866, 48637340|931, 48637701|1038, 48637701|1105, 48638270|1163, 48638270|1368, 48638498|1454, 48639835|1592, 48640126|1641, 48641719|1706, 48642001|1753, 48642001|1805, 48642439|1880, 48642837|1943, 48642837|1980, 48643514|2045, 48644464|2109, 48644576|2144, 48644576|2187, 48646188|2252, 48646188|2334, 48646523|2382, 48646523|2435, 48646731|2472, 48646909|2525, 48646909|2584, 48647358|2642, 48647358|2678, 48648388|2723, 48648388|2774, 48648721|2822, 48649078|2856, 48650070|2923, 48650070|2983, 48650122|3019, 48650122|4021, com.cnn.mobile.android.phone, 
48672072|1, 48672072|138, 48672132|213, 48672132|4049, com.facebook.katana, 
48672248|1, 48672248|1620, 48672438|1702, 48672498|1776, 48672498|1815, 48672902|1900, 48673086|1980, 48673086|2017, 48674040|2102, 48674298|2154, 48674298|2194, 48675170|2266, 48675548|2352, 48676204|2415, 48676869|2489, 48676921|2561, 48678072|2601, 48679057|2676, 48679109|2762, 48679109|2825, 48679149|2895, 48679201|2966, 48681173|3029, 48681333|3081, 48681373|3160, 48681373|3213, 48681676|3262, 48681870|3356, 48681930|3415, 48682611|3455, 48683810|3539, 48685725|3628, 48687822|3686, 48687822|3734, 48688043|3795, 48688234|3870, 48688286|4054, com.ebay.mobile, 
48699500|1, 48699500|886, 48699624|1003, 48699624|1834, 48699924|1907, 48699924|1981, 48700104|2041, 48700104|4001, com.instagram.android, 
48702783|1, 48702783|200, 48702835|302, 48702835|1228, 48702965|1309, 48702965|2156, 48703017|2222, 48703017|3802, 48703077|3857, 48703077|4039, com.whatsapp, 
48703305|1, 48703305|1123, 48703553|1264, 48704712|1416, 48705596|1527, 48705596|1653, 48705799|1751, 48705799|1941, 48705859|1978, 48705859|2257, 48705991|2338, 48706283|2442, 48706904|2493, 48706904|2547, 48707176|2601, 48707176|2705, 48707288|2762, 48707288|2891, 48707348|2950, 48707646|3014, 48707646|3105, 48709164|3184, 48711366|3260, 48711443|3310, 48713082|3385, 48715071|3438, 48715071|3475, 48715204|3544, 48715204|3904, 48715264|3960, 48715264|4019, com.android.chrome, 
48716100|1, 48716100|1705, 48716160|1771, 48716160|1972, 48716504|2085, 48716504|2210, 48716564|2277, 48716772|2335, 48716950|2396, 48716950|2954, 48717995|3057, 48718275|3143, 48718275|3209, 48718793|3308, 48718971|3404, 48719924|3467, 48720208|3538, 48720208|3603, 48720520|3684, 48720906|3753, 48732251|4056, com.ebay.mobile, 
48753237|1, 48753237|846, 48753302|925, 48753944|1006, 48754246|1079, 48755350|1161, 48755430|1257, 48755810|1348, 48758000|1431, 48759377|1532, 48761068|1611, 48762836|1756, 48763296|1839, 48764544|1990, 48765692|2105, 48765772|2229, 48765772|2458, 48766212|2572, 48766212|2735, 48766880|2814, 48766958|2897, 48766998|2972, 48766998|3216, 48767499|3292, 48767539|3371, 48767539|3430, 48767661|3495, 48767772|3570, 48767812|3630, 48769463|4025, com.antutu.ABenchMark, 
48781446|1, 48781446|1089, 48781510|1250, 48781510|1691, 48781634|1873, 48781694|1958, 48781694|2075, 48781974|2190, 48781974|2375, 48782130|2448, 48782308|2515, 48782308|2668, 48782599|2769, 48782651|2826, 48782651|3002, 48782793|3047, 48782793|3614, 48782940|3692, 48782940|4034, com.ted.android, 
48784743|1, 48784743|336, 48784795|406, 48784795|1985, 48784855|2115, 48784855|2397, 48785199|2526, 48785539|2583, 48785747|2665, 48786133|2743, 48786311|2802, 48786595|2880, 48788244|2962, 48788244|3039, 48788578|3095, 48788578|3184, 48788630|3282, 48788630|3337, 48789664|3419, 48789664|3502, 48789776|3604, 48791943|3658, 48791943|3740, 48792471|3837, 48792877|3920, 48794248|3988, 48809573|4318, com.ebay.mobile, 
48823478|1, 48823478|1821, 48823662|1919, 48824823|2115, 48825624|2233, 48825871|2310, 48825871|2384, 48826230|2471, 48826290|2543, 48826290|2595, 48826350|2664, 48826350|3198, 48826648|3323, 48827455|3388, 48827515|3463, 48827847|3544, 48827847|3590, 48827899|3650, 48828019|3731, 48828019|3919, 48828079|3986, 48828445|4074, com.android.chrome, 
48836804|1, 48836804|2044, 48836859|2103, 48836970|2183, 48836970|4039, com.google.android.deskclock, 
48837329|1, 48837329|405, 48837384|452, 48837384|1075, 48837439|1176, 48837439|2066, 48837502|2170, 48837502|2247, 48837802|2331, 48837862|2412, 48837982|2478, 48837982|3269, 48838042|3328, 48838042|4064, com.instagram.android, 
48838042|1, 48838042|1582, 48838162|1763, 48838162|1853, 48839479|1987, 48840259|2076, 48840259|2150, 48840319|2214, 48840574|2291, 48840574|2382, 48840634|2436, 48840634|2493, 48840694|2552, 48840694|2809, 48840932|2909, 48841739|2997, 48841739|3046, 48842063|3097, 48842063|3178, 48842175|3239, 48842235|3278, 48842235|3336, 48842601|3399, 48842721|3508, 48842781|3559, 48842781|3716, 48844359|3777, 48846499|3841, 48846632|3931, 48848215|3988, 48848215|4032, com.android.chrome, 
48851198|1, 48851198|1374, 48851254|1462, 48851254|2064, 48851364|2100, 48851364|2667, 48851429|2731, 48851429|3401, 48851547|3481, 48851664|3569, 48851664|3731, 48851951|3803, 48851951|4028, com.tripadvisor.tripadvisor, 
48856407|1, 48856407|1207, 48856527|1250, 48857075|1339, 48857075|1398, 48858280|1491, 48860209|1580, 48860911|1697, 48873880|1764, 48889931|1832, 48934339|1906, 48958658|2019, 48979095|2124, 48979147|2263, 48979199|2640, 48979459|3082, 48979459|3359, 48979519|3569, 48979579|4004, com.Slack, 
48980417|1, 48980417|1743, 48980532|1831, 48980532|2155, 48980876|2266, 48980936|2324, 48980936|2371, 48981614|2444, 48982076|2540, 48982356|2610, 48982356|2678, 48983340|2761, 48983674|2860, 48983674|2915, 48983727|2987, 48984266|3083, 48984318|3150, 48984318|3272, 48984926|3553, 48985212|3613, 48985212|3676, 48985818|3747, 48985996|3789, 48986816|3877, 48986994|3950, 48994763|4005, com.ebay.mobile, 
49017214|1, 49017214|1724, 49017336|1789, 49017336|2041, 49017396|2082, 49017396|2291, 49017519|2352, 49017519|2466, 49017582|2527, 49017582|3033, 49017642|3098, 49017642|3281, 49017702|3316, 49017702|4039, com.sometimeswefly.littlealchemy, 
49019374|1, 49019374|198, 49019434|251, 49019434|422, 49019494|494, 49019494|2592, 49019554|2664, 49019554|3603, 49019901|3639, 49019901|4043, com.tripadvisor.tripadvisor, 
49021885|1, 49021885|2633, 49021945|2701, 49021945|3560, 49022232|3620, 49022232|4008, com.tripadvisor.tripadvisor, 
49025210|1, 49025210|1706, 49025270|1773, 49025270|2123, 49025614|2216, 49025674|2302, 49025674|2397, 49026624|2498, 49026624|2601, 49027010|2680, 49028329|2808, 49028993|2884, 49028993|2961, 49029415|3044, 49029415|3171, 49029475|3242, 49029670|3331, 49029670|3391, 49030623|3437, 49030961|3526, 49032933|3593, 49033245|3654, 49033423|3719, 49033821|3821, 49041590|3922, 49043582|4191, com.ebay.mobile, 
49064318|1, 49064318|1842, 49065139|1979, 49066142|2071, 49066142|2295, 49066885|2395, 49067199|2459, 49067446|2505, 49067588|2577, 49067588|2731, 49068450|2800, 49074398|2876, 49074502|2925, 49074502|3061, 49077866|3142, 49077866|3387, 49077926|3433, 49077926|4019, com.csst.ecdict, 
49078298|1, 49078298|4001, com.github.shadowsocks, 
49078298|1, 49078298|1130, 49078428|1211, 49078428|1322, 49079652|1397, 49079890|1499, 49080289|1594, 49081354|1669, 49082499|1745, 49084041|1894, 49086237|2025, 49086809|2120, 49087647|2232, 49087771|2298, 49087771|2344, 49088336|2415, 49088560|2524, 49089458|2604, 49089458|2646, 49090488|2714, 49092219|2805, 49092219|2873, 49093637|2932, 49094305|2998, 49094483|3063, 49095216|3140, 49096232|3194, 49096232|3241, 49096284|3305, 49096694|3387, 49100163|3439, 49100215|3492, 49100335|3559, 49101530|3641, 49101530|4009, com.cnn.mobile.android.phone, 
49113303|1, 49113303|265, 49113367|374, 49113367|2407, 49113431|2461, 49113431|2523, 49113483|2586, 49113483|4013, com.facebook.katana, 
49113535|1, 49113535|4022, com.github.shadowsocks, 
49113587|1, 49113587|1350, 49113647|1400, 49113647|1981, 49114029|2061, 49115097|2139, 49115377|2213, 49115377|2350, 49115600|2436, 49116120|2514, 49116629|2567, 49116771|2613, 49116771|2827, 49117124|2887, 49120597|2953, 49123556|3017, 49123660|3062, 49123660|3121, 49125412|3184, 49126504|3258, 49126504|3745, 49126564|3801, 49126564|3911, 49126624|3987, 49126624|4048, com.csst.ecdict, 
49130811|1, 49130811|4011, com.github.shadowsocks, 
49130983|1, 49130983|2665, 49131043|2731, 49131043|3036, 49131330|3111, 49131330|3762, 49131721|3797, 49131899|3859, 49131899|4006, com.tripadvisor.tripadvisor, 
49135722|1, 49135722|174, 49135782|237, 49135782|359, 49135842|404, 49135842|4019, at.DiTronic.androidgroup.randomgallery, 
49138520|1, 49138520|1884, 49138902|1989, 49139958|2063, 49140186|2121, 49140186|2275, 49140409|2319, 49140585|2390, 49141243|2446, 49141490|2499, 49141490|2538, 49141684|2593, 49141684|2733, 49142390|2801, 49148469|2864, 49148469|2916, 49148573|2969, 49148573|3052, 49151589|3121, 49151589|4017, com.csst.ecdict, 
49151901|1, 49151901|1193, 49152281|1278, 49152803|1331, 49153043|1396, 49154199|1495, 49155149|1588, 49155149|1655, 49155279|1724, 49157071|1803, 49158594|1900, 49160860|1990, 49161661|2098, 49162890|2186, 49164386|2263, 49165396|2403, 49165897|2547, 49165937|2648, 49165937|2733, 49166257|2816, 49166377|2896, 49166377|2953, 49167046|3026, 49167124|3099, 49167164|3154, 49167164|3405, 49167286|3459, 49167286|3517, 49167437|3561, 49167437|4040, com.antutu.ABenchMark, 
49182696|1, 49182696|1392, 49182882|1507, 49182882|1834, 49183058|1940, 49183289|1988, 49183289|2168, 49183727|2274, 49183727|2514, 49183808|2582, 49185159|2660, 49185159|3018, 49185211|3070, 49185211|3155, 49185515|3213, 49185575|3273, 49185575|3306, 49186421|3359, 49186421|3419, 49186837|3484, 49186837|3775, 49187119|3834, 49187119|3895, 49187171|3972, 49187171|4024, com.paypal.android.p2pmobile, 
49201964|1, 49201964|391, 49202024|475, 49202024|1445, 49202084|1533, 49202084|1935, 49202487|2030, 49202487|2099, 49202769|2142, 49203051|2241, 49203839|2328, 49204017|2421, 49204359|2522, 49204475|2610, 49205744|2681, 49205744|3186, 49207602|3246, 49207654|3315, 49209847|3360, 49210037|3401, 49210037|3458, 49211327|3513, 49211327|3618, 49211535|3689, 49211599|3759, 49211599|3854, 49211871|3935, 49213362|4027, com.paypal.android.p2pmobile, 
49218925|1, 49218925|1819, 49219055|1951, 49219179|2076, 49219179|3782, 49219239|3861, 49219239|4110, com.whatsapp, 
49219239|1, 49219239|3315, 49219299|3418, 49219299|3746, 49219586|3941, 49219586|4134, com.tripadvisor.tripadvisor, 
49222694|1, 49222694|279, 49222754|364, 49222754|451, 49222814|560, 49222814|1264, 49222874|1359, 49222874|1459, 49222934|1565, 49222934|2028, 49223062|2289, 49223062|2437, 49223198|2581, 49223534|2762, 49224551|2978, 49225074|3133, 49229148|3304, 49230287|3459, 49230339|3562, 49230607|3713, 49230659|3864, 49230781|4031, com.booking, 
49251429|1, 49251429|2972, 49251489|3071, 49251489|3227, 49251549|3344, 49251549|4096, at.DiTronic.androidgroup.randomgallery, 
49253145|1, 49253145|4023, com.facebook.katana, 
49253265|1, 49253265|2744, 49253325|2863, 49253325|3054, 49253612|3162, 49253612|3753, 49253847|3826, 49253847|4016, com.tripadvisor.tripadvisor, 
49258158|1, 49258158|1169, 49258276|1241, 49258276|1342, 49258568|1404, 49258676|1481, 49259802|1563, 49260508|1620, 49261250|1704, 49263544|1859, 49263714|1946, 49263998|2005, 49266377|2158, 49267336|2247, 49267544|2296, 49269191|2366, 49269733|2450, 49270881|2513, 49272188|2566, 49272584|2669, 49272584|2755, 49274287|2856, 49274287|2896, 49274339|2956, 49274403|3019, 49274403|3072, 49275028|3120, 49276226|3184, 49276342|3242, 49276728|3302, 49277029|3344, 49277319|3393, 49277936|3455, 49279103|3519, 49279633|3580, 49279633|3621, 49279940|3689, 49281134|3764, 49281394|3817, 49281394|3859, 49281616|3913, 49281668|3989, 49281772|4094, com.cnn.mobile.android.phone, 
49295182|1, 49295182|1627, 49295234|1748, 49295234|2094, 49295298|2161, 49295298|3521, 49295358|3576, 49295358|3714, 49295418|3757, 49295418|4048, at.DiTronic.androidgroup.randomgallery, 
49303203|1, 49303203|1317, 49303339|1376, 49303339|1866, 49303775|1942, 49305257|2027, 49306145|2160, 49307872|2288, 49312162|2413, 49313569|2482, 49313727|2594, 49313980|2654, 49316236|2712, 49318076|2779, 49321387|2963, 49323085|3069, 49325580|3157, 49325696|3213, 49327637|3258, 49327729|3298, 49327729|3347, 49327960|3415, 49328080|3486, 49328207|3530, 49328702|3582, 49329276|3645, 49329276|3822, 49329882|3891, 49330002|3947, 49330002|4027, com.booking, 
49331310|1, 49331310|1323, 49332064|1430, 49332663|1529, 49332663|1612, 49333238|1714, 49337257|1822, 49337529|1916, 49338668|1976, 49338720|2082, 49339219|2244, 49339617|2355, 49340215|2462, 49341285|2588, 49341285|2693, 49343478|2766, 49344622|2885, 49345864|2959, 49347636|3061, 49351142|3174, 49351310|3225, 49351310|3263, 49352581|3323, 49352880|3398, 49353450|3471, 49353794|3519, 49353931|3560, 49353931|3613, 49355823|3674, 49355863|3717, 49355863|3863, 49356106|3924, 49356745|4009, com.booking, 
49357949|1, 49357949|1768, 49358770|1869, 49359545|1941, 49359773|1990, 49359773|2209, 49360024|2261, 49360385|2320, 49360561|2392, 49361167|2457, 49361167|2659, 49361873|2732, 49361977|2773, 49361977|2883, 49368040|2955, 49368144|2994, 49368144|3083, 49371632|3162, 49371632|4030, com.csst.ecdict, 
49372113|1, 49372113|1453, 49372361|1624, 49373416|1711, 49374217|1766, 49374404|1830, 49374404|1894, 49374547|1956, 49374607|2017, 49374607|2219, 49374667|2256, 49374667|2608, 49374905|2719, 49375091|2780, 49375712|2825, 49375920|2902, 49376036|2967, 49376096|3017, 49376096|3064, 49376148|3138, 49376208|3199, 49376268|3249, 49376268|3346, 49376566|3442, 49376566|3538, 49378084|3593, 49380226|3675, 49380359|3761, 49381942|3823, 49383931|3865, 49384064|3945, 49384064|4018, com.android.chrome, 
49384848|1, 49384848|1634, 49384908|1716, 49384908|1986, 49385252|2097, 49385252|2258, 49386000|2363, 49386238|2459, 49386238|3037, 49387624|3116, 49387624|3311, 49387736|3420, 49387736|4054, com.dropbox.android, 
49388016|1, 49388016|4005, com.github.shadowsocks, 
49388016|1, 49388016|1224, 49388136|1286, 49388136|1380, 49388417|1446, 49389935|1556, 49390467|1652, 49391718|1744, 49393081|1846, 49393185|1932, 49394716|2066, 49395220|2180, 49397128|2314, 49397470|2375, 49397752|2428, 49398328|2505, 49398774|2583, 49398952|2642, 49400896|2702, 49402307|2786, 49402359|2862, 49402359|2905, 49404686|3000, 49404916|3066, 49404916|3178, 49406258|3234, 49407944|3299, 49407944|3379, 49408100|3469, 49410455|3542, 49410455|3649, 49410682|3713, 49412166|3783, 49412166|3893, 49412338|3976, 49412724|4049, com.cnn.mobile.android.phone, 
49425999|1, 49425999|266, 49426047|426, 49426047|1537, 49426107|1696, 49426107|1845, 49426390|1956, 49426390|2106, 49427062|2240, 49427344|2392, 49428612|2500, 49428672|2616, 49429006|2713, 49429266|2852, 49429370|2966, 49429584|3061, 49429584|3139, 49429644|3216, 49429644|3300, 49429926|3386, 49430134|3453, 49430134|3677, 49432130|3740, 49432130|3832, 49434295|3899, 49436996|4329, com.paypal.android.p2pmobile, 
49443076|1, 49443076|4017, com.google.android.deskclock, 
49443128|1, 49443128|1749, 49443192|1878, 49443506|2008, 49444823|2164, 49445551|2288, 49445603|2338, 49445663|2407, 49446022|2485, 49446022|2582, 49446082|2644, 49446142|2711, 49446142|3047, 49446380|3134, 49446566|3189, 49447187|3263, 49447395|3345, 49447571|3406, 49447631|3453, 49447683|3522, 49447683|3585, 49447743|3655, 49447917|3706, 49448229|3808, 49448229|4026, com.android.chrome, 
49458707|1, 49458707|1192, 49458817|1268, 49458817|1350, 49458927|1432, 49459099|1524, 49460771|1652, 49461664|1774, 49463015|1831, 49463079|1924, 49463183|2006, 49463631|2081, 49464087|2141, 49508221|2286, 49523358|2406, 49523358|2975, 49523850|3398, 49523910|3656, 49523970|3935, 49524026|4334, com.Slack, 
49524975|1, 49524975|646, 49525034|681, 49525034|1576, 49525151|1703, 49525151|2144, 49525554|2265, 49525836|2324, 49525836|2388, 49526324|2495, 49526663|2642, 49527049|2736, 49527049|2825, 49528371|2914, 49528423|2981, 49528423|3162, 49528590|3236, 49528590|3277, 49528872|3323, 49528872|3387, 49529080|3446, 49531076|3501, 49531076|3537, 49533189|3594, 49534447|3667, 49534502|3740, 49535789|3946, 49537289|4014, com.paypal.android.p2pmobile, 
49545393|1, 49545393|4012, com.google.android.deskclock, 
49545453|1, 49545453|212, 49545513|260, 49545513|4040, com.google.android.apps.photos, 
49545513|1, 49545513|1583, 49545637|1663, 49545637|3862, 49545835|3911, 49545835|4021, com.skype.raider, 
49546007|1, 49546007|4031, com.google.android.apps.photos, 
49548109|1, 49548109|1227, 49548161|1346, 49548281|1406, 49548555|1519, 49548889|1602, 49549488|1695, 49549548|1745, 49551162|1875, 49551214|1955, 49551214|2039, 49551318|2107, 49551318|2381, 49551378|2432, 49551430|2468, 49551999|2516, 49552544|2583, 49552644|2655, 49552644|2706, 49552748|2777, 49552748|3830, 49552876|3868, 49552940|4010, com.Slack, 
49553388|1, 49553388|139, 49553440|170, 49553504|248, 49553504|1427, 49553569|1501, 49553569|1551, 49553634|1603, 49553696|1668, 49553696|2667, 49553748|2735, 49553748|4016, com.whatsapp, 
49553864|1, 49553916|69, 49553916|1084, 49554101|1162, 49554863|1244, 49555091|1306, 49556109|1419, 49556489|1506, 49558385|1611, 49559631|1710, 49561547|1780, 49562649|1855, 49563976|1979, 49565513|2096, 49566252|2178, 49566332|2259, 49566332|2488, 49566652|2571, 49566772|2649, 49566772|2770, 49567440|2847, 49567658|2927, 49567658|3134, 49568159|3219, 49568700|3295, 49568740|3360, 49568740|3407, 49568862|3449, 49568973|3512, 49569013|3570, 49571285|4295, com.antutu.ABenchMark, 
49582709|1, 49582709|1142, 49582781|1230, 49582839|1315, 49582957|1421, 49584117|1557, 49584681|1647, 49584974|1692, 49587146|1813, 49587633|1966, 49588323|2058, 49588932|2164, 49589962|2255, 49590704|2359, 49591342|2436, 49592662|2531, 49592662|2618, 49593717|2678, 49593769|2721, 49593769|2829, 49594299|2894, 49594299|2940, 49594351|2986, 49594478|3040, 49594582|3101, 49594842|3149, 49594842|3231, 49594966|3292, 49595134|3352, 49595416|3418, 49595416|3460, 49596416|3518, 49596572|3574, 49596750|3638, 49596750|4052, com.cnn.mobile.android.phone, 
49613650|1, 49613650|990, 49613770|1103, 49613770|1173, 49613830|1252, 49614324|1321, 49617501|1453, 49658681|1569, 49676080|1625, 49676132|1682, 49676132|1746, 49676184|1812, 49676236|1863, 49676236|1967, 49676356|2029, 49676356|2410, 49676408|2514, 49676528|4054, com.Slack, 
49676700|1, 49676700|467, 49676760|504, 49676760|2740, 49676825|2813, 49676825|3351, 49676885|3436, 49676885|3550, 49676945|3619, 49677070|4050, com.tripadvisor.tripadvisor, 
49680695|1, 49680695|4030, com.github.shadowsocks, 
49680815|1, 49680815|1523, 49680877|1625, 49680877|4007, com.whatsapp, 
49681049|1, 49681049|4026, com.github.shadowsocks, 
49681049|1, 49681049|4044, at.DiTronic.androidgroup.randomgallery, 
49685332|1, 49685332|4037, com.whatsapp, 
49686133|1, 49686133|1153, 49686253|1232, 49686253|1358, 49686313|1464, 49686425|1558, 49687151|1637, 49701344|1703, 49734004|1791, 49749075|1853, 49749127|1909, 49749127|2009, 49749179|2065, 49749231|2132, 49749231|2170, 49749351|2214, 49749351|4020, com.Slack, 
49749591|1, 49749591|1831, 49749713|1899, 49749713|2176, 49749773|2218, 49749773|2395, 49749896|2451, 49749896|2567, 49749959|2646, 49749959|3129, 49750019|3210, 49750019|3416, 49750079|3479, 49750079|4014, com.sometimeswefly.littlealchemy, 
49751753|1, 49751753|1324, 49752001|1433, 49753056|1563, 49753212|1607, 49753940|1676, 49753940|1766, 49754135|1801, 49754195|1890, 49754195|2063, 49754255|2109, 49754255|2491, 49754493|2545, 49755300|2627, 49755300|2684, 49755456|2733, 49755572|2774, 49755572|2823, 49755632|2884, 49755684|2937, 49755744|2974, 49755744|3075, 49755804|3125, 49755804|3166, 49756102|3235, 49756102|3379, 49756242|3433, 49757620|3488, 49759762|3555, 49761478|3615, 49763467|3696, 49763467|3740, 49763600|3790, 49763600|3955, 49763660|3992, 49763660|4028, com.android.chrome, 
49764540|1, 49764540|1372, 49764605|1454, 49764605|4014, com.whatsapp, 
49764605|1, 49764605|1444, 49764668|1542, 49764791|1605, 49764791|2015, 49764967|2084, 49765442|2154, 49765442|2201, 49766006|2268, 49766006|2339, 49766066|2427, 49766794|2496, 49766972|2579, 49766972|2657, 49767053|2736, 49767053|3248, 49768859|3281, 49770208|3342, 49770208|3390, 49772357|3452, 49772357|3487, 49772978|3530, 49773030|3583, 49773030|3628, 49773185|3680, 49774793|3720, 49774793|3756, 49776535|3821, 49776587|3872, 49776691|3929, 49776743|4019, com.paypal.android.p2pmobile, 
49783502|1, 49783502|2174, 49783562|2214, 49783562|2403, 49783622|2451, 49783622|3171, 49783682|3252, 49783682|3394, 49783742|3450, 49783742|4019, com.sometimeswefly.littlealchemy, 
49785356|1, 49785356|1693, 49785480|1770, 49785480|4013, com.skype.raider, 
49785798|1, 49785798|4026, com.skype.raider, 
49786252|1, 49786252|1840, 49786314|1913, 49786314|4032, com.whatsapp, 
49786314|1, 49786314|1268, 49786378|1359, 49786378|1801, 49786502|1896, 49786502|2072, 49786563|2166, 49786624|2361, 49786624|2442, 49786684|2551, 49786684|2660, 49786964|2745, 49786964|3376, 49787120|3427, 49787298|3494, 49787362|3568, 49787362|3692, 49787653|3742, 49787705|3808, 49787705|4010, com.ted.android, 
49789924|1, 49789924|1369, 49790054|1427, 49790054|4039, com.whatsapp, 
49790054|1, 49790054|4028, com.google.android.apps.photos, 
49790054|1, 49790054|1153, 49790434|1238, 49791800|1379, 49793222|1461, 49793222|1520, 49793506|1599, 49794202|1694, 49794728|1761, 49795908|1833, 49797018|2000, 49798446|2105, 49799957|2227, 49799957|2305, 49801152|2393, 49801931|2481, 49801971|2556, 49802391|2648, 49803664|2791, 49803704|2922, 49803764|2973, 49804144|3075, 49804144|3148, 49804310|3219, 49804931|3285, 49804971|3366, 49804971|3612, 49805093|3677, 49805093|3760, 49805204|3808, 49805275|3849, 49805315|3915, 49805941|4088, com.antutu.ABenchMark, 
49817989|1, 49817989|2668, 49818049|2739, 49818049|3440, 49818336|3541, 49818336|4020, com.tripadvisor.tripadvisor, 
49821314|1, 49821314|4003, com.facebook.katana, 
49821314|1, 49821314|4024, com.facebook.katana, 
49821314|1, 49821314|1042, 49821562|1120, 49821843|1179, 49822093|1257, 49823329|1323, 49823779|1401, 49824144|1499, 49825147|1621, 49825987|1763, 49826143|1845, 49827224|1942, 49827673|2063, 49828075|2152, 49829689|2222, 49831053|2298, 49832373|2405, 49833948|2485, 49834800|2550, 49836811|2642, 49836811|2757, 49837227|2810, 49837583|2873, 49837635|2932, 49837635|3010, 49838834|3073, 49838834|3193, 49839094|3238, 49839094|3281, 49840094|3338, 49840154|3406, 49841458|3489, 49841458|3540, 49841510|3600, 49841614|3666, 49842757|3732, 49842757|4064, com.cnn.mobile.android.phone, 
49863246|1, 49863246|81, 49863310|201, 49863310|1425, 49863372|1522, 49863372|1833, 49863420|1876, 49863420|3648, 49863480|3716, 49863540|3784, 49863540|4049, com.skype.raider, 
49863840|1, 49863840|1989, 49864661|2116, 49865372|2182, 49865600|2246, 49865600|2558, 49866246|2628, 49866904|2699, 49866904|2925, 49867076|2992, 49867922|3061, 49873689|3105, 49873793|3143, 49873793|3260, 49876833|3345, 49876833|4052, com.csst.ecdict, 
49877145|1, 49877145|2084, 49877820|2165, 49878811|2247, 49878811|2595, 49879062|2652, 49879423|2706, 49879853|2781, 49880115|2849, 49880115|3111, 49880821|3170, 49886900|3232, 49886900|3297, 49887004|3355, 49888928|3424, 49889968|3492, 49889968|4011, com.csst.ecdict, 
49890280|1, 49890280|4068, com.google.android.deskclock, 
49890280|1, 49890280|1975, 49890340|2081, 49890340|2245, 49890620|2331, 49890620|2464, 49890776|2532, 49890954|2631, 49890954|3575, 49891309|3633, 49891309|4194, com.ted.android, 
49893337|1, 49893337|1644, 49893398|1697, 49893398|1973, 49893458|2017, 49893458|2207, 49893518|2249, 49893518|2960, 49893578|3047, 49893578|3242, 49893638|3307, 49893638|4073, com.sometimeswefly.littlealchemy, 
49895240|1, 49895240|2160, 49895300|2227, 49895300|2386, 49895360|2439, 49895360|3144, 49895420|3225, 49895420|3426, 49895480|3491, 49895480|4020, com.sometimeswefly.littlealchemy, 
49895660|1, 49895660|1191, 49896000|1281, 49896548|1374, 49896860|1444, 49897407|1511, 49898157|1575, 49898865|1681, 49913446|1794, 49963585|1947, 49996639|2090, 50019568|2205, 50019568|2327, 50021020|2560, 50021150|3064, 50021280|3300, 50021340|3541, 50021400|3911, 50021400|4060, com.Slack, 
50022135|1, 50022135|1398, 50022249|1467, 50022249|3038, 50022302|3104, 50022355|3154, 50022355|4017, com.google.android.deskclock, 
50022592|1, 50022592|4149, com.facebook.katana, 
50022592|1, 50022652|138, 50022652|261, 50022712|326, 50022712|1508, 50022898|1621, 50022898|1863, 50023020|1951, 50023020|2065, 50023144|2128, 50023208|2231, 50023208|2575, 50023268|2636, 50023268|2963, 50023551|3034, 50023551|3083, 50023611|3197, 50024101|3315, 50025486|4032, com.dropbox.android, 
50025854|1, 50025854|4001, com.google.android.deskclock, 
50025854|1, 50025854|1614, 50025978|1691, 50025978|3648, 50026176|3707, 50026176|4008, com.skype.raider, 
50027903|1, 50027903|1779, 50028024|1851, 50028024|2091, 50028084|2151, 50028084|2335, 50028207|2397, 50028207|2556, 50028270|2629, 50028270|3118, 50028330|3207, 50028330|3335, 50028390|3388, 50028390|3729, 50028450|3787, 50028450|4039, com.sometimeswefly.littlealchemy, 
50030160|1, 50030160|266, 50030220|318, 50030220|3672, 50030280|3738, 50030280|4039, com.skype.raider, 
50030400|1, 50030400|1058, 50030530|1123, 50031172|1196, 50031474|1275, 50033682|1400, 50033682|1482, 50033812|1557, 50034714|1617, 50036718|1727, 50038903|1816, 50040184|1922, 50040764|2006, 50042012|2115, 50043000|2189, 50043240|2273, 50043240|2491, 50043560|2625, 50043680|2715, 50044350|2801, 50044520|2897, 50044620|2972, 50044620|3392, 50044742|3468, 50044853|3530, 50044893|3582, 50044893|4020, com.antutu.ABenchMark, 
50060750|1, 50060750|980, 50060870|1315, 50063738|1629, 50065220|1750, 50066040|1837, 50067957|1939, 50070166|2125, 50070166|2222, 50070667|2292, 50072283|2420, 50072561|2554, 50072561|2784, 50072621|2859, 50073502|3008, 50073542|3099, 50073887|3166, 50074289|3225, 50074329|3312, 50074480|4035, com.antutu.ABenchMark, 
50088490|1, 50088490|2420, 50089229|2593, 50090220|2768, 50090220|2842, 50090619|2951, 50090963|3057, 50091225|3149, 50091472|3208, 50091614|3279, 50091614|3364, 50092320|3462, 50098416|3535, 50098416|3590, 50098520|3669, 50099040|3755, 50102056|3865, 50102056|4064, com.csst.ecdict, 
50102368|1, 50102428|87, 50102428|1858, 50102488|1944, 50102488|2275, 50102548|2434, 50102548|2515, 50102600|2616, 50102831|2731, 50102953|2851, 50103443|2971, 50103503|3047, 50103503|3158, 50104968|3290, 50104968|3413, 50105080|3511, 50105140|3656, 50105140|4010, com.dropbox.android, 
50105752|1, 50105752|3070, 50107202|3234, 50107482|3368, 50107482|3691, 50107881|3783, 50108786|4006, com.csst.ecdict, 
50120363|1, 50120363|1646, 50120427|1724, 50120427|2315, 50120551|2463, 50120612|2686, 50120612|2821, 50120672|2912, 50120672|3759, 50120952|3869, 50120952|4091, com.ted.android, 
50125930|1, 50125930|4019, com.google.android.apps.photos, 
50126146|1, 50126146|1477, 50126210|1568, 50126210|1825, 50126346|1905, 50126346|2001, 50126526|2082, 50127387|2152, 50127811|2239, 50128959|2350, 50130364|2465, 50131443|2544, 50131443|2602, 50131769|2709, 50134034|2887, 50134276|3015, 50135225|3186, 50136310|3323, 50136350|3452, 50136487|3574, 50138632|3661, 50140296|3779, 50143746|3925, 50151467|4263, com.booking, 
50156151|1, 50156151|2037, 50157036|2191, 50157975|2239, 50157975|2549, 50158226|2603, 50158587|2680, 50159017|2753, 50159331|2830, 50159331|2988, 50160037|3083, 50166116|3162, 50166168|3209, 50166220|3248, 50169244|3318, 50169925|3402, 50169925|4082, com.csst.ecdict, 
50173453|1, 50173453|574, 50173513|636, 50173513|1318, 50174181|1419, 50174337|1473, 50175040|1555, 50175693|1636, 50176529|1759, 50178193|1841, 50192530|1898, 50220930|1967, 50242497|2049, 50242497|2155, 50242549|2229, 50242601|2297, 50242601|4042, com.Slack, 
50242921|1, 50242921|431, 50242973|467, 50242973|1308, 50243025|1401, 50243025|3208, 50243077|3259, 50243077|4005, at.DiTronic.androidgroup.randomgallery, 
50247617|1, 50247617|1590, 50247677|1733, 50247677|2853, 50247729|2893, 50247729|4015, com.google.android.deskclock, 
50247729|1, 50247729|1297, 50247849|1381, 50247909|1445, 50248770|1517, 50249082|1591, 50249356|1690, 50249657|1757, 50253519|1810, 50253948|1920, 50255153|2012, 50255213|2071, 50255317|2166, 50255660|2288, 50255772|2391, 50255772|2469, 50256420|2557, 50256706|2732, 50265389|3069, 50266170|3135, 50266986|3205, 50269496|3257, 50270558|3293, 50271730|3349, 50272777|3398, 50273180|3460, 50273336|3513, 50273525|3553, 50273704|3615, 50275086|3673, 50275317|3727, 50275737|3879, 50276376|4000, 50276376|4049, com.booking, 
50278386|1, 50278386|291, 50278446|349, 50278446|528, 50278506|581, 50278506|1404, 50278686|1496, 50279547|1589, 50279859|1677, 50279859|1768, 50280486|1858, 50284505|1955, 50284725|2033, 50285804|2081, 50285968|2202, 50286124|2314, 50286579|2416, 50286925|2503, 50287986|2647, 50288707|2766, 50289074|2826, 50295033|3182, 50296739|3266, 50299878|3354, 50300681|3417, 50301692|3462, 50302622|3504, 50303857|3565, 50304036|3631, 50304168|3701, 50304168|3775, 50304295|3837, 50304467|3916, 50304467|4218, com.booking, 
50306665|1, 50306665|1568, 50306727|1633, 50306727|2883, 50306787|2921, 50306787|3094, 50306847|3148, 50306847|3815, 50307045|3887, 50307045|4014, com.skype.raider, 
50307693|1, 50307693|1234, 50307745|1277, 50307745|3695, 50307785|3756, 50307785|3904, 50307825|3959, 50307825|4001, com.google.android.apps.photos, 
50307945|1, 50307945|1190, 50308717|1306, 50309851|1412, 50311187|1517, 50311187|1577, 50311407|1671, 50313821|1788, 50315836|1881, 50317578|2012, 50318038|2095, 50319615|2253, 50320434|2384, 50320434|2466, 50320874|2590, 50320874|2809, 50322584|2953, 50322742|3073, 50322742|3732, 50322803|3796, 50322864|3863, 50322975|3917, 50323015|3990, 50323015|4076, com.antutu.ABenchMark, 
50337127|1, 50337127|4019, com.google.android.apps.photos, 
50337127|1, 50337127|2657, 50337802|2845, 50338805|2978, 50338805|3439, 50339056|3524, 50339417|3603, 50339937|3697, 50340251|3814, 50340251|4039, com.csst.ecdict, 
50350662|1, 50350662|4007, at.DiTronic.androidgroup.randomgallery, 
50354872|1, 50354872|1554, 50354932|1644, 50354932|1922, 50355215|2020, 50355215|2078, 50355495|2174, 50355687|2282, 50355687|3114, 50355747|3182, 50355811|3265, 50355811|4066, com.dropbox.android, 
50358783|1, 50358783|2110, 50358844|2193, 50358905|2261, 50358905|2472, 50358965|2550, 50358965|2666, 50359025|2750, 50359025|3488, 50359085|3610, 50359085|3716, 50359145|3765, 50359145|4031, com.sometimeswefly.littlealchemy, 
50360758|1, 50360758|1143, 50360946|1227, 50361006|1306, 50361006|1410, 50362628|1516, 50363425|1662, 50363952|1812, 50364531|1886, 50365255|1980, 50366270|2082, 50367554|2261, 50368986|2353, 50368986|2395, 50370454|2492, 50374127|2624, 50375031|2735, 50376668|2811, 50376728|2865, 50376832|2968, 50378116|3035, 50378463|3101, 50378463|3195, 50378577|3263, 50379954|3349, 50380132|3424, 50380414|3472, 50381406|3530, 50381826|3598, 50381826|3673, 50381886|3742, 50381886|3799, 50382065|3852, 50383252|3933, 50383568|4014, com.cnn.mobile.android.phone, 
50402448|1, 50402448|452, 50403483|544, 50403483|660, 50406160|767, 50406160|857, 50406355|1040, 50406355|1430, 50406479|1495, 50406479|3449, 50406527|3499, 50406527|3865, 50406725|3921, 50406725|4051, com.skype.raider, 
50407565|1, 50407565|559, 50407625|610, 50407625|729, 50407685|788, 50407685|1069, 50407805|1189, 50407805|1301, 50409174|1396, 50409294|1506, 50409573|1597, 50409856|1679, 50410140|1769, 50410568|1896, 50411302|2038, 50411486|2120, 50413034|2235, 50414017|2310, 50414017|2376, 50414400|2443, 50415528|2555, 50415895|2641, 50418338|2739, 50418851|2798, 50419364|2862, 50419676|2938, 50421885|3011, 50421885|3079, 50421937|3123, 50423962|3199, 50423962|3356, 50426054|3435, 50426106|3490, 50426106|4051, com.cnn.mobile.android.phone, 
50438939|1, 50438939|748, 50438999|836, 50438999|980, 50439059|1047, 50439059|1755, 50439111|1813, 50439111|4048, at.DiTronic.androidgroup.randomgallery, 
50447453|1, 50447453|3897, 50447513|3971, 50447513|4015, com.skype.raider, 
50448079|1, 50448079|4053, at.DiTronic.androidgroup.randomgallery, 
50457096|1, 50457096|4043, at.DiTronic.androidgroup.randomgallery, 
50465306|1, 50465306|1251, 50465426|1323, 50466188|1410, 50466250|1465, 50467354|1552, 50467934|1667, 50469294|1767, 50470700|1833, 50471716|1899, 50473526|1983, 50474806|2132, 50475471|2242, 50476734|2328, 50478014|2488, 50479231|2629, 50479311|2721, 50479371|2786, 50479811|2899, 50480479|3003, 50480617|3091, 50480657|3149, 50480657|3651, 50480718|3714, 50480869|3802, 50480869|4017, com.antutu.ABenchMark, 
50494116|1, 50494116|1697, 50494252|1784, 50494252|2428, 50496170|2589, 50497165|2790, 50502211|2957, 50504041|3126, 50507153|3306, 50508611|3450, 50508611|3527, 50509112|3653, 50511258|3801, 50512207|3959, 50513940|4084, com.booking, 
50531329|1, 50531329|2215, 50531392|2348, 50531392|2424, 50531455|2502, 50531455|2597, 50531515|2700, 50531637|2873, 50531980|2961, 50532108|3062, 50532598|3216, 50532598|3369, 50533804|3471, 50533804|3679, 50533856|3780, 50533856|3854, 50533916|3925, 50533916|4060, com.dropbox.android, 
50534160|1, 50534160|2076, 50534220|2200, 50534220|2413, 50534503|2503, 50534503|2633, 50534795|2761, 50534795|2893, 50534859|2998, 50534911|3213, 50535089|3384, 50536297|3473, 50536297|3563, 50536357|3706, 50536409|3826, 50536409|4064, com.dropbox.android, 
50536601|1, 50536601|2396, 50536725|2584, 50536786|2817, 50536846|3031, 50536846|3250, 50537126|3429, 50537126|4063, com.ted.android, 
50540633|1, 50540633|2343, 50540693|2496, 50540693|2703, 50541036|2818, 50541036|2961, 50541534|3103, 50541594|3231, 50542803|3328, 50542803|3464, 50542855|3635, 50542855|4065, com.dropbox.android, 
50543227|1, 50543227|2075, 50543287|2241, 50543287|2445, 50543570|2532, 50543570|2637, 50543758|2765, 50543886|2952, 50543886|3088, 50544180|3242, 50544180|3433, 50545389|3560, 50545389|3680, 50545501|3785, 50545501|4067, com.dropbox.android, 
50545753|1, 50545753|2168, 50545813|2333, 50545873|2449, 50546213|2667, 50546369|2847, 50546547|3050, 50546547|3598, 50546838|3676, 50546954|3780, 50546954|3859, 50547096|3915, 50547096|4233, com.ted.android, 
50548978|1, 50548978|1827, 50549114|1952, 50549294|2124, 50550467|2249, 50550579|2374, 50554016|2489, 50556412|2605, 50556412|2701, 50556524|2840, 50557015|3049, 50557127|3232, 50557419|3345, 50557870|3477, 50558506|3687, 50559455|3814, 50561819|3902, 50562524|3980, 50566630|4140, com.booking, 
50581995|1, 50581995|515, 50582055|614, 50582055|2322, 50582115|2509, 50582395|2738, 50582395|3449, 50582853|3600, 50582853|4353, com.ted.android, 
50585276|1, 50585276|4117, com.google.android.apps.photos, 
50585276|1, 50585276|2159, 50585339|2243, 50585339|2364, 50585819|2448, 50585819|4047, com.instagram.android, 
50585882|1, 50585882|1917, 50586182|2036, 50586362|2171, 50586362|4014, com.instagram.android, 
50586362|1, 50586362|1866, 50586662|1972, 50586722|2041, 50586842|2113, 50586842|4053, com.instagram.android, 
50586842|1, 50586842|1878, 50587142|2023, 50587322|2105, 50587322|2762, 50587399|2819, 50587439|2892, 50587439|4010, com.instagram.android, 
50587491|1, 50587491|1876, 50587971|1974, 50587971|4005, com.instagram.android, 
50588331|1, 50588391|85, 50588391|216, 50588451|265, 50588451|2010, 50588751|2152, 50588931|2223, 50588931|4020, com.instagram.android, 
