2|1, 2|1410, 3|1505, 4|1563, 4|1765, 3|1817, 3|1866, 2|1909, 2|3531, 3|3577, 3|3804, 2|3861, 2|4005, com.skype.raider, 
2|1, 2|1757, 3|1825, 4|1893, 4|2229, 5|2289, 6|2355, 6|2417, 7|2477, 7|2544, 8|2610, 8|2668, 9|2724, 8|2797, 8|2872, 9|2929, 7|2995, 8|3048, 8|3180, 10|3249, 10|3483, 7|3757, 7|3880, 5|3966, 5|4021, com.ebay.mobile, 
2|1, 2|4042, com.github.shadowsocks, 
2|1, 2|4001, com.google.android.deskclock, 
2|1, 2|1148, 3|1211, 3|1687, 4|1761, 4|1818, 6|1919, 7|1989, 7|2254, 4|2323, 4|3075, 5|3181, 5|4003, com.ted.android, 
2|1, 2|1530, 3|1577, 3|2089, 5|2153, 5|2334, 6|2391, 7|2489, 7|2544, 5|2651, 8|2718, 8|3222, 10|3266, 10|3316, 11|3350, 11|3440, 12|3495, 12|3527, 13|3577, 13|3667, 12|3717, 9|3761, 9|3927, 7|3985, 7|4028, com.paypal.android.p2pmobile, 
2|1, 2|4042, com.facebook.katana, 
2|1, 2|2696, 3|2742, 4|3092, 4|4009, com.facebook.katana, 
3|1, 3|1348, 4|1428, 4|1925, 6|2018, 6|2179, 9|2277, 9|2491, 10|2565, 10|2664, 11|2728, 10|2766, 10|2818, 9|2869, 6|2928, 7|3016, 7|3072, 8|3129, 9|3177, 9|3425, 7|3478, 8|3532, 9|3567, 10|3622, 10|3705, 6|3761, 6|3797, 9|3861, 8|3921, 8|4017, com.paypal.android.p2pmobile, 
3|1, 3|1087, 5|1152, 5|1256, 4|1345, 5|1432, 4|1489, 18|1656, 21|1775, 20|1871, 21|1942, 8|2065, 8|2119, 4|2199, 4|2386, 5|2448, 5|2522, 6|2604, 6|2655, 5|2753, 4|2829, 4|2899, 3|2950, 3|3064, 4|3116, 8|3178, 3|3219, 3|3681, 4|3784, 8|4057, com.antutu.ABenchMark, 
3|1, 3|1287, 4|1421, 3|1494, 3|1730, 5|1811, 5|1917, 6|1983, 8|2046, 8|2274, 6|2311, 6|2405, 3|2439, 3|2852, 4|2952, 4|3685, 3|3722, 3|4043, com.tripadvisor.tripadvisor, 
3|1, 3|862, 2|941, 2|1937, 3|1984, 3|4049, at.DiTronic.androidgroup.randomgallery, 
3|1, 3|696, 2|732, 2|1302, 3|1346, 3|1421, 4|1507, 5|1600, 5|1668, 10|1731, 5|1789, 5|1874, 4|1927, 4|2441, 3|2492, 4|2540, 5|2602, 7|2635, 7|2690, 8|2743, 8|2804, 10|2869, 10|2913, 11|2965, 11|3204, 10|3280, 9|3337, 10|3387, 11|3441, 10|3484, 10|3671, 15|3786, 14|3870, 16|3951, 16|4033, com.cnn.mobile.android.phone, 
3|1, 3|807, 2|889, 2|949, 3|1021, 3|1599, 6|1679, 6|1986, 3|2066, 3|2102, 5|2161, 4|2223, 4|3587, 5|3645, 5|3815, 6|3883, 8|4152, com.ted.android, 
2|1, 2|4007, com.google.android.apps.photos, 
1|1, 1|1100, 2|1162, 2|1843, 6|1912, 7|1995, 9|2079, 11|2256, 11|2350, 15|2476, 14|2540, 9|2641, 9|2720, 13|3063, 15|3148, 18|3204, 18|3353, 16|3399, 16|3468, 13|3500, 13|3551, 8|3603, 8|3647, 10|3806, 9|3876, 10|3938, 9|3976, 9|4027, com.booking, 
2|1, 2|1083, 3|1189, 3|1319, 5|1402, 6|1501, 8|1624, 9|1692, 9|1825, 10|1911, 10|1991, 7|2049, 7|2161, 6|2278, 5|2386, 7|2482, 8|2557, 9|2640, 8|2681, 16|2997, 17|3087, 17|3287, 15|3324, 15|3370, 12|3446, 10|3482, 9|3546, 8|3592, 7|3642, 5|3793, 5|3835, 7|3906, 8|3952, 7|4000, 7|4048, com.booking, 
1|1, 1|4008, com.google.android.apps.photos, 
1|1, 1|413, 2|472, 2|1471, 3|1546, 3|4035, com.whatsapp, 
1|1, 1|1460, 3|1522, 5|1589, 6|1656, 9|1773, 9|1821, 5|1878, 4|1933, 3|1981, 6|2059, 3|2110, 30|2176, 29|2288, 1|2414, 1|3105, 4|3406, 6|3619, 7|3853, 7|4198, com.Slack, 
5|1, 5|1798, 6|1858, 6|2069, 7|2123, 8|2164, 8|2331, 10|2394, 10|2972, 9|3048, 9|4034, com.sometimeswefly.littlealchemy, 
5|1, 5|1348, 7|1480, 7|2418, 5|2496, 7|2573, 9|2628, 11|2684, 11|2725, 10|2773, 11|2825, 11|2867, 12|2929, 13|2975, 13|3013, 12|3062, 12|3098, 13|3138, 14|3207, 14|4015, com.android.chrome, 
1|1, 1|1117, 2|1201, 3|1261, 7|1343, 7|1422, 4|1508, 8|1587, 11|1670, 11|1795, 9|1911, 5|2010, 4|2089, 5|2170, 3|2341, 2|2423, 2|2649, 3|2732, 3|2874, 2|2956, 2|3121, 1|3172, 1|3308, 2|3362, 6|3428, 1|3471, 1|4052, com.antutu.ABenchMark, 
1|1, 1|3048, 2|3096, 2|4009, com.whatsapp, 
2|1, 2|1446, 1|1499, 1|4013, com.github.shadowsocks, 
1|1, 1|4008, com.github.shadowsocks, 
1|1, 1|3809, 2|3858, 2|4033, com.tripadvisor.tripadvisor, 
1|1, 1|1673, 2|1735, 2|1932, 3|1997, 4|2059, 5|2146, 5|2253, 6|2318, 8|2378, 9|2461, 9|2784, 8|2872, 8|3019, 7|3076, 8|3131, 8|3230, 7|3291, 8|3350, 6|3398, 6|3473, 7|3539, 8|3594, 7|3847, 5|3897, 6|4012, com.ebay.mobile, 
1|1, 1|1766, 2|1901, 3|1955, 3|2062, 4|2115, 4|2178, 5|2236, 6|2300, 6|2527, 7|2591, 6|2665, 7|2721, 7|2872, 6|2937, 5|3025, 7|3078, 7|3126, 8|3170, 8|3258, 9|3304, 9|3409, 11|3473, 11|3512, 12|3585, 12|3658, 13|3695, 13|3828, 10|3878, 12|3923, 11|3953, 10|4012, com.ebay.mobile, 
2|1, 2|1186, 3|1248, 5|1294, 7|1372, 4|1473, 4|1627, 3|1688, 2|1721, 2|4042, com.dropbox.android, 
1|1, 1|1916, 2|1973, 2|2123, 3|2171, 3|2211, 4|2262, 4|2459, 5|2498, 5|2866, 6|2939, 6|2972, 7|3027, 7|3287, 8|3355, 8|3487, 6|3544, 6|4021, com.sometimeswefly.littlealchemy, 
3|1, 3|1628, 4|1678, 4|2155, 6|2245, 6|2395, 9|2473, 9|2538, 10|2610, 10|2759, 11|2830, 12|2899, 12|3153, 11|3198, 11|3342, 8|3376, 9|3424, 9|3559, 10|3787, 10|3876, 12|3934, 11|4016, com.paypal.android.p2pmobile, 
3|1, 3|1593, 4|1650, 4|1913, 5|1977, 5|2060, 6|2142, 6|2259, 8|2320, 8|2485, 9|2554, 9|2601, 10|2652, 8|2731, 9|2792, 9|2919, 8|2969, 6|3064, 9|3138, 9|3173, 10|3224, 10|3357, 9|3424, 10|3468, 10|3605, 11|3650, 10|3725, 10|3838, 14|3900, 14|3945, 13|3983, 12|4038, com.ebay.mobile, 
1|1, 1|1665, 2|1727, 2|2117, 4|2200, 4|2306, 5|2380, 5|2449, 6|2496, 6|2872, 4|2947, 5|3003, 5|3224, 7|3305, 7|3353, 8|3386, 8|3569, 12|3650, 12|3774, 11|3821, 11|3913, 12|3957, 12|4013, com.ebay.mobile, 
1|1, 1|1803, 2|1879, 9|2017, 11|2063, 12|2112, 3|2190, 3|3091, 9|3362, 9|4253, com.instagram.android, 
1|1, 1|1220, 3|1264, 3|1358, 5|1435, 5|1482, 6|1535, 7|1611, 7|1670, 8|1753, 7|1848, 30|1888, 29|1989, 1|2103, 1|2704, 2|3075, 4|3272, 5|3517, 5|4100, com.Slack, 
5|1, 5|1291, 7|1375, 7|1490, 9|1575, 10|1625, 10|1796, 11|1848, 10|1880, 10|1930, 11|2010, 11|2090, 12|2140, 11|2179, 11|2289, 9|2339, 9|2536, 10|2604, 10|2683, 11|2743, 12|2819, 12|2996, 13|3052, 13|3273, 14|3339, 15|3394, 15|4011, com.android.chrome, 
1|1, 1|1105, 2|1164, 2|1262, 3|1334, 8|1435, 10|1512, 11|1589, 12|1675, 10|1750, 11|1859, 11|2060, 10|2149, 11|2190, 11|2243, 10|2313, 9|2347, 11|2459, 11|2573, 12|2650, 11|2690, 11|2743, 10|2813, 13|2867, 11|2914, 11|2970, 9|3029, 10|3082, 9|3137, 8|3202, 8|3253, 6|3293, 6|3345, 7|3397, 7|3551, 6|3600, 6|3655, 7|3708, 8|3759, 8|4033, com.cnn.mobile.android.phone, 
2|1, 2|846, 3|950, 3|1328, 2|1429, 2|4045, com.google.android.apps.photos, 
2|1, 2|1000, 3|1066, 3|1492, 4|1589, 6|1657, 6|1830, 7|1938, 4|2032, 4|2087, 6|2151, 5|2217, 6|4003, com.ted.android, 
2|1, 2|1651, 4|1754, 6|1884, 7|1954, 8|1994, 9|2044, 10|2095, 8|2127, 8|2171, 10|2288, 10|2326, 11|2383, 10|2433, 10|2509, 11|2598, 11|2759, 12|2823, 12|3043, 13|3110, 14|3183, 14|3364, 15|3414, 15|4019, com.android.chrome, 
2|1, 2|1518, 3|1561, 3|2303, 5|2374, 5|2600, 10|2700, 10|2759, 11|2868, 11|2984, 14|3066, 14|3209, 13|3255, 13|3499, 14|3553, 14|3631, 12|3695, 6|4172, com.paypal.android.p2pmobile, 
2|1, 2|4011, com.google.android.deskclock, 
2|1, 2|1875, 3|1914, 3|2113, 4|2170, 5|2217, 5|2400, 7|2457, 7|2630, 8|2705, 9|2764, 9|2817, 8|2900, 8|3333, 7|3371, 7|3418, 8|3468, 8|3686, 7|3739, 7|4036, com.sometimeswefly.littlealchemy, 
2|1, 2|1550, 3|1589, 3|1994, 5|2046, 5|2285, 6|2360, 7|2446, 7|2535, 8|2597, 8|2908, 7|2955, 7|2991, 8|3058, 8|3108, 9|3145, 8|3199, 8|3246, 10|3295, 10|3614, 9|3653, 10|3703, 10|4009, com.paypal.android.p2pmobile, 
2|1, 2|4023, com.google.android.deskclock, 
2|1, 2|4263, com.facebook.katana, 
2|1, 2|1558, 4|1669, 3|1806, 5|1893, 6|1964, 7|2023, 8|2059, 9|2111, 10|2181, 8|2216, 8|2254, 9|2308, 9|2355, 10|2390, 10|2660, 12|2722, 11|2773, 12|2851, 12|2899, 11|2939, 12|3006, 12|3297, 13|3381, 14|3436, 14|3588, 15|3644, 15|4020, com.android.chrome, 
2|1, 2|1605, 3|1674, 3|1955, 4|2021, 4|2105, 5|2158, 7|2217, 7|2320, 10|2406, 10|2490, 7|2553, 7|2694, 6|2760, 5|2803, 4|2854, 4|3009, 3|3077, 3|4018, com.dropbox.android, 
2|1, 2|4028, com.facebook.katana, 
2|1, 2|4010, com.github.shadowsocks, 
2|1, 2|1220, 4|1300, 4|1372, 5|1440, 6|1509, 7|1612, 7|1678, 6|1754, 4|1813, 3|1859, 3|2764, 5|3165, 7|3395, 33|3672, 7|3973, 6|4136, com.Slack, 
8|1, 8|1680, 13|1750, 13|1801, 17|1885, 11|1972, 11|2011, 8|2075, 16|2143, 16|2270, 12|2327, 16|2372, 16|2558, 9|2622, 9|3603, 8|3649, 8|4005, com.instagram.android, 
8|1, 8|946, 9|1008, 10|1078, 10|1204, 11|1271, 12|1356, 13|1455, 14|1509, 14|1785, 17|1933, 18|1989, 18|2157, 19|2218, 18|2290, 18|2384, 17|2453, 16|2499, 16|2537, 15|2590, 16|2656, 15|2689, 15|2828, 17|2865, 17|2926, 18|2994, 18|3067, 16|3123, 16|3212, 13|3263, 13|3321, 11|3377, 11|3790, 10|3838, 10|4029, com.cnn.mobile.android.phone, 
10|1, 10|130, 9|160, 9|204, 10|277, 10|581, 9|677, 9|1532, 8|1595, 8|4005, com.facebook.katana, 
8|1, 8|287, 7|338, 7|1699, 8|1776, 8|1870, 11|1982, 11|2025, 12|2088, 12|2261, 13|2350, 16|2413, 16|2662, 13|2755, 13|2882, 12|2964, 13|3034, 15|3082, 15|3154, 12|3218, 10|3259, 12|3351, 13|3420, 13|3462, 14|3522, 15|3625, 16|3692, 17|3735, 17|3917, 15|3969, 14|4045, com.ebay.mobile, 
7|1, 7|1724, 12|1802, 12|1856, 15|1919, 10|2002, 11|2059, 8|2118, 15|2159, 15|2317, 11|2381, 15|2435, 15|2581, 8|2648, 8|4025, com.instagram.android, 
9|1, 9|1336, 10|1429, 10|4037, com.whatsapp, 
9|1, 9|1120, 11|1265, 11|1411, 14|1529, 14|1681, 15|1771, 15|1909, 14|1967, 14|2008, 15|2054, 15|2213, 13|2270, 13|2354, 14|2470, 14|2573, 15|2631, 15|2672, 16|2725, 15|2784, 15|2916, 16|2968, 17|3022, 17|3200, 18|3278, 18|4037, com.android.chrome, 
3|1, 3|1708, 4|1779, 4|1969, 5|2078, 5|2210, 6|2285, 6|2350, 7|2404, 7|3221, 8|3288, 8|3755, 9|3824, 11|4132, com.ebay.mobile, 
3|1, 3|912, 5|1001, 7|1074, 7|1150, 5|1253, 5|1347, 10|1434, 12|1531, 13|1611, 11|1691, 12|1827, 6|1962, 9|2102, 5|2185, 5|2327, 3|2434, 4|2538, 5|2661, 5|2812, 4|2884, 5|2973, 4|3024, 4|3088, 3|3166, 3|3272, 4|3374, 4|3483, 10|3572, 4|3636, 3|3688, 5|4017, com.antutu.ABenchMark, 
3|1, 3|1292, 4|1419, 4|1680, 5|1876, 9|2014, 9|2323, 6|2418, 6|2502, 7|2577, 9|2627, 8|2713, 8|4019, com.ted.android, 
3|1, 3|1995, 4|2091, 4|2405, 5|2517, 6|2606, 6|2666, 8|2755, 10|2826, 10|3055, 11|3109, 11|3195, 9|3275, 9|3425, 6|3511, 7|3615, 8|3681, 7|3753, 7|3839, 5|3930, 7|3997, 10|4075, com.ebay.mobile, 
3|1, 3|1813, 5|1930, 4|2084, 7|2224, 9|2334, 8|2398, 11|2478, 12|2572, 12|2616, 10|2682, 11|2755, 11|3338, 12|3413, 13|3481, 14|3560, 14|3744, 15|3835, 15|4007, com.android.chrome, 
2|1, 2|4063, com.google.android.deskclock, 
2|1, 2|2064, 4|2162, 7|2247, 10|2315, 8|2416, 8|2487, 4|2537, 4|3331, 3|3402, 10|3470, 10|3563, 6|3626, 10|3702, 3|4067, com.instagram.android, 
2|1, 2|1860, 4|1959, 6|2080, 6|2167, 7|2231, 8|2310, 9|2367, 9|2516, 10|2578, 10|2912, 11|3007, 11|3074, 12|3115, 12|3181, 13|3267, 12|3307, 12|3409, 13|3522, 14|3581, 14|3787, 15|3856, 15|4016, com.android.chrome, 
2|1, 2|2172, 1|2220, 1|3485, 2|3586, 2|4046, com.tripadvisor.tripadvisor, 
1|1, 1|1252, 3|1320, 3|1399, 6|1471, 7|1554, 6|1685, 9|1767, 30|1823, 29|1897, 50|2008, 18|2111, 18|2222, 1|2519, 1|3005, 2|3290, 4|3485, 5|3797, 5|4139, com.Slack, 
5|1, 5|1813, 6|1883, 6|2252, 7|2322, 7|2376, 8|2432, 10|2518, 10|2753, 11|2851, 11|3058, 9|3154, 9|3548, 10|3603, 9|3676, 12|3749, 12|3858, 13|3946, 13|4007, com.ebay.mobile, 
5|1, 5|1739, 6|1795, 6|2005, 7|2057, 8|2095, 8|2302, 9|2362, 9|2603, 10|2684, 10|3036, 11|3112, 11|3333, 9|3376, 9|4012, com.sometimeswefly.littlealchemy, 
5|1, 5|2592, 6|2657, 6|4039, com.tripadvisor.tripadvisor, 
5|1, 5|2631, 6|2695, 6|4013, com.tripadvisor.tripadvisor, 
5|1, 5|1773, 6|1851, 6|2137, 7|2209, 8|2304, 8|2415, 9|2483, 9|2619, 10|2678, 11|2796, 11|3044, 9|3130, 9|3184, 10|3244, 10|3449, 8|3520, 8|3602, 9|3660, 10|3725, 11|3819, 11|3909, 13|3983, 13|4179, com.ebay.mobile, 
7|1, 7|1833, 8|1961, 8|2066, 7|2160, 7|2304, 9|2393, 7|2463, 8|2522, 9|2581, 8|2648, 8|2749, 9|2807, 11|2881, 9|2944, 9|3021, 7|3075, 17|3146, 17|4027, com.csst.ecdict, 
7|1, 7|4016, com.github.shadowsocks, 
7|1, 7|1392, 10|1494, 13|1600, 16|1683, 17|1742, 18|1882, 19|2020, 21|2107, 20|2217, 15|2314, 15|2413, 16|2523, 18|2613, 18|2724, 17|2812, 16|2894, 16|2944, 18|3011, 16|3080, 18|3144, 18|3215, 15|3257, 14|3317, 15|3399, 15|3510, 14|3570, 14|3712, 12|3786, 11|3865, 11|4013, com.cnn.mobile.android.phone, 
11|1, 11|290, 9|406, 9|1795, 8|1861, 8|2455, 9|2505, 9|2844, 10|2978, 10|3290, 9|3360, 9|3686, 8|3824, 8|4057, com.facebook.katana, 
8|1, 8|4050, com.github.shadowsocks, 
8|1, 8|1963, 9|2079, 10|2151, 10|2223, 8|2314, 8|2528, 10|2592, 10|2635, 9|2694, 9|2813, 8|2853, 8|2901, 10|2970, 12|3040, 11|3088, 10|3134, 10|3197, 32|3273, 32|4001, com.csst.ecdict, 
8|1, 8|4023, com.github.shadowsocks, 
8|1, 8|2681, 9|2750, 9|3825, 10|3874, 10|4032, com.tripadvisor.tripadvisor, 
8|1, 8|4019, at.DiTronic.androidgroup.randomgallery, 
8|1, 8|1960, 11|2067, 8|2120, 8|2278, 9|2322, 8|2381, 8|2451, 9|2506, 9|2547, 10|2596, 9|2651, 9|2743, 8|2788, 10|2858, 12|2919, 10|2966, 10|3056, 14|3111, 21|3183, 21|4009, com.csst.ecdict, 
8|1, 8|1274, 10|1357, 12|1409, 14|1502, 14|1605, 11|1688, 11|1737, 14|1816, 17|1918, 18|1977, 17|2116, 15|2198, 13|2279, 12|2401, 11|2529, 9|2649, 9|2748, 10|2832, 10|3042, 9|3121, 10|3186, 9|3240, 9|3298, 8|3350, 8|3486, 13|3547, 8|3593, 8|4015, com.antutu.ABenchMark, 
9|1, 9|1031, 10|1162, 10|1522, 11|1634, 11|2189, 12|2285, 12|2610, 13|2679, 13|3047, 12|3116, 12|3247, 15|3308, 15|3455, 17|3517, 17|3820, 16|3868, 16|4003, com.paypal.android.p2pmobile, 
10|1, 10|1560, 11|1619, 11|2040, 13|2129, 13|2262, 16|2346, 17|2443, 17|2530, 18|2633, 16|2712, 17|2769, 17|2960, 16|3006, 16|3272, 18|3344, 18|3547, 17|3615, 17|3849, 13|3886, 14|4051, com.paypal.android.p2pmobile, 
8|1, 8|2007, 9|2127, 9|4027, com.whatsapp, 
8|1, 8|3326, 9|3424, 9|4097, com.tripadvisor.tripadvisor, 
4|1, 5|183, 5|320, 7|403, 7|582, 8|690, 8|2058, 9|2251, 9|2754, 15|2997, 16|3155, 15|3312, 16|3477, 16|3596, 11|3718, 10|3872, 10|4049, com.booking, 
8|1, 8|4084, at.DiTronic.androidgroup.randomgallery, 
8|1, 8|4003, com.facebook.katana, 
8|1, 8|2867, 9|2973, 9|4043, com.tripadvisor.tripadvisor, 
7|1, 7|1185, 8|1239, 8|1407, 9|1482, 9|1569, 10|1633, 12|1707, 15|1851, 15|1950, 17|2009, 18|2133, 18|2263, 19|2306, 16|2371, 18|2452, 19|2525, 19|2573, 16|2655, 16|2754, 18|2864, 18|2916, 16|2966, 14|3030, 13|3092, 11|3132, 11|3249, 12|3313, 13|3363, 13|3403, 14|3464, 14|3688, 11|3768, 12|3837, 16|3877, 12|3921, 14|4075, com.cnn.mobile.android.phone, 
8|1, 8|608, 6|641, 6|1266, 7|1340, 7|1634, 8|1725, 8|2056, 7|2163, 7|2252, 8|2312, 8|2505, 7|2581, 7|2626, 8|2693, 8|2989, 7|3085, 7|3483, 6|3524, 6|4049, at.DiTronic.androidgroup.randomgallery, 
6|1, 6|1113, 7|1175, 7|1941, 12|2032, 12|2118, 15|2278, 17|2418, 20|2495, 22|2601, 18|2669, 15|2722, 17|2782, 19|2912, 22|3072, 20|3159, 22|3227, 21|3275, 19|3319, 19|3367, 20|3416, 15|3499, 14|3550, 13|3591, 12|3655, 11|3710, 11|3798, 10|3844, 11|3902, 11|4006, com.booking, 
6|1, 6|1107, 7|1204, 7|1330, 10|1431, 10|1523, 12|1629, 12|1686, 14|1808, 15|1928, 16|1998, 16|2070, 11|2226, 10|2344, 14|2465, 17|2578, 17|2664, 15|2707, 16|2771, 19|2889, 19|2965, 20|3067, 21|3166, 22|3241, 22|3285, 21|3329, 20|3395, 17|3487, 15|3545, 15|3635, 12|3688, 12|3887, 14|3938, 11|4020, com.booking, 
6|1, 6|1813, 7|1900, 8|1977, 6|2035, 6|2304, 7|2351, 7|2419, 8|2487, 7|2550, 7|2698, 8|2776, 8|2928, 10|2993, 9|3042, 8|3076, 8|3127, 6|3192, 13|3258, 13|4005, com.csst.ecdict, 
6|1, 6|1590, 10|1735, 11|1798, 11|1979, 12|2047, 12|2197, 11|2250, 12|2292, 12|2551, 10|2611, 10|2724, 11|2814, 11|2860, 12|2918, 13|2997, 13|3160, 14|3220, 14|3448, 15|3562, 15|4037, com.android.chrome, 
2|1, 2|1625, 3|1723, 3|2349, 7|2451, 7|3114, 4|3190, 4|3917, 3|3983, 3|4060, com.dropbox.android, 
2|1, 2|4011, com.github.shadowsocks, 
2|1, 2|1242, 4|1312, 4|1471, 5|1558, 12|1669, 15|1757, 15|1838, 17|1937, 15|2053, 13|2180, 14|2315, 15|2407, 13|2448, 13|2518, 15|2600, 15|2664, 14|2723, 15|2803, 15|2937, 14|2992, 13|3090, 13|3151, 11|3211, 11|3401, 10|3478, 9|3569, 7|3616, 7|3729, 8|3807, 7|3859, 8|4072, com.cnn.mobile.android.phone, 
4|1, 5|117, 5|525, 4|584, 4|1477, 5|1666, 6|1833, 5|1959, 5|2123, 6|2212, 8|2371, 8|2582, 9|2697, 8|2837, 11|2947, 10|3061, 11|3151, 11|3467, 12|3533, 12|3578, 11|3624, 11|3848, 10|3912, 8|4341, com.paypal.android.p2pmobile, 
3|1, 3|4062, com.google.android.deskclock, 
3|1, 3|1873, 5|1974, 5|2160, 7|2298, 7|2364, 9|2431, 11|2500, 11|2613, 12|2660, 11|2727, 11|3159, 12|3216, 12|3281, 13|3359, 13|3729, 14|3804, 15|3899, 15|4049, com.android.chrome, 
3|1, 3|1487, 6|1619, 8|1762, 8|1916, 6|2002, 6|2149, 28|2266, 28|2515, 4|2813, 6|3333, 8|3588, 9|3851, 9|4278, com.Slack, 
8|1, 8|1539, 9|1669, 9|2145, 11|2234, 11|2403, 15|2480, 16|2622, 16|2805, 18|2914, 18|3042, 17|3093, 17|3163, 14|3233, 14|3394, 15|3454, 16|3518, 16|3735, 13|3960, 13|4010, com.paypal.android.p2pmobile, 
8|1, 8|4045, com.google.android.deskclock, 
8|1, 8|4013, com.google.android.apps.photos, 
8|1, 8|1659, 9|1733, 11|1798, 11|1958, 9|2018, 9|2106, 8|2169, 8|3852, 9|3920, 9|4020, com.skype.raider, 
7|1, 7|4033, com.google.android.apps.photos, 
9|1, 9|1406, 11|1505, 11|1595, 12|1663, 12|1746, 13|1821, 13|2005, 12|2041, 11|2107, 10|2178, 10|2516, 12|2582, 10|2647, 10|2768, 11|2845, 9|2915, 9|4009, com.Slack, 
10|1, 10|1563, 11|1602, 11|4025, com.whatsapp, 
10|1, 10|1176, 12|1262, 14|1336, 14|1435, 12|1540, 15|1626, 19|1737, 20|1808, 20|1895, 16|1983, 16|2203, 12|2289, 12|2393, 11|2465, 10|2528, 11|2599, 12|2664, 12|2959, 11|3021, 11|3101, 10|3171, 11|3255, 11|3491, 14|3549, 10|3608, 13|4318, com.antutu.ABenchMark, 
10|1, 10|1397, 12|1540, 16|1664, 16|1712, 21|1783, 20|1958, 21|2075, 21|2132, 20|2254, 21|2378, 20|2437, 21|2538, 21|2623, 20|2695, 20|2741, 18|2792, 18|2904, 16|2960, 15|3000, 15|3052, 14|3114, 15|3167, 13|3207, 13|3243, 14|3301, 13|3357, 13|3437, 12|3480, 12|3586, 13|3644, 13|4006, com.cnn.mobile.android.phone, 
11|1, 11|407, 10|465, 10|1103, 12|1198, 12|1352, 13|1426, 16|1530, 40|1657, 40|1740, 37|1789, 37|1863, 13|1927, 12|1983, 12|4009, com.Slack, 
10|1, 10|4019, com.tripadvisor.tripadvisor, 
10|1, 10|4042, com.github.shadowsocks, 
9|1, 9|1454, 10|1535, 10|4024, com.whatsapp, 
9|1, 9|4042, com.github.shadowsocks, 
9|1, 9|4016, at.DiTronic.androidgroup.randomgallery, 
8|1, 8|1468, 9|1530, 9|4002, com.whatsapp, 
6|1, 6|1123, 8|1230, 8|1369, 9|1456, 9|1538, 11|1640, 15|1702, 35|1779, 35|1853, 33|1919, 33|2063, 8|2132, 8|4028, com.Slack, 
6|1, 6|1909, 7|1961, 7|2093, 8|2183, 9|2234, 9|2467, 10|2507, 10|2784, 11|2868, 11|2942, 12|3007, 12|3277, 13|3326, 13|3485, 11|3535, 11|3907, 10|3965, 10|4028, com.sometimeswefly.littlealchemy, 
6|1, 6|1418, 8|1575, 10|1629, 11|1694, 10|1745, 10|1828, 12|1889, 12|2011, 11|2059, 11|2131, 12|2183, 12|2371, 10|2447, 10|2562, 11|2643, 11|2703, 12|2760, 13|2802, 13|3002, 14|3045, 14|3254, 15|3334, 15|4020, com.android.chrome, 
2|1, 2|1383, 3|1467, 3|4041, com.whatsapp, 
1|1, 1|1544, 2|1606, 2|2156, 4|2209, 4|2411, 12|2496, 12|3293, 13|3340, 13|3397, 12|3451, 12|3533, 9|3589, 9|3639, 10|3682, 19|3731, 19|3764, 20|3815, 20|3879, 5|3931, 6|3976, 6|4013, com.paypal.android.p2pmobile, 
1|1, 1|1908, 2|1971, 2|2151, 3|2225, 4|2274, 4|2508, 6|2552, 6|2924, 7|3025, 7|3147, 5|3214, 5|4011, com.sometimeswefly.littlealchemy, 
1|1, 1|1675, 2|1769, 2|1846, 3|1905, 3|2006, 2|2070, 2|2205, 1|2272, 1|4021, com.skype.raider, 
1|1, 1|1855, 2|1900, 3|1963, 3|2148, 2|2192, 2|2310, 1|2373, 1|4047, com.skype.raider, 
1|1, 1|1720, 2|1803, 2|4009, com.whatsapp, 
1|1, 1|1271, 2|1371, 2|1913, 3|2005, 4|2088, 4|2191, 5|2306, 5|2471, 3|2575, 4|2682, 4|3418, 5|3460, 5|4033, com.ted.android, 
1|1, 1|1358, 2|1432, 2|4040, com.whatsapp, 
1|1, 1|4012, com.google.android.apps.photos, 
1|1, 1|1225, 5|1337, 7|1469, 6|1524, 6|1592, 7|1691, 6|1772, 6|1832, 11|1972, 15|2090, 16|2214, 13|2297, 15|2384, 10|2484, 12|2548, 6|2646, 6|2743, 3|2920, 3|2983, 4|3067, 5|3146, 3|3230, 3|3362, 2|3445, 2|3526, 1|3576, 1|3680, 5|3763, 5|3820, 3|3864, 1|3924, 1|4067, com.antutu.ABenchMark, 
1|1, 1|2809, 2|2874, 2|4049, com.tripadvisor.tripadvisor, 
1|1, 1|4018, com.facebook.katana, 
1|1, 1|4040, com.facebook.katana, 
1|1, 1|1081, 2|1141, 2|1282, 5|1360, 6|1428, 7|1522, 8|1612, 9|1760, 12|1864, 10|1959, 10|2251, 11|2322, 15|2429, 15|2580, 12|2664, 11|2746, 10|2802, 9|2844, 11|2907, 11|3101, 8|3177, 8|3282, 9|3324, 8|3376, 8|3523, 9|3576, 9|3701, 6|3767, 6|4028, com.cnn.mobile.android.phone, 
6|1, 6|202, 4|290, 4|377, 5|460, 5|615, 4|693, 4|888, 3|958, 3|1623, 4|1702, 5|1750, 5|1875, 4|1940, 4|2032, 3|2093, 3|3891, 4|3959, 4|4038, com.skype.raider, 
2|1, 2|1997, 3|2112, 4|2208, 4|2276, 3|2335, 2|2421, 1|2529, 1|2583, 2|2640, 3|2719, 2|2785, 2|2943, 1|3006, 3|3077, 5|3137, 5|3175, 4|3225, 4|3286, 14|3349, 14|4028, com.csst.ecdict, 
1|1, 1|2090, 2|2165, 3|2243, 1|2317, 1|2660, 2|2712, 3|2784, 2|2850, 2|3056, 1|3118, 3|3182, 3|3224, 5|3295, 3|3359, 3|3417, 7|3501, 7|4017, com.csst.ecdict, 
1|1, 1|4075, com.google.android.deskclock, 
1|1, 1|1354, 2|1432, 2|1824, 3|1895, 3|1977, 6|2090, 6|2424, 3|2491, 3|2550, 5|2641, 5|4115, com.ted.android, 
1|1, 1|1716, 2|1760, 2|1904, 3|1983, 3|2032, 4|2081, 4|2266, 6|2311, 6|2659, 7|2764, 7|2946, 5|3046, 5|4075, com.sometimeswefly.littlealchemy, 
1|1, 1|1882, 2|1927, 2|2124, 3|2174, 4|2235, 4|2451, 6|2515, 6|2887, 7|2964, 7|3151, 5|3230, 5|4027, com.sometimeswefly.littlealchemy, 
1|1, 1|1278, 3|1376, 3|1443, 5|1527, 3|1580, 4|1659, 7|1784, 30|1897, 49|2069, 44|2200, 19|2328, 2|2434, 2|2839, 3|3227, 4|3468, 6|3753, 6|4020, com.Slack, 
5|1, 5|4015, com.google.android.deskclock, 
5|1, 5|4172, com.facebook.katana, 
5|1, 5|1627, 6|1712, 6|1887, 7|1967, 7|2045, 8|2095, 7|2157, 9|2250, 11|2328, 9|2429, 9|2663, 7|2724, 7|3202, 10|3329, 10|4037, com.dropbox.android, 
5|1, 5|4020, com.google.android.deskclock, 
5|1, 5|1636, 6|1712, 6|1778, 7|1816, 7|1984, 6|2035, 6|2115, 5|2172, 5|3729, 6|3791, 6|4030, com.skype.raider, 
9|1, 9|1775, 10|1858, 10|2039, 11|2099, 12|2161, 12|2342, 13|2404, 13|2771, 14|2822, 14|2877, 15|2947, 15|3126, 16|3199, 16|3452, 14|3508, 14|3876, 13|3930, 13|4045, com.sometimeswefly.littlealchemy, 
9|1, 9|1679, 10|1726, 10|1779, 11|1846, 11|1998, 10|2053, 10|2164, 9|2200, 9|3689, 10|3748, 10|4045, com.skype.raider, 
9|1, 9|1133, 11|1193, 12|1270, 15|1377, 12|1490, 12|1554, 14|1616, 17|1695, 18|1818, 18|2084, 16|2192, 17|2276, 12|2345, 12|2483, 11|2599, 12|2715, 12|3189, 10|3246, 10|3460, 15|3535, 10|3599, 10|4027, com.antutu.ABenchMark, 
9|1, 9|1273, 15|1672, 14|1804, 18|1902, 18|2162, 20|2287, 20|2349, 12|2461, 15|2597, 11|2752, 10|2854, 9|2916, 11|3064, 12|3166, 12|3299, 11|3373, 10|3454, 10|3590, 9|3651, 10|4034, com.antutu.ABenchMark, 
9|1, 9|2485, 11|2647, 9|2831, 9|2928, 10|3013, 9|3131, 11|3233, 10|3299, 10|3527, 13|3624, 13|3685, 11|3752, 12|3830, 25|3946, 25|4025, com.csst.ecdict, 
9|1, 9|2267, 10|2422, 10|2847, 14|2980, 14|3072, 12|3163, 14|3297, 17|3424, 13|3519, 13|3642, 11|3780, 10|3869, 10|4027, com.dropbox.android, 
9|1, 9|3083, 11|3269, 9|3383, 9|3722, 10|3820, 9|3909, 10|4036, com.csst.ecdict, 
10|1, 10|2480, 11|2671, 13|2850, 14|2946, 11|3120, 11|3796, 13|3890, 12|4116, com.ted.android, 
10|1, 10|4044, com.google.android.apps.photos, 
10|1, 10|1570, 11|1697, 11|2001, 14|2106, 14|2175, 17|2249, 17|2367, 18|2454, 18|2710, 14|2902, 15|3043, 15|3167, 17|3338, 17|3435, 16|3581, 17|3683, 18|3751, 21|3905, 26|4285, com.booking, 
10|1, 10|1996, 11|2184, 11|2259, 10|2318, 10|2623, 11|2677, 11|2767, 12|2841, 11|2903, 11|3008, 12|3091, 14|3178, 14|3231, 12|3271, 12|3320, 10|3399, 8|3480, 8|4069, com.csst.ecdict, 
8|1, 8|1301, 10|1393, 10|1480, 11|1546, 10|1633, 11|1735, 14|1846, 32|1902, 36|1972, 35|2051, 34|2116, 8|2167, 8|4047, com.Slack, 
8|1, 8|4019, at.DiTronic.androidgroup.randomgallery, 
8|1, 8|4005, com.google.android.deskclock, 
8|1, 8|1123, 9|1175, 9|1368, 12|1462, 12|1509, 15|1587, 15|1671, 16|1772, 16|1897, 17|2003, 18|2081, 14|2147, 13|2268, 12|2380, 13|2467, 13|2534, 20|2704, 29|3075, 27|3143, 28|3209, 28|3312, 29|3357, 27|3411, 27|3465, 26|3532, 27|3568, 23|3617, 22|3684, 18|3741, 16|3897, 14|4010, com.booking, 
8|1, 8|1228, 9|1301, 9|1378, 11|1483, 12|1579, 15|1670, 15|1771, 16|1852, 16|1935, 17|2039, 17|2091, 18|2180, 14|2305, 14|2407, 13|2474, 13|2611, 17|2745, 18|2836, 18|2921, 24|3262, 24|3349, 27|3422, 27|3513, 22|3569, 22|3631, 18|3695, 17|3754, 17|3790, 13|3831, 14|3925, 13|4225, com.booking, 
8|1, 8|1643, 9|1735, 10|1795, 10|1949, 9|2007, 9|2101, 8|2140, 8|3833, 9|3903, 9|4027, com.skype.raider, 
9|1, 9|3924, 8|3987, 8|4029, com.google.android.apps.photos, 
8|1, 8|1188, 10|1285, 11|1399, 14|1526, 11|1583, 12|1662, 15|1772, 17|1879, 19|2017, 19|2090, 16|2210, 10|2363, 10|2461, 11|2568, 10|2679, 10|2800, 11|2945, 10|3067, 10|3228, 8|3299, 8|3801, 11|3870, 12|3918, 9|3989, 8|4061, com.antutu.ABenchMark, 
8|1, 8|4023, com.google.android.apps.photos, 
8|1, 8|2421, 6|2526, 6|2611, 7|2772, 7|2955, 6|3085, 6|3414, 7|3534, 8|3608, 8|3801, 7|3909, 6|3994, 6|4051, com.csst.ecdict, 
6|1, 6|4012, at.DiTronic.androidgroup.randomgallery, 
6|1, 6|1212, 5|1326, 5|1557, 6|1654, 6|1918, 7|2030, 8|2093, 7|2177, 10|2277, 12|2390, 12|2546, 10|2614, 10|2695, 7|2768, 7|2992, 6|3063, 6|3266, 7|3370, 7|4066, com.dropbox.android, 
5|1, 5|2208, 6|2279, 6|2479, 8|2567, 8|2762, 9|2840, 10|2922, 10|3242, 11|3344, 11|3485, 9|3604, 9|4051, com.sometimeswefly.littlealchemy, 
5|1, 5|1240, 6|1328, 6|1434, 7|1520, 8|1662, 12|1809, 14|1911, 17|1989, 18|2087, 20|2253, 19|2375, 19|2432, 21|2486, 21|2628, 17|2717, 15|2836, 15|2893, 12|2986, 11|3062, 11|3182, 10|3223, 10|3291, 12|3360, 12|3444, 11|3504, 11|3879, 13|3957, 13|4035, com.cnn.mobile.android.phone, 
6|1, 5|382, 5|596, 6|685, 7|764, 8|915, 8|1004, 7|1133, 8|1278, 8|1561, 9|1655, 7|1704, 8|1814, 8|1907, 7|1991, 7|2089, 5|2155, 5|4026, com.skype.raider, 
5|1, 5|1055, 7|1166, 7|1280, 8|1391, 10|1494, 12|1589, 13|1675, 13|1768, 11|1864, 15|2022, 16|2101, 18|2216, 18|2446, 16|2539, 17|2638, 16|2720, 15|2807, 14|2858, 14|2926, 17|3010, 16|3080, 16|3134, 18|3182, 13|3276, 13|3365, 10|3436, 9|3495, 9|3617, 8|3686, 8|3754, 7|3802, 7|4049, com.cnn.mobile.android.phone, 
7|1, 8|275, 8|528, 7|596, 7|941, 6|1021, 6|4039, at.DiTronic.androidgroup.randomgallery, 
6|1, 6|1752, 7|1812, 8|1860, 8|2060, 7|2099, 7|2202, 6|2266, 6|3903, 7|3989, 7|4038, com.skype.raider, 
6|1, 6|4058, at.DiTronic.androidgroup.randomgallery, 
6|1, 6|4009, at.DiTronic.androidgroup.randomgallery, 
6|1, 6|1334, 8|1421, 10|1487, 10|1561, 8|1662, 11|1762, 13|1846, 16|1912, 15|1986, 16|2124, 17|2221, 10|2336, 14|2460, 10|2638, 8|2736, 8|2811, 9|2894, 8|3006, 7|3107, 8|3174, 7|3233, 7|3298, 6|3376, 6|4001, com.antutu.ABenchMark, 
6|1, 6|1504, 7|1749, 7|2462, 12|2627, 16|2813, 18|3005, 22|3149, 18|3350, 19|3504, 20|3591, 20|3667, 17|3844, 19|3991, 22|4137, com.booking, 
6|1, 6|2709, 8|2840, 8|3075, 11|3207, 11|3601, 9|3702, 8|3801, 7|4077, com.dropbox.android, 
6|1, 6|2082, 7|2208, 7|2440, 8|2517, 9|2638, 9|2773, 11|2900, 14|3016, 11|3164, 9|3395, 9|3692, 8|3830, 8|4005, com.dropbox.android, 
6|1, 6|1738, 7|1858, 7|2571, 10|2845, 11|2992, 8|3244, 8|3439, 9|3591, 9|4048, com.ted.android, 
6|1, 6|2497, 7|2606, 7|2982, 9|3099, 10|3234, 9|3353, 10|3430, 12|3605, 10|3800, 9|3903, 7|4056, com.dropbox.android, 
6|1, 6|2108, 7|2266, 7|2569, 8|2671, 8|2806, 10|2936, 13|3114, 11|3278, 9|3454, 9|3739, 8|3833, 8|4022, com.dropbox.android, 
6|1, 6|1410, 7|1551, 7|1972, 8|2188, 10|2342, 11|2482, 11|2617, 8|2867, 10|3055, 10|4184, com.ted.android, 
6|1, 6|1493, 7|1600, 7|2122, 10|2245, 14|2365, 14|2494, 15|2613, 15|2731, 13|2861, 11|3008, 12|3235, 14|3351, 15|3482, 16|3690, 18|3816, 19|3923, 22|4129, com.booking, 
8|1, 8|1512, 9|1607, 9|2140, 10|2293, 13|2485, 13|2844, 10|2975, 10|3433, 13|3565, 13|4041, com.ted.android, 
7|1, 7|1741, 6|1864, 6|4103, com.google.android.apps.photos, 
5|1, 5|2253, 13|2363, 18|2477, 8|2544, 12|2614, 13|2705, 12|2796, 6|2884, 6|4050, com.instagram.android, 
5|1, 5|1870, 10|1944, 14|2037, 8|2172, 13|2286, 13|2671, 5|2748, 6|2831, 6|4026, com.instagram.android, 
5|1, 5|1720, 7|1803, 10|1886, 14|1987, 8|2072, 11|2135, 13|2218, 13|2344, 10|2395, 13|2470, 13|2698, 6|2772, 6|4020, com.instagram.android, 
5|1, 5|1828, 10|1881, 13|2036, 11|2126, 8|2198, 13|2252, 13|2381, 6|2457, 6|2800, 7|2847, 7|3046, 6|3100, 6|4045, com.instagram.android, 
5|1, 5|1752, 10|1829, 13|1889, 18|2010, 5|2097, 13|2178, 13|2275, 6|2352, 11|4012, com.instagram.android, 
5|1, 5|1888, 10|1998, 14|2134, 8|2237, 10|2324, 13|2439, 13|3006, 19|3074, 6|3172, 6|3771, 13|3836, 13|4005, com.instagram.android, 
