1244|1, 1254|287, 1252|483, 1252|580, 1253|669, 1253|833, 1254|864, 1254|889, 1255|909, 1257|961, 1257|1110, 1258|1152, 1258|2824, 1264|2849, 1264|2872, 1239|2946, 1239|3900, 1245|3923, 1245|4164, com.android.chrome/org.chromium.chrome.browser.sync.ui.PassphraseActivity, 
1245|1, 1244|140, 1244|208, 1245|250, 1251|294, 1255|345, 1257|442, 1261|469, 1266|495, 1268|544, 1272|624, 1275|706, 1276|870, 1280|917, 1281|958, 1281|1006, 1282|1066, 1284|1113, 1288|1155, 1288|1181, 1286|1252, 1287|1296, 1287|1655, 1281|1702, 1282|1735, 1282|3020, 1288|3046, 1288|3080, 1232|3158, 1232|4004, com.android.chrome/org.chromium.chrome.browser.firstrun.FirstRunActivity, 
1238|1, 1239|139, 1239|169, 1240|197, 1240|279, 1246|311, 1249|346, 1249|610, 1253|636, 1257|676, 1257|773, 1260|813, 1260|845, 1258|877, 1258|1029, 1259|1064, 1259|1092, 1260|1122, 1260|1330, 1261|1357, 1261|3021, 1267|3042, 1267|3070, 1236|3159, 1231|3239, 1232|3268, 1232|4012, com.android.chrome/org.chromium.chrome.browser.preferences.Preferences, 
1233|1, 1239|191, 1240|234, 1248|291, 1248|403, 1250|442, 1248|475, 1248|2954, 1254|2979, 1254|3011, 1253|3055, 1232|3182, 1232|4045, com.android.chrome/org.chromium.chrome.browser.preferences.website.ManageSpaceActivity, 
1233|1, 1239|177, 1240|236, 1240|313, 1242|360, 1249|419, 1249|562, 1248|664, 1248|862, 1249|895, 1249|931, 1250|972, 1250|1179, 1251|1215, 1251|2993, 1257|3023, 1232|3133, 1232|4020, com.android.chrome/org.chromium.chrome.browser.sync.ui.PassphraseActivity, 
1238|1, 1240|251, 1246|303, 1248|359, 1248|3024, 1254|3060, 1254|3087, 1231|3236, 1232|3270, 1232|4022, com.android.chrome/org.chromium.chrome.browser.preferences.website.ManageSpaceActivity, 
1233|1, 1240|186, 1238|222, 1238|2990, 1244|3016, 1232|3090, 1232|4011, com.android.chrome/org.chromium.chrome.browser.media.router.caf.remoting.CafExpandedControllerActivity, 
1238|1, 1238|365, 1242|412, 1247|448, 1247|510, 1249|558, 1247|697, 1246|750, 1246|899, 1247|936, 1247|964, 1248|999, 1248|1068, 1250|1105, 1250|1210, 1251|1241, 1251|3042, 1257|3070, 1257|3107, 1231|3162, 1232|3197, 1232|4010, com.android.chrome/org.chromium.chrome.browser.sync.ui.PassphraseActivity, 
1235|1, 1239|182, 1240|230, 1238|293, 1238|2938, 1244|2962, 1244|3041, 1232|3090, 1232|4008, com.android.chrome/org.chromium.chrome.browser.media.router.caf.remoting.CafExpandedControllerActivity, 
1235|1, 1239|164, 1239|199, 1240|244, 1248|283, 1256|343, 1256|375, 1254|413, 1257|462, 1263|495, 1265|543, 1269|592, 1271|686, 1274|745, 1274|856, 1275|959, 1279|1088, 1279|1143, 1280|1222, 1281|1308, 1279|1363, 1279|1463, 1280|1493, 1280|1864, 1281|1903, 1281|2983, 1287|3011, 1281|3080, 1246|3154, 1232|3188, 1232|4021, com.android.chrome/org.chromium.chrome.browser.firstrun.FirstRunActivity, 
1238|1, 1239|174, 1239|208, 1243|244, 1244|290, 1244|323, 1246|362, 1246|574, 1250|632, 1259|672, 1265|766, 1265|825, 1268|873, 1270|916, 1272|970, 1274|1051, 1282|1166, 1282|1292, 1285|1373, 1286|1410, 1286|1600, 1290|1633, 1292|1669, 1294|1712, 1294|1937, 1297|1978, 1297|2016, 1301|2047, 1303|2102, 1303|2286, 1304|2313, 1306|2367, 1306|2405, 1310|2461, 1310|3029, 1316|3090, 1232|3309, 1232|4030, com.android.chrome/org.chromium.chrome.browser.searchwidget.SearchActivity, 
1238|1, 1237|149, 1237|178, 1238|232, 1240|282, 1244|335, 1244|491, 1248|527, 1254|606, 1254|676, 1252|716, 1258|753, 1263|796, 1269|949, 1272|1009, 1274|1061, 1281|1192, 1279|1275, 1281|1421, 1286|1571, 1287|1656, 1288|1716, 1289|1814, 1289|1879, 1290|1928, 1290|1991, 1291|2045, 1291|2080, 1292|2112, 1292|2318, 1296|2365, 1296|2403, 1300|2437, 1300|2497, 1302|2562, 1302|3034, 1308|3067, 1308|3104, 1242|3159, 1232|3257, 1232|4036, com.android.chrome/org.chromium.chrome.browser.incognito.IncognitoTabLauncher, 
1233|1, 1239|158, 1239|202, 1244|255, 1244|354, 1248|430, 1252|514, 1250|560, 1254|588, 1261|641, 1265|747, 1268|855, 1270|901, 1270|952, 1271|1020, 1277|1099, 1279|1170, 1278|1217, 1283|1322, 1287|1418, 1287|1465, 1289|1522, 1291|1558, 1291|1597, 1292|1647, 1292|1996, 1295|2029, 1295|2058, 1299|2092, 1299|2156, 1301|2208, 1301|2971, 1307|3000, 1307|3069, 1232|3295, 1232|4026, com.android.chrome/org.chromium.chrome.browser.customtabs.CustomTabActivity, 
1235|1, 1239|122, 1239|201, 1240|235, 1240|266, 1248|300, 1250|363, 1254|422, 1254|454, 1258|481, 1263|510, 1263|755, 1264|812, 1264|849, 1266|888, 1266|1019, 1267|1052, 1268|1121, 1268|1290, 1269|1326, 1269|1418, 1267|1459, 1267|1661, 1268|1694, 1268|2968, 1274|3001, 1274|3028, 1232|3233, 1232|4019, com.android.chrome/org.chromium.chrome.browser.bookmarks.BookmarkAddActivity, 
1238|1, 1239|152, 1239|242, 1240|300, 1240|382, 1249|433, 1249|681, 1253|714, 1257|761, 1258|835, 1258|982, 1260|1019, 1260|1051, 1259|1112, 1260|1145, 1260|1347, 1261|1380, 1261|3018, 1267|3044, 1267|3086, 1232|3208, 1232|4028, com.android.chrome/org.chromium.chrome.browser.download.DownloadActivity, 
1238|1, 1239|158, 1239|205, 1240|262, 1240|353, 1244|390, 1249|437, 1249|611, 1257|642, 1257|698, 1260|813, 1258|863, 1258|981, 1259|1013, 1259|1057, 1260|1091, 1260|1291, 1261|1339, 1261|3019, 1267|3055, 1267|3080, 1260|3179, 1231|3284, 1231|3308, 1232|3338, 1232|4036, com.android.chrome/org.chromium.chrome.browser.preferences.Preferences, 
1234|1, 1239|145, 1239|177, 1243|210, 1244|250, 1244|282, 1246|325, 1246|402, 1248|435, 1246|490, 1252|534, 1256|564, 1261|596, 1268|725, 1272|788, 1274|957, 1284|1047, 1284|1178, 1286|1252, 1288|1315, 1288|1496, 1290|1528, 1290|1703, 1294|1740, 1294|1830, 1297|1867, 1297|1923, 1301|1967, 1301|2030, 1303|2075, 1303|2156, 1306|2188, 1306|2216, 1308|2249, 1310|2282, 1310|2992, 1316|3029, 1316|3067, 1238|3228, 1232|3296, 1232|4029, com.android.chrome/org.chromium.chrome.browser.searchwidget.SearchActivity, 
1238|1, 1239|170, 1239|224, 1240|276, 1244|321, 1250|385, 1250|450, 1248|483, 1255|542, 1262|581, 1262|740, 1263|823, 1263|871, 1265|936, 1265|1001, 1266|1035, 1266|1075, 1267|1111, 1267|1321, 1268|1366, 1268|1396, 1266|1453, 1266|1521, 1268|1554, 1268|3021, 1274|3048, 1274|3104, 1261|3269, 1232|3319, 1232|4024, com.android.chrome/org.chromium.chrome.browser.bookmarks.BookmarkAddActivity, 
1238|1, 1239|167, 1239|214, 1240|266, 1240|315, 1248|380, 1252|456, 1252|547, 1256|580, 1261|613, 1267|788, 1267|897, 1272|985, 1271|1086, 1271|1146, 1275|1189, 1276|1242, 1276|1283, 1277|1357, 1275|1435, 1275|1500, 1279|1535, 1280|1573, 1280|2052, 1281|2099, 1281|3033, 1287|3060, 1287|3089, 1268|3202, 1232|3253, 1232|4029, com.android.chrome/org.chromium.chrome.browser.firstrun.FirstRunActivity, 
1238|1, 1236|180, 1236|404, 1238|474, 1242|564, 1242|754, 1246|838, 1250|903, 1250|974, 1248|1036, 1252|1085, 1263|1240, 1269|1390, 1272|1479, 1272|1579, 1278|1703, 1279|1793, 1278|2038, 1285|2275, 1288|2450, 1290|2624, 1290|2744, 1292|2814, 1292|3022, 1293|3058, 1299|3111, 1250|3241, 1246|3305, 1232|3470, 1232|4002, com.android.chrome/org.chromium.chrome.browser.incognito.IncognitoTabLauncher, 
1233|1, 1239|256, 1239|332, 1244|438, 1250|496, 1254|614, 1254|667, 1256|712, 1263|787, 1263|1054, 1264|1152, 1264|1214, 1266|1316, 1267|1422, 1268|1466, 1268|1642, 1269|1692, 1269|1802, 1267|1855, 1267|2341, 1268|2387, 1268|2953, 1274|2997, 1274|3064, 1232|3221, 1232|4023, com.android.chrome/org.chromium.chrome.browser.bookmarks.BookmarkAddActivity, 
1238|1, 1237|165, 1237|303, 1242|353, 1242|506, 1246|555, 1252|640, 1252|810, 1261|910, 1269|1123, 1271|1225, 1274|1326, 1277|1502, 1282|1578, 1282|1668, 1291|1829, 1291|1992, 1292|2050, 1292|2630, 1295|2686, 1295|2730, 1299|2774, 1299|2813, 1301|2922, 1301|3052, 1307|3089, 1307|3125, 1287|3205, 1232|3474, 1232|4014, com.android.chrome/org.chromium.chrome.browser.customtabs.PaymentHandlerActivity, 
1240|1, 1239|209, 1239|301, 1240|347, 1240|433, 1244|484, 1249|545, 1249|743, 1257|804, 1257|880, 1258|970, 1258|1117, 1260|1161, 1261|1218, 1262|1284, 1260|1343, 1260|1457, 1261|1508, 1261|3011, 1267|3056, 1267|3091, 1231|3288, 1232|3339, 1232|4028, com.android.chrome/org.chromium.chrome.browser.history.HistoryActivity, 
1235|1, 1237|201, 1238|349, 1238|513, 1247|573, 1247|912, 1246|973, 1246|1126, 1247|1173, 1247|1215, 1248|1260, 1248|1458, 1249|1495, 1249|2995, 1255|3035, 1255|3091, 1231|3169, 1232|3213, 1232|4016, com.android.chrome/org.chromium.chrome.browser.sync.ui.PassphraseActivity, 
1238|1, 1237|190, 1237|381, 1238|450, 1238|517, 1248|622, 1252|711, 1250|773, 1254|839, 1261|940, 1265|1040, 1268|1207, 1273|1453, 1273|1604, 1274|1703, 1273|1836, 1273|1935, 1274|1975, 1274|2890, 1275|2936, 1275|3081, 1281|3132, 1232|3279, 1232|4029, com.android.chrome/org.chromium.chrome.browser.firstrun.FirstRunActivity, 
1233|1, 1237|150, 1237|236, 1238|317, 1238|458, 1240|500, 1246|537, 1247|592, 1247|853, 1253|918, 1256|1038, 1256|1167, 1258|1217, 1258|1257, 1257|1325, 1258|1377, 1258|1536, 1259|1586, 1259|2930, 1265|2966, 1265|3002, 1231|3177, 1232|3265, 1232|4004, com.android.chrome/org.chromium.chrome.browser.download.DownloadActivity, 
1238|1, 1237|206, 1237|352, 1238|445, 1238|554, 1240|600, 1247|647, 1247|976, 1253|1037, 1255|1154, 1256|1255, 1258|1311, 1258|1361, 1256|1415, 1257|1468, 1258|1519, 1258|1692, 1259|1736, 1259|3044, 1265|3083, 1265|3124, 1232|3283, 1232|4008, com.android.chrome/org.chromium.chrome.browser.download.DownloadActivity, 
1238|1, 1237|157, 1237|401, 1238|489, 1238|609, 1247|661, 1247|901, 1245|995, 1246|1089, 1246|1267, 1247|1316, 1248|1395, 1248|1551, 1249|1587, 1249|1854, 1251|1962, 1251|3041, 1257|3075, 1257|3127, 1231|3224, 1232|3267, 1232|4017, com.android.chrome/org.chromium.chrome.browser.sync.ui.PassphraseActivity, 
1238|1, 1239|141, 1239|296, 1243|362, 1244|423, 1244|564, 1252|653, 1252|803, 1254|851, 1261|917, 1263|1043, 1271|1217, 1274|1323, 1276|1420, 1281|1629, 1282|1783, 1291|1973, 1291|2180, 1292|2225, 1292|2805, 1295|2865, 1295|2958, 1299|3027, 1299|3078, 1305|3124, 1307|3175, 1232|3332, 1232|4026, com.android.chrome/org.chromium.chrome.browser.customtabs.CustomTabActivity, 
1240|1, 1239|212, 1239|500, 1244|621, 1248|668, 1248|3123, 1254|3173, 1237|3252, 1232|3418, 1232|4026, com.android.chrome/org.chromium.chrome.browser.preferences.website.ManageSpaceActivity, 
1238|1, 1239|199, 1239|361, 1244|434, 1244|510, 1246|570, 1246|759, 1250|818, 1261|931, 1263|1018, 1270|1166, 1270|1220, 1276|1380, 1276|1446, 1282|1545, 1284|1651, 1286|1750, 1286|1805, 1292|1873, 1293|1925, 1294|1972, 1294|2727, 1297|2779, 1297|2833, 1301|2875, 1303|2967, 1303|3030, 1309|3071, 1312|3123, 1232|3281, 1232|4019, com.android.chrome/org.chromium.chrome.browser.searchwidget.SearchActivity, 
1238|1, 1233|122, 1239|185, 1239|385, 1240|460, 1240|622, 1249|676, 1249|829, 1251|942, 1248|1071, 1248|1174, 1249|1221, 1250|1272, 1250|1494, 1251|1537, 1251|3101, 1257|3156, 1232|3252, 1232|4024, com.android.chrome/org.chromium.chrome.browser.sync.ui.PassphraseActivity, 
1238|1, 1239|173, 1239|392, 1240|538, 1240|583, 1246|635, 1249|743, 1249|968, 1253|1020, 1259|1097, 1258|1196, 1258|1268, 1260|1320, 1260|1360, 1259|1431, 1260|1477, 1260|1682, 1261|1729, 1261|3080, 1267|3119, 1267|3154, 1232|3370, 1232|4049, com.android.chrome/org.chromium.chrome.browser.download.DownloadActivity, 
1234|1, 1239|189, 1243|303, 1244|435, 1244|548, 1250|642, 1252|753, 1252|798, 1258|846, 1263|960, 1268|1102, 1272|1250, 1278|1419, 1280|1634, 1289|1849, 1289|1972, 1290|2021, 1292|2063, 1292|2731, 1295|2791, 1295|2888, 1299|2927, 1299|2983, 1307|3041, 1307|3104, 1232|3270, 1232|4046, com.android.chrome/org.chromium.chrome.browser.customtabs.CustomTabActivity, 
1234|1, 1239|187, 1239|321, 1244|401, 1244|491, 1246|540, 1246|731, 1252|777, 1256|859, 1263|963, 1269|1042, 1274|1158, 1274|1313, 1282|1434, 1288|1562, 1292|1698, 1292|1869, 1294|1934, 1294|2544, 1297|2600, 1297|2689, 1301|2736, 1301|2797, 1303|2840, 1303|2970, 1309|3013, 1309|3052, 1241|3216, 1232|3320, 1232|4047, com.android.chrome/org.chromium.chrome.browser.searchwidget.SearchActivity, 
1238|1, 1238|134, 1237|185, 1237|307, 1242|392, 1242|560, 1246|631, 1250|681, 1252|755, 1252|845, 1256|892, 1265|1092, 1269|1253, 1272|1396, 1272|1497, 1280|1643, 1280|1707, 1284|1816, 1289|1948, 1289|2022, 1290|2095, 1290|2157, 1292|2197, 1292|2706, 1295|2757, 1295|2801, 1297|2841, 1299|2901, 1299|2965, 1301|3019, 1307|3061, 1307|3104, 1246|3245, 1232|3301, 1232|4061, com.android.chrome/org.chromium.chrome.browser.customtabs.PaymentHandlerActivity, 
1238|1, 1237|193, 1237|374, 1238|492, 1246|589, 1248|666, 1250|738, 1250|789, 1254|841, 1259|906, 1259|1111, 1260|1223, 1260|1309, 1262|1357, 1262|1427, 1263|1500, 1264|1548, 1264|1703, 1265|1750, 1265|1855, 1263|1930, 1263|2302, 1264|2338, 1264|3044, 1270|3088, 1270|3145, 1263|3304, 1232|3383, 1232|4027, com.android.chrome/org.chromium.chrome.browser.bookmarks.BookmarkAddActivity, 
1238|1, 1235|114, 1235|317, 1236|400, 1238|461, 1242|524, 1242|753, 1244|818, 1246|903, 1250|961, 1248|1026, 1248|1076, 1252|1127, 1257|1189, 1263|1393, 1266|1525, 1268|1616, 1270|1729, 1272|1878, 1275|2029, 1289|2463, 1289|2532, 1290|2578, 1290|2625, 1291|2698, 1292|2772, 1292|2955, 1293|3010, 1293|3061, 1299|3107, 1299|3148, 1245|3238, 1246|3293, 1232|3425, 1232|4013, com.android.chrome/org.chromium.chrome.browser.incognito.IncognitoTabLauncher, 
1238|1, 1233|194, 1237|241, 1237|507, 1238|605, 1246|693, 1252|808, 1250|881, 1252|924, 1261|1012, 1265|1125, 1265|1213, 1268|1306, 1269|1550, 1275|1725, 1275|1841, 1276|1975, 1274|2074, 1274|3126, 1281|3171, 1281|3213, 1252|3295, 1232|3347, 1232|4016, com.android.chrome/org.chromium.chrome.browser.firstrun.FirstRunActivity, 
1238|1, 1237|152, 1237|395, 1238|478, 1238|593, 1240|639, 1247|700, 1247|968, 1255|1060, 1256|1148, 1256|1288, 1259|1333, 1259|1383, 1258|1446, 1258|1609, 1259|1675, 1259|3105, 1265|3157, 1265|3213, 1237|3369, 1232|3430, 1232|4028, com.android.chrome/org.chromium.chrome.browser.history.HistoryActivity, 
1238|1, 1237|143, 1238|208, 1238|383, 1242|486, 1242|561, 1244|619, 1244|802, 1248|860, 1254|918, 1259|1010, 1262|1102, 1265|1223, 1270|1333, 1270|1427, 1280|1523, 1283|1654, 1284|1759, 1284|1843, 1285|1899, 1286|1957, 1286|2566, 1287|2613, 1289|2664, 1289|2711, 1293|2760, 1293|2814, 1295|2865, 1295|3033, 1301|3071, 1304|3125, 1232|3311, 1232|4004, com.android.chrome/org.chromium.chrome.browser.searchwidget.SearchActivity, 
1238|1, 1237|137, 1237|320, 1238|398, 1238|545, 1244|593, 1247|708, 1247|877, 1255|942, 1255|1026, 1256|1126, 1256|1230, 1259|1311, 1258|1392, 1258|1596, 1259|1639, 1259|3032, 1265|3087, 1254|3242, 1232|3368, 1232|4027, com.android.chrome/org.chromium.chrome.browser.history.HistoryActivity, 
1238|1, 1237|132, 1237|377, 1238|474, 1236|540, 1236|3043, 1242|3085, 1242|3121, 1231|3203, 1232|3243, 1232|4024, com.android.chrome/org.chromium.chrome.browser.media.router.caf.remoting.CafExpandedControllerActivity, 
1238|1, 1237|167, 1237|382, 1238|441, 1244|530, 1248|590, 1252|663, 1250|718, 1250|779, 1261|891, 1265|994, 1265|1107, 1269|1398, 1270|1484, 1275|1559, 1275|1708, 1274|1816, 1274|2649, 1275|2704, 1275|3083, 1281|3133, 1281|3194, 1260|3296, 1232|3349, 1232|4030, com.android.chrome/org.chromium.chrome.browser.firstrun.FirstRunActivity, 
1238|1, 1237|134, 1237|347, 1238|411, 1238|506, 1240|559, 1247|610, 1247|906, 1251|956, 1255|1057, 1256|1134, 1256|1270, 1258|1316, 1259|1368, 1258|1437, 1258|1618, 1259|1673, 1259|3053, 1265|3091, 1265|3136, 1232|3358, 1232|4022, com.android.chrome/org.chromium.chrome.browser.download.DownloadActivity, 
1238|1, 1237|156, 1237|362, 1242|435, 1242|514, 1244|580, 1244|770, 1248|835, 1254|885, 1259|937, 1263|1052, 1263|1151, 1268|1294, 1276|1429, 1280|1549, 1284|1685, 1284|1878, 1286|1931, 1286|2544, 1289|2586, 1289|2673, 1293|2735, 1293|2791, 1295|2830, 1295|2972, 1298|3016, 1304|3062, 1307|3162, 1232|3290, 1232|4029, com.android.chrome/org.chromium.chrome.browser.searchwidget.SearchActivity, 
1238|1, 1237|167, 1237|423, 1242|487, 1246|559, 1246|3083, 1252|3135, 1252|3210, 1231|3416, 1232|3460, 1232|4048, com.android.chrome/org.chromium.chrome.browser.preferences.website.ManageSpaceActivity, 
1238|1, 1237|145, 1237|370, 1236|441, 1236|3033, 1242|3073, 1237|3122, 1232|3199, 1232|4045, com.android.chrome/org.chromium.chrome.browser.media.router.caf.remoting.CafExpandedControllerActivity, 
1238|1, 1233|106, 1237|189, 1237|383, 1238|448, 1244|538, 1248|657, 1250|719, 1250|782, 1259|840, 1263|942, 1265|1066, 1268|1215, 1268|1352, 1273|1582, 1274|1667, 1273|1792, 1273|1924, 1274|1991, 1274|2965, 1275|3001, 1275|3039, 1281|3077, 1281|3113, 1264|3174, 1232|3248, 1232|4024, com.android.chrome/org.chromium.chrome.browser.firstrun.FirstRunActivity, 
1238|1, 1237|240, 1237|401, 1238|465, 1248|597, 1248|662, 1246|731, 1250|803, 1252|850, 1258|905, 1259|972, 1259|1042, 1261|1215, 1260|1304, 1262|1361, 1262|1431, 1263|1512, 1264|1559, 1264|1718, 1265|1772, 1265|1898, 1263|1966, 1263|2426, 1264|2464, 1264|3078, 1270|3128, 1270|3194, 1259|3395, 1232|3444, 1232|4022, com.android.chrome/org.chromium.chrome.browser.bookmarks.BookmarkAddActivity, 
1238|1, 1237|182, 1237|365, 1238|441, 1238|601, 1240|643, 1247|690, 1247|977, 1255|1034, 1256|1139, 1256|1263, 1258|1311, 1258|1364, 1257|1435, 1258|1479, 1258|1656, 1260|1691, 1259|1737, 1259|3070, 1265|3106, 1265|3141, 1237|3213, 1232|3384, 1232|4021, com.android.chrome/org.chromium.chrome.browser.download.DownloadActivity, 
1238|1, 1237|121, 1237|360, 1238|433, 1238|519, 1240|577, 1247|623, 1247|914, 1256|977, 1255|1051, 1256|1164, 1256|1261, 1259|1326, 1258|1385, 1258|1585, 1259|1635, 1259|3039, 1265|3084, 1237|3217, 1232|3304, 1232|4034, com.android.chrome/org.chromium.chrome.browser.history.HistoryActivity, 
1238|1, 1237|151, 1237|436, 1238|537, 1238|622, 1242|667, 1247|716, 1247|966, 1256|1033, 1256|1331, 1259|1373, 1260|1427, 1258|1483, 1258|1649, 1259|1692, 1259|2886, 1261|2930, 1261|3033, 1267|3072, 1267|3108, 1233|3270, 1232|3359, 1232|4004, com.android.chrome/org.chromium.chrome.browser.history.HistoryActivity, 
1240|1, 1233|123, 1237|213, 1237|328, 1241|384, 1242|450, 1242|533, 1246|609, 1250|675, 1248|753, 1248|797, 1257|860, 1263|1022, 1272|1217, 1274|1302, 1277|1486, 1283|1708, 1291|1865, 1291|1972, 1292|2054, 1292|2719, 1295|2770, 1295|2830, 1299|2883, 1299|2950, 1301|3008, 1301|3087, 1307|3124, 1307|3165, 1288|3242, 1232|3421, 1232|4037, com.android.chrome/org.chromium.chrome.browser.customtabs.CustomTabActivity, 
1238|1, 1233|134, 1239|218, 1239|506, 1240|617, 1240|738, 1244|777, 1249|849, 1249|1172, 1257|1265, 1257|1349, 1258|1417, 1260|1490, 1260|1531, 1258|1613, 1259|1659, 1259|1696, 1260|1744, 1260|1926, 1261|2112, 1261|3109, 1267|3153, 1267|3202, 1231|3392, 1232|3441, 1232|4003, com.android.chrome/org.chromium.chrome.browser.download.DownloadActivity, 
1238|1, 1239|131, 1239|367, 1240|493, 1248|557, 1250|635, 1254|737, 1254|797, 1263|875, 1265|991, 1271|1111, 1274|1354, 1275|1454, 1275|1561, 1280|1622, 1281|1703, 1279|1831, 1280|1923, 1280|2837, 1281|2876, 1281|3062, 1287|3102, 1287|3161, 1232|3262, 1232|4019, com.android.chrome/org.chromium.chrome.browser.firstrun.FirstRunActivity, 
1238|1, 1237|166, 1240|226, 1239|337, 1239|500, 1246|597, 1248|649, 1248|3095, 1254|3129, 1254|3204, 1231|3386, 1232|3429, 1232|4014, com.android.chrome/org.chromium.chrome.browser.preferences.website.ManageSpaceActivity, 
1238|1, 1239|219, 1239|407, 1240|474, 1248|581, 1250|634, 1248|720, 1254|806, 1260|872, 1263|945, 1263|1158, 1264|1285, 1266|1352, 1266|1445, 1267|1507, 1268|1570, 1268|1743, 1269|1795, 1269|1920, 1267|1968, 1267|2412, 1268|2450, 1268|3047, 1274|3097, 1274|3149, 1263|3350, 1232|3420, 1232|4003, com.android.chrome/org.chromium.chrome.browser.bookmarks.BookmarkAddActivity, 
1238|1, 1237|135, 1239|199, 1239|449, 1240|539, 1240|650, 1249|721, 1249|971, 1255|1024, 1257|1080, 1258|1172, 1258|1297, 1260|1349, 1260|1392, 1259|1462, 1260|1516, 1260|1688, 1261|1731, 1261|3049, 1267|3086, 1267|3133, 1232|3300, 1232|4034, com.android.chrome/org.chromium.chrome.browser.history.HistoryActivity, 
1238|1, 1237|133, 1237|317, 1242|417, 1242|507, 1244|562, 1246|628, 1252|708, 1252|758, 1254|820, 1261|895, 1269|1086, 1274|1228, 1274|1314, 1277|1513, 1282|1589, 1282|1649, 1285|1727, 1287|1825, 1291|1905, 1291|2022, 1292|2060, 1292|2662, 1295|2709, 1295|2757, 1299|2803, 1299|2868, 1301|2972, 1301|3043, 1307|3092, 1307|3128, 1232|3322, 1232|4025, com.android.chrome/org.chromium.chrome.browser.customtabs.PaymentHandlerActivity, 
1238|1, 1233|128, 1239|186, 1239|445, 1240|566, 1248|638, 1250|710, 1254|806, 1254|863, 1258|905, 1263|986, 1263|1173, 1265|1284, 1264|1362, 1266|1431, 1266|1499, 1267|1558, 1268|1598, 1268|1815, 1269|1864, 1269|1917, 1267|1984, 1267|2457, 1268|2498, 1268|3065, 1274|3121, 1274|3173, 1264|3286, 1232|3419, 1232|4024, com.android.chrome/org.chromium.chrome.browser.bookmarks.BookmarkAddActivity, 
1238|1, 1237|140, 1237|318, 1242|410, 1242|499, 1246|557, 1252|631, 1252|797, 1261|854, 1263|987, 1271|1185, 1274|1275, 1274|1374, 1277|1502, 1282|1586, 1282|1650, 1291|1794, 1291|2025, 1292|2065, 1292|2519, 1295|2570, 1295|2654, 1299|2699, 1299|2759, 1301|2809, 1301|3060, 1307|3131, 1254|3292, 1232|3334, 1232|4030, com.android.chrome/org.chromium.chrome.browser.customtabs.PaymentHandlerActivity, 
1238|1, 1233|141, 1237|197, 1237|450, 1242|545, 1244|594, 1246|641, 1246|3089, 1252|3127, 1252|3162, 1232|3344, 1232|4007, com.android.chrome/org.chromium.chrome.browser.preferences.website.ManageSpaceActivity, 
1238|1, 1237|151, 1237|387, 1238|443, 1238|604, 1244|644, 1247|701, 1247|910, 1249|960, 1256|1068, 1257|1150, 1258|1208, 1256|1269, 1256|1406, 1257|1461, 1258|1507, 1258|1662, 1259|1729, 1259|3108, 1265|3152, 1265|3207, 1232|3391, 1232|4028, com.android.chrome/org.chromium.chrome.browser.preferences.Preferences, 
1238|1, 1237|126, 1238|170, 1237|220, 1237|353, 1238|434, 1238|541, 1240|606, 1247|651, 1247|979, 1255|1060, 1256|1176, 1256|1239, 1258|1298, 1256|1365, 1257|1436, 1258|1481, 1258|1658, 1259|1693, 1259|3048, 1265|3097, 1238|3229, 1232|3301, 1232|4028, com.android.chrome/org.chromium.chrome.browser.download.DownloadActivity, 
1238|1, 1237|169, 1237|323, 1238|380, 1237|450, 1236|528, 1236|3018, 1242|3057, 1242|3092, 1232|3184, 1232|4028, com.android.chrome/org.chromium.chrome.browser.media.router.caf.remoting.CafExpandedControllerActivity, 
1238|1, 1237|134, 1237|388, 1246|530, 1246|703, 1250|768, 1256|812, 1259|896, 1259|1161, 1260|1241, 1262|1299, 1262|1376, 1263|1472, 1264|1525, 1264|1699, 1265|1744, 1265|1859, 1263|1917, 1263|2401, 1264|2450, 1264|3073, 1270|3142, 1270|3195, 1232|3397, 1232|4015, com.android.chrome/org.chromium.chrome.browser.bookmarks.BookmarkAddActivity, 
1238|1, 1235|136, 1237|188, 1237|300, 1238|365, 1236|423, 1236|3099, 1242|3135, 1242|3196, 1232|3272, 1232|4014, com.android.chrome/org.chromium.chrome.browser.media.router.caf.remoting.CafExpandedControllerActivity, 
1240|1, 1233|145, 1237|207, 1237|481, 1238|579, 1238|684, 1242|725, 1247|779, 1247|997, 1253|1059, 1255|1124, 1256|1230, 1258|1295, 1258|1347, 1257|1416, 1258|1464, 1258|1682, 1259|1722, 1259|3131, 1265|3168, 1264|3250, 1232|3407, 1232|4002, com.android.chrome/org.chromium.chrome.browser.preferences.Preferences, 
1238|1, 1237|153, 1237|429, 1242|528, 1246|595, 1246|3094, 1252|3141, 1251|3213, 1231|3385, 1232|3430, 1232|4001, com.android.chrome/org.chromium.chrome.browser.preferences.website.ManageSpaceActivity, 
1238|1, 1231|92, 1235|159, 1235|263, 1239|323, 1240|388, 1240|465, 1244|532, 1248|582, 1248|740, 1254|837, 1261|996, 1263|1114, 1268|1261, 1268|1332, 1274|1484, 1275|1560, 1276|1629, 1276|1729, 1285|1828, 1285|2006, 1286|2056, 1286|2537, 1287|2574, 1289|2625, 1289|2664, 1293|2730, 1293|2780, 1295|2866, 1295|3067, 1301|3122, 1301|3158, 1254|3366, 1232|3410, 1232|4025, com.android.chrome/org.chromium.chrome.browser.customtabs.PaymentHandlerActivity, 
1238|1, 1237|116, 1237|348, 1238|401, 1238|558, 1240|610, 1247|654, 1247|963, 1255|1026, 1255|1132, 1256|1212, 1256|1266, 1258|1325, 1258|1687, 1259|1734, 1259|3024, 1265|3059, 1265|3101, 1232|3325, 1232|4023, com.android.chrome/org.chromium.chrome.browser.download.DownloadActivity, 
1240|1, 1233|146, 1237|198, 1237|343, 1238|411, 1240|494, 1248|602, 1250|695, 1250|739, 1252|802, 1258|857, 1259|929, 1259|1135, 1261|1216, 1260|1279, 1262|1326, 1262|1410, 1263|1480, 1263|1530, 1264|1582, 1264|1735, 1265|1784, 1265|1837, 1263|1914, 1263|2305, 1264|2349, 1264|3078, 1270|3129, 1270|3200, 1232|3431, 1232|4024, com.android.chrome/org.chromium.chrome.browser.bookmarks.BookmarkAddActivity, 
1238|1, 1237|133, 1237|369, 1238|427, 1246|504, 1248|576, 1250|657, 1250|709, 1256|768, 1259|835, 1259|1076, 1260|1165, 1260|1219, 1262|1313, 1262|1375, 1263|1422, 1264|1469, 1264|1675, 1265|1719, 1265|1789, 1263|1851, 1263|2298, 1264|2336, 1264|3038, 1270|3105, 1270|3166, 1232|3332, 1232|4010, com.android.chrome/org.chromium.chrome.browser.bookmarks.BookmarkAddActivity, 
1238|1, 1237|142, 1237|379, 1238|517, 1238|565, 1244|605, 1247|669, 1247|854, 1246|1003, 1246|1118, 1247|1179, 1248|1229, 1248|1374, 1249|1483, 1249|3044, 1255|3080, 1255|3148, 1232|3216, 1232|4015, com.android.chrome/org.chromium.chrome.browser.sync.ui.PassphraseActivity, 
1238|1, 1237|135, 1237|339, 1238|397, 1238|466, 1244|536, 1247|619, 1247|782, 1253|832, 1255|904, 1256|991, 1258|1072, 1258|1126, 1256|1177, 1257|1225, 1257|1262, 1258|1317, 1258|1481, 1259|1527, 1259|3085, 1265|3131, 1264|3185, 1232|3366, 1232|4001, com.android.chrome/org.chromium.chrome.browser.preferences.Preferences, 
1238|1, 1237|137, 1237|361, 1242|487, 1246|564, 1246|3014, 1252|3061, 1252|3106, 1238|3200, 1232|3339, 1232|4021, com.android.chrome/org.chromium.chrome.browser.preferences.website.ManageSpaceActivity, 
1238|1, 1235|89, 1235|239, 1236|298, 1236|343, 1238|385, 1238|438, 1242|524, 1242|663, 1246|707, 1250|886, 1248|938, 1248|979, 1250|1026, 1257|1068, 1259|1157, 1263|1256, 1263|1365, 1266|1420, 1273|1708, 1275|1932, 1284|2162, 1284|2348, 1285|2408, 1285|2458, 1286|2528, 1287|2589, 1287|2776, 1288|2826, 1288|2952, 1287|2997, 1287|3042, 1293|3100, 1293|3156, 1267|3225, 1244|3272, 1243|3354, 1232|3447, 1232|4007, com.android.chrome/org.chromium.chrome.browser.incognito.IncognitoTabLauncher, 
1240|1, 1233|138, 1237|196, 1237|355, 1242|410, 1244|508, 1244|701, 1248|759, 1252|816, 1259|913, 1263|1052, 1268|1118, 1272|1181, 1270|1344, 1281|1543, 1284|1665, 1284|1819, 1286|1907, 1286|2563, 1289|2614, 1289|2659, 1291|2701, 1293|2787, 1295|2840, 1295|2983, 1298|3030, 1298|3081, 1308|3130, 1308|3242, 1295|3327, 1232|3476, 1232|4010, com.android.chrome/org.chromium.chrome.browser.searchwidget.SearchActivity, 
1238|1, 1233|85, 1237|156, 1237|429, 1236|487, 1236|3080, 1242|3129, 1236|3205, 1232|3245, 1232|4021, com.android.chrome/org.chromium.chrome.browser.media.router.caf.remoting.CafExpandedControllerActivity, 
1238|1, 1233|171, 1237|244, 1237|417, 1238|500, 1238|605, 1240|668, 1242|715, 1247|758, 1247|983, 1253|1035, 1256|1139, 1258|1266, 1258|1338, 1257|1410, 1258|1457, 1258|1652, 1259|1696, 1259|3165, 1265|3202, 1265|3248, 1243|3357, 1232|3458, 1232|4016, com.android.chrome/org.chromium.chrome.browser.preferences.Preferences, 
1238|1, 1233|112, 1237|180, 1237|370, 1238|452, 1244|569, 1248|650, 1252|702, 1250|766, 1250|824, 1254|882, 1261|978, 1265|1107, 1268|1244, 1269|1455, 1275|1621, 1275|1780, 1276|1889, 1274|1957, 1274|2866, 1275|2904, 1275|3043, 1281|3089, 1232|3198, 1232|4004, com.android.chrome/org.chromium.chrome.browser.firstrun.FirstRunActivity, 
1239|1, 1234|114, 1237|166, 1237|366, 1238|436, 1238|483, 1240|552, 1247|611, 1247|832, 1258|916, 1255|1015, 1255|1117, 1258|1194, 1258|1247, 1256|1318, 1256|1358, 1257|1402, 1258|1459, 1258|1653, 1259|1693, 1259|3114, 1265|3163, 1265|3202, 1232|3422, 1232|4013, com.android.chrome/org.chromium.chrome.browser.history.HistoryActivity, 
1238|1, 1233|79, 1237|140, 1237|399, 1241|452, 1242|545, 1246|628, 1250|718, 1250|786, 1248|848, 1250|896, 1259|970, 1263|1152, 1263|1249, 1268|1324, 1269|1473, 1278|1603, 1276|1734, 1281|1941, 1285|2060, 1285|2109, 1286|2162, 1286|2751, 1287|2798, 1289|2885, 1293|2933, 1293|3010, 1301|3103, 1301|3149, 1232|3309, 1232|4003, com.android.chrome/org.chromium.chrome.browser.customtabs.CustomTabActivity, 
1238|1, 1237|151, 1237|316, 1238|424, 1238|596, 1246|641, 1247|739, 1247|876, 1255|932, 1256|1036, 1256|1240, 1259|1303, 1258|1388, 1258|1526, 1259|1575, 1259|3088, 1265|3133, 1264|3201, 1232|3373, 1232|4025, com.android.chrome/org.chromium.chrome.browser.history.HistoryActivity, 
1238|1, 1237|116, 1237|320, 1241|381, 1242|475, 1244|563, 1244|748, 1246|812, 1252|884, 1261|1017, 1263|1120, 1268|1190, 1270|1310, 1280|1464, 1282|1600, 1284|1692, 1284|1806, 1285|1861, 1286|1935, 1286|2544, 1287|2591, 1289|2645, 1289|2687, 1293|2745, 1293|2853, 1295|2934, 1295|2977, 1296|3017, 1298|3066, 1304|3112, 1308|3158, 1267|3263, 1232|3366, 1232|4011, com.android.chrome/org.chromium.chrome.browser.searchwidget.SearchActivity, 
1238|1, 1233|129, 1239|210, 1239|426, 1244|486, 1248|552, 1248|3071, 1254|3106, 1253|3184, 1231|3333, 1232|3382, 1232|4019, com.android.chrome/org.chromium.chrome.browser.preferences.website.ManageSpaceActivity, 
1238|1, 1239|168, 1239|336, 1244|394, 1244|481, 1246|559, 1246|756, 1252|831, 1263|895, 1269|1018, 1274|1136, 1276|1315, 1280|1434, 1292|1646, 1293|1840, 1294|1902, 1294|2699, 1297|2749, 1297|2803, 1299|2851, 1301|2903, 1301|2957, 1303|3018, 1303|3058, 1306|3110, 1312|3155, 1312|3194, 1232|3374, 1232|4018, com.android.chrome/org.chromium.chrome.browser.searchwidget.SearchActivity, 
1240|1, 1233|161, 1239|210, 1239|450, 1240|563, 1240|671, 1246|714, 1249|759, 1249|980, 1255|1036, 1259|1093, 1257|1158, 1258|1268, 1258|1372, 1260|1425, 1259|1480, 1260|1557, 1260|1737, 1261|1778, 1261|3084, 1267|3117, 1267|3171, 1232|3378, 1232|4045, com.android.chrome/org.chromium.chrome.browser.history.HistoryActivity, 
1240|1, 1238|104, 1233|186, 1239|248, 1239|415, 1240|493, 1240|671, 1248|719, 1249|784, 1249|1020, 1255|1071, 1257|1156, 1257|1247, 1260|1323, 1260|1378, 1258|1446, 1258|1496, 1259|1540, 1260|1639, 1260|1817, 1261|1868, 1261|3089, 1267|3128, 1267|3210, 1232|3426, 1232|4048, com.android.chrome/org.chromium.chrome.browser.preferences.Preferences, 
1238|1, 1239|132, 1239|378, 1244|490, 1244|551, 1246|629, 1246|839, 1252|896, 1256|964, 1263|1021, 1269|1189, 1274|1271, 1274|1352, 1284|1543, 1289|1687, 1292|1796, 1292|1896, 1293|1974, 1294|2027, 1294|2760, 1297|2811, 1297|2851, 1301|2896, 1301|2964, 1303|3034, 1312|3102, 1297|3179, 1240|3285, 1232|3395, 1232|4023, com.android.chrome/org.chromium.chrome.browser.searchwidget.SearchActivity, 
1238|1, 1234|82, 1237|137, 1239|194, 1239|399, 1240|508, 1240|587, 1242|637, 1249|694, 1249|922, 1255|976, 1257|1060, 1258|1175, 1260|1282, 1258|1339, 1259|1393, 1260|1431, 1260|1645, 1261|1691, 1261|3064, 1267|3110, 1267|3205, 1231|3360, 1232|3410, 1232|4023, com.android.chrome/org.chromium.chrome.browser.preferences.Preferences, 
1238|1, 1231|124, 1237|231, 1237|370, 1241|413, 1242|451, 1242|557, 1246|604, 1246|648, 1252|702, 1252|858, 1258|915, 1263|1011, 1267|1117, 1269|1198, 1272|1257, 1272|1321, 1280|1637, 1284|1739, 1288|1802, 1289|1897, 1289|2072, 1292|2116, 1292|2436, 1295|2486, 1295|2568, 1299|2617, 1299|2655, 1301|2713, 1301|3099, 1307|3141, 1307|3177, 1232|3376, 1232|4028, com.android.chrome/org.chromium.chrome.browser.customtabs.PaymentHandlerActivity, 
1238|1, 1233|115, 1239|161, 1239|355, 1240|438, 1240|618, 1248|677, 1249|815, 1249|878, 1248|1033, 1248|1183, 1249|1231, 1249|1274, 1250|1332, 1250|1504, 1251|1542, 1251|3066, 1257|3119, 1236|3224, 1232|3263, 1232|4026, com.android.chrome/org.chromium.chrome.browser.sync.ui.PassphraseActivity, 
1238|1, 1233|97, 1239|194, 1239|447, 1240|558, 1240|654, 1249|710, 1249|946, 1257|1012, 1257|1095, 1258|1224, 1258|1331, 1261|1400, 1260|1470, 1260|1646, 1261|1686, 1261|3063, 1267|3113, 1267|3148, 1235|3259, 1232|3400, 1232|4031, com.android.chrome/org.chromium.chrome.browser.history.HistoryActivity, 
1238|1, 1239|141, 1239|361, 1240|466, 1240|567, 1244|617, 1249|666, 1249|890, 1257|944, 1257|1081, 1258|1141, 1260|1201, 1258|1258, 1258|1348, 1259|1395, 1260|1449, 1260|1619, 1261|1670, 1261|3061, 1267|3099, 1267|3171, 1266|3240, 1231|3378, 1232|3424, 1232|4054, com.android.chrome/org.chromium.chrome.browser.preferences.Preferences, 
1238|1, 1236|117, 1237|161, 1237|354, 1238|425, 1236|566, 1236|1131, 1238|1168, 1238|3048, 1244|3086, 1244|3144, 1232|3218, 1232|4005, com.android.chrome/org.chromium.chrome.browser.media.router.caf.remoting.CafExpandedControllerActivity, 
1238|1, 1239|109, 1239|292, 1240|376, 1238|494, 1238|3041, 1244|3100, 1231|3188, 1232|3223, 1232|4003, com.android.chrome/org.chromium.chrome.browser.media.router.caf.remoting.CafExpandedControllerActivity, 
1232|1, 1235|133, 1235|296, 1236|339, 1238|407, 1238|463, 1242|529, 1242|814, 1244|860, 1250|934, 1250|998, 1248|1056, 1250|1111, 1258|1169, 1263|1256, 1263|1330, 1269|1469, 1272|1604, 1274|1729, 1278|1872, 1278|2003, 1285|2273, 1289|2584, 1290|2691, 1290|2761, 1292|2855, 1292|2990, 1298|3030, 1298|3071, 1282|3141, 1245|3216, 1232|3340, 1232|4029, com.android.chrome/org.chromium.chrome.browser.incognito.IncognitoTabLauncher, 
1238|1, 1239|116, 1239|243, 1243|317, 1244|374, 1244|511, 1248|571, 1252|655, 1254|716, 1252|796, 1254|861, 1261|924, 1265|1069, 1271|1262, 1274|1347, 1278|1563, 1282|1688, 1283|1810, 1291|2006, 1291|2059, 1292|2157, 1292|2899, 1295|2954, 1295|2996, 1305|3069, 1305|3120, 1304|3187, 1232|3344, 1232|4022, com.android.chrome/org.chromium.chrome.browser.customtabs.CustomTabActivity, 
1238|1, 1237|137, 1239|219, 1239|414, 1240|486, 1240|629, 1244|668, 1249|724, 1249|876, 1247|976, 1249|1077, 1248|1128, 1248|1311, 1249|1355, 1250|1407, 1250|1601, 1251|1634, 1251|3037, 1257|3076, 1257|3121, 1231|3209, 1232|3258, 1232|4005, com.android.chrome/org.chromium.chrome.browser.sync.ui.PassphraseActivity, 
1238|1, 1237|154, 1237|388, 1238|503, 1238|571, 1242|614, 1247|670, 1247|834, 1245|956, 1246|1066, 1246|1243, 1247|1285, 1248|1344, 1248|1574, 1249|1626, 1249|3093, 1255|3139, 1255|3191, 1232|3273, 1232|4025, com.android.chrome/org.chromium.chrome.browser.sync.ui.PassphraseActivity, 
1238|1, 1233|103, 1237|157, 1237|386, 1238|484, 1238|602, 1242|642, 1247|700, 1247|864, 1251|935, 1255|1023, 1255|1103, 1256|1181, 1258|1234, 1256|1294, 1256|1381, 1257|1425, 1258|1489, 1258|1652, 1259|1696, 1259|3057, 1265|3090, 1265|3130, 1264|3222, 1231|3350, 1232|3396, 1232|4019, com.android.chrome/org.chromium.chrome.browser.preferences.Preferences, 
1238|1, 1237|117, 1237|389, 1236|468, 1236|3041, 1242|3102, 1232|3179, 1232|4009, com.android.chrome/org.chromium.chrome.browser.media.router.caf.remoting.CafExpandedControllerActivity, 
1238|1, 1233|103, 1235|154, 1235|299, 1236|357, 1236|431, 1238|511, 1242|583, 1242|871, 1246|936, 1250|1027, 1248|1091, 1248|1138, 1252|1188, 1259|1265, 1263|1428, 1266|1587, 1268|1657, 1268|1741, 1273|1892, 1275|2109, 1279|2218, 1282|2409, 1283|2567, 1284|2629, 1285|2706, 1285|2752, 1286|2800, 1286|2984, 1287|3039, 1293|3084, 1293|3186, 1242|3259, 1242|3334, 1232|3562, 1232|4002, com.android.chrome/org.chromium.chrome.browser.incognito.IncognitoTabLauncher, 
1238|1, 1234|96, 1237|186, 1237|406, 1241|474, 1242|579, 1242|649, 1246|716, 1250|832, 1248|898, 1254|972, 1259|1071, 1263|1176, 1268|1297, 1268|1466, 1276|1704, 1279|1886, 1285|2055, 1285|2166, 1286|2228, 1286|2817, 1287|2853, 1289|2904, 1289|2948, 1293|3003, 1293|3070, 1299|3135, 1301|3188, 1260|3266, 1232|3391, 1232|4017, com.android.chrome/org.chromium.chrome.browser.customtabs.CustomTabActivity, 
1238|1, 1238|72, 1233|131, 1237|214, 1237|393, 1238|436, 1246|511, 1246|3103, 1252|3140, 1252|3190, 1231|3421, 1231|3468, 1232|3516, 1232|4018, com.android.chrome/org.chromium.chrome.browser.preferences.website.ManageSpaceActivity, 
1238|1, 1233|115, 1237|209, 1237|441, 1238|554, 1246|611, 1252|705, 1250|775, 1250|825, 1258|868, 1261|953, 1265|1139, 1269|1376, 1269|1501, 1275|1616, 1275|1759, 1274|1840, 1274|2767, 1275|2806, 1275|3073, 1281|3110, 1281|3152, 1232|3313, 1232|4019, com.android.chrome/org.chromium.chrome.browser.firstrun.FirstRunActivity, 
1238|1, 1235|118, 1237|192, 1237|417, 1238|505, 1238|648, 1244|688, 1247|754, 1247|1027, 1255|1082, 1255|1159, 1256|1250, 1256|1312, 1258|1364, 1258|1425, 1257|1499, 1258|1546, 1258|1725, 1259|1775, 1259|3062, 1265|3097, 1265|3171, 1232|3349, 1232|4033, com.android.chrome/org.chromium.chrome.browser.download.DownloadActivity, 
1238|1, 1233|147, 1237|193, 1237|395, 1242|481, 1242|588, 1246|653, 1250|738, 1250|797, 1248|854, 1248|905, 1257|958, 1261|1121, 1265|1258, 1266|1326, 1269|1439, 1273|1580, 1276|1692, 1276|1753, 1280|1837, 1285|2009, 1285|2099, 1286|2174, 1286|2747, 1289|2793, 1289|2893, 1293|2935, 1293|3002, 1295|3056, 1295|3090, 1301|3133, 1301|3202, 1236|3386, 1232|3458, 1232|4066, com.android.chrome/org.chromium.chrome.browser.customtabs.CustomTabActivity, 
1238|1, 1235|111, 1235|288, 1236|366, 1236|447, 1238|515, 1242|611, 1242|848, 1246|894, 1246|952, 1250|1011, 1248|1082, 1248|1137, 1252|1193, 1259|1270, 1263|1431, 1266|1546, 1268|1689, 1268|1755, 1272|1962, 1279|2128, 1279|2277, 1284|2431, 1283|2562, 1283|2613, 1284|2662, 1285|2722, 1285|2764, 1286|2813, 1286|2996, 1287|3041, 1293|3083, 1293|3137, 1267|3228, 1243|3298, 1244|3344, 1243|3405, 1237|3543, 1232|3638, 1232|4028, com.android.chrome/org.chromium.chrome.browser.incognito.IncognitoTabLauncher, 
1238|1, 1231|132, 1235|186, 1235|311, 1236|370, 1236|429, 1238|537, 1242|635, 1242|828, 1246|882, 1250|959, 1250|1024, 1248|1097, 1248|1144, 1254|1187, 1259|1277, 1261|1373, 1263|1455, 1266|1614, 1268|1738, 1272|1806, 1272|1851, 1273|2048, 1273|2165, 1279|2289, 1282|2490, 1283|2657, 1284|2719, 1285|2807, 1286|2868, 1286|3094, 1293|3136, 1278|3237, 1242|3286, 1232|3435, 1232|4034, com.android.chrome/org.chromium.chrome.browser.incognito.IncognitoTabLauncher, 
1238|1, 1237|152, 1237|382, 1241|441, 1242|526, 1242|606, 1246|666, 1246|729, 1250|812, 1248|884, 1252|943, 1257|993, 1263|1192, 1268|1329, 1268|1502, 1275|1704, 1276|1836, 1282|2003, 1285|2078, 1285|2147, 1286|2200, 1286|2839, 1289|2890, 1289|2988, 1293|3054, 1299|3127, 1301|3187, 1232|3350, 1232|4006, com.android.chrome/org.chromium.chrome.browser.customtabs.CustomTabActivity, 
1238|1, 1231|97, 1235|155, 1235|278, 1240|344, 1240|389, 1242|442, 1248|528, 1248|711, 1252|750, 1259|833, 1263|978, 1268|1088, 1268|1150, 1272|1263, 1275|1365, 1280|1515, 1282|1635, 1285|1721, 1285|1831, 1286|1884, 1286|2199, 1289|2244, 1289|2324, 1293|2398, 1293|2442, 1295|2496, 1295|3064, 1301|3114, 1301|3157, 1232|3407, 1232|4018, com.android.chrome/org.chromium.chrome.browser.customtabs.PaymentHandlerActivity, 
1238|1, 1235|169, 1235|271, 1236|326, 1238|385, 1242|505, 1242|776, 1246|829, 1250|904, 1250|1030, 1248|1082, 1250|1127, 1257|1182, 1263|1331, 1263|1399, 1266|1496, 1266|1561, 1268|1667, 1270|1729, 1273|1904, 1275|2066, 1280|2251, 1283|2458, 1283|2545, 1284|2604, 1285|2707, 1286|2759, 1286|2955, 1287|2997, 1293|3043, 1293|3091, 1243|3219, 1242|3295, 1244|3351, 1232|3517, 1232|4020, com.android.chrome/org.chromium.chrome.browser.incognito.IncognitoTabLauncher, 
1238|1, 1237|158, 1237|422, 1242|526, 1242|649, 1246|722, 1250|795, 1248|882, 1250|934, 1258|985, 1261|1163, 1263|1253, 1268|1365, 1268|1539, 1278|1684, 1280|1941, 1285|2053, 1285|2225, 1286|2273, 1286|2788, 1289|2833, 1289|2875, 1293|2920, 1293|3036, 1301|3089, 1301|3130, 1282|3196, 1232|3332, 1232|4018, com.android.chrome/org.chromium.chrome.browser.customtabs.CustomTabActivity, 
1238|1, 1235|97, 1235|276, 1236|347, 1238|426, 1242|516, 1242|718, 1244|836, 1246|880, 1246|927, 1250|1018, 1250|1075, 1248|1138, 1254|1198, 1261|1338, 1263|1453, 1266|1559, 1268|1646, 1272|1753, 1273|1903, 1272|2072, 1279|2246, 1279|2333, 1281|2409, 1283|2538, 1283|2667, 1284|2724, 1285|2772, 1285|2835, 1286|2880, 1286|3034, 1292|3075, 1293|3131, 1293|3182, 1243|3265, 1243|3314, 1232|3457, 1232|4012, com.android.chrome/org.chromium.chrome.browser.incognito.IncognitoTabLauncher, 
1238|1, 1238|134, 1231|191, 1235|240, 1235|363, 1240|433, 1240|516, 1244|559, 1247|627, 1248|677, 1248|787, 1254|839, 1262|981, 1263|1073, 1268|1228, 1272|1359, 1275|1457, 1276|1565, 1284|1665, 1285|1748, 1285|1948, 1286|2001, 1286|2477, 1289|2523, 1289|2610, 1293|2656, 1293|2718, 1295|2788, 1295|3153, 1301|3193, 1301|3286, 1232|3492, 1232|4037, com.android.chrome/org.chromium.chrome.browser.customtabs.PaymentHandlerActivity, 
1240|1, 1232|120, 1235|188, 1235|359, 1240|417, 1240|562, 1244|631, 1248|697, 1248|808, 1252|873, 1257|958, 1259|1120, 1263|1243, 1268|1384, 1269|1498, 1275|1616, 1276|1687, 1276|1763, 1280|1864, 1285|1956, 1285|2097, 1286|2134, 1286|2600, 1289|2662, 1289|2705, 1293|2749, 1293|2844, 1295|2885, 1295|3111, 1301|3164, 1300|3230, 1257|3312, 1232|3406, 1232|4006, com.android.chrome/org.chromium.chrome.browser.customtabs.PaymentHandlerActivity, 
1238|1, 1238|104, 1235|150, 1235|323, 1240|369, 1240|462, 1244|518, 1248|572, 1248|721, 1254|774, 1259|859, 1263|1009, 1268|1127, 1274|1285, 1276|1376, 1276|1454, 1284|1542, 1285|1622, 1285|1795, 1286|1866, 1286|2396, 1289|2446, 1289|2532, 1293|2579, 1293|2679, 1295|2738, 1295|3119, 1301|3157, 1301|3214, 1232|3417, 1232|4026, com.android.chrome/org.chromium.chrome.browser.customtabs.PaymentHandlerActivity, 
