123584|1, 123436|296, 123436|775, 123448|842, 123448|2883, 122428|2952, 122428|4168, com.android.chrome/org.chromium.chrome.browser.sync.ui.PassphraseActivity, 
122428|1, 123448|147, 123448|300, 124636|351, 125644|445, 125644|550, 126664|618, 126664|703, 127852|876, 127852|1258, 127972|1302, 127972|1578, 136616|1621, 136616|1661, 126952|1708, 126952|3052, 127972|3083, 124712|3164, 121516|3191, 121516|4011, com.android.chrome/org.chromium.chrome.browser.firstrun.FirstRunActivity, 
121516|1, 122428|146, 122428|352, 122416|435, 122416|683, 123604|744, 123604|819, 123616|851, 123616|3077, 133280|3134, 121408|3244, 121408|4018, com.android.chrome/org.chromium.chrome.browser.preferences.Preferences, 
121408|1, 122428|204, 122428|301, 123616|356, 123616|632, 132260|658, 123616|690, 123616|3025, 124636|3068, 121408|3196, 121408|4058, com.android.chrome/org.chromium.chrome.browser.preferences.website.ManageSpaceActivity, 
121408|1, 122428|193, 122428|327, 122416|376, 122416|1052, 122428|1115, 122428|3040, 121408|3150, 121408|4014, com.android.chrome/org.chromium.chrome.browser.sync.ui.PassphraseActivity, 
121408|1, 122428|254, 122428|309, 123616|364, 123616|3093, 122428|3242, 121408|3277, 121408|4029, com.android.chrome/org.chromium.chrome.browser.preferences.website.ManageSpaceActivity, 
121408|1, 122416|194, 122416|728, 122428|783, 122428|3027, 123448|3097, 121408|3131, 121408|4022, com.android.chrome/org.chromium.chrome.browser.media.router.caf.remoting.CafExpandedControllerActivity, 
121408|1, 122428|186, 122428|379, 122416|425, 122416|1118, 122428|1171, 122428|3084, 123448|3121, 122428|3176, 121408|3210, 121408|4023, com.android.chrome/org.chromium.chrome.browser.sync.ui.PassphraseActivity, 
122428|1, 122428|2998, 123448|3042, 121408|3097, 121408|4016, com.android.chrome/org.chromium.chrome.browser.media.router.caf.remoting.CafExpandedControllerActivity, 
121408|1, 122416|168, 122416|289, 124624|348, 124624|549, 125644|599, 125644|751, 134300|861, 126844|965, 126844|1314, 126880|1369, 126952|1401, 126952|3017, 127972|3086, 123724|3154, 121516|3194, 121516|4004, com.android.chrome/org.chromium.chrome.browser.firstrun.FirstRunActivity, 
121516|1, 122428|184, 122428|371, 122416|431, 122416|500, 123436|537, 123436|584, 124456|642, 124456|682, 125476|775, 125476|926, 126664|978, 126664|1061, 127684|1163, 127684|1302, 127736|1383, 127736|3101, 131112|3317, 121460|3363, 121408|3397, 121408|4040, com.android.chrome/org.chromium.chrome.browser.searchwidget.SearchActivity, 
121408|1, 122428|153, 122428|529, 124636|608, 124636|800, 125656|952, 125656|1062, 126844|1191, 126844|1572, 126880|1655, 126880|1721, 126932|1812, 126932|3071, 127952|3109, 122468|3163, 122468|3261, 121556|3319, 121568|3369, 121516|3442, 121516|4041, com.android.chrome/org.chromium.chrome.browser.incognito.IncognitoTabLauncher, 
121516|1, 122428|165, 122428|360, 122584|423, 124624|521, 124624|646, 133268|739, 125644|862, 125644|908, 125812|959, 126832|1028, 126832|1103, 126844|1177, 126844|3034, 127864|3076, 121408|3298, 121408|4033, com.android.chrome/org.chromium.chrome.browser.customtabs.CustomTabActivity, 
122428|1, 122428|167, 131060|205, 122416|239, 122416|305, 123604|367, 124624|426, 124624|940, 124636|995, 124636|3033, 121408|3237, 121408|4024, com.android.chrome/org.chromium.chrome.browser.bookmarks.BookmarkAddActivity, 
121408|1, 122428|164, 122428|394, 122416|443, 122416|847, 123604|932, 123604|1031, 123616|1063, 123616|3098, 121396|3218, 121408|3279, 121408|4008, com.android.chrome/org.chromium.chrome.browser.download.DownloadActivity, 
121408|1, 122428|163, 122428|395, 122416|442, 122416|704, 123616|818, 123616|3086, 124636|3136, 121408|3289, 121408|4040, com.android.chrome/org.chromium.chrome.browser.preferences.Preferences, 
121408|1, 122428|153, 122428|332, 122416|410, 123436|443, 123436|498, 124456|541, 124456|605, 125476|732, 125476|796, 126664|924, 127684|1055, 127684|1187, 127736|1261, 127736|3075, 126548|3177, 121460|3304, 121408|3349, 121408|4037, com.android.chrome/org.chromium.chrome.browser.searchwidget.SearchActivity, 
121408|1, 122428|174, 122428|326, 123616|390, 123604|455, 123604|489, 124624|540, 124624|586, 133268|628, 124624|690, 124624|941, 124636|1006, 124636|3079, 125656|3108, 123628|3274, 121408|3324, 121408|4029, com.android.chrome/org.chromium.chrome.browser.bookmarks.BookmarkAddActivity, 
121408|1, 122428|172, 122428|385, 123604|461, 124624|520, 124624|792, 125644|891, 125644|990, 125812|1091, 126832|1152, 126832|1288, 135488|1359, 126880|1440, 126952|1474, 126952|3095, 127972|3165, 121516|3258, 121516|4001, com.android.chrome/org.chromium.chrome.browser.firstrun.FirstRunActivity, 
121516|1, 122428|187, 122428|757, 131060|845, 123604|911, 124636|971, 124636|1226, 125656|1380, 125656|1483, 126844|1579, 126844|2436, 126932|2627, 126932|3119, 124724|3242, 123488|3312, 121568|3475, 121516|3597, 121516|4009, com.android.chrome/org.chromium.chrome.browser.incognito.IncognitoTabLauncher, 
121408|1, 122428|266, 122428|345, 122416|451, 123604|508, 124624|621, 124624|1317, 124636|1432, 124636|3078, 122584|3233, 121408|3290, 121408|4036, com.android.chrome/org.chromium.chrome.browser.bookmarks.BookmarkAddActivity, 
121408|1, 122428|171, 122428|562, 124636|646, 124636|1129, 125656|1230, 125656|1333, 126844|1499, 126856|1585, 126856|3132, 125668|3212, 121408|3481, 121408|4021, com.android.chrome/org.chromium.chrome.browser.customtabs.PaymentHandlerActivity, 
121408|1, 122416|221, 122416|894, 123604|984, 123604|1230, 123616|1296, 132260|1355, 123616|1396, 123616|3105, 130052|3301, 121408|3353, 121408|4010, com.android.chrome/org.chromium.chrome.browser.history.HistoryActivity, 
122428|1, 122428|461, 122416|527, 122416|1273, 122428|1367, 122428|3104, 121408|3182, 121408|4028, com.android.chrome/org.chromium.chrome.browser.sync.ui.PassphraseActivity, 
121408|1, 122428|197, 122428|525, 122584|627, 123604|708, 124624|781, 124624|948, 125644|1045, 125644|1213, 126832|1449, 126832|1711, 126880|1843, 126952|1901, 126952|3140, 121516|3287, 121516|4006, com.android.chrome/org.chromium.chrome.browser.firstrun.FirstRunActivity, 
121516|1, 122428|182, 122428|436, 122416|490, 122416|1070, 123604|1155, 123604|1249, 123616|1289, 123616|1486, 132260|1533, 123616|1569, 123616|3035, 124636|3175, 121408|3298, 121408|4035, com.android.chrome/org.chromium.chrome.browser.download.DownloadActivity, 
121408|1, 122428|206, 122428|448, 122416|507, 122416|1151, 123604|1257, 123604|1309, 123616|1364, 123616|3127, 122416|3285, 121408|3361, 121408|4011, com.android.chrome/org.chromium.chrome.browser.download.DownloadActivity, 
121408|1, 122428|161, 122428|401, 131060|484, 122416|567, 122416|1400, 122428|1472, 122428|3129, 121408|3228, 121408|4022, com.android.chrome/org.chromium.chrome.browser.sync.ui.PassphraseActivity, 
130052|1, 121408|150, 122428|194, 122428|523, 122416|573, 123604|662, 124624|749, 124624|1052, 125644|1201, 125644|1430, 126844|1628, 126844|3184, 121396|3341, 121408|3416, 121408|4036, com.android.chrome/org.chromium.chrome.browser.customtabs.CustomTabActivity, 
121408|1, 122428|212, 122428|502, 122416|623, 122416|671, 123604|721, 123616|807, 123616|3254, 121408|3421, 121408|4029, com.android.chrome/org.chromium.chrome.browser.preferences.website.ManageSpaceActivity, 
121408|1, 122428|207, 122428|439, 122416|519, 122416|630, 123436|689, 123436|768, 124456|826, 124456|1025, 125476|1176, 125476|1229, 126664|1384, 126664|1527, 127684|1661, 127684|1760, 127736|1814, 127736|3080, 128756|3133, 121468|3291, 121460|3356, 121408|3407, 121408|4029, com.android.chrome/org.chromium.chrome.browser.searchwidget.SearchActivity, 
121408|1, 121408|124, 122428|187, 122428|570, 122416|623, 122416|1430, 122428|1497, 122428|3254, 121408|3300, 121408|4027, com.android.chrome/org.chromium.chrome.browser.sync.ui.PassphraseActivity, 
121408|1, 122428|180, 122428|399, 122416|543, 122416|1103, 122584|1200, 123604|1275, 123604|1326, 123616|1366, 123616|3161, 122416|3296, 121408|3423, 121408|4055, com.android.chrome/org.chromium.chrome.browser.download.DownloadActivity, 
121408|1, 122428|200, 122428|443, 122416|507, 122416|560, 123604|653, 124624|764, 124624|951, 125644|1113, 125644|1262, 126832|1389, 126844|1645, 126844|3053, 127864|3115, 121396|3279, 121408|3335, 121408|4007, com.android.chrome/org.chromium.chrome.browser.customtabs.CustomTabActivity, 
121408|1, 122428|203, 122428|412, 122416|508, 122416|606, 123436|654, 123436|748, 124456|793, 124456|980, 125476|1058, 125476|1239, 126664|1330, 126664|1450, 127684|1571, 127736|1706, 127736|3069, 130104|3226, 121408|3336, 121408|4063, com.android.chrome/org.chromium.chrome.browser.searchwidget.SearchActivity, 
130052|1, 122428|136, 122428|631, 123616|684, 124636|756, 124636|1095, 125656|1256, 125656|1393, 126844|1495, 126856|1647, 126856|3108, 127876|3226, 121408|3304, 121408|4065, com.android.chrome/org.chromium.chrome.browser.customtabs.PaymentHandlerActivity, 
121408|1, 122428|202, 122428|502, 122416|598, 123604|677, 124624|747, 124624|1365, 124636|1435, 124636|3314, 121408|3393, 121408|4038, com.android.chrome/org.chromium.chrome.browser.bookmarks.BookmarkAddActivity, 
121408|1, 122428|119, 122428|821, 123604|902, 124624|964, 124636|1026, 124636|1397, 125656|1529, 125824|1616, 126844|1734, 126844|2023, 126896|2466, 126896|3153, 123488|3242, 123488|3292, 121484|3416, 121568|3526, 121516|3582, 121516|4018, com.android.chrome/org.chromium.chrome.browser.incognito.IncognitoTabLauncher, 
121516|1, 121408|197, 122428|244, 122428|506, 122416|608, 122416|690, 124624|804, 124624|1128, 125644|1214, 125644|1306, 126844|1553, 126844|1979, 126880|2077, 126880|2134, 126952|2179, 126952|3215, 125764|3298, 121516|3351, 121516|4020, com.android.chrome/org.chromium.chrome.browser.firstrun.FirstRunActivity, 
121516|1, 121408|156, 122428|201, 122428|481, 122416|597, 122416|1065, 123604|1142, 123604|1338, 123616|1387, 123616|3161, 124636|3218, 132092|3374, 121408|3435, 121408|4029, com.android.chrome/org.chromium.chrome.browser.history.HistoryActivity, 
121408|1, 122428|159, 122428|493, 122416|578, 122416|687, 123436|737, 123436|817, 124456|878, 124456|1119, 125476|1232, 125476|1350, 126664|1427, 126664|1522, 127684|1660, 127736|1777, 127736|3143, 123488|3295, 121460|3390, 121408|3453, 121408|4022, com.android.chrome/org.chromium.chrome.browser.searchwidget.SearchActivity, 
121408|1, 122428|143, 122428|401, 122416|509, 122416|1028, 123604|1131, 123604|1235, 123616|1311, 123616|3234, 121408|3373, 121408|4033, com.android.chrome/org.chromium.chrome.browser.history.HistoryActivity, 
121408|1, 121408|135, 122428|196, 122428|3125, 121408|3206, 121408|4026, com.android.chrome/org.chromium.chrome.browser.media.router.caf.remoting.CafExpandedControllerActivity, 
121408|1, 122428|169, 122428|443, 131060|529, 123604|592, 123604|654, 124624|720, 124624|995, 125644|1080, 125644|1390, 126832|1487, 126832|1685, 126844|1815, 126880|1858, 126952|1902, 126952|3129, 127972|3194, 124744|3298, 121516|3352, 121516|4033, com.android.chrome/org.chromium.chrome.browser.firstrun.FirstRunActivity, 
121516|1, 122428|139, 122428|415, 122416|503, 122416|1137, 123604|1214, 123604|1274, 123616|1321, 123616|3139, 121408|3363, 121408|4028, com.android.chrome/org.chromium.chrome.browser.download.DownloadActivity, 
121408|1, 122428|160, 122428|365, 122416|435, 122416|635, 123436|702, 123436|773, 124456|834, 124456|1054, 125476|1155, 125476|1282, 126664|1423, 127684|1552, 127736|1689, 127736|3163, 121448|3277, 121408|3362, 121408|4032, com.android.chrome/org.chromium.chrome.browser.searchwidget.SearchActivity, 
121408|1, 121408|173, 122428|250, 122428|488, 122416|565, 123604|621, 123604|669, 123616|734, 123616|3132, 124636|3216, 121408|3391, 121408|4005, com.android.chrome/org.chromium.chrome.browser.preferences.website.ManageSpaceActivity, 
121408|1, 122428|148, 122428|3127, 121408|3208, 121408|4054, com.android.chrome/org.chromium.chrome.browser.media.router.caf.remoting.CafExpandedControllerActivity, 
122428|1, 121408|108, 122428|190, 122428|540, 123604|659, 124624|722, 124624|942, 125644|1043, 125644|1214, 134300|1350, 126844|1577, 126844|1794, 126880|1874, 126880|1926, 126952|1994, 126952|3116, 125764|3170, 121516|3251, 121516|4027, com.android.chrome/org.chromium.chrome.browser.firstrun.FirstRunActivity, 
121516|1, 122428|243, 122428|466, 122416|593, 123604|665, 123604|732, 124624|795, 124624|1435, 124636|1516, 124636|3193, 123628|3399, 130052|3447, 121408|3496, 121408|4026, com.android.chrome/org.chromium.chrome.browser.bookmarks.BookmarkAddActivity, 
121408|1, 122428|184, 122428|548, 122416|604, 122416|1138, 123604|1218, 123604|1314, 123616|1366, 123616|3144, 124636|3215, 121408|3386, 121408|4024, com.android.chrome/org.chromium.chrome.browser.download.DownloadActivity, 
121408|1, 121408|123, 122428|196, 122428|434, 131060|521, 122416|580, 122416|1054, 123604|1166, 123604|1264, 123616|1328, 123616|3086, 124636|3219, 121396|3307, 121408|3357, 121408|4037, com.android.chrome/org.chromium.chrome.browser.history.HistoryActivity, 
121408|1, 122428|150, 122428|362, 131072|436, 122416|535, 122416|1127, 123604|1198, 123604|1375, 123616|1424, 123616|3110, 122416|3266, 121408|3360, 121408|4005, com.android.chrome/org.chromium.chrome.browser.history.HistoryActivity, 
121408|1, 121408|123, 122428|216, 122428|454, 122416|537, 122584|609, 124624|679, 124624|1025, 125644|1220, 125644|1305, 126832|1461, 126844|1711, 126844|3169, 127864|3223, 121408|3424, 121408|4001, com.android.chrome/org.chromium.chrome.browser.customtabs.CustomTabActivity, 
121408|1, 121408|223, 122428|311, 122428|507, 122416|622, 122416|978, 131060|1023, 122416|1068, 122416|1264, 123604|1353, 123604|1493, 123616|1536, 123616|3208, 122608|3396, 121408|3447, 121408|4009, com.android.chrome/org.chromium.chrome.browser.download.DownloadActivity, 
121408|1, 122428|132, 122428|493, 122416|559, 123604|637, 124624|739, 124624|993, 125644|1110, 125656|1345, 125656|1457, 126844|1525, 126844|1623, 135488|1701, 126880|1830, 126880|1923, 126952|1990, 126952|3105, 127972|3162, 121516|3265, 121516|4021, com.android.chrome/org.chromium.chrome.browser.firstrun.FirstRunActivity, 
121516|1, 121408|167, 122428|230, 122428|599, 122416|651, 123604|728, 123616|781, 123616|947, 132260|997, 123616|1040, 123616|3191, 121408|3389, 121408|4018, com.android.chrome/org.chromium.chrome.browser.preferences.website.ManageSpaceActivity, 
121408|1, 122428|225, 122428|482, 122416|589, 123604|641, 123604|727, 124624|813, 124624|1361, 124636|1454, 124636|3347, 121408|3429, 121408|4013, com.android.chrome/org.chromium.chrome.browser.bookmarks.BookmarkAddActivity, 
121408|1, 121408|153, 122428|216, 122428|468, 122416|558, 122416|1177, 123604|1263, 123604|1368, 123616|1412, 123616|3153, 122416|3279, 121408|3441, 121408|4020, com.android.chrome/org.chromium.chrome.browser.history.HistoryActivity, 
121408|1, 121408|137, 122428|195, 122428|567, 123616|631, 124636|713, 124636|899, 125656|1076, 125656|1318, 126844|1508, 126856|1594, 126856|3133, 121408|3327, 121408|4030, com.android.chrome/org.chromium.chrome.browser.customtabs.PaymentHandlerActivity, 
121408|1, 121408|129, 122428|186, 122428|561, 122416|638, 123604|713, 124624|803, 124624|1426, 124636|1502, 133280|1562, 124636|1602, 124636|3283, 121408|3422, 121408|4027, com.android.chrome/org.chromium.chrome.browser.bookmarks.BookmarkAddActivity, 
121408|1, 122428|147, 122428|560, 124636|639, 124636|963, 125656|1192, 125656|1382, 126856|1510, 126856|3139, 122608|3299, 121408|3341, 121408|4002, com.android.chrome/org.chromium.chrome.browser.customtabs.PaymentHandlerActivity, 
121408|1, 121408|203, 122428|263, 122428|552, 122416|600, 122416|647, 123604|694, 123604|736, 123616|778, 123616|914, 132260|963, 123616|1011, 123616|3169, 121408|3347, 121408|4014, com.android.chrome/org.chromium.chrome.browser.preferences.website.ManageSpaceActivity, 
121408|1, 121408|148, 122428|214, 122428|548, 122416|606, 122416|1071, 123604|1152, 123604|1211, 123616|1271, 123616|3155, 124636|3210, 121396|3392, 121408|3460, 121408|4032, com.android.chrome/org.chromium.chrome.browser.preferences.Preferences, 
121408|1, 121408|136, 122428|180, 122428|445, 131060|550, 122416|616, 122416|1055, 123604|1185, 123604|1308, 123616|1374, 123616|1534, 132260|1578, 123616|1633, 123616|3107, 122416|3239, 121396|3312, 121408|3358, 121408|4039, com.android.chrome/org.chromium.chrome.browser.download.DownloadActivity, 
121408|1, 122428|176, 122428|3105, 121408|3196, 121408|4040, com.android.chrome/org.chromium.chrome.browser.media.router.caf.remoting.CafExpandedControllerActivity, 
121408|1, 122428|140, 122428|533, 123604|615, 123604|705, 124624|773, 124624|1381, 133280|1476, 125656|1530, 125656|3202, 123448|3402, 122428|3462, 122428|4022, com.android.chrome/org.chromium.chrome.browser.bookmarks.BookmarkAddActivity, 
122428|1, 122428|136, 123448|195, 123448|3144, 124468|3205, 122428|3281, 122428|4023, com.android.chrome/org.chromium.chrome.browser.media.router.caf.remoting.CafExpandedControllerActivity, 
122428|1, 122428|148, 123448|209, 123448|581, 123436|635, 123436|1126, 124624|1232, 124624|1293, 124636|1345, 124636|3247, 122416|3408, 122428|3459, 122428|4005, com.android.chrome/org.chromium.chrome.browser.preferences.Preferences, 
122428|1, 122428|160, 123448|258, 123448|535, 123436|603, 124624|657, 124624|703, 124636|749, 133280|823, 124636|862, 124636|3149, 125656|3214, 122428|3392, 122428|4009, com.android.chrome/org.chromium.chrome.browser.preferences.website.ManageSpaceActivity, 
131072|1, 122428|99, 123448|164, 123448|539, 124636|588, 125656|643, 125656|968, 126676|1112, 126676|1267, 126844|1338, 127864|1477, 127864|1567, 127876|1633, 127876|3165, 124648|3369, 122428|3417, 122428|4031, com.android.chrome/org.chromium.chrome.browser.customtabs.PaymentHandlerActivity, 
122428|1, 122428|122, 123448|203, 123448|502, 123436|562, 123436|1138, 124624|1218, 124624|1328, 124636|1386, 124636|3107, 122428|3331, 122428|4029, com.android.chrome/org.chromium.chrome.browser.download.DownloadActivity, 
122428|1, 122428|143, 123448|199, 123448|496, 123604|603, 125644|697, 125644|1327, 125656|1412, 125656|3202, 123436|3431, 122428|3482, 122428|4025, com.android.chrome/org.chromium.chrome.browser.bookmarks.BookmarkAddActivity, 
131072|1, 122428|136, 123448|225, 123448|427, 132080|506, 124624|579, 125644|658, 125644|1221, 125656|1315, 134300|1377, 125656|1425, 125656|1722, 134300|1791, 125656|1854, 125656|3169, 123436|3331, 122428|3394, 122428|4009, com.android.chrome/org.chromium.chrome.browser.bookmarks.BookmarkAddActivity, 
123448|1, 123448|381, 123436|512, 123436|856, 123448|1003, 123448|3147, 122428|3217, 122428|4017, com.android.chrome/org.chromium.chrome.browser.sync.ui.PassphraseActivity, 
122428|1, 122428|133, 123448|182, 123448|466, 123436|535, 123436|896, 124624|992, 124624|1073, 124636|1126, 124636|3185, 122428|3364, 122428|4002, com.android.chrome/org.chromium.chrome.browser.preferences.Preferences, 
132092|1, 123448|144, 123448|490, 123436|570, 124624|629, 124636|695, 124636|3113, 123436|3206, 122428|3344, 122428|4021, com.android.chrome/org.chromium.chrome.browser.preferences.website.ManageSpaceActivity, 
122428|1, 123448|92, 123448|709, 125644|889, 125656|941, 125656|1160, 126676|1247, 126676|1422, 127864|1709, 127864|2164, 127916|2350, 127916|3103, 128936|3157, 133152|3227, 124508|3275, 124508|3355, 122576|3419, 122588|3585, 122536|3666, 122536|4010, com.android.chrome/org.chromium.chrome.browser.incognito.IncognitoTabLauncher, 
122536|1, 122428|139, 123448|196, 123448|510, 123436|579, 124456|630, 124456|761, 125476|813, 125476|903, 126496|1035, 126496|1183, 127684|1345, 128704|1539, 128756|1667, 128756|3236, 129776|3316, 122480|3474, 122428|3540, 122428|4012, com.android.chrome/org.chromium.chrome.browser.searchwidget.SearchActivity, 
122428|1, 122428|83, 123448|151, 123448|431, 132080|487, 123448|598, 123448|3130, 124468|3193, 122428|3247, 122428|4022, com.android.chrome/org.chromium.chrome.browser.media.router.caf.remoting.CafExpandedControllerActivity, 
122428|1, 123448|173, 123448|499, 123436|606, 123436|1141, 124624|1267, 124636|1331, 124636|3251, 134120|3345, 122428|3459, 122428|4017, com.android.chrome/org.chromium.chrome.browser.preferences.Preferences, 
122428|1, 122428|114, 123448|182, 123448|452, 132080|569, 124624|651, 124624|703, 125644|767, 125644|978, 126664|1090, 126664|1245, 127864|1442, 127864|1890, 127900|1957, 127972|2018, 127972|3090, 128992|3197, 122536|3239, 122536|4006, com.android.chrome/org.chromium.chrome.browser.firstrun.FirstRunActivity, 
122536|1, 122428|115, 122428|167, 123448|207, 123448|485, 123436|549, 123436|917, 124624|1016, 124624|1195, 124636|1247, 133280|1319, 124636|1360, 124636|3204, 122416|3423, 122428|3476, 122428|4015, com.android.chrome/org.chromium.chrome.browser.history.HistoryActivity, 
122428|1, 122428|79, 123448|138, 123448|450, 123436|543, 123436|629, 125644|713, 125644|1147, 126664|1246, 126664|1322, 126832|1471, 127852|1603, 127864|1729, 127864|3150, 131060|3300, 122428|3379, 122428|4004, com.android.chrome/org.chromium.chrome.browser.customtabs.CustomTabActivity, 
122428|1, 122428|165, 123448|243, 123448|559, 123436|610, 123436|1048, 124624|1134, 124624|1256, 124636|1318, 124636|3149, 125656|3217, 122416|3386, 122428|3427, 122428|4007, com.android.chrome/org.chromium.chrome.browser.history.HistoryActivity, 
122428|1, 122428|118, 123448|193, 123448|468, 123436|564, 123436|621, 124456|681, 124456|814, 125476|885, 125476|1019, 126496|1105, 126496|1192, 127684|1312, 128704|1455, 128704|1573, 128756|1694, 128756|3160, 125528|3262, 122468|3367, 122428|3445, 122428|4014, com.android.chrome/org.chromium.chrome.browser.searchwidget.SearchActivity, 
122428|1, 122428|131, 123448|195, 123448|552, 124636|643, 124636|3108, 125656|3170, 122428|3334, 122428|4021, com.android.chrome/org.chromium.chrome.browser.preferences.website.ManageSpaceActivity, 
122428|1, 122428|172, 123448|234, 123448|486, 123436|563, 124456|630, 124456|760, 125476|831, 125476|1021, 126496|1137, 127684|1319, 127684|1438, 128704|1644, 128756|1844, 128756|3199, 122468|3343, 122428|3446, 122428|4023, com.android.chrome/org.chromium.chrome.browser.searchwidget.SearchActivity, 
122428|1, 122428|162, 123448|214, 123448|567, 123436|629, 123436|1163, 124624|1272, 124624|1376, 124636|1429, 124636|3176, 122428|3382, 122428|4050, com.android.chrome/org.chromium.chrome.browser.history.HistoryActivity, 
122428|1, 123448|106, 122428|188, 123448|241, 123448|569, 123436|635, 123436|1157, 124624|1249, 124624|1320, 124636|1375, 124636|1542, 133280|1640, 124636|1683, 124636|1916, 133280|1963, 124636|2012, 124636|3166, 125656|3212, 122416|3428, 122428|3469, 122428|4001, com.android.chrome/org.chromium.chrome.browser.preferences.Preferences, 
123448|1, 123448|380, 123436|492, 123436|708, 124456|767, 124456|843, 125476|896, 125476|1024, 126496|1191, 126496|1356, 128704|1521, 128704|1690, 128756|1798, 128756|3102, 129776|3172, 123656|3287, 122428|3396, 122428|4027, com.android.chrome/org.chromium.chrome.browser.searchwidget.SearchActivity, 
122428|1, 123448|86, 122428|141, 123448|190, 123448|503, 123436|590, 123436|1063, 124624|1177, 124636|1283, 124636|3150, 125656|3209, 122428|3362, 122428|4027, com.android.chrome/org.chromium.chrome.browser.preferences.Preferences, 
122428|1, 122428|125, 123448|221, 123448|649, 125656|702, 125656|1010, 126676|1118, 126676|1258, 126844|1321, 127864|1637, 127876|1739, 127876|3178, 122428|3376, 122428|4030, com.android.chrome/org.chromium.chrome.browser.customtabs.PaymentHandlerActivity, 
122428|1, 122428|136, 123448|182, 123448|453, 123436|578, 123436|1399, 123448|1485, 123448|3246, 122428|3285, 122428|4017, com.android.chrome/org.chromium.chrome.browser.sync.ui.PassphraseActivity, 
122428|1, 122428|95, 123448|192, 123448|449, 123436|559, 123436|1097, 124624|1220, 124624|1332, 124636|1399, 124636|1608, 133280|1647, 124636|1688, 124636|3150, 125656|3260, 122428|3401, 122428|4033, com.android.chrome/org.chromium.chrome.browser.history.HistoryActivity, 
122428|1, 122428|146, 123448|227, 123448|472, 123436|573, 123436|1018, 124624|1087, 124624|1148, 124636|1208, 124636|1400, 133280|1454, 124636|1500, 124636|3179, 125656|3247, 122428|3382, 122428|4005, com.android.chrome/org.chromium.chrome.browser.preferences.Preferences, 
122428|1, 122428|135, 123448|179, 123448|444, 123436|568, 123436|996, 123448|1040, 123448|3162, 122428|3236, 122428|4024, com.android.chrome/org.chromium.chrome.browser.media.router.caf.remoting.CafExpandedControllerActivity, 
131072|1, 123448|112, 123448|3100, 122428|3191, 122428|4007, com.android.chrome/org.chromium.chrome.browser.media.router.caf.remoting.CafExpandedControllerActivity, 
122428|1, 123448|153, 123448|836, 123436|884, 124624|957, 125656|1016, 125656|1353, 126676|1482, 126676|1613, 127864|1753, 127864|2249, 127900|2592, 127952|2713, 127952|3164, 124508|3239, 122524|3363, 122536|3507, 122536|4016, com.android.chrome/org.chromium.chrome.browser.incognito.IncognitoTabLauncher, 
122536|1, 122428|119, 123448|190, 123448|425, 123436|514, 123436|573, 124624|653, 125644|718, 125644|1066, 126664|1259, 126664|1350, 127852|1511, 127864|1690, 127864|3123, 128884|3183, 122428|3347, 122428|4025, com.android.chrome/org.chromium.chrome.browser.customtabs.CustomTabActivity, 
122428|1, 123448|148, 123448|490, 123436|602, 123436|984, 123448|1090, 123448|3133, 122428|3222, 122428|4018, com.android.chrome/org.chromium.chrome.browser.sync.ui.PassphraseActivity, 
122428|1, 123448|155, 123448|501, 132080|571, 123436|614, 123436|953, 123448|1067, 123448|3140, 124468|3191, 123448|3274, 122428|3310, 122428|4026, com.android.chrome/org.chromium.chrome.browser.sync.ui.PassphraseActivity, 
122428|1, 122428|101, 123448|161, 123448|487, 123436|564, 123436|1028, 124624|1104, 124624|1186, 124636|1238, 124636|1430, 133280|1492, 124636|1537, 124636|3135, 125656|3221, 122428|3351, 122428|4024, com.android.chrome/org.chromium.chrome.browser.preferences.Preferences, 
122428|1, 123448|118, 123448|391, 123436|469, 123436|531, 123448|603, 123448|3097, 122428|3180, 122428|4011, com.android.chrome/org.chromium.chrome.browser.media.router.caf.remoting.CafExpandedControllerActivity, 
122428|1, 122428|105, 123448|156, 123448|873, 123436|935, 125644|1027, 125656|1086, 125656|1267, 126676|1402, 126676|1656, 127864|1739, 127864|2411, 127916|2569, 127916|3087, 128936|3188, 124508|3261, 124508|3337, 122536|3565, 131036|3648, 122536|3754, 122536|4005, com.android.chrome/org.chromium.chrome.browser.incognito.IncognitoTabLauncher, 
122536|1, 122428|96, 122428|187, 123448|243, 123448|467, 123436|580, 123436|718, 125644|829, 125644|1061, 126664|1177, 126664|1299, 127852|1466, 127864|1697, 127864|3189, 125644|3267, 122428|3392, 122428|4019, com.android.chrome/org.chromium.chrome.browser.customtabs.CustomTabActivity, 
122428|1, 122428|135, 123448|214, 123448|515, 124624|590, 124636|639, 133280|712, 124636|749, 124636|3194, 123616|3421, 122428|3471, 122428|4022, com.android.chrome/org.chromium.chrome.browser.preferences.website.ManageSpaceActivity, 
122428|1, 122428|113, 123448|205, 123448|443, 123436|555, 123436|613, 124624|704, 125644|770, 125644|953, 126664|1137, 126676|1377, 127864|1503, 127864|1839, 127972|1908, 127972|3154, 122536|3314, 122536|4021, com.android.chrome/org.chromium.chrome.browser.firstrun.FirstRunActivity, 
122536|1, 123448|122, 123448|511, 123436|566, 123436|1167, 124624|1257, 124624|1371, 124636|1430, 133280|1506, 124636|1554, 124636|3142, 125656|3178, 122428|3356, 122428|4007, com.android.chrome/org.chromium.chrome.browser.download.DownloadActivity, 
122428|1, 122428|151, 123448|199, 123448|486, 123436|594, 123436|658, 125644|743, 125644|1123, 126664|1262, 126664|1438, 127864|1585, 127864|3207, 131072|3390, 122428|3456, 122428|4072, com.android.chrome/org.chromium.chrome.browser.customtabs.CustomTabActivity, 
131072|1, 123448|120, 123448|753, 123436|856, 123436|903, 123604|960, 125644|1019, 125656|1088, 125656|1278, 126676|1428, 126676|1540, 127864|1685, 127864|2434, 127916|2569, 127916|3147, 134652|3226, 124508|3307, 124508|3353, 124544|3413, 123536|3552, 122536|3646, 122536|4037, com.android.chrome/org.chromium.chrome.browser.incognito.IncognitoTabLauncher, 
122536|1, 122428|136, 123448|191, 123448|772, 132080|834, 123436|886, 125644|964, 125656|1030, 125656|1368, 126676|1461, 126676|1613, 127864|1743, 127864|2489, 127916|2661, 127916|3142, 128936|3237, 124508|3292, 122524|3433, 122536|3535, 122536|4003, com.android.chrome/org.chromium.chrome.browser.incognito.IncognitoTabLauncher, 
122536|1, 122428|151, 123448|231, 123448|527, 123436|606, 123436|669, 124624|732, 125644|806, 125644|996, 126664|1195, 126664|1331, 126832|1422, 127852|1506, 127864|1707, 127864|3191, 122416|3353, 122428|3424, 122428|4010, com.android.chrome/org.chromium.chrome.browser.customtabs.CustomTabActivity, 
122428|1, 122428|99, 123448|156, 123448|441, 125656|529, 125656|833, 126676|963, 126676|1086, 127864|1151, 127864|1364, 127876|1503, 127876|3159, 122428|3409, 122428|4020, com.android.chrome/org.chromium.chrome.browser.customtabs.PaymentHandlerActivity, 
123448|1, 123448|710, 132080|777, 123436|827, 124624|904, 125644|952, 125656|1023, 125656|1321, 126676|1400, 126676|1563, 127864|1667, 127864|2251, 127952|2458, 127952|3092, 124508|3221, 124508|3296, 124544|3352, 122516|3485, 122536|3575, 122536|4022, com.android.chrome/org.chromium.chrome.browser.incognito.IncognitoTabLauncher, 
122536|1, 122428|159, 123448|213, 123448|424, 132080|527, 123436|598, 123436|720, 125644|796, 125644|1163, 126664|1253, 126664|1366, 127852|1541, 127864|1682, 127864|3133, 134600|3196, 122428|3333, 122428|4020, com.android.chrome/org.chromium.chrome.browser.customtabs.CustomTabActivity, 
122428|1, 123448|97, 123448|719, 123436|838, 123436|927, 125644|1015, 125656|1077, 125656|1340, 126676|1453, 126676|1643, 127864|1745, 127864|2410, 127900|2527, 127952|2669, 127952|3133, 128972|3184, 124508|3266, 124508|3457, 122536|3577, 122536|4013, com.android.chrome/org.chromium.chrome.browser.incognito.IncognitoTabLauncher, 
122536|1, 122428|139, 122428|195, 123448|243, 123448|563, 124636|631, 125656|682, 125656|985, 126676|1076, 126676|1209, 127864|1339, 127864|1456, 127876|1570, 127876|3246, 128896|3284, 122428|3496, 122428|4042, com.android.chrome/org.chromium.chrome.browser.customtabs.PaymentHandlerActivity, 
122428|1, 122428|192, 123448|254, 123448|636, 125656|700, 125656|1124, 126676|1249, 126676|1390, 127864|1495, 127876|1621, 127876|3170, 128896|3236, 125624|3317, 122428|3412, 122428|4012, com.android.chrome/org.chromium.chrome.browser.customtabs.PaymentHandlerActivity, 
122428|1, 123448|106, 122428|152, 123448|198, 123448|519, 125656|573, 125656|856, 126676|1010, 126676|1128, 127864|1286, 127876|1378, 127876|3159, 128896|3213, 122428|3419, 122428|4027, com.android.chrome/org.chromium.chrome.browser.customtabs.PaymentHandlerActivity, 
