39383812|1, 39383812|402, 39383892|477, 39383892|584, 39383952|621, 39384032|685, 39384032|735, 39384092|774, 39384092|962, 39384152|1113, 39384152|1420, 39384232|1456, 39384232|1637, 39384312|1674, 39384312|1720, 39384372|1751, 39384372|1967, 39384432|1993, 39384432|4083, com.android.chrome/org.chromium.chrome.browser.sync.ui.PassphraseActivity, 
39384432|1, 39384432|240, 39384726|330, 39384726|586, 39384806|752, 39384806|851, 39384886|893, 39384946|950, 39384946|1113, 39385006|1192, 39385006|1640, 39385086|1666, 39385086|1854, 39385166|1882, 39385166|1921, 39385226|1956, 39385226|2164, 39385286|2186, 39385286|4014, com.android.chrome/org.chromium.chrome.browser.firstrun.FirstRunActivity, 
39385286|1, 39385286|671, 39385366|702, 39385366|925, 39385446|961, 39385446|987, 39385506|1020, 39385506|1224, 39385566|1253, 39385566|1695, 39385646|1719, 39385646|1930, 39385726|1956, 39385726|1997, 39385786|2021, 39385786|2107, 39385866|2129, 39385866|2238, 39385926|2260, 39385926|4016, com.android.chrome/org.chromium.chrome.browser.preferences.Preferences, 
39385926|1, 39385926|4012, com.android.chrome/org.chromium.chrome.browser.preferences.website.ManageSpaceActivity, 
39385926|1, 39385926|495, 39386006|573, 39386006|764, 39386086|802, 39386146|842, 39386146|1051, 39386206|1087, 39386206|1528, 39386286|1571, 39386286|1731, 39386366|1774, 39386366|1813, 39386426|1847, 39386426|2058, 39386486|2083, 39386486|4022, com.android.chrome/org.chromium.chrome.browser.sync.ui.PassphraseActivity, 
39386486|1, 39386486|4020, com.android.chrome/org.chromium.chrome.browser.preferences.website.ManageSpaceActivity, 
39386486|1, 39386486|4004, com.android.chrome/org.chromium.chrome.browser.media.router.caf.remoting.CafExpandedControllerActivity, 
39386486|1, 39386486|405, 39386546|456, 39387546|600, 39387546|759, 39387626|795, 39387626|826, 39387686|855, 39387686|1072, 39387746|1103, 39387746|1537, 39387826|1588, 39387826|1769, 39387906|1812, 39387966|1846, 39387966|2063, 39388026|2088, 39388026|4022, com.android.chrome/org.chromium.chrome.browser.sync.ui.PassphraseActivity, 
39388026|1, 39388026|1310, 39388320|1348, 39388320|4040, com.android.chrome/org.chromium.chrome.browser.media.router.caf.remoting.CafExpandedControllerActivity, 
39388320|1, 39388320|797, 39388400|907, 39388400|1009, 39388480|1079, 39388540|1163, 39388540|1337, 39388600|1364, 39388600|1777, 39388680|1811, 39388680|2031, 39388760|2065, 39388760|2098, 39388820|2121, 39388820|2332, 39388880|2355, 39388880|4001, com.android.chrome/org.chromium.chrome.browser.firstrun.FirstRunActivity, 
39388880|1, 39388880|878, 39389040|984, 39389040|1146, 39389200|1212, 39389320|1265, 39389320|1462, 39389380|1493, 39389440|1527, 39389440|1909, 39389600|1956, 39389600|2176, 39389760|2207, 39389880|2267, 39389880|2451, 39389940|2486, 39390000|2515, 39390000|4016, com.android.chrome/org.chromium.chrome.browser.searchwidget.SearchActivity, 
39390000|1, 39390000|1013, 39390080|1123, 39390160|1287, 39390160|1402, 39391077|1515, 39391137|1591, 39391830|1670, 39391993|1748, 39392105|1788, 39392196|1851, 39392196|1914, 39392276|1951, 39392336|1985, 39392336|2195, 39392476|2237, 39392476|2463, 39392556|2499, 39392556|2528, 39392616|2553, 39392616|2651, 39392696|2692, 39392696|2757, 39392756|2792, 39392756|2903, 39392836|2940, 39392836|2975, 39392896|3030, 39393000|3095, 39393000|4011, com.android.chrome/org.chromium.chrome.browser.incognito.IncognitoTabLauncher, 
39393000|1, 39393000|876, 39393080|958, 39393160|1044, 39393160|1092, 39393997|1172, 39394666|1268, 39394913|1341, 39394913|1466, 39395056|1517, 39395116|1559, 39395116|1936, 39395196|1969, 39395196|2194, 39395276|2218, 39395276|2248, 39395336|2280, 39395336|2516, 39395396|2543, 39395396|3069, 39395500|3215, 39395500|4012, com.android.chrome/org.chromium.chrome.browser.customtabs.CustomTabActivity, 
39395500|1, 39395500|622, 39395580|713, 39395580|932, 39395660|962, 39395720|1013, 39395720|1233, 39395780|1270, 39395780|1693, 39395860|1719, 39395860|1933, 39395940|1959, 39395940|1985, 39396000|2013, 39396000|2230, 39396060|2261, 39396060|4007, com.android.chrome/org.chromium.chrome.browser.bookmarks.BookmarkAddActivity, 
39396060|1, 39396060|710, 39396140|809, 39396140|938, 39396220|997, 39396280|1034, 39396280|1236, 39396340|1266, 39396340|1678, 39396420|1712, 39396420|1937, 39396500|1966, 39396500|1991, 39396560|2020, 39396560|2252, 39396620|2282, 39396620|4032, com.android.chrome/org.chromium.chrome.browser.download.DownloadActivity, 
39396620|1, 39396620|560, 39396700|688, 39396700|886, 39396780|922, 39396840|966, 39396840|1170, 39396900|1198, 39396900|1635, 39396980|1668, 39396980|1894, 39397060|1933, 39397120|1959, 39397120|2184, 39397180|2213, 39397180|4023, com.android.chrome/org.chromium.chrome.browser.preferences.Preferences, 
39397180|1, 39397180|733, 39397340|908, 39397340|1037, 39397500|1128, 39397620|1188, 39397620|1381, 39397680|1413, 39397740|1447, 39397740|1852, 39397900|1883, 39397900|2101, 39398060|2133, 39398120|2165, 39398180|2202, 39398180|2389, 39398300|2420, 39398300|4020, com.android.chrome/org.chromium.chrome.browser.searchwidget.SearchActivity, 
39398300|1, 39398300|688, 39398380|760, 39398380|927, 39398460|965, 39398460|1004, 39398520|1041, 39398520|1202, 39398580|1258, 39398580|1696, 39398660|1784, 39398660|1928, 39398740|1954, 39398740|1984, 39398800|2007, 39398800|2215, 39398860|2242, 39398860|4004, com.android.chrome/org.chromium.chrome.browser.bookmarks.BookmarkAddActivity, 
39398860|1, 39398860|859, 39398940|939, 39398940|1115, 39399020|1157, 39399080|1207, 39399080|1406, 39399140|1449, 39399140|1881, 39399220|1926, 39399220|2107, 39399300|2152, 39399300|2177, 39399360|2203, 39399360|2426, 39399420|2458, 39399420|4009, com.android.chrome/org.chromium.chrome.browser.firstrun.FirstRunActivity, 
39399420|1, 39399420|1627, 39399500|1776, 39399580|2059, 39399660|2251, 39400637|2456, 39401286|2550, 39401286|2592, 39401617|2660, 39401820|2723, 39401820|2927, 39401960|2971, 39401960|3083, 39402064|3169, 39402064|4025, com.android.chrome/org.chromium.chrome.browser.incognito.IncognitoTabLauncher, 
39402064|1, 39402064|939, 39402144|1009, 39402144|1085, 39402224|1211, 39402284|1274, 39402284|1440, 39402344|1493, 39402344|1919, 39402424|1960, 39402424|2150, 39402504|2193, 39402504|2232, 39402564|2266, 39402564|2446, 39402624|2486, 39402624|4005, com.android.chrome/org.chromium.chrome.browser.bookmarks.BookmarkAddActivity, 
39402624|1, 39402624|1294, 39402704|1451, 39403385|1509, 39403737|1661, 39404457|1758, 39404756|1856, 39404816|1928, 39404816|2338, 39404896|2382, 39404896|2606, 39404976|2654, 39405036|2695, 39405036|2885, 39405096|2929, 39405096|3064, 39405200|3171, 39405200|4002, com.android.chrome/org.chromium.chrome.browser.customtabs.PaymentHandlerActivity, 
39405200|1, 39405200|722, 39405280|811, 39405280|1018, 39405360|1069, 39405420|1114, 39405420|1313, 39405480|1364, 39405480|1780, 39405560|1839, 39405560|2012, 39405640|2053, 39405934|2098, 39405994|2139, 39405994|2334, 39406054|2376, 39406054|4025, com.android.chrome/org.chromium.chrome.browser.history.HistoryActivity, 
39406054|1, 39406054|720, 39406134|826, 39406134|1022, 39406214|1070, 39406274|1110, 39406274|1317, 39406334|1353, 39406334|1784, 39406414|1863, 39406414|1992, 39406494|2053, 39406554|2097, 39406554|2316, 39406614|2355, 39406614|4007, com.android.chrome/org.chromium.chrome.browser.sync.ui.PassphraseActivity, 
39406614|1, 39406614|1265, 39406694|1437, 39406774|1567, 39406834|1676, 39406834|1854, 39406894|1899, 39406894|2319, 39406974|2380, 39406974|2501, 39407054|2559, 39407054|2640, 39407114|2687, 39407114|2820, 39407174|2854, 39407174|4018, com.android.chrome/org.chromium.chrome.browser.firstrun.FirstRunActivity, 
39407174|1, 39407174|894, 39407254|995, 39407254|1143, 39407334|1199, 39407394|1263, 39407394|1462, 39407454|1513, 39407454|1917, 39407534|1950, 39407534|2159, 39407614|2194, 39407614|2232, 39407674|2267, 39407674|2471, 39407734|2505, 39407734|4037, com.android.chrome/org.chromium.chrome.browser.download.DownloadActivity, 
39407734|1, 39407734|956, 39407814|1096, 39407814|1263, 39407894|1318, 39407954|1372, 39407954|1590, 39408014|1633, 39408014|2031, 39408094|2074, 39408094|2253, 39408174|2291, 39408174|2327, 39408234|2360, 39408234|2570, 39408294|2610, 39408294|4003, com.android.chrome/org.chromium.chrome.browser.download.DownloadActivity, 
39408294|1, 39408294|845, 39408374|959, 39408374|1152, 39408454|1192, 39408454|1241, 39408514|1351, 39408514|1472, 39408574|1512, 39408574|1905, 39408654|1949, 39408654|2137, 39408734|2186, 39408734|2227, 39408794|2270, 39408794|2482, 39408854|2519, 39408854|4009, com.android.chrome/org.chromium.chrome.browser.sync.ui.PassphraseActivity, 
39408854|1, 39408854|1269, 39408934|1447, 39409695|1639, 39410707|1838, 39410767|1943, 39410767|2022, 39410922|2070, 39410982|2123, 39410982|2584, 39411062|2623, 39411062|2754, 39411142|2804, 39411142|2853, 39411202|2901, 39411202|3061, 39411262|3160, 39411366|3296, 39411366|4030, com.android.chrome/org.chromium.chrome.browser.customtabs.CustomTabActivity, 
39411366|1, 39411366|4001, com.android.chrome/org.chromium.chrome.browser.preferences.website.ManageSpaceActivity, 
39411366|1, 39411366|1064, 39411446|1162, 39411606|1286, 39411606|1458, 39411886|1586, 39411886|1762, 39412006|1813, 39412006|2197, 39412166|2250, 39412166|2441, 39412246|2484, 39412386|2526, 39412446|2569, 39412446|2719, 39412566|2800, 39412566|4003, com.android.chrome/org.chromium.chrome.browser.searchwidget.SearchActivity, 
39412566|1, 39412566|803, 39412646|938, 39412646|1090, 39412726|1137, 39412726|1182, 39412786|1244, 39412786|1409, 39412846|1455, 39412846|1826, 39412926|1898, 39412926|2083, 39413006|2126, 39413006|2173, 39413066|2273, 39413066|2388, 39413126|2437, 39413126|4013, com.android.chrome/org.chromium.chrome.browser.sync.ui.PassphraseActivity, 
39413126|1, 39413126|1034, 39413206|1130, 39413206|1285, 39413286|1346, 39413346|1384, 39413346|1590, 39413406|1639, 39413406|2040, 39413486|2087, 39413486|2258, 39413566|2295, 39413566|2334, 39413626|2368, 39413626|2579, 39413686|2664, 39413686|4031, com.android.chrome/org.chromium.chrome.browser.download.DownloadActivity, 
39413686|1, 39413686|1212, 39414447|1424, 39415519|1651, 39415674|1759, 39415674|1816, 39415734|1863, 39415734|2298, 39415814|2343, 39415814|2533, 39415894|2579, 39415954|2640, 39415954|2828, 39416014|2887, 39416014|3031, 39416118|3169, 39416118|4038, com.android.chrome/org.chromium.chrome.browser.customtabs.CustomTabActivity, 
39416118|1, 39416118|1185, 39416278|1299, 39416278|1389, 39416498|1555, 39416558|1662, 39416558|1735, 39416618|1810, 39416678|1873, 39416678|2212, 39416758|2249, 39416838|2301, 39416838|2483, 39416998|2525, 39417058|2570, 39417118|2612, 39417118|2779, 39417178|2815, 39417238|2854, 39417238|4004, com.android.chrome/org.chromium.chrome.browser.searchwidget.SearchActivity, 
39417238|1, 39417238|1246, 39417318|1355, 39417398|1526, 39418079|1599, 39418235|1680, 39419151|1812, 39419151|1901, 39419294|1967, 39419354|2036, 39419354|2445, 39419434|2485, 39419434|2639, 39419514|2693, 39419514|2735, 39419574|2791, 39419574|2951, 39419634|2996, 39419634|3041, 39419738|3193, 39419738|4026, com.android.chrome/org.chromium.chrome.browser.customtabs.PaymentHandlerActivity, 
39419738|1, 39419738|1017, 39419818|1152, 39419818|1261, 39419898|1344, 39419958|1396, 39419958|1597, 39420018|1648, 39420018|2056, 39420098|2099, 39420098|2300, 39420178|2337, 39420178|2377, 39420238|2425, 39420238|2577, 39420298|2610, 39420298|4016, com.android.chrome/org.chromium.chrome.browser.bookmarks.BookmarkAddActivity, 
39420298|1, 39420298|1841, 39421355|2273, 39422024|2438, 39422219|2486, 39422271|2534, 39422271|2574, 39422351|2667, 39422411|2726, 39422411|2865, 39422471|2913, 39422551|2972, 39422551|3127, 39422655|3197, 39422655|4039, com.android.chrome/org.chromium.chrome.browser.incognito.IncognitoTabLauncher, 
39422655|1, 39422655|1167, 39422735|1276, 39422815|1542, 39422875|1696, 39422935|1824, 39422935|2235, 39423015|2321, 39423015|2462, 39423095|2533, 39423155|2626, 39423155|2801, 39423215|2850, 39423215|4036, com.android.chrome/org.chromium.chrome.browser.firstrun.FirstRunActivity, 
39423215|1, 39423215|900, 39423295|1010, 39423295|1214, 39423375|1257, 39423435|1324, 39423435|1491, 39423495|1539, 39423495|1958, 39423575|1992, 39423575|2204, 39423655|2240, 39423655|2278, 39423715|2312, 39423715|2495, 39423775|2528, 39423775|4064, com.android.chrome/org.chromium.chrome.browser.history.HistoryActivity, 
39423775|1, 39423775|1200, 39423855|1268, 39423935|1352, 39424015|1503, 39424215|1619, 39424215|1767, 39424335|1828, 39424335|2224, 39424495|2272, 39424495|2440, 39424575|2488, 39424715|2541, 39424775|2588, 39424775|2731, 39424835|2782, 39424895|2833, 39424895|4028, com.android.chrome/org.chromium.chrome.browser.searchwidget.SearchActivity, 
39424895|1, 39424895|911, 39424975|1022, 39424975|1194, 39425115|1288, 39425115|1500, 39425175|1542, 39425175|1962, 39425255|1997, 39425255|2217, 39425335|2257, 39425395|2294, 39425395|2505, 39425455|2544, 39425455|4014, com.android.chrome/org.chromium.chrome.browser.history.HistoryActivity, 
39425455|1, 39425455|4009, com.android.chrome/org.chromium.chrome.browser.media.router.caf.remoting.CafExpandedControllerActivity, 
39425455|1, 39425455|925, 39425535|1107, 39425615|1342, 39425675|1418, 39425675|1531, 39425735|1676, 39425735|2038, 39425815|2119, 39425815|2288, 39425895|2353, 39425955|2405, 39425955|2575, 39426015|2616, 39426015|4005, com.android.chrome/org.chromium.chrome.browser.firstrun.FirstRunActivity, 
39426015|1, 39426015|926, 39426175|1021, 39426175|1258, 39426315|1326, 39426315|1566, 39426375|1616, 39426375|1986, 39426455|2020, 39426455|2231, 39426535|2267, 39426535|2306, 39426595|2339, 39426595|2548, 39426655|2586, 39426655|4029, com.android.chrome/org.chromium.chrome.browser.download.DownloadActivity, 
39426655|1, 39426655|1095, 39426815|1276, 39426815|1497, 39427095|1636, 39427095|1758, 39427155|1807, 39427215|1850, 39427215|2246, 39427375|2287, 39427375|2463, 39427455|2511, 39427535|2554, 39427655|2606, 39427655|2756, 39427715|2809, 39427775|2852, 39427775|4058, com.android.chrome/org.chromium.chrome.browser.searchwidget.SearchActivity, 
39427775|1, 39427775|1237, 39427827|1279, 39427827|4034, com.android.chrome/org.chromium.chrome.browser.preferences.website.ManageSpaceActivity, 
39427827|1, 39427827|4001, com.android.chrome/org.chromium.chrome.browser.media.router.caf.remoting.CafExpandedControllerActivity, 
39427827|1, 39427827|1237, 39427907|1428, 39427987|1577, 39428047|1703, 39428047|1844, 39428107|1911, 39428107|2291, 39428187|2387, 39428187|2524, 39428267|2591, 39428327|2636, 39428327|2821, 39428387|2887, 39428387|3242, 39428681|3278, 39428681|4024, com.android.chrome/org.chromium.chrome.browser.firstrun.FirstRunActivity, 
39428681|1, 39428681|975, 39428761|1119, 39428761|1233, 39428841|1318, 39428841|1375, 39428901|1431, 39428901|1586, 39428961|1647, 39428961|2057, 39429041|2098, 39429041|2285, 39429121|2330, 39429121|2363, 39429181|2398, 39429181|2587, 39429241|2622, 39429241|4023, com.android.chrome/org.chromium.chrome.browser.bookmarks.BookmarkAddActivity, 
39429241|1, 39429241|933, 39429321|1055, 39429321|1204, 39429401|1279, 39429461|1325, 39429461|1545, 39429521|1585, 39429521|1983, 39429601|2017, 39429601|2241, 39429681|2282, 39429741|2321, 39429741|2537, 39429801|2570, 39429801|4016, com.android.chrome/org.chromium.chrome.browser.download.DownloadActivity, 
39429801|1, 39429801|941, 39429881|1056, 39429881|1226, 39429961|1282, 39430021|1344, 39430021|1542, 39430081|1587, 39430081|1988, 39430161|2027, 39430161|2238, 39430241|2276, 39430301|2314, 39430301|2522, 39430361|2556, 39430361|4025, com.android.chrome/org.chromium.chrome.browser.history.HistoryActivity, 
39430361|1, 39430361|916, 39430441|977, 39430521|1077, 39430521|1268, 39430601|1312, 39430661|1374, 39430661|1541, 39430721|1585, 39430721|2008, 39430801|2048, 39430801|2248, 39430881|2287, 39430941|2326, 39430941|2547, 39431001|2601, 39431001|4007, com.android.chrome/org.chromium.chrome.browser.history.HistoryActivity, 
39431001|1, 39431001|1295, 39431762|1573, 39432587|1707, 39432977|1872, 39433037|1974, 39433037|2373, 39433117|2415, 39433117|2599, 39433197|2645, 39433197|2697, 39433257|2754, 39433257|2934, 39433317|2981, 39433317|3249, 39433421|3415, 39433421|4010, com.android.chrome/org.chromium.chrome.browser.customtabs.CustomTabActivity, 
39433421|1, 39433421|1324, 39433501|1376, 39433501|1491, 39433581|1567, 39433581|1607, 39433641|1649, 39433641|1836, 39433701|2017, 39433701|2310, 39433781|2344, 39433781|2510, 39433861|2559, 39433861|2600, 39433921|2633, 39433921|2842, 39433981|2879, 39433981|4025, com.android.chrome/org.chromium.chrome.browser.download.DownloadActivity, 
39433981|1, 39433981|1116, 39434061|1362, 39434061|1534, 39434141|1598, 39434201|1735, 39434201|1808, 39434261|1897, 39434261|2264, 39434341|2326, 39434341|2489, 39434421|2546, 39434421|2622, 39434481|2666, 39434481|2830, 39434541|2873, 39434541|4009, com.android.chrome/org.chromium.chrome.browser.firstrun.FirstRunActivity, 
39434541|1, 39434541|4020, com.android.chrome/org.chromium.chrome.browser.preferences.website.ManageSpaceActivity, 
39434541|1, 39434541|961, 39434621|1135, 39434621|1295, 39434701|1358, 39434701|1413, 39434761|1480, 39434761|1645, 39434821|1693, 39434821|2103, 39434901|2151, 39434901|2304, 39434981|2344, 39434981|2385, 39435041|2419, 39435041|2633, 39435101|2670, 39435101|4029, com.android.chrome/org.chromium.chrome.browser.bookmarks.BookmarkAddActivity, 
39435101|1, 39435101|1045, 39435181|1136, 39435181|1292, 39435261|1354, 39435321|1417, 39435321|1594, 39435381|1632, 39435381|2071, 39435461|2123, 39435461|2292, 39435541|2330, 39435541|2366, 39435601|2399, 39435601|2610, 39435661|2651, 39435661|4011, com.android.chrome/org.chromium.chrome.browser.history.HistoryActivity, 
39435661|1, 39435661|1188, 39435741|1315, 39436502|1471, 39436658|1528, 39436658|1585, 39437462|1676, 39437574|1795, 39437873|1846, 39437873|1951, 39437933|1992, 39437933|2386, 39438013|2426, 39438013|2638, 39438093|2693, 39438153|2739, 39438153|2934, 39438213|2982, 39438213|3021, 39438317|3143, 39438317|4023, com.android.chrome/org.chromium.chrome.browser.customtabs.PaymentHandlerActivity, 
39438317|1, 39438317|1163, 39438397|1275, 39438397|1404, 39438477|1470, 39438477|1519, 39438537|1562, 39438537|1728, 39438597|1779, 39438597|2216, 39438677|2255, 39438677|2412, 39438757|2456, 39438757|2497, 39438817|2531, 39438817|2747, 39438877|2787, 39438877|4021, com.android.chrome/org.chromium.chrome.browser.bookmarks.BookmarkAddActivity, 
39438877|1, 39438877|1214, 39438957|1358, 39439718|1470, 39439874|1525, 39440543|1646, 39440790|1772, 39440790|1911, 39440850|1948, 39440850|2365, 39440930|2402, 39440930|2578, 39441010|2630, 39441070|2690, 39441070|2909, 39441130|2944, 39441273|3009, 39441273|3142, 39441377|3217, 39441377|4022, com.android.chrome/org.chromium.chrome.browser.customtabs.PaymentHandlerActivity, 
39441377|1, 39441377|4015, com.android.chrome/org.chromium.chrome.browser.preferences.website.ManageSpaceActivity, 
39441377|1, 39441377|961, 39441457|1058, 39441537|1115, 39441537|1321, 39441617|1368, 39441677|1420, 39441677|1619, 39441737|1690, 39441737|2094, 39441817|2138, 39441817|2314, 39441897|2355, 39441897|2389, 39441957|2427, 39441957|2635, 39442017|2678, 39442017|4016, com.android.chrome/org.chromium.chrome.browser.preferences.Preferences, 
39442017|1, 39442017|1050, 39442097|1132, 39442097|1250, 39442177|1326, 39442237|1383, 39442237|1599, 39442297|1642, 39442297|2032, 39442377|2067, 39442377|2289, 39442457|2322, 39442457|2358, 39442517|2399, 39442517|2572, 39442577|2610, 39442577|4004, com.android.chrome/org.chromium.chrome.browser.download.DownloadActivity, 
39442577|1, 39442577|4020, com.android.chrome/org.chromium.chrome.browser.media.router.caf.remoting.CafExpandedControllerActivity, 
39442577|1, 39442577|893, 39442657|1041, 39442737|1127, 39442737|1243, 39442817|1358, 39442877|1424, 39442877|1641, 39442937|1695, 39442937|2107, 39443017|2148, 39443017|2298, 39443097|2347, 39443097|2389, 39443157|2423, 39443157|2645, 39443217|2682, 39443217|4025, com.android.chrome/org.chromium.chrome.browser.bookmarks.BookmarkAddActivity, 
39443217|1, 39443217|4037, com.android.chrome/org.chromium.chrome.browser.media.router.caf.remoting.CafExpandedControllerActivity, 
39443217|1, 39443217|1008, 39443297|1106, 39443297|1307, 39443377|1365, 39443437|1406, 39443437|1588, 39443497|1625, 39443497|2072, 39443577|2116, 39443577|2287, 39443657|2330, 39443657|2364, 39443717|2401, 39443717|2577, 39443777|2613, 39443777|4032, com.android.chrome/org.chromium.chrome.browser.preferences.Preferences, 
39443777|1, 39443777|4001, com.android.chrome/org.chromium.chrome.browser.preferences.website.ManageSpaceActivity, 
39443777|1, 39443777|1347, 39443937|1470, 39443937|1536, 39444774|1634, 39445503|1749, 39445690|1800, 39445690|1892, 39445833|1935, 39445833|1981, 39445893|2025, 39445893|2414, 39445973|2463, 39445973|2634, 39446053|2700, 39446113|2759, 39446113|2955, 39446173|2995, 39446173|3282, 39446277|3338, 39446277|4022, com.android.chrome/org.chromium.chrome.browser.customtabs.PaymentHandlerActivity, 
39446277|1, 39446277|915, 39446357|1017, 39446437|1102, 39446437|1276, 39446517|1358, 39446577|1416, 39446577|1588, 39446637|1636, 39446637|2037, 39446717|2070, 39446717|2282, 39446797|2323, 39446797|2357, 39446857|2394, 39446857|2603, 39446917|2645, 39446917|4001, com.android.chrome/org.chromium.chrome.browser.download.DownloadActivity, 
39446917|1, 39446917|1099, 39446997|1180, 39446997|1381, 39447077|1439, 39447137|1484, 39447137|1690, 39447197|1743, 39447197|2135, 39447277|2177, 39447277|2367, 39447357|2400, 39447357|2435, 39447417|2481, 39447417|2656, 39447477|2935, 39447477|4027, com.android.chrome/org.chromium.chrome.browser.bookmarks.BookmarkAddActivity, 
39447477|1, 39447477|1051, 39447557|1113, 39447557|1271, 39447637|1317, 39447697|1364, 39447697|1569, 39447757|1615, 39447757|2036, 39447837|2072, 39447837|2269, 39447917|2305, 39447917|2344, 39447977|2378, 39447977|2588, 39448037|2624, 39448037|4029, com.android.chrome/org.chromium.chrome.browser.bookmarks.BookmarkAddActivity, 
39448037|1, 39448037|712, 39448117|877, 39448117|1063, 39448197|1115, 39448257|1170, 39448257|1331, 39448317|1416, 39448317|1802, 39448397|1863, 39448397|2006, 39448477|2057, 39448537|2134, 39448537|2361, 39448597|2399, 39448597|3339, 39448891|3378, 39448891|4016, com.android.chrome/org.chromium.chrome.browser.sync.ui.PassphraseActivity, 
39448891|1, 39448891|868, 39448971|948, 39448971|1058, 39449051|1111, 39449051|1151, 39449111|1195, 39449111|1370, 39449171|1407, 39449171|1834, 39449251|1891, 39449251|2085, 39449331|2124, 39449331|2164, 39449391|2204, 39449391|2376, 39449451|2418, 39449451|4025, com.android.chrome/org.chromium.chrome.browser.preferences.Preferences, 
39449451|1, 39449451|4017, com.android.chrome/org.chromium.chrome.browser.preferences.website.ManageSpaceActivity, 
39449451|1, 39449451|1438, 39449531|1750, 39449611|1988, 39449831|2236, 39449891|2326, 39449891|2435, 39450031|2505, 39450031|2695, 39450091|2744, 39450091|2793, 39450171|2829, 39450171|2877, 39450231|2916, 39450852|2964, 39451088|3016, 39451677|3065, 39451924|3132, 39452028|3192, 39452028|4005, com.android.chrome/org.chromium.chrome.browser.incognito.IncognitoTabLauncher, 
39452028|1, 39452028|1158, 39452188|1387, 39452408|1537, 39452468|1610, 39452468|1708, 39452588|1798, 39452588|2129, 39452668|2190, 39452668|2233, 39452748|2282, 39452748|2412, 39452828|2454, 39452968|2511, 39453028|2552, 39453028|2729, 39453148|2797, 39453148|4014, com.android.chrome/org.chromium.chrome.browser.searchwidget.SearchActivity, 
39453148|1, 39453148|4037, com.android.chrome/org.chromium.chrome.browser.media.router.caf.remoting.CafExpandedControllerActivity, 
39453148|1, 39453148|883, 39453228|962, 39453308|1112, 39453308|1169, 39453388|1244, 39453448|1306, 39453448|1546, 39453508|1600, 39453508|1968, 39453588|2021, 39453588|2237, 39453668|2280, 39453728|2323, 39453728|2529, 39453788|2568, 39453788|4010, com.android.chrome/org.chromium.chrome.browser.preferences.Preferences, 
39453788|1, 39453788|1132, 39453868|1294, 39454008|1528, 39454008|1703, 39454068|1790, 39454068|2192, 39454148|2246, 39454148|2450, 39454228|2498, 39454288|2552, 39454288|2750, 39454348|2795, 39454348|4004, com.android.chrome/org.chromium.chrome.browser.firstrun.FirstRunActivity, 
39454348|1, 39454348|783, 39454428|890, 39454428|1015, 39454508|1089, 39454508|1302, 39454588|1364, 39454648|1410, 39454648|1599, 39454708|1641, 39454708|2057, 39454788|2099, 39454788|2294, 39454868|2339, 39454928|2373, 39454928|2586, 39454988|2668, 39454988|4025, com.android.chrome/org.chromium.chrome.browser.history.HistoryActivity, 
39454988|1, 39454988|1352, 39455068|1498, 39455148|1627, 39456049|1790, 39456965|1993, 39456965|2048, 39457264|2098, 39457324|2145, 39457324|2530, 39457404|2567, 39457404|2792, 39457544|2862, 39457544|3082, 39457604|3187, 39457708|3311, 39457708|4013, com.android.chrome/org.chromium.chrome.browser.customtabs.CustomTabActivity, 
39457708|1, 39457708|905, 39457788|1001, 39457788|1123, 39457868|1182, 39457928|1263, 39457928|1465, 39457988|1509, 39457988|1925, 39458068|1964, 39458068|2144, 39458148|2178, 39458148|2218, 39458208|2254, 39458208|2463, 39458268|2497, 39458268|4021, com.android.chrome/org.chromium.chrome.browser.history.HistoryActivity, 
39458268|1, 39458268|1193, 39458428|1331, 39458428|1437, 39458708|1604, 39458708|1776, 39458828|1847, 39458828|2230, 39458988|2289, 39458988|2466, 39459068|2508, 39459268|2565, 39459268|2774, 39459388|2843, 39459388|4017, com.android.chrome/org.chromium.chrome.browser.searchwidget.SearchActivity, 
39459388|1, 39459388|4006, com.android.chrome/org.chromium.chrome.browser.preferences.website.ManageSpaceActivity, 
39459388|1, 39459388|1124, 39459548|1247, 39459548|1376, 39459828|1655, 39459948|1758, 39459948|2120, 39460028|2174, 39460108|2214, 39460108|2348, 39460188|2394, 39460268|2433, 39460328|2477, 39460388|2519, 39460388|2650, 39460448|2709, 39460508|2756, 39460508|4023, com.android.chrome/org.chromium.chrome.browser.searchwidget.SearchActivity, 
39460508|1, 39460508|1019, 39460588|1138, 39460588|1344, 39460728|1432, 39460728|1658, 39460788|1704, 39460788|2081, 39460868|2115, 39460868|2326, 39460948|2358, 39460948|2394, 39461008|2442, 39461008|2651, 39461068|2686, 39461068|4016, com.android.chrome/org.chromium.chrome.browser.history.HistoryActivity, 
39461068|1, 39461068|1045, 39461148|1148, 39461228|1215, 39461228|1445, 39461368|1512, 39461368|1726, 39461428|1771, 39461428|2187, 39461508|2222, 39461508|2429, 39461588|2464, 39461648|2503, 39461648|2751, 39461708|2787, 39461708|4047, com.android.chrome/org.chromium.chrome.browser.preferences.Preferences, 
39461708|1, 39461708|1239, 39461868|1372, 39461868|1535, 39462028|1639, 39462148|1772, 39462148|1860, 39462208|1922, 39462268|1970, 39462268|2336, 39462348|2376, 39462428|2445, 39462428|2543, 39462508|2589, 39462648|2651, 39462708|2706, 39462708|2844, 39462768|2928, 39462828|2978, 39462828|4028, com.android.chrome/org.chromium.chrome.browser.searchwidget.SearchActivity, 
39462828|1, 39462828|1056, 39462908|1197, 39462908|1265, 39462988|1317, 39462988|1366, 39463048|1414, 39463048|1581, 39463108|1624, 39463108|2050, 39463188|2086, 39463188|2280, 39463268|2320, 39463268|2353, 39463328|2390, 39463328|2565, 39463388|2602, 39463388|4034, com.android.chrome/org.chromium.chrome.browser.preferences.Preferences, 
39463388|1, 39463388|1235, 39463468|1357, 39464385|1643, 39465158|1708, 39465301|1817, 39465444|1868, 39465444|1998, 39465504|2037, 39465504|2448, 39465584|2489, 39465584|2682, 39465664|2745, 39465724|2781, 39465724|2984, 39465784|3024, 39465784|3103, 39465888|3295, 39465888|4025, com.android.chrome/org.chromium.chrome.browser.customtabs.PaymentHandlerActivity, 
39465888|1, 39465888|875, 39465968|1021, 39465968|1150, 39466048|1196, 39466108|1244, 39466108|1427, 39466168|1463, 39466168|1912, 39466248|1984, 39466248|2098, 39466328|2167, 39466388|2229, 39466388|2453, 39466448|2492, 39466448|4025, com.android.chrome/org.chromium.chrome.browser.sync.ui.PassphraseActivity, 
39466448|1, 39466448|1016, 39466528|1110, 39466528|1265, 39466608|1328, 39466668|1399, 39466668|1624, 39466728|1664, 39466728|2071, 39466808|2108, 39466808|2304, 39466888|2337, 39466888|2372, 39466948|2411, 39466948|2617, 39467008|2652, 39467008|4007, com.android.chrome/org.chromium.chrome.browser.history.HistoryActivity, 
39467008|1, 39467008|1024, 39467088|1096, 39467088|1246, 39467168|1282, 39467228|1338, 39467228|1562, 39467288|1611, 39467288|2006, 39467368|2041, 39467368|2237, 39467448|2283, 39467448|2318, 39467508|2364, 39467508|2544, 39467568|2626, 39467568|4001, com.android.chrome/org.chromium.chrome.browser.preferences.Preferences, 
39467568|1, 39467568|4021, com.android.chrome/org.chromium.chrome.browser.media.router.caf.remoting.CafExpandedControllerActivity, 
39467568|1, 39467568|4033, com.android.chrome/org.chromium.chrome.browser.media.router.caf.remoting.CafExpandedControllerActivity, 
39467568|1, 39467568|2027, 39468617|2341, 39469533|2572, 39469736|2649, 39469816|2733, 39469876|2798, 39469876|2965, 39469936|3019, 39470068|3095, 39470120|3188, 39470120|4003, com.android.chrome/org.chromium.chrome.browser.incognito.IncognitoTabLauncher, 
39470120|1, 39470120|1243, 39470200|1344, 39470280|1561, 39471117|1704, 39471981|1884, 39472033|1961, 39472340|2054, 39472340|2454, 39472420|2497, 39472420|2721, 39472500|2769, 39472560|2812, 39472560|3026, 39472620|3073, 39472724|3231, 39472724|4013, com.android.chrome/org.chromium.chrome.browser.customtabs.CustomTabActivity, 
39472724|1, 39472724|943, 39472804|1010, 39472804|1195, 39472884|1241, 39472884|1288, 39472944|1378, 39472944|1524, 39473004|1562, 39473004|1976, 39473084|2035, 39473084|2178, 39473164|2240, 39473224|2299, 39473224|2505, 39473284|2544, 39473284|3669, 39473578|3707, 39473578|4002, com.android.chrome/org.chromium.chrome.browser.sync.ui.PassphraseActivity, 
39473578|1, 39473578|914, 39473658|987, 39473658|1152, 39473738|1204, 39473798|1258, 39473798|1446, 39473858|1493, 39473858|1922, 39473938|1989, 39473938|2119, 39474018|2170, 39474078|2254, 39474078|2440, 39474138|2481, 39474138|4005, com.android.chrome/org.chromium.chrome.browser.sync.ui.PassphraseActivity, 
39474138|1, 39474138|920, 39474218|995, 39474298|1087, 39474298|1301, 39474378|1341, 39474438|1394, 39474438|1612, 39474498|1665, 39474498|2066, 39474578|2109, 39474578|2297, 39474658|2335, 39474658|2375, 39474718|2409, 39474718|2617, 39474778|2656, 39474778|4014, com.android.chrome/org.chromium.chrome.browser.preferences.Preferences, 
39474778|1, 39474778|4023, com.android.chrome/org.chromium.chrome.browser.media.router.caf.remoting.CafExpandedControllerActivity, 
39474778|1, 39474778|1732, 39474858|1923, 39474938|2089, 39475699|2289, 39476719|2474, 39476771|2524, 39476831|2611, 39476911|2662, 39476971|2710, 39476971|2897, 39477031|2935, 39477394|2994, 39477474|3063, 39477526|3162, 39477526|3215, 39477630|3434, 39477630|4022, com.android.chrome/org.chromium.chrome.browser.incognito.IncognitoTabLauncher, 
39477630|1, 39477630|1593, 39478599|1728, 39479515|1955, 39479515|2081, 39479718|2148, 39479718|2588, 39479798|2630, 39479798|2830, 39479878|2876, 39479938|2919, 39479938|3114, 39479998|3166, 39480179|3309, 39480219|3377, 39480219|4025, com.android.chrome/org.chromium.chrome.browser.customtabs.CustomTabActivity, 
39480219|1, 39480219|4034, com.android.chrome/org.chromium.chrome.browser.preferences.website.ManageSpaceActivity, 
39480219|1, 39480219|1221, 39480299|1391, 39480379|1505, 39480439|1595, 39480439|1752, 39480499|1822, 39480499|2204, 39480579|2260, 39480579|2425, 39480659|2474, 39480659|2513, 39480719|2570, 39480719|2732, 39480779|2773, 39480779|4016, com.android.chrome/org.chromium.chrome.browser.firstrun.FirstRunActivity, 
39480779|1, 39480779|1059, 39480859|1143, 39480859|1330, 39480939|1405, 39480999|1457, 39480999|1633, 39481059|1678, 39481059|2119, 39481139|2162, 39481139|2358, 39481219|2401, 39481279|2437, 39481279|2651, 39481339|2693, 39481339|4014, com.android.chrome/org.chromium.chrome.browser.download.DownloadActivity, 
39481339|1, 39481339|1284, 39481419|1456, 39482180|1598, 39482336|1657, 39482336|1730, 39483252|1868, 39483395|2001, 39483455|2085, 39483455|2529, 39483535|2572, 39483535|2746, 39483615|2798, 39483615|2843, 39483675|2910, 39483675|3043, 39483735|3088, 39483735|3276, 39483839|3350, 39483839|4018, com.android.chrome/org.chromium.chrome.browser.customtabs.CustomTabActivity, 
39483839|1, 39483839|1663, 39483919|1800, 39483999|2020, 39483999|2142, 39484760|2305, 39485056|2423, 39485832|2526, 39485892|2576, 39486115|2637, 39486115|2680, 39486175|2729, 39486175|2911, 39486235|2958, 39486235|2996, 39486315|3050, 39486315|3123, 39486419|3208, 39486419|4032, com.android.chrome/org.chromium.chrome.browser.incognito.IncognitoTabLauncher, 
39486419|1, 39486419|1749, 39486499|1863, 39486499|2018, 39486579|2153, 39487340|2352, 39487636|2536, 39488472|2615, 39488472|2704, 39488695|2765, 39488755|2810, 39488755|2997, 39488815|3035, 39488895|3084, 39488895|3185, 39488999|3256, 39488999|4014, com.android.chrome/org.chromium.chrome.browser.incognito.IncognitoTabLauncher, 
39488999|1, 39488999|1552, 39489760|1709, 39490048|1874, 39490832|1982, 39490884|2044, 39490944|2107, 39491243|2162, 39491243|2530, 39491323|2596, 39491323|2757, 39491403|2802, 39491403|2847, 39491463|2895, 39491463|3022, 39491523|3089, 39491523|3166, 39491627|3335, 39491627|4023, com.android.chrome/org.chromium.chrome.browser.customtabs.CustomTabActivity, 
39491627|1, 39491627|1112, 39491787|1266, 39492468|1376, 39493480|1544, 39493540|1634, 39493540|1684, 39493683|1744, 39493683|1790, 39493743|1841, 39493743|2236, 39493823|2287, 39493823|2448, 39493903|2486, 39493963|2553, 39493963|2791, 39494023|2834, 39494023|3070, 39494127|3300, 39494127|4009, com.android.chrome/org.chromium.chrome.browser.customtabs.PaymentHandlerActivity, 
39494127|1, 39494127|1558, 39494207|1707, 39494207|1849, 39494287|2038, 39495598|2276, 39496120|2387, 39496180|2447, 39496559|2521, 39496619|2598, 39496619|2802, 39496679|2842, 39496759|2887, 39496759|2938, 39496863|3055, 39496863|4015, com.android.chrome/org.chromium.chrome.browser.incognito.IncognitoTabLauncher, 
39496863|1, 39496863|1307, 39496943|1537, 39497860|1682, 39498776|1894, 39498983|1998, 39498983|2134, 39499043|2187, 39499043|2572, 39499123|2625, 39499123|2783, 39499203|2831, 39499263|2901, 39499263|3052, 39499375|3157, 39499427|3270, 39499427|4030, com.android.chrome/org.chromium.chrome.browser.customtabs.CustomTabActivity, 
39499427|1, 39499427|1644, 39499507|1798, 39499507|1923, 39499587|2097, 39499587|2238, 39499667|2321, 39500564|2400, 39501420|2568, 39501480|2642, 39501480|2681, 39501767|2739, 39501827|2800, 39501827|2996, 39501887|3048, 39501967|3092, 39502071|3175, 39502071|4007, com.android.chrome/org.chromium.chrome.browser.incognito.IncognitoTabLauncher, 
39502071|1, 39502071|1305, 39502832|1424, 39502988|1549, 39503717|1630, 39503904|1718, 39503956|1786, 39504047|1839, 39504107|1882, 39504107|2315, 39504187|2370, 39504187|2546, 39504267|2607, 39504327|2674, 39504327|2853, 39504387|2896, 39504387|3171, 39504439|3319, 39504491|3432, 39504491|4004, com.android.chrome/org.chromium.chrome.browser.customtabs.PaymentHandlerActivity, 
39504491|1, 39504491|1349, 39504651|1514, 39504651|1575, 39505488|1653, 39506157|1760, 39506404|1841, 39506547|1950, 39506547|2040, 39506607|2079, 39506607|2466, 39506687|2506, 39506687|2693, 39506767|2748, 39506767|2788, 39506827|2844, 39506827|3013, 39506887|3067, 39506887|3178, 39506991|3312, 39506991|4021, com.android.chrome/org.chromium.chrome.browser.customtabs.PaymentHandlerActivity, 
39506991|1, 39506991|1112, 39507752|1285, 39507908|1352, 39508497|1445, 39508824|1534, 39508824|1707, 39509247|1780, 39509247|2189, 39509327|2227, 39509327|2437, 39509407|2486, 39509467|2576, 39509467|2729, 39509527|2767, 39509527|3282, 39509631|3377, 39509631|4013, com.android.chrome/org.chromium.chrome.browser.customtabs.PaymentHandlerActivity, 
