573|1, 582|293, 580|489, 580|916, 582|967, 582|2831, 588|2856, 588|2879, 567|2948, 568|2977, 568|3907, 574|3930, 574|4167, com.android.chrome/org.chromium.chrome.browser.sync.ui.PassphraseActivity, 
574|1, 573|144, 573|249, 578|297, 584|349, 586|443, 588|472, 594|499, 596|547, 600|616, 601|700, 603|874, 607|918, 607|1065, 609|1116, 613|1158, 613|1185, 611|1255, 611|1658, 605|1706, 606|1739, 606|3024, 612|3049, 612|3080, 561|3162, 561|4008, com.android.chrome/org.chromium.chrome.browser.firstrun.FirstRunActivity, 
567|1, 568|142, 568|172, 569|200, 569|282, 575|314, 577|348, 577|613, 579|639, 585|679, 585|776, 587|815, 587|847, 585|880, 585|3045, 591|3073, 591|3130, 560|3240, 561|3271, 561|4015, com.android.chrome/org.chromium.chrome.browser.preferences.Preferences, 
562|1, 568|199, 569|240, 575|296, 577|351, 577|412, 579|449, 577|484, 577|2963, 583|2987, 583|3063, 561|3191, 561|4053, com.android.chrome/org.chromium.chrome.browser.preferences.website.ManageSpaceActivity, 
562|1, 568|190, 569|243, 569|324, 571|373, 577|433, 577|570, 575|678, 575|3007, 581|3036, 561|3147, 561|4011, com.android.chrome/org.chromium.chrome.browser.sync.ui.PassphraseActivity, 
567|1, 568|254, 573|306, 577|361, 577|3028, 583|3064, 583|3090, 560|3240, 561|3274, 561|4026, com.android.chrome/org.chromium.chrome.browser.preferences.website.ManageSpaceActivity, 
564|1, 568|188, 567|225, 567|2993, 573|3019, 562|3089, 561|3123, 561|4014, com.android.chrome/org.chromium.chrome.browser.media.router.caf.remoting.CafExpandedControllerActivity, 
567|1, 567|374, 571|421, 575|456, 575|517, 577|566, 573|705, 573|1077, 575|1113, 575|3051, 581|3079, 581|3116, 560|3171, 561|3205, 561|4019, com.android.chrome/org.chromium.chrome.browser.sync.ui.PassphraseActivity, 
562|1, 568|184, 569|231, 567|296, 567|2941, 573|2965, 573|3037, 561|3093, 561|4011, com.android.chrome/org.chromium.chrome.browser.media.router.caf.remoting.CafExpandedControllerActivity, 
564|1, 568|166, 568|203, 569|244, 577|287, 585|346, 585|379, 583|416, 585|466, 591|499, 593|546, 597|596, 599|690, 602|748, 602|963, 606|1058, 606|1311, 604|1366, 604|1868, 605|1906, 605|2987, 611|3014, 605|3084, 573|3151, 561|3192, 561|4002, com.android.chrome/org.chromium.chrome.browser.firstrun.FirstRunActivity, 
567|1, 568|179, 568|214, 572|249, 573|296, 573|328, 575|366, 575|579, 579|637, 587|677, 593|771, 593|831, 596|878, 598|921, 600|973, 602|1056, 606|1158, 608|1246, 608|1639, 612|1675, 614|1717, 614|1943, 617|1984, 617|2021, 621|2052, 622|2108, 623|2146, 623|2292, 624|2318, 626|2366, 626|2411, 630|2442, 630|3032, 636|3096, 561|3313, 561|4036, com.android.chrome/org.chromium.chrome.browser.searchwidget.SearchActivity, 
567|1, 566|151, 566|181, 567|233, 569|280, 573|337, 573|494, 577|527, 583|608, 583|679, 581|718, 587|755, 591|798, 597|951, 600|1012, 602|1063, 608|1190, 606|1277, 608|1422, 612|1570, 612|2321, 615|2367, 615|2406, 619|2439, 619|2500, 621|2565, 621|3037, 627|3069, 627|3107, 569|3161, 561|3259, 561|4039, com.android.chrome/org.chromium.chrome.browser.incognito.IncognitoTabLauncher, 
562|1, 568|162, 568|206, 573|258, 573|357, 577|421, 581|518, 579|564, 583|593, 589|643, 593|737, 596|860, 598|906, 598|1025, 604|1100, 604|1221, 607|1318, 611|1422, 611|1470, 613|1526, 615|1563, 615|2000, 618|2033, 618|2063, 622|2097, 622|2160, 624|2211, 624|2976, 630|3005, 630|3073, 564|3295, 561|3341, 561|4030, com.android.chrome/org.chromium.chrome.browser.customtabs.CustomTabActivity, 
564|1, 568|125, 568|203, 569|237, 569|268, 577|303, 579|365, 583|424, 583|457, 587|484, 591|512, 591|852, 593|889, 593|1421, 591|1462, 591|1663, 592|1697, 592|2971, 598|3004, 598|3031, 561|3235, 561|4022, com.android.chrome/org.chromium.chrome.browser.bookmarks.BookmarkAddActivity, 
567|1, 568|159, 568|248, 569|306, 569|388, 577|437, 577|688, 581|720, 585|768, 585|988, 587|1025, 587|1057, 585|1118, 585|3025, 591|3050, 591|3092, 561|3213, 561|4002, com.android.chrome/org.chromium.chrome.browser.download.DownloadActivity, 
567|1, 568|160, 568|208, 569|262, 569|356, 573|392, 577|440, 577|614, 585|643, 585|701, 587|815, 585|866, 585|3021, 591|3057, 591|3083, 585|3134, 560|3286, 560|3311, 561|3340, 561|4039, com.android.chrome/org.chromium.chrome.browser.preferences.Preferences, 
569|1, 568|151, 568|183, 572|216, 573|256, 573|331, 575|408, 577|441, 575|496, 581|540, 585|570, 589|603, 596|730, 598|794, 600|922, 610|1053, 610|1710, 614|1746, 614|1836, 617|1873, 617|1930, 621|1973, 621|2037, 623|2082, 623|2162, 626|2194, 626|2223, 628|2256, 630|2288, 630|2998, 636|3035, 636|3073, 594|3177, 561|3303, 561|4036, com.android.chrome/org.chromium.chrome.browser.searchwidget.SearchActivity, 
567|1, 568|173, 568|227, 569|280, 573|324, 579|388, 579|453, 577|487, 582|538, 590|584, 590|874, 592|939, 592|1400, 590|1455, 590|1525, 592|1557, 592|3025, 598|3051, 598|3106, 586|3272, 561|3322, 561|4028, com.android.chrome/org.chromium.chrome.browser.bookmarks.BookmarkAddActivity, 
567|1, 568|169, 568|212, 569|267, 569|312, 577|382, 579|458, 581|517, 581|550, 585|582, 589|614, 595|789, 595|888, 598|987, 598|1149, 602|1190, 602|1357, 600|1437, 600|1503, 604|1534, 604|2053, 605|2100, 605|3036, 611|3063, 611|3092, 594|3162, 561|3255, 561|4030, com.android.chrome/org.chromium.chrome.browser.firstrun.FirstRunActivity, 
567|1, 565|183, 565|407, 567|476, 571|568, 571|753, 575|842, 579|907, 579|971, 577|1039, 580|1089, 591|1222, 597|1377, 600|1479, 600|1576, 606|1700, 606|2032, 612|2276, 612|2747, 614|2816, 612|2861, 612|3063, 618|3115, 593|3239, 576|3309, 561|3471, 561|4006, com.android.chrome/org.chromium.chrome.browser.incognito.IncognitoTabLauncher, 
562|1, 568|259, 568|337, 573|443, 579|502, 583|617, 583|673, 585|717, 591|784, 591|1209, 593|1309, 593|1804, 591|1861, 591|2347, 592|2393, 592|2959, 598|3003, 598|3070, 565|3226, 561|3283, 561|4029, com.android.chrome/org.chromium.chrome.browser.bookmarks.BookmarkAddActivity, 
567|1, 566|167, 566|306, 571|355, 571|508, 575|558, 581|643, 581|813, 589|899, 597|1125, 599|1227, 602|1329, 604|1500, 610|1582, 608|1652, 615|1832, 615|2633, 618|2689, 618|2733, 622|2777, 622|2924, 624|2972, 624|3055, 630|3092, 630|3128, 613|3208, 561|3477, 561|4017, com.android.chrome/org.chromium.chrome.browser.customtabs.PaymentHandlerActivity, 
569|1, 568|218, 568|311, 569|358, 569|444, 573|495, 577|556, 577|755, 585|810, 585|1126, 587|1172, 587|1294, 585|1352, 585|3022, 591|3067, 591|3102, 560|3299, 561|3350, 561|4008, com.android.chrome/org.chromium.chrome.browser.history.HistoryActivity, 
569|1, 566|202, 567|352, 567|517, 575|576, 575|803, 573|916, 573|3000, 579|3038, 579|3094, 560|3173, 561|3217, 561|4019, com.android.chrome/org.chromium.chrome.browser.sync.ui.PassphraseActivity, 
567|1, 566|195, 566|384, 567|455, 567|523, 575|626, 581|706, 579|779, 583|845, 589|946, 593|1044, 596|1212, 602|1447, 600|1607, 600|1709, 598|1842, 598|2896, 599|2942, 599|3087, 605|3138, 561|3285, 561|4004, com.android.chrome/org.chromium.chrome.browser.firstrun.FirstRunActivity, 
563|1, 566|181, 566|267, 567|347, 567|489, 569|530, 573|568, 575|623, 575|884, 581|949, 583|1068, 583|1198, 585|1247, 585|1287, 583|1356, 583|2961, 589|2997, 589|3033, 560|3177, 561|3297, 561|4034, com.android.chrome/org.chromium.chrome.browser.download.DownloadActivity, 
567|1, 566|205, 566|352, 567|446, 567|555, 569|600, 575|639, 575|977, 579|1036, 583|1149, 583|1255, 585|1307, 585|1362, 583|1415, 583|3045, 589|3084, 589|3125, 561|3283, 561|4009, com.android.chrome/org.chromium.chrome.browser.download.DownloadActivity, 
567|1, 566|158, 566|398, 567|482, 567|607, 575|663, 575|901, 573|975, 573|1855, 575|1949, 575|3044, 581|3077, 581|3126, 560|3225, 561|3269, 561|4020, com.android.chrome/org.chromium.chrome.browser.sync.ui.PassphraseActivity, 
567|1, 566|143, 568|188, 568|297, 570|364, 572|424, 573|516, 573|568, 581|656, 583|743, 581|795, 583|854, 589|919, 591|1045, 599|1219, 602|1325, 602|1423, 608|1621, 608|1776, 615|1975, 615|2809, 618|2867, 618|2961, 622|3027, 622|3081, 628|3126, 630|3177, 561|3335, 561|4029, com.android.chrome/org.chromium.chrome.browser.customtabs.CustomTabActivity, 
569|1, 568|211, 568|500, 573|621, 577|669, 577|719, 579|805, 577|869, 577|3124, 583|3174, 566|3252, 561|3419, 561|4027, com.android.chrome/org.chromium.chrome.browser.preferences.website.ManageSpaceActivity, 
567|1, 568|203, 568|364, 573|434, 573|515, 575|574, 575|763, 579|822, 587|921, 589|1021, 598|1171, 598|1379, 602|1451, 608|1522, 608|1810, 614|1877, 616|1930, 614|1977, 614|2733, 617|2784, 617|2838, 621|2878, 623|2971, 623|3035, 629|3075, 632|3128, 561|3286, 561|4024, com.android.chrome/org.chromium.chrome.browser.searchwidget.SearchActivity, 
567|1, 562|122, 568|185, 568|386, 569|459, 569|621, 577|676, 577|829, 579|927, 575|1072, 575|3102, 581|3156, 561|3253, 561|4025, com.android.chrome/org.chromium.chrome.browser.sync.ui.PassphraseActivity, 
567|1, 568|176, 568|395, 569|540, 569|586, 575|636, 577|746, 577|1022, 585|1100, 585|1272, 587|1322, 587|1363, 585|1434, 585|3084, 591|3122, 591|3158, 567|3293, 561|3419, 561|4051, com.android.chrome/org.chromium.chrome.browser.download.DownloadActivity, 
563|1, 568|198, 568|308, 573|440, 573|557, 579|650, 581|761, 581|807, 585|855, 591|948, 596|1111, 600|1259, 604|1407, 606|1642, 613|1858, 613|2030, 615|2071, 615|2740, 618|2800, 618|2890, 622|2936, 622|2992, 630|3050, 630|3113, 561|3277, 561|4005, com.android.chrome/org.chromium.chrome.browser.customtabs.CustomTabActivity, 
563|1, 568|200, 568|334, 573|409, 573|504, 575|553, 575|744, 581|789, 585|872, 591|976, 597|1055, 602|1170, 602|1327, 608|1446, 614|1574, 614|2557, 617|2613, 617|2702, 621|2745, 621|2810, 623|2853, 623|2984, 629|3026, 629|3066, 567|3223, 561|3333, 561|4059, com.android.chrome/org.chromium.chrome.browser.searchwidget.SearchActivity, 
567|1, 566|133, 566|303, 571|392, 571|554, 575|628, 577|682, 581|754, 581|846, 583|891, 593|1092, 597|1254, 600|1391, 600|1497, 606|1644, 606|1708, 609|1816, 613|1949, 613|2158, 615|2198, 615|2707, 618|2758, 618|2802, 620|2842, 622|2902, 622|2961, 624|3019, 630|3062, 630|3105, 585|3223, 561|3302, 561|4063, com.android.chrome/org.chromium.chrome.browser.customtabs.PaymentHandlerActivity, 
567|1, 566|201, 566|379, 567|500, 575|597, 577|675, 579|745, 579|798, 583|850, 587|915, 587|1121, 589|1230, 587|1317, 589|1363, 589|1864, 587|1938, 587|2347, 588|2391, 588|3053, 594|3097, 594|3155, 588|3312, 561|3392, 561|4037, com.android.chrome/org.chromium.chrome.browser.bookmarks.BookmarkAddActivity, 
567|1, 564|116, 564|319, 565|401, 567|463, 571|526, 571|755, 573|819, 575|899, 581|962, 577|1025, 577|1077, 579|1129, 585|1184, 591|1394, 594|1527, 596|1614, 598|1731, 600|1878, 602|2021, 612|2464, 612|3064, 618|3108, 618|3150, 575|3240, 576|3295, 561|3418, 561|4015, com.android.chrome/org.chromium.chrome.browser.incognito.IncognitoTabLauncher, 
567|1, 562|195, 566|243, 566|506, 567|607, 575|688, 581|802, 579|883, 581|926, 589|1011, 593|1126, 593|1213, 596|1305, 596|1551, 600|1723, 600|1977, 598|2075, 598|3128, 605|3173, 605|3214, 578|3297, 561|3349, 561|4018, com.android.chrome/org.chromium.chrome.browser.firstrun.FirstRunActivity, 
569|1, 564|155, 566|200, 566|396, 567|479, 567|596, 569|641, 575|700, 575|971, 583|1063, 583|1290, 585|1336, 585|1386, 583|1448, 583|3108, 589|3160, 589|3216, 569|3372, 561|3433, 561|4028, com.android.chrome/org.chromium.chrome.browser.history.HistoryActivity, 
569|1, 566|156, 567|221, 567|395, 571|491, 571|575, 573|631, 573|813, 577|874, 583|928, 587|1023, 589|1116, 593|1231, 596|1346, 596|1428, 606|1518, 606|2627, 609|2678, 609|2725, 613|2774, 613|2828, 615|2879, 615|3048, 621|3084, 624|3139, 561|3292, 561|4018, com.android.chrome/org.chromium.chrome.browser.searchwidget.SearchActivity, 
567|1, 566|139, 566|318, 567|397, 567|547, 573|594, 575|710, 575|879, 583|944, 583|1232, 585|1309, 583|1394, 583|3034, 589|3089, 583|3230, 561|3369, 561|4030, com.android.chrome/org.chromium.chrome.browser.history.HistoryActivity, 
567|1, 565|133, 566|195, 566|378, 567|477, 565|540, 565|3046, 571|3087, 571|3123, 560|3205, 561|3245, 561|4025, com.android.chrome/org.chromium.chrome.browser.media.router.caf.remoting.CafExpandedControllerActivity, 
567|1, 566|168, 566|384, 567|441, 573|529, 577|591, 581|652, 579|719, 579|776, 589|882, 593|993, 593|1079, 596|1388, 596|1485, 600|1559, 600|1684, 598|1814, 598|2651, 599|2705, 599|3084, 605|3127, 605|3193, 586|3297, 561|3351, 561|4031, com.android.chrome/org.chromium.chrome.browser.firstrun.FirstRunActivity, 
567|1, 566|137, 566|349, 567|412, 567|509, 569|561, 575|612, 575|909, 579|959, 583|1060, 583|1271, 585|1319, 585|1371, 583|1440, 583|3056, 589|3094, 589|3136, 561|3360, 561|4026, com.android.chrome/org.chromium.chrome.browser.download.DownloadActivity, 
567|1, 566|159, 566|364, 571|434, 571|516, 573|582, 573|773, 577|834, 583|888, 587|940, 591|1053, 591|1154, 596|1287, 602|1423, 606|1552, 606|2547, 607|2589, 609|2636, 609|2677, 613|2738, 613|2794, 615|2833, 615|2975, 618|3019, 624|3063, 628|3162, 561|3277, 561|4031, com.android.chrome/org.chromium.chrome.browser.searchwidget.SearchActivity, 
567|1, 566|169, 566|424, 571|483, 575|561, 575|3086, 581|3127, 581|3212, 560|3399, 561|3462, 561|4049, com.android.chrome/org.chromium.chrome.browser.preferences.website.ManageSpaceActivity, 
567|1, 566|142, 566|373, 565|444, 565|3036, 571|3072, 571|3122, 561|3203, 561|4048, com.android.chrome/org.chromium.chrome.browser.media.router.caf.remoting.CafExpandedControllerActivity, 
567|1, 562|106, 566|188, 566|384, 567|449, 571|538, 577|658, 581|721, 579|782, 587|840, 589|940, 593|1042, 596|1216, 596|1353, 600|1576, 600|1666, 598|1792, 598|2966, 599|3002, 599|3040, 605|3078, 605|3114, 596|3168, 561|3249, 561|4025, com.android.chrome/org.chromium.chrome.browser.firstrun.FirstRunActivity, 
567|1, 566|241, 566|399, 567|464, 575|592, 577|663, 575|730, 579|793, 581|851, 585|906, 587|972, 587|1306, 589|1363, 589|1900, 587|1968, 587|2429, 588|2466, 588|3081, 594|3130, 594|3193, 584|3397, 561|3446, 561|4024, com.android.chrome/org.chromium.chrome.browser.bookmarks.BookmarkAddActivity, 
567|1, 566|182, 566|358, 567|440, 567|602, 569|643, 575|690, 575|978, 583|1035, 585|1136, 583|1216, 583|1265, 585|1312, 585|1365, 583|1435, 583|3071, 589|3107, 589|3142, 566|3214, 561|3385, 561|4022, com.android.chrome/org.chromium.chrome.browser.download.DownloadActivity, 
567|1, 566|121, 566|362, 567|433, 567|520, 569|578, 575|624, 575|915, 583|972, 583|1262, 585|1326, 585|1386, 583|1442, 583|3040, 589|3085, 566|3218, 561|3305, 561|4035, com.android.chrome/org.chromium.chrome.browser.history.HistoryActivity, 
567|1, 566|150, 566|436, 567|535, 567|624, 571|669, 575|717, 575|967, 583|1033, 583|1332, 585|1374, 585|1427, 583|1483, 583|2887, 585|2931, 585|3034, 587|3073, 591|3110, 563|3266, 561|3359, 561|4004, com.android.chrome/org.chromium.chrome.browser.history.HistoryActivity, 
569|1, 562|122, 566|216, 566|331, 570|386, 571|453, 571|536, 575|611, 579|678, 577|750, 577|800, 585|863, 591|1025, 600|1220, 602|1304, 604|1463, 608|1711, 615|1864, 615|2723, 618|2773, 618|2833, 622|2886, 622|2953, 624|3010, 624|3090, 630|3127, 630|3168, 619|3241, 561|3423, 561|4040, com.android.chrome/org.chromium.chrome.browser.customtabs.CustomTabActivity, 
567|1, 562|134, 568|221, 568|509, 569|619, 569|741, 573|779, 577|852, 577|1175, 585|1261, 585|1420, 587|1490, 587|1534, 585|1616, 585|3113, 591|3156, 591|3206, 560|3394, 561|3444, 561|4007, com.android.chrome/org.chromium.chrome.browser.download.DownloadActivity, 
567|1, 568|132, 568|369, 569|492, 577|559, 579|636, 583|738, 583|796, 591|876, 593|992, 599|1110, 602|1344, 602|1563, 608|1622, 606|1701, 604|1829, 604|2839, 605|2878, 605|3065, 611|3104, 611|3161, 561|3264, 561|4021, com.android.chrome/org.chromium.chrome.browser.firstrun.FirstRunActivity, 
569|1, 566|167, 570|229, 568|338, 568|498, 575|598, 577|651, 577|3099, 583|3131, 583|3191, 560|3388, 561|3432, 561|4017, com.android.chrome/org.chromium.chrome.browser.preferences.website.ManageSpaceActivity, 
567|1, 568|220, 568|405, 569|477, 577|585, 579|638, 579|722, 583|809, 589|877, 591|948, 591|1291, 593|1356, 593|1925, 591|1973, 591|2417, 592|2455, 592|3052, 598|3099, 598|3154, 590|3349, 561|3425, 561|4008, com.android.chrome/org.chromium.chrome.browser.bookmarks.BookmarkAddActivity, 
567|1, 566|144, 568|208, 568|459, 569|550, 569|658, 577|732, 577|980, 581|1035, 585|1091, 585|1307, 587|1360, 587|1403, 585|1472, 585|3060, 591|3097, 591|3144, 563|3289, 561|3434, 561|4011, com.android.chrome/org.chromium.chrome.browser.history.HistoryActivity, 
567|1, 566|136, 566|319, 571|415, 571|503, 573|565, 575|630, 581|711, 581|762, 583|820, 589|897, 597|1079, 599|1210, 602|1316, 604|1513, 608|1592, 608|1652, 611|1727, 611|1828, 615|1908, 615|2665, 618|2712, 618|2760, 622|2806, 622|2869, 624|2974, 624|3046, 630|3095, 630|3131, 561|3325, 561|4028, com.android.chrome/org.chromium.chrome.browser.customtabs.PaymentHandlerActivity, 
567|1, 562|127, 568|185, 568|446, 569|559, 577|636, 579|711, 583|801, 583|865, 585|907, 591|985, 591|1364, 593|1425, 593|1916, 591|1985, 591|2459, 592|2500, 592|3066, 598|3122, 598|3175, 594|3281, 561|3421, 561|4026, com.android.chrome/org.chromium.chrome.browser.bookmarks.BookmarkAddActivity, 
567|1, 566|145, 566|324, 571|415, 571|506, 575|558, 581|637, 581|803, 589|858, 591|962, 599|1190, 602|1280, 602|1380, 604|1508, 608|1592, 608|1656, 615|1793, 615|2525, 618|2576, 618|2660, 622|2705, 622|2765, 624|2815, 624|3066, 630|3137, 582|3298, 561|3339, 561|4001, com.android.chrome/org.chromium.chrome.browser.customtabs.PaymentHandlerActivity, 
569|1, 562|138, 566|203, 566|456, 571|551, 573|600, 575|647, 575|3095, 581|3133, 581|3168, 562|3346, 561|3404, 561|4013, com.android.chrome/org.chromium.chrome.browser.preferences.website.ManageSpaceActivity, 
567|1, 566|146, 566|388, 567|438, 567|605, 573|645, 575|692, 575|962, 583|1069, 583|1150, 585|1210, 585|1270, 583|1324, 583|3110, 589|3153, 589|3208, 561|3391, 561|4030, com.android.chrome/org.chromium.chrome.browser.preferences.Preferences, 
567|1, 566|133, 566|361, 567|442, 567|548, 569|614, 575|659, 575|987, 583|1053, 583|1247, 585|1305, 585|1372, 583|1445, 583|3056, 589|3104, 567|3237, 561|3309, 561|4036, com.android.chrome/org.chromium.chrome.browser.download.DownloadActivity, 
567|1, 566|173, 566|331, 567|390, 565|456, 565|3028, 571|3067, 571|3103, 561|3194, 561|4038, com.android.chrome/org.chromium.chrome.browser.media.router.caf.remoting.CafExpandedControllerActivity, 
567|1, 566|139, 566|393, 575|534, 575|705, 579|773, 585|816, 587|899, 587|1243, 589|1303, 589|1861, 587|1922, 587|2406, 588|2455, 588|3078, 594|3147, 594|3201, 561|3402, 561|4021, com.android.chrome/org.chromium.chrome.browser.bookmarks.BookmarkAddActivity, 
567|1, 562|135, 566|195, 566|305, 567|372, 565|428, 565|3107, 571|3143, 571|3204, 561|3280, 561|4023, com.android.chrome/org.chromium.chrome.browser.media.router.caf.remoting.CafExpandedControllerActivity, 
569|1, 562|146, 566|208, 566|480, 567|579, 567|685, 571|725, 575|780, 575|996, 581|1060, 583|1125, 583|1231, 585|1292, 585|1345, 583|1417, 585|1463, 583|1512, 583|3132, 589|3170, 589|3245, 561|3407, 561|4003, com.android.chrome/org.chromium.chrome.browser.preferences.Preferences, 
567|1, 566|158, 566|435, 571|533, 575|601, 575|3100, 581|3147, 581|3213, 560|3391, 561|3437, 561|4007, com.android.chrome/org.chromium.chrome.browser.preferences.website.ManageSpaceActivity, 
567|1, 560|93, 564|160, 564|322, 569|388, 569|463, 573|533, 576|582, 577|638, 577|741, 583|837, 587|962, 591|1107, 596|1262, 596|1333, 598|1471, 602|1561, 602|1730, 609|1829, 609|2537, 610|2575, 612|2625, 612|2666, 616|2731, 616|2773, 618|2867, 618|3068, 624|3122, 624|3159, 590|3364, 561|3411, 561|4026, com.android.chrome/org.chromium.chrome.browser.customtabs.PaymentHandlerActivity, 
567|1, 566|118, 566|403, 567|499, 567|560, 569|612, 575|655, 575|965, 583|1026, 583|1267, 585|1325, 585|1382, 583|1474, 583|3026, 589|3061, 589|3103, 561|3327, 561|4026, com.android.chrome/org.chromium.chrome.browser.download.DownloadActivity, 
569|1, 562|142, 566|199, 566|413, 569|495, 577|603, 579|696, 579|740, 581|803, 587|855, 587|1280, 589|1326, 589|1838, 587|1912, 587|2306, 588|2350, 588|3079, 594|3130, 594|3201, 561|3431, 561|4024, com.android.chrome/org.chromium.chrome.browser.bookmarks.BookmarkAddActivity, 
567|1, 566|136, 566|371, 567|427, 575|505, 577|578, 579|657, 579|712, 585|769, 587|832, 587|1220, 589|1315, 589|1791, 587|1853, 587|2300, 588|2338, 588|3040, 594|3106, 594|3168, 561|3330, 561|4008, com.android.chrome/org.chromium.chrome.browser.bookmarks.BookmarkAddActivity, 
567|1, 566|142, 566|380, 567|512, 567|565, 573|605, 575|670, 575|855, 573|1003, 573|3046, 579|3080, 579|3150, 561|3217, 561|4016, com.android.chrome/org.chromium.chrome.browser.sync.ui.PassphraseActivity, 
569|1, 566|133, 566|339, 567|396, 567|465, 573|534, 575|619, 575|782, 579|830, 583|895, 583|991, 585|1072, 585|1125, 583|1176, 583|3085, 589|3129, 589|3185, 560|3364, 561|3409, 561|4001, com.android.chrome/org.chromium.chrome.browser.preferences.Preferences, 
567|1, 566|144, 566|367, 571|489, 575|570, 575|3021, 581|3067, 581|3112, 567|3206, 561|3344, 561|4026, com.android.chrome/org.chromium.chrome.browser.preferences.website.ManageSpaceActivity, 
567|1, 564|91, 564|241, 565|299, 565|344, 567|386, 567|439, 571|526, 571|664, 575|708, 579|888, 577|940, 577|982, 579|1026, 585|1070, 587|1159, 591|1248, 591|1367, 594|1421, 600|1709, 602|1932, 606|2164, 606|3044, 612|3102, 612|3157, 590|3226, 574|3274, 572|3354, 561|3420, 561|4009, com.android.chrome/org.chromium.chrome.browser.incognito.IncognitoTabLauncher, 
569|1, 562|139, 566|196, 566|355, 571|411, 573|509, 573|698, 577|760, 579|813, 587|903, 591|1034, 596|1119, 598|1182, 596|1345, 606|1538, 606|2564, 609|2615, 609|2660, 611|2702, 613|2788, 615|2842, 615|2984, 618|3031, 618|3082, 628|3131, 628|3315, 561|3473, 561|4011, com.android.chrome/org.chromium.chrome.browser.searchwidget.SearchActivity, 
567|1, 562|83, 566|150, 566|430, 567|487, 565|597, 565|3081, 571|3129, 565|3193, 561|3246, 561|4022, com.android.chrome/org.chromium.chrome.browser.media.router.caf.remoting.CafExpandedControllerActivity, 
567|1, 562|173, 566|242, 566|417, 567|500, 567|669, 571|716, 575|759, 575|984, 581|1035, 583|1140, 583|1267, 585|1338, 583|1411, 583|3167, 589|3203, 589|3250, 575|3344, 561|3458, 561|4017, com.android.chrome/org.chromium.chrome.browser.preferences.Preferences, 
567|1, 562|112, 566|181, 566|362, 567|450, 573|568, 577|650, 581|701, 579|766, 579|824, 583|881, 589|976, 593|1091, 596|1243, 596|1441, 600|1617, 600|1889, 598|1956, 598|2867, 599|2904, 599|3043, 605|3088, 561|3196, 561|4004, com.android.chrome/org.chromium.chrome.browser.firstrun.FirstRunActivity, 
569|1, 563|115, 566|166, 566|367, 567|436, 567|485, 569|549, 575|612, 575|833, 585|916, 583|1016, 583|1118, 585|1194, 585|1247, 583|1319, 583|1654, 585|1693, 583|1735, 583|3115, 589|3164, 589|3203, 561|3423, 561|4014, com.android.chrome/org.chromium.chrome.browser.history.HistoryActivity, 
567|1, 562|78, 566|138, 566|399, 570|449, 571|545, 575|628, 579|717, 579|786, 577|848, 579|896, 585|966, 591|1146, 591|1249, 596|1321, 596|1471, 602|1602, 602|1733, 605|1939, 609|2061, 609|2751, 610|2798, 612|2885, 616|2933, 616|3010, 624|3103, 624|3149, 561|3308, 561|4003, com.android.chrome/org.chromium.chrome.browser.customtabs.CustomTabActivity, 
567|1, 562|163, 566|241, 566|323, 567|433, 567|609, 575|653, 575|890, 583|943, 583|1254, 585|1317, 583|1401, 583|3103, 589|3147, 589|3216, 561|3385, 561|4005, com.android.chrome/org.chromium.chrome.browser.history.HistoryActivity, 
567|1, 564|117, 566|193, 566|322, 570|381, 571|467, 573|564, 573|746, 575|813, 581|885, 589|1019, 591|1122, 596|1192, 596|1312, 606|1454, 606|2546, 607|2593, 609|2647, 609|2689, 613|2747, 613|2855, 615|2935, 615|2978, 616|3019, 618|3068, 624|3114, 628|3159, 596|3262, 561|3367, 561|4013, com.android.chrome/org.chromium.chrome.browser.searchwidget.SearchActivity, 
567|1, 562|130, 568|195, 568|425, 573|485, 577|552, 577|3073, 583|3107, 583|3170, 560|3334, 561|3383, 561|4020, com.android.chrome/org.chromium.chrome.browser.preferences.website.ManageSpaceActivity, 
567|1, 568|171, 568|340, 573|397, 573|486, 575|562, 575|759, 581|831, 591|899, 597|1020, 602|1137, 604|1318, 606|1437, 614|1644, 614|2703, 617|2752, 617|2803, 619|2855, 621|2907, 621|2961, 623|3021, 623|3062, 626|3114, 632|3158, 632|3199, 561|3342, 561|4022, com.android.chrome/org.chromium.chrome.browser.searchwidget.SearchActivity, 
569|1, 562|161, 568|214, 568|453, 569|566, 569|676, 573|718, 577|763, 577|984, 583|1040, 585|1097, 585|1376, 587|1429, 587|1480, 585|1561, 585|3088, 591|3121, 591|3175, 561|3382, 561|4049, com.android.chrome/org.chromium.chrome.browser.history.HistoryActivity, 
569|1, 567|106, 562|187, 568|240, 568|413, 569|493, 569|672, 575|720, 577|785, 577|1021, 583|1072, 585|1156, 585|1248, 587|1319, 587|1376, 585|1447, 585|3128, 591|3165, 591|3212, 561|3427, 561|4049, com.android.chrome/org.chromium.chrome.browser.preferences.Preferences, 
567|1, 568|132, 568|377, 573|490, 573|552, 575|628, 575|840, 581|894, 585|965, 591|1021, 597|1189, 602|1272, 602|1353, 610|1520, 614|1688, 614|1895, 616|1975, 614|2028, 614|2762, 617|2811, 617|2852, 621|2896, 621|2965, 623|3035, 630|3099, 617|3169, 575|3285, 561|3395, 561|4024, com.android.chrome/org.chromium.chrome.browser.searchwidget.SearchActivity, 
567|1, 563|85, 562|140, 568|189, 568|401, 569|502, 569|636, 577|697, 577|923, 583|979, 585|1063, 585|1176, 587|1282, 585|1340, 585|3067, 591|3113, 591|3208, 560|3361, 561|3413, 561|4026, com.android.chrome/org.chromium.chrome.browser.preferences.Preferences, 
567|1, 560|124, 566|225, 566|371, 570|412, 571|451, 571|557, 573|604, 575|648, 579|702, 581|751, 581|858, 587|914, 591|1009, 595|1117, 597|1198, 600|1257, 600|1321, 606|1637, 610|1739, 613|1801, 613|2072, 615|2116, 615|2436, 618|2486, 618|2568, 622|2617, 622|2656, 624|2711, 624|3100, 630|3141, 630|3177, 561|3376, 561|4029, com.android.chrome/org.chromium.chrome.browser.customtabs.PaymentHandlerActivity, 
567|1, 562|135, 568|180, 568|371, 569|452, 569|638, 575|694, 577|834, 577|894, 575|1047, 575|3087, 581|3139, 562|3244, 561|3284, 561|4015, com.android.chrome/org.chromium.chrome.browser.sync.ui.PassphraseActivity, 
567|1, 562|94, 568|193, 568|448, 569|559, 569|652, 577|711, 577|947, 583|1012, 585|1096, 585|1332, 587|1399, 585|1470, 585|3064, 591|3114, 591|3149, 568|3260, 561|3401, 561|4033, com.android.chrome/org.chromium.chrome.browser.history.HistoryActivity, 
567|1, 568|146, 568|368, 569|471, 569|574, 573|622, 577|673, 577|891, 583|951, 585|1017, 585|1147, 587|1208, 585|1265, 585|1626, 587|1677, 585|1722, 585|3068, 591|3106, 591|3247, 560|3384, 561|3431, 561|4005, com.android.chrome/org.chromium.chrome.browser.preferences.Preferences, 
567|1, 564|131, 566|174, 566|365, 567|439, 565|564, 565|1146, 567|1182, 567|3062, 573|3100, 573|3158, 561|3232, 561|4020, com.android.chrome/org.chromium.chrome.browser.media.router.caf.remoting.CafExpandedControllerActivity, 
567|1, 568|112, 568|294, 569|361, 567|493, 567|3044, 573|3103, 560|3190, 561|3226, 561|4006, com.android.chrome/org.chromium.chrome.browser.media.router.caf.remoting.CafExpandedControllerActivity, 
563|1, 564|149, 564|314, 565|358, 565|425, 567|482, 571|546, 571|831, 573|879, 579|952, 579|1011, 577|1073, 579|1129, 587|1188, 591|1273, 591|1348, 597|1479, 600|1608, 602|1748, 606|1888, 606|2005, 612|2244, 612|3009, 618|3049, 618|3090, 603|3159, 575|3235, 561|3359, 561|4011, com.android.chrome/org.chromium.chrome.browser.incognito.IncognitoTabLauncher, 
567|1, 568|117, 568|243, 572|317, 573|375, 573|512, 577|571, 581|652, 583|716, 581|797, 583|851, 589|920, 591|1064, 599|1261, 602|1348, 602|1510, 608|1689, 608|1807, 615|2006, 615|2900, 618|2955, 618|2998, 628|3070, 628|3188, 561|3345, 561|4023, com.android.chrome/org.chromium.chrome.browser.customtabs.CustomTabActivity, 
567|1, 564|137, 568|216, 568|412, 569|479, 569|630, 573|669, 577|721, 577|877, 575|972, 575|3038, 581|3076, 581|3121, 560|3210, 561|3260, 561|4006, com.android.chrome/org.chromium.chrome.browser.sync.ui.PassphraseActivity, 
567|1, 566|154, 566|389, 567|501, 567|571, 571|613, 575|668, 575|834, 573|953, 573|1387, 575|1439, 573|1499, 573|3094, 579|3139, 579|3191, 561|3273, 561|4025, com.android.chrome/org.chromium.chrome.browser.sync.ui.PassphraseActivity, 
567|1, 562|100, 566|160, 566|391, 567|486, 567|606, 571|646, 575|696, 575|936, 583|1027, 583|1186, 585|1237, 583|1294, 583|3095, 589|3134, 589|3221, 560|3353, 561|3400, 561|4023, com.android.chrome/org.chromium.chrome.browser.preferences.Preferences, 
567|1, 566|118, 566|390, 565|469, 565|3043, 571|3096, 561|3180, 561|4010, com.android.chrome/org.chromium.chrome.browser.media.router.caf.remoting.CafExpandedControllerActivity, 
567|1, 562|104, 564|155, 564|300, 565|358, 565|429, 567|509, 567|582, 571|662, 571|872, 575|934, 579|1027, 577|1091, 577|1140, 581|1190, 587|1267, 591|1401, 594|1589, 596|1656, 596|1739, 600|1872, 600|2096, 606|2212, 606|2629, 608|2705, 606|2754, 606|3041, 612|3086, 612|3188, 572|3260, 571|3336, 561|3564, 561|4005, com.android.chrome/org.chromium.chrome.browser.incognito.IncognitoTabLauncher, 
567|1, 563|96, 566|186, 566|405, 570|466, 571|579, 571|650, 575|717, 579|832, 577|899, 583|971, 587|1060, 591|1176, 593|1298, 596|1465, 602|1697, 605|1852, 609|2052, 609|2818, 610|2854, 612|2904, 612|2949, 616|3004, 616|3056, 622|3132, 624|3188, 588|3267, 561|3392, 561|4018, com.android.chrome/org.chromium.chrome.browser.customtabs.CustomTabActivity, 
567|1, 567|71, 562|134, 566|214, 566|396, 567|438, 575|515, 575|3106, 581|3143, 581|3193, 560|3422, 560|3470, 561|3518, 561|4022, com.android.chrome/org.chromium.chrome.browser.preferences.website.ManageSpaceActivity, 
567|1, 562|112, 566|208, 566|442, 567|554, 575|612, 581|704, 579|769, 579|825, 585|868, 589|952, 593|1138, 596|1377, 596|1502, 600|1617, 600|1674, 602|1758, 598|1838, 598|2768, 599|2807, 599|3074, 605|3111, 605|3153, 561|3314, 561|4020, com.android.chrome/org.chromium.chrome.browser.firstrun.FirstRunActivity, 
567|1, 564|121, 566|198, 566|421, 567|509, 567|654, 573|694, 575|759, 575|1033, 581|1086, 583|1165, 583|1315, 585|1369, 585|1428, 583|1504, 583|3068, 589|3103, 589|3177, 561|3354, 561|4006, com.android.chrome/org.chromium.chrome.browser.download.DownloadActivity, 
569|1, 562|150, 566|198, 566|400, 571|485, 571|593, 575|657, 579|743, 579|801, 577|858, 577|910, 585|962, 589|1122, 593|1262, 594|1326, 596|1444, 598|1585, 602|1696, 602|1758, 605|1834, 609|2007, 609|2752, 612|2795, 612|2899, 616|2940, 616|3007, 618|3060, 618|3096, 624|3138, 624|3207, 562|3390, 561|3456, 561|4071, com.android.chrome/org.chromium.chrome.browser.customtabs.CustomTabActivity, 
567|1, 564|114, 564|291, 565|359, 565|448, 567|517, 571|613, 571|851, 575|897, 575|955, 579|1013, 579|1083, 577|1139, 581|1196, 587|1272, 591|1423, 594|1534, 596|1680, 596|1758, 600|1962, 602|2120, 606|2266, 608|2429, 606|2564, 606|3045, 612|3086, 612|3141, 590|3220, 573|3301, 574|3347, 572|3408, 566|3546, 561|3641, 561|4031, com.android.chrome/org.chromium.chrome.browser.incognito.IncognitoTabLauncher, 
569|1, 560|136, 564|191, 564|315, 565|374, 565|433, 567|540, 571|640, 571|833, 575|886, 579|964, 579|1029, 577|1101, 577|1149, 581|1192, 587|1281, 589|1367, 591|1460, 594|1612, 596|1742, 600|1811, 600|2050, 602|2154, 606|2294, 608|2488, 606|2661, 606|3099, 612|3141, 599|3242, 572|3291, 561|3432, 561|4003, com.android.chrome/org.chromium.chrome.browser.incognito.IncognitoTabLauncher, 
567|1, 566|148, 566|384, 570|442, 571|527, 571|604, 573|666, 575|730, 579|803, 577|885, 581|944, 585|993, 591|1192, 596|1328, 596|1503, 602|1705, 602|1825, 606|1997, 609|2079, 609|2840, 612|2890, 612|2989, 616|3054, 622|3123, 624|3188, 561|3351, 561|4007, com.android.chrome/org.chromium.chrome.browser.customtabs.CustomTabActivity, 
567|1, 560|98, 564|155, 564|279, 569|337, 569|390, 571|440, 577|528, 577|712, 581|751, 587|832, 591|979, 596|1085, 596|1151, 600|1235, 602|1363, 606|1515, 606|1635, 609|1721, 609|2201, 612|2245, 612|2325, 616|2379, 616|2444, 618|2496, 618|3065, 624|3115, 624|3159, 561|3409, 561|4019, com.android.chrome/org.chromium.chrome.browser.customtabs.PaymentHandlerActivity, 
567|1, 564|171, 564|273, 565|326, 567|381, 571|490, 571|776, 573|827, 579|904, 579|1022, 577|1083, 579|1128, 585|1182, 591|1320, 591|1400, 594|1496, 594|1562, 596|1668, 596|1731, 600|1903, 602|2067, 606|2251, 606|3043, 612|3092, 573|3221, 571|3296, 574|3351, 561|3485, 561|4022, com.android.chrome/org.chromium.chrome.browser.incognito.IncognitoTabLauncher, 
567|1, 566|158, 566|423, 571|526, 571|649, 575|719, 579|796, 577|882, 579|935, 585|986, 589|1162, 591|1253, 596|1365, 596|1540, 604|1682, 605|1916, 609|2047, 609|2789, 612|2833, 612|2876, 616|2921, 616|3036, 624|3089, 624|3132, 611|3196, 561|3333, 561|4019, com.android.chrome/org.chromium.chrome.browser.customtabs.CustomTabActivity, 
567|1, 564|96, 564|276, 565|346, 567|426, 567|517, 571|609, 571|718, 573|837, 575|881, 575|926, 579|1018, 579|1076, 577|1139, 583|1198, 589|1339, 591|1453, 594|1557, 596|1642, 600|1748, 600|2073, 606|2238, 606|2410, 608|2532, 606|2668, 606|3036, 612|3076, 612|3184, 573|3266, 573|3315, 561|3457, 561|4013, com.android.chrome/org.chromium.chrome.browser.incognito.IncognitoTabLauncher, 
567|1, 567|134, 560|191, 564|239, 564|363, 569|432, 569|516, 573|558, 575|627, 577|677, 577|786, 583|832, 591|980, 591|1072, 596|1204, 598|1347, 602|1456, 602|1565, 609|1665, 609|2477, 612|2523, 612|2611, 616|2655, 616|2717, 618|2788, 618|3154, 624|3193, 624|3279, 561|3491, 561|4037, com.android.chrome/org.chromium.chrome.browser.customtabs.PaymentHandlerActivity, 
569|1, 561|122, 564|191, 564|364, 569|421, 569|566, 573|635, 577|700, 577|813, 581|875, 585|963, 587|1124, 591|1248, 596|1389, 596|1496, 602|1621, 602|1758, 605|1868, 609|1961, 609|2605, 612|2665, 612|2710, 616|2753, 616|2849, 618|2888, 618|3117, 624|3169, 624|3236, 586|3316, 561|3412, 561|4011, com.android.chrome/org.chromium.chrome.browser.customtabs.PaymentHandlerActivity, 
569|1, 567|105, 564|151, 564|324, 569|369, 569|463, 573|518, 577|573, 577|722, 583|775, 587|855, 591|1010, 596|1128, 600|1285, 602|1378, 602|1454, 609|1540, 609|2397, 612|2448, 612|2533, 616|2580, 616|2679, 618|2737, 618|3121, 624|3158, 624|3214, 561|3418, 561|4027, com.android.chrome/org.chromium.chrome.browser.customtabs.PaymentHandlerActivity, 
