195425333|1, 195425333|1284, 195425728|1431, 195426275|1552, 195430346|1632, 195431253|1722, 195431253|1820, 195432937|1905, 195432937|2310, 195433387|2381, 195433759|2456, 195437817|2535, 195437869|2591, 195437869|2638, 195438485|2720, 195438485|2904, 195438892|2989, 195439015|3065, 195439187|3127, 195439641|3179, 195442397|3249, 195443775|3309, 195445078|3358, 195447834|3406, 195447834|3459, 195449694|3510, 195449742|3564, 195449742|4031, com.android.chrome, 
195456261|1, 195456261|1025, 195457229|1091, 195465697|1179, 195470243|1267, 195473278|1342, 195473278|1471, 195482932|1553, 195487567|1606, 195493008|1674, 195495342|1731, 195502705|1864, 195504484|1972, 195514497|2037, 195516258|2140, 195516258|2224, 195520486|2317, 195520486|2544, 195520971|2664, 195522372|2744, 195522372|3262, 195522888|3324, 195522980|3374, 195523583|4013, com.antutu.ABenchMark, 
195568984|1, 195568984|1201, 195569506|1323, 195569506|4019, com.whatsapp, 
195569506|1, 195569506|1019, 195569610|1076, 195581546|1188, 195585177|1291, 195585177|1457, 195585281|1530, 195585281|1576, 195603446|1690, 195603446|1798, 195605093|1904, 195605093|1986, 195614749|2078, 195614749|2177, 195615743|2255, 195625712|2381, 195625712|2461, 195626299|2517, 195627381|2617, 195627381|2749, 195627922|2832, 195627974|2900, 195632150|2949, 195632150|3021, 195632557|3063, 195632635|3120, 195633450|3171, 195633542|3242, 195633542|4007, com.antutu.ABenchMark, 
195672131|1, 195672131|1126, 195672547|1222, 195683905|1374, 195685133|1545, 195685223|1608, 195685223|1647, 195686456|1701, 195686975|1752, 195690511|1845, 195692867|1944, 195692867|2306, 195706203|2732, 195707824|2969, 195707824|4034, com.Slack, 
195708960|1, 195708960|1322, 195709703|1503, 195710628|1578, 195714855|1652, 195715606|1696, 195715606|2475, 195716125|2548, 195716437|2603, 195716497|2660, 195716549|2699, 195720539|2745, 195720539|2813, 195722273|2877, 195722889|2935, 195723075|2982, 195723370|3057, 195723370|3440, 195723824|3487, 195726580|3567, 195726580|3610, 195729213|3660, 195729261|3702, 195732017|3742, 195732017|3795, 195733877|3839, 195733925|3882, 195733925|4019, com.android.chrome, 
195734081|1, 195734081|1947, 195734497|2076, 195737954|2151, 195786113|2210, 195786113|2527, 195786217|2580, 195787086|2626, 195787345|2671, 195897439|2739, 195897491|2779, 195897491|3222, 195897715|3260, 195900633|3308, 195904192|3364, 195904520|3400, 195904520|3502, 195939987|3553, 195989109|3635, 195989109|4025, com.csst.ecdict, 
195989265|1, 195989265|4009, at.DiTronic.androidgroup.randomgallery, 
196003049|1, 196003049|1259, 196003544|1355, 196003544|1430, 196003665|1518, 196003665|1695, 196003881|1750, 196003881|1859, 196004143|1919, 196004143|2008, 196004203|2076, 196004203|2218, 196007851|2261, 196007851|2405, 196008090|2474, 196008090|2508, 196008420|2568, 196008420|2612, 196022680|2652, 196022927|2711, 196023114|2759, 196023114|2805, 196028540|2877, 196028600|2942, 196028600|3071, 196034934|3133, 196034934|3215, 196035037|3298, 196035562|3382, 196035562|3512, 196037425|3592, 196037822|3661, 196037882|3701, 196044023|3837, 196046068|3927, 196046188|3990, 196051586|4042, com.cnn.mobile.android.phone, 
196088094|1, 196088094|1583, 196088510|1664, 196092018|1732, 196092772|1813, 196092772|1958, 196092999|2004, 196093051|2071, 196093155|2118, 196093591|2166, 196093591|2260, 196093643|2307, 196094933|2366, 196094933|2490, 196095045|2539, 196101307|2624, 196101963|2677, 196101963|2786, 196137275|2838, 196186325|2901, 196186325|4025, com.csst.ecdict, 
196186481|1, 196186481|4013, com.google.android.deskclock, 
196186481|1, 196186481|1261, 196186817|1345, 196186817|1518, 196186926|1592, 196186926|1895, 196186986|1977, 196186986|2189, 196190175|2247, 196190175|2451, 196190606|2503, 196190606|2652, 196191283|2699, 196191283|2912, 196191335|2965, 196191335|3160, 196192449|3204, 196192575|3281, 196192575|4023, com.ted.android, 
196193681|1, 196193681|1292, 196194149|1360, 196194149|1538, 196194641|1604, 196194641|1746, 196194869|1797, 196194996|1853, 196195056|1928, 196195056|1994, 196199939|2057, 196199939|2346, 196200742|2430, 196200742|2486, 196205573|2550, 196206913|2599, 196206913|2801, 196209593|2863, 196209593|2900, 196209653|2945, 196210377|2989, 196212001|3036, 196216988|3100, 196216988|3139, 196217298|3186, 196217637|3234, 196221864|3267, 196222019|3318, 196222019|3364, 196222071|3406, 196222071|3448, 196222251|3497, 196222251|3537, 196222590|3587, 196222590|3670, 196227315|3737, 196233019|3799, 196233019|3893, 196244427|3952, 196244427|4034, com.paypal.android.p2pmobile, 
196256815|1, 196256815|4011, com.sometimeswefly.littlealchemy, 
196261415|1, 196261415|4039, com.sometimeswefly.littlealchemy, 
196261415|1, 196261415|4038, com.sometimeswefly.littlealchemy, 
196265963|1, 196265963|4016, com.github.shadowsocks, 
196265963|1, 196265963|1718, 196266299|1786, 196266299|1919, 196266521|1975, 196278461|2175, 196278513|2265, 196278880|2348, 196292085|2434, 196293439|2527, 196294990|2681, 196295817|2758, 196302432|2897, 196310541|3162, 196311199|3225, 196311199|3275, 196311604|3327, 196313695|3398, 196313926|3448, 196313926|3583, 196314964|3657, 196320174|3741, 196323649|4087, com.booking, 
196329314|1, 196329314|1605, 196329412|1677, 196329412|4014, com.sometimeswefly.littlealchemy, 
196333960|1, 196333960|4046, com.sometimeswefly.littlealchemy, 
196333960|1, 196333960|4037, com.google.android.apps.photos, 
196333960|1, 196333960|1418, 196334077|1492, 196334077|1540, 196334251|1601, 196334251|4007, com.whatsapp, 
196334251|1, 196334251|4016, com.whatsapp, 
196334251|1, 196334251|4018, at.DiTronic.androidgroup.randomgallery, 
196347519|1, 196347519|1307, 196347624|1367, 196347624|4043, com.whatsapp, 
196347624|1, 196347624|2638, 196347880|2697, 196347880|2818, 196347940|2870, 196347940|3142, 196351129|3307, 196351129|3403, 196351560|3446, 196351560|3741, 196352239|3944, 196352239|4038, com.ted.android, 
196354414|1, 196354466|67, 196354466|925, 196354512|971, 196354653|1036, 196363121|1116, 196363499|1172, 196367965|1253, 196370702|1347, 196370702|1406, 196370858|1490, 196388897|1573, 196390510|1644, 196399553|1767, 196400186|1833, 196400186|1910, 196400639|1957, 196410066|2051, 196410607|2123, 196410607|2378, 196414835|2485, 196415422|2560, 196416989|2652, 196417803|2745, 196417803|3120, 196418319|3194, 196418319|3880, 196418549|3964, 196424009|4076, com.antutu.ABenchMark, 
196468689|1, 196468689|4036, com.whatsapp, 
196468911|1, 196468911|1800, 196469263|1857, 196469263|3792, 196469471|3852, 196469638|3892, 196470269|3947, 196470269|4027, com.skype.raider, 
196470361|1, 196470361|1370, 196470541|1439, 196478933|1556, 196478933|1624, 196479899|1699, 196479951|1795, 196483038|1851, 196483090|1942, 196483819|2005, 196491192|2131, 196491651|2266, 196491651|2442, 196491711|2499, 196495152|2599, 196501253|2938, 196507982|3030, 196509232|3154, 196509890|3217, 196510243|3287, 196510295|3329, 196510295|3429, 196511002|3479, 196511106|3533, 196511106|3653, 196512667|3780, 196513360|3834, 196513360|3894, 196517879|3942, 196517879|4040, com.booking, 
196521708|1, 196521708|1559, 196521768|1650, 196528433|1833, 196528433|2201, 196528536|2278, 196528645|2361, 196528997|2432, 196529251|2469, 196529431|2546, 196529611|2597, 196529611|2641, 196544260|2714, 196544260|3210, 196545192|3518, 196545192|3564, 196545531|3619, 196550357|3689, 196550357|3793, 196563872|3845, 196563872|3893, 196572515|3955, 196572515|4004, com.paypal.android.p2pmobile, 
196585482|1, 196585482|4040, com.google.android.deskclock, 
196585482|1, 196585482|4012, com.whatsapp, 
196585482|1, 196585482|1307, 196585950|1386, 196585950|1574, 196586236|1651, 196586236|1816, 196592469|1861, 196592753|1924, 196592753|2684, 196592856|2753, 196592856|3144, 196593036|3192, 196593036|4054, com.dropbox.android, 
196593494|1, 196593494|1184, 196593768|1264, 196593768|1331, 196593910|1381, 196594030|1470, 196602304|1549, 196603380|1645, 196608845|1720, 196609225|1780, 196609277|1841, 196609277|1891, 196609610|1936, 196609662|2059, 196613260|2148, 196613260|2529, 196613434|2839, 196613608|3160, 196613608|4006, com.Slack, 
196613660|1, 196613660|1025, 196613928|1100, 196613928|1174, 196614324|1220, 196614454|1306, 196614454|1476, 196614571|1524, 196614571|4031, com.whatsapp, 
196614571|1, 196614571|1682, 196614872|1770, 196614872|4020, com.instagram.android, 
196614965|1, 196614965|4038, com.facebook.katana, 
196614965|1, 196614965|1653, 196615025|1731, 196615025|1794, 196615085|1839, 196615085|1911, 196627108|1994, 196627168|2057, 196627220|2108, 196638141|2212, 196638141|2278, 196638527|2360, 196638527|2414, 196643590|2483, 196644229|2564, 196644229|3160, 196645315|3206, 196645315|3277, 196645471|3326, 196645471|3402, 196645810|3463, 196650039|3516, 196650039|3557, 196650091|3598, 196650091|3692, 196655155|3737, 196655155|3796, 196663711|3869, 196663711|3910, 196680823|3992, 196687246|4186, com.paypal.android.p2pmobile, 
196689250|1, 196689250|1891, 196689395|1971, 196689788|2026, 196689988|2078, 196690354|2144, 196690354|2202, 196690504|2257, 196690684|2333, 196690684|2381, 196690939|2446, 196696038|2515, 196704948|2572, 196708033|2637, 196708033|2691, 196708335|2744, 196713417|2814, 196713554|2877, 196713797|2936, 196714107|2996, 196714153|3050, 196716862|3128, 196717753|3201, 196717753|3243, 196718454|3299, 196718514|3369, 196718566|3412, 196720058|3463, 196724092|3621, 196724092|3667, 196724290|3722, 196724350|3773, 196724350|3811, 196729022|3899, 196729384|3947, 196730232|3990, 196730488|4061, com.ebay.mobile, 
196749091|1, 196749091|1511, 196749392|1614, 196749392|4006, com.instagram.android, 
196749392|1, 196749392|1384, 196749502|1453, 196749502|2219, 196749621|2286, 196749621|2389, 196749716|2460, 196749716|4036, com.sometimeswefly.littlealchemy, 
196754446|1, 196754446|1470, 196754676|1578, 196754676|1789, 196754769|1878, 196754769|2328, 196754829|2393, 196754829|2605, 196758018|2838, 196758449|2917, 196758449|3123, 196759126|3171, 196759178|4243, com.ted.android, 
196761308|1, 196761308|1037, 196769702|1126, 196769702|1197, 196770696|1253, 196776161|1359, 196776541|1417, 196780271|1495, 196786039|1561, 196786091|1599, 196787131|1669, 196788275|1730, 196788275|1802, 196788603|1854, 196788903|1909, 196788955|1943, 196788955|4040, com.Slack, 
196789007|1, 196789007|1205, 196789228|1286, 196789228|1416, 196794122|1530, 196794873|1573, 196794925|1610, 196794925|2281, 196795375|2328, 196795747|2383, 196795868|2460, 196801541|2521, 196801593|2583, 196802209|2637, 196802209|2912, 196802690|3003, 196802690|3068, 196803144|3148, 196805900|3206, 196805900|3259, 196807278|3296, 196808577|3368, 196811381|3427, 196811381|3471, 196813241|3536, 196813289|3586, 196813289|4032, com.android.chrome, 
196822166|1, 196822166|1559, 196823046|1742, 196827444|1828, 196828299|1907, 196828351|1969, 196828351|2180, 196829982|2268, 196829982|2409, 196830501|2489, 196830813|2538, 196830925|2596, 196830925|2660, 196834916|2700, 196834968|2744, 196835584|2801, 196835584|3139, 196836286|3221, 196836286|3384, 196836740|3454, 196839496|3515, 196840874|3550, 196842177|3608, 196844933|3666, 196844933|3702, 196846793|3749, 196846841|3803, 196846841|4035, com.android.chrome, 
196847687|1, 196847687|1053, 196848212|1114, 196848212|1191, 196848272|1247, 196848624|1294, 196855091|1362, 196855281|1445, 196855887|1538, 196861403|1590, 196866937|1691, 196868255|1840, 196868557|1917, 196878962|2055, 196879346|2105, 196884822|2187, 196885235|2245, 196886286|2307, 196892723|2388, 196893354|2457, 196897497|2512, 196897862|2581, 196905891|2658, 196906201|2699, 196906313|2763, 196906754|2818, 196908403|2867, 196908877|2924, 196912577|2987, 196913290|3040, 196913290|3081, 196913860|3150, 196913860|3286, 196928120|3338, 196934822|3399, 196934822|3481, 196940249|3536, 196940249|3592, 196940559|3629, 196940559|3732, 196940914|3774, 196940914|4033, com.cnn.mobile.android.phone, 
196952694|1, 196952694|588, 196952815|647, 196952815|1674, 196952951|1716, 196952951|1802, 196953075|1861, 196953276|1906, 196953276|1948, 196953435|2024, 196953435|2075, 196953495|2112, 196953495|2186, 196957437|2277, 196957437|2451, 196957799|2486, 196957851|2528, 196957851|2586, 196957903|2629, 196957903|2714, 196963752|2805, 196963752|3208, 196963804|3277, 196963804|3352, 196964280|3428, 196964280|3499, 196964332|3607, 196964332|3666, 196964736|3737, 196964736|4043, com.tripadvisor.tripadvisor, 
196964871|1, 196964871|1174, 196964931|1232, 196964931|1293, 196970261|1374, 196970261|1459, 196973767|1548, 196973827|1626, 196973827|1778, 196978140|1848, 196983850|1959, 196983850|2012, 196986291|2083, 196987160|2155, 196987160|2193, 196988285|2266, 196988337|2334, 196988389|2375, 196997062|2496, 196997062|2577, 196997165|2625, 197003974|2713, 197003974|2783, 197015382|2833, 197020472|2889, 197020472|2950, 197027325|3001, 197027325|3087, 197027747|3156, 197030105|3207, 197030105|3255, 197034127|3323, 197035072|3372, 197036149|3408, 197036850|3465, 197037276|3524, 197037631|3569, 197039057|3621, 197039816|3694, 197039816|3741, 197040171|3804, 197043023|3878, 197043023|3916, 197043557|3976, 197043557|4038, com.cnn.mobile.android.phone, 
197054913|1, 197054913|1660, 197055011|1728, 197055011|4038, com.sometimeswefly.littlealchemy, 
197059876|1, 197059876|2756, 197059936|2799, 197059936|2882, 197063878|2957, 197063878|3073, 197064188|3138, 197064188|3292, 197064240|3355, 197064240|3402, 197064716|3455, 197064716|3577, 197064768|3622, 197064768|3685, 197065172|3735, 197065172|4009, com.tripadvisor.tripadvisor, 
197065307|1, 197065307|1206, 197065709|1353, 197071301|1416, 197074099|1480, 197074099|1587, 197075065|1650, 197078100|1724, 197078563|1866, 197078563|1943, 197080242|2033, 197087022|2167, 197087074|2232, 197087134|2324, 197094008|2420, 197094008|2492, 197095149|2564, 197095661|2675, 197119962|2953, 197126287|3022, 197126339|3070, 197127271|3114, 197127689|3183, 197127793|3236, 197127793|3272, 197128156|3326, 197128156|3851, 197131493|3945, 197135670|4005, com.booking, 
197141516|1, 197141516|1589, 197141868|1641, 197141868|2903, 197141932|2963, 197141932|3815, 197142307|3861, 197142359|3907, 197142938|3964, 197142938|4020, com.skype.raider, 
197143030|1, 197143030|1440, 197150173|1533, 197152969|1594, 197152969|1722, 197153875|1803, 197153987|1856, 197157126|1971, 197158167|2041, 197158167|2104, 197158219|2183, 197164264|2252, 197164723|2348, 197164903|2466, 197169086|2587, 197171884|2689, 197173170|2775, 197173472|2833, 197173524|2870, 197173636|2991, 197180505|3110, 197181402|3211, 197187772|3286, 197188490|3336, 197188791|3371, 197188791|3429, 197189234|3488, 197189837|3534, 197189837|3599, 197190927|3654, 197191158|3711, 197191158|3794, 197191521|3846, 197191521|3882, 197191752|3943, 197194549|4055, com.booking, 
197195479|1, 197195479|513, 197195559|560, 197195559|1919, 197195943|1966, 197195943|4030, com.github.shadowsocks, 
197195943|1, 197195943|1108, 197196003|1177, 197196415|1241, 197200259|1292, 197200350|1365, 197203856|1462, 197203856|1509, 197208289|1635, 197215131|1747, 197220839|1819, 197221133|1886, 197223730|2022, 197224395|2070, 197225222|2129, 197225282|2191, 197229484|2245, 197242925|2338, 197243965|2393, 197244698|2442, 197245163|2501, 197245163|2565, 197251497|2634, 197252262|2686, 197266941|2759, 197267044|2819, 197267223|2853, 197272649|2917, 197273056|2982, 197273056|3017, 197273108|3064, 197274040|3119, 197274040|3160, 197274395|3221, 197275335|3296, 197275335|3348, 197275690|3395, 197275690|3612, 197275750|3664, 197275750|4029, com.cnn.mobile.android.phone, 
197294214|1, 197294214|4004, com.facebook.katana, 
197294214|1, 197294214|4053, com.facebook.katana, 
197294214|1, 197294214|4011, at.DiTronic.androidgroup.randomgallery, 
197334041|1, 197334041|4044, com.sometimeswefly.littlealchemy, 
197338641|1, 197338641|1985, 197338701|2071, 197338701|2128, 197338761|2199, 197343748|2284, 197343800|2322, 197348194|2385, 197348254|2485, 197348564|2538, 197348564|2607, 197352435|2667, 197352435|2722, 197353136|2793, 197353136|2929, 197354663|2977, 197354663|3133, 197355010|3201, 197356402|3304, 197356402|3356, 197356462|3430, 197356522|3498, 197372261|3749, 197372623|3798, 197372683|3846, 197373042|3896, 197373042|3931, 197373298|3982, 197373298|4045, com.ebay.mobile, 
197393382|1, 197393382|2599, 197393442|2656, 197393442|2718, 197397384|2788, 197397384|2957, 197397694|3023, 197397694|3144, 197397746|3181, 197397746|3253, 197398222|3301, 197398222|3448, 197398274|3496, 197398274|3530, 197398678|3589, 197398678|4003, com.tripadvisor.tripadvisor, 
197398813|1, 197398813|4028, com.github.shadowsocks, 
197398813|1, 197398813|4013, at.DiTronic.androidgroup.randomgallery, 
197415894|1, 197415894|1569, 197416289|1657, 197416966|1812, 197421357|1904, 197422108|1961, 197422108|2062, 197423792|2133, 197423792|2517, 197424311|2559, 197424683|2622, 197424735|2685, 197424735|2720, 197428673|2759, 197428725|2813, 197429341|2866, 197429341|3097, 197430043|3195, 197430043|3310, 197430497|3368, 197433253|3426, 197433253|3479, 197435885|3539, 197438689|3596, 197438689|3639, 197440549|3697, 197440597|3752, 197440597|4014, com.android.chrome, 
197440649|1, 197440649|820, 197441175|894, 197441175|1389, 197446949|1486, 197449747|1568, 197449747|1642, 197450713|1717, 197450765|1789, 197453853|1846, 197454167|1894, 197454474|1971, 197456153|2055, 197462170|2134, 197462629|2243, 197462894|2348, 197462946|2405, 197467129|2519, 197469926|2593, 197470374|2636, 197471566|2742, 197475252|3038, 197479278|3094, 197479409|3143, 197479857|3201, 197483778|3246, 197484079|3308, 197484490|3364, 197484490|3413, 197484542|3448, 197484542|3494, 197485244|3552, 197485475|3591, 197485475|3631, 197491686|3820, 197491917|3875, 197491977|4022, com.booking, 
197496610|1, 197496610|917, 197497135|976, 197497135|1082, 197497255|1151, 197503722|1232, 197503722|1291, 197507774|1377, 197513142|1448, 197517320|1567, 197528768|1713, 197529753|1780, 197536687|1924, 197538683|1996, 197538787|2050, 197539209|2108, 197547134|2194, 197551494|2247, 197551494|2304, 197551658|2375, 197552073|2422, 197552176|2458, 197558562|2510, 197558562|2630, 197579200|2683, 197579303|2738, 197579303|2821, 197585084|2887, 197585446|2952, 197586378|3005, 197586378|3042, 197586733|3093, 197587126|3151, 197587173|3194, 197588066|3237, 197588421|3295, 197589122|3365, 197589122|3408, 197589301|3473, 197589772|3531, 197589772|3659, 197590127|3720, 197590127|4041, com.cnn.mobile.android.phone, 
197600581|1, 197600581|4029, com.github.shadowsocks, 
197600581|1, 197600581|1262, 197600803|1339, 197600929|1393, 197600929|4028, com.whatsapp, 
197600929|1, 197600929|1865, 197601260|1933, 197601260|4062, com.instagram.android, 
197601260|1, 197601260|4027, com.google.android.deskclock, 
197601260|1, 197601260|1154, 197601539|1198, 197601659|1299, 197609933|1378, 197610867|1428, 197610957|1501, 197611091|1612, 197620128|1685, 197620456|1755, 197620648|1821, 197626023|1883, 197626944|1933, 197628920|2070, 197629272|2164, 197629272|2648, 197629620|3062, 197629620|4182, com.Slack, 
197629672|1, 197629672|1759, 197630146|1837, 197630146|1885, 197630406|1927, 197630406|1981, 197630676|2051, 197630676|2430, 197630795|2513, 197630795|2609, 197630890|2684, 197630890|4013, com.sometimeswefly.littlealchemy, 
197635620|1, 197635620|1649, 197635994|1749, 197636304|1811, 197636364|1894, 197636476|1981, 197636733|2036, 197641231|2097, 197649191|2195, 197649251|2261, 197649561|2320, 197650008|2412, 197653855|2514, 197653855|2566, 197655971|2664, 197656075|2744, 197657501|2813, 197657501|2991, 197657759|3057, 197657819|3131, 197662361|3206, 197663424|3291, 197664599|3358, 197664599|3491, 197667097|3558, 197667423|3638, 197667423|4026, com.ebay.mobile, 
197689167|1, 197689167|1120, 197689417|1221, 197695999|1336, 197696413|1407, 197702033|1498, 197708053|1598, 197708880|1672, 197713867|1774, 197714221|1891, 197721059|1999, 197721369|2064, 197721533|2117, 197721864|2168, 197722169|2221, 197722870|2291, 197723566|2360, 197723626|2400, 197727576|2460, 197727800|2531, 197731194|2586, 197731194|2626, 197735052|2682, 197741386|2733, 197741663|2784, 197741663|2861, 197741869|2912, 197742224|2967, 197742284|3004, 197742284|3049, 197756544|3101, 197756596|3154, 197763342|3225, 197769709|3289, 197769769|3348, 197770124|3401, 197770124|3439, 197774054|3500, 197774054|3595, 197774409|3643, 197775164|3719, 197775164|3797, 197775923|3848, 197776592|3919, 197776592|4014, com.cnn.mobile.android.phone, 
197787901|1, 197787901|663, 197788037|743, 197788037|911, 197788319|994, 197788585|1069, 197796949|1132, 197797545|1224, 197804111|1310, 197805074|1389, 197823113|1468, 197823927|1544, 197834076|1655, 197834663|1738, 197836230|1878, 197845579|1961, 197845579|2241, 197846661|2325, 197846661|2411, 197850889|2514, 197850889|2568, 197851296|2639, 197851374|2730, 197852188|2793, 197852188|3047, 197852704|3111, 197852704|3158, 197852796|3198, 197852796|3809, 197853337|3890, 197876074|4393, com.antutu.ABenchMark, 
197892928|1, 197892928|4001, com.sometimeswefly.littlealchemy, 
197897754|1, 197897754|1155, 197897874|1225, 197906148|1311, 197906208|1372, 197911375|1448, 197911989|1535, 197918092|1591, 197921191|1655, 197921243|1735, 197921243|1782, 197922276|1876, 197922276|2285, 197923519|2353, 197923519|4032, com.Slack, 
197923623|1, 197923623|2756, 197923983|2860, 197923983|2912, 197924043|3022, 197924043|3135, 197927985|3194, 197927985|3350, 197928295|3414, 197928295|3548, 197928347|3606, 197928823|3665, 197928823|3803, 197928875|3850, 197928875|3925, 197929279|3984, 197929279|4039, com.tripadvisor.tripadvisor, 
197929414|1, 197929414|4043, com.google.android.deskclock, 
197929414|1, 197929414|1139, 197929534|1240, 197937808|1296, 197937808|1358, 197938832|1444, 197949702|1540, 197953679|1599, 197955307|1674, 197955827|1731, 197955827|1770, 197956212|1830, 197956212|1889, 197956512|1938, 197956564|1983, 197956564|4013, com.Slack, 
197956616|1, 197956616|4064, com.google.android.apps.photos, 
197958211|1, 197958211|1229, 197958432|1324, 197958432|1433, 197958823|1518, 197963169|1594, 197964076|1659, 197964076|1802, 197965760|1865, 197965760|2382, 197966210|2437, 197966582|2498, 197966634|2568, 197970692|2615, 197970692|2648, 197970744|2704, 197971360|2765, 197971360|3029, 197971433|3111, 197971728|3196, 197971728|3244, 197972182|3323, 197974938|3391, 197976316|3438, 197977570|3492, 197980422|3547, 197980422|3602, 197982282|3645, 197982330|3695, 197982330|4040, com.android.chrome, 
197983015|1, 197983015|1657, 197983330|1776, 197983504|1870, 197988294|1952, 197989201|2055, 197989201|2174, 197990881|2267, 197990881|2703, 197991400|2781, 197991712|2848, 197991824|2915, 197995814|2968, 197995866|3024, 197995866|3111, 197996534|3172, 197996737|3222, 197996737|3395, 197997326|3451, 197997326|3671, 197997780|3722, 197997780|3763, 198000536|3817, 198002879|3885, 198003169|3927, 198006021|3977, 198006021|4031, com.android.chrome, 
198008437|1, 198008437|211, 198008699|267, 198008699|906, 198008965|983, 198008965|1035, 198009235|1132, 198009235|1499, 198009465|1562, 198009465|1714, 198009703|1843, 198009703|2241, 198009763|2313, 198009763|3290, 198012952|3414, 198013237|3477, 198013237|3528, 198013668|3573, 198013668|3739, 198014346|3796, 198014475|4122, com.ted.android, 
198016618|1, 198016618|1453, 198016970|1521, 198016970|1678, 198017098|1734, 198017098|3446, 198017525|3516, 198018104|3561, 198018104|4048, com.skype.raider, 
198018318|1, 198018318|937, 198018382|972, 198018382|1526, 198018852|1609, 198018852|1812, 198018912|1884, 198018912|2165, 198025466|2258, 198026034|2333, 198026034|2433, 198026137|2483, 198026137|2668, 198026317|2710, 198026317|4042, com.dropbox.android, 
198026452|1, 198026452|1687, 198026942|1783, 198026942|1850, 198027062|1913, 198033295|1988, 198042957|2096, 198043017|2172, 198047900|2256, 198047900|2329, 198048106|2420, 198048209|2472, 198048209|2675, 198048389|2729, 198048389|3307, 198049475|3382, 198050095|3428, 198050199|3466, 198050199|3561, 198050538|3613, 198054767|3655, 198054767|4018, com.paypal.android.p2pmobile, 
198094536|1, 198094536|1205, 198094758|1296, 198097736|1388, 198103330|1449, 198103330|1557, 198103632|1626, 198104296|1695, 198107609|1780, 198107968|1878, 198109229|1939, 198109229|1998, 198115383|2119, 198115993|2230, 198116053|2301, 198125504|2411, 198125556|2545, 198138169|2895, 198156320|2986, 198162562|3068, 198163280|3116, 198163280|3151, 198163384|3202, 198164660|3265, 198164660|3312, 198164891|3356, 198165885|3441, 198171238|3508, 198171788|3665, 198175218|3835, 198175218|4007, com.booking, 
198176567|1, 198176567|4022, com.google.android.deskclock, 
198176695|1, 198176695|4021, at.DiTronic.androidgroup.randomgallery, 
198190869|1, 198190869|4012, at.DiTronic.androidgroup.randomgallery, 
198225362|1, 198225362|1989, 198225422|2064, 198225674|2154, 198230613|2249, 198235059|2344, 198235119|2418, 198235731|2500, 198235791|2574, 198241020|2651, 198241959|2722, 198245882|2805, 198246192|2855, 198246192|2909, 198246296|2977, 198246296|3283, 198247510|3345, 198247510|3455, 198248801|3522, 198249884|3596, 198249944|3663, 198253974|3764, 198254456|3840, 198254508|3888, 198259243|4136, com.ebay.mobile, 
198277611|1, 198277611|1661, 198277963|1714, 198277963|3601, 198278338|3644, 198278390|3705, 198278969|3765, 198278969|4008, com.skype.raider, 
198279061|1, 198279061|4050, com.facebook.katana, 
198279061|1, 198279061|4035, com.google.android.deskclock, 
198279061|1, 198279061|4029, com.google.android.apps.photos, 
198279061|1, 198279061|4045, com.github.shadowsocks, 
198279061|1, 198279061|1039, 198279343|1134, 198279343|1178, 198288021|1258, 198292357|1358, 198295466|1466, 198295466|1521, 198295518|1601, 198309485|1672, 198314068|1741, 198315913|1833, 198325127|1964, 198325668|2078, 198326443|2154, 198335838|2250, 198336517|2334, 198337058|2393, 198337599|2483, 198337599|2713, 198341827|2813, 198341827|2878, 198342234|2932, 198342312|3005, 198343126|3073, 198343126|3240, 198343642|3337, 198344183|3382, 198344183|3438, 198344275|3491, 198344275|4055, com.antutu.ABenchMark, 
198388692|1, 198388692|4001, com.github.shadowsocks, 
198389409|1, 198389409|1510, 198389518|1604, 198389518|1815, 198389578|1904, 198389578|2103, 198392767|2165, 198392767|3032, 198393198|3070, 198393198|3251, 198393876|3526, 198393928|4221, com.ted.android, 
198396177|1, 198396177|1683, 198399504|1783, 198399724|1870, 198399724|1919, 198401433|1992, 198401433|2094, 198401485|2157, 198401763|2203, 198403565|2277, 198403565|2517, 198403789|2565, 198409936|2615, 198410592|2670, 198410592|2806, 198494638|2878, 198494638|4042, com.csst.ecdict, 
198494794|1, 198494794|1405, 198495068|1476, 198495216|1554, 198495216|1665, 198495358|1767, 198501207|1877, 198501259|1939, 198501259|1978, 198501672|2047, 198507159|2167, 198508435|2253, 198509267|2372, 198519179|2709, 198523177|3231, 198523177|4092, com.Slack, 
198523229|1, 198523229|1071, 198523333|1128, 198532173|1217, 198539278|1345, 198539278|1473, 198539330|1545, 198557473|1665, 198559008|1734, 198568642|1884, 198568642|2010, 198569183|2077, 198570672|2172, 198570750|2256, 198580145|2372, 198580145|2681, 198580409|2744, 198584637|2829, 198584637|3024, 198585122|3095, 198585168|3167, 198586028|3225, 198586028|3444, 198586334|3492, 198586334|3685, 198586380|3739, 198588507|4150, com.antutu.ABenchMark, 
198625917|1, 198625917|2259, 198626740|2444, 198638226|2603, 198641261|2685, 198641614|2814, 198642572|2940, 198643322|3027, 198662173|3330, 198662968|3422, 198665049|3490, 198666225|3562, 198666687|3635, 198666687|4027, com.booking, 
198681557|1, 198681557|1501, 198691498|1642, 198691498|1798, 198692464|1888, 198695604|1976, 198695604|2046, 198696333|2119, 198696697|2225, 198697208|2336, 198697208|2453, 198703306|2630, 198710688|2815, 198711526|2940, 198711828|3013, 198711880|3094, 198712389|3285, 198719072|3448, 198730473|3747, 198731562|3856, 198731887|3960, 198732792|4038, com.booking, 
198742580|1, 198742580|2232, 198742692|2320, 198746367|2429, 198747069|2547, 198747069|2796, 198747121|2886, 198748649|2975, 198748753|3031, 198749189|3117, 198749189|3285, 198749413|3366, 198755889|3444, 198756217|3511, 198756217|3558, 198805265|3610, 198840370|3709, 198840370|4043, com.csst.ecdict, 
198840654|1, 198840654|1648, 198840876|1733, 198840876|1776, 198841176|1879, 198841176|4004, com.whatsapp, 
198841454|1, 198841454|4009, com.github.shadowsocks, 
198841454|1, 198841454|1484, 198841575|1581, 198841575|1862, 198841635|2000, 198841635|2112, 198844824|2226, 198844824|3345, 198845210|3388, 198845210|3446, 198845292|3509, 198855508|3780, 198856043|3829, 198856095|3880, 198856095|4015, com.ted.android, 
198859077|1, 198859077|4006, com.github.shadowsocks, 
198859077|1, 198859077|1575, 198859233|1638, 198859233|3620, 198859608|3688, 198859660|3745, 198859706|3777, 198860239|3836, 198860239|4005, com.skype.raider, 
198860377|1, 198860377|1027, 198860902|1095, 198860902|1159, 198861092|1213, 198861092|1275, 198862032|1333, 198862238|1386, 198862238|1462, 198862435|1548, 198862650|1613, 198862650|1687, 198863072|1770, 198868493|1845, 198868493|1899, 198871507|2007, 198872079|2100, 198872079|2142, 198878991|2200, 198879578|2280, 198891384|2350, 198892197|2410, 198896704|2470, 198896764|2547, 198896816|2619, 198902232|2653, 198906915|2722, 198906915|2772, 198907225|2818, 198907225|2851, 198907328|2888, 198909599|2955, 198909599|3284, 198929952|3373, 198929952|3437, 198930004|3476, 198935429|3521, 198935784|3584, 198936735|3642, 198936735|3681, 198936909|3718, 198937264|3786, 198937264|3889, 198937379|3954, 198937439|4039, com.cnn.mobile.android.phone, 
198961707|1, 198961707|411, 198961843|464, 198961843|539, 198961967|591, 198961967|4026, com.google.android.apps.photos, 
198961967|1, 198961967|1436, 198962437|1506, 198962437|1853, 198962497|1928, 198962497|2530, 198969542|2608, 198969542|2665, 198969602|2703, 198969662|2757, 198974648|2818, 198979531|2885, 198979531|3012, 198979711|3067, 198979711|3453, 198980177|3506, 198980177|3579, 198980229|3639, 198980229|3684, 198980628|3736, 198980628|3777, 198985506|3828, 198985558|4008, com.paypal.android.p2pmobile, 
199020639|1, 199020639|1803, 199021055|1902, 199024019|1988, 199024677|2028, 199025379|2120, 199025379|2412, 199026851|2484, 199027061|2527, 199027165|2580, 199027601|2636, 199027601|2811, 199027825|2873, 199033660|2918, 199033972|2953, 199034628|3002, 199034628|3054, 199055039|3100, 199119007|3172, 199119007|4034, com.csst.ecdict, 
199119163|1, 199119163|2918, 199119364|2991, 199119523|3055, 199119523|4046, com.tripadvisor.tripadvisor, 
199125490|1, 199125490|1492, 199125670|1569, 199134062|1634, 199134062|1768, 199134666|1850, 199135028|1902, 199138167|1976, 199138219|2051, 199138219|2144, 199140998|2217, 199140998|2281, 199147024|2386, 199147483|2531, 199147483|2645, 199147535|2798, 199147535|2899, 199151770|2940, 199151770|3017, 199160156|3366, 199169216|3440, 199190264|3524, 199190623|3586, 199191000|3624, 199191052|3671, 199192490|3750, 199193350|3807, 199193581|3851, 199199069|3923, 199199346|3980, 199199346|4035, com.booking, 
199203851|1, 199203851|1426, 199203968|1482, 199203968|1532, 199204094|1598, 199204094|4030, com.whatsapp, 
199204306|1, 199204306|1383, 199204415|1528, 199204415|1708, 199204508|1801, 199204508|2367, 199204568|2451, 199204568|4028, com.ted.android, 
199210674|1, 199210674|271, 199210778|307, 199210778|1216, 199210838|1274, 199216472|1343, 199217365|1415, 199217425|1474, 199226678|1571, 199232728|1693, 199239014|1828, 199239376|1891, 199239783|1982, 199246243|2100, 199246303|2163, 199246303|2223, 199254404|2316, 199254714|2406, 199258362|2452, 199259079|2514, 199260004|2602, 199261082|2669, 199261142|2723, 199266995|2779, 199267323|2834, 199287344|2898, 199287471|2952, 199287826|2994, 199287826|3043, 199294679|3114, 199294989|3176, 199295344|3238, 199295344|3331, 199296677|3398, 199297032|3471, 199297032|3637, 199299116|3700, 199299116|3834, 199301968|3903, 199301968|4001, com.cnn.mobile.android.phone, 
199315423|1, 199315423|1738, 199315957|1866, 199316167|1965, 199316227|2048, 199316227|2100, 199326522|2220, 199326522|2292, 199330968|2357, 199334665|2439, 199334975|2525, 199336588|2595, 199342184|2691, 199342184|2774, 199343593|2885, 199343983|2968, 199345350|3080, 199345350|3145, 199346639|3207, 199346855|3274, 199346915|3341, 199347171|3384, 199347283|3439, 199347487|3508, 199347539|3571, 199347539|3659, 199352898|3748, 199352898|3930, 199353224|3968, 199355470|4039, com.ebay.mobile, 
199375470|1, 199375470|4010, at.DiTronic.androidgroup.randomgallery, 
199375956|1, 199375956|2251, 199376130|2325, 199376130|4027, com.google.android.apps.photos, 
199376130|1, 199376130|4094, com.instagram.android, 
199376335|1, 199376335|1072, 199376455|1139, 199384729|1222, 199385813|1343, 199391240|1436, 199392863|1501, 199395552|1643, 199395604|1720, 199395604|4002, com.Slack, 
199395656|1, 199395656|2728, 199395716|2791, 199395716|2859, 199399658|2928, 199399658|3143, 199399968|3208, 199399968|3374, 199400020|3429, 199400496|3497, 199400496|3643, 199400548|3695, 199400952|3763, 199400952|4031, com.tripadvisor.tripadvisor, 
199401087|1, 199401087|1167, 199401147|1225, 199401347|1299, 199402087|1359, 199405938|1443, 199411634|1519, 199415871|1636, 199415931|1718, 199426445|1808, 199427102|1886, 199432888|2015, 199433908|2066, 199434315|2129, 199440872|2201, 199440872|2239, 199441573|2285, 199445744|2372, 199449797|2438, 199449797|2537, 199450255|2601, 199451681|2671, 199453167|2730, 199468169|2783, 199470311|2849, 199471107|2901, 199476532|2968, 199482871|3017, 199482975|3069, 199482975|3120, 199483394|3176, 199484894|3228, 199485204|3265, 199487057|3334, 199487412|3390, 199487412|3489, 199487805|3553, 199487984|3606, 199488339|3664, 199488339|3809, 199488746|3875, 199488746|4024, com.cnn.mobile.android.phone, 
199499453|1, 199499453|4024, com.google.android.apps.photos, 
199499453|1, 199499453|1727, 199499513|1791, 199499513|1988, 199499633|2071, 199499633|2132, 199509399|2222, 199509459|2322, 199509459|2394, 199509620|2453, 199509620|2801, 199517279|2863, 199517279|3037, 199518106|3090, 199518106|3165, 199519764|3349, 199523993|3388, 199542975|3455, 199542975|3557, 199561456|3593, 199561456|3684, 199566266|3768, 199566422|3826, 199566422|3866, 199566975|3932, 199567337|3998, 199567337|4048, com.paypal.android.p2pmobile, 
199570094|1, 199570094|4027, at.DiTronic.androidgroup.randomgallery, 
199585044|1, 199585044|2843, 199585104|2958, 199585104|3037, 199589046|3096, 199589046|3250, 199589356|3329, 199589356|3449, 199589408|3506, 199589884|3606, 199589884|3699, 199589936|3788, 199589936|4043, com.tripadvisor.tripadvisor, 
199590879|1, 199590879|1609, 199591165|1709, 199591165|1842, 199597682|1905, 199597682|2040, 199597785|2122, 199597785|2322, 199597965|2400, 199597965|4032, com.dropbox.android, 
199598100|1, 199598100|1229, 199598160|1292, 199599212|1352, 199599327|1446, 199608201|1542, 199609877|1614, 199615049|1733, 199620568|1846, 199626212|1964, 199626646|2042, 199627459|2124, 199628945|2177, 199629782|2252, 199635158|2311, 199645112|2402, 199649461|2495, 199650628|2558, 199650791|2605, 199650894|2675, 199652014|2750, 199652014|2802, 199657831|2844, 199673202|2908, 199674983|2980, 199674983|3031, 199681228|3088, 199681538|3125, 199681893|3188, 199681945|3250, 199681945|3338, 199683652|3393, 199683652|3581, 199684246|3636, 199684958|3694, 199684958|4030, com.cnn.mobile.android.phone, 
199722580|1, 199722580|4016, com.google.android.apps.photos, 
199722657|1, 199722657|4028, com.google.android.deskclock, 
199722749|1, 199722749|1509, 199722979|1588, 199722979|1869, 199723039|1972, 199723039|2147, 199726228|2228, 199726228|2462, 199726659|2780, 199726659|3380, 199727425|3631, 199727425|4033, com.ted.android, 
199729917|1, 199729917|1371, 199730385|1473, 199730385|1658, 199730445|1720, 199730445|1891, 199737098|1956, 199737098|2058, 199737201|2186, 199737201|2348, 199737381|2403, 199737381|4029, com.dropbox.android, 
199737580|1, 199737580|4015, com.google.android.apps.photos, 
199737580|1, 199737580|2020, 199737640|2091, 199737640|2175, 199737760|2239, 199745375|2307, 199753180|2410, 199753240|2476, 199753240|2571, 199758123|2678, 199758805|2767, 199758805|3225, 199758985|3278, 199758985|3357, 199760123|3422, 199760123|3474, 199760175|3515, 199760175|3611, 199760514|3670, 199764743|3729, 199764743|3764, 199766717|3819, 199766717|3872, 199769569|3925, 199773847|4028, com.paypal.android.p2pmobile, 
199800499|1, 199800499|3845, 199800559|3908, 199804501|4015, com.tripadvisor.tripadvisor, 
199805930|1, 199805930|2757, 199805990|2815, 199805990|2882, 199809932|2984, 199809932|3200, 199810242|3268, 199810242|3639, 199810770|3693, 199810770|3816, 199810834|3872, 199810886|3931, 199811290|4015, com.tripadvisor.tripadvisor, 
199811425|1, 199811425|1377, 199811646|1514, 199812245|1651, 199817657|1705, 199818564|1767, 199818564|1870, 199820194|1916, 199820246|1960, 199820246|2487, 199820765|2561, 199821189|2649, 199825127|2715, 199825179|2770, 199825795|2831, 199825795|3192, 199825868|3253, 199825991|3331, 199826163|3415, 199826617|3493, 199829373|3543, 199830751|3596, 199832057|3673, 199834861|3730, 199834861|3777, 199836721|3820, 199836769|3877, 199836769|4039, com.android.chrome, 
199837444|1, 199837444|1409, 199837665|1594, 199838013|1724, 199842752|1848, 199843659|1941, 199843659|2047, 199845290|2117, 199845290|2587, 199845809|2640, 199846181|2712, 199846233|2771, 199850170|2822, 199850222|2888, 199850838|2946, 199850838|3130, 199851454|3171, 199852043|3256, 199852385|3381, 199852839|3445, 199855595|3489, 199855595|3575, 199858228|3628, 199861032|3672, 199861032|3725, 199862956|3785, 199863004|3826, 199863004|4036, com.android.chrome, 
199863056|1, 199863056|1044, 199863318|1113, 199863318|1802, 199863682|1891, 199867295|2042, 199867997|2117, 199868049|2160, 199868328|2237, 199869130|2302, 199869182|2355, 199870650|2399, 199870650|2568, 199870874|2621, 199876712|2670, 199877680|2734, 199877680|2843, 199962362|2905, 199962362|4048, com.csst.ecdict, 
199962518|1, 199962719|4039, com.tripadvisor.tripadvisor, 
199968321|1, 199968321|1060, 199968975|1151, 199981183|1239, 199981183|1340, 199982214|1425, 199982512|1517, 199985276|1586, 199998354|1689, 199998354|1813, 200010571|1900, 200010571|1983, 200015505|2118, 200016009|2186, 200016416|2266, 200026714|2333, 200026714|2409, 200027347|2504, 200028567|2622, 200029108|2779, 200029649|2908, 200033877|3011, 200033877|3092, 200034284|3146, 200034362|3217, 200035177|3296, 200035177|3656, 200035693|3726, 200035693|3768, 200035785|3811, 200035785|4006, com.antutu.ABenchMark, 
200074847|1, 200074847|1576, 200074907|1659, 200074959|1720, 200075151|1795, 200080090|1899, 200083115|1987, 200083235|2037, 200083537|2105, 200084907|2170, 200094719|2260, 200094872|2312, 200095286|2377, 200097003|2476, 200097894|2563, 200098655|2766, 200100185|2836, 200104143|2949, 200104203|3022, 200108233|3073, 200109041|3141, 200110050|3240, 200110306|3336, 200110306|3376, 200111441|3442, 200111441|3506, 200111493|3595, 200111493|3655, 200112413|3713, 200114256|3873, 200114256|4064, com.ebay.mobile, 
200136986|1, 200136986|4027, com.google.android.deskclock, 
200136986|1, 200136986|1763, 200137046|1856, 200137046|1954, 200137165|2015, 200143505|2106, 200143505|2180, 200144028|2297, 200144028|2507, 200144208|2575, 200144208|4034, com.dropbox.android, 
200144343|1, 200144343|2457, 200144403|2611, 200144463|2812, 200153896|2922, 200153896|3040, 200154576|3177, 200155519|3349, 200156272|3464, 200156376|3587, 200158016|3735, 200158363|3868, 200159442|3937, 200159640|4028, com.ebay.mobile, 
200199609|1, 200199609|2170, 200199961|2253, 200199961|4031, com.skype.raider, 
200201059|1, 200201059|1498, 200201193|1664, 200201193|2107, 200201655|2219, 200214396|2303, 200214396|2457, 200215005|2564, 200215713|2655, 200215869|2760, 200216750|2822, 200218275|2980, 200237588|3157, 200238036|3294, 200239176|3390, 200239274|3473, 200239826|3597, 200243141|3683, 200258569|3850, 200262309|3968, 200263363|4061, com.booking, 
200281210|1, 200281210|2529, 200284727|2673, 200285645|2808, 200285645|3086, 200285697|3232, 200287045|3317, 200287271|3376, 200287811|3471, 200287811|3690, 200288035|3765, 200294840|3851, 200379411|4024, com.csst.ecdict, 
200380375|1, 200380375|2053, 200380487|2163, 200384108|2266, 200384809|2320, 200384809|2637, 200385139|2711, 200386662|2783, 200386662|3045, 200386886|3116, 200393035|3179, 200393691|3237, 200393691|3376, 200477752|3461, 200477752|4024, com.csst.ecdict, 
200477908|1, 200477908|1724, 200478020|1843, 200480984|1925, 200482283|2002, 200482283|2274, 200482335|2320, 200483867|2398, 200483919|2454, 200484407|2512, 200484407|2707, 200484631|2757, 200490468|2801, 200491436|2874, 200491436|2982, 200575448|3052, 200575448|4003, com.csst.ecdict, 
200575604|1, 200575604|1301, 200576069|1401, 200584343|1461, 200584343|1533, 200585367|1616, 200585419|1716, 200589157|1821, 200594672|1897, 200600703|1962, 200601971|2067, 200607343|2155, 200609013|2261, 200609933|2508, 200610281|2994, 200610281|4022, com.Slack, 
200610385|1, 200610385|1958, 200610651|2014, 200610651|2342, 200610951|2412, 200610951|4034, com.instagram.android, 
200612040|1, 200612040|4039, com.facebook.katana, 
200612040|1, 200612040|1173, 200612212|1271, 200620434|1328, 200621368|1412, 200626893|1484, 200626945|1552, 200630920|1615, 200630920|1678, 200631253|1743, 200631305|1810, 200631305|4024, com.Slack, 
200631357|1, 200631357|1200, 200631578|1305, 200632021|1439, 200636256|1514, 200636412|1558, 200637163|1605, 200637163|1652, 200638795|1701, 200638847|1799, 200638847|2288, 200639183|2336, 200639529|2403, 200639589|2491, 200639589|2724, 200639738|2762, 200639850|2808, 200639850|2864, 200643839|2921, 200643891|2975, 200644875|3030, 200644875|3187, 200645329|3251, 200648085|3302, 200648085|3359, 200650717|3433, 200653569|3492, 200653569|3547, 200655429|3590, 200655477|3649, 200655477|4042, com.android.chrome, 
200656048|1, 200656048|1783, 200656204|1838, 200656204|3878, 200656579|3939, 200656677|3990, 200657210|4044, com.skype.raider, 
200657348|1, 200657348|1406, 200657578|1481, 200657578|1683, 200657671|1750, 200657671|1937, 200657731|2038, 200657731|2144, 200660920|2227, 200660920|3242, 200661230|3274, 200661351|3337, 200661351|3456, 200661940|3615, 200662082|4043, com.ted.android, 
200668141|1, 200668141|3846, 200668772|3904, 200668772|4042, com.skype.raider, 
200668864|1, 200668864|4020, com.google.android.apps.photos, 
200668864|1, 200668864|4028, com.github.shadowsocks, 
200668864|1, 200668864|1678, 200669332|1751, 200669332|2220, 200669822|2303, 200669882|2382, 200669882|2428, 200680946|2517, 200680946|2599, 200681006|2659, 200681006|2738, 200681058|2817, 200681270|2898, 200681367|2945, 200681367|3051, 200682973|3116, 200682973|3178, 200685825|3225, 200685825|3285, 200686378|3342, 200686438|3396, 200686438|3477, 200691321|3529, 200691787|3588, 200692149|3649, 200692149|3691, 200692253|3726, 200692305|3782, 200692644|3844, 200697470|3910, 200697470|4050, com.paypal.android.p2pmobile, 
200732912|1, 200732912|4024, at.DiTronic.androidgroup.randomgallery, 
200748798|1, 200748798|982, 200748903|1053, 200748903|1577, 200748963|1648, 200749082|1715, 200749082|1836, 200755599|1940, 200755599|2094, 200755702|2176, 200755702|2372, 200755882|2438, 200755882|4049, com.dropbox.android, 
200756017|1, 200756017|4025, com.google.android.deskclock, 
200756017|1, 200756017|1794, 200756077|1848, 200756077|2047, 200762310|2126, 200762310|2186, 200762564|2287, 200762744|2389, 200762847|2458, 200777496|2520, 200777496|2638, 200777676|2696, 200777676|3228, 200778814|3289, 200778918|3353, 200778918|3475, 200779257|3541, 200779257|3638, 200779309|3671, 200779309|3765, 200784240|3841, 200792796|3895, 200792796|3934, 200794222|3993, 200808482|4059, com.paypal.android.p2pmobile, 
200818259|1, 200818259|4023, at.DiTronic.androidgroup.randomgallery, 
200834140|1, 200834140|1674, 200834492|1747, 200834492|3816, 200834919|3891, 200835498|3937, 200835498|4029, com.skype.raider, 
200835682|1, 200835682|4051, com.skype.raider, 
200836405|1, 200836405|1262, 200836791|1346, 200849403|1457, 200852736|1569, 200852736|1643, 200852924|1740, 200871067|1857, 200873143|1939, 200876669|2037, 200882996|2165, 200883537|2303, 200884619|2399, 200885104|2458, 200894453|2584, 200894453|2673, 200894994|2850, 200895535|2953, 200895587|3034, 200899763|3128, 200899763|3214, 200900248|3271, 200901061|3339, 200901061|3639, 200901577|3714, 200901669|3778, 200901669|4061, com.antutu.ABenchMark, 
200956809|1, 200956809|4007, com.google.android.apps.photos, 
200956809|1, 200956809|2210, 200957361|2295, 200957535|2365, 200957655|2502, 200962161|2621, 200967100|2707, 200972397|2787, 200972397|2877, 200973900|2997, 200974296|3126, 200974550|3214, 200975303|3282, 200977024|3408, 200981226|3530, 200981700|3637, 200985033|3722, 200986042|3836, 200987510|3940, 200988329|4061, com.ebay.mobile, 
201005064|1, 201005064|1868, 201005157|1994, 201005157|4010, com.instagram.android, 
201005157|1, 201005157|4038, com.instagram.android, 
201005157|1, 201005157|1548, 201013723|1703, 201020828|1863, 201020828|2028, 201039023|2165, 201040558|2311, 201049838|2550, 201049838|2721, 201051373|2847, 201061386|2991, 201061386|3616, 201065614|3780, 201065614|3863, 201066021|3938, 201066913|4055, com.antutu.ABenchMark, 
201110477|1, 201110477|2368, 201110537|2588, 201110537|2747, 201117073|2856, 201117133|2983, 201122128|3148, 201122231|3330, 201123717|3476, 201131632|3589, 201132185|3709, 201132185|4073, com.paypal.android.p2pmobile, 
201173290|1, 201173290|4033, com.facebook.katana, 
201173290|1, 201173290|4032, com.github.shadowsocks, 
201173290|1, 201173290|4020, com.facebook.katana, 
201173290|1, 201173290|1989, 201173457|2058, 201173457|2214, 201179826|2324, 201179826|2509, 201179929|2605, 201179929|2808, 201180109|2853, 201180109|4036, com.dropbox.android, 
201180244|1, 201180244|1626, 201180353|1687, 201180353|1989, 201180498|2075, 201180575|2176, 201180575|3675, 201180695|3731, 201180695|4048, com.ted.android, 
201185234|1, 201185234|4032, com.google.android.deskclock, 
201185234|1, 201185234|1772, 201185650|1901, 201189159|1978, 201189861|2042, 201189861|2327, 201191241|2400, 201191520|2462, 201191572|2515, 201192008|2555, 201192008|2790, 201192232|2838, 201198379|2896, 201199035|2945, 201199035|3066, 201283620|3146, 201283620|4021, com.csst.ecdict, 
201289734|1, 201289734|4031, com.instagram.android, 
201289734|1, 201289734|1926, 201289794|2007, 201289794|2155, 201292586|2241, 201292586|2375, 201297092|2445, 201297092|2528, 201297402|2613, 201301325|2714, 201302216|2813, 201302216|2875, 201302542|2951, 201302594|3027, 201302594|3097, 201305030|3148, 201306448|3237, 201310538|3334, 201311140|3424, 201311396|3490, 201311704|3633, 201321971|3728, 201324795|4010, com.ebay.mobile, 
201344134|1, 201344134|4018, com.instagram.android, 
201344134|1, 201344134|4043, com.facebook.katana, 
201344134|1, 201344134|2409, 201344194|2543, 201344194|2658, 201349241|2750, 201349241|2815, 201353687|2883, 201353747|2982, 201353747|3063, 201354057|3126, 201354057|3176, 201358032|3286, 201358923|3388, 201358923|3471, 201359249|3546, 201360995|3656, 201362077|3769, 201366227|3864, 201366287|3944, 201366769|4013, com.ebay.mobile, 
201398254|1, 201398254|4004, com.facebook.katana, 
201398254|1, 201398254|1467, 201398395|1595, 201398499|1768, 201410435|1935, 201411764|2067, 201428131|2238, 201433920|2352, 201439538|2539, 201444307|2716, 201445389|2889, 201446337|3048, 201455764|3240, 201455764|3468, 201455862|3598, 201459992|3729, 201459992|3797, 201460477|3878, 201461291|4005, com.antutu.ABenchMark, 
201512190|1, 201512190|4079, com.facebook.katana, 
201512190|1, 201512190|1750, 201512660|1918, 201512660|2068, 201512839|2271, 201519356|2476, 201519459|2679, 201519639|2873, 201519639|4058, com.dropbox.android, 
201519774|1, 201519774|2703, 201520075|2841, 201520075|4016, com.instagram.android, 
201520075|1, 201520075|992, 201520333|1130, 201520333|1372, 201520393|1531, 201526626|1663, 201526626|1771, 201526729|1937, 201526729|2043, 201526909|2140, 201526909|4199, com.dropbox.android, 
201527044|1, 201527044|2457, 201527104|2561, 201527104|3082, 201533337|3184, 201533337|3580, 201533440|3847, 201533736|4166, com.dropbox.android, 
