4548|1, 4548|1268, 4988|1486, 4760|1605, 4760|2402, 5420|2483, 4868|2544, 5088|2634, 5088|2749, 5528|2788, 5968|2884, 5968|3069, 12788|3159, 11248|3231, 11248|3278, 13468|3355, 13468|3505, 13448|3567, 13448|4045, com.android.chrome, 
4548|1, 4548|1043, 4552|1111, 4548|1149, 4548|1998, 4552|2125, 4552|3087, 4680|3156, 4680|4029, com.antutu.ABenchMark, 
4548|1, 4548|1516, 4552|1617, 4552|4022, com.whatsapp, 
4548|1, 4548|1638, 4552|1726, 4552|2669, 4680|2739, 4680|4004, com.antutu.ABenchMark, 
4548|1, 4548|1302, 4552|1422, 4552|2264, 4876|2634, 4876|3199, 4832|3468, 4832|4082, com.Slack, 
4844|1, 4844|984, 4848|1055, 4848|1450, 5068|1629, 5068|2018, 5112|2069, 5112|2388, 5332|2467, 5552|2534, 5992|2588, 5772|2658, 5772|2709, 5552|2762, 5552|2864, 5332|2915, 6212|2991, 6164|3036, 6280|3096, 6280|3311, 11748|3378, 15292|3428, 15292|3543, 14852|3598, 16832|3668, 16728|4037, com.android.chrome, 
4548|1, 4548|2026, 4988|2100, 4988|2282, 4548|2359, 4548|2399, 4692|2483, 4732|2523, 4732|3451, 4748|3494, 4676|3536, 4676|3586, 4732|3636, 4732|4003, com.csst.ecdict, 
4548|1, 4548|1892, 4552|1946, 4552|4001, at.DiTronic.androidgroup.randomgallery, 
4548|1, 4548|412, 4544|448, 4544|670, 4548|720, 4548|1402, 4556|1473, 4556|2371, 4680|2437, 4680|4046, com.cnn.mobile.android.phone, 
4548|1, 4548|1626, 4768|1718, 4768|1860, 4988|1924, 4988|2011, 4768|2066, 4768|2221, 4548|2279, 4548|2845, 4668|2899, 4872|2946, 4872|3622, 5092|3666, 5312|3703, 4872|3760, 4872|3882, 4892|3922, 4760|3976, 4760|4018, com.csst.ecdict, 
4548|1, 4548|1581, 4552|1654, 4552|2584, 4556|2651, 4556|4003, com.google.android.deskclock, 
4548|1, 4548|1637, 4768|1746, 4768|1911, 4680|2030, 4680|2910, 4676|2945, 4676|2980, 4680|3032, 4680|4028, com.ted.android, 
4548|1, 4548|2424, 4552|2488, 4552|4025, com.paypal.android.p2pmobile, 
4548|1, 4548|1516, 4768|1579, 4988|1622, 4988|1739, 6308|1801, 6088|1856, 6088|1995, 6404|2041, 7064|2107, 7064|2596, 6624|2655, 6624|2988, 6724|3044, 6724|4005, com.sometimeswefly.littlealchemy, 
4548|1, 4548|1578, 4696|1618, 4696|1688, 4916|1735, 5356|1788, 5356|1876, 6236|1954, 6016|2022, 6016|2170, 6456|2227, 7116|2274, 7116|2535, 7164|2593, 7276|2659, 7276|2970, 6836|3014, 6836|3357, 6756|3421, 6756|3605, 6720|3655, 6720|4025, com.sometimeswefly.littlealchemy, 
4548|1, 4548|1365, 4768|1448, 4768|1802, 4988|1862, 5208|1909, 5208|2022, 6088|2077, 6088|2175, 6156|2235, 6560|2275, 7220|2329, 7220|2623, 7000|2677, 7000|2811, 6560|2851, 6560|3142, 6756|3195, 6724|3262, 6724|4012, com.sometimeswefly.littlealchemy, 
4548|1, 4548|1724, 4552|1811, 4552|4013, com.github.shadowsocks, 
4548|1, 4548|2381, 4684|2476, 4684|3372, 4708|3440, 4708|4142, com.booking, 
4548|1, 4548|1047, 4552|1142, 4548|1208, 4548|1535, 4768|1603, 4988|1641, 5208|1727, 5208|1827, 6088|1890, 6088|2072, 6500|2124, 7352|2181, 7352|2602, 6912|2664, 6912|3114, 6772|3149, 6796|3192, 6796|3238, 6736|3278, 6736|4046, com.sometimeswefly.littlealchemy, 
4548|1, 4548|1470, 4768|1511, 4768|1645, 4988|1685, 5280|1745, 5280|1798, 5500|1834, 6160|1900, 6160|2134, 7040|2196, 7040|2227, 6820|2286, 6820|2447, 7040|2492, 7040|2626, 6600|2667, 6712|2744, 6712|3274, 6716|3327, 6716|3708, 6724|3761, 6724|4032, com.sometimeswefly.littlealchemy, 
4548|1, 4548|1364, 4556|1453, 4556|2388, 4552|2425, 4548|2463, 4548|4005, com.google.android.apps.photos, 
4548|1, 4548|881, 4552|969, 4552|4038, com.whatsapp, 
4548|1, 4548|800, 4552|889, 4552|4032, com.whatsapp, 
4548|1, 4548|1986, 4552|2034, 4552|4045, at.DiTronic.androidgroup.randomgallery, 
4548|1, 4548|2631, 4552|2686, 4552|4032, com.whatsapp, 
4548|1, 4548|1496, 4768|1599, 4768|1812, 4680|1891, 4680|4016, com.ted.android, 
4548|1, 4548|1559, 4552|1643, 4548|1740, 4548|2385, 4768|2462, 4768|2575, 4680|2651, 4680|4062, com.antutu.ABenchMark, 
4548|1, 4548|2353, 4552|2389, 4552|4023, com.whatsapp, 
4548|1, 4548|1586, 4552|1632, 4552|4011, com.skype.raider, 
4548|1, 4548|2107, 4680|2265, 4680|3042, 4776|3161, 4776|4009, com.booking, 
4548|1, 4548|2811, 4552|2851, 4552|4051, com.paypal.android.p2pmobile, 
4548|1, 4548|1172, 4552|1261, 4552|2227, 4556|2288, 4556|4028, com.google.android.deskclock, 
4548|1, 4548|2003, 4552|2059, 4552|4023, com.whatsapp, 
4548|1, 4548|1874, 4552|1918, 4548|1972, 4548|2119, 4768|2194, 4768|2861, 4764|2912, 4840|2981, 4840|3886, 4940|3963, 4940|4007, com.dropbox.android, 
4548|1, 4548|2251, 4772|2453, 4828|2720, 4828|3309, 4760|3515, 4760|4005, com.Slack, 
4764|1, 4764|1029, 4760|1113, 4764|1205, 4764|2125, 4768|2165, 4768|4023, com.whatsapp, 
4764|1, 4764|2123, 4768|2164, 4768|4024, com.instagram.android, 
4764|1, 4764|1648, 4768|1703, 4768|4024, com.facebook.katana, 
4764|1, 4764|3143, 4760|3190, 4768|3235, 4768|4062, com.paypal.android.p2pmobile, 
4764|1, 4764|1063, 5644|1129, 5644|1285, 5204|1346, 4764|1421, 4764|1794, 5224|1874, 5224|1996, 4784|2074, 4784|2779, 4768|2844, 4768|2968, 5208|3033, 5208|3097, 4768|3161, 4768|4034, com.ebay.mobile, 
4764|1, 4764|2476, 4768|2530, 4768|4033, com.instagram.android, 
4764|1, 4764|1180, 4984|1238, 4984|1539, 5204|1592, 5424|1646, 5424|1714, 5644|1763, 6744|1813, 6524|1872, 6524|1950, 6424|2012, 7472|2075, 7472|2605, 6812|2648, 6812|3004, 6936|3066, 6936|4011, com.sometimeswefly.littlealchemy, 
4764|1, 4764|1574, 4776|1657, 4896|1738, 4896|2231, 5116|2272, 4896|2322, 4896|4264, com.ted.android, 
4764|1, 4764|2018, 4756|2069, 4768|2119, 4768|4012, com.Slack, 
4764|1, 4764|1387, 4984|1539, 4984|1923, 4872|1963, 4872|2012, 4988|2056, 4988|2232, 5648|2307, 6088|2366, 5648|2410, 5208|2484, 4768|2542, 4768|2672, 4988|2728, 5648|2770, 6088|2818, 6088|2905, 5996|2948, 6028|2998, 5616|3089, 11776|3160, 12440|3235, 12220|3300, 12220|3336, 15172|3392, 15172|3885, 15292|3939, 15320|3985, 15320|4017, com.android.chrome, 
4548|1, 4548|1399, 4768|1554, 4924|1741, 4924|2451, 5144|2520, 5664|2584, 5816|2632, 4936|2700, 4936|2838, 5816|2897, 5816|2931, 6036|2982, 6036|3182, 7356|3254, 11536|3332, 11316|3394, 11316|3433, 11536|3491, 13516|3557, 13412|3602, 13424|3650, 13428|4035, com.android.chrome, 
4548|1, 4548|1834, 4768|1929, 4768|2134, 4680|2212, 4680|4002, com.cnn.mobile.android.phone, 
4548|1, 4548|1623, 4552|1663, 4552|4055, com.tripadvisor.tripadvisor, 
4548|1, 4548|2092, 4680|2168, 4680|4050, com.cnn.mobile.android.phone, 
4548|1, 4548|1570, 4680|1629, 4932|1696, 5152|1731, 5152|1784, 5592|1851, 6252|1900, 6252|2108, 7132|2169, 7132|2600, 7220|2646, 6780|2706, 6780|3256, 6792|3319, 6792|3585, 6724|3638, 6724|4011, com.sometimeswefly.littlealchemy, 
4548|1, 4548|1322, 4552|1369, 4552|3324, 4548|3370, 4552|3442, 4552|4035, com.tripadvisor.tripadvisor, 
4548|1, 4548|1167, 4768|1235, 4548|1320, 4548|2052, 4768|2179, 4768|2700, 4716|2977, 4716|3754, 4708|3856, 4708|4036, com.booking, 
4548|1, 4548|1534, 4552|1598, 4552|4031, com.skype.raider, 
4548|1, 4548|1345, 4768|1430, 4768|2132, 4692|2206, 4556|2273, 4556|2983, 4776|3099, 4708|3219, 4708|4035, com.booking, 
4548|1, 4548|1662, 4552|1719, 4552|4047, com.github.shadowsocks, 
4548|1, 4548|1376, 4552|1478, 4552|2418, 4680|2468, 4680|4042, com.cnn.mobile.android.phone, 
4548|1, 4548|1960, 4552|2012, 4552|4015, com.facebook.katana, 
4548|1, 4548|1495, 4552|1532, 4552|4014, com.facebook.katana, 
4548|1, 4548|1101, 4552|1166, 4552|4028, at.DiTronic.androidgroup.randomgallery, 
4548|1, 4548|1366, 4768|1474, 4768|1692, 4984|1787, 5204|1829, 4984|1881, 5204|1944, 6084|2003, 6084|2190, 6304|2248, 7184|2316, 7184|2709, 7192|2777, 7220|2856, 7220|2893, 6780|2952, 6780|3443, 6784|3485, 6784|3743, 6720|3792, 6720|4026, com.sometimeswefly.littlealchemy, 
4548|1, 4548|1096, 4768|1169, 5428|1226, 5428|1271, 4988|1306, 4584|1385, 4584|1847, 4804|1915, 4804|2133, 4364|2196, 4364|2339, 4552|2385, 4552|4052, com.ebay.mobile, 
4548|1, 4548|2280, 4552|2352, 4552|4026, com.tripadvisor.tripadvisor, 
4548|1, 4548|2342, 4556|2392, 4556|2428, 4552|2468, 4552|4003, com.github.shadowsocks, 
4548|1, 4548|2055, 4552|2105, 4552|4034, at.DiTronic.androidgroup.randomgallery, 
4548|1, 4548|1439, 4768|1573, 4768|1671, 4820|1782, 4820|1996, 5260|2044, 5260|2546, 6360|2604, 6140|2654, 5316|2721, 5316|2909, 5976|2951, 6416|2991, 7296|3053, 6196|3105, 6196|3214, 12576|3303, 13896|3350, 13896|3401, 13676|3470, 13676|3513, 15656|3574, 15656|3632, 15584|3687, 15556|3723, 15556|4017, com.android.chrome, 
4548|1, 4548|2078, 4684|2165, 4684|3056, 4712|3136, 4712|4021, com.booking, 
4548|1, 4548|777, 4552|862, 4552|1795, 4680|1917, 4680|4019, com.cnn.mobile.android.phone, 
4548|1, 4548|1551, 4552|1685, 4552|2064, 4556|2115, 4556|2597, 4552|2648, 4552|4008, com.github.shadowsocks, 
4548|1, 4548|1097, 4552|1143, 4552|4039, com.whatsapp, 
4548|1, 4548|2143, 4552|2196, 4552|4080, com.instagram.android, 
4548|1, 4548|1772, 4556|1852, 4556|4026, com.google.android.deskclock, 
4548|1, 4548|2284, 4768|2554, 4928|2959, 4928|3411, 4832|3733, 4832|4050, com.Slack, 
4844|1, 4844|1724, 5064|1778, 5284|1849, 5064|1909, 5284|1953, 6384|1998, 6384|2119, 6328|2156, 6768|2217, 7648|2272, 7648|2699, 7208|2750, 7208|3090, 7028|3169, 7028|4036, com.sometimeswefly.littlealchemy, 
4848|1, 4848|1114, 5728|1151, 5728|1182, 5288|1254, 4848|1340, 4848|1746, 5068|1822, 5068|1875, 4848|1974, 4848|2579, 4852|2661, 4852|4033, com.ebay.mobile, 
4848|1, 4848|1332, 4856|1422, 4856|2384, 4980|2434, 4980|4001, com.cnn.mobile.android.phone, 
4848|1, 4848|1986, 4852|2086, 4852|3040, 4980|3104, 4980|4016, com.antutu.ABenchMark, 
4848|1, 4848|1573, 4932|1664, 5284|1723, 5504|1769, 5504|1906, 6604|1970, 6604|2193, 7264|2241, 7484|2301, 7484|2569, 7264|2626, 7520|2702, 7080|2768, 7080|3385, 7008|3439, 7008|3615, 7024|3669, 7024|4022, com.sometimeswefly.littlealchemy, 
4848|1, 4848|1247, 4804|1325, 4848|1400, 4848|2324, 4856|2372, 4852|2456, 4852|4024, com.Slack, 
4848|1, 4848|930, 4852|984, 4852|4045, com.tripadvisor.tripadvisor, 
4848|1, 4848|1596, 4856|1634, 4856|4009, com.google.android.deskclock, 
4852|1, 4852|2300, 4856|2345, 4856|4019, com.Slack, 
4852|1, 4852|1852, 4864|1894, 4856|1957, 4856|2875, 4852|2934, 4852|4061, com.google.android.apps.photos, 
4852|1, 4852|1435, 4940|1543, 4940|2424, 6040|2488, 6196|2536, 5316|2615, 5096|2669, 5096|2748, 5316|2805, 5756|2857, 6196|2891, 6416|2936, 6416|3130, 7076|3247, 14996|3299, 15436|3364, 14996|3440, 14996|3489, 16676|3537, 16676|4029, com.android.chrome, 
4548|1, 4548|1555, 4768|1673, 4768|1863, 4804|1970, 4804|2699, 5464|2799, 5904|2873, 5576|2922, 4964|2997, 4964|3099, 6064|3141, 5404|3197, 5844|3254, 6284|3300, 6284|3331, 6064|3378, 6064|3537, 5624|3617, 14864|3689, 15084|3749, 14644|3792, 14644|3841, 14440|3909, 16516|3959, 16516|4005, com.android.chrome, 
4548|1, 4548|2324, 4544|2374, 4680|2417, 4680|4141, com.ted.android, 
4548|1, 4548|1977, 4552|2012, 4552|4046, com.skype.raider, 
4548|1, 4548|2421, 4768|2507, 4760|2545, 4724|2598, 4724|3515, 4808|3573, 4928|3627, 4928|4052, com.dropbox.android, 
4548|1, 4548|1000, 4552|1056, 4552|1920, 4548|1996, 4548|2947, 4540|2994, 4552|3052, 4552|4032, com.paypal.android.p2pmobile, 
4548|1, 4548|1697, 4508|1770, 4548|1822, 4548|2154, 4768|2287, 4768|2947, 4708|3053, 4708|4018, com.booking, 
4548|1, 4548|1404, 4544|1475, 4556|1558, 4556|4028, com.google.android.deskclock, 
4548|1, 4548|2093, 4552|2146, 4552|4027, at.DiTronic.androidgroup.randomgallery, 
4548|1, 4548|1678, 4552|1727, 4552|4047, at.DiTronic.androidgroup.randomgallery, 
4548|1, 4548|1298, 5208|1362, 5208|1579, 4328|1647, 4328|2015, 4768|2075, 4768|2152, 4900|2251, 4508|2348, 4508|2875, 4948|2935, 4948|3122, 4508|3176, 4500|3236, 4556|3290, 4556|4153, com.ebay.mobile, 
4548|1, 4548|1783, 4552|1851, 4552|4023, com.skype.raider, 
4548|1, 4548|1315, 4552|1370, 4552|4100, com.facebook.katana, 
4548|1, 4548|1773, 4556|1820, 4556|4037, com.google.android.deskclock, 
4548|1, 4548|1327, 4552|1430, 4552|2340, 4556|2373, 4556|2410, 4548|2459, 4548|4030, com.google.android.apps.photos, 
4548|1, 4548|2051, 4544|2084, 4552|2118, 4552|4013, com.github.shadowsocks, 
4548|1, 4548|2583, 4680|2684, 4680|4009, com.antutu.ABenchMark, 
4548|1, 4548|2174, 4540|2226, 4552|2279, 4552|4016, com.github.shadowsocks, 
4548|1, 4548|1814, 4680|1921, 4680|4034, com.ted.android, 
4548|1, 4548|1342, 4676|1402, 4676|1698, 4896|1785, 4896|2007, 4676|2092, 4896|2182, 4896|2396, 4720|2431, 4732|2479, 4732|2957, 4952|3006, 4952|3434, 4732|3491, 4732|3585, 4952|3634, 5172|3697, 5172|3822, 4732|3877, 4952|4017, com.csst.ecdict, 
4548|1, 4548|1999, 4556|2049, 4552|2144, 4552|2333, 4772|2601, 4820|3096, 4836|4222, com.Slack, 
4844|1, 4844|2379, 5000|2476, 4976|2579, 4976|3421, 4972|3476, 4976|3519, 4976|4049, com.antutu.ABenchMark, 
4848|1, 4848|2052, 4840|2123, 4852|2234, 4852|2323, 5072|2462, 5072|3008, 5064|3109, 5008|3185, 5008|4027, com.booking, 
4848|1, 4848|1434, 4844|1513, 4848|1625, 4848|2457, 4984|2604, 4984|3416, 5008|3766, 5008|4065, com.booking, 
4848|1, 4848|2049, 4980|2126, 4980|2241, 5200|2329, 5200|2658, 4980|2710, 4980|2783, 5200|2899, 5200|3007, 4980|3063, 5032|3136, 5032|3635, 5252|3716, 5032|3802, 5032|4055, com.csst.ecdict, 
4848|1, 4848|2450, 4852|2512, 4852|4046, com.whatsapp, 
4852|1, 4852|2192, 4864|2248, 4856|2308, 4856|4036, com.github.shadowsocks, 
4852|1, 4852|1711, 4984|1834, 4984|2677, 4976|2714, 4984|2745, 4984|4035, com.ted.android, 
4852|1, 4852|2322, 4848|2372, 4856|2430, 4856|4024, com.github.shadowsocks, 
4852|1, 4852|1971, 4856|2026, 4856|4058, com.skype.raider, 
4852|1, 4852|1567, 4856|1649, 4856|1796, 5076|1890, 5076|2587, 4984|2653, 4984|4062, com.cnn.mobile.android.phone, 
4852|1, 4852|2113, 4856|2163, 4852|2215, 4852|4048, com.google.android.apps.photos, 
4852|1, 4852|2919, 4856|2975, 4856|4050, com.paypal.android.p2pmobile, 
4852|1, 4852|1838, 5072|1919, 5072|2222, 4852|2278, 4852|2365, 5072|2454, 5168|2528, 5168|2627, 5464|2685, 5168|2741, 5168|3149, 5140|3214, 5040|3269, 5040|3488, 5032|3519, 5036|3565, 5036|3851, 5256|3909, 5036|4022, com.csst.ecdict, 
4852|1, 4852|944, 4848|1024, 4852|1078, 4852|2013, 4856|2058, 4856|4059, com.tripadvisor.tripadvisor, 
4852|1, 4852|1422, 4768|1510, 4768|2306, 4988|2388, 4984|2538, 4984|3377, 4988|3446, 5012|3525, 5012|4003, com.booking, 
4852|1, 4852|965, 4856|1017, 4856|1902, 4852|1981, 4856|2027, 4856|4019, com.whatsapp, 
4856|1, 4856|1522, 5076|1625, 5076|1995, 4968|2060, 4992|2130, 4992|3030, 4988|3085, 4988|4045, com.ted.android, 
4856|1, 4856|1677, 4860|1837, 4860|2756, 4988|2814, 4988|4036, com.cnn.mobile.android.phone, 
4856|1, 4856|1170, 5516|1220, 5516|1282, 5208|1360, 4988|1446, 4988|1773, 5428|1853, 4988|1968, 4988|2229, 4860|2318, 4860|2625, 5080|2705, 5080|2789, 4860|2878, 4860|3231, 4800|3303, 4860|3373, 4860|4011, com.ebay.mobile, 
4856|1, 4856|1843, 4860|1891, 4860|4029, at.DiTronic.androidgroup.randomgallery, 
4856|1, 4856|4028, com.google.android.apps.photos, 
4856|1, 4856|2726, 4860|2797, 4860|4160, com.instagram.android, 
4856|1, 4856|2163, 4860|2199, 4860|4027, com.Slack, 
4856|1, 4856|922, 4860|970, 4860|1944, 4864|1987, 4860|2024, 4860|4022, com.tripadvisor.tripadvisor, 
4856|1, 4856|1467, 4860|1556, 4860|1750, 5080|1835, 5080|2475, 4988|2546, 4988|4012, com.cnn.mobile.android.phone, 
4856|1, 4856|4002, com.google.android.apps.photos, 
4876|1, 4876|2812, 4880|2876, 4880|4004, com.paypal.android.p2pmobile, 
4884|1, 4884|1436, 4888|1492, 4888|4028, at.DiTronic.androidgroup.randomgallery, 
4884|1, 4884|1765, 4888|1827, 4888|4036, com.tripadvisor.tripadvisor, 
4884|1, 4884|2116, 5104|2208, 5060|2271, 5060|3235, 5260|3289, 5260|4024, com.dropbox.android, 
4884|1, 4884|1874, 5016|1963, 5016|4062, com.cnn.mobile.android.phone, 
4908|1, 4908|1354, 4912|1434, 4912|2324, 4908|2375, 4908|4021, com.google.android.apps.photos, 
4908|1, 4908|2074, 4904|2120, 4916|2176, 4916|4005, com.google.android.deskclock, 
4908|1, 4908|1546, 5128|1602, 5040|1690, 5040|4014, com.ted.android, 
4908|1, 4908|2363, 5084|2428, 5084|3375, 5288|3431, 5288|4010, com.dropbox.android, 
4912|1, 4912|437, 4908|492, 4908|1920, 4912|1982, 4912|3012, 4908|3056, 4908|4004, com.google.android.apps.photos, 
4908|1, 4908|1637, 4912|1683, 4912|3584, 4904|3639, 4912|3688, 4912|4016, com.paypal.android.p2pmobile, 
4908|1, 4908|1035, 4912|1132, 4912|2068, 4916|2117, 4920|2171, 4912|2227, 4912|4002, com.tripadvisor.tripadvisor, 
4908|1, 4908|1453, 4912|1525, 4912|4003, com.tripadvisor.tripadvisor, 
4908|1, 4908|2089, 5168|2148, 5168|2412, 5388|2503, 5828|2563, 6488|2661, 5168|2735, 5168|2906, 5828|2972, 6268|3022, 6268|3058, 6272|3110, 6416|3160, 6416|3255, 7516|3324, 12096|3420, 11876|3501, 11508|3564, 11288|3620, 11288|4004, com.android.chrome, 
4548|1, 4548|1385, 4884|1583, 4884|2433, 5012|2516, 5428|2614, 5648|2672, 5868|2725, 5208|2802, 4988|2853, 4988|2909, 5648|2970, 5868|3056, 5868|3270, 7188|3376, 15108|3472, 14720|3529, 14688|3565, 16448|3665, 16448|4008, com.android.chrome, 
4548|1, 4548|1825, 4988|1881, 4988|2190, 4768|2251, 4768|3036, 4796|3094, 4652|3158, 4732|3218, 4732|3610, 4952|3668, 4952|3737, 5172|3787, 5172|3903, 4732|3958, 4732|4010, com.csst.ecdict, 
4548|1, 4548|1704, 4552|1775, 4552|4034, com.tripadvisor.tripadvisor, 
4548|1, 4548|2126, 4552|2196, 4552|3086, 4680|3161, 4680|4023, com.antutu.ABenchMark, 
4548|1, 4548|859, 4552|956, 4552|1107, 5432|1154, 5432|1205, 4992|1266, 4552|1350, 4552|1732, 4992|1794, 4956|1864, 4508|1984, 4508|2244, 4728|2327, 4948|2377, 4948|2465, 4508|2555, 4508|2836, 4552|2925, 4552|4048, com.ebay.mobile, 
4548|1, 4548|1557, 4556|1673, 4556|2554, 4552|2628, 4552|4053, com.google.android.deskclock, 
4548|1, 4548|2415, 4768|2529, 4768|2948, 4840|3020, 4940|4030, com.dropbox.android, 
4548|1, 4548|1366, 5428|1435, 5428|1518, 4988|1638, 4548|1740, 4548|2323, 4960|2444, 4960|2778, 4520|2926, 4520|3321, 4552|3473, 4552|4021, com.ebay.mobile, 
4548|1, 4548|2532, 4552|2622, 4552|4011, com.skype.raider, 
4548|1, 4548|1763, 4552|1868, 4552|2774, 4676|2843, 4680|2960, 4680|3791, 4708|3965, 4708|4077, com.booking, 
4548|1, 4548|2560, 4988|2695, 4988|2935, 4768|3008, 4720|3093, 4720|3372, 4940|3440, 4720|3521, 4780|4067, com.csst.ecdict, 
4548|1, 4548|2084, 4900|2176, 4900|2482, 4680|2566, 4680|2742, 4900|2817, 4900|3083, 4736|3155, 4732|3225, 4732|3419, 4880|3496, 4732|3558, 4732|4011, com.csst.ecdict, 
4548|1, 4548|1521, 4676|1596, 4676|1815, 4896|1930, 4896|2067, 4676|2127, 4676|2528, 4548|2573, 4732|2612, 4732|2993, 4736|3068, 4736|3575, 4752|3608, 4752|3747, 4732|3811, 4952|3865, 4952|3903, 4732|3962, 4732|4012, com.csst.ecdict, 
4548|1, 4548|2061, 4552|2175, 4552|2386, 4992|2866, 4832|3195, 4836|4143, com.Slack, 
4844|1, 4844|2576, 4852|2636, 4852|4023, com.instagram.android, 
4848|1, 4848|2003, 4852|2044, 4852|4044, com.facebook.katana, 
4848|1, 4848|1563, 4856|1631, 4856|2179, 4852|2234, 4852|4040, com.Slack, 
4848|1, 4848|1163, 4856|1228, 4856|2163, 5104|2220, 5124|2316, 5784|2369, 6224|2425, 5344|2511, 5124|2576, 5124|2696, 6004|2751, 6224|2796, 6444|2834, 6444|3045, 7104|3118, 11724|3205, 12976|3270, 12536|3328, 12316|3380, 15480|3451, 15480|3898, 15484|3955, 15484|4010, com.android.chrome, 
4548|1, 4548|1901, 4552|1953, 4552|4012, com.skype.raider, 
4548|1, 4548|2356, 4680|2391, 4680|4002, com.ted.android, 
4548|1, 4548|1985, 4552|2040, 4552|4003, com.skype.raider, 
4548|1, 4548|1630, 4552|1687, 4552|2622, 4548|2679, 4548|4007, com.google.android.apps.photos, 
4548|1, 4548|2105, 4552|2153, 4552|4011, com.github.shadowsocks, 
4548|1, 4548|1718, 4552|1783, 4552|4007, com.paypal.android.p2pmobile, 
4548|1, 4548|1862, 4552|1904, 4552|4029, at.DiTronic.androidgroup.randomgallery, 
4548|1, 4548|2101, 4768|2202, 4768|2535, 4840|2588, 4840|3523, 4940|3583, 4940|4018, com.dropbox.android, 
4548|1, 4548|2152, 4556|2199, 4556|4040, com.google.android.deskclock, 
4548|1, 4548|2759, 4552|2812, 4552|4065, com.paypal.android.p2pmobile, 
4548|1, 4548|1374, 4552|1444, 4552|4033, at.DiTronic.androidgroup.randomgallery, 
4548|1, 4548|1832, 4552|1894, 4552|4009, com.skype.raider, 
4548|1, 4548|152, 4552|234, 4548|274, 4548|2227, 4552|2271, 4552|4023, com.skype.raider, 
4548|1, 4548|2560, 4552|2679, 4772|2812, 4772|3555, 4680|3604, 4680|4008, com.antutu.ABenchMark, 
4548|1, 4548|1899, 4544|2023, 4552|2101, 4552|2961, 4548|3034, 4548|4057, com.google.android.apps.photos, 
4548|1, 4548|1428, 5164|1507, 5340|1571, 5340|1708, 4900|1803, 4460|1913, 4460|2238, 4900|2327, 4900|2500, 4508|2637, 4508|3129, 4948|3238, 4948|3396, 4508|3514, 4552|3650, 4552|4071, com.ebay.mobile, 
4548|1, 4548|2917, 4552|2991, 4552|4013, com.instagram.android, 
4548|1, 4548|2242, 4552|2329, 4552|4046, com.instagram.android, 
4548|1, 4548|2633, 4552|2817, 4552|3624, 4680|3756, 4680|4027, com.antutu.ABenchMark, 
4548|1, 4548|3601, 4552|3720, 4552|4023, com.paypal.android.p2pmobile, 
4548|1, 4548|1556, 4612|1642, 4612|2518, 4552|2599, 4552|4061, com.facebook.katana, 
4548|1, 4548|2575, 4552|2660, 4552|4026, com.github.shadowsocks, 
4548|1, 4548|1748, 4552|1807, 4552|4043, com.facebook.katana, 
4548|1, 4548|2983, 4768|3073, 4768|3271, 4840|3356, 4840|4030, com.dropbox.android, 
4548|1, 4548|2434, 4768|2476, 4768|2528, 4680|2614, 4680|4022, com.ted.android, 
4548|1, 4548|2109, 4556|2187, 4556|4017, com.google.android.deskclock, 
4548|1, 4548|1617, 4680|1682, 4680|1790, 4900|1879, 4900|2122, 4680|2176, 4680|2623, 4744|2670, 4744|2721, 4728|2770, 4728|3069, 4732|3100, 4732|3865, 4952|3913, 5172|4024, com.csst.ecdict, 
4548|1, 4548|2222, 4552|2259, 4552|4005, com.instagram.android, 
4548|1, 4548|1103, 5208|1153, 5208|1332, 4548|1390, 4548|1722, 4544|1788, 4988|1877, 4988|2143, 4548|2213, 4548|2764, 4552|2874, 4552|4016, com.ebay.mobile, 
4548|1, 4548|2506, 4552|2564, 4552|4028, com.instagram.android, 
4548|1, 4548|1004, 4552|1097, 4552|4068, com.facebook.katana, 
4548|1, 4548|1371, 5208|1433, 5256|1501, 5208|1591, 4988|1693, 4988|1911, 4548|1994, 4548|2204, 4988|2328, 4988|2446, 4948|2538, 4948|2674, 4508|2777, 4508|3502, 4552|3582, 4552|4048, com.ebay.mobile, 
4548|1, 4548|1845, 4552|1950, 4552|4030, com.facebook.katana, 
4548|1, 4548|3014, 4552|3230, 4552|4007, com.antutu.ABenchMark, 
4548|1, 4548|1928, 4540|2154, 4548|2284, 4548|4079, com.facebook.katana, 
4548|1, 4548|1804, 4544|1997, 4544|2703, 4772|2952, 4772|3602, 4888|3804, 4888|4134, com.dropbox.android, 
4548|1, 4548|2838, 4552|2987, 4552|4011, com.instagram.android, 
4548|1, 4548|2069, 4768|2237, 4768|2524, 4880|2665, 4840|2812, 4840|3642, 4940|3978, 4940|4295, com.dropbox.android, 
4548|1, 4548|1952, 4768|2142, 4760|2258, 4840|2359, 4840|3231, 4940|3323, 4940|4182, com.dropbox.android, 
