348568|1, 348568|1243, 348570|1437, 348579|1570, 348582|1660, 348588|1751, 348589|1795, 348589|1848, 348593|1926, 348593|1990, 348594|2039, 348594|2091, 348595|2143, 348595|2335, 348599|2411, 348604|2478, 348604|2567, 348608|2620, 348608|2671, 348609|2736, 348611|2808, 348611|2848, 348612|2897, 348612|2937, 348619|3015, 348620|3094, 348621|3160, 348623|3206, 348627|3281, 348628|3343, 348633|3393, 348634|3431, 348636|3489, 348638|3543, 348638|3777, 348639|3829, 348639|4011, com.android.chrome, 
348675|1, 348675|1050, 348682|1104, 348690|1199, 348703|1284, 348710|1367, 348710|1431, 348713|1494, 348724|1566, 348736|1625, 348745|1696, 348755|1752, 348767|1876, 348773|1966, 348782|2062, 348788|2155, 348790|2250, 348792|2329, 348795|2405, 348795|2555, 348798|2663, 348801|2762, 348801|3283, 348803|3347, 348805|3394, 348806|3451, 348809|4030, com.antutu.ABenchMark, 
348936|1, 348936|1233, 348940|1351, 348940|4012, com.whatsapp, 
348940|1, 348940|955, 348942|1040, 348946|1090, 348958|1192, 348966|1304, 348967|1402, 348971|1470, 348976|1544, 348976|1591, 348994|1694, 348999|1811, 349008|1921, 349009|2001, 349020|2097, 349021|2185, 349023|2271, 349030|2367, 349031|2480, 349032|2531, 349033|2637, 349034|2692, 349034|2763, 349035|2845, 349039|2915, 349042|2970, 349042|3036, 349044|3083, 349045|3140, 349046|3193, 349049|3250, 349049|4025, com.antutu.ABenchMark, 
349160|1, 349160|550, 349161|623, 349161|1034, 349163|1150, 349167|1238, 349177|1382, 349191|1563, 349194|1636, 349195|1682, 349198|1735, 349199|1785, 349203|1867, 349203|1969, 349205|2055, 349205|2279, 349251|2711, 349276|2959, 349277|3176, 349278|3545, 349279|4029, com.Slack, 
349298|1, 349298|1338, 349304|1509, 349313|1593, 349320|1668, 349323|1717, 349323|1890, 349324|1942, 349324|2117, 349325|2177, 349325|2495, 349329|2561, 349331|2622, 349334|2675, 349334|2761, 349339|2831, 349342|2880, 349344|2953, 349346|2998, 349348|3070, 349348|3122, 349350|3173, 349350|3345, 349351|3388, 349351|3457, 349352|3503, 349355|3579, 349357|3629, 349362|3681, 349363|3723, 349364|3756, 349366|3810, 349368|3857, 349368|4034, com.android.chrome, 
349385|1, 349385|1974, 349390|2084, 349397|2178, 349429|2232, 349429|2600, 349433|2654, 349434|2692, 349437|2753, 349524|2807, 349524|3247, 349528|3286, 349533|3335, 349542|3388, 349543|3427, 349544|3473, 349544|3523, 349571|3576, 349609|3656, 349609|4005, com.csst.ecdict, 
349615|1, 349615|4029, at.DiTronic.androidgroup.randomgallery, 
349644|1, 349644|1074, 349645|1148, 349645|1272, 349648|1371, 349648|1520, 349649|1592, 349649|1715, 349650|1767, 349650|1878, 349651|1937, 349651|2022, 349653|2090, 349653|2188, 349654|2238, 349657|2279, 349658|2328, 349658|2426, 349660|2486, 349660|2529, 349662|2584, 349663|2633, 349668|2668, 349668|2722, 349670|2780, 349670|2818, 349672|2897, 349674|2961, 349674|3092, 349679|3143, 349680|3198, 349680|3296, 349681|3390, 349685|3471, 349685|3528, 349698|3606, 349706|3681, 349709|3722, 349718|3816, 349727|3940, 349733|4004, com.cnn.mobile.android.phone, 
349846|1, 349846|1594, 349851|1683, 349857|1748, 349862|1826, 349862|1973, 349863|2023, 349865|2088, 349867|2138, 349870|2179, 349870|2280, 349871|2327, 349874|2382, 349874|2511, 349875|2557, 349886|2632, 349892|2695, 349894|2750, 349894|2805, 349921|2857, 349958|2917, 349958|4045, com.csst.ecdict, 
349965|1, 349965|4031, com.google.android.deskclock, 
349965|1, 349965|1116, 349966|1176, 349966|1279, 349971|1358, 349971|1538, 349972|1604, 349973|1712, 349973|1910, 349975|1992, 349975|2205, 349978|2261, 349979|2340, 349980|2391, 349980|2468, 349981|2524, 349982|2560, 349982|2712, 349984|2770, 349984|2983, 349985|3035, 349985|3224, 349987|3295, 349987|4035, com.ted.android, 
350001|1, 350001|1318, 350004|1387, 350004|1567, 350009|1630, 350009|1774, 350010|1824, 350013|1874, 350015|1959, 350015|2015, 350019|2081, 350020|2170, 350020|2370, 350025|2450, 350025|2516, 350029|2571, 350031|2630, 350031|2831, 350037|2892, 350037|2925, 350039|2975, 350042|3020, 350042|3059, 350050|3117, 350050|3210, 350051|3260, 350051|3296, 350058|3346, 350058|3523, 350059|3567, 350060|3611, 350060|3701, 350063|3767, 350063|3823, 350065|3870, 350065|3924, 350073|3980, 350073|4019, com.paypal.android.p2pmobile, 
350104|1, 350104|1852, 350105|1896, 350105|2096, 350106|2140, 350106|2833, 350107|2889, 350107|3110, 350108|3154, 350108|4049, com.sometimeswefly.littlealchemy, 
350124|1, 350124|2042, 350125|2087, 350125|2269, 350126|2329, 350126|3031, 350127|3095, 350127|3277, 350128|3318, 350128|4042, com.sometimeswefly.littlealchemy, 
350131|1, 350131|2130, 350132|2183, 350132|2353, 350133|2405, 350133|3088, 350134|3150, 350134|3365, 350135|3409, 350135|4045, com.sometimeswefly.littlealchemy, 
350149|1, 350149|4025, com.github.shadowsocks, 
350154|1, 350154|1101, 350155|1152, 350155|1348, 350157|1430, 350157|1613, 350158|1671, 350158|1726, 350160|1798, 350160|1931, 350164|1983, 350180|2150, 350188|2274, 350193|2349, 350209|2439, 350220|2537, 350223|2670, 350230|2774, 350236|2884, 350267|3177, 350272|3239, 350272|3290, 350274|3341, 350279|3405, 350280|3462, 350283|3513, 350283|3600, 350287|3672, 350308|3749, 350325|4097, com.booking, 
350370|1, 350370|1378, 350371|1433, 350371|1619, 350372|1700, 350372|1948, 350373|1991, 350373|2174, 350374|2226, 350374|2937, 350375|2980, 350375|3191, 350376|3233, 350376|4008, com.sometimeswefly.littlealchemy, 
350390|1, 350390|1912, 350391|1958, 350391|2193, 350392|2252, 350392|2900, 350393|2978, 350393|3189, 350394|3240, 350394|4005, com.sometimeswefly.littlealchemy, 
350398|1, 350398|4042, com.google.android.apps.photos, 
350398|1, 350398|1414, 350399|1496, 350399|1548, 350400|1600, 350400|4010, com.whatsapp, 
350401|1, 350401|4016, com.whatsapp, 
350401|1, 350401|4023, at.DiTronic.androidgroup.randomgallery, 
350435|1, 350435|1313, 350436|1381, 350436|4005, com.whatsapp, 
350436|1, 350436|883, 350437|961, 350437|1586, 350438|1646, 350438|2585, 350439|2641, 350439|2696, 350443|2773, 350443|2825, 350445|2876, 350445|3149, 350449|3313, 350449|3405, 350450|3452, 350451|3488, 350451|3709, 350452|3748, 350452|3784, 350454|3988, 350454|4040, com.ted.android, 
350473|1, 350474|71, 350474|964, 350475|1034, 350481|1105, 350487|1170, 350500|1253, 350504|1354, 350504|1402, 350514|1489, 350531|1562, 350539|1647, 350556|1755, 350560|1830, 350561|1912, 350563|1963, 350568|2049, 350570|2128, 350570|2381, 350574|2486, 350579|2566, 350582|2654, 350586|2744, 350586|3126, 350588|3198, 350588|3882, 350595|3963, 350606|4077, com.antutu.ABenchMark, 
350728|1, 350728|1316, 350729|1424, 350729|4041, com.whatsapp, 
350731|1, 350731|1800, 350733|1863, 350733|3851, 350736|3899, 350739|3949, 350739|4002, com.skype.raider, 
350742|1, 350742|1055, 350743|1110, 350743|1311, 350746|1376, 350752|1440, 350758|1563, 350761|1627, 350764|1695, 350770|1798, 350774|1847, 350775|1937, 350776|2004, 350778|2120, 350784|2268, 350785|2354, 350786|2434, 350787|2498, 350796|2583, 350828|2941, 350838|3036, 350851|3154, 350852|3215, 350856|3290, 350858|3335, 350858|3437, 350860|3482, 350861|3540, 350861|3584, 350863|3622, 350863|3659, 350872|3786, 350881|3835, 350881|3896, 350889|3947, 350890|3990, 350890|4040, com.booking, 
350930|1, 350930|1360, 350931|1422, 350931|1563, 350934|1657, 350944|1826, 350944|1995, 350945|2062, 350945|2192, 350947|2281, 350948|2355, 350950|2440, 350953|2476, 350954|2548, 350960|2601, 350960|2643, 350968|2712, 350973|2770, 350973|3218, 350977|3261, 350981|3563, 350982|3622, 350987|3694, 350988|3745, 350988|3796, 351005|3851, 351005|3895, 351012|3957, 351012|4011, com.paypal.android.p2pmobile, 
351048|1, 351048|4033, com.google.android.deskclock, 
351048|1, 351048|4020, com.whatsapp, 
351048|1, 351048|1314, 351050|1396, 351051|1481, 351051|1581, 351055|1662, 351056|1730, 351056|1875, 351064|1931, 351065|1998, 351065|2473, 351066|2537, 351066|2698, 351069|2770, 351069|3203, 351070|3269, 351070|4007, com.dropbox.android, 
351079|1, 351079|1195, 351083|1274, 351083|1341, 351085|1387, 351090|1476, 351098|1558, 351105|1650, 351112|1731, 351114|1786, 351114|1942, 351116|2051, 351118|2147, 351119|2245, 351119|2519, 351121|2796, 351123|3134, 351123|3335, 351125|3572, 351125|4003, com.Slack, 
351136|1, 351136|1086, 351137|1180, 351138|1227, 351139|1311, 351139|1482, 351140|1532, 351140|4041, com.whatsapp, 
351142|1, 351142|1687, 351144|1770, 351144|1840, 351151|1915, 351152|1968, 351152|2806, 351153|2850, 351153|2884, 351154|2943, 351154|4019, com.instagram.android, 
351157|1, 351157|4019, com.facebook.katana, 
351157|1, 351157|1422, 351158|1472, 351158|1659, 351161|1733, 351161|1798, 351163|1840, 351165|1907, 351176|2000, 351180|2054, 351180|2116, 351190|2212, 351193|2283, 351196|2359, 351196|2422, 351200|2485, 351203|2569, 351203|3038, 351207|3080, 351207|3163, 351212|3211, 351212|3410, 351213|3470, 351218|3523, 351218|3699, 351222|3737, 351222|3792, 351225|3874, 351225|3913, 351237|3999, 351237|4035, com.paypal.android.p2pmobile, 
351265|1, 351265|1612, 351267|1682, 351268|1726, 351269|1781, 351269|1915, 351270|1993, 351274|2055, 351275|2099, 351277|2170, 351277|2232, 351278|2279, 351284|2353, 351284|2407, 351287|2472, 351292|2540, 351301|2593, 351305|2662, 351308|2716, 351309|2768, 351314|2838, 351317|2903, 351317|2956, 351319|3016, 351319|3079, 351328|3151, 351329|3231, 351331|3271, 351331|3324, 351334|3389, 351334|3485, 351346|3649, 351346|3686, 351349|3743, 351351|3802, 351351|3841, 351362|3926, 351363|3976, 351365|4014, com.ebay.mobile, 
351440|1, 351440|1504, 351441|1622, 351442|1692, 351447|1785, 351450|1859, 351450|1904, 351451|1989, 351451|4014, com.instagram.android, 
351453|1, 351453|1457, 351454|1523, 351454|1816, 351455|1884, 351455|1986, 351457|2069, 351457|2291, 351458|2356, 351458|2815, 351459|2864, 351459|3059, 351460|3100, 351460|4014, com.sometimeswefly.littlealchemy, 
351477|1, 351477|1113, 351478|1184, 351478|1471, 351480|1581, 351480|1640, 351481|1728, 351481|1786, 351482|1873, 351482|2331, 351484|2397, 351484|2608, 351488|2841, 351490|2923, 351491|2980, 351491|3128, 351494|3176, 351495|4249, com.ted.android, 
351511|1, 351511|991, 351513|1038, 351517|1123, 351526|1197, 351531|1251, 351540|1357, 351541|1415, 351545|1499, 351552|1564, 351563|1606, 351600|1671, 351600|1851, 351603|1916, 351604|1950, 351604|4042, com.Slack, 
351606|1, 351606|1211, 351610|1285, 351610|1415, 351623|1534, 351629|1582, 351629|1760, 351630|1806, 351630|1985, 351631|2023, 351631|2282, 351635|2336, 351638|2384, 351640|2461, 351646|2514, 351647|2593, 351647|2646, 351648|2697, 351648|2737, 351650|2793, 351650|2921, 351654|3002, 351656|3071, 351656|3151, 351659|3211, 351662|3269, 351662|3304, 351668|3373, 351671|3436, 351671|3474, 351673|3542, 351673|3725, 351674|3770, 351675|4033, com.android.chrome, 
351714|1, 351714|164, 351715|200, 351715|1564, 351721|1735, 351736|1841, 351739|1913, 351742|1983, 351742|2057, 351744|2110, 351744|2157, 351745|2194, 351748|2274, 351749|2333, 351750|2377, 351750|2421, 351754|2500, 351757|2551, 351759|2606, 351759|2670, 351764|2714, 351764|2808, 351765|2859, 351765|2893, 351766|2955, 351766|3047, 351767|3103, 351768|3151, 351776|3233, 351777|3304, 351778|3359, 351778|3398, 351781|3465, 351784|3529, 351784|3563, 351790|3621, 351793|3675, 351793|3716, 351795|3762, 351795|3890, 351796|3942, 351796|4005, com.android.chrome, 
351818|1, 351818|1049, 351822|1121, 351822|1195, 351824|1250, 351825|1298, 351839|1364, 351843|1446, 351852|1542, 351855|1592, 351868|1695, 351876|1841, 351877|1917, 351894|2052, 351898|2111, 351905|2190, 351908|2250, 351913|2313, 351920|2392, 351922|2463, 351930|2510, 351934|2577, 351946|2659, 351950|2704, 351952|2771, 351955|2826, 351958|2871, 351961|2924, 351967|2992, 351969|3047, 351969|3089, 351973|3157, 351975|3212, 351975|3346, 351992|3402, 351993|3447, 351993|3534, 351996|3599, 351996|3633, 351997|3692, 351997|3740, 351998|3778, 351998|4035, com.cnn.mobile.android.phone, 
352066|1, 352066|1406, 352067|1499, 352068|1572, 352068|1693, 352069|1736, 352069|1882, 352070|1924, 352070|1969, 352071|2038, 352071|2128, 352074|2192, 352078|2291, 352078|2343, 352082|2380, 352082|2468, 352083|2506, 352083|2728, 352086|2819, 352086|3100, 352087|3167, 352087|3374, 352088|3443, 352089|3507, 352089|3679, 352090|3754, 352090|4060, com.tripadvisor.tripadvisor, 
352093|1, 352093|1080, 352095|1134, 352095|1230, 352098|1297, 352112|1371, 352113|1451, 352119|1552, 352121|1597, 352121|1777, 352127|1849, 352134|1958, 352135|2015, 352140|2083, 352140|2152, 352143|2198, 352145|2264, 352148|2334, 352148|2379, 352160|2494, 352160|2573, 352161|2626, 352168|2710, 352172|2789, 352177|2839, 352181|2892, 352185|2948, 352191|3006, 352191|3094, 352195|3161, 352196|3211, 352197|3261, 352201|3317, 352211|3376, 352212|3414, 352212|3469, 352214|3522, 352216|3573, 352216|3620, 352219|3694, 352219|3745, 352222|3803, 352225|3877, 352225|3922, 352228|3972, 352229|4037, com.cnn.mobile.android.phone, 
352290|1, 352290|1673, 352291|1735, 352291|1970, 352292|2005, 352292|2190, 352293|2252, 352293|2986, 352294|3040, 352294|3210, 352295|3273, 352296|3322, 352296|4001, com.sometimeswefly.littlealchemy, 
352316|1, 352316|2625, 352317|2674, 352317|2771, 352319|2812, 352319|2895, 352322|2955, 352323|3028, 352323|3152, 352324|3201, 352324|3417, 352325|3467, 352326|3544, 352326|3698, 352327|3748, 352327|4017, com.tripadvisor.tripadvisor, 
352330|1, 352330|969, 352331|1058, 352331|1202, 352340|1346, 352346|1425, 352348|1484, 352352|1582, 352360|1656, 352363|1717, 352366|1857, 352366|1953, 352368|2029, 352375|2171, 352377|2236, 352380|2325, 352386|2416, 352389|2497, 352393|2570, 352397|2678, 352432|2957, 352441|3029, 352442|3079, 352444|3113, 352445|3187, 352446|3241, 352446|3331, 352447|3383, 352447|3860, 352458|3953, 352470|4007, com.booking, 
352515|1, 352515|1594, 352517|1651, 352517|3821, 352520|3870, 352522|3918, 352523|3969, 352523|4023, com.skype.raider, 
352530|1, 352530|1061, 352531|1151, 352531|1336, 352533|1416, 352534|1456, 352540|1541, 352547|1610, 352547|1658, 352550|1718, 352557|1812, 352559|1868, 352563|1976, 352564|2053, 352567|2117, 352567|2197, 352569|2268, 352570|2356, 352574|2472, 352578|2593, 352586|2704, 352590|2791, 352592|2849, 352594|2885, 352598|3001, 352615|3122, 352624|3209, 352636|3298, 352636|3352, 352638|3387, 352639|3439, 352641|3501, 352642|3547, 352645|3606, 352650|3670, 352655|3727, 352655|3811, 352657|3859, 352658|3898, 352661|3956, 352664|4035, com.booking, 
352700|1, 352700|1927, 352701|1969, 352705|2012, 352705|4034, com.github.shadowsocks, 
352706|1, 352706|957, 352707|1033, 352708|1091, 352708|1119, 352710|1160, 352714|1246, 352724|1299, 352727|1363, 352735|1470, 352735|1518, 352743|1607, 352746|1751, 352757|1807, 352761|1890, 352766|2017, 352769|2079, 352772|2130, 352774|2195, 352775|2244, 352789|2335, 352796|2395, 352800|2445, 352801|2506, 352805|2566, 352810|2643, 352815|2693, 352820|2766, 352825|2828, 352828|2863, 352830|2921, 352831|2984, 352832|3027, 352832|3121, 352833|3169, 352834|3223, 352841|3300, 352842|3356, 352842|3396, 352843|3459, 352843|3617, 352845|3669, 352845|4031, com.cnn.mobile.android.phone, 
352921|1, 352921|3489, 352922|3675, 352922|4010, com.facebook.katana, 
352922|1, 352922|4007, com.facebook.katana, 
352922|1, 352922|4014, at.DiTronic.androidgroup.randomgallery, 
352998|1, 352998|2082, 352999|2133, 352999|2333, 353000|2392, 353000|3111, 353001|3191, 353001|3337, 353002|3387, 353002|4009, com.sometimeswefly.littlealchemy, 
353017|1, 353017|1700, 353018|1774, 353018|1988, 353021|2062, 353021|2130, 353024|2196, 353028|2283, 353029|2327, 353034|2384, 353036|2484, 353037|2537, 353037|2605, 353040|2670, 353041|2723, 353041|2784, 353043|2863, 353043|2934, 353046|2976, 353046|3047, 353048|3100, 353048|3139, 353051|3199, 353059|3298, 353059|3362, 353061|3420, 353063|3494, 353087|3754, 353087|3798, 353092|3851, 353101|3901, 353101|3937, 353104|3982, 353104|4045, com.ebay.mobile, 
353165|1, 353165|2492, 353166|2541, 353166|2599, 353168|2658, 353168|2789, 353172|2897, 353172|2959, 353173|3029, 353173|3248, 353174|3308, 353175|3342, 353175|3536, 353176|3589, 353176|4004, com.tripadvisor.tripadvisor, 
353179|1, 353179|4031, com.github.shadowsocks, 
353179|1, 353179|4019, at.DiTronic.androidgroup.randomgallery, 
353217|1, 353217|1566, 353219|1641, 353230|1812, 353240|1906, 353242|1970, 353242|2016, 353243|2071, 353246|2140, 353247|2176, 353247|2270, 353248|2320, 353248|2357, 353249|2445, 353249|2519, 353253|2569, 353258|2629, 353258|2730, 353262|2767, 353262|2874, 353263|2911, 353263|2959, 353264|3028, 353264|3064, 353265|3101, 353272|3196, 353273|3271, 353274|3315, 353274|3371, 353278|3434, 353281|3476, 353283|3543, 353288|3605, 353290|3649, 353291|3692, 353292|3758, 353292|3930, 353293|3981, 353293|4022, com.android.chrome, 
353308|1, 353308|836, 353310|908, 353310|1063, 353311|1145, 353311|1340, 353314|1410, 353322|1500, 353326|1579, 353329|1649, 353331|1714, 353339|1802, 353342|1867, 353344|1904, 353345|1985, 353346|2064, 353349|2144, 353351|2257, 353354|2363, 353356|2423, 353359|2524, 353367|2613, 353370|2657, 353374|2754, 353392|3053, 353404|3109, 353406|3161, 353414|3218, 353420|3266, 353421|3323, 353423|3379, 353423|3515, 353426|3563, 353430|3612, 353430|3645, 353447|3821, 353451|3893, 353452|4001, com.booking, 
353498|1, 353498|925, 353500|982, 353502|1046, 353502|1090, 353506|1158, 353520|1240, 353521|1297, 353533|1382, 353537|1449, 353545|1559, 353560|1709, 353566|1774, 353582|1920, 353587|1999, 353591|2056, 353594|2116, 353600|2188, 353603|2252, 353608|2305, 353611|2373, 353611|2428, 353615|2465, 353620|2517, 353621|2582, 353621|2637, 353636|2692, 353637|2744, 353637|2831, 353640|2888, 353642|2954, 353642|3011, 353643|3051, 353644|3097, 353645|3153, 353646|3202, 353653|3239, 353655|3298, 353657|3373, 353658|3413, 353661|3478, 353662|3536, 353662|3725, 353663|3772, 353663|4048, com.cnn.mobile.android.phone, 
353724|1, 353724|747, 353725|810, 353725|1276, 353726|1404, 353726|4043, com.github.shadowsocks, 
353727|1, 353727|1263, 353729|1341, 353729|1391, 353730|1456, 353730|4031, com.whatsapp, 
353731|1, 353731|1613, 353732|1656, 353732|1800, 353737|1860, 353744|1936, 353752|2000, 353752|2937, 353759|2983, 353760|3327, 353760|4066, com.instagram.android, 
353776|1, 353776|705, 353777|765, 353777|4011, com.google.android.deskclock, 
353777|1, 353777|1165, 353778|1206, 353786|1296, 353794|1382, 353799|1437, 353801|1510, 353803|1616, 353811|1690, 353813|1758, 353816|1830, 353830|1892, 353847|1942, 353869|2072, 353870|2161, 353872|2333, 353873|2621, 353878|3028, 353880|3236, 353880|3447, 353881|3803, 353882|4181, com.Slack, 
353895|1, 353895|1761, 353898|1835, 353898|1888, 353899|1933, 353899|1982, 353900|2049, 353900|2097, 353901|2135, 353901|2328, 353903|2384, 353903|2510, 353904|2599, 353904|3076, 353905|3155, 353905|3337, 353906|3374, 353906|4016, com.sometimeswefly.littlealchemy, 
353927|1, 353927|1444, 353929|1546, 353929|1653, 353932|1739, 353935|1812, 353937|1890, 353941|1978, 353944|2041, 353944|2099, 353958|2195, 353960|2266, 353961|2320, 353963|2408, 353965|2510, 353966|2572, 353969|2659, 353970|2741, 353971|2811, 353977|2871, 353978|2932, 353978|2992, 353983|3059, 353985|3129, 353995|3204, 353998|3289, 354001|3352, 354002|3428, 354002|3490, 354003|3559, 354007|3636, 354007|4030, com.ebay.mobile, 
354082|1, 354082|157, 354083|199, 354083|408, 354084|461, 354084|975, 354086|1063, 354086|1129, 354090|1220, 354106|1340, 354112|1412, 354120|1501, 354128|1600, 354131|1679, 354133|1764, 354139|1896, 354147|1994, 354149|2072, 354149|2124, 354151|2175, 354155|2228, 354156|2295, 354159|2366, 354162|2412, 354165|2465, 354170|2542, 354176|2598, 354176|2634, 354180|2693, 354186|2744, 354189|2796, 354189|2870, 354190|2920, 354191|2975, 354196|3015, 354196|3060, 354201|3109, 354202|3166, 354204|3206, 354220|3295, 354222|3359, 354222|3410, 354223|3448, 354227|3507, 354228|3566, 354228|3653, 354233|3725, 354236|3800, 354238|3859, 354242|3920, 354243|3983, 354243|4025, com.cnn.mobile.android.phone, 
354307|1, 354307|333, 354308|452, 354308|698, 354309|773, 354309|870, 354310|942, 354314|1027, 354317|1090, 354327|1167, 354331|1254, 354341|1339, 354357|1423, 354375|1490, 354380|1571, 354395|1676, 354400|1765, 354407|1907, 354412|1992, 354412|2177, 354413|2269, 354415|2356, 354417|2445, 354422|2536, 354422|2600, 354423|2665, 354427|2759, 354428|2828, 354428|3083, 354430|3143, 354432|3193, 354433|3231, 354433|3841, 354435|3926, 354437|3990, 354478|4428, com.antutu.ABenchMark, 
354548|1, 354548|2051, 354549|2103, 354549|2290, 354550|2330, 354550|2999, 354551|3069, 354551|3299, 354552|3331, 354552|4014, com.sometimeswefly.littlealchemy, 
354578|1, 354578|106, 354579|148, 354579|1131, 354581|1170, 354583|1238, 354591|1324, 354595|1386, 354605|1462, 354633|1545, 354645|1608, 354649|1669, 354649|1796, 354650|1852, 354652|1970, 354652|2357, 354654|2435, 354654|2881, 354655|2922, 354655|4005, com.Slack, 
354661|1, 354661|765, 354662|861, 354662|2567, 354663|2617, 354663|2754, 354665|2864, 354665|2917, 354667|3021, 354667|3140, 354670|3188, 354671|3246, 354671|3356, 354672|3412, 354672|3665, 354674|3711, 354674|3931, 354675|3983, 354675|4038, com.tripadvisor.tripadvisor, 
354678|1, 354678|4004, com.google.android.deskclock, 
354680|1, 354680|1143, 354686|1240, 354692|1304, 354695|1359, 354701|1453, 354710|1534, 354725|1599, 354758|1677, 354758|1779, 354760|1833, 354760|1898, 354761|1947, 354762|1985, 354762|4020, com.Slack, 
354764|1, 354764|4056, com.google.android.apps.photos, 
354810|1, 354810|1230, 354814|1320, 354814|1395, 354816|1507, 354826|1594, 354830|1665, 354831|1708, 354831|1805, 354837|1861, 354837|2079, 354838|2128, 354838|2177, 354839|2236, 354839|2386, 354843|2442, 354846|2491, 354848|2571, 354852|2623, 354853|2656, 354853|2707, 354854|2768, 354854|2844, 354855|2888, 354855|2991, 354856|3033, 354861|3108, 354861|3252, 354865|3330, 354868|3396, 354868|3442, 354875|3498, 354876|3553, 354878|3606, 354880|3649, 354881|4041, com.android.chrome, 
354909|1, 354909|1657, 354912|1751, 354916|1869, 354927|1948, 354932|2052, 354935|2133, 354936|2182, 354940|2276, 354940|2368, 354941|2415, 354941|2450, 354942|2494, 354942|2780, 354949|2855, 354951|2922, 354951|2973, 354956|3025, 354956|3119, 354957|3177, 354959|3231, 354960|3272, 354960|3401, 354962|3449, 354969|3516, 354969|3675, 354973|3730, 354973|3769, 354976|3821, 354978|3894, 354982|3934, 354983|3986, 354985|4033, com.android.chrome, 
355009|1, 355009|214, 355010|269, 355010|910, 355011|987, 355012|1037, 355013|1132, 355013|1422, 355014|1505, 355015|1556, 355015|1650, 355016|1711, 355017|1822, 355018|1947, 355018|2247, 355020|2318, 355020|3296, 355023|3331, 355025|3483, 355025|3533, 355026|3579, 355027|3614, 355027|3737, 355029|3800, 355032|4127, com.ted.android, 
355046|1, 355046|1445, 355048|1523, 355048|1674, 355049|1738, 355049|3397, 355050|3452, 355052|3516, 355054|3564, 355055|3609, 355055|4049, com.skype.raider, 
355059|1, 355059|943, 355060|976, 355060|1528, 355063|1609, 355063|1881, 355066|1949, 355066|2167, 355079|2257, 355082|2332, 355082|2486, 355084|2528, 355084|2712, 355085|2793, 355085|3210, 355086|3301, 355086|4037, com.dropbox.android, 
355090|1, 355090|1286, 355091|1358, 355091|1680, 355098|1780, 355098|1850, 355102|1913, 355108|1994, 355117|2095, 355119|2172, 355122|2257, 355124|2325, 355126|2414, 355128|2475, 355128|2727, 355129|2798, 355129|2930, 355133|2987, 355133|3313, 355139|3384, 355141|3433, 355141|3564, 355142|3620, 355147|3658, 355147|4017, com.paypal.android.p2pmobile, 
355207|1, 355207|962, 355208|1045, 355208|1220, 355213|1328, 355219|1418, 355225|1480, 355225|1585, 355229|1652, 355237|1726, 355241|1788, 355244|1905, 355245|1971, 355246|2027, 355250|2147, 355255|2248, 355257|2330, 355267|2436, 355271|2561, 355305|2921, 355327|3011, 355339|3097, 355342|3149, 355344|3185, 355345|3236, 355347|3294, 355351|3345, 355354|3391, 355358|3470, 355373|3542, 355378|3700, 355389|3855, 355394|3921, 355394|4006, com.booking, 
355428|1, 355428|4024, com.google.android.deskclock, 
355430|1, 355430|4019, at.DiTronic.androidgroup.randomgallery, 
355465|1, 355465|4023, at.DiTronic.androidgroup.randomgallery, 
355522|1, 355522|1870, 355523|1945, 355524|1989, 355527|2061, 355527|2150, 355534|2253, 355541|2339, 355543|2422, 355545|2497, 355547|2576, 355552|2646, 355553|2717, 355557|2805, 355561|2858, 355561|3281, 355565|3350, 355565|3518, 355574|3593, 355577|3659, 355583|3749, 355589|3837, 355590|3892, 355595|4133, com.ebay.mobile, 
355662|1, 355662|1665, 355663|1707, 355664|1774, 355664|3603, 355666|3649, 355669|3710, 355670|3763, 355670|4009, com.skype.raider, 
355673|1, 355673|4065, com.facebook.katana, 
355673|1, 355673|4037, com.google.android.deskclock, 
355673|1, 355673|4025, com.google.android.apps.photos, 
355673|1, 355673|4014, com.github.shadowsocks, 
355673|1, 355673|1041, 355674|1137, 355677|1185, 355688|1262, 355697|1350, 355705|1469, 355705|1524, 355708|1600, 355729|1675, 355735|1746, 355746|1836, 355760|1961, 355764|2074, 355768|2154, 355777|2245, 355782|2340, 355784|2389, 355785|2487, 355785|2656, 355786|2713, 355791|2800, 355791|2880, 355792|2933, 355795|3008, 355796|3080, 355796|3247, 355799|3334, 355800|3388, 355802|3441, 355803|3495, 355803|4048, com.antutu.ABenchMark, 
355926|1, 355926|4005, com.github.shadowsocks, 
355938|1, 355938|995, 355939|1061, 355939|1517, 355940|1615, 355942|1724, 355942|1817, 355944|1907, 355944|2172, 355948|2272, 355948|3049, 355949|3087, 355950|3123, 355950|3268, 355952|3541, 355953|4234, com.ted.android, 
355970|1, 355970|1693, 355975|1785, 355982|1877, 355982|1991, 355987|2103, 355987|2163, 355991|2207, 355998|2282, 355998|2517, 356004|2576, 356015|2617, 356016|2681, 356018|2732, 356018|2816, 356081|2887, 356081|4002, com.csst.ecdict, 
356087|1, 356087|1279, 356089|1330, 356089|1466, 356093|1562, 356093|1672, 356097|1762, 356102|1856, 356104|1945, 356104|1983, 356106|2045, 356123|2167, 356155|2254, 356155|2345, 356172|2660, 356184|3220, 356184|3427, 356186|3672, 356186|4068, com.Slack, 
356197|1, 356197|1072, 356202|1122, 356215|1214, 356226|1339, 356226|1473, 356229|1540, 356255|1661, 356261|1727, 356277|1864, 356280|2002, 356282|2080, 356284|2168, 356288|2249, 356293|2371, 356293|2681, 356295|2746, 356300|2830, 356300|2968, 356301|3026, 356305|3100, 356305|3169, 356307|3224, 356307|3449, 356308|3496, 356308|3651, 356310|3689, 356311|3739, 356321|4154, com.antutu.ABenchMark, 
356425|1, 356425|1173, 356426|1259, 356426|1390, 356428|1496, 356428|2293, 356433|2480, 356449|2631, 356462|2737, 356466|2855, 356476|2984, 356485|3076, 356521|3380, 356522|3470, 356526|3539, 356532|3607, 356540|3688, 356540|4037, com.booking, 
356610|1, 356610|181, 356611|231, 356611|1140, 356612|1248, 356612|1410, 356615|1504, 356628|1624, 356628|1732, 356631|1795, 356639|1886, 356645|1977, 356646|2054, 356647|2114, 356650|2219, 356650|2320, 356651|2451, 356658|2602, 356668|2808, 356672|2949, 356674|3022, 356674|3089, 356681|3267, 356702|3451, 356727|3747, 356732|3852, 356736|3960, 356739|4042, com.booking, 
356797|1, 356797|2242, 356800|2336, 356805|2428, 356811|2544, 356811|2797, 356812|2896, 356817|2992, 356819|3045, 356823|3132, 356823|3302, 356829|3376, 356841|3462, 356843|3527, 356843|3576, 356853|3616, 356909|3711, 356909|4060, com.csst.ecdict, 
356917|1, 356917|1653, 356919|1752, 356919|1795, 356921|1887, 356921|4022, com.whatsapp, 
356934|1, 356934|1425, 356935|1534, 356935|3571, 356936|3621, 356936|4011, com.github.shadowsocks, 
356937|1, 356938|63, 356938|1094, 356939|1205, 356939|1490, 356940|1589, 356941|1699, 356941|1834, 356943|2011, 356943|2121, 356948|2223, 356948|3358, 356951|3400, 356951|3511, 356966|3792, 356969|3838, 356971|3893, 356971|4027, com.ted.android, 
356995|1, 356995|1865, 356996|1987, 356996|2602, 356997|2656, 356997|4010, com.github.shadowsocks, 
356998|1, 356998|1580, 356999|1647, 356999|3622, 357001|3695, 357004|3753, 357004|3786, 357005|3838, 357005|4012, com.skype.raider, 
357009|1, 357009|973, 357010|1035, 357013|1100, 357013|1163, 357014|1217, 357015|1283, 357024|1336, 357027|1386, 357030|1456, 357031|1541, 357034|1619, 357034|1686, 357037|1775, 357044|1851, 357045|1897, 357050|2003, 357056|2102, 357056|2151, 357065|2204, 357072|2286, 357081|2358, 357088|2419, 357091|2473, 357098|2556, 357098|2627, 357102|2661, 357108|2731, 357109|2778, 357110|2828, 357110|2897, 357117|2963, 357117|3291, 357135|3378, 357135|3485, 357137|3522, 357138|3589, 357139|3646, 357140|3690, 357140|3722, 357141|3791, 357142|3848, 357142|3897, 357143|3951, 357145|4042, com.cnn.mobile.android.phone, 
357242|1, 357242|149, 357243|227, 357243|465, 357244|518, 357244|549, 357245|592, 357245|2585, 357246|2631, 357246|3067, 357247|3114, 357247|3525, 357248|3581, 357248|3749, 357249|3807, 357249|4034, com.google.android.apps.photos, 
357255|1, 357255|1422, 357258|1505, 357258|1859, 357262|1927, 357262|2531, 357276|2609, 357276|2667, 357277|2709, 357280|2759, 357282|2818, 357290|2891, 357290|3070, 357291|3120, 357291|3331, 357294|3365, 357294|3455, 357297|3509, 357297|3582, 357298|3640, 357298|3690, 357300|3737, 357301|3782, 357306|3829, 357307|3891, 357307|4013, com.paypal.android.p2pmobile, 
357358|1, 357358|1810, 357360|1913, 357367|2008, 357371|2050, 357375|2134, 357375|2427, 357380|2506, 357381|2546, 357383|2597, 357386|2658, 357386|2832, 357388|2885, 357392|2939, 357404|2975, 357404|3021, 357406|3072, 357406|3116, 357447|3189, 357472|3235, 357472|4010, com.csst.ecdict, 
357478|1, 357478|471, 357479|516, 357479|699, 357480|752, 357480|2769, 357481|2811, 357481|2931, 357482|3000, 357483|3068, 357483|4053, com.tripadvisor.tripadvisor, 
357499|1, 357499|1164, 357500|1227, 357500|1409, 357502|1499, 357507|1576, 357513|1635, 357515|1761, 357521|1852, 357526|1911, 357528|1979, 357532|2061, 357532|2154, 357536|2221, 357536|2289, 357539|2391, 357541|2530, 357542|2649, 357545|2808, 357545|2912, 357552|2951, 357556|3027, 357588|3372, 357600|3439, 357622|3536, 357623|3593, 357624|3637, 357625|3678, 357626|3758, 357631|3814, 357637|3857, 357650|3928, 357657|3986, 357657|4037, com.booking, 
357703|1, 357703|1426, 357704|1486, 357704|1531, 357705|1597, 357705|4001, com.whatsapp, 
357714|1, 357714|1016, 357715|1111, 357715|1371, 357716|1533, 357717|1644, 357717|1801, 357718|1903, 357718|2371, 357720|2441, 357720|3519, 357721|3571, 357721|4034, com.ted.android, 
357741|1, 357741|265, 357742|313, 357742|1057, 357744|1139, 357744|1223, 357746|1273, 357749|1344, 357763|1420, 357767|1477, 357779|1568, 357789|1677, 357798|1826, 357802|1896, 357802|1978, 357808|2080, 357818|2168, 357818|2224, 357823|2310, 357831|2408, 357834|2458, 357835|2503, 357844|2597, 357849|2666, 357854|2729, 357863|2781, 357864|2835, 357874|2900, 357877|2956, 357877|2998, 357878|3043, 357881|3113, 357882|3175, 357882|3236, 357883|3281, 357883|3333, 357890|3400, 357893|3477, 357895|3525, 357895|3639, 357899|3702, 357900|3747, 357900|3834, 357902|3902, 357902|4005, com.cnn.mobile.android.phone, 
357969|1, 357969|1514, 357971|1628, 357971|1752, 357975|1853, 357976|1964, 357981|2063, 357982|2115, 357997|2229, 357999|2310, 358004|2373, 358011|2449, 358013|2534, 358013|2604, 358021|2699, 358023|2779, 358027|2874, 358028|2984, 358033|3087, 358035|3159, 358042|3224, 358045|3287, 358047|3358, 358050|3399, 358052|3449, 358055|3518, 358056|3586, 358056|3673, 358061|3755, 358064|3948, 358065|3985, 358068|4039, com.ebay.mobile, 
358137|1, 358137|4016, at.DiTronic.androidgroup.randomgallery, 
358142|1, 358142|1415, 358143|1539, 358143|2267, 358145|2331, 358145|2614, 358146|2672, 358146|2820, 358147|2860, 358147|3588, 358148|3623, 358148|3840, 358149|3877, 358149|4038, com.google.android.apps.photos, 
358153|1, 358153|1839, 358154|1929, 358154|2071, 358162|2143, 358162|4115, com.instagram.android, 
358166|1, 358166|1097, 358172|1166, 358178|1247, 358189|1372, 358194|1466, 358195|1530, 358199|1667, 358200|1747, 358200|4034, com.Slack, 
358211|1, 358211|2559, 358212|2630, 358212|2738, 358214|2812, 358214|2941, 358218|3045, 358218|3167, 358220|3228, 358220|3510, 358222|3578, 358222|3716, 358223|3787, 358223|4049, com.tripadvisor.tripadvisor, 
358227|1, 358227|993, 358228|1053, 358229|1108, 358229|1170, 358231|1226, 358232|1301, 358241|1364, 358251|1437, 358259|1521, 358265|1621, 358272|1712, 358277|1799, 358284|1884, 358297|2017, 358299|2072, 358301|2130, 358312|2199, 358313|2244, 358314|2287, 358322|2369, 358326|2436, 358328|2504, 358328|2538, 358331|2604, 358332|2667, 358335|2737, 358342|2786, 358343|2847, 358347|2908, 358349|2974, 358356|3024, 358358|3072, 358358|3176, 358363|3233, 358364|3271, 358372|3332, 358372|3396, 358375|3454, 358375|3496, 358376|3558, 358379|3610, 358381|3670, 358381|3874, 358382|3925, 358382|4024, com.cnn.mobile.android.phone, 
358442|1, 358442|2837, 358443|2886, 358443|4031, com.google.android.apps.photos, 
358445|1, 358445|1387, 358446|1483, 358446|1731, 358447|1794, 358448|1840, 358450|1909, 358450|1994, 358454|2067, 358454|2127, 358463|2221, 358465|2319, 358465|2399, 358466|2452, 358466|2533, 358467|2589, 358467|2804, 358474|2863, 358475|2910, 358478|2947, 358478|3044, 358482|3096, 358482|3168, 358484|3356, 358484|3387, 358488|3454, 358510|3513, 358510|3560, 358527|3599, 358527|3689, 358531|3760, 358531|3872, 358533|3932, 358535|4054, com.paypal.android.p2pmobile, 
358561|1, 358561|4032, at.DiTronic.androidgroup.randomgallery, 
358595|1, 358595|2700, 358596|2768, 358596|2836, 358598|2921, 358598|3038, 358601|3093, 358602|3151, 358602|3252, 358603|3329, 358603|3506, 358604|3608, 358605|3665, 358605|4042, com.tripadvisor.tripadvisor, 
358610|1, 358610|1379, 358611|1449, 358611|1612, 358615|1710, 358616|1789, 358616|1842, 358624|1903, 358625|1964, 358625|2122, 358627|2213, 358627|2322, 358628|2398, 358628|2703, 358629|2776, 358629|4035, com.dropbox.android, 
358634|1, 358634|1119, 358636|1188, 358636|1235, 358638|1294, 358642|1351, 358653|1449, 358666|1540, 358672|1622, 358680|1732, 358685|1853, 358692|1940, 358696|2051, 358702|2126, 358703|2185, 358711|2253, 358715|2318, 358722|2403, 358733|2491, 358739|2568, 358742|2611, 358744|2676, 358749|2757, 358750|2812, 358751|2850, 358761|2903, 358768|2982, 358768|3034, 358771|3097, 358772|3135, 358773|3192, 358773|3349, 358782|3399, 358785|3460, 358785|3591, 358788|3644, 358789|3698, 358790|3759, 358790|4037, com.cnn.mobile.android.phone, 
358904|1, 358904|1359, 358905|1437, 358905|3497, 358906|3555, 358906|3733, 358907|3794, 358907|4010, com.google.android.apps.photos, 
358915|1, 358915|4033, com.google.android.deskclock, 
358923|1, 358923|925, 358924|994, 358924|1471, 358925|1516, 358925|1586, 358927|1689, 358927|1862, 358929|1976, 358930|2041, 358930|2147, 358934|2229, 358934|2466, 358936|2787, 358936|3434, 358941|3682, 358941|4040, com.ted.android, 
358963|1, 358963|709, 358964|755, 358964|927, 358965|988, 358965|1375, 358968|1481, 358968|1670, 358970|1726, 358971|1804, 358971|1901, 358980|1964, 358981|2047, 358981|2196, 358983|2239, 358983|2455, 358984|2500, 358984|2723, 358985|2774, 358985|4040, com.dropbox.android, 
358992|1, 358992|4001, com.google.android.apps.photos, 
358992|1, 358992|1479, 358993|1555, 358993|2018, 358996|2093, 358997|2181, 359001|2236, 359005|2303, 359015|2412, 359015|2479, 359018|2559, 359022|2675, 359025|2762, 359025|3232, 359029|3283, 359030|3321, 359030|3360, 359036|3422, 359036|3611, 359037|3673, 359042|3735, 359042|3770, 359045|3821, 359045|3878, 359047|3930, 359050|4032, com.paypal.android.p2pmobile, 
359092|1, 359092|2665, 359093|2749, 359093|3693, 359094|3748, 359094|3863, 359096|3942, 359096|4043, com.tripadvisor.tripadvisor, 
359107|1, 359107|2612, 359108|2681, 359108|2742, 359110|2822, 359110|2985, 359114|3096, 359114|3208, 359115|3273, 359115|3647, 359116|3699, 359117|3763, 359118|3828, 359118|4019, com.tripadvisor.tripadvisor, 
359122|1, 359122|1378, 359124|1498, 359136|1659, 359142|1710, 359147|1770, 359147|1826, 359148|1878, 359149|1922, 359151|1968, 359151|2023, 359152|2086, 359152|2183, 359153|2221, 359153|2398, 359154|2494, 359158|2562, 359163|2654, 359163|2722, 359167|2772, 359167|2838, 359168|2894, 359169|2963, 359170|3006, 359170|3200, 359177|3258, 359177|3416, 359180|3495, 359183|3550, 359183|3603, 359189|3674, 359190|3735, 359192|3785, 359194|3828, 359194|3936, 359195|3994, 359195|4045, com.android.chrome, 
359221|1, 359221|1381, 359222|1585, 359227|1691, 359238|1820, 359247|1942, 359247|2010, 359248|2052, 359248|2090, 359251|2202, 359251|2252, 359252|2307, 359252|2343, 359253|2408, 359253|2592, 359257|2643, 359260|2705, 359262|2773, 359265|2828, 359266|2892, 359266|2943, 359267|3028, 359269|3081, 359270|3135, 359271|3175, 359278|3251, 359285|3381, 359289|3451, 359289|3495, 359292|3574, 359298|3633, 359298|3672, 359301|3726, 359303|3785, 359303|4036, com.android.chrome, 
359319|1, 359319|1046, 359320|1120, 359320|1806, 359321|1876, 359329|2018, 359338|2125, 359339|2165, 359341|2241, 359344|2302, 359349|2363, 359353|2407, 359353|2572, 359359|2629, 359359|2671, 359371|2740, 359373|2798, 359373|2852, 359440|2911, 359440|4056, com.csst.ecdict, 
359447|1, 359447|2729, 359448|2833, 359449|4042, com.tripadvisor.tripadvisor, 
359464|1, 359464|1051, 359470|1143, 359482|1224, 359491|1337, 359493|1421, 359496|1505, 359503|1577, 359527|1686, 359533|1816, 359547|1894, 359552|1987, 359563|2118, 359563|2185, 359568|2268, 359579|2334, 359580|2411, 359582|2504, 359586|2600, 359588|2770, 359591|2909, 359594|3004, 359597|3083, 359598|3147, 359600|3214, 359601|3299, 359601|3660, 359603|3727, 359605|3776, 359606|3815, 359608|4011, com.antutu.ABenchMark, 
359717|1, 359717|1423, 359719|1568, 359719|1659, 359722|1723, 359725|1791, 359731|1899, 359735|1982, 359739|2041, 359741|2100, 359742|2165, 359753|2252, 359756|2316, 359758|2373, 359759|2471, 359760|2554, 359766|2764, 359766|2834, 359774|2932, 359780|3027, 359784|3077, 359790|3145, 359792|3234, 359798|3335, 359798|3380, 359802|3433, 359802|3505, 359803|3588, 359803|3658, 359805|3708, 359807|3878, 359807|4051, com.ebay.mobile, 
359881|1, 359881|4046, com.google.android.deskclock, 
359881|1, 359881|1599, 359882|1686, 359882|1774, 359884|1863, 359885|1963, 359886|2019, 359893|2107, 359893|2184, 359896|2305, 359898|2386, 359898|2504, 359899|2579, 359899|3030, 359900|3135, 359900|4033, com.dropbox.android, 
359905|1, 359905|2035, 359906|2192, 359906|2444, 359909|2599, 359911|2803, 359921|2923, 359922|3028, 359926|3157, 359927|3345, 359930|3467, 359930|3716, 359940|3865, 359942|3935, 359947|4017, com.ebay.mobile, 
360057|1, 360057|2170, 360058|2260, 360059|2327, 360059|4033, com.skype.raider, 
360069|1, 360069|1474, 360070|1656, 360070|1760, 360072|1859, 360072|2112, 360083|2223, 360091|2301, 360094|2444, 360101|2563, 360105|2657, 360107|2766, 360107|2825, 360115|2973, 360131|3151, 360140|3303, 360142|3392, 360146|3472, 360152|3585, 360159|3680, 360181|3830, 360191|3963, 360197|4067, com.booking, 
360277|1, 360277|2534, 360284|2673, 360292|2813, 360292|3065, 360293|3235, 360297|3328, 360299|3388, 360304|3480, 360304|3702, 360310|3770, 360322|3864, 360324|3948, 360389|4034, com.csst.ecdict, 
360405|1, 360405|2061, 360406|2158, 360416|2279, 360419|2340, 360419|2654, 360423|2725, 360431|2798, 360431|3057, 360437|3134, 360449|3196, 360450|3253, 360451|3322, 360451|3391, 360516|3479, 360517|4043, com.csst.ecdict, 
360529|1, 360529|1728, 360530|1840, 360536|1927, 360543|2006, 360543|2277, 360544|2321, 360548|2391, 360550|2456, 360554|2515, 360554|2707, 360560|2762, 360560|2798, 360572|2874, 360574|2927, 360574|2983, 360637|3056, 360637|4003, com.csst.ecdict, 
360643|1, 360643|1285, 360651|1402, 360655|1463, 360661|1529, 360666|1614, 360668|1724, 360671|1808, 360680|1894, 360696|1971, 360719|2039, 360752|2163, 360777|2255, 360778|2440, 360781|2933, 360783|3196, 360784|3418, 360785|3807, 360785|4004, com.Slack, 
360798|1, 360798|1863, 360799|1954, 360800|2017, 360800|2070, 360808|2143, 360808|2414, 360810|2474, 360810|3008, 360812|3063, 360812|4039, com.instagram.android, 
360822|1, 360822|4047, com.facebook.katana, 
360823|1, 360823|83, 360824|116, 360824|1111, 360826|1171, 360830|1266, 360839|1326, 360843|1405, 360847|1478, 360852|1555, 360855|1620, 360856|1679, 360856|1745, 360858|1806, 360858|4028, com.Slack, 
360860|1, 360860|1205, 360864|1305, 360868|1442, 360875|1521, 360878|1571, 360881|1614, 360881|1709, 360884|1811, 360884|2007, 360885|2047, 360885|2203, 360886|2299, 360888|2348, 360892|2411, 360893|2501, 360893|2732, 360895|2773, 360897|2815, 360897|2872, 360902|2932, 360903|2987, 360904|3026, 360909|3119, 360909|3189, 360913|3259, 360914|3312, 360916|3361, 360922|3444, 360923|3502, 360925|3559, 360926|3596, 360927|3658, 360927|3938, 360928|3995, 360928|4044, com.android.chrome, 
360948|1, 360948|1787, 360949|1847, 360949|3884, 360952|3948, 360954|3999, 360955|4053, com.skype.raider, 
360959|1, 360959|1407, 360961|1479, 360962|1576, 360962|1740, 360963|1834, 360963|1931, 360965|2033, 360965|2141, 360968|2232, 360969|2297, 360969|3283, 360971|3341, 360971|3464, 360973|3622, 360975|4050, com.ted.android, 
361001|1, 361001|3783, 361002|3848, 361005|3904, 361005|4037, com.skype.raider, 
361008|1, 361008|4027, com.google.android.apps.photos, 
361008|1, 361008|4027, com.github.shadowsocks, 
361008|1, 361008|1685, 361011|1760, 361011|2227, 361018|2309, 361020|2396, 361020|2436, 361029|2521, 361030|2612, 361031|2665, 361033|2746, 361033|2823, 361037|2907, 361037|3058, 361038|3121, 361039|3191, 361041|3237, 361042|3296, 361043|3351, 361045|3406, 361045|3491, 361052|3535, 361053|3600, 361056|3658, 361058|3704, 361058|3791, 361059|3851, 361063|3915, 361064|3969, 361065|4007, com.paypal.android.p2pmobile, 
361125|1, 361125|4041, at.DiTronic.androidgroup.randomgallery, 
361159|1, 361159|1283, 361160|1364, 361160|1579, 361161|1641, 361163|1717, 361164|1778, 361164|1834, 361172|1928, 361173|1998, 361173|2083, 361174|2180, 361174|2439, 361175|2502, 361175|2721, 361176|2777, 361176|4051, com.dropbox.android, 
361181|1, 361181|4030, com.google.android.deskclock, 
361181|1, 361181|1410, 361182|1494, 361182|1796, 361184|1853, 361186|1898, 361186|2046, 361192|2130, 361192|2190, 361196|2275, 361202|2377, 361204|2460, 361216|2521, 361216|2700, 361217|2743, 361217|3114, 361221|3162, 361221|3232, 361227|3290, 361227|3477, 361228|3538, 361229|3595, 361229|3771, 361237|3838, 361237|3893, 361243|3940, 361244|3993, 361254|4061, com.paypal.android.p2pmobile, 
361281|1, 361281|4007, at.DiTronic.androidgroup.randomgallery, 
361306|1, 361306|1680, 361307|1743, 361308|1815, 361308|3817, 361313|3888, 361314|3945, 361314|4035, com.skype.raider, 
361319|1, 361319|4005, com.skype.raider, 
361326|1, 361326|1256, 361334|1344, 361350|1456, 361357|1575, 361357|1630, 361360|1730, 361386|1847, 361397|1944, 361406|2038, 361418|2166, 361421|2303, 361423|2390, 361426|2463, 361431|2573, 361431|2673, 361432|2846, 361435|2949, 361438|3037, 361441|3131, 361442|3215, 361443|3278, 361444|3344, 361445|3412, 361445|3647, 361447|3716, 361450|3785, 361450|4001, com.antutu.ABenchMark, 
361598|1, 361598|4038, com.google.android.apps.photos, 
361598|1, 361598|1968, 361600|2042, 361600|2135, 361602|2216, 361604|2307, 361606|2376, 361608|2503, 361617|2629, 361622|2723, 361629|2795, 361629|2880, 361630|2997, 361636|3120, 361638|3221, 361639|3299, 361647|3407, 361653|3529, 361663|3644, 361671|3734, 361675|3831, 361678|3947, 361680|4063, com.ebay.mobile, 
361743|1, 361743|1959, 361744|2061, 361745|2136, 361749|2275, 361752|2365, 361752|4008, com.instagram.android, 
361752|1, 361752|1938, 361753|2010, 361758|2099, 361760|2183, 361760|4024, com.instagram.android, 
361760|1, 361760|1529, 361762|1625, 361772|1765, 361787|1933, 361787|2095, 361802|2226, 361821|2374, 361839|2588, 361842|2749, 361851|2933, 361857|3050, 361857|3694, 361863|3846, 361865|4018, com.antutu.ABenchMark, 
361992|1, 361992|2089, 361994|2353, 361996|2578, 361996|2753, 361997|2857, 362006|2983, 362015|3149, 362016|3304, 362021|3480, 362028|3595, 362029|3703, 362029|4073, com.paypal.android.p2pmobile, 
362101|1, 362101|4068, com.facebook.katana, 
362101|1, 362101|506, 362102|590, 362102|4039, com.github.shadowsocks, 
362102|1, 362102|4025, com.facebook.katana, 
362102|1, 362102|1759, 362103|1905, 362103|2007, 362106|2072, 362107|2136, 362107|2205, 362114|2336, 362115|2447, 362115|2612, 362117|2691, 362117|2870, 362118|2951, 362118|3043, 362119|3110, 362119|4052, com.dropbox.android, 
362125|1, 362125|1622, 362126|1686, 362126|1769, 362127|1868, 362127|1979, 362128|2074, 362129|2170, 362130|2257, 362130|2972, 362131|3053, 362131|3677, 362134|3736, 362134|4053, com.ted.android, 
362150|1, 362150|4002, com.google.android.deskclock, 
362150|1, 362150|1783, 362155|1902, 362162|1991, 362165|2054, 362165|2335, 362166|2406, 362171|2471, 362173|2528, 362177|2567, 362177|2764, 362178|2803, 362183|2847, 362195|2908, 362195|2955, 362197|3005, 362197|3080, 362263|3158, 362263|4028, com.csst.ecdict, 
362293|1, 362293|1944, 362299|2012, 362301|2084, 362301|4036, com.instagram.android, 
362301|1, 362301|1606, 362302|1668, 362302|1948, 362304|2019, 362304|2099, 362306|2167, 362308|2256, 362310|2334, 362310|2401, 362317|2469, 362317|2553, 362318|2628, 362322|2729, 362323|2831, 362325|2891, 362326|2976, 362326|3116, 362332|3170, 362340|3251, 362343|3347, 362351|3437, 362357|3510, 362363|3656, 362375|3743, 362376|3829, 362385|4028, com.ebay.mobile, 
362452|1, 362452|1897, 362457|1999, 362460|2081, 362460|4023, com.instagram.android, 
362460|1, 362460|4027, com.facebook.katana, 
362460|1, 362460|2022, 362461|2088, 362461|2423, 362463|2544, 362464|2667, 362467|2762, 362472|2828, 362472|2888, 362479|2988, 362479|3072, 362480|3138, 362480|3190, 362484|3292, 362485|3393, 362487|3479, 362488|3558, 362492|3662, 362500|3781, 362503|3868, 362511|3958, 362517|4026, com.ebay.mobile, 
362606|1, 362606|4012, com.facebook.katana, 
362606|1, 362606|1475, 362607|1581, 362614|1766, 362621|1931, 362632|2065, 362660|2222, 362671|2347, 362687|2534, 362695|2694, 362699|2874, 362701|3031, 362708|3237, 362708|3469, 362711|3587, 362714|3722, 362715|3803, 362718|3879, 362719|4004, com.antutu.ABenchMark, 
362858|1, 362858|4008, com.facebook.katana, 
362858|1, 362858|1780, 362861|1949, 362861|2109, 362865|2313, 362872|2505, 362875|2690, 362876|2903, 362877|3068, 362877|3254, 362878|3406, 362878|4088, com.dropbox.android, 
362883|1, 362883|2715, 362884|2839, 362892|2980, 362895|4017, com.instagram.android, 
362895|1, 362895|1009, 362897|1141, 362897|1386, 362900|1547, 362906|1678, 362907|1765, 362909|1941, 362909|2164, 362910|2264, 362910|2361, 362911|2514, 362911|4217, com.dropbox.android, 
362916|1, 362916|1255, 362917|1391, 362917|1504, 362918|1605, 362918|2262, 362919|2389, 362919|2470, 362922|2587, 362922|3116, 362929|3209, 362929|3566, 362931|3888, 362931|4157, com.dropbox.android, 
