5|1, 5|1459, 6|1573, 9|1700, 10|1788, 11|1840, 12|1890, 13|1964, 12|2029, 13|2082, 12|2133, 13|2184, 13|2450, 14|2510, 15|2601, 16|2663, 16|2761, 17|2850, 17|3051, 18|3127, 18|4018, com.android.chrome, 
5|1, 5|1127, 7|1232, 10|1308, 11|1402, 8|1465, 9|1537, 9|1597, 13|1664, 14|1724, 13|1789, 16|1914, 17|1977, 14|2103, 10|2177, 9|2266, 8|2354, 8|2442, 6|2578, 8|2670, 8|2890, 7|2961, 6|3007, 6|3325, 8|3380, 7|3436, 6|3490, 6|4007, com.antutu.ABenchMark, 
5|1, 5|1256, 6|1381, 6|4013, com.whatsapp, 
5|1, 5|1058, 7|1118, 10|1206, 11|1320, 8|1413, 9|1493, 10|1563, 10|1618, 11|1710, 16|1806, 17|1933, 15|2023, 18|2117, 14|2198, 12|2288, 11|2383, 7|2500, 7|2720, 6|2781, 6|2872, 7|2930, 8|2999, 8|3158, 9|3215, 6|3276, 6|3375, 5|3423, 5|4054, com.antutu.ABenchMark, 
5|1, 5|1272, 8|1400, 11|1575, 7|1681, 7|1731, 8|1777, 9|1827, 6|1904, 6|2004, 5|2091, 5|2295, 7|2605, 7|2987, 8|3182, 9|3498, 9|4063, com.Slack, 
9|1, 9|1360, 11|1444, 12|1616, 14|1683, 14|1863, 15|1908, 14|1967, 14|2142, 15|2196, 15|2374, 13|2451, 13|2643, 14|2693, 14|2783, 15|2851, 16|2901, 17|2975, 17|3080, 16|3146, 17|3192, 17|3411, 18|3477, 18|4022, com.android.chrome, 
5|1, 5|2076, 7|2219, 7|2257, 6|2337, 6|2459, 5|2498, 5|2639, 7|2692, 7|2735, 5|2792, 12|2850, 6|2889, 6|2979, 5|3027, 5|3285, 6|3326, 8|3373, 9|3429, 9|3469, 7|3511, 7|3614, 13|3674, 19|3776, 19|4020, com.csst.ecdict, 
5|1, 5|4007, at.DiTronic.androidgroup.randomgallery, 
5|1, 5|1384, 6|1460, 9|1535, 9|1618, 11|1670, 7|1739, 7|1784, 6|1856, 7|1905, 8|1959, 8|2512, 7|2556, 8|2603, 9|2661, 11|2695, 8|2747, 8|2803, 9|2844, 9|2918, 11|2985, 11|3121, 12|3167, 12|3309, 8|3409, 9|3488, 9|3700, 11|3750, 13|3805, 14|3958, 14|4025, com.cnn.mobile.android.phone, 
8|1, 6|146, 8|205, 8|546, 6|583, 6|995, 5|1063, 5|1614, 6|1703, 7|1768, 5|1849, 5|1993, 6|2049, 5|2103, 6|2160, 7|2206, 6|2261, 6|2346, 7|2404, 6|2446, 6|2579, 7|2633, 9|2720, 7|2766, 7|2831, 5|2883, 15|2944, 15|4005, com.csst.ecdict, 
5|1, 5|4017, com.google.android.deskclock, 
5|1, 5|1381, 6|1465, 6|1617, 7|1733, 9|1819, 10|1891, 10|2099, 7|2169, 7|2228, 8|2292, 9|2360, 9|2592, 10|2660, 10|2799, 9|2842, 9|2961, 14|3015, 14|3101, 17|3149, 20|3213, 20|3310, 24|3372, 24|3468, 49|3521, 49|3568, 48|3616, 48|3651, 49|3736, 49|4009, com.ted.android, 
6|1, 6|1404, 7|1457, 7|1591, 8|1656, 8|1852, 10|1900, 10|2042, 11|2098, 11|2181, 12|2243, 12|2398, 14|2464, 14|2540, 16|2592, 17|2655, 17|3000, 16|3047, 16|3082, 18|3144, 18|3327, 14|3369, 13|3418, 13|3552, 10|3596, 10|3730, 14|3783, 10|3845, 11|3896, 9|3942, 13|4003, com.paypal.android.p2pmobile, 
6|1, 6|1639, 7|1696, 7|1853, 8|1899, 9|1953, 9|2149, 10|2198, 11|2242, 11|2555, 12|2616, 12|2772, 10|2818, 10|4016, com.sometimeswefly.littlealchemy, 
6|1, 6|1757, 7|1808, 7|1993, 8|2051, 9|2103, 9|2284, 10|2342, 11|2387, 11|2800, 12|2847, 12|2938, 10|2983, 10|4053, com.sometimeswefly.littlealchemy, 
6|1, 6|1832, 7|1884, 7|2104, 8|2145, 9|2205, 9|2375, 11|2427, 11|2820, 12|2902, 12|3011, 10|3071, 10|4015, com.sometimeswefly.littlealchemy, 
6|1, 6|4037, com.github.shadowsocks, 
6|1, 6|2010, 11|2165, 17|2301, 17|2369, 20|2467, 22|2562, 18|2696, 18|2775, 16|2902, 20|3206, 22|3269, 21|3325, 21|3360, 18|3429, 18|3497, 17|3544, 16|3603, 16|3637, 13|3674, 15|3767, 15|3877, 14|3974, 15|4132, com.booking, 
6|1, 6|1629, 7|1719, 7|1916, 8|1973, 9|2023, 9|2204, 11|2255, 11|2652, 12|2696, 12|2857, 10|2918, 10|4034, com.sometimeswefly.littlealchemy, 
6|1, 6|1673, 7|1732, 7|1937, 8|1983, 9|2033, 9|2213, 11|2272, 11|2612, 12|2661, 12|2831, 10|2884, 10|4026, com.sometimeswefly.littlealchemy, 
6|1, 6|4027, com.google.android.apps.photos, 
6|1, 6|1423, 7|1501, 7|4020, com.whatsapp, 
6|1, 6|1225, 7|1308, 7|4021, com.whatsapp, 
6|1, 6|4035, at.DiTronic.androidgroup.randomgallery, 
6|1, 6|1417, 7|1464, 7|4010, com.whatsapp, 
6|1, 6|1396, 7|1493, 7|1591, 10|1659, 10|1964, 7|2005, 7|2589, 10|2647, 8|2711, 9|2780, 9|3207, 10|3364, 9|4002, com.ted.android, 
6|1, 6|1037, 8|1113, 10|1169, 12|1254, 9|1355, 9|1406, 11|1485, 14|1557, 16|1640, 17|1737, 15|1837, 15|1914, 13|1967, 16|2041, 8|2134, 8|2174, 7|2242, 7|2323, 6|2376, 7|2457, 9|2569, 9|2744, 8|2824, 8|2913, 7|2969, 6|3024, 6|3187, 10|3250, 6|3295, 6|3892, 8|3954, 10|4055, com.antutu.ABenchMark, 
6|1, 6|966, 5|1116, 5|4013, com.whatsapp, 
5|1, 5|1802, 6|1867, 6|1955, 8|2016, 8|2156, 6|2207, 6|2297, 5|2345, 5|3849, 6|3906, 6|4009, com.skype.raider, 
5|1, 5|1312, 8|1381, 8|1439, 11|1548, 11|1634, 12|1696, 12|1791, 13|1852, 13|2010, 9|2123, 12|2268, 11|2346, 11|2439, 13|2507, 13|2566, 20|2942, 22|3029, 23|3154, 23|3218, 25|3287, 25|3342, 21|3396, 19|3441, 20|3486, 19|3539, 19|3793, 13|3836, 13|3902, 15|3955, 14|4049, com.booking, 
5|1, 5|1382, 6|1441, 6|1650, 7|1818, 10|1935, 10|2294, 11|2367, 11|2497, 14|2562, 11|2624, 11|2664, 13|2726, 17|2793, 17|2833, 16|2889, 16|3280, 14|3585, 14|3708, 13|3758, 13|3812, 19|3872, 19|3912, 23|3974, 23|4034, com.paypal.android.p2pmobile, 
5|1, 5|4012, com.google.android.deskclock, 
5|1, 5|1341, 6|1407, 6|4011, com.whatsapp, 
5|1, 5|1425, 6|1511, 6|1676, 7|1764, 7|1913, 9|1964, 10|2027, 13|2116, 11|2185, 10|2252, 10|2421, 8|2462, 8|2507, 7|2566, 7|3293, 6|3360, 6|4037, com.dropbox.android, 
5|1, 5|1397, 7|1484, 9|1553, 8|1647, 9|1727, 9|1950, 5|2036, 7|2147, 6|2250, 6|2729, 7|3113, 8|3295, 9|3514, 10|3864, 10|4127, com.Slack, 
9|1, 9|819, 10|871, 10|969, 9|1027, 9|1494, 10|1551, 10|1993, 11|2059, 11|2156, 10|2221, 10|4014, com.whatsapp, 
9|1, 9|1693, 17|1775, 17|1842, 23|1910, 16|1970, 13|2029, 13|2893, 10|2939, 17|3005, 17|3389, 9|3671, 10|3718, 10|4021, com.instagram.android, 
9|1, 9|4013, com.facebook.katana, 
9|1, 9|1485, 10|1521, 10|1671, 11|1744, 11|1909, 17|2014, 17|2126, 20|2213, 21|2281, 21|2432, 22|2482, 18|2570, 18|2773, 16|2838, 15|2906, 15|3095, 17|3128, 17|3176, 16|3220, 16|3612, 14|3667, 12|3715, 16|3749, 13|3803, 13|3926, 17|3980, 17|4049, com.paypal.android.p2pmobile, 
9|1, 9|2065, 10|2106, 12|2176, 12|2242, 13|2288, 13|2460, 15|2550, 17|2601, 17|2663, 18|2726, 18|2913, 17|2960, 16|3026, 16|3152, 15|3232, 15|3322, 12|3394, 12|3490, 10|3570, 13|3698, 14|3754, 14|3854, 16|3930, 15|4026, com.ebay.mobile, 
13|1, 13|1515, 18|1618, 18|1685, 21|1776, 16|1867, 19|1912, 21|1986, 21|2411, 14|2469, 14|4026, com.instagram.android, 
13|1, 13|1599, 14|1673, 14|1826, 15|1866, 15|1903, 16|1966, 16|2152, 17|2203, 17|2559, 18|2608, 19|2689, 19|2958, 20|3021, 20|3195, 18|3227, 18|3578, 17|3636, 17|4016, com.sometimeswefly.littlealchemy, 
13|1, 13|1469, 14|1577, 14|1652, 16|1735, 16|1885, 17|1968, 17|2058, 14|2113, 14|2317, 16|2407, 15|2462, 15|2624, 16|2855, 16|3190, 15|3236, 16|3357, 16|4266, com.ted.android, 
13|1, 13|1001, 15|1046, 15|1127, 17|1198, 16|1257, 17|1362, 17|1423, 16|1488, 17|1567, 40|1615, 39|1663, 39|1863, 14|1920, 13|1961, 13|4048, com.Slack, 
13|1, 13|1297, 15|1397, 18|1529, 18|1748, 19|1782, 18|1827, 18|2045, 19|2085, 19|2299, 17|2355, 18|2399, 18|2477, 22|2531, 21|2608, 21|2661, 20|2717, 20|2759, 21|2808, 21|2987, 22|3082, 22|4006, com.android.chrome, 
5|1, 5|1549, 8|1741, 8|1865, 9|1923, 9|2003, 10|2049, 10|2083, 12|2138, 11|2187, 12|2222, 13|2301, 14|2359, 15|2405, 15|2446, 14|2515, 14|2576, 15|2624, 16|2691, 17|2743, 17|2829, 16|2887, 17|2922, 18|2976, 18|3172, 19|3248, 19|4027, com.android.chrome, 
6|1, 6|1058, 7|1141, 7|1317, 10|1380, 10|1460, 12|1561, 12|1613, 16|1695, 14|1844, 15|1921, 20|2059, 19|2127, 19|2269, 18|2327, 19|2405, 16|2482, 18|2531, 17|2598, 20|2667, 19|2723, 19|2787, 18|2840, 17|2889, 13|2940, 14|3006, 14|3064, 13|3103, 13|3165, 11|3231, 11|3313, 9|3359, 9|3421, 10|3468, 10|3654, 9|3709, 8|4043, com.cnn.mobile.android.phone, 
4|1, 4|620, 5|672, 5|996, 7|1127, 7|1485, 5|1584, 5|1977, 6|2040, 6|2351, 7|2394, 7|2813, 4|2940, 4|3107, 5|3181, 5|3839, 4|3881, 4|4054, com.tripadvisor.tripadvisor, 
4|1, 4|1088, 6|1144, 6|1235, 7|1305, 7|1362, 11|1457, 13|1562, 11|1606, 11|1703, 13|1788, 15|1849, 14|1955, 15|2023, 16|2085, 15|2158, 15|2259, 14|2337, 14|2574, 13|2638, 14|2711, 14|2791, 15|2850, 15|2891, 17|2960, 16|3015, 19|3053, 19|3100, 18|3166, 19|3221, 17|3267, 18|3323, 18|3388, 16|3424, 16|3475, 14|3529, 14|3586, 13|3627, 14|3691, 14|3758, 15|3805, 15|3932, 14|3973, 12|4041, com.cnn.mobile.android.phone, 
6|1, 5|143, 5|440, 4|474, 4|1704, 5|1756, 5|1924, 6|1995, 7|2033, 7|2216, 9|2270, 9|2685, 10|2745, 10|2904, 8|2965, 8|4028, com.sometimeswefly.littlealchemy, 
6|1, 6|2637, 7|2672, 7|2965, 8|3035, 8|3474, 7|3542, 7|3901, 6|3942, 6|4025, com.tripadvisor.tripadvisor, 
6|1, 6|1219, 9|1315, 9|1439, 12|1487, 12|1565, 13|1671, 13|1723, 14|1849, 10|1953, 10|2038, 11|2173, 12|2242, 12|2334, 13|2417, 14|2504, 14|2573, 15|2689, 19|2963, 20|3034, 21|3095, 21|3200, 17|3254, 15|3299, 16|3337, 16|3398, 11|3443, 11|3875, 15|3927, 12|4021, com.booking, 
6|1, 6|1593, 7|1655, 7|1702, 8|1760, 8|1968, 7|2015, 7|2064, 6|2113, 6|3825, 7|3878, 7|4025, com.skype.raider, 
6|1, 6|1347, 8|1426, 9|1471, 9|1531, 12|1618, 12|1809, 13|1885, 14|1976, 14|2062, 12|2122, 10|2204, 13|2270, 9|2353, 11|2469, 12|2591, 14|2708, 14|2797, 13|2863, 13|2899, 15|2991, 15|3110, 20|3211, 23|3306, 23|3404, 22|3457, 20|3513, 17|3565, 18|3609, 14|3686, 12|3741, 13|3780, 13|3870, 14|3915, 15|4028, com.booking, 
6|1, 6|4044, com.github.shadowsocks, 
6|1, 6|1031, 8|1101, 8|1258, 10|1316, 11|1377, 15|1474, 14|1535, 14|1605, 15|1741, 17|1822, 18|1896, 19|2012, 17|2097, 17|2142, 16|2204, 16|2261, 19|2341, 19|2413, 17|2464, 18|2510, 13|2581, 13|2656, 14|2708, 15|2768, 16|2840, 15|2882, 17|2929, 14|3002, 11|3046, 11|3136, 10|3187, 10|3234, 9|3307, 8|3375, 8|3633, 7|3685, 7|4043, com.cnn.mobile.android.phone, 
8|1, 7|94, 7|486, 6|559, 6|1513, 5|1558, 5|4003, com.facebook.katana, 
5|1, 5|4013, com.facebook.katana, 
5|1, 5|4025, at.DiTronic.androidgroup.randomgallery, 
5|1, 5|1822, 6|1880, 6|2038, 7|2089, 8|2146, 8|2345, 9|2394, 10|2459, 10|2773, 11|2849, 11|3011, 9|3055, 9|4020, com.sometimeswefly.littlealchemy, 
5|1, 5|1705, 6|1768, 6|1977, 7|2050, 7|2128, 8|2193, 8|2271, 9|2332, 10|2380, 10|2664, 11|2728, 11|2771, 10|2854, 10|2978, 9|3047, 10|3103, 10|3194, 9|3293, 9|3363, 7|3417, 7|3492, 12|3676, 13|3800, 14|3850, 14|3904, 15|3943, 16|4047, com.ebay.mobile, 
5|1, 5|2498, 6|2556, 6|2807, 7|2898, 7|3326, 6|3363, 6|3743, 5|3780, 5|4019, com.tripadvisor.tripadvisor, 
5|1, 5|4048, com.github.shadowsocks, 
5|1, 5|4032, at.DiTronic.androidgroup.randomgallery, 
5|1, 5|1776, 9|1921, 9|1975, 8|2023, 9|2083, 11|2154, 12|2194, 12|2287, 13|2337, 12|2373, 13|2445, 13|2583, 14|2640, 15|2702, 15|2749, 16|2782, 16|2887, 15|2930, 16|2977, 17|3033, 17|3194, 18|3285, 18|4040, com.android.chrome, 
5|1, 5|1346, 8|1406, 8|1491, 10|1582, 10|1656, 11|1719, 11|1807, 12|1875, 12|1981, 11|2061, 9|2151, 8|2253, 9|2367, 9|2427, 10|2515, 12|2619, 13|2664, 13|2724, 16|3045, 20|3119, 20|3169, 21|3222, 22|3268, 23|3315, 20|3384, 20|3480, 19|3519, 17|3569, 15|3621, 14|3657, 14|3703, 12|3902, 11|4006, com.booking, 
6|1, 6|938, 7|987, 8|1058, 8|1172, 9|1236, 13|1308, 17|1390, 21|1464, 22|1539, 18|1684, 18|1790, 22|1914, 20|2013, 16|2063, 16|2186, 17|2265, 17|2381, 16|2445, 15|2480, 14|2529, 15|2599, 15|2653, 19|2707, 16|2757, 15|2805, 15|2899, 12|2964, 12|3168, 11|3218, 10|3255, 10|3311, 12|3382, 11|3429, 10|3488, 10|3549, 9|3592, 9|3670, 8|3733, 8|3935, 7|3979, 7|4013, com.cnn.mobile.android.phone, 
9|1, 8|88, 8|374, 7|410, 7|4047, com.github.shadowsocks, 
7|1, 7|1257, 8|1347, 8|4034, com.whatsapp, 
7|1, 7|1619, 8|1662, 13|1732, 15|1808, 19|1864, 13|1933, 15|2002, 15|4074, com.instagram.android, 
7|1, 7|4005, com.google.android.deskclock, 
7|1, 7|1216, 9|1293, 11|1391, 11|1451, 9|1512, 9|1602, 10|1693, 10|1773, 11|1840, 25|1907, 34|1952, 33|2046, 33|2152, 7|2276, 7|2577, 8|3002, 9|3222, 10|3417, 11|3784, 11|4042, com.Slack, 
11|1, 11|1767, 12|1840, 12|2059, 13|2107, 14|2145, 14|2336, 15|2392, 15|2695, 16|2741, 16|2800, 17|2885, 17|3080, 18|3159, 18|3343, 16|3385, 16|3832, 15|3879, 15|4026, com.sometimeswefly.littlealchemy, 
11|1, 11|1651, 12|1740, 14|1816, 15|1871, 15|1977, 16|2044, 16|2095, 20|2195, 20|2492, 19|2573, 21|2658, 18|2737, 18|2813, 14|2863, 15|2930, 15|2996, 16|3060, 16|3118, 18|3203, 19|3283, 19|3490, 18|3557, 16|3638, 13|3932, 13|4030, com.ebay.mobile, 
11|1, 11|972, 12|1075, 12|1215, 15|1334, 18|1420, 20|1485, 19|1603, 22|1682, 22|1773, 20|1896, 22|2008, 19|2080, 18|2138, 18|2189, 20|2237, 20|2301, 18|2379, 19|2427, 19|2470, 17|2550, 18|2610, 18|2704, 19|2753, 19|2809, 18|2844, 18|3070, 19|3117, 18|3176, 18|3215, 22|3298, 20|3365, 18|3426, 18|3464, 16|3517, 17|3575, 17|3658, 18|3729, 16|3811, 17|3868, 16|3927, 17|3992, 16|4041, com.cnn.mobile.android.phone, 
14|1, 14|404, 12|501, 12|834, 11|919, 11|1097, 13|1161, 13|1223, 15|1317, 15|1396, 18|1472, 23|1557, 22|1631, 23|1728, 21|1839, 18|1968, 19|2059, 14|2151, 13|2230, 11|2321, 12|2420, 12|2505, 14|2602, 13|2670, 13|2733, 12|2818, 12|3073, 11|3110, 11|3154, 12|3210, 15|3263, 12|3307, 11|3360, 11|3914, 12|3989, 12|4050, com.antutu.ABenchMark, 
11|1, 11|1765, 12|1816, 12|1999, 13|2056, 14|2111, 14|2300, 15|2341, 16|2379, 16|2764, 17|2812, 17|3011, 15|3072, 15|4018, com.sometimeswefly.littlealchemy, 
15|1, 15|1180, 17|1242, 17|1320, 20|1395, 18|1467, 36|1543, 33|1612, 33|1675, 32|1755, 31|1810, 29|1868, 15|1979, 15|2370, 17|2450, 17|4019, com.Slack, 
15|1, 15|2838, 16|2913, 16|3149, 17|3178, 17|3666, 16|3715, 16|4039, com.tripadvisor.tripadvisor, 
15|1, 15|4005, com.google.android.deskclock, 
15|1, 15|1160, 17|1240, 17|1312, 19|1367, 17|1446, 20|1549, 22|1608, 41|1684, 40|1743, 40|1793, 38|1843, 37|1913, 16|1963, 15|2003, 15|4038, com.Slack, 
14|1, 14|4057, com.google.android.apps.photos, 
13|1, 13|1332, 15|1412, 15|1525, 17|1610, 18|1689, 18|1734, 17|1784, 18|1832, 18|1880, 19|1933, 19|2020, 18|2069, 18|2108, 19|2146, 19|2340, 17|2406, 17|2514, 18|2592, 18|2650, 19|2684, 19|2725, 20|2786, 19|2834, 19|2968, 20|3016, 20|3057, 21|3108, 21|3276, 22|3347, 22|4007, com.android.chrome, 
5|1, 5|1866, 8|1961, 9|2062, 10|2147, 11|2196, 12|2292, 12|2503, 13|2556, 13|2792, 14|2863, 14|2986, 15|3037, 15|3132, 16|3186, 15|3243, 15|3367, 16|3413, 17|3463, 17|3682, 18|3739, 18|4046, com.android.chrome, 
5|1, 5|1503, 6|1561, 6|1648, 8|1721, 8|1802, 9|1934, 6|2034, 6|3341, 7|3489, 7|3626, 9|3666, 8|3743, 9|4138, com.ted.android, 
5|1, 5|1438, 6|1519, 6|1589, 7|1628, 7|1819, 6|1872, 6|1973, 5|2007, 5|3449, 6|3515, 6|3742, 5|3796, 5|4046, com.skype.raider, 
5|1, 5|1538, 6|1608, 6|2173, 10|2261, 10|2318, 12|2423, 15|2497, 14|2535, 12|2590, 12|2724, 9|2791, 7|2868, 7|3163, 6|3211, 6|4042, com.dropbox.android, 
5|1, 5|1280, 6|1351, 6|1782, 8|1857, 8|1916, 9|1991, 14|2093, 14|2265, 16|2321, 16|2401, 17|2478, 17|2732, 16|2801, 16|3215, 15|3247, 15|3323, 12|3384, 12|3625, 10|3664, 12|3723, 12|3836, 10|3881, 10|4023, com.paypal.android.p2pmobile, 
5|1, 5|1258, 8|1346, 8|1435, 11|1515, 11|1602, 12|1684, 12|1812, 13|1934, 13|2005, 11|2060, 9|2146, 11|2272, 11|2359, 15|2444, 16|2574, 21|2948, 23|3037, 22|3126, 23|3188, 23|3223, 21|3273, 18|3329, 19|3382, 18|3425, 15|3495, 15|3566, 13|3629, 14|3878, 14|4002, com.booking, 
5|1, 5|4023, com.google.android.deskclock, 
5|1, 5|4022, at.DiTronic.androidgroup.randomgallery, 
5|1, 5|4036, at.DiTronic.androidgroup.randomgallery, 
5|1, 5|1885, 6|1951, 6|2003, 7|2065, 7|2143, 8|2245, 13|2343, 13|2587, 15|2652, 13|2724, 11|2802, 13|2864, 13|2923, 12|2976, 12|3226, 10|3278, 12|3360, 8|3405, 8|3529, 6|3594, 9|3661, 10|3753, 11|3839, 10|3906, 10|4142, com.ebay.mobile, 
5|1, 5|1722, 6|1783, 7|1845, 7|2035, 6|2073, 6|2162, 5|2209, 5|3659, 6|3716, 6|3904, 5|3963, 5|4019, com.skype.raider, 
5|1, 5|4087, com.facebook.katana, 
5|1, 5|4035, com.google.android.deskclock, 
5|1, 5|4026, com.google.android.apps.photos, 
5|1, 5|4010, com.github.shadowsocks, 
5|1, 5|1131, 7|1204, 7|1268, 10|1349, 11|1474, 8|1540, 9|1612, 11|1691, 14|1765, 15|1841, 14|1942, 14|2065, 10|2163, 15|2260, 9|2360, 9|2411, 8|2491, 7|2575, 6|2669, 7|2729, 7|2805, 8|2899, 8|3099, 7|3151, 7|3340, 9|3409, 9|3456, 8|3513, 8|3565, 7|3599, 7|4055, com.antutu.ABenchMark, 
5|1, 5|4008, com.github.shadowsocks, 
7|1, 7|1538, 8|1615, 10|1739, 11|1802, 11|2023, 8|2088, 8|2189, 10|2292, 10|4255, com.ted.android, 
6|1, 6|1697, 7|1782, 8|1874, 8|2000, 7|2090, 7|2222, 8|2286, 6|2348, 6|2532, 8|2590, 10|2632, 10|2687, 8|2743, 8|2834, 18|2895, 18|3186, 17|3237, 17|4018, com.csst.ecdict, 
5|1, 5|1675, 6|1757, 7|1863, 7|2043, 6|2141, 29|2255, 29|2333, 8|2622, 5|3162, 7|3393, 8|3617, 9|4033, com.Slack, 
9|1, 9|1084, 11|1133, 13|1214, 15|1320, 12|1429, 12|1484, 10|1548, 17|1673, 18|1742, 19|1825, 18|2010, 12|2092, 12|2257, 11|2369, 10|2466, 9|2569, 9|2684, 10|2760, 10|2823, 11|2918, 11|3241, 10|3289, 10|3414, 9|3466, 10|3510, 11|3558, 11|3664, 10|3707, 9|3753, 11|4166, com.antutu.ABenchMark, 
9|1, 9|2312, 10|2475, 16|2601, 21|2740, 21|2845, 23|2996, 25|3093, 24|3169, 24|3470, 23|3559, 20|3629, 18|3697, 18|3811, 16|3850, 16|4017, com.booking, 
9|1, 9|1427, 12|1509, 12|1616, 15|1736, 15|1812, 16|1889, 16|1985, 17|2068, 17|2125, 15|2217, 14|2326, 13|2442, 15|2595, 16|2797, 17|2941, 16|3038, 16|3103, 19|3244, 23|3427, 24|3756, 22|3853, 18|3967, 15|4053, com.booking, 
9|1, 9|2239, 10|2327, 11|2432, 9|2537, 9|2804, 10|2898, 11|3002, 11|3056, 10|3135, 10|3264, 9|3313, 11|3385, 13|3465, 12|3532, 11|3589, 11|3628, 12|3714, 12|4049, com.csst.ecdict, 
9|1, 9|1660, 10|1756, 10|4039, com.whatsapp, 
13|1, 13|4019, com.github.shadowsocks, 
13|1, 13|1493, 14|1609, 14|1711, 17|1821, 17|2004, 14|2133, 17|2237, 16|2339, 16|3532, 19|3820, 19|3919, 16|3971, 16|4022, com.ted.android, 
14|1, 14|4019, com.github.shadowsocks, 
13|1, 13|1678, 14|1719, 16|1776, 16|1953, 14|2010, 14|2105, 13|2139, 13|3715, 14|3787, 13|4046, com.skype.raider, 
13|1, 13|1057, 14|1126, 14|1363, 15|1417, 16|1482, 16|1569, 17|1645, 17|1710, 18|1796, 20|1883, 23|1924, 24|2017, 23|2132, 23|2185, 22|2226, 23|2304, 27|2386, 26|2448, 24|2501, 24|2582, 23|2651, 23|2757, 22|2811, 22|2926, 21|2991, 18|3044, 18|3407, 16|3467, 16|3518, 18|3554, 16|3618, 16|3756, 17|3812, 17|3928, 18|3979, 18|4061, com.cnn.mobile.android.phone, 
15|1, 15|608, 14|664, 14|985, 16|1052, 16|1356, 14|1455, 14|1816, 13|1869, 13|4043, com.google.android.apps.photos, 
13|1, 13|1438, 14|1519, 14|2548, 18|2620, 21|2690, 21|2840, 25|2900, 25|3090, 22|3143, 22|3479, 21|3528, 21|3655, 20|3713, 20|3800, 19|3844, 19|3910, 17|3975, 17|4033, com.paypal.android.p2pmobile, 
13|1, 13|1914, 15|2019, 15|2075, 13|2154, 13|2449, 14|2526, 15|2573, 15|2677, 14|2732, 14|2908, 15|2966, 17|3003, 17|3046, 15|3096, 15|3141, 13|3213, 23|3261, 23|4031, com.csst.ecdict, 
13|1, 13|3070, 14|3137, 14|4060, com.tripadvisor.tripadvisor, 
13|1, 13|1410, 15|1504, 16|1582, 17|1646, 18|1739, 19|1855, 20|1922, 20|1985, 21|2054, 17|2163, 19|2229, 17|2293, 19|2381, 17|2529, 17|2631, 19|2766, 19|2921, 20|2962, 21|3031, 29|3366, 31|3440, 34|3532, 32|3605, 32|3685, 30|3753, 26|3818, 19|3868, 21|3933, 18|3990, 17|4047, com.booking, 
13|1, 13|1491, 14|1543, 14|4012, com.whatsapp, 
9|1, 9|1525, 10|1627, 12|1717, 12|1790, 11|1896, 11|1990, 10|2051, 10|2375, 12|2436, 12|4042, com.ted.android, 
9|1, 9|272, 10|327, 10|1071, 12|1147, 12|1282, 13|1345, 16|1423, 18|1488, 20|1572, 23|1674, 20|1820, 20|1908, 19|1973, 21|2090, 22|2176, 22|2235, 21|2310, 21|2405, 22|2469, 22|2512, 21|2597, 18|2675, 20|2736, 22|2794, 21|2849, 22|2906, 18|2965, 18|3007, 19|3056, 20|3120, 17|3184, 16|3242, 16|3344, 14|3405, 13|3470, 15|3536, 15|3648, 14|3704, 14|3795, 13|3845, 13|3912, 12|3973, 12|4016, com.cnn.mobile.android.phone, 
14|1, 13|128, 13|181, 14|219, 14|548, 13|615, 13|1516, 12|1633, 12|1762, 13|1853, 15|1958, 16|2070, 16|2127, 18|2219, 19|2315, 21|2386, 22|2452, 22|2694, 19|2781, 20|2876, 17|2984, 14|3093, 15|3165, 16|3229, 16|3414, 17|3456, 18|3526, 18|3688, 19|3764, 18|3965, 17|4001, com.ebay.mobile, 
12|1, 12|4025, at.DiTronic.androidgroup.randomgallery, 
12|1, 12|1437, 10|1541, 10|1746, 8|1842, 8|2298, 9|2360, 9|2589, 10|2641, 11|2704, 11|2893, 12|2946, 12|4007, com.google.android.apps.photos, 
12|1, 12|1844, 15|1938, 20|2041, 20|2093, 18|2163, 15|2233, 20|2287, 20|2419, 13|2488, 19|2547, 20|2584, 20|2706, 12|2775, 13|2822, 13|4138, com.instagram.android, 
12|1, 12|1129, 14|1188, 16|1268, 15|1399, 16|1492, 16|1563, 15|1676, 12|1778, 12|4029, com.Slack, 
12|1, 12|2639, 13|2731, 13|2948, 14|3048, 14|3518, 13|3589, 12|4009, com.tripadvisor.tripadvisor, 
12|1, 12|1011, 13|1071, 13|1247, 14|1319, 14|1386, 19|1459, 23|1536, 25|1638, 22|1732, 23|1815, 23|1904, 27|2043, 27|2097, 26|2150, 26|2270, 25|2307, 24|2380, 22|2454, 22|2621, 20|2689, 19|2757, 20|2807, 19|2875, 20|2926, 20|3050, 19|3089, 19|3261, 18|3298, 18|3416, 19|3478, 19|3574, 17|3637, 19|3693, 19|3770, 17|3832, 17|3897, 14|3952, 13|3992, 13|4040, com.cnn.mobile.android.phone, 
15|1, 15|310, 13|400, 14|475, 14|772, 15|875, 15|1189, 14|1249, 14|2041, 13|2092, 13|2139, 12|2194, 12|4045, com.google.android.apps.photos, 
12|1, 12|1386, 13|1477, 13|1849, 15|1900, 15|2137, 20|2222, 20|2407, 21|2459, 21|2746, 20|2807, 23|2867, 23|3057, 22|3106, 22|3143, 20|3180, 20|3402, 18|3450, 28|3521, 27|3568, 31|3611, 31|3770, 30|3840, 30|3883, 31|3941, 31|4001, com.paypal.android.p2pmobile, 
12|1, 12|4008, at.DiTronic.androidgroup.randomgallery, 
11|1, 11|2706, 12|2768, 12|3038, 13|3102, 13|3612, 12|3666, 12|4008, com.tripadvisor.tripadvisor, 
11|1, 11|1375, 12|1449, 12|1695, 13|1780, 13|1846, 17|1905, 18|1967, 20|2039, 18|2112, 18|2320, 16|2391, 13|2445, 13|2663, 12|2708, 12|4022, com.dropbox.android, 
11|1, 11|1140, 13|1197, 13|1316, 14|1375, 15|1467, 18|1541, 22|1632, 21|1742, 22|1867, 22|2067, 26|2140, 25|2208, 25|2339, 24|2422, 26|2499, 25|2592, 22|2633, 20|2696, 22|2779, 20|2835, 19|2877, 21|2927, 20|3006, 20|3062, 22|3122, 19|3163, 18|3215, 17|3273, 17|3373, 15|3419, 16|3480, 15|3552, 15|3615, 14|3664, 13|3723, 14|3777, 13|3833, 12|3888, 12|4058, com.cnn.mobile.android.phone, 
13|1, 14|306, 14|435, 12|485, 13|568, 13|843, 12|1024, 12|1830, 11|1895, 11|4005, com.google.android.apps.photos, 
11|1, 11|4002, com.google.android.deskclock, 
11|1, 11|1192, 10|1242, 10|1585, 11|1676, 13|1759, 13|1871, 14|1970, 14|2160, 12|2232, 12|2343, 14|2388, 13|2475, 13|4051, com.ted.android, 
11|1, 11|1477, 12|1572, 12|1679, 13|1726, 13|1913, 15|1958, 17|2038, 18|2191, 17|2251, 17|2412, 16|2467, 13|2502, 13|2733, 12|2776, 12|4044, com.dropbox.android, 
11|1, 11|4001, com.google.android.apps.photos, 
11|1, 11|1490, 12|1559, 12|2031, 13|2095, 14|2193, 14|2310, 19|2409, 19|2566, 21|2672, 22|2767, 23|2837, 23|3295, 22|3335, 22|3375, 19|3431, 19|3675, 18|3740, 18|3785, 14|3826, 14|3886, 15|3939, 15|4004, com.paypal.android.p2pmobile, 
11|1, 11|2705, 12|2784, 12|4037, com.tripadvisor.tripadvisor, 
11|1, 11|2616, 12|2686, 12|2968, 13|3088, 13|3710, 12|3770, 12|4029, com.tripadvisor.tripadvisor, 
11|1, 11|1470, 13|1659, 15|1713, 16|1778, 15|1834, 15|1885, 16|1930, 17|1977, 17|2142, 16|2192, 17|2230, 17|2498, 15|2563, 16|2656, 17|2729, 18|2781, 18|2836, 17|2900, 18|2966, 19|3016, 19|3256, 20|3322, 20|4003, com.android.chrome, 
7|1, 7|1573, 10|1691, 10|1826, 11|1938, 12|2019, 13|2065, 14|2103, 14|2263, 15|2321, 14|2358, 15|2418, 15|2654, 16|2714, 16|2834, 17|2891, 18|2952, 17|3038, 17|3145, 18|3188, 19|3256, 19|3460, 20|3510, 20|4045, com.android.chrome, 
7|1, 7|1872, 9|2015, 7|2134, 8|2182, 9|2248, 8|2315, 8|2380, 9|2422, 8|2471, 8|2579, 7|2633, 9|2684, 11|2746, 9|2811, 9|2865, 7|2927, 7|4002, com.csst.ecdict, 
7|1, 7|4015, com.tripadvisor.tripadvisor, 
7|1, 7|1141, 11|1234, 13|1325, 13|1428, 12|1506, 16|1586, 15|1655, 17|1817, 23|1903, 24|1995, 19|2126, 18|2189, 17|2270, 19|2345, 13|2415, 11|2509, 12|2589, 9|2740, 9|2898, 10|3003, 10|3091, 9|3157, 8|3219, 9|3296, 8|3358, 8|3394, 7|3586, 7|3669, 10|3733, 12|3789, 8|3827, 7|3884, 8|4019, com.antutu.ABenchMark, 
7|1, 7|1413, 9|1565, 9|1727, 10|1794, 11|1857, 14|1978, 14|2166, 16|2245, 15|2320, 16|2370, 16|2465, 15|2550, 12|2764, 11|2831, 10|2924, 13|3028, 14|3078, 14|3139, 12|3220, 14|3320, 14|3386, 12|3436, 12|3506, 11|3577, 11|3706, 10|3884, 10|4046, com.ebay.mobile, 
7|1, 7|4048, com.google.android.deskclock, 
7|1, 7|1617, 8|1702, 8|2039, 11|2128, 11|2203, 13|2332, 17|2402, 13|2522, 13|2601, 11|2667, 11|2721, 9|2786, 9|2861, 8|2933, 8|4016, com.dropbox.android, 
7|1, 7|2163, 8|2319, 8|2599, 9|2787, 13|2927, 13|3320, 12|3472, 11|3573, 11|3708, 9|3865, 12|3949, 12|4022, com.ebay.mobile, 
7|1, 7|2273, 8|2338, 10|2428, 9|2521, 7|2620, 7|2744, 6|2831, 6|4125, com.skype.raider, 
5|1, 5|1447, 6|1634, 6|2111, 10|2209, 10|2300, 14|2433, 14|2662, 15|2766, 13|2835, 13|2956, 16|3124, 19|3300, 19|3400, 18|3472, 20|3568, 22|3691, 27|3786, 23|3965, 23|4069, com.booking, 
5|1, 5|2541, 6|2683, 7|2835, 5|2917, 5|3258, 7|3353, 5|3420, 7|3502, 6|3588, 6|3666, 5|3736, 6|3789, 9|3885, 7|3971, 7|4048, com.csst.ecdict, 
7|1, 7|2167, 9|2276, 7|2354, 7|2673, 8|2732, 10|2807, 7|2876, 7|3075, 8|3144, 11|3214, 11|3262, 9|3335, 9|3408, 20|3485, 20|4001, com.csst.ecdict, 
7|1, 7|1821, 9|1923, 9|2012, 7|2054, 7|2285, 8|2324, 9|2387, 7|2457, 8|2516, 7|2561, 7|2652, 6|2709, 8|2768, 8|2805, 10|2875, 8|2930, 8|2981, 15|3056, 15|4007, com.csst.ecdict, 
5|1, 5|1300, 7|1401, 8|1489, 9|1554, 7|1632, 7|1725, 8|1817, 9|1913, 9|1993, 35|2059, 50|2178, 24|2258, 17|2397, 6|2861, 6|3201, 8|3399, 9|3712, 9|4005, com.Slack, 
9|1, 9|1862, 14|1963, 17|2037, 17|2091, 23|2157, 15|2229, 17|2280, 17|2429, 12|2492, 17|2533, 17|2692, 10|2757, 10|3378, 9|3435, 9|4014, com.instagram.android, 
9|1, 9|4016, com.facebook.katana, 
9|1, 9|1173, 11|1270, 13|1336, 11|1403, 12|1479, 13|1557, 13|1627, 12|1680, 11|1746, 9|1812, 9|4034, com.Slack, 
9|1, 9|730, 10|784, 10|925, 9|977, 9|1273, 11|1444, 14|1523, 14|1716, 16|1821, 16|1901, 14|1964, 14|2017, 15|2059, 15|2214, 14|2307, 14|2634, 15|2689, 15|2744, 16|2786, 16|2882, 18|2941, 19|2994, 19|3035, 18|3111, 18|3196, 19|3271, 19|4005, com.android.chrome, 
5|1, 5|1857, 6|1895, 6|1948, 7|2008, 7|2141, 6|2196, 6|2297, 5|2336, 5|3887, 6|3953, 6|4007, com.skype.raider, 
5|1, 5|875, 6|1001, 6|1416, 7|1484, 7|1578, 9|1677, 9|1748, 10|1838, 10|1931, 7|2026, 7|2154, 8|2235, 9|2305, 9|4052, com.ted.android, 
5|1, 5|1600, 6|1663, 6|1708, 7|1767, 7|1927, 6|1978, 6|2088, 5|2141, 5|3780, 6|3851, 6|4041, com.skype.raider, 
5|1, 5|4046, com.google.android.apps.photos, 
5|1, 5|4005, com.github.shadowsocks, 
5|1, 5|1699, 6|1768, 6|2239, 8|2317, 8|2454, 11|2530, 13|2621, 13|2974, 14|3015, 14|3128, 11|3204, 13|3253, 13|3550, 15|3611, 14|3670, 14|3724, 12|3759, 12|3804, 11|3864, 11|4025, com.paypal.android.p2pmobile, 
5|1, 5|4003, at.DiTronic.androidgroup.randomgallery, 
5|1, 5|1291, 6|1379, 6|1661, 7|1733, 7|1859, 12|1945, 14|2017, 14|2091, 12|2191, 9|2249, 9|2388, 7|2454, 7|2802, 6|2843, 6|4010, com.dropbox.android, 
5|1, 5|4035, com.google.android.deskclock, 
5|1, 5|1409, 6|1485, 6|2047, 9|2129, 9|2194, 12|2273, 12|2454, 17|2522, 17|2703, 14|2751, 14|2805, 12|2882, 12|3118, 14|3170, 13|3208, 13|3240, 12|3298, 12|3685, 8|3720, 8|3772, 11|3843, 13|4058, com.paypal.android.p2pmobile, 
5|1, 5|4023, at.DiTronic.androidgroup.randomgallery, 
5|1, 5|1749, 6|1826, 7|1890, 7|2048, 6|2108, 6|2202, 5|2241, 5|3829, 6|3897, 6|4002, com.skype.raider, 
5|1, 5|2041, 6|2101, 8|2161, 8|2316, 6|2375, 6|2526, 5|2589, 5|4012, com.skype.raider, 
5|1, 5|1262, 7|1346, 11|1447, 9|1575, 8|1632, 8|1726, 11|1838, 14|1934, 13|2033, 15|2146, 16|2261, 9|2395, 9|2467, 13|2557, 8|2676, 7|2833, 7|2957, 8|3037, 9|3123, 8|3220, 8|3344, 7|3412, 7|3596, 6|3652, 6|3713, 10|3789, 6|3839, 6|4001, com.antutu.ABenchMark, 
6|1, 6|4031, com.google.android.apps.photos, 
6|1, 6|2228, 7|2318, 9|2382, 9|2500, 10|2634, 10|2724, 13|2803, 13|2991, 12|3125, 12|3229, 13|3309, 9|3395, 12|3518, 13|3648, 14|3741, 15|3823, 14|3946, 13|4062, com.ebay.mobile, 
6|1, 6|1950, 11|2069, 12|2136, 11|2264, 7|2362, 14|2449, 14|2556, 11|2638, 14|2733, 14|2799, 10|2854, 7|2910, 7|4011, com.instagram.android, 
6|1, 6|1787, 7|1872, 10|1966, 15|2040, 16|2125, 8|2224, 14|2319, 14|2431, 13|2494, 14|2585, 14|2710, 6|2769, 7|2845, 7|3753, 6|3819, 6|4028, com.instagram.android, 
6|1, 6|1675, 10|1790, 12|1960, 9|2116, 11|2261, 15|2413, 11|2608, 11|2794, 9|2963, 13|3074, 8|3262, 6|3383, 6|3735, 8|3878, 8|4002, com.antutu.ABenchMark, 
6|1, 6|2088, 7|2347, 7|2853, 12|2991, 12|3111, 14|3302, 14|3490, 15|3595, 18|3710, 19|3849, 15|4007, com.paypal.android.p2pmobile, 
6|1, 6|4034, com.facebook.katana, 
6|1, 6|4013, com.github.shadowsocks, 
6|1, 6|4036, com.facebook.katana, 
6|1, 6|1784, 7|1906, 7|2019, 8|2099, 8|2228, 9|2352, 12|2459, 14|2529, 11|2615, 11|2782, 10|2849, 9|2898, 8|2962, 8|3245, 7|3336, 7|4005, com.dropbox.android, 
6|1, 6|1096, 7|1175, 7|1634, 8|1704, 8|1761, 10|1881, 10|1995, 11|2090, 12|2179, 9|2271, 9|4077, com.ted.android, 
6|1, 6|4013, com.google.android.deskclock, 
6|1, 6|1879, 7|1994, 8|2062, 6|2115, 6|2345, 7|2412, 7|2476, 6|2535, 8|2576, 7|2617, 7|2715, 6|2770, 6|2814, 8|2855, 10|2916, 10|2962, 8|3018, 8|3093, 18|3161, 18|4018, com.csst.ecdict, 
6|1, 6|1713, 11|1806, 12|1883, 14|1949, 15|2009, 12|2085, 12|2150, 14|2211, 14|2552, 6|2624, 7|2697, 7|3669, 6|3727, 6|4043, com.instagram.android, 
6|1, 6|1634, 7|1713, 7|2134, 8|2208, 10|2295, 10|2440, 11|2510, 11|2667, 10|2770, 9|2868, 10|2934, 10|3005, 9|3081, 9|3159, 10|3215, 10|3289, 12|3378, 13|3477, 12|3558, 13|3612, 15|3778, 15|4008, com.ebay.mobile, 
5|1, 5|1769, 10|1824, 13|1893, 18|1995, 14|2080, 14|2142, 13|2205, 13|2331, 6|2401, 13|2459, 13|2564, 12|2635, 6|2704, 6|4023, com.instagram.android, 
5|1, 5|4061, com.facebook.katana, 
5|1, 5|2092, 6|2217, 6|2532, 7|2669, 8|2763, 9|2843, 9|2905, 10|2997, 10|3207, 11|3295, 10|3402, 11|3488, 10|3570, 10|3776, 12|3878, 13|3965, 13|4036, com.ebay.mobile, 
5|1, 5|4023, com.facebook.katana, 
5|1, 5|1574, 7|1734, 9|1918, 10|2060, 11|2192, 15|2344, 12|2484, 12|2682, 10|2837, 8|3009, 6|3228, 6|3334, 5|3465, 6|3573, 7|3722, 6|4001, com.antutu.ABenchMark, 
5|1, 5|4066, com.facebook.katana, 
5|1, 5|1778, 6|1981, 6|2299, 8|2515, 11|2693, 10|2934, 8|3101, 7|3260, 6|3438, 6|4111, com.dropbox.android, 
5|1, 5|2728, 13|2835, 18|2984, 11|3127, 11|4002, com.instagram.android, 
5|1, 5|1091, 6|1238, 6|1496, 7|1639, 7|1767, 10|1889, 10|2253, 8|2376, 8|2479, 7|2616, 6|2760, 6|4253, com.dropbox.android, 
5|1, 5|1334, 6|1463, 6|1575, 7|1681, 7|1801, 9|1911, 9|2332, 8|2471, 8|3198, 9|3288, 8|4166, com.dropbox.android, 
