45235394|1, 45235394|1285, 45235652|1429, 45236603|1548, 45237352|1633, 45237539|1718, 45237599|1761, 45237599|1816, 45237854|1902, 45237854|1954, 45237914|2002, 45237914|2058, 45237974|2107, 45237974|2233, 45238106|2306, 45238212|2377, 45239019|2452, 45239175|2531, 45239291|2589, 45239291|2634, 45239343|2716, 45239463|2770, 45239463|2817, 45239523|2859, 45239523|2900, 45239949|2986, 45240009|3062, 45240069|3123, 45241587|3175, 45243728|3245, 45243861|3305, 45245444|3354, 45247432|3402, 45247432|3454, 45247565|3510, 45247565|3741, 45247625|3793, 45247685|4027, com.android.chrome, 
45252089|1, 45252089|1021, 45252581|1088, 45253405|1176, 45255453|1264, 45255573|1339, 45255573|1411, 45256219|1468, 45257469|1550, 45258021|1604, 45259490|1671, 45261160|1728, 45262156|1861, 45264420|1969, 45265579|2034, 45266311|2137, 45266411|2221, 45266791|2316, 45266791|2397, 45266957|2541, 45268036|2661, 45268116|2741, 45268116|3220, 45268177|3259, 45268238|3321, 45268389|3371, 45269073|4009, com.antutu.ABenchMark, 
45282994|1, 45282994|1081, 45283059|1198, 45283248|1320, 45283248|4016, com.whatsapp, 
45283248|1, 45283248|941, 45283368|1016, 45283890|1074, 45285066|1194, 45286236|1289, 45286236|1378, 45286932|1458, 45287452|1528, 45287452|1575, 45288716|1694, 45289274|1801, 45291098|1902, 45291138|1984, 45292113|2076, 45292279|2180, 45293148|2253, 45293927|2380, 45293967|2459, 45294468|2515, 45294969|2615, 45295009|2668, 45295009|2747, 45295550|2830, 45295870|2897, 45295990|2947, 45296156|3019, 45296658|3061, 45296736|3118, 45296887|3173, 45296927|3240, 45297428|4005, com.antutu.ABenchMark, 
45309114|1, 45309114|512, 45309192|596, 45309192|918, 45309302|1014, 45309302|1123, 45309532|1224, 45310960|1371, 45312317|1542, 45312407|1604, 45312407|1644, 45312828|1698, 45313066|1749, 45313170|1841, 45313222|1947, 45313274|2037, 45313274|2303, 45378886|2729, 45379154|2965, 45379154|3172, 45379214|3518, 45379274|4031, com.Slack, 
45382503|1, 45382503|1321, 45382862|1500, 45383971|1575, 45384720|1649, 45384907|1693, 45384907|1813, 45384967|1872, 45384967|2098, 45385027|2154, 45385027|2430, 45385093|2471, 45385265|2545, 45385451|2600, 45386072|2657, 45386072|2696, 45386280|2742, 45386396|2810, 45386651|2875, 45386703|2932, 45386879|2978, 45386941|3057, 45386941|3099, 45387061|3157, 45387061|3323, 45387121|3371, 45387121|3436, 45388639|3484, 45390779|3564, 45390779|3606, 45392495|3657, 45392495|3699, 45392559|3739, 45394483|3792, 45394616|3836, 45394616|4016, com.android.chrome, 
45395580|1, 45395580|1943, 45396108|2072, 45397112|2147, 45398850|2206, 45398850|2522, 45399320|2575, 45399548|2624, 45399600|2672, 45404505|2737, 45404505|3174, 45404565|3217, 45405211|3256, 45408487|3311, 45411290|3360, 45411342|3396, 45411394|3445, 45411394|3498, 45412798|3550, 45414774|3631, 45414774|4021, com.csst.ecdict, 
45415086|1, 45415086|4007, at.DiTronic.androidgroup.randomgallery, 
45417966|1, 45417966|1052, 45418032|1130, 45418032|1188, 45418097|1257, 45418228|1353, 45418228|1516, 45418291|1570, 45418291|1692, 45418354|1752, 45418354|1857, 45418414|1920, 45418414|2006, 45418678|2075, 45418678|2165, 45418742|2216, 45419076|2259, 45419076|2403, 45419626|2472, 45419626|2506, 45419744|2565, 45419816|2610, 45420076|2650, 45420148|2708, 45420208|2757, 45420208|2802, 45420312|2875, 45420603|2940, 45420603|3069, 45421077|3131, 45421077|3213, 45421694|3296, 45421942|3380, 45421942|3512, 45423410|3590, 45423744|3659, 45424089|3700, 45425568|3835, 45426246|3925, 45426814|3988, 45427159|4040, com.cnn.mobile.android.phone, 
45446925|1, 45446925|1583, 45447453|1662, 45448509|1730, 45448737|1811, 45448737|1956, 45449136|2003, 45449136|2069, 45449480|2116, 45449742|2164, 45449742|2220, 45449989|2258, 45449989|2304, 45450183|2363, 45450183|2488, 45450596|2537, 45456970|2622, 45456970|2675, 45457074|2741, 45457074|2784, 45458478|2836, 45460402|2899, 45460402|4023, com.csst.ecdict, 
45460762|1, 45460762|4011, com.google.android.deskclock, 
45460762|1, 45460762|1099, 45460826|1158, 45460826|1259, 45461142|1343, 45461142|1515, 45461204|1590, 45461264|1703, 45461264|1892, 45461544|1975, 45461544|2188, 45461878|2245, 45461878|2317, 45461938|2372, 45461938|2449, 45462229|2501, 45462281|2537, 45462281|2650, 45462423|2697, 45462423|2909, 45462570|2967, 45462570|3157, 45462622|3202, 45462684|3279, 45462684|4021, com.ted.android, 
45464687|1, 45464687|1290, 45464873|1358, 45464873|1535, 45465350|1602, 45465350|1747, 45465474|1795, 45465594|1851, 45465876|1928, 45465876|1992, 45466084|2059, 45466144|2138, 45466144|2344, 45466652|2427, 45466652|2484, 45466872|2548, 45466996|2597, 45466996|2799, 45468990|2861, 45468990|2898, 45469272|2948, 45471385|2987, 45471501|3034, 45472077|3098, 45472077|3137, 45473283|3184, 45473283|3232, 45473543|3265, 45475995|3316, 45475995|3495, 45476047|3535, 45476099|3585, 45476099|3668, 45476255|3735, 45476359|3798, 45476359|3891, 45476887|3950, 45476887|4032, com.paypal.android.p2pmobile, 
45482283|1, 45482283|1811, 45482343|1852, 45482343|2054, 45482403|2097, 45482403|2799, 45482463|2848, 45482463|3068, 45482523|3116, 45482523|4010, com.sometimeswefly.littlealchemy, 
45484176|1, 45484176|1967, 45484236|2033, 45484236|2262, 45484296|2318, 45484296|3025, 45484356|3084, 45484356|3264, 45484416|3314, 45484416|4038, com.sometimeswefly.littlealchemy, 
45484596|1, 45484596|2121, 45484656|2170, 45484656|2344, 45484716|2396, 45484716|3074, 45484776|3141, 45484776|3352, 45484836|3402, 45484836|4037, com.sometimeswefly.littlealchemy, 
45486409|1, 45486409|4012, com.github.shadowsocks, 
45486669|1, 45486669|1091, 45486733|1137, 45486733|1262, 45486869|1334, 45486869|1535, 45486921|1603, 45486921|1717, 45487057|1785, 45487057|1918, 45487357|1999, 45489784|2176, 45490000|2264, 45491612|2351, 45493406|2433, 45497047|2528, 45497433|2680, 45500827|2757, 45503264|2901, 45508431|3164, 45509027|3224, 45509027|3273, 45510968|3326, 45511251|3397, 45511423|3447, 45511423|3582, 45511993|3656, 45513215|3740, 45514610|4086, com.booking, 
45517914|1, 45517914|1371, 45517966|1410, 45517966|1604, 45518027|1676, 45518027|1919, 45518087|1964, 45518087|2150, 45518147|2203, 45518147|2909, 45518207|2955, 45518207|3169, 45518267|3204, 45518267|4012, com.sometimeswefly.littlealchemy, 
45519810|1, 45519810|1899, 45519870|1946, 45519870|2181, 45519930|2240, 45519930|2895, 45519990|2968, 45519990|3182, 45520050|3233, 45520050|4045, com.sometimeswefly.littlealchemy, 
45520282|1, 45520282|4035, com.google.android.apps.photos, 
45520282|1, 45520282|1417, 45520347|1491, 45520409|1539, 45520409|4005, com.whatsapp, 
45520461|1, 45520461|4015, com.whatsapp, 
45520461|1, 45520461|4018, at.DiTronic.androidgroup.randomgallery, 
45523710|1, 45523710|1307, 45523775|1365, 45523775|4041, com.whatsapp, 
45523775|1, 45523775|881, 45523839|963, 45523839|1591, 45523899|1650, 45523899|2580, 45523959|2638, 45524211|2697, 45524211|2818, 45524491|2870, 45524491|3142, 45524825|3307, 45524825|3403, 45525116|3446, 45525168|3487, 45525168|3655, 45525228|3704, 45525228|3741, 45525370|3943, 45525370|4038, com.ted.android, 
45527765|1, 45527817|67, 45527817|970, 45528002|1034, 45528764|1114, 45528948|1171, 45530874|1252, 45530994|1346, 45530994|1405, 45532476|1489, 45533794|1572, 45535607|1643, 45537387|1766, 45537427|1831, 45538013|1911, 45538382|1957, 45538620|2050, 45538700|2121, 45538700|2310, 45538760|2379, 45539641|2497, 45540182|2560, 45541471|2659, 45541551|2744, 45541551|3118, 45541673|3195, 45541673|3879, 45542069|3965, 45543225|4075, com.antutu.ABenchMark, 
45557407|1, 45557407|1277, 45557472|1397, 45557472|4035, com.whatsapp, 
45557602|1, 45557602|1799, 45557726|1854, 45557726|3790, 45557864|3850, 45557924|3888, 45558198|3944, 45558198|4023, com.skype.raider, 
45558318|1, 45558318|1048, 45558382|1112, 45558382|1243, 45558502|1313, 45558562|1369, 45559423|1439, 45559735|1560, 45560206|1623, 45560414|1700, 45564329|1796, 45564497|1850, 45564613|1940, 45565692|2004, 45566056|2130, 45566116|2265, 45566168|2357, 45566288|2441, 45566575|2498, 45567597|2598, 45573372|2937, 45574230|3031, 45578697|3153, 45579093|3218, 45579093|3286, 45579173|3328, 45579173|3430, 45581166|3478, 45581166|3532, 45581226|3580, 45581286|3614, 45581286|3655, 45581943|3780, 45582183|3833, 45582506|3893, 45583000|3941, 45583040|3982, 45583040|4038, com.booking, 
45585143|1, 45585143|1311, 45585203|1353, 45585203|1558, 45585553|1650, 45586116|1833, 45586116|1911, 45586294|2002, 45586294|2201, 45587562|2278, 45587643|2361, 45587767|2432, 45587947|2470, 45587999|2546, 45588845|2597, 45588845|2641, 45589469|2714, 45589529|2765, 45589529|3210, 45594844|3518, 45594844|3564, 45594908|3620, 45595180|3689, 45596415|3737, 45596415|3793, 45597503|3844, 45597503|3893, 45597951|3955, 45597951|4004, com.paypal.android.p2pmobile, 
45604669|1, 45604669|4043, com.google.android.deskclock, 
45604669|1, 45604669|4011, com.whatsapp, 
45604669|1, 45604669|1306, 45604855|1385, 45604855|1573, 45605260|1653, 45605320|1711, 45605320|1815, 45605632|1860, 45605760|1925, 45605938|1988, 45605938|2468, 45606116|2526, 45606116|2682, 45607384|2753, 45607384|3192, 45607436|3251, 45607436|4054, com.dropbox.android, 
45607931|1, 45607931|1181, 45608151|1261, 45608151|1328, 45608271|1379, 45608885|1467, 45609553|1547, 45610561|1643, 45611230|1718, 45612161|1778, 45612161|1889, 45612213|1934, 45612265|2057, 45612369|2146, 45612421|2270, 45612421|2526, 45612551|2836, 45612681|3158, 45612741|3345, 45612801|3689, 45612801|4004, com.Slack, 
45613437|1, 45613437|1023, 45613496|1100, 45613496|1173, 45613609|1219, 45613609|1474, 45613674|1522, 45613674|4030, com.whatsapp, 
45613794|1, 45613794|1681, 45613920|1777, 45613980|1842, 45614340|1908, 45614400|1962, 45614400|2805, 45614460|2843, 45614460|2877, 45614520|2943, 45614520|4020, com.instagram.android, 
45614703|1, 45614703|4039, com.facebook.katana, 
45614703|1, 45614703|1415, 45614763|1463, 45614763|1611, 45614823|1651, 45615106|1730, 45615106|1794, 45615393|1837, 45615513|1910, 45616263|1993, 45616775|2055, 45617243|2127, 45617533|2210, 45618750|2277, 45619342|2359, 45619342|2413, 45619550|2486, 45619735|2563, 45619735|3029, 45621731|3071, 45621731|3159, 45625102|3205, 45625102|3401, 45626389|3462, 45626597|3520, 45626597|3690, 45626805|3736, 45626805|3795, 45626961|3868, 45626961|3909, 45627657|3990, 45629263|4184, com.paypal.android.p2pmobile, 
45632668|1, 45632668|1579, 45632794|1644, 45632858|1688, 45632918|1747, 45632918|1882, 45632982|1962, 45633232|2017, 45633296|2068, 45633416|2135, 45633416|2193, 45633476|2249, 45634328|2324, 45634328|2371, 45634646|2437, 45634914|2506, 45635626|2563, 45635976|2628, 45636562|2682, 45637227|2735, 45638790|2806, 45640088|2868, 45640140|2927, 45640804|2986, 45640804|3040, 45641351|3119, 45641403|3191, 45643375|3234, 45643375|3290, 45643713|3360, 45643713|3403, 45643952|3455, 45644554|3611, 45644554|3657, 45645235|3713, 45645529|3763, 45645529|3806, 45649386|3890, 45649902|3939, 45650165|3981, 45651864|4052, com.ebay.mobile, 
45664364|1, 45664364|1512, 45664427|1614, 45664487|1689, 45664787|1789, 45664967|1855, 45664967|1895, 45665027|1996, 45665027|4006, com.instagram.android, 
45665147|1, 45665147|1377, 45665208|1446, 45665208|1691, 45665268|1744, 45665268|1911, 45665391|1988, 45665391|2212, 45665454|2279, 45665454|2733, 45665514|2791, 45665514|2937, 45665574|2979, 45665574|4029, com.sometimeswefly.littlealchemy, 
45667330|1, 45667330|1049, 45667394|1115, 45667394|1471, 45667518|1578, 45667518|1644, 45667579|1727, 45667579|1791, 45667639|1879, 45667639|2328, 45667919|2393, 45667919|2605, 45668253|2838, 45668604|2920, 45668656|2977, 45668656|3122, 45668858|3171, 45669005|4242, com.ted.android, 
45671116|1, 45671116|984, 45671236|1036, 45672096|1125, 45672643|1196, 45673732|1253, 45674141|1357, 45675176|1426, 45675288|1494, 45675969|1560, 45688801|1598, 45740879|1668, 45740879|1853, 45741035|1908, 45741087|1942, 45741087|4038, com.Slack, 
45741191|1, 45741191|1204, 45741439|1285, 45741439|1414, 45743295|1529, 45743482|1572, 45743482|1748, 45743542|1803, 45743542|1978, 45743602|2012, 45743602|2209, 45743840|2280, 45743840|2327, 45744647|2383, 45744647|2459, 45745114|2520, 45745114|2582, 45745166|2643, 45745166|2732, 45745286|2786, 45745286|2913, 45745584|3002, 45745644|3067, 45747162|3150, 45747162|3205, 45749302|3258, 45749379|3295, 45751018|3370, 45753006|3426, 45753006|3471, 45753139|3534, 45753139|3718, 45753199|3759, 45753259|4031, com.android.chrome, 
45756605|1, 45756605|147, 45756665|195, 45756665|1371, 45756729|1558, 45757391|1743, 45758400|1827, 45759180|1906, 45759180|2049, 45759300|2098, 45759300|2141, 45759360|2179, 45759563|2267, 45759623|2321, 45759683|2362, 45759683|2408, 45759921|2488, 45760107|2537, 45760728|2596, 45760728|2658, 45761052|2699, 45761052|2800, 45761104|2844, 45761104|2886, 45761164|2950, 45761164|3037, 45761284|3088, 45761526|3138, 45761770|3221, 45761830|3293, 45761890|3344, 45761890|3383, 45763408|3453, 45765548|3514, 45765625|3549, 45767264|3607, 45769252|3665, 45769252|3701, 45769385|3748, 45769385|3875, 45769445|3938, 45769445|4034, com.android.chrome, 
45770717|1, 45770717|1052, 45770965|1113, 45770965|1189, 45771246|1246, 45771424|1293, 45772660|1362, 45772999|1444, 45773836|1536, 45774400|1590, 45776141|1690, 45776894|1846, 45777519|1916, 45778790|2054, 45779022|2104, 45779699|2186, 45781755|2245, 45782147|2306, 45782942|2390, 45785127|2455, 45785513|2511, 45787668|2586, 45788362|2657, 45790161|2698, 45790425|2767, 45790609|2822, 45791663|2866, 45792973|2923, 45793411|2987, 45793411|3080, 45794329|3149, 45795396|3208, 45795396|3285, 45795708|3341, 45796856|3398, 45797034|3437, 45797034|3480, 45797138|3539, 45798338|3591, 45799507|3629, 45799507|3734, 45799559|3772, 45799559|4032, com.cnn.mobile.android.phone, 
45812073|1, 45812073|1381, 45812138|1490, 45812202|1547, 45812202|1670, 45812266|1712, 45812266|1857, 45812331|1902, 45812331|1944, 45812391|2020, 45812391|2071, 45812678|2107, 45812726|2189, 45812934|2273, 45812934|2318, 45817390|2358, 45817390|2447, 45818658|2482, 45818658|2710, 45818814|2801, 45818814|3076, 45819939|3143, 45819939|3348, 45819991|3424, 45821270|3495, 45821270|3665, 45821322|3733, 45821322|4039, com.tripadvisor.tripadvisor, 
45821454|1, 45821454|1075, 45821574|1129, 45821574|1177, 45821855|1232, 45821915|1292, 45823411|1375, 45823471|1459, 45824084|1549, 45824367|1626, 45824367|1778, 45825632|1850, 45826415|1962, 45826535|2012, 45828515|2084, 45829146|2154, 45829146|2192, 45830530|2267, 45830590|2334, 45830746|2376, 45832563|2496, 45832563|2576, 45833093|2625, 45834099|2713, 45834151|2795, 45834435|2833, 45835490|2894, 45835538|2949, 45835918|3001, 45835918|3087, 45838328|3155, 45838380|3207, 45838432|3255, 45839097|3323, 45841413|3371, 45841477|3408, 45841477|3467, 45842531|3525, 45843583|3570, 45843647|3627, 45843763|3694, 45843763|3741, 45844956|3804, 45845250|3878, 45845250|3916, 45845370|3977, 45845422|4038, com.cnn.mobile.android.phone, 
45855373|1, 45855373|1623, 45855434|1659, 45855434|1954, 45855494|1988, 45855494|2177, 45855554|2237, 45855554|2926, 45855614|2975, 45855614|3193, 45855674|3258, 45855722|3308, 45855722|4037, com.sometimeswefly.littlealchemy, 
45857613|1, 45857613|2610, 45857673|2659, 45857673|2755, 45857960|2801, 45857960|2881, 45858116|2957, 45858294|3013, 45858294|3074, 45859419|3143, 45859419|3401, 45859471|3455, 45860750|3532, 45860750|3685, 45860802|3735, 45860802|4009, com.tripadvisor.tripadvisor, 
45860934|1, 45860934|958, 45860998|1053, 45860998|1205, 45862175|1353, 45862383|1415, 45862487|1481, 45862958|1586, 45866643|1649, 45866956|1723, 45868151|1865, 45868151|1944, 45868255|2034, 45868645|2167, 45868745|2231, 45869278|2323, 45870349|2419, 45870486|2491, 45871725|2563, 45872913|2674, 45879438|2952, 45881161|3021, 45881161|3069, 45883102|3117, 45883142|3182, 45883194|3235, 45883194|3270, 45883246|3325, 45883246|3850, 45883911|3944, 45884994|4004, com.booking, 
45887576|1, 45887576|1587, 45887700|1639, 45887700|3814, 45887898|3859, 45888132|3905, 45888172|3962, 45888172|4017, com.skype.raider, 
45888524|1, 45888524|1045, 45888588|1128, 45888588|1316, 45888768|1394, 45888768|1433, 45889901|1526, 45890005|1588, 45890005|1635, 45890416|1715, 45893821|1796, 45894599|1849, 45894871|1966, 45895950|2037, 45896054|2097, 45896054|2176, 45896158|2245, 45896210|2342, 45896760|2473, 45897333|2580, 45898118|2681, 45898413|2771, 45899549|2826, 45900545|2863, 45900765|2983, 45903677|3103, 45907053|3204, 45908763|3278, 45910704|3329, 45910704|3369, 45910744|3422, 45910872|3481, 45911051|3527, 45911103|3592, 45911402|3651, 45911582|3703, 45911582|3787, 45911709|3839, 45911761|3875, 45911881|3936, 45912648|4048, com.booking, 
45914016|1, 45914016|1919, 45914392|1967, 45914392|4029, com.github.shadowsocks, 
45914456|1, 45914456|951, 45914576|1024, 45914576|1108, 45914857|1178, 45915327|1241, 45916419|1292, 45916671|1365, 45917284|1462, 45917284|1509, 45919154|1635, 45919559|1746, 45920557|1819, 45922120|1886, 45922956|2022, 45925055|2070, 45925541|2129, 45925823|2191, 45926008|2245, 45927171|2338, 45928390|2392, 45928733|2442, 45930265|2502, 45931386|2565, 45931646|2634, 45932055|2685, 45932315|2759, 45934681|2819, 45934801|2853, 45934905|2917, 45934957|2981, 45936156|3017, 45936156|3119, 45936208|3160, 45937351|3221, 45938351|3298, 45938351|3395, 45938403|3450, 45938403|3612, 45938687|3664, 45938687|4029, com.cnn.mobile.android.phone, 
45950670|1, 45950670|3480, 45950718|3673, 45950718|4003, com.facebook.katana, 
45950718|1, 45950718|4053, com.facebook.katana, 
45950718|1, 45950718|4011, at.DiTronic.androidgroup.randomgallery, 
45960813|1, 45960813|2074, 45960873|2119, 45960873|2318, 45960933|2385, 45960933|3030, 45960993|3108, 45960993|3326, 45961053|3373, 45961053|4043, com.sometimeswefly.littlealchemy, 
45962647|1, 45962647|1695, 45962707|1784, 45962707|1989, 45963051|2074, 45963051|2128, 45963391|2199, 45963599|2284, 45963881|2322, 45964163|2385, 45964447|2485, 45965432|2538, 45965432|2607, 45965588|2667, 45965766|2721, 45966430|2793, 45966482|2863, 45966482|2929, 45966956|2977, 45966956|3049, 45968928|3096, 45968928|3133, 45969126|3201, 45969633|3304, 45969633|3356, 45969922|3430, 45970208|3503, 45972596|3749, 45974076|3798, 45974749|3845, 45982673|3896, 45982673|3931, 45984254|3982, 45984254|4044, com.ebay.mobile, 
45998213|1, 45998213|2407, 45998273|2484, 45998273|2598, 45998560|2655, 45998560|2717, 45998716|2786, 45998894|2890, 45998894|2955, 46000019|3022, 46000019|3251, 46000071|3300, 46001350|3334, 46001350|3529, 46001402|3588, 46001402|4002, com.tripadvisor.tripadvisor, 
46001534|1, 46001534|4027, com.github.shadowsocks, 
46001534|1, 46001534|4013, at.DiTronic.androidgroup.randomgallery, 
46008133|1, 46008133|1569, 46008511|1657, 46009672|1812, 46010421|1904, 46010556|1961, 46010556|2012, 46010616|2062, 46010871|2133, 46010871|2270, 46010931|2311, 46010931|2354, 46010991|2444, 46010991|2517, 46011229|2559, 46012036|2622, 46012036|2720, 46012308|2759, 46012308|2866, 46012360|2902, 46012420|2958, 46012420|3022, 46012480|3054, 46012480|3096, 46012906|3198, 46012966|3264, 46013026|3310, 46014544|3368, 46014604|3426, 46016745|3479, 46018461|3539, 46018525|3596, 46020450|3639, 46020583|3697, 46020583|3921, 46020643|3978, 46020643|4014, com.android.chrome, 
46021508|1, 46021508|818, 46021621|892, 46021621|1050, 46021685|1123, 46021685|1264, 46021805|1326, 46021865|1387, 46022934|1484, 46023038|1566, 46023509|1640, 46026906|1715, 46027632|1791, 46027788|1844, 46027960|1892, 46029039|1969, 46029143|2054, 46029247|2132, 46029412|2240, 46029533|2346, 46029879|2403, 46030452|2517, 46031374|2592, 46031492|2634, 46033612|2739, 46036471|3036, 46038859|3092, 46038923|3140, 46039427|3199, 46041492|3243, 46041648|3306, 46042578|3362, 46042578|3492, 46042809|3550, 46042929|3589, 46042929|3629, 46044264|3820, 46044384|3873, 46044384|3930, 46044444|3978, 46045089|4020, com.booking, 
46048475|1, 46048475|919, 46048711|975, 46048711|1081, 46049344|1150, 46050600|1231, 46050745|1293, 46052062|1376, 46052690|1451, 46054894|1568, 46056476|1719, 46059740|1779, 46060962|1922, 46063029|1994, 46063081|2049, 46064375|2107, 46066014|2193, 46066170|2246, 46066400|2303, 46067640|2374, 46067976|2420, 46068506|2456, 46068802|2509, 46068980|2584, 46068980|2631, 46070921|2682, 46071538|2738, 46071538|2820, 46071694|2886, 46074062|2951, 46074062|3003, 46074114|3040, 46075310|3092, 46075310|3149, 46075409|3193, 46076302|3236, 46076429|3294, 46078107|3364, 46078107|3406, 46078227|3471, 46079278|3529, 46079278|3719, 46079330|3763, 46079330|4047, com.cnn.mobile.android.phone, 
46087716|1, 46087716|732, 46087764|801, 46087764|1317, 46087816|1391, 46087816|4029, com.github.shadowsocks, 
46087868|1, 46087868|1264, 46087998|1339, 46088060|1393, 46088060|4028, com.whatsapp, 
46088112|1, 46088112|1612, 46088175|1656, 46088175|1798, 46088475|1865, 46088907|1933, 46089387|2000, 46089387|2932, 46089867|3276, 46089867|4062, com.instagram.android, 
46090827|1, 46090827|650, 46090879|714, 46090879|4026, com.google.android.deskclock, 
46090879|1, 46090879|1154, 46091164|1198, 46091712|1299, 46092380|1378, 46093224|1428, 46093380|1501, 46093504|1612, 46094102|1685, 46095230|1755, 46095514|1821, 46108639|1886, 46131411|1933, 46160817|2070, 46160921|2166, 46160973|2366, 46161077|2648, 46161337|3061, 46161449|3251, 46161509|3477, 46161561|4182, com.Slack, 
46162302|1, 46162302|1766, 46162482|1837, 46162482|1885, 46162537|1928, 46162537|1984, 46162597|2050, 46162597|2092, 46162657|2137, 46162657|2328, 46162780|2384, 46162780|2430, 46162843|2515, 46162843|3078, 46162903|3153, 46162903|3330, 46162963|3372, 46162963|4013, com.sometimeswefly.littlealchemy, 
46164911|1, 46164911|1464, 46165037|1542, 46165037|1588, 46165097|1649, 46165281|1756, 46165401|1811, 46165685|1895, 46166223|1981, 46166411|2036, 46166827|2108, 46167661|2194, 46167945|2261, 46168609|2321, 46170714|2412, 46170818|2514, 46170870|2566, 46172934|2664, 46172994|2750, 46173233|2813, 46173367|2872, 46173427|2932, 46173427|2991, 46174729|3057, 46175023|3131, 46178519|3206, 46179099|3291, 46179658|3362, 46179658|3490, 46179762|3559, 46180243|3882, 46180243|4026, com.ebay.mobile, 
46193726|1, 46193726|145, 46193786|190, 46193786|395, 46193846|449, 46193846|963, 46193978|1051, 46193978|1119, 46194391|1220, 46195914|1335, 46196838|1407, 46197308|1500, 46198959|1602, 46199634|1677, 46199842|1774, 46200362|1890, 46200925|1998, 46202007|2063, 46202069|2116, 46202192|2167, 46202661|2220, 46202733|2289, 46202977|2359, 46203269|2401, 46203448|2459, 46204171|2529, 46204505|2585, 46204505|2625, 46204725|2681, 46205163|2731, 46206313|2783, 46206313|2860, 46207460|2911, 46207460|2965, 46209830|3002, 46209830|3048, 46210090|3103, 46210138|3152, 46211836|3224, 46212932|3288, 46213214|3349, 46213214|3400, 46214357|3437, 46215694|3499, 46215872|3555, 46215872|3642, 46218728|3718, 46218728|3797, 46218844|3847, 46220081|3918, 46220081|4012, com.cnn.mobile.android.phone, 
46228648|1, 46228648|321, 46228712|418, 46228712|659, 46228776|743, 46228776|855, 46228824|908, 46229084|989, 46229788|1064, 46230028|1131, 46231172|1223, 46231912|1306, 46233870|1385, 46235022|1464, 46236467|1548, 46238621|1651, 46238741|1741, 46240498|1876, 46240698|1959, 46240698|2149, 46241199|2236, 46241740|2321, 46241840|2413, 46242220|2510, 46242220|2563, 46242889|2639, 46243047|2726, 46243087|2789, 46243087|3042, 46243209|3106, 46243320|3153, 46243360|3194, 46243360|3805, 46243820|3886, 46244386|3950, 46249972|4389, com.antutu.ABenchMark, 
46256780|1, 46256780|2037, 46256840|2089, 46256840|2275, 46256900|2313, 46256900|2989, 46256960|3061, 46256960|3281, 46257020|3315, 46257020|4001, com.sometimeswefly.littlealchemy, 
46259792|1, 46259792|87, 46259852|130, 46259852|1112, 46259972|1154, 46260520|1224, 46260892|1310, 46261714|1372, 46262665|1447, 46295987|1534, 46307150|1590, 46308185|1658, 46308185|1782, 46308341|1875, 46308341|2284, 46308445|2355, 46308445|2863, 46308505|2912, 46308505|4031, com.Slack, 
46308833|1, 46308833|726, 46308893|768, 46308893|2504, 46308958|2568, 46308958|2755, 46309083|2858, 46309083|2910, 46309370|3020, 46309370|3133, 46309526|3193, 46309704|3255, 46309704|3349, 46310829|3413, 46310829|3663, 46312160|3715, 46312160|3923, 46312212|3983, 46312212|4038, com.tripadvisor.tripadvisor, 
46312344|1, 46312344|4042, com.google.android.deskclock, 
46312464|1, 46312464|1138, 46313132|1239, 46313444|1295, 46313991|1357, 46314794|1443, 46315977|1542, 46331786|1598, 46369927|1673, 46369927|1768, 46370031|1829, 46370031|1887, 46370083|1936, 46370135|1981, 46370135|4011, com.Slack, 
46370239|1, 46370239|4064, com.google.android.apps.photos, 
46372745|1, 46372745|1229, 46372993|1324, 46372993|1440, 46373359|1519, 46374204|1594, 46374880|1659, 46374932|1702, 46374932|1802, 46375291|1865, 46375291|2071, 46375351|2121, 46375411|2170, 46375411|2382, 46375649|2437, 46376456|2499, 46376456|2568, 46376664|2615, 46376780|2648, 46376780|2704, 46376832|2764, 46376832|2799, 46376892|2840, 46376892|2983, 46376952|3029, 46377250|3116, 46377250|3244, 46378828|3330, 46380969|3391, 46381046|3438, 46382745|3492, 46382809|3546, 46384733|3602, 46384866|3645, 46384926|4040, com.android.chrome, 
46386526|1, 46386526|1656, 46386840|1775, 46386970|1869, 46388209|1950, 46388989|2055, 46388989|2131, 46389049|2172, 46389304|2266, 46389304|2357, 46389364|2404, 46389364|2440, 46389424|2488, 46389424|2702, 46389662|2781, 46389848|2846, 46390469|2913, 46390677|2967, 46390793|3022, 46390793|3110, 46390853|3170, 46391029|3226, 46391029|3350, 46391089|3394, 46391515|3452, 46391575|3516, 46391575|3599, 46391635|3670, 46393153|3721, 46393153|3761, 46395293|3816, 46395426|3885, 46397009|3926, 46397073|3976, 46398997|4029, com.android.chrome, 
46400399|1, 46400399|211, 46400455|267, 46400455|906, 46400577|983, 46400577|1034, 46400637|1132, 46400637|1425, 46400699|1499, 46400761|1562, 46400822|1650, 46400822|1713, 46400943|1843, 46400943|2240, 46401223|2313, 46401223|3290, 46401569|3414, 46401633|3477, 46401633|3528, 46401924|3573, 46401976|3608, 46401976|3739, 46402118|3796, 46402382|4122, com.ted.android, 
46404371|1, 46404371|1453, 46404495|1523, 46404495|1678, 46404559|1734, 46404559|3391, 46404628|3446, 46404991|3516, 46405031|3561, 46405031|4048, com.skype.raider, 
46405215|1, 46405215|936, 46405307|972, 46405307|1526, 46405493|1609, 46405493|1820, 46405606|1883, 46405837|1948, 46405837|2170, 46406581|2257, 46406887|2336, 46406887|2432, 46408095|2482, 46408095|2709, 46408147|2794, 46408147|3149, 46408207|3219, 46408207|4043, com.dropbox.android, 
46408399|1, 46408399|1176, 46408459|1288, 46408459|1627, 46408511|1687, 46409048|1782, 46409048|1849, 46409612|1912, 46409924|1995, 46410400|2095, 46410682|2186, 46411068|2255, 46411068|2331, 46411230|2419, 46412499|2471, 46412499|2728, 46412551|2799, 46412551|2924, 46414547|2983, 46414547|3306, 46417970|3381, 46418098|3427, 46418098|3560, 46418150|3612, 46419593|3654, 46419593|4016, com.paypal.android.p2pmobile, 
46427619|1, 46427619|941, 46427683|1015, 46427683|1209, 46427999|1296, 46428964|1388, 46429172|1449, 46429446|1557, 46429695|1626, 46433328|1694, 46433715|1780, 46434970|1878, 46434970|1939, 46435022|1999, 46435522|2119, 46435746|2235, 46435981|2301, 46436509|2412, 46437110|2545, 46444654|2895, 46450074|2986, 46451070|3067, 46453011|3116, 46453071|3150, 46453971|3202, 46454190|3266, 46454294|3311, 46454414|3356, 46454761|3441, 46456077|3513, 46456237|3665, 46457617|3836, 46457617|4007, com.booking, 
46459181|1, 46459181|4022, com.google.android.deskclock, 
46459337|1, 46459337|4023, at.DiTronic.androidgroup.randomgallery, 
46462569|1, 46462569|4012, at.DiTronic.androidgroup.randomgallery, 
46471050|1, 46471050|1800, 46471110|1880, 46471110|1941, 46471234|1990, 46471518|2069, 46471858|2154, 46472066|2253, 46472682|2344, 46472966|2417, 46474295|2500, 46474579|2575, 46475017|2650, 46475017|2722, 46477197|2804, 46478360|2855, 46478360|3284, 46478910|3345, 46478910|3454, 46479097|3522, 46479532|3596, 46479946|3663, 46481297|3764, 46482668|3839, 46482720|3888, 46483106|4136, com.ebay.mobile, 
46499022|1, 46499022|1660, 46499146|1715, 46499146|3601, 46499344|3647, 46499578|3705, 46499618|3765, 46499618|4008, com.skype.raider, 
46499738|1, 46499738|4046, com.facebook.katana, 
46499738|1, 46499738|4034, com.google.android.deskclock, 
46499738|1, 46499738|4029, com.google.android.apps.photos, 
46499738|1, 46499738|4043, com.github.shadowsocks, 
46499738|1, 46499738|1038, 46499868|1132, 46499988|1177, 46500874|1257, 46502416|1358, 46503032|1464, 46503032|1520, 46503708|1600, 46505214|1671, 46505998|1740, 46508398|1832, 46509463|1962, 46510149|2081, 46511324|2153, 46512025|2249, 46512717|2333, 46513258|2392, 46513298|2484, 46513298|2647, 46513358|2712, 46513738|2812, 46513738|2877, 46514408|2937, 46514526|3003, 46514566|3072, 46514566|3239, 46515189|3336, 46515229|3381, 46515340|3437, 46515380|3494, 46515380|4057, com.antutu.ABenchMark, 
46529005|1, 46529005|4001, com.github.shadowsocks, 
46529958|1, 46529958|979, 46530022|1043, 46530022|1443, 46530084|1508, 46530144|1603, 46530204|1710, 46530204|1814, 46530484|1906, 46530484|2102, 46530640|2164, 46530818|2254, 46530818|3031, 46531109|3069, 46531161|3108, 46531161|3250, 46531303|3525, 46531450|4219, com.ted.android, 
46533826|1, 46533826|1687, 46534647|1782, 46535368|1869, 46535368|1918, 46535742|1991, 46535742|2093, 46535965|2156, 46536388|2202, 46537098|2275, 46537098|2456, 46537158|2518, 46537804|2564, 46543884|2614, 46543884|2669, 46543988|2728, 46543988|2804, 46547312|2877, 46547312|4041, com.csst.ecdict, 
46547624|1, 46547624|1271, 46547734|1322, 46547734|1405, 46547844|1486, 46547976|1554, 46547976|1668, 46548386|1768, 46549726|1877, 46549726|1978, 46549838|2047, 46563299|2167, 46608516|2259, 46608516|2372, 46610890|2782, 46611306|3244, 46611366|3450, 46611426|3697, 46611426|4092, com.Slack, 
46612059|1, 46612059|993, 46612179|1071, 46612701|1128, 46613715|1219, 46615171|1345, 46615171|1473, 46616393|1556, 46617805|1665, 46619063|1739, 46621458|1897, 46621959|2010, 46622500|2077, 46623346|2172, 46623895|2262, 46623895|2681, 46624012|2744, 46624392|2831, 46624392|2974, 46624558|3024, 46625212|3098, 46625290|3167, 46625330|3225, 46625330|3443, 46625391|3492, 46625391|3595, 46625502|3648, 46625502|3685, 46625542|3739, 46627766|4150, com.antutu.ABenchMark, 
46638484|1, 46638484|1126, 46638548|1205, 46638548|1354, 46638684|1443, 46638684|2258, 46639242|2443, 46641547|2603, 46641989|2684, 46643595|2817, 46647446|2943, 46650816|3038, 46658046|3329, 46658214|3421, 46659248|3488, 46659710|3561, 46659950|3634, 46659950|4026, com.booking, 
46665167|1, 46665167|169, 46665227|228, 46665227|1137, 46665291|1259, 46665291|1402, 46665471|1498, 46666708|1643, 46666708|1722, 46667179|1796, 46671209|1886, 46671522|1974, 46671638|2044, 46672717|2117, 46672978|2223, 46672978|2341, 46673030|2451, 46673592|2632, 46675069|2813, 46675246|2938, 46676381|3011, 46677391|3119, 46679840|3284, 46682331|3446, 46689179|3745, 46689789|3855, 46689829|3958, 46690108|4036, com.booking, 
46693419|1, 46693419|2230, 46693801|2328, 46694869|2430, 46695097|2545, 46695097|2796, 46695348|2884, 46695847|2973, 46696191|3029, 46696505|3115, 46696505|3283, 46697211|3364, 46703316|3443, 46703420|3509, 46703420|3555, 46705396|3609, 46706852|3711, 46706852|4041, com.csst.ecdict, 
46707348|1, 46707348|1647, 46707478|1732, 46707478|1775, 46707602|1878, 46707602|4003, com.whatsapp, 
46708891|1, 46708891|1441, 46708951|1537, 46708951|3500, 46709011|3568, 46709011|4013, com.github.shadowsocks, 
46709071|1, 46709131|48, 46709131|1083, 46709195|1192, 46709195|1490, 46709257|1580, 46709317|1709, 46709317|1863, 46709597|1999, 46709597|2111, 46709997|2225, 46709997|3344, 46710438|3387, 46710438|3445, 46711929|3691, 46712577|3779, 46712577|3828, 46712776|3879, 46712776|4014, com.ted.android, 
46716414|1, 46716414|1889, 46716474|1983, 46716474|2600, 46716534|2655, 46716534|4006, com.github.shadowsocks, 
46716594|1, 46716594|1581, 46716656|1637, 46716656|3620, 46716854|3687, 46717088|3744, 46717088|3777, 46717128|3836, 46717128|4004, com.skype.raider, 
46717288|1, 46717288|968, 46717360|1026, 46717536|1093, 46717536|1158, 46717608|1215, 46717667|1274, 46718766|1332, 46719017|1385, 46719082|1461, 46719141|1547, 46719485|1619, 46719485|1686, 46719829|1771, 46720419|1844, 46720419|1897, 46721161|2007, 46722311|2099, 46722311|2141, 46723319|2205, 46723982|2279, 46724948|2352, 46725754|2409, 46727045|2473, 46727539|2546, 46727539|2618, 46727747|2652, 46729222|2728, 46729222|2772, 46729449|2817, 46729449|2850, 46729806|2887, 46732815|2954, 46732815|3286, 46735527|3372, 46735527|3475, 46735631|3520, 46736832|3583, 46736948|3644, 46736948|3679, 46737008|3717, 46737008|3784, 46737060|3842, 46737060|3888, 46737120|3954, 46737404|4039, com.cnn.mobile.android.phone, 
46752886|1, 46752886|149, 46752950|224, 46752950|409, 46753014|466, 46753014|538, 46753074|593, 46753074|2527, 46753134|2578, 46753134|3057, 46753182|3108, 46753182|3515, 46753242|3578, 46753242|3696, 46753302|3747, 46753302|4029, com.google.android.apps.photos, 
46753662|1, 46753662|1436, 46753848|1506, 46753848|1853, 46754255|1928, 46754255|2478, 46754336|2530, 46755211|2608, 46755211|2664, 46755493|2703, 46755775|2758, 46757252|2818, 46757460|2885, 46757460|3012, 46757512|3067, 46757512|3325, 46759318|3358, 46759318|3452, 46761431|3506, 46761431|3579, 46761491|3639, 46761491|3685, 46762176|3736, 46762176|3777, 46762448|3828, 46763683|3895, 46763683|4009, com.paypal.android.p2pmobile, 
46771497|1, 46771497|1802, 46772025|1902, 46772318|1988, 46773093|2027, 46773373|2119, 46773373|2330, 46773624|2411, 46774037|2483, 46774123|2527, 46774467|2580, 46774729|2636, 46774729|2811, 46775435|2873, 46775747|2918, 46781518|2953, 46781518|3002, 46781622|3054, 46783078|3102, 46785114|3173, 46785114|4034, com.csst.ecdict, 
46785426|1, 46785426|455, 46785486|501, 46785486|684, 46785546|737, 46785546|2754, 46785611|2803, 46785611|2920, 46785676|2995, 46785736|3054, 46785796|4045, com.tripadvisor.tripadvisor, 
46789173|1, 46789173|1158, 46789237|1231, 46789237|1409, 46789417|1492, 46790278|1569, 46790590|1637, 46790864|1768, 46793310|1850, 46795027|1907, 46795352|1976, 46795468|2051, 46795468|2145, 46796727|2217, 46796727|2282, 46796883|2386, 46796995|2531, 46797055|2649, 46797401|2806, 46797401|2899, 46798014|2940, 46799705|3017, 46805473|3366, 46808000|3440, 46812488|3527, 46813647|3586, 46813647|3624, 46813699|3671, 46813866|3750, 46814149|3807, 46814321|3851, 46815505|3923, 46815705|3980, 46817101|4230, com.booking, 
46818405|1, 46818405|1430, 46818470|1481, 46818470|1531, 46818532|1597, 46818532|4029, com.whatsapp, 
46820078|1, 46820078|968, 46820142|1021, 46820142|1387, 46820204|1534, 46820265|1643, 46820265|1708, 46820325|1801, 46820325|2367, 46820605|2451, 46820605|3469, 46820833|3519, 46820833|4028, com.ted.android, 
46823594|1, 46823594|263, 46823658|299, 46823658|1048, 46823778|1130, 46823778|1208, 46824059|1267, 46824714|1335, 46825812|1408, 46826215|1466, 46827761|1565, 46829358|1688, 46830765|1820, 46831569|1883, 46831681|1989, 46833959|2091, 46834419|2155, 46834419|2216, 46836179|2308, 46837559|2404, 46837715|2444, 46840093|2514, 46840772|2594, 46841583|2666, 46841868|2715, 46843589|2772, 46844827|2830, 46845473|2891, 46845605|2944, 46845605|2986, 46846636|3035, 46846804|3106, 46847973|3168, 46849170|3230, 46849170|3323, 46850110|3390, 46851922|3463, 46851922|3629, 46852106|3692, 46852158|3731, 46852158|3826, 46852286|3895, 46852528|4044, com.cnn.mobile.android.phone, 
46863907|1, 46863907|1515, 46864033|1617, 46864033|1737, 46864337|1865, 46864681|1965, 46864965|2047, 46865077|2102, 46866503|2219, 46866503|2300, 46866889|2356, 46869301|2438, 46869965|2524, 46870017|2593, 46871563|2690, 46873639|2773, 46873731|2886, 46874101|2978, 46875826|3079, 46875900|3143, 46877304|3211, 46877999|3273, 46878620|3340, 46880201|3383, 46880487|3438, 46882068|3507, 46882183|3570, 46882183|3657, 46882569|3747, 46882891|3929, 46883195|3967, 46883359|4039, com.ebay.mobile, 
46896506|1, 46896506|4009, at.DiTronic.androidgroup.randomgallery, 
46896832|1, 46896832|1312, 46896884|1410, 46896884|2250, 46897014|2324, 46897014|2542, 46897074|2605, 46897074|2802, 46897134|2847, 46897134|3571, 46897194|3612, 46897194|3822, 46897254|3860, 46897254|4026, com.google.android.apps.photos, 
46897494|1, 46897494|1824, 46897557|1908, 46897557|1993, 46897917|2053, 46898037|2130, 46898037|4091, com.instagram.android, 
46898283|1, 46898283|1002, 46898403|1071, 46898951|1138, 46899619|1221, 46900899|1342, 46901244|1435, 46902227|1500, 46902383|1642, 46902435|1720, 46902435|4006, com.Slack, 
46903023|1, 46903023|2537, 46903083|2607, 46903083|2728, 46903370|2792, 46903370|2858, 46903526|2928, 46903704|3036, 46903704|3143, 46904881|3208, 46904881|3497, 46906212|3558, 46906212|3695, 46906264|3763, 46906264|4030, com.tripadvisor.tripadvisor, 
46906448|1, 46906448|990, 46906566|1050, 46906566|1167, 46906858|1225, 46907906|1299, 46908029|1359, 46909053|1444, 46909518|1523, 46912055|1636, 46912508|1721, 46913129|1808, 46913701|1886, 46916215|2015, 46917296|2066, 46918415|2133, 46919630|2200, 46920035|2239, 46920035|2285, 46921652|2371, 46922551|2441, 46922663|2497, 46922663|2537, 46924312|2601, 46924364|2670, 46924700|2729, 46925267|2783, 46925423|2849, 46925823|2901, 46926544|2968, 46928142|3017, 46929144|3069, 46929144|3129, 46929196|3177, 46930519|3228, 46931688|3265, 46932692|3334, 46932819|3393, 46933884|3451, 46933884|3489, 46933936|3556, 46934056|3609, 46935679|3663, 46935679|3875, 46935731|3920, 46935731|4024, com.cnn.mobile.android.phone, 
46944059|1, 46944059|2824, 46944111|2885, 46944111|4019, com.google.android.apps.photos, 
46944231|1, 46944231|1381, 46944291|1483, 46944291|1726, 46944343|1790, 46944574|1833, 46944694|1912, 46944694|1991, 46945258|2070, 46945258|2131, 46945734|2221, 46946016|2321, 46946097|2393, 46946097|2525, 46946328|2591, 46946328|2800, 46946870|2863, 46946870|2902, 46948676|2947, 46948676|3036, 46951981|3089, 46951981|3164, 46952085|3348, 46952253|3391, 46953865|3454, 46953865|3556, 46954893|3592, 46954893|3682, 46955101|3769, 46955101|3825, 46955153|3870, 46955343|3931, 46956573|3997, 46956625|4047, com.paypal.android.p2pmobile, 
46964096|1, 46964096|4027, at.DiTronic.androidgroup.randomgallery, 
46967258|1, 46967258|2710, 46967318|2762, 46967318|2845, 46967605|2958, 46967605|3037, 46967761|3096, 46967939|3162, 46967939|3249, 46969064|3329, 46969064|3509, 46969116|3606, 46970395|3662, 46970395|4043, com.tripadvisor.tripadvisor, 
46970643|1, 46970643|1384, 46970703|1451, 46970703|1612, 46971108|1708, 46971168|1790, 46971168|1842, 46971786|1904, 46971786|2038, 46972995|2122, 46972995|2324, 46973047|2399, 46973047|2708, 46973107|2781, 46973107|4033, com.dropbox.android, 
46973359|1, 46973359|1051, 46973419|1111, 46973479|1178, 46973479|1225, 46973820|1290, 46975200|1359, 46975378|1445, 46976552|1538, 46977888|1610, 46978614|1730, 46979912|1843, 46980534|1961, 46982510|2044, 46982971|2121, 46983317|2191, 46984954|2250, 46986125|2309, 46986976|2399, 46987842|2492, 46990133|2555, 46991086|2602, 46991616|2678, 46993042|2747, 46993269|2799, 46993541|2841, 46994099|2909, 46995601|2976, 46995601|3028, 46995927|3085, 46997096|3121, 46998294|3185, 46998294|3335, 46999369|3390, 47001043|3463, 47001043|3530, 47001163|3578, 47001163|3633, 47001215|3691, 47001267|3746, 47001267|4027, com.cnn.mobile.android.phone, 
47022962|1, 47022962|1314, 47023010|1393, 47023010|3452, 47023070|3514, 47023070|3636, 47023130|3690, 47023130|4016, com.google.android.apps.photos, 
47023607|1, 47023607|4027, com.google.android.deskclock, 
47024015|1, 47024015|922, 47024079|984, 47024079|1462, 47024141|1507, 47024203|1587, 47024263|1686, 47024263|1871, 47024543|1971, 47024595|2034, 47024595|2146, 47024929|2227, 47024929|2461, 47025272|2783, 47025272|3379, 47025582|3630, 47025582|4032, com.ted.android, 
47028119|1, 47028119|695, 47028179|742, 47028179|825, 47028239|924, 47028239|1370, 47028425|1475, 47028425|1657, 47028708|1722, 47028768|1796, 47028768|1890, 47029272|1956, 47029450|2057, 47030658|2185, 47030658|2402, 47030710|2443, 47030710|2709, 47030770|2761, 47030770|4028, com.dropbox.android, 
47031166|1, 47031166|4014, com.google.android.apps.photos, 
47031166|1, 47031166|1476, 47031226|1555, 47031226|2020, 47031629|2091, 47031681|2175, 47032193|2239, 47032869|2308, 47032929|2411, 47032981|2476, 47033389|2573, 47033597|2681, 47034918|2774, 47034918|3225, 47036914|3278, 47036966|3314, 47036966|3357, 47040389|3422, 47040389|3611, 47040441|3670, 47041884|3729, 47041884|3763, 47042040|3819, 47042040|3872, 47042144|3932, 47042300|4029, com.paypal.android.p2pmobile, 
47048184|1, 47048184|2631, 47048244|2733, 47048244|3659, 47048304|3718, 47048304|3844, 47048591|3907, 47048747|4013, com.tripadvisor.tripadvisor, 
47051565|1, 47051565|2547, 47051625|2603, 47051625|2764, 47051912|2821, 47051912|2881, 47052068|2997, 47052246|3110, 47052246|3160, 47053371|3199, 47053371|3638, 47054496|3692, 47055827|3757, 47055879|4014, com.tripadvisor.tripadvisor, 
47056011|1, 47056011|1376, 47056259|1526, 47057366|1651, 47057690|1705, 47058418|1767, 47058470|1820, 47058470|1870, 47058522|1916, 47058673|1963, 47058673|2016, 47058725|2078, 47058725|2175, 47058785|2219, 47058785|2391, 47058837|2487, 47059075|2561, 47059882|2649, 47060038|2716, 47060154|2770, 47060154|2831, 47060206|2901, 47060266|2959, 47060326|2998, 47060326|3192, 47060736|3253, 47060736|3418, 47062254|3492, 47064397|3544, 47064474|3599, 47066113|3673, 47068104|3729, 47068104|3777, 47068237|3820, 47068237|3935, 47068297|3991, 47068297|4039, com.android.chrome, 
47069735|1, 47069735|1409, 47069983|1594, 47070243|1725, 47071430|1851, 47072210|1941, 47072210|2007, 47072270|2046, 47072473|2117, 47072473|2249, 47072533|2302, 47072593|2337, 47072593|2588, 47072831|2640, 47073638|2712, 47073638|2771, 47073794|2822, 47073910|2888, 47073910|2947, 47074022|3026, 47074074|3078, 47074134|3129, 47074198|3171, 47074624|3256, 47075029|3381, 47076607|3445, 47076607|3489, 47078748|3575, 47080464|3628, 47080528|3675, 47082453|3725, 47082586|3785, 47082586|4037, com.android.chrome, 
47083501|1, 47083501|1042, 47083557|1112, 47083557|1801, 47083815|1890, 47085141|2047, 47085480|2116, 47085703|2158, 47085879|2236, 47086593|2301, 47086840|2354, 47087089|2398, 47087089|2567, 47087795|2619, 47088107|2669, 47093874|2733, 47093978|2791, 47093978|2842, 47097474|2904, 47097474|4047, com.csst.ecdict, 
47097838|1, 47097838|2722, 47097903|2865, 47097968|4039, com.tripadvisor.tripadvisor, 
47102414|1, 47102414|978, 47102479|1060, 47103500|1155, 47104118|1239, 47104616|1340, 47105280|1425, 47106016|1517, 47106290|1586, 47108910|1689, 47109305|1813, 47111633|1905, 47111859|1983, 47112587|2119, 47113685|2186, 47114095|2265, 47115116|2334, 47115156|2410, 47116077|2504, 47116308|2622, 47117350|2779, 47117390|2908, 47117830|3010, 47117830|3092, 47118497|3147, 47118575|3217, 47118615|3296, 47118615|3657, 47118737|3726, 47118848|3768, 47118888|3814, 47119454|4006, com.antutu.ABenchMark, 
47131259|1, 47131259|1458, 47131379|1575, 47131663|1660, 47131985|1719, 47132105|1794, 47132483|1903, 47132961|1986, 47133589|2035, 47134254|2103, 47134306|2169, 47136238|2259, 47136354|2311, 47137078|2376, 47138103|2475, 47138103|2562, 47140463|2765, 47140515|2835, 47141156|2953, 47142526|3021, 47142860|3071, 47144936|3140, 47146621|3239, 47148202|3335, 47148202|3375, 47148518|3441, 47148518|3505, 47148728|3594, 47148728|3654, 47148846|3712, 47148958|3872, 47148958|4063, com.ebay.mobile, 
47162123|1, 47162123|4027, com.google.android.deskclock, 
47162123|1, 47162123|1524, 47162183|1597, 47162183|1762, 47162466|1855, 47162527|1953, 47162588|2015, 47163078|2107, 47163078|2179, 47163322|2296, 47164479|2384, 47164479|2506, 47164531|2579, 47164531|3025, 47164591|3129, 47164591|4033, com.dropbox.android, 
47164843|1, 47164843|2043, 47164903|2203, 47164903|2456, 47165247|2618, 47165527|2812, 47166359|2922, 47166359|3045, 47168292|3176, 47168344|3352, 47170368|3464, 47170368|3588, 47170671|3735, 47171127|3869, 47171748|3936, 47172429|4028, com.ebay.mobile, 
47201844|1, 47201844|2172, 47201968|2253, 47201968|4031, com.skype.raider, 
47202600|1, 47202600|1497, 47202664|1663, 47202664|1756, 47202800|1849, 47202800|2003, 47202980|2112, 47204522|2218, 47205054|2303, 47205170|2456, 47207620|2566, 47210065|2654, 47210222|2759, 47210222|2822, 47210903|2979, 47212334|3158, 47213311|3293, 47214624|3389, 47215634|3472, 47218662|3607, 47219451|3683, 47222844|3849, 47225469|3967, 47226639|4060, com.booking, 
47233517|1, 47233517|2527, 47234192|2672, 47235247|2806, 47235247|3089, 47235498|3233, 47235911|3315, 47236270|3381, 47236693|3469, 47236693|3688, 47237399|3763, 47243503|3853, 47243607|3940, 47246999|4022, com.csst.ecdict, 
47248159|1, 47248159|2053, 47248541|2163, 47249609|2267, 47249837|2320, 47249837|2591, 47250060|2637, 47250483|2711, 47251245|2784, 47251245|3045, 47251951|3116, 47258055|3179, 47258107|3238, 47258159|3309, 47258159|3375, 47261539|3461, 47261539|3916, 47261599|3972, 47261599|4030, com.csst.ecdict, 
47262271|1, 47262271|1724, 47262653|1843, 47262946|1929, 47263937|2002, 47263937|2274, 47264407|2322, 47264635|2398, 47264979|2454, 47265301|2512, 47265301|2707, 47266007|2757, 47266456|2801, 47272112|2874, 47272216|2929, 47272216|2983, 47275492|3052, 47275492|4003, com.csst.ecdict, 
47275804|1, 47275804|1205, 47275969|1300, 47276637|1408, 47276949|1462, 47277496|1532, 47278305|1616, 47278369|1716, 47278819|1822, 47279508|1897, 47296464|1965, 47346774|2067, 47360046|2155, 47393158|2269, 47393210|2526, 47393470|2993, 47393470|3240, 47393530|3456, 47393590|3867, 47393590|4025, com.Slack, 
47394328|1, 47394328|1860, 47394391|1956, 47394449|2013, 47394509|2068, 47394929|2144, 47394929|2341, 47395053|2412, 47395053|3002, 47395165|3059, 47395165|4033, com.instagram.android, 
47395779|1, 47395779|4039, com.facebook.katana, 
47395839|1, 47395839|77, 47395899|110, 47395899|1109, 47396019|1172, 47396567|1270, 47397426|1327, 47398139|1411, 47398723|1485, 47398860|1551, 47399895|1614, 47399947|1676, 47399999|1742, 47400051|1809, 47400051|4023, com.Slack, 
47400155|1, 47400155|1199, 47400403|1307, 47401286|1438, 47401562|1513, 47402155|1557, 47402342|1604, 47402342|1651, 47402485|1700, 47402545|1798, 47402545|1946, 47402605|1998, 47402605|2202, 47402665|2286, 47402797|2335, 47403029|2402, 47403081|2490, 47403081|2723, 47403201|2761, 47403822|2807, 47403822|2863, 47404146|2920, 47404206|2974, 47404556|3033, 47404556|3186, 47406134|3250, 47408275|3305, 47408275|3358, 47409991|3432, 47410055|3494, 47411979|3546, 47412112|3589, 47412112|3929, 47412172|3987, 47412229|4040, com.android.chrome, 
47413298|1, 47413298|1783, 47413360|1837, 47413360|3877, 47413558|3938, 47413832|3995, 47413832|4042, com.skype.raider, 
47413992|1, 47413992|1405, 47414116|1481, 47414177|1588, 47414177|1681, 47414237|1749, 47414237|1936, 47414517|2038, 47414517|2152, 47414673|2226, 47414851|2291, 47414851|3241, 47415142|3274, 47415194|3336, 47415194|3455, 47415360|3615, 47415559|4041, com.ted.android, 
47419380|1, 47419380|3784, 47419440|3846, 47419714|3904, 47419714|4042, com.skype.raider, 
47419834|1, 47419834|4020, com.google.android.apps.photos, 
47419834|1, 47419834|4028, com.github.shadowsocks, 
47419834|1, 47419834|1677, 47420020|1750, 47420020|2220, 47420609|2303, 47420891|2382, 47420891|2428, 47421359|2517, 47421419|2601, 47421879|2665, 47421879|2817, 47423310|2898, 47423310|3050, 47423362|3116, 47423414|3178, 47423518|3225, 47423578|3285, 47423630|3342, 47423912|3404, 47423912|3444, 47425718|3477, 47425926|3529, 47428229|3593, 47429435|3649, 47429487|3691, 47429487|3782, 47429551|3844, 47429823|3910, 47431058|3957, 47431058|4050, com.paypal.android.p2pmobile, 
47438206|1, 47438206|4023, at.DiTronic.androidgroup.randomgallery, 
47441907|1, 47441907|1286, 47441967|1359, 47441967|1575, 47442311|1646, 47442311|1714, 47442371|1779, 47442371|1835, 47442989|1938, 47442989|2096, 47444144|2175, 47444144|2371, 47444196|2438, 47444196|2715, 47444256|2773, 47444256|4048, com.dropbox.android, 
47444508|1, 47444508|4025, com.google.android.deskclock, 
47444508|1, 47444508|1405, 47444568|1490, 47444568|1794, 47444851|1849, 47444975|1900, 47444975|2047, 47445287|2126, 47445287|2186, 47445645|2288, 47446491|2389, 47447760|2458, 47448384|2522, 47448384|2696, 47448436|2742, 47448436|3109, 47450432|3161, 47450432|3227, 47453855|3289, 47453855|3479, 47453907|3541, 47455142|3593, 47455142|3716, 47455506|3769, 47455558|3841, 47455870|3895, 47455870|3934, 47455922|3993, 47456562|4061, com.paypal.android.p2pmobile, 
47461558|1, 47461558|4022, at.DiTronic.androidgroup.randomgallery, 
47464028|1, 47464028|1673, 47464152|1746, 47464152|3752, 47464221|3815, 47464584|3890, 47464624|3936, 47464624|4028, com.skype.raider, 
47464824|1, 47464824|4050, com.skype.raider, 
47465278|1, 47465278|1184, 47465343|1262, 47466050|1346, 47467570|1456, 47468520|1570, 47468520|1642, 47469552|1740, 47471390|1857, 47472861|1938, 47474644|2040, 47475564|2164, 47477107|2308, 47477313|2398, 47477758|2465, 47477958|2583, 47477958|2673, 47479000|2850, 47479040|2953, 47479360|3033, 47479480|3127, 47479646|3213, 47480227|3270, 47480267|3338, 47480267|3638, 47480389|3713, 47480540|3777, 47480540|4060, com.antutu.ABenchMark, 
47496508|1, 47496508|4013, com.google.android.apps.photos, 
47496508|1, 47496508|1958, 47496634|2028, 47496698|2127, 47496758|2209, 47496942|2295, 47497002|2364, 47497566|2501, 47498122|2620, 47498678|2706, 47499728|2786, 47499728|2876, 47501430|2998, 47503518|3125, 47503638|3213, 47503690|3282, 47504407|3408, 47506812|3532, 47508075|3636, 47510341|3722, 47511936|3835, 47512239|3939, 47513411|4060, com.ebay.mobile, 
47524896|1, 47524896|1867, 47524959|1994, 47524959|2055, 47525019|2144, 47525259|2274, 47525439|2367, 47525439|4009, com.instagram.android, 
47525439|1, 47525439|1902, 47525499|1978, 47525859|2074, 47525919|2160, 47525919|4038, com.instagram.android, 
47525919|1, 47525919|1438, 47526039|1542, 47527285|1698, 47528907|1858, 47528967|2023, 47531209|2160, 47533091|2309, 47535253|2551, 47535920|2725, 47537489|2844, 47537729|2986, 47537729|3466, 47537789|3611, 47538169|3774, 47538169|3857, 47538838|3933, 47538996|4053, com.antutu.ABenchMark, 
47552529|1, 47552529|1917, 47552581|2106, 47552641|2366, 47552924|2589, 47552924|2753, 47553420|2855, 47554044|2982, 47554430|3174, 47555759|3328, 47556093|3475, 47556469|3588, 47556521|3708, 47556521|4073, com.paypal.android.p2pmobile, 
47571346|1, 47571346|4025, com.facebook.katana, 
47571346|1, 47571346|498, 47571398|577, 47571398|4030, com.github.shadowsocks, 
47571398|1, 47571398|4019, com.facebook.katana, 
47571398|1, 47571398|1660, 47571458|1778, 47571458|1989, 47571802|2061, 47571862|2120, 47571862|2214, 47572238|2324, 47572416|2434, 47572416|2509, 47573625|2611, 47573625|2853, 47573677|2943, 47573677|3036, 47573737|3100, 47573737|4041, com.dropbox.android, 
47574041|1, 47574041|1523, 47574103|1626, 47574103|1787, 47574164|1874, 47574164|1989, 47574224|2076, 47574341|2177, 47574341|2971, 47574401|3064, 47574401|3675, 47574733|3731, 47574733|4048, com.ted.android, 
47577158|1, 47577158|4031, com.google.android.deskclock, 
47577158|1, 47577158|1771, 47577686|1900, 47578690|1977, 47578918|2041, 47578918|2280, 47579169|2326, 47579530|2400, 47579706|2461, 47580050|2514, 47580364|2554, 47580364|2750, 47580424|2789, 47581070|2837, 47587153|2894, 47587153|2944, 47587257|2999, 47587257|3065, 47590713|3152, 47590713|4020, com.csst.ecdict, 
47595104|1, 47595104|1940, 47595464|2016, 47595584|2084, 47595584|4031, com.instagram.android, 
47595584|1, 47595584|1585, 47595644|1645, 47595644|1926, 47595928|2006, 47595928|2081, 47596048|2153, 47596432|2240, 47596432|2307, 47596484|2374, 47597102|2453, 47597102|2527, 47597766|2612, 47598100|2713, 47598152|2812, 47600124|2874, 47600494|2951, 47600494|3096, 47600861|3147, 47601379|3236, 47601941|3333, 47604348|3423, 47605981|3488, 47607562|3632, 47608712|3727, 47618211|4010, com.ebay.mobile, 
47632812|1, 47632812|1897, 47633112|2001, 47633292|2075, 47633292|4015, com.instagram.android, 
47633292|1, 47633292|4028, com.facebook.katana, 
47633292|1, 47633292|2009, 47633352|2092, 47633352|2418, 47633636|2543, 47633696|2658, 47634244|2751, 47634422|2814, 47634630|2887, 47635092|2982, 47635092|3063, 47635756|3126, 47635756|3176, 47636090|3287, 47636142|3388, 47638114|3471, 47638484|3547, 47639820|3656, 47640135|3773, 47640934|3864, 47641733|3944, 47643156|4016, com.ebay.mobile, 
47669413|1, 47669413|4002, com.facebook.katana, 
47669413|1, 47669413|1467, 47669598|1594, 47670180|1769, 47671240|1935, 47672828|2068, 47675422|2237, 47677286|2354, 47679002|2547, 47680343|2716, 47681425|2889, 47681958|3048, 47682236|3240, 47682236|3467, 47682556|3598, 47682676|3730, 47682842|3796, 47683463|3882, 47683503|4005, com.antutu.ABenchMark, 
47699040|1, 47699040|4072, com.facebook.katana, 
47699040|1, 47699040|1753, 47699226|1916, 47699226|2067, 47699630|2276, 47700248|2474, 47701457|2677, 47701457|2871, 47701509|3034, 47701509|3220, 47701569|3365, 47701569|4060, com.dropbox.android, 
47701821|1, 47701821|2701, 47701884|2840, 47702364|2997, 47702544|4018, com.instagram.android, 
47702544|1, 47702544|991, 47702667|1144, 47702667|1370, 47703010|1530, 47703322|1662, 47703500|1774, 47704708|1940, 47704708|2139, 47704760|2239, 47704760|2377, 47704820|2506, 47704820|4234, com.dropbox.android, 
47705072|1, 47705072|1060, 47705132|1211, 47705132|1455, 47705192|1559, 47705192|2094, 47705252|2217, 47705252|2436, 47705595|2540, 47705595|3064, 47706085|3163, 47706085|3564, 47707420|3826, 47707472|4177, com.dropbox.android, 
