14961632|1, 14961632|1433, 14961792|1555, 14961792|1636, 14961872|1726, 14961872|1766, 14961952|1824, 14961952|2385, 14962032|2459, 14962112|2539, 14962192|2596, 14962192|2643, 14962352|2723, 14962352|2779, 14962432|2822, 14962432|3410, 14962512|3463, 14962512|3700, 14962592|3749, 14962592|4029, com.android.chrome, 
14963392|1, 14963392|1735, 14964251|1867, 14966335|1975, 14966335|3265, 14974283|3327, 14974343|3378, 14974343|4016, com.antutu.ABenchMark, 
14974674|1, 14974674|1202, 14974850|1325, 14974850|2181, 14974930|2250, 14974930|4021, com.whatsapp, 
14975090|1, 14975090|1693, 14975170|1801, 14975949|1907, 14977375|1989, 14977973|2081, 14977973|3066, 14978053|3121, 14985889|3175, 14985949|3245, 14985949|4010, com.antutu.ABenchMark, 
14986249|1, 14986249|2298, 14986409|2737, 14986489|2974, 14986489|3632, 14986569|3742, 14986649|4029, com.Slack, 
14986969|1, 14986969|1505, 14987049|1580, 14987049|1787, 14987129|1818, 14987129|2551, 14987209|2605, 14987209|2748, 14987289|2815, 14987369|2872, 14987369|2984, 14987449|3060, 14987449|3797, 14987529|3840, 14987529|4021, com.android.chrome, 
14988321|1, 14988321|4028, com.csst.ecdict, 
14988321|1, 14988321|4011, at.DiTronic.androidgroup.randomgallery, 
14988321|1, 14988321|1261, 14988401|1357, 14989014|1425, 14989572|1520, 14989882|1575, 14990567|1643, 14990567|1813, 14991092|1861, 14991092|2010, 14991464|2075, 14991464|2170, 14991646|2220, 14991646|2511, 14991806|2570, 14991806|2655, 14992424|2713, 14992424|2807, 14992604|2880, 14993129|2944, 14993274|2995, 14993274|3073, 14994164|3132, 14994164|3218, 14994406|3300, 14994406|4045, com.cnn.mobile.android.phone, 
14998605|1, 14999130|125, 14999130|274, 14999652|325, 14999652|460, 14999762|503, 14999762|750, 14999834|833, 14999834|4029, com.csst.ecdict, 
14999834|1, 14999834|4016, com.google.android.deskclock, 
14999834|1, 14999834|1520, 14999914|1594, 15000236|1707, 15003593|1778, 15004671|1897, 15004671|2191, 15004815|2250, 15004887|2321, 15004887|2541, 15004967|2620, 15004967|2702, 15005333|2754, 15005333|2875, 15006053|2914, 15006053|3050, 15007493|3106, 15007493|3206, 15010549|3283, 15010549|3369, 15010869|3421, 15015909|3470, 15015909|3568, 15016341|3601, 15016506|3697, 15016506|4025, com.ted.android, 
15024101|1, 15024101|2351, 15024181|2434, 15024181|3368, 15024261|3410, 15024261|4038, com.paypal.android.p2pmobile, 
15024341|1, 15024341|1510, 15024421|1571, 15024421|1770, 15024501|1830, 15024501|2024, 15024581|2070, 15024581|2173, 15025153|2240, 15025153|2476, 15025273|2535, 15025353|2580, 15025353|2746, 15025433|2818, 15025433|4028, com.sometimeswefly.littlealchemy, 
15025933|1, 15025933|1687, 15026013|1737, 15026013|1970, 15026093|2035, 15026093|2265, 15026173|2321, 15026173|2432, 15026745|2482, 15026745|2727, 15026825|2778, 15026945|2847, 15026945|2961, 15027025|3024, 15027025|4032, com.sometimeswefly.littlealchemy, 
15027465|1, 15027465|1800, 15027545|1864, 15027545|2068, 15027625|2120, 15027625|2347, 15027705|2399, 15027705|2495, 15028277|2566, 15028277|2748, 15028397|2801, 15028477|2882, 15028477|3076, 15028557|3144, 15028557|4039, com.sometimeswefly.littlealchemy, 
15028977|1, 15028977|4018, com.github.shadowsocks, 
15028977|1, 15028977|4089, com.booking, 
15028977|1, 15028977|1607, 15029057|1678, 15029057|1861, 15029137|1922, 15029137|2153, 15029217|2206, 15029217|2328, 15029789|2404, 15029789|2546, 15029909|2598, 15029989|2643, 15029989|2869, 15030069|2912, 15030069|4015, com.sometimeswefly.littlealchemy, 
15030569|1, 15030569|1600, 15030649|1645, 15030649|1862, 15030729|1901, 15030729|2184, 15030809|2243, 15030809|2345, 15031381|2404, 15031381|2578, 15031501|2641, 15031581|2699, 15031581|2850, 15031661|2897, 15031661|4047, com.sometimeswefly.littlealchemy, 
15032101|1, 15032101|4037, com.google.android.apps.photos, 
15032101|1, 15032101|1416, 15032181|1492, 15032181|1540, 15032277|1601, 15032277|2455, 15032357|2542, 15032357|4007, com.whatsapp, 
15032589|1, 15032589|1226, 15032669|1323, 15032669|1357, 15032765|1425, 15032765|2220, 15032845|2290, 15032845|4017, com.whatsapp, 
15033005|1, 15033005|1401, 15033077|1453, 15033077|4019, at.DiTronic.androidgroup.randomgallery, 
15033077|1, 15033077|1309, 15033157|1369, 15033157|1476, 15033253|1525, 15033253|2349, 15033333|2399, 15033333|4042, com.whatsapp, 
15033493|1, 15033493|1392, 15033573|1490, 15034255|1591, 15037252|1647, 15038331|1732, 15038331|2579, 15038643|2637, 15038643|4038, com.ted.android, 
15044595|1, 15044595|1644, 15044974|1758, 15045454|1833, 15047478|1910, 15047538|1958, 15047538|3120, 15048395|3194, 15055534|3236, 15055534|3881, 15055678|3964, 15055678|4071, com.antutu.ABenchMark, 
15056069|1, 15056069|1421, 15056165|1510, 15056165|4013, com.whatsapp, 
15056325|1, 15056325|1801, 15056405|1859, 15056727|1905, 15057015|1948, 15057429|2010, 15057429|2047, 15057729|2097, 15057801|2152, 15057801|4028, com.skype.raider, 
15057993|1, 15057993|4040, com.booking, 
15057993|1, 15057993|2279, 15058073|2357, 15058073|3211, 15058153|3519, 15058153|4005, com.paypal.android.p2pmobile, 
15058305|1, 15058305|4018, com.google.android.deskclock, 
15058305|1, 15058305|1310, 15058385|1388, 15058385|1476, 15058481|1533, 15058481|2313, 15058561|2376, 15058561|4012, com.whatsapp, 
15058793|1, 15058793|1577, 15058873|1653, 15059185|1715, 15059245|1759, 15059245|1864, 15059405|1918, 15060323|1991, 15060941|2076, 15062155|2155, 15062155|2272, 15062227|2321, 15062227|4056, com.dropbox.android, 
15062603|1, 15062603|2530, 15062683|2840, 15062763|3162, 15062843|3349, 15062843|4007, com.Slack, 
15063323|1, 15063323|743, 15063498|796, 15063498|946, 15063618|1025, 15063618|1476, 15063698|1524, 15063698|1578, 15063794|1638, 15063794|1907, 15063969|1980, 15063969|2132, 15064089|2203, 15064089|2499, 15064169|2553, 15064169|4031, com.whatsapp, 
15064489|1, 15064489|1683, 15065129|1770, 15065129|1909, 15067031|1964, 15067031|2103, 15067331|2159, 15067391|2215, 15067391|2665, 15067551|2703, 15067551|2879, 15068745|2944, 15068825|2993, 15068825|3118, 15071164|3159, 15072121|3211, 15072121|3334, 15075337|3618, 15076094|3659, 15076094|4020, com.instagram.android, 
15077148|1, 15077148|4039, com.facebook.katana, 
15077148|1, 15077148|2484, 15077228|2565, 15077228|3517, 15077308|3558, 15077308|4187, com.paypal.android.p2pmobile, 
15077460|1, 15077460|4062, com.ebay.mobile, 
15078100|1, 15078100|1336, 15078180|1423, 15078180|1512, 15078660|1615, 15078820|1686, 15079851|1790, 15080485|1855, 15081119|1897, 15082076|1991, 15082376|2051, 15082436|2098, 15085092|2165, 15085732|2216, 15085732|2352, 15088748|2399, 15088828|2458, 15088828|2589, 15089625|2642, 15089705|2692, 15089705|3471, 15090242|3726, 15090242|4007, com.instagram.android, 
15091099|1, 15091099|1384, 15091179|1453, 15091179|1660, 15091259|1698, 15091259|2389, 15091499|2460, 15091499|2569, 15092131|2639, 15092211|2700, 15092211|2798, 15092331|2858, 15092331|4036, com.sometimeswefly.littlealchemy, 
15092951|1, 15092951|1471, 15093031|1579, 15093353|1638, 15093713|1727, 15096710|1790, 15097789|1880, 15097789|2329, 15098017|2394, 15098017|2606, 15098177|2839, 15098177|4244, com.ted.android, 
15106457|1, 15106457|4041, com.Slack, 
15106457|1, 15106457|1417, 15106537|1531, 15106537|1668, 15106617|1720, 15106617|2385, 15106697|2456, 15106777|2507, 15106777|2695, 15106937|2734, 15106937|3429, 15107017|3466, 15107017|3668, 15107097|3721, 15107097|4033, com.android.chrome, 
15107649|1, 15107649|1560, 15107729|1742, 15107889|1829, 15107889|1970, 15107969|2008, 15108049|2051, 15108049|2596, 15108129|2661, 15108129|2745, 15108289|2802, 15108289|2847, 15108369|2886, 15108369|2943, 15108449|3002, 15108529|3039, 15108529|3610, 15108609|3667, 15108609|3845, 15108689|3877, 15108689|4036, com.android.chrome, 
15109649|1, 15109649|712, 15109729|751, 15109809|791, 15109809|1591, 15109889|1691, 15110344|1840, 15110957|1918, 15112114|2055, 15112402|2105, 15112809|2188, 15112809|2307, 15112869|2388, 15112869|3081, 15113036|3150, 15113216|3208, 15113216|3732, 15113296|3774, 15113296|4033, com.cnn.mobile.android.phone, 
15115254|1, 15115254|589, 15115334|649, 15115334|779, 15115659|888, 15115659|930, 15116019|1013, 15116184|1118, 15116184|1223, 15116556|1299, 15116556|1387, 15116738|1495, 15116738|1804, 15117086|1863, 15117086|2187, 15117158|2272, 15117158|4044, com.tripadvisor.tripadvisor, 
15117158|1, 15117158|1374, 15117318|1459, 15117318|1626, 15117931|1697, 15118409|1778, 15118763|1849, 15119051|1960, 15119051|2376, 15119131|2497, 15119426|2577, 15119426|2713, 15119751|2784, 15119751|2889, 15120158|2950, 15120158|3088, 15120218|3156, 15120218|3525, 15120385|3569, 15120565|3621, 15120565|4038, com.cnn.mobile.android.phone, 
15122792|1, 15122864|99, 15122864|1661, 15122944|1728, 15122944|1900, 15123024|1955, 15123024|2175, 15123104|2238, 15123104|2341, 15123676|2406, 15123676|2585, 15123796|2648, 15123876|2716, 15123876|2873, 15123956|2927, 15123956|4038, com.sometimeswefly.littlealchemy, 
15124456|1, 15124456|4009, com.tripadvisor.tripadvisor, 
15124456|1, 15124456|4006, com.booking, 
15124456|1, 15124456|1591, 15124536|1642, 15124858|1691, 15125362|1750, 15125560|1798, 15125860|1842, 15125860|1900, 15125932|1951, 15125932|4020, com.skype.raider, 
15126124|1, 15126124|4056, com.booking, 
15126124|1, 15126124|4030, com.github.shadowsocks, 
15126124|1, 15126124|1366, 15126609|1463, 15126897|1510, 15128024|1636, 15128492|1748, 15128637|1820, 15128637|1887, 15129044|2021, 15129044|2072, 15129104|2127, 15129104|2394, 15129271|2443, 15129451|2502, 15129451|2687, 15129594|2760, 15129594|2855, 15129654|2915, 15129654|4030, com.cnn.mobile.android.phone, 
15133021|1, 15133021|277, 15133369|327, 15133369|448, 15133441|534, 15133441|4004, com.facebook.katana, 
15133537|1, 15133537|4054, com.facebook.katana, 
15133537|1, 15133537|4011, at.DiTronic.androidgroup.randomgallery, 
15133537|1, 15133537|1760, 15133617|1798, 15133617|2018, 15133697|2075, 15133697|2320, 15133777|2387, 15133777|2474, 15134349|2526, 15134349|2763, 15134549|2825, 15134549|3032, 15134629|3101, 15134629|4044, com.sometimeswefly.littlealchemy, 
15135129|1, 15135129|4045, com.ebay.mobile, 
15135129|1, 15135129|4004, com.tripadvisor.tripadvisor, 
15135129|1, 15135129|4030, com.github.shadowsocks, 
15135129|1, 15135129|4014, at.DiTronic.androidgroup.randomgallery, 
15135129|1, 15135129|1569, 15135209|1658, 15135289|1812, 15135369|1904, 15135369|1961, 15135449|2012, 15135449|2062, 15135529|2133, 15135529|2623, 15135609|2685, 15135609|2720, 15135689|2759, 15135689|2813, 15135769|2867, 15135769|2903, 15135849|2958, 15135929|3023, 15135929|3054, 15136009|3097, 15136009|3639, 15136089|3696, 15136089|3870, 15136169|3921, 15136169|4014, com.android.chrome, 
15137041|1, 15137041|4023, com.booking, 
15137041|1, 15137041|1232, 15137121|1291, 15137526|1377, 15138253|1443, 15138941|1568, 15139554|1713, 15139554|1780, 15139961|1924, 15140021|1996, 15140021|2108, 15140188|2194, 15140368|2248, 15140368|3473, 15140511|3531, 15140511|3601, 15140571|3658, 15140571|4041, com.cnn.mobile.android.phone, 
15144250|1, 15144322|65, 15144322|4034, com.github.shadowsocks, 
15144322|1, 15144322|1263, 15144402|1339, 15144402|1393, 15144498|1458, 15144498|2280, 15144578|2332, 15144578|4027, com.whatsapp, 
15144738|1, 15144738|1370, 15144810|1418, 15144810|1561, 15144890|1612, 15144970|1656, 15145450|1737, 15145450|1798, 15145767|1860, 15147669|1933, 15147986|2000, 15147986|2038, 15148046|2078, 15148286|2127, 15148466|2181, 15148466|4062, com.instagram.android, 
15148466|1, 15148466|4006, com.google.android.deskclock, 
15148466|1, 15148466|2649, 15148626|3062, 15148706|3252, 15148706|3800, 15148786|3926, 15148866|4182, com.Slack, 
15149258|1, 15149258|1760, 15149338|1837, 15149338|1981, 15149418|2051, 15149418|2609, 15149498|2685, 15149498|2730, 15149578|2803, 15150230|2888, 15150230|2942, 15150290|2995, 15150370|3075, 15150490|3154, 15150490|4013, com.sometimeswefly.littlealchemy, 
15151210|1, 15151210|4026, com.ebay.mobile, 
15151290|1, 15151290|112, 15151370|146, 15151370|1222, 15151450|1336, 15151450|1406, 15151745|1498, 15152150|1598, 15152906|1671, 15153595|1772, 15154290|1891, 15154290|2000, 15154350|2062, 15154350|2913, 15154517|2967, 15154697|3004, 15154697|3848, 15154840|3916, 15154840|4014, com.cnn.mobile.android.phone, 
15157677|1, 15157677|76, 15158049|128, 15158049|250, 15158121|313, 15158231|419, 15158231|1546, 15158659|1656, 15159438|1735, 15161594|1873, 15161594|3048, 15162451|3112, 15169398|3159, 15169458|3200, 15169458|3340, 15169530|3381, 15169530|4394, com.antutu.ABenchMark, 
15169830|1, 15169830|1706, 15169910|1760, 15169910|1978, 15169990|2046, 15169990|2322, 15170070|2367, 15170070|2429, 15170130|2500, 15170642|2555, 15170642|2747, 15170842|2798, 15170842|2998, 15170922|3069, 15170922|4007, com.sometimeswefly.littlealchemy, 
15172142|1, 15172142|2555, 15172222|2608, 15172222|3790, 15172302|3830, 15172302|4033, com.Slack, 
15172382|1, 15172382|469, 15172462|521, 15172462|4039, com.tripadvisor.tripadvisor, 
15172534|1, 15172534|3901, 15172614|3940, 15172614|4043, com.google.android.deskclock, 
15172766|1, 15172766|4013, com.Slack, 
15172766|1, 15172766|4064, com.google.android.apps.photos, 
15172766|1, 15172766|1515, 15172846|1595, 15172846|1754, 15172926|1804, 15173006|1867, 15173006|2499, 15173086|2569, 15173086|2702, 15173166|2766, 15173246|2801, 15173246|2945, 15173326|2985, 15173326|3113, 15173406|3197, 15173406|3697, 15173486|3750, 15173486|3925, 15173566|3982, 15173566|4041, com.android.chrome, 
15174598|1, 15174598|1658, 15174678|1769, 15174758|1867, 15174838|1953, 15174838|2056, 15174918|2134, 15174998|2175, 15174998|2849, 15175078|2916, 15175158|2969, 15175158|3065, 15175238|3112, 15175318|3173, 15175398|3223, 15175398|3352, 15175478|3397, 15175478|4032, com.android.chrome, 
15176510|1, 15176510|1499, 15176590|1562, 15177272|1650, 15180269|1714, 15181348|1843, 15181348|3609, 15181492|3679, 15181492|4122, com.ted.android, 
15188462|1, 15188462|1453, 15188542|1522, 15189152|1579, 15189152|1617, 15189566|1679, 15189866|1736, 15189866|1773, 15189938|1817, 15189938|4049, com.skype.raider, 
15190130|1, 15190130|2331, 15191496|2433, 15191496|2483, 15192037|2524, 15193040|2581, 15193040|2710, 15193184|2795, 15193184|4042, com.dropbox.android, 
15193400|1, 15193400|2328, 15193480|2416, 15193480|3308, 15193560|3383, 15193560|4018, com.paypal.android.p2pmobile, 
15193640|1, 15193640|1709, 15193736|1781, 15193736|4022, com.booking, 
15193976|1, 15193976|4023, com.google.android.deskclock, 
15193976|1, 15193976|4021, at.DiTronic.androidgroup.randomgallery, 
15193976|1, 15193976|4012, at.DiTronic.androidgroup.randomgallery, 
15193976|1, 15193976|4137, com.ebay.mobile, 
15193976|1, 15193976|1662, 15194056|1715, 15194378|1775, 15194666|1832, 15194882|1870, 15195080|1918, 15195380|1971, 15195452|2020, 15195452|4009, com.skype.raider, 
15195644|1, 15195644|4052, com.facebook.katana, 
15195644|1, 15195644|4035, com.google.android.deskclock, 
15195644|1, 15195644|4029, com.google.android.apps.photos, 
15195644|1, 15195644|4002, com.github.shadowsocks, 
15195644|1, 15195644|1833, 15196503|1958, 15198603|2076, 15198603|3240, 15199460|3337, 15206631|3382, 15206631|3438, 15206691|3491, 15206691|4055, com.antutu.ABenchMark, 
15207022|1, 15207022|4003, com.github.shadowsocks, 
15207182|1, 15207182|546, 15207262|588, 15207262|1511, 15207664|1605, 15211021|1713, 15212100|1817, 15212100|2105, 15212244|2165, 15212244|4222, com.ted.android, 
15217902|1, 15217902|119, 15217982|171, 15217982|4042, com.csst.ecdict, 
15218277|1, 15218277|2709, 15218437|3231, 15218517|3451, 15218517|4091, com.Slack, 
15219069|1, 15219069|1732, 15219209|1884, 15221952|2009, 15222012|2076, 15222012|3444, 15222509|3493, 15222509|3589, 15230128|3648, 15230188|3686, 15230188|4151, com.antutu.ABenchMark, 
15230588|1, 15230588|4027, com.booking, 
15230748|1, 15230748|4039, com.booking, 
15230820|1, 15230820|4044, com.csst.ecdict, 
15230820|1, 15230820|1650, 15230900|1735, 15230900|1778, 15230996|1872, 15230996|2646, 15231076|2726, 15231076|4006, com.whatsapp, 
15232028|1, 15232028|1143, 15232108|1223, 15232108|3210, 15232188|3263, 15232188|4010, com.github.shadowsocks, 
15232420|1, 15232420|1484, 15232500|1579, 15233182|1706, 15237258|1858, 15237258|2113, 15237402|2226, 15237402|4015, com.ted.android, 
15243092|1, 15243092|2301, 15243172|2359, 15243172|4006, com.github.shadowsocks, 
15243252|1, 15243252|1577, 15243332|1639, 15243654|1684, 15243942|1739, 15244158|1793, 15244656|1841, 15244656|1918, 15244728|1978, 15244728|4006, com.skype.raider, 
15244920|1, 15244920|1334, 15245000|1384, 15245000|1463, 15245295|1548, 15245295|1686, 15245555|1770, 15246025|1845, 15246601|1898, 15247552|2007, 15247840|2096, 15247900|2143, 15247900|2889, 15248247|2955, 15248247|3284, 15248390|3373, 15248390|3438, 15248450|3476, 15248450|4039, com.cnn.mobile.android.phone, 
15251239|1, 15251239|61, 15251493|144, 15251493|226, 15251573|288, 15251573|540, 15251653|591, 15251653|737, 15251976|806, 15251976|880, 15252501|987, 15252501|1137, 15253023|1234, 15253023|1271, 15253133|1359, 15253133|1492, 15253205|1569, 15253205|2348, 15253285|2399, 15253285|3917, 15253365|3970, 15253365|4027, com.google.android.apps.photos, 
15253925|1, 15253925|2530, 15254005|2608, 15254005|3541, 15254085|3580, 15254085|4008, com.paypal.android.p2pmobile, 
15254397|1, 15254397|4043, com.csst.ecdict, 
15254397|1, 15254397|867, 15254477|949, 15254477|1055, 15254557|1131, 15254557|4048, com.tripadvisor.tripadvisor, 
15254629|1, 15254629|4036, com.booking, 
15254629|1, 15254629|1426, 15254709|1482, 15254709|1533, 15254805|1598, 15254805|2409, 15254885|2474, 15254885|4030, com.whatsapp, 
15255277|1, 15255277|1528, 15255679|1643, 15259036|1708, 15260186|1801, 15260186|2368, 15260558|2448, 15260558|4029, com.ted.android, 
15265260|1, 15265260|1416, 15265420|1474, 15266033|1572, 15267160|1694, 15267628|1828, 15267773|1891, 15267773|1982, 15268180|2100, 15268180|2163, 15268240|2223, 15268240|2602, 15268407|2669, 15268502|2723, 15268622|2779, 15268622|2952, 15268765|2994, 15268765|3114, 15268825|3176, 15268825|4052, com.cnn.mobile.android.phone, 
15272691|1, 15272691|111, 15273147|152, 15273312|189, 15273312|289, 15273834|358, 15273834|517, 15274016|594, 15274016|927, 15274126|1014, 15274126|4029, com.ebay.mobile, 
15274222|1, 15274222|4010, at.DiTronic.androidgroup.randomgallery, 
15274222|1, 15274222|2252, 15274302|2326, 15274302|2505, 15274382|2543, 15274382|3285, 15274462|3322, 15274462|3532, 15274542|3573, 15274542|4027, com.google.android.apps.photos, 
15274934|1, 15274934|1834, 15275574|1917, 15275574|2058, 15278110|2135, 15278590|2199, 15278750|2263, 15279050|2322, 15280181|2391, 15281766|2459, 15282406|2506, 15282406|2542, 15282586|2606, 15282886|2676, 15285502|2743, 15285502|2890, 15286379|2958, 15286379|3420, 15286836|3489, 15286836|4100, com.instagram.android, 
15287573|1, 15287573|4002, com.Slack, 
15287733|1, 15287733|3902, 15287805|3980, 15287805|4031, com.tripadvisor.tripadvisor, 
15287805|1, 15287805|1300, 15287885|1361, 15288290|1443, 15288873|1521, 15289705|1638, 15290173|1719, 15290318|1809, 15290318|1885, 15290725|2017, 15290725|2068, 15290785|2130, 15290785|2539, 15291132|2600, 15291132|3608, 15291275|3665, 15291275|3745, 15291335|3810, 15291335|4025, com.cnn.mobile.android.phone, 
15294324|1, 15294324|68, 15294696|121, 15294696|285, 15294958|401, 15294958|527, 15295281|580, 15295281|705, 15295425|749, 15295806|862, 15295806|952, 15296328|984, 15296328|1112, 15296510|1180, 15296510|1625, 15296620|1694, 15296620|4024, com.google.android.apps.photos, 
15296780|1, 15296780|2394, 15296860|2453, 15296860|3388, 15296940|3455, 15296940|4048, com.paypal.android.p2pmobile, 
15297020|1, 15297020|4028, at.DiTronic.androidgroup.randomgallery, 
15297020|1, 15297020|4044, com.tripadvisor.tripadvisor, 
15297020|1, 15297020|1609, 15297100|1709, 15297472|1788, 15297472|1842, 15297552|1905, 15298262|1965, 15299168|2040, 15300382|2122, 15300382|2263, 15300526|2322, 15300526|4032, com.dropbox.android, 
15300742|1, 15300742|1447, 15301147|1543, 15301803|1615, 15302642|1734, 15302930|1848, 15303110|1965, 15303255|2043, 15303255|2125, 15303662|2178, 15303662|2312, 15303722|2402, 15303722|2676, 15304069|2751, 15304069|4031, com.cnn.mobile.android.phone, 
15307120|1, 15307443|194, 15307443|354, 15307968|433, 15307968|516, 15308490|570, 15308490|745, 15308672|914, 15308672|1226, 15308782|1314, 15308782|3638, 15308862|3691, 15308862|4017, com.google.android.apps.photos, 
15309422|1, 15309422|4028, com.google.android.deskclock, 
15309582|1, 15309582|1586, 15309984|1682, 15310344|1746, 15310344|1795, 15310501|1865, 15314420|1972, 15314420|2320, 15314564|2383, 15314564|4033, com.ted.android, 
15319458|1, 15319458|828, 15319538|926, 15319538|1303, 15319618|1371, 15319618|1660, 15319698|1721, 15320070|1799, 15320070|1893, 15320230|1958, 15321148|2057, 15322798|2187, 15322980|2230, 15322980|2345, 15323124|2404, 15323124|4031, com.dropbox.android, 
15323340|1, 15323340|4007, com.google.android.apps.photos, 
15323340|1, 15323340|2678, 15323420|2767, 15323420|3671, 15323500|3729, 15323500|4027, com.paypal.android.p2pmobile, 
15323740|1, 15323740|3535, 15323812|3602, 15323812|4017, com.tripadvisor.tripadvisor, 
15323812|1, 15323812|4015, com.tripadvisor.tripadvisor, 
15323812|1, 15323812|1515, 15323892|1653, 15323892|1872, 15323972|1917, 15323972|2562, 15324052|2650, 15324132|2716, 15324132|2833, 15324212|2903, 15324292|2961, 15324292|3597, 15324372|3673, 15324372|3878, 15324452|3931, 15324452|4040, com.android.chrome, 
15325004|1, 15325004|1594, 15325164|1718, 15325244|1843, 15325244|1941, 15325324|2004, 15325404|2047, 15325404|2712, 15325484|2768, 15325564|2823, 15325644|2888, 15325644|2943, 15325724|3027, 15325804|3078, 15325884|3130, 15325884|3863, 15325964|3918, 15325964|4035, com.android.chrome, 
15326844|1, 15326844|4050, com.csst.ecdict, 
15326844|1, 15326844|4041, com.tripadvisor.tripadvisor, 
15326844|1, 15326844|1817, 15327463|1903, 15327463|1986, 15329201|2117, 15329859|2189, 15329859|3660, 15337583|3729, 15337583|3771, 15337643|3814, 15337643|4009, com.antutu.ABenchMark, 
15337943|1, 15337943|4063, com.ebay.mobile, 
15337943|1, 15337943|4028, com.google.android.deskclock, 
15337943|1, 15337943|2014, 15338023|2107, 15338023|2181, 15338813|2298, 15339554|2384, 15340933|2504, 15340933|2631, 15341077|2686, 15341077|3027, 15341469|3131, 15341529|3228, 15341529|4035, com.dropbox.android, 
15341745|1, 15341745|4023, com.ebay.mobile, 
15341745|1, 15341745|2254, 15342147|2321, 15342651|2422, 15343149|2515, 15343221|2600, 15343221|4032, com.skype.raider, 
15343413|1, 15343413|1482, 15343493|1664, 15343493|2442, 15343573|2565, 15343573|3158, 15343653|3295, 15343653|4062, com.booking, 
15343973|1, 15343973|4025, com.csst.ecdict, 
15344525|1, 15344525|894, 15344605|987, 15344605|3921, 15344685|3977, 15344685|4028, com.csst.ecdict, 
15344685|1, 15344685|4005, com.csst.ecdict, 
15344685|1, 15344685|2509, 15344765|2995, 15344925|3226, 15345005|4023, com.Slack, 
15345477|1, 15345477|1860, 15346117|1958, 15346117|2070, 15347702|2143, 15349293|2209, 15349293|2287, 15349413|2343, 15352309|2413, 15353045|2469, 15353045|2604, 15355499|2674, 15356141|2731, 15356141|2857, 15356981|2922, 15357378|2969, 15357378|3122, 15357835|3176, 15357835|3354, 15358212|3416, 15358212|4035, com.instagram.android, 
15358528|1, 15358528|4037, com.facebook.katana, 
15358688|1, 15358688|4024, com.Slack, 
15358760|1, 15358760|713, 15358935|793, 15358935|903, 15359055|957, 15359055|1444, 15359135|1520, 15359135|1658, 15359215|1706, 15359390|1804, 15359390|1890, 15359510|1953, 15359510|2408, 15359590|2497, 15359590|2621, 15359670|2679, 15359750|2729, 15359750|2869, 15359830|2926, 15359830|3595, 15359910|3654, 15359910|3881, 15359990|3935, 15359990|4047, com.android.chrome, 
15360470|1, 15360470|1784, 15360550|1839, 15360622|1877, 15361160|1941, 15361376|1993, 15361574|2047, 15361874|2083, 15361874|2130, 15361946|2189, 15361946|4045, com.skype.raider, 
15362138|1, 15362138|878, 15362218|1010, 15362218|1406, 15362298|1476, 15362980|1586, 15365977|1683, 15367055|1750, 15367055|1938, 15367135|2038, 15367135|2092, 15367279|2144, 15367279|3928, 15367359|3977, 15367359|4043, com.ted.android, 
15367583|1, 15367583|1608, 15367663|1653, 15367985|1708, 15368489|1771, 15368687|1837, 15368987|1880, 15368987|1915, 15369059|1975, 15369059|4040, com.skype.raider, 
15369251|1, 15369251|4021, com.google.android.apps.photos, 
15369251|1, 15369251|4028, com.github.shadowsocks, 
15369251|1, 15369251|2946, 15369331|2988, 15369331|3912, 15369411|3958, 15369411|4051, com.paypal.android.p2pmobile, 
15369563|1, 15369563|4032, at.DiTronic.androidgroup.randomgallery, 
15369563|1, 15369563|1648, 15369643|1715, 15370015|1781, 15370015|1836, 15370805|1940, 15371381|2005, 15372683|2091, 15372925|2177, 15372925|2265, 15373069|2310, 15373069|4049, com.dropbox.android, 
15373285|1, 15373285|4026, com.google.android.deskclock, 
15373285|1, 15373285|2384, 15373365|2459, 15373365|3439, 15373445|3476, 15373445|4060, com.paypal.android.p2pmobile, 
15373597|1, 15373597|4027, at.DiTronic.androidgroup.randomgallery, 
15373597|1, 15373597|1675, 15373677|1748, 15373999|1815, 15374503|1876, 15374701|1919, 15375001|1962, 15375001|2035, 15375073|2095, 15375073|4030, com.skype.raider, 
15375265|1, 15375265|1972, 15375345|2038, 15375667|2101, 15375955|2160, 15376171|2205, 15376369|2252, 15376669|2310, 15376741|2372, 15376741|4052, com.skype.raider, 
15376933|1, 15376933|1941, 15377013|2039, 15378038|2167, 15379876|2303, 15379876|3642, 15380733|3716, 15387600|3781, 15387660|3822, 15387660|4063, com.antutu.ABenchMark, 
15388051|1, 15388051|4008, com.google.android.apps.photos, 
15388051|1, 15388051|4061, com.ebay.mobile, 
15388051|1, 15388051|1870, 15388131|1993, 15388451|2057, 15388691|2141, 15390276|2276, 15391867|2369, 15392047|2444, 15392167|2490, 15392347|2555, 15395523|2635, 15395523|2725, 15395703|2786, 15398619|2850, 15398619|3825, 15399576|3874, 15399576|4011, com.instagram.android, 
15400590|1, 15400590|1738, 15400670|1812, 15401150|1914, 15401230|1990, 15402498|2083, 15403766|2171, 15404466|2258, 15404646|2315, 15404826|2363, 15407762|2451, 15408002|2523, 15408002|2588, 15408362|2642, 15411098|2707, 15411098|2849, 15411975|2927, 15411975|3383, 15412432|3465, 15412432|3639, 15412809|3686, 15412809|4001, com.instagram.android, 
15412869|1, 15412869|2316, 15413728|2549, 15415812|2722, 15415812|4060, com.antutu.ABenchMark, 
15423944|1, 15423944|3704, 15424024|3834, 15424024|4074, com.paypal.android.p2pmobile, 
15424184|1, 15424184|4034, com.facebook.katana, 
15424184|1, 15424184|4033, com.github.shadowsocks, 
15424184|1, 15424184|4021, com.facebook.katana, 
15424184|1, 15424184|1990, 15424264|2059, 15424636|2122, 15424636|2215, 15424796|2325, 15426002|2435, 15427304|2510, 15427546|2606, 15427546|2683, 15427690|2746, 15427690|4037, com.dropbox.android, 
15427906|1, 15427906|1067, 15427986|1160, 15427986|1627, 15428066|1687, 15428748|1785, 15428748|1874, 15432822|1990, 15432822|2074, 15432902|2173, 15432902|2253, 15433046|2349, 15433046|4049, com.ted.android, 
15433350|1, 15433350|4034, com.google.android.deskclock, 
15433350|1, 15433350|4021, com.csst.ecdict, 
15433350|1, 15433350|1721, 15433750|1806, 15433990|1883, 15433990|1940, 15435575|2016, 15436209|2084, 15437166|2149, 15437286|2199, 15437466|2237, 15437586|2294, 15440342|2364, 15440822|2417, 15440822|2491, 15440882|2549, 15443918|2641, 15443918|3158, 15444470|3193, 15444795|3393, 15445035|3440, 15445432|3498, 15445432|3661, 15445809|3723, 15445809|4031, com.instagram.android, 
15445869|1, 15445869|4010, com.ebay.mobile, 
15445869|1, 15445869|1673, 15446269|1768, 15446269|1827, 15446509|1896, 15447777|2004, 15447777|2079, 15449205|2137, 15449925|2201, 15449925|2321, 15453341|2403, 15453341|2556, 15456377|2640, 15456377|2787, 15457174|2853, 15457254|2923, 15457254|3839, 15457791|3894, 15457791|4018, com.instagram.android, 
15458288|1, 15458288|4048, com.facebook.katana, 
15458288|1, 15458288|4014, com.ebay.mobile, 
15458288|1, 15458288|4005, com.facebook.katana, 
15458288|1, 15458288|2354, 15458428|2541, 15459147|2712, 15461231|2891, 15461231|4007, com.antutu.ABenchMark, 
15469567|1, 15469567|4077, com.facebook.katana, 
15469567|1, 15469567|2069, 15470019|2272, 15470099|2469, 15471715|2672, 15472881|2874, 15473025|3031, 15473025|4059, com.dropbox.android, 
15473169|1, 15473169|2702, 15473809|2842, 15475394|2984, 15475394|3357, 15475694|3473, 15475694|3670, 15475934|3769, 15477525|4018, com.instagram.android, 
15487268|1, 15487268|1372, 15487720|1523, 15487880|1649, 15489086|1769, 15490630|1936, 15490630|2042, 15490774|2140, 15490884|2241, 15490884|4199, com.dropbox.android, 
15491100|1, 15491100|1360, 15491180|1477, 15491552|1572, 15491552|1686, 15492918|1847, 15494462|2009, 15494462|2116, 15494618|2238, 15494618|4164, com.dropbox.android, 
