6|1, 6|1462, 7|1577, 8|1704, 9|1793, 9|1845, 10|1894, 10|2515, 11|2606, 11|2759, 12|2855, 12|4023, com.android.chrome, 
6|1, 6|1130, 8|1234, 9|1302, 9|1466, 10|1537, 12|1600, 13|1667, 13|1727, 14|1792, 15|1917, 16|1980, 16|2180, 15|2269, 16|2354, 16|3328, 17|3383, 17|3439, 16|3493, 16|4010, com.antutu.ABenchMark, 
6|1, 6|1264, 7|1382, 7|4021, com.whatsapp, 
6|1, 6|1061, 8|1120, 9|1208, 9|1404, 11|1495, 13|1565, 13|1712, 15|1808, 15|2874, 16|2932, 16|3160, 17|3216, 16|3274, 16|4056, com.antutu.ABenchMark, 
6|1, 6|1275, 9|1403, 9|1578, 8|1684, 8|1830, 7|1906, 7|2262, 9|2608, 9|4055, com.Slack, 
9|1, 9|1618, 10|1685, 10|1865, 11|1910, 11|2850, 12|2902, 12|3082, 13|3147, 13|4023, com.android.chrome, 
7|1, 7|3289, 8|3330, 9|3377, 9|4024, com.csst.ecdict, 
7|1, 7|4009, at.DiTronic.androidgroup.randomgallery, 
7|1, 7|1387, 8|1456, 9|1538, 9|1904, 10|1962, 10|2559, 11|2603, 12|2658, 12|2806, 13|2847, 13|3412, 14|3491, 14|3545, 15|3626, 15|3703, 16|3753, 17|3807, 18|3961, 19|4028, com.cnn.mobile.android.phone, 
9|1, 9|2581, 11|2635, 11|4004, com.csst.ecdict, 
9|1, 9|4023, com.google.android.deskclock, 
9|1, 9|1384, 10|1465, 10|1620, 11|1732, 12|1822, 12|2595, 13|2663, 13|3253, 14|3313, 14|4012, com.ted.android, 
9|1, 9|1406, 10|1459, 10|1593, 11|1652, 11|1854, 13|1901, 13|2183, 14|2245, 14|2400, 15|2466, 15|4005, com.paypal.android.p2pmobile, 
9|1, 9|1652, 10|1709, 10|1866, 11|1912, 11|2162, 12|2210, 12|4029, com.sometimeswefly.littlealchemy, 
9|1, 9|1758, 10|1805, 10|1994, 11|2052, 11|2340, 12|2388, 12|4050, com.sometimeswefly.littlealchemy, 
9|1, 9|1837, 10|1887, 10|2110, 11|2150, 11|2380, 12|2428, 12|4020, com.sometimeswefly.littlealchemy, 
9|1, 9|4038, com.github.shadowsocks, 
9|1, 9|2014, 14|2158, 15|2305, 15|2779, 18|2903, 20|3209, 20|3501, 19|3548, 19|3769, 21|3838, 21|4136, com.booking, 
9|1, 9|1631, 10|1719, 10|1918, 11|1975, 11|2255, 12|2306, 12|4036, com.sometimeswefly.littlealchemy, 
9|1, 9|1675, 10|1733, 10|1938, 11|1984, 11|2215, 12|2274, 12|4027, com.sometimeswefly.littlealchemy, 
9|1, 9|4032, com.google.android.apps.photos, 
9|1, 9|1503, 10|1560, 10|4026, com.whatsapp, 
9|1, 9|1226, 10|1308, 10|4022, com.whatsapp, 
9|1, 9|4036, at.DiTronic.androidgroup.randomgallery, 
9|1, 9|1418, 10|1463, 10|4011, com.whatsapp, 
9|1, 9|1401, 10|1497, 10|1589, 11|1663, 11|2716, 12|2775, 12|4006, com.ted.android, 
9|1, 9|1038, 11|1114, 11|1170, 12|1254, 12|1407, 15|1477, 16|1552, 16|1641, 17|1737, 18|1836, 18|2377, 19|2457, 19|3188, 20|3251, 22|4054, com.antutu.ABenchMark, 
9|1, 9|956, 8|1117, 8|4014, com.whatsapp, 
8|1, 8|1868, 9|1921, 9|3851, 10|3907, 10|4010, com.skype.raider, 
8|1, 8|1315, 10|1384, 11|1442, 11|1637, 12|1698, 12|2439, 13|2510, 13|2570, 18|2945, 18|3031, 20|3156, 20|3796, 19|3838, 17|3905, 18|3958, 18|4051, com.booking, 
8|1, 8|1385, 9|1446, 9|1654, 10|1823, 10|2299, 11|2370, 11|2502, 14|2564, 14|4039, com.paypal.android.p2pmobile, 
7|1, 7|4030, com.google.android.deskclock, 
7|1, 7|1344, 8|1409, 8|4014, com.whatsapp, 
7|1, 7|1426, 8|1511, 8|1764, 9|1806, 9|1914, 10|1964, 11|2026, 11|2117, 10|2186, 10|4035, com.dropbox.android, 
7|1, 7|1399, 9|1473, 9|1952, 8|2034, 8|2730, 9|3114, 9|3296, 10|3515, 10|4128, com.Slack, 
9|1, 9|969, 8|1027, 8|1494, 9|1552, 9|2157, 8|2222, 8|4015, com.whatsapp, 
7|1, 7|1694, 15|1776, 15|1909, 11|1970, 9|2027, 9|2940, 15|3006, 15|3390, 8|3672, 8|4021, com.instagram.android, 
7|1, 7|4015, com.facebook.katana, 
7|1, 7|1487, 8|1523, 8|1673, 9|1746, 9|1911, 11|2016, 11|2215, 12|2283, 12|2484, 13|2572, 13|4050, com.paypal.android.p2pmobile, 
7|1, 7|2068, 8|2109, 10|2178, 10|2245, 11|2291, 11|2463, 12|2548, 12|3493, 11|3571, 13|3701, 13|3753, 14|3816, 14|4029, com.ebay.mobile, 
9|1, 9|1516, 13|1619, 14|1677, 17|1775, 12|1869, 12|1913, 17|1987, 17|2412, 10|2470, 10|4026, com.instagram.android, 
9|1, 9|1613, 10|1682, 10|1840, 11|1880, 11|2573, 12|2621, 13|2698, 13|4030, com.sometimeswefly.littlealchemy, 
9|1, 9|1469, 10|1578, 10|1884, 11|1969, 11|4266, com.ted.android, 
9|1, 9|1010, 11|1053, 11|1493, 12|1575, 12|1624, 11|1672, 11|1930, 10|1969, 10|4007, com.Slack, 
9|1, 9|1393, 10|1529, 10|1749, 11|1783, 11|2478, 12|2532, 12|2718, 13|2760, 13|4007, com.android.chrome, 
8|1, 8|1551, 9|1742, 10|1866, 10|2005, 11|2051, 11|2085, 12|2140, 12|2189, 13|2223, 13|2625, 14|2692, 14|2889, 15|2924, 15|4029, com.android.chrome, 
9|1, 9|1058, 10|1138, 10|1318, 11|1381, 11|1460, 13|1550, 13|1614, 15|1688, 16|1834, 17|1922, 18|2056, 18|2128, 19|2207, 19|2328, 20|2403, 20|2599, 21|2668, 20|2724, 20|2841, 19|2890, 19|2941, 20|3007, 20|3104, 19|3163, 18|3225, 18|4044, com.cnn.mobile.android.phone, 
7|1, 7|621, 8|672, 8|1978, 9|2040, 9|4051, com.tripadvisor.tripadvisor, 
8|1, 8|1087, 10|1145, 10|1236, 11|1306, 11|1363, 14|1455, 15|1563, 15|1951, 16|2024, 17|2086, 17|2336, 18|2392, 18|2479, 19|2571, 19|3587, 18|3625, 18|3933, 17|3974, 17|4042, com.cnn.mobile.android.phone, 
8|1, 8|1715, 9|1767, 9|1935, 10|2002, 10|2227, 11|2281, 11|4038, com.sometimeswefly.littlealchemy, 
8|1, 8|2676, 9|2732, 9|4029, com.tripadvisor.tripadvisor, 
8|1, 8|1221, 11|1317, 11|1567, 12|1670, 12|2169, 13|2244, 13|2575, 14|2686, 18|2965, 15|4023, com.booking, 
8|1, 8|1594, 9|1656, 9|3826, 10|3879, 10|4026, com.skype.raider, 
8|1, 8|1349, 10|1424, 11|1473, 11|1811, 12|1887, 12|2466, 13|2589, 13|2901, 15|2984, 16|3112, 18|3212, 18|3610, 17|3688, 16|3742, 17|3782, 16|4030, com.booking, 
8|1, 8|4039, com.github.shadowsocks, 
8|1, 8|1032, 10|1102, 10|1259, 11|1317, 12|1377, 15|1475, 15|1897, 16|2013, 17|2098, 17|2261, 20|2332, 20|2511, 19|2581, 19|2842, 18|2883, 18|2930, 17|2999, 17|4044, com.cnn.mobile.android.phone, 
7|1, 7|4004, com.facebook.katana, 
7|1, 7|4010, com.facebook.katana, 
7|1, 7|4027, at.DiTronic.androidgroup.randomgallery, 
7|1, 7|1823, 8|1881, 8|2039, 9|2090, 9|2395, 10|2460, 10|4021, com.sometimeswefly.littlealchemy, 
7|1, 7|1706, 8|1769, 8|1975, 9|2048, 9|2128, 10|2191, 10|3145, 11|3195, 11|3494, 12|3676, 13|3801, 13|4048, com.ebay.mobile, 
7|1, 7|2498, 8|2557, 8|4020, com.tripadvisor.tripadvisor, 
7|1, 7|4049, com.github.shadowsocks, 
7|1, 7|4033, at.DiTronic.androidgroup.randomgallery, 
7|1, 7|1777, 9|1919, 9|2023, 10|2084, 11|2155, 11|2639, 12|2703, 12|2931, 13|2978, 13|4041, com.android.chrome, 
7|1, 7|1346, 10|1405, 10|1652, 11|1717, 11|2427, 12|2514, 12|2723, 17|3044, 17|3169, 18|3222, 19|3268, 19|3621, 18|3657, 18|3703, 17|3902, 17|4005, com.booking, 
7|1, 7|939, 8|988, 9|1059, 9|1173, 10|1228, 12|1308, 15|1390, 15|1540, 16|1684, 16|1790, 17|1913, 18|2014, 17|2064, 17|2186, 18|2266, 18|2708, 17|2758, 17|3430, 16|3487, 16|3671, 15|3733, 15|4014, com.cnn.mobile.android.phone, 
8|1, 8|4047, com.github.shadowsocks, 
8|1, 8|1257, 9|1347, 9|4031, com.whatsapp, 
8|1, 8|1620, 9|1663, 13|1733, 16|1809, 15|1864, 11|1934, 8|2003, 8|4075, com.instagram.android, 
8|1, 8|4003, com.google.android.deskclock, 
8|1, 8|1217, 10|1293, 10|1451, 9|1513, 9|1600, 10|1693, 10|1769, 11|1839, 11|1953, 10|2047, 10|2153, 9|2274, 9|2544, 10|3003, 11|3222, 11|4041, com.Slack, 
10|1, 10|1768, 11|1841, 11|2061, 12|2108, 12|2696, 13|2740, 13|2801, 14|2885, 14|4027, com.sometimeswefly.littlealchemy, 
10|1, 10|1650, 11|1740, 13|1816, 14|1871, 14|1977, 15|2043, 15|2813, 14|2863, 16|2930, 16|2996, 17|3056, 17|4029, com.ebay.mobile, 
10|1, 10|975, 11|1077, 11|1218, 12|1339, 15|1418, 16|1489, 17|1606, 17|2192, 19|2241, 19|2305, 20|2381, 21|2429, 21|2474, 20|2554, 20|2757, 21|2813, 21|3033, 20|3073, 20|3872, 19|3926, 19|4045, com.cnn.mobile.android.phone, 
10|1, 10|1095, 12|1161, 12|1317, 13|1397, 16|1473, 17|1558, 17|1632, 18|1729, 19|1840, 19|2506, 20|2602, 20|3155, 21|3211, 21|3308, 20|3360, 20|4051, com.antutu.ABenchMark, 
10|1, 10|1765, 11|1816, 11|1999, 12|2055, 12|2341, 13|2379, 13|4018, com.sometimeswefly.littlealchemy, 
12|1, 12|1181, 14|1242, 14|1321, 15|1395, 14|1468, 15|1544, 15|1868, 14|1978, 14|4020, com.Slack, 
12|1, 12|2839, 13|2912, 13|4040, com.tripadvisor.tripadvisor, 
12|1, 12|4006, com.google.android.deskclock, 
12|1, 12|1154, 14|1243, 14|1371, 13|1447, 15|1553, 15|1847, 14|1917, 14|1968, 13|2006, 13|4042, com.Slack, 
11|1, 11|4058, com.google.android.apps.photos, 
10|1, 10|1532, 11|1617, 11|1791, 12|1839, 12|2732, 13|2792, 13|2975, 14|3023, 14|4014, com.android.chrome, 
6|1, 6|1859, 8|1961, 8|2058, 9|2148, 9|2197, 10|2292, 10|3132, 11|3187, 11|3368, 12|3414, 12|4047, com.android.chrome, 
6|1, 6|1503, 7|1561, 7|1797, 8|1934, 8|4137, com.ted.android, 
6|1, 6|1439, 7|1520, 7|3450, 8|3516, 8|4046, com.skype.raider, 
6|1, 6|1537, 7|1601, 7|2175, 8|2261, 8|2318, 10|2421, 10|2536, 9|2591, 9|4043, com.dropbox.android, 
6|1, 6|1279, 7|1352, 7|1781, 9|1854, 9|1988, 10|2090, 10|2402, 11|2479, 11|4024, com.paypal.android.p2pmobile, 
6|1, 6|1261, 8|1349, 9|1438, 9|1605, 10|1683, 10|1937, 11|2003, 11|2143, 12|2274, 12|2576, 16|2948, 17|3040, 17|3385, 16|3428, 16|3569, 15|3631, 15|4005, com.booking, 
6|1, 6|4024, com.google.android.deskclock, 
6|1, 6|4023, at.DiTronic.androidgroup.randomgallery, 
6|1, 6|4037, at.DiTronic.androidgroup.randomgallery, 
6|1, 6|1886, 7|1947, 7|2004, 8|2065, 8|2144, 9|2246, 10|2337, 10|3530, 9|3595, 11|3659, 12|3754, 12|4143, com.ebay.mobile, 
6|1, 6|1723, 7|1779, 7|3660, 8|3716, 8|4019, com.skype.raider, 
6|1, 6|4088, com.facebook.katana, 
6|1, 6|4035, com.google.android.deskclock, 
6|1, 6|4027, com.google.android.apps.photos, 
6|1, 6|4011, com.github.shadowsocks, 
6|1, 6|1133, 8|1206, 8|1270, 9|1348, 9|1542, 10|1613, 13|1693, 13|1767, 14|1843, 14|1936, 15|2065, 16|2165, 16|2262, 15|2361, 15|2731, 16|2807, 16|3341, 17|3411, 17|3458, 16|3512, 16|4057, com.antutu.ABenchMark, 
6|1, 6|4009, com.github.shadowsocks, 
9|1, 9|1538, 10|1616, 11|1740, 11|4256, com.ted.android, 
8|1, 8|2533, 10|2591, 10|3187, 9|3234, 9|4019, com.csst.ecdict, 
6|1, 6|1676, 7|1756, 7|2334, 8|2623, 7|3162, 9|3394, 9|4034, com.Slack, 
8|1, 8|1083, 10|1132, 10|1215, 11|1320, 11|1485, 12|1548, 15|1674, 15|1743, 16|1826, 17|2005, 17|2682, 18|2761, 18|3467, 19|3511, 19|3708, 18|3753, 18|4040, com.antutu.ABenchMark, 
8|1, 8|2474, 13|2595, 13|2839, 15|2992, 17|3094, 17|3170, 18|3471, 18|3629, 16|3695, 16|4018, com.booking, 
8|1, 8|1433, 11|1511, 11|1818, 12|1894, 12|2600, 13|2792, 13|3108, 15|3243, 16|3430, 18|3759, 18|3859, 17|3972, 17|4058, com.booking, 
8|1, 8|3314, 10|3386, 10|4050, com.csst.ecdict, 
8|1, 8|1660, 9|1759, 9|4041, com.whatsapp, 
10|1, 10|4020, com.github.shadowsocks, 
10|1, 10|1495, 11|1611, 11|1711, 12|1823, 12|3534, 13|3822, 13|4024, com.ted.android, 
12|1, 12|4020, com.github.shadowsocks, 
12|1, 12|1678, 13|1721, 13|3717, 14|3785, 14|4048, com.skype.raider, 
12|1, 12|1059, 13|1128, 13|1419, 15|1483, 15|1571, 16|1644, 16|1795, 17|1885, 18|1926, 18|2015, 19|2133, 19|2228, 20|2305, 22|2388, 22|2993, 21|3043, 21|3520, 20|3555, 20|3758, 21|3813, 21|3929, 22|3980, 22|4059, com.cnn.mobile.android.phone, 
13|1, 13|605, 14|665, 14|3539, 13|3596, 13|3765, 12|3819, 13|4044, com.google.android.apps.photos, 
14|1, 14|1441, 15|1522, 15|2551, 16|2622, 19|2692, 19|4036, com.paypal.android.p2pmobile, 
14|1, 14|2908, 16|2966, 16|4014, com.csst.ecdict, 
14|1, 14|3070, 15|3137, 15|4057, com.tripadvisor.tripadvisor, 
14|1, 14|1413, 16|1503, 17|1584, 17|1742, 18|1857, 18|2634, 19|2768, 19|3034, 24|3369, 24|3821, 23|3871, 23|3936, 22|3993, 22|4050, com.booking, 
14|1, 14|1492, 15|1544, 15|4013, com.whatsapp, 
12|1, 12|1521, 13|1619, 13|1785, 14|1895, 14|4041, com.ted.android, 
12|1, 12|1069, 14|1148, 14|1283, 15|1346, 16|1424, 17|1489, 19|1565, 20|1675, 20|1974, 21|2088, 22|2176, 22|2311, 23|2406, 24|2470, 24|2513, 23|2594, 23|2676, 24|2736, 23|2794, 23|2907, 22|2966, 22|3120, 21|3181, 21|3647, 20|3701, 20|4017, com.cnn.mobile.android.phone, 
13|1, 13|1764, 14|1844, 16|1960, 17|2071, 17|2124, 18|2220, 18|2986, 17|3089, 18|3166, 19|3231, 19|4002, com.ebay.mobile, 
13|1, 13|4025, at.DiTronic.androidgroup.randomgallery, 
13|1, 13|1438, 12|1541, 12|1747, 11|1840, 11|2299, 12|2361, 12|2590, 13|2641, 13|4008, com.google.android.apps.photos, 
13|1, 13|1851, 15|1946, 21|2050, 21|2095, 19|2168, 16|2238, 21|2296, 21|2428, 14|2494, 20|2555, 21|2593, 21|2712, 13|2784, 14|2831, 14|4147, com.instagram.android, 
13|1, 13|1130, 15|1187, 15|1677, 14|1779, 14|4029, com.Slack, 
13|1, 13|2638, 14|2717, 14|4007, com.tripadvisor.tripadvisor, 
13|1, 13|1022, 14|1082, 14|1258, 15|1329, 15|1397, 19|1458, 20|1547, 21|1649, 21|1826, 22|1915, 24|2049, 24|2390, 23|2465, 23|2538, 24|2578, 24|2632, 23|2695, 23|3585, 22|3648, 22|3779, 21|3843, 21|4003, com.cnn.mobile.android.phone, 
12|1, 12|428, 13|495, 13|4027, com.google.android.apps.photos, 
13|1, 13|1389, 14|1480, 14|1851, 16|1903, 16|2140, 17|2225, 17|2410, 18|2461, 18|4003, com.paypal.android.p2pmobile, 
13|1, 13|4015, at.DiTronic.androidgroup.randomgallery, 
12|1, 12|2702, 13|2769, 13|4009, com.tripadvisor.tripadvisor, 
12|1, 12|1376, 13|1450, 13|1696, 14|1780, 14|1846, 15|1906, 16|1968, 16|2040, 15|2111, 15|4023, com.dropbox.android, 
12|1, 12|1141, 14|1198, 14|1317, 15|1375, 16|1463, 19|1542, 20|1632, 20|2068, 23|2141, 23|2332, 24|2422, 24|2500, 23|2593, 23|2781, 22|2832, 22|2924, 21|3007, 21|3616, 20|3664, 20|4055, com.cnn.mobile.android.phone, 
11|1, 12|308, 12|3589, 11|3643, 11|4007, com.google.android.apps.photos, 
12|1, 12|4001, com.google.android.deskclock, 
11|1, 11|1196, 10|1245, 10|1589, 11|1679, 12|1761, 12|4055, com.ted.android, 
10|1, 10|1478, 11|1573, 11|1724, 12|1808, 12|1958, 14|2039, 14|2192, 13|2252, 13|4045, com.dropbox.android, 
10|1, 10|4002, com.google.android.apps.photos, 
10|1, 10|1488, 11|1561, 11|2097, 13|2194, 13|2312, 14|2410, 14|2674, 15|2768, 15|4005, com.paypal.android.p2pmobile, 
10|1, 10|2706, 11|2785, 11|4038, com.tripadvisor.tripadvisor, 
10|1, 10|2623, 11|2692, 11|4035, com.tripadvisor.tripadvisor, 
10|1, 10|1659, 11|1713, 11|1886, 12|1930, 12|2658, 13|2730, 13|2901, 14|2967, 14|4056, com.android.chrome, 
8|1, 8|1578, 9|1699, 10|1834, 10|1946, 11|2027, 11|2073, 12|2111, 12|2898, 13|2960, 13|3153, 14|3195, 14|4053, com.android.chrome, 
8|1, 8|2633, 10|2684, 10|4002, com.csst.ecdict, 
8|1, 8|4017, com.tripadvisor.tripadvisor, 
8|1, 8|1141, 11|1234, 11|1506, 15|1582, 16|1654, 17|1817, 18|1900, 19|1994, 19|2270, 18|2344, 18|2589, 17|2725, 17|2897, 18|3001, 18|3669, 19|3732, 19|3789, 18|3826, 18|4019, com.antutu.ABenchMark, 
8|1, 8|1414, 10|1559, 10|1727, 11|1795, 12|1858, 12|2321, 13|2371, 13|2832, 12|2921, 15|3028, 15|3387, 14|3436, 14|3707, 15|3885, 15|4043, com.ebay.mobile, 
8|1, 8|4050, com.google.android.deskclock, 
8|1, 8|1621, 9|1705, 9|2043, 10|2128, 10|2207, 12|2334, 12|2405, 11|2520, 11|4019, com.dropbox.android, 
8|1, 8|2158, 9|2317, 9|2600, 10|2785, 11|2926, 11|3866, 13|3950, 14|4022, com.ebay.mobile, 
8|1, 8|2274, 9|2339, 9|4002, com.skype.raider, 
7|1, 7|1448, 8|1634, 8|2111, 12|2210, 12|2662, 13|2767, 13|2957, 14|3118, 15|3296, 15|3472, 16|3564, 18|3691, 18|3787, 20|3966, 20|4070, com.booking, 
7|1, 7|3739, 8|3792, 9|3889, 9|4051, com.csst.ecdict, 
10|1, 10|3075, 11|3145, 12|3215, 12|4001, com.csst.ecdict, 
10|1, 10|2461, 9|2520, 9|2711, 11|2771, 11|4011, com.csst.ecdict, 
8|1, 8|1301, 10|1400, 10|1555, 9|1632, 9|1814, 11|1911, 11|1994, 12|2056, 12|2179, 11|2259, 10|2398, 10|2862, 11|3202, 12|3400, 12|4139, com.Slack, 
10|1, 10|1863, 15|1965, 18|2039, 18|2156, 14|2228, 18|2282, 18|2431, 12|2494, 18|2535, 18|2694, 11|2759, 11|3380, 10|3434, 10|4016, com.instagram.android, 
10|1, 10|4024, com.facebook.katana, 
10|1, 10|1171, 12|1263, 12|1337, 11|1404, 12|1480, 12|1747, 11|1813, 11|4035, com.Slack, 
10|1, 10|931, 9|983, 9|1449, 10|1527, 10|1722, 11|1827, 11|1907, 10|1970, 10|2640, 11|2691, 11|2887, 12|2947, 12|4010, com.android.chrome, 
6|1, 6|1858, 7|1896, 7|3888, 8|3949, 8|4008, com.skype.raider, 
6|1, 6|873, 7|1002, 7|1417, 8|1486, 8|1750, 9|1839, 9|4054, com.ted.android, 
6|1, 6|1597, 7|1662, 7|3779, 8|3851, 8|4037, com.skype.raider, 
6|1, 6|4004, com.google.android.apps.photos, 
6|1, 6|4007, com.github.shadowsocks, 
6|1, 6|1703, 7|1768, 7|2242, 9|2321, 9|2533, 10|2624, 10|2977, 11|3019, 11|4029, com.paypal.android.p2pmobile, 
6|1, 6|4012, at.DiTronic.androidgroup.randomgallery, 
6|1, 6|1292, 7|1376, 7|1662, 8|1731, 8|1857, 10|1946, 10|2092, 9|2191, 9|4010, com.dropbox.android, 
6|1, 6|4035, com.google.android.deskclock, 
6|1, 6|1410, 7|1486, 7|2195, 10|2265, 10|2454, 11|2523, 11|4059, com.paypal.android.p2pmobile, 
6|1, 6|4024, at.DiTronic.androidgroup.randomgallery, 
6|1, 6|1746, 7|1826, 7|3830, 8|3898, 8|4003, com.skype.raider, 
6|1, 6|2042, 7|2102, 7|4013, com.skype.raider, 
6|1, 6|1263, 8|1341, 9|1448, 9|1633, 10|1724, 13|1838, 13|2033, 15|2147, 15|2958, 16|3038, 16|3713, 17|3790, 16|3839, 16|4002, com.antutu.ABenchMark, 
6|1, 6|4032, com.google.android.apps.photos, 
6|1, 6|2229, 7|2318, 9|2383, 9|3121, 10|3230, 11|3310, 10|3387, 13|3506, 13|4062, com.ebay.mobile, 
6|1, 6|1950, 11|2069, 12|2134, 12|2263, 7|2362, 14|2449, 14|2556, 11|2638, 14|2733, 14|2800, 11|2853, 7|2911, 7|4012, com.instagram.android, 
6|1, 6|1787, 7|1869, 10|1961, 14|2041, 13|2125, 7|2224, 14|2315, 14|2710, 6|2769, 7|2839, 7|3754, 6|3820, 6|4029, com.instagram.android, 
6|1, 6|1679, 8|1789, 9|1961, 9|2122, 13|2265, 13|2613, 15|2798, 15|3741, 16|3877, 16|4007, com.antutu.ABenchMark, 
6|1, 6|2090, 7|2348, 7|2855, 9|2992, 9|3303, 10|3488, 10|3709, 11|3845, 11|4008, com.paypal.android.p2pmobile, 
6|1, 6|4038, com.facebook.katana, 
6|1, 6|4015, com.github.shadowsocks, 
6|1, 6|4038, com.facebook.katana, 
6|1, 6|1789, 7|1911, 7|2024, 8|2104, 8|2353, 10|2463, 10|2534, 9|2615, 9|4010, com.dropbox.android, 
6|1, 6|1100, 7|1178, 7|1638, 8|1707, 8|1999, 9|2094, 9|4080, com.ted.android, 
6|1, 6|4013, com.google.android.deskclock, 
6|1, 6|2815, 8|2856, 8|4019, com.csst.ecdict, 
6|1, 6|1714, 11|1807, 12|1883, 14|1950, 13|2010, 9|2084, 10|2149, 14|2212, 14|2553, 7|2621, 7|3670, 6|3728, 6|4044, com.instagram.android, 
6|1, 6|1634, 7|1713, 7|2134, 8|2208, 9|2295, 9|3212, 10|3289, 12|3378, 12|4007, com.ebay.mobile, 
5|1, 5|1768, 10|1825, 13|1894, 13|1996, 10|2081, 10|2141, 13|2206, 13|2327, 7|2401, 13|2460, 13|2631, 6|2705, 6|4024, com.instagram.android, 
5|1, 5|4062, com.facebook.katana, 
5|1, 5|2094, 6|2205, 6|2527, 7|2662, 8|2765, 8|3772, 11|3878, 11|4037, com.ebay.mobile, 
5|1, 5|4024, com.facebook.katana, 
5|1, 5|1571, 7|1726, 8|1906, 8|2051, 11|2183, 12|2340, 12|2479, 14|2676, 14|3457, 15|3570, 15|4002, com.antutu.ABenchMark, 
5|1, 5|4069, com.facebook.katana, 
5|1, 5|1780, 6|1972, 6|2301, 7|2511, 9|2694, 8|2936, 8|4109, com.dropbox.android, 
5|1, 5|2730, 13|2837, 13|2979, 8|3129, 8|4004, com.instagram.android, 
5|1, 5|1087, 6|1240, 6|1498, 7|1635, 7|1769, 9|1890, 8|2023, 8|4255, com.dropbox.android, 
5|1, 5|1329, 6|1464, 6|1577, 7|1678, 7|1792, 9|1913, 8|2107, 8|4168, com.dropbox.android, 
