370453|1, 370453|1432, 370458|1567, 370461|1648, 370468|1735, 370469|1779, 370470|1833, 370474|1911, 370474|1974, 370475|2024, 370475|2080, 370476|2128, 370476|2398, 370479|2465, 370483|2552, 370484|2608, 370484|2655, 370486|2730, 370487|2792, 370487|3006, 370488|3079, 370488|4041, com.android.chrome, 
370510|1, 370510|1038, 370512|1097, 370522|1188, 370532|1275, 370537|1355, 370537|1421, 370540|1484, 370552|1564, 370561|1613, 370571|1687, 370580|1742, 370600|1866, 370613|1971, 370620|2050, 370626|2153, 370628|2238, 370633|2318, 370633|2550, 370637|2676, 370639|2757, 370639|3271, 370657|3337, 370660|3387, 370661|3440, 370662|4020, com.antutu.ABenchMark, 
370789|1, 370789|1211, 370790|1330, 370790|4032, com.whatsapp, 
370790|1, 370790|945, 370792|1029, 370796|1086, 370809|1192, 370817|1302, 370817|1391, 370821|1465, 370826|1541, 370826|1584, 370844|1685, 370850|1800, 370869|1915, 370872|1996, 370885|2089, 370886|2185, 370888|2263, 370895|2377, 370896|2472, 370897|2523, 370898|2628, 370899|2681, 370899|2756, 370901|2838, 370904|2911, 370907|2960, 370908|3029, 370909|3073, 370911|3129, 370929|3183, 370933|3249, 370933|4015, com.antutu.ABenchMark, 
371046|1, 371046|1142, 371048|1234, 371057|1379, 371071|1567, 371072|1630, 371072|1670, 371075|1723, 371078|1774, 371080|1860, 371081|1960, 371082|2042, 371082|2287, 371147|2743, 371152|2962, 371153|3175, 371154|3533, 371154|4035, com.Slack, 
371162|1, 371162|1328, 371164|1510, 371170|1586, 371176|1657, 371179|1706, 371179|1825, 371181|1882, 371181|2111, 371182|2167, 371182|2557, 371183|2611, 371185|2666, 371185|2709, 371189|2754, 371191|2821, 371194|2879, 371195|2945, 371195|3063, 371196|3112, 371197|3165, 371197|3335, 371198|3380, 371198|4028, com.android.chrome, 
371205|1, 371205|1961, 371208|2088, 371215|2165, 371247|2222, 371247|2540, 371248|2587, 371251|2640, 371253|2684, 371324|2750, 371342|2793, 371342|3192, 371343|3235, 371348|3273, 371351|3322, 371360|3377, 371361|3413, 371362|3459, 371362|3509, 371389|3566, 371427|3645, 371427|4038, com.csst.ecdict, 
371433|1, 371433|4017, at.DiTronic.androidgroup.randomgallery, 
371456|1, 371456|1267, 371457|1360, 371463|1427, 371468|1516, 371470|1582, 371477|1649, 371477|1820, 371483|1868, 371484|1926, 371484|2011, 371487|2079, 371487|2177, 371489|2227, 371492|2268, 371493|2320, 371493|2415, 371494|2479, 371494|2518, 371496|2573, 371496|2622, 371501|2660, 371503|2717, 371506|2769, 371506|2807, 371511|2886, 371519|2951, 371520|3001, 371520|3080, 371528|3139, 371528|3225, 371531|3302, 371533|3390, 371533|3517, 371535|3601, 371536|3670, 371539|3711, 371548|3832, 371555|3934, 371559|4000, 371564|4051, com.cnn.mobile.android.phone, 
371681|1, 371686|120, 371687|165, 371687|280, 371688|327, 371688|466, 371689|509, 371689|751, 371690|839, 371690|1590, 371693|1672, 371701|1741, 371704|1821, 371704|1967, 371705|2012, 371707|2080, 371709|2127, 371712|2171, 371712|2268, 371713|2316, 371716|2370, 371716|2500, 371719|2547, 371734|2621, 371734|2683, 371736|2739, 371736|2796, 371763|2847, 371800|2910, 371800|4034, com.csst.ecdict, 
371806|1, 371806|4021, com.google.android.deskclock, 
371806|1, 371806|1272, 371807|1351, 371807|1529, 371808|1599, 371811|1715, 371819|1786, 371820|1905, 371822|1989, 371822|2194, 371828|2257, 371829|2330, 371829|2458, 371830|2514, 371831|2550, 371832|2629, 371832|2664, 371834|2709, 371836|2762, 371836|2884, 371846|2922, 371847|2976, 371847|3059, 371867|3114, 371867|3214, 371909|3292, 371909|3375, 371911|3429, 371981|3479, 371981|3577, 371987|3609, 371988|3702, 371988|4031, com.ted.android, 
372087|1, 372087|1308, 372088|1381, 372088|1558, 372091|1624, 372091|1815, 372093|1867, 372095|1949, 372095|2015, 372099|2076, 372100|2161, 372100|2364, 372104|2443, 372104|2506, 372108|2566, 372109|2620, 372109|2822, 372114|2882, 372114|2914, 372116|2965, 372119|3010, 372119|3048, 372127|3117, 372127|3159, 372128|3203, 372128|3254, 372132|3287, 372135|3336, 372135|3518, 372136|3558, 372137|3607, 372137|3691, 372140|3757, 372140|3817, 372142|3860, 372142|3914, 372150|3971, 372150|4009, com.paypal.android.p2pmobile, 
372179|1, 372179|1520, 372180|1577, 372180|1780, 372181|1840, 372182|1880, 372182|2080, 372184|2124, 372184|2182, 372186|2246, 372186|2487, 372188|2545, 372188|4035, com.sometimeswefly.littlealchemy, 
372203|1, 372203|1690, 372204|1741, 372204|1973, 372205|2036, 372206|2082, 372206|2269, 372207|2324, 372208|2372, 372208|2436, 372210|2481, 372210|2782, 372212|2850, 372212|4036, com.sometimeswefly.littlealchemy, 
372214|1, 372214|1806, 372215|1867, 372215|2074, 372216|2126, 372217|2179, 372217|2353, 372219|2400, 372219|2500, 372221|2571, 372221|2797, 372223|2883, 372223|4044, com.sometimeswefly.littlealchemy, 
372237|1, 372237|4021, com.github.shadowsocks, 
372238|1, 372238|1922, 372243|1976, 372261|2166, 372265|2269, 372270|2348, 372285|2429, 372296|2525, 372300|2671, 372306|2763, 372317|2888, 372343|3165, 372348|3230, 372348|3278, 372350|3332, 372355|3396, 372356|3452, 372359|3505, 372359|3588, 372363|3661, 372376|3746, 372393|4090, com.booking, 
372433|1, 372433|1614, 372434|1686, 372434|1872, 372435|1933, 372436|1976, 372436|2159, 372438|2217, 372438|2336, 372440|2414, 372440|2553, 372442|2608, 372442|4025, com.sometimeswefly.littlealchemy, 
372456|1, 372456|1604, 372457|1640, 372457|1861, 372458|1905, 372459|1953, 372459|2188, 372461|2246, 372461|2349, 372463|2406, 372463|2582, 372465|2641, 372465|4047, com.sometimeswefly.littlealchemy, 
372467|1, 372467|4040, com.google.android.apps.photos, 
372467|1, 372467|1413, 372468|1495, 372468|4010, com.whatsapp, 
372468|1, 372468|1224, 372469|1307, 372469|4014, com.whatsapp, 
372469|1, 372469|4020, at.DiTronic.androidgroup.randomgallery, 
372499|1, 372499|1315, 372500|1375, 372500|4047, com.whatsapp, 
372500|1, 372500|1390, 372501|1488, 372508|1588, 372512|1649, 372513|1734, 372513|2582, 372517|2638, 372517|2693, 372518|2771, 372518|2822, 372520|2874, 372520|3145, 372524|3310, 372524|3407, 372525|3450, 372526|3484, 372526|3745, 372528|3946, 372528|4037, com.ted.android, 
372604|1, 372605|69, 372605|959, 372607|1036, 372614|1115, 372617|1166, 372629|1251, 372632|1350, 372632|1399, 372643|1489, 372660|1570, 372668|1646, 372683|1756, 372697|1832, 372703|1911, 372705|1959, 372710|2048, 372712|2125, 372712|2377, 372719|2485, 372721|2563, 372724|2651, 372728|2748, 372728|3122, 372739|3196, 372746|3238, 372746|3879, 372754|3959, 372765|4073, com.antutu.ABenchMark, 
372892|1, 372892|4030, com.whatsapp, 
372893|1, 372893|1797, 372894|1861, 372896|1909, 372900|1951, 372903|2013, 372904|2051, 372905|2100, 372906|2151, 372906|3851, 372907|3896, 372910|3950, 372910|4031, com.skype.raider, 
372915|1, 372915|1240, 372917|1312, 372918|1373, 372924|1442, 372930|1560, 372933|1624, 372937|1696, 372943|1796, 372946|1845, 372947|1941, 372948|2003, 372955|2133, 372956|2266, 372957|2351, 372958|2436, 372960|2502, 372967|2602, 372992|2941, 373002|3033, 373015|3153, 373015|3214, 373019|3287, 373021|3333, 373021|3433, 373023|3481, 373024|3537, 373024|3657, 373033|3783, 373042|3833, 373042|3897, 373050|3945, 373051|3987, 373051|4043, com.booking, 
373089|1, 373089|1356, 373090|1423, 373090|1562, 373092|1654, 373099|1833, 373099|1914, 373100|1993, 373100|2203, 373102|2282, 373103|2356, 373103|2436, 373106|2473, 373107|2546, 373113|2601, 373113|2640, 373125|2711, 373125|3215, 373133|3522, 373133|3560, 373134|3621, 373139|3691, 373140|3742, 373140|3795, 373157|3848, 373157|3892, 373164|3959, 373164|4008, com.paypal.android.p2pmobile, 
373196|1, 373196|4021, com.google.android.deskclock, 
373196|1, 373196|1314, 373197|1390, 373197|4017, com.whatsapp, 
373197|1, 373197|1390, 373198|1479, 373198|1585, 373201|1657, 373204|1724, 373205|1764, 373205|1828, 373211|1873, 373213|1925, 373222|1996, 373228|2083, 373235|2154, 373235|2327, 373236|2384, 373236|2695, 373238|2764, 373238|3197, 373239|3264, 373239|4001, com.dropbox.android, 
373247|1, 373247|1337, 373249|1387, 373253|1475, 373261|1554, 373268|1645, 373275|1726, 373277|1780, 373277|1936, 373279|2065, 373281|2153, 373282|2271, 373282|2513, 373283|2834, 373284|3155, 373285|3329, 373287|3625, 373287|4004, com.Slack, 
373289|1, 373289|748, 373291|801, 373291|946, 373293|1018, 373293|1481, 373294|1527, 373294|1912, 373296|1979, 373296|2133, 373298|2207, 373298|4036, com.whatsapp, 
373298|1, 373298|1685, 373306|1772, 373307|1842, 373313|1912, 373326|1965, 373326|2104, 373330|2160, 373332|2217, 373332|2881, 373340|2942, 373344|2995, 373344|3120, 373356|3160, 373370|3213, 373370|3333, 373397|3619, 373406|3661, 373406|4020, com.instagram.android, 
373414|1, 373414|4008, com.facebook.katana, 
373414|1, 373414|1418, 373415|1468, 373415|1610, 373416|1656, 373418|1734, 373418|1798, 373420|1837, 373422|1911, 373434|1997, 373437|2050, 373437|2112, 373448|2215, 373450|2281, 373453|2356, 373453|2418, 373457|2485, 373460|2567, 373460|3033, 373464|3076, 373464|3163, 373469|3207, 373469|3406, 373470|3466, 373475|3519, 373475|3695, 373479|3734, 373479|3796, 373482|3872, 373482|3909, 373494|3995, 373494|4031, com.paypal.android.p2pmobile, 
373521|1, 373521|1980, 373522|2038, 373522|2089, 373524|2156, 373524|2214, 373525|2263, 373531|2340, 373531|2390, 373533|2455, 373538|2523, 373547|2581, 373551|2647, 373554|2703, 373555|2751, 373561|2824, 373563|2888, 373564|2946, 373565|3003, 373565|3061, 373572|3135, 373573|3212, 373575|3255, 373575|3310, 373578|3377, 373578|3423, 373582|3472, 373588|3632, 373588|3668, 373591|3733, 373593|3785, 373593|3822, 373604|3908, 373605|3958, 373608|3999, 373611|4072, com.ebay.mobile, 
373670|1, 373670|1504, 373675|1618, 373677|1688, 373685|1789, 373696|1855, 373700|1900, 373710|1994, 373715|2051, 373715|2099, 373734|2168, 373742|2219, 373742|2356, 373762|2400, 373767|2461, 373767|2592, 373777|2643, 373778|2695, 373778|3474, 373782|3728, 373782|4010, com.instagram.android, 
373789|1, 373789|1428, 373790|1497, 373790|1708, 373791|1745, 373792|1795, 373792|1962, 373793|2040, 373793|2437, 373795|2504, 373795|2615, 373798|2684, 373798|2842, 373800|2903, 373800|4034, com.sometimeswefly.littlealchemy, 
373817|1, 373817|1472, 373818|1580, 373820|1640, 373825|1727, 373828|1786, 373830|1872, 373830|2328, 373835|2395, 373835|2607, 373839|2840, 373840|2920, 373841|2979, 373841|3125, 373843|3174, 373844|4246, com.ted.android, 
373948|1, 373948|988, 373950|1040, 373960|1130, 373963|1199, 373968|1249, 373976|1357, 373977|1414, 373981|1498, 373988|1565, 373999|1603, 374036|1672, 374036|1857, 374039|1913, 374040|1947, 374040|4043, com.Slack, 
374042|1, 374042|1207, 374044|1284, 374044|1420, 374054|1530, 374060|1577, 374060|1667, 374061|1723, 374061|1754, 374062|1804, 374062|1980, 374063|2018, 374063|2332, 374066|2384, 374067|2457, 374073|2510, 374074|2588, 374074|2641, 374075|2694, 374076|2732, 374077|2788, 374077|3001, 374078|3066, 374078|4035, com.android.chrome, 
374102|1, 374102|1562, 374105|1736, 374116|1832, 374122|1910, 374122|1973, 374123|2011, 374124|2054, 374126|2104, 374126|2147, 374127|2184, 374129|2268, 374130|2327, 374131|2367, 374131|2490, 374132|2542, 374134|2597, 374135|2663, 374140|2704, 374140|2799, 374141|2849, 374142|2889, 374143|2946, 374143|3142, 374144|3224, 374144|4039, com.android.chrome, 
374148|1, 374148|713, 374149|753, 374149|1044, 374150|1117, 374150|1190, 374152|1245, 374152|1294, 374157|1360, 374158|1447, 374163|1539, 374165|1588, 374178|1692, 374188|1841, 374195|1917, 374218|2056, 374224|2107, 374232|2189, 374235|2246, 374239|2309, 374247|2390, 374252|2459, 374257|2509, 374261|2584, 374272|2659, 374275|2701, 374277|2766, 374280|2821, 374283|2868, 374287|2924, 374291|2990, 374293|3041, 374293|3084, 374300|3152, 374304|3207, 374304|3341, 374314|3401, 374315|3441, 374315|3482, 374317|3536, 374318|3595, 374318|3628, 374319|3691, 374319|3735, 374320|3775, 374320|4034, com.cnn.mobile.android.phone, 
374379|1, 374379|592, 374380|651, 374380|782, 374382|888, 374382|933, 374387|1005, 374388|1120, 374388|1226, 374389|1302, 374389|1390, 374391|1494, 374391|1807, 374392|1866, 374392|1953, 374393|2023, 374393|2080, 374394|2116, 374395|2190, 374399|2274, 374399|2326, 374403|2364, 374403|2452, 374404|2491, 374404|2718, 374407|2803, 374407|3084, 374408|3151, 374408|3357, 374409|3429, 374410|3493, 374410|3668, 374411|3738, 374411|4046, com.tripadvisor.tripadvisor, 
374414|1, 374414|1078, 374416|1133, 374416|1177, 374418|1230, 374419|1296, 374425|1370, 374428|1462, 374434|1551, 374436|1611, 374438|1696, 374446|1777, 374454|1851, 374465|1962, 374466|2014, 374471|2081, 374471|2149, 374474|2196, 374477|2264, 374479|2332, 374479|2378, 374490|2496, 374492|2573, 374493|2628, 374502|2716, 374508|2787, 374513|2837, 374519|2891, 374521|2953, 374526|3004, 374526|3091, 374531|3159, 374532|3210, 374533|3259, 374536|3316, 374539|3375, 374540|3411, 374540|3468, 374543|3524, 374546|3572, 374549|3622, 374552|3697, 374552|3744, 374555|3803, 374558|3878, 374558|3920, 374561|3974, 374562|4036, com.cnn.mobile.android.phone, 
374627|1, 374628|107, 374628|1669, 374629|1734, 374629|1908, 374630|1963, 374631|1998, 374631|2183, 374633|2246, 374633|2349, 374635|2408, 374635|2594, 374637|2656, 374637|4046, com.sometimeswefly.littlealchemy, 
374654|1, 374654|2616, 374655|2665, 374655|2761, 374657|2804, 374657|2886, 374660|2958, 374661|3019, 374661|3143, 374662|3196, 374662|3407, 374663|3461, 374664|3535, 374664|3690, 374665|3741, 374665|4009, com.tripadvisor.tripadvisor, 
374668|1, 374668|1208, 374677|1345, 374681|1422, 374683|1481, 374687|1591, 374695|1656, 374698|1715, 374701|1857, 374701|1950, 374703|2034, 374708|2169, 374710|2237, 374713|2324, 374720|2426, 374722|2494, 374726|2571, 374731|2681, 374765|2957, 374774|3028, 374775|3076, 374777|3111, 374778|3184, 374779|3242, 374779|3328, 374780|3380, 374780|3858, 374791|3951, 374804|4005, com.booking, 
374845|1, 374845|1595, 374846|1647, 374848|1696, 374855|1751, 374856|1803, 374857|1846, 374857|1905, 374858|1956, 374858|3821, 374859|3867, 374861|3914, 374862|3970, 374862|4019, com.skype.raider, 
374867|1, 374867|1331, 374870|1410, 374870|1449, 374881|1541, 374883|1602, 374883|1651, 374886|1727, 374893|1805, 374896|1865, 374899|1970, 374900|2045, 374903|2110, 374903|2190, 374905|2260, 374906|2352, 374909|2465, 374913|2587, 374921|2697, 374925|2783, 374927|2840, 374929|2878, 374933|2997, 374950|3118, 374960|3206, 374971|3294, 374973|3345, 374973|3379, 374974|3435, 374974|3496, 374975|3540, 374978|3604, 374983|3663, 374988|3719, 374988|3803, 374990|3851, 374991|3890, 374994|3952, 375004|4061, com.booking, 
375027|1, 375027|4031, com.github.shadowsocks, 
375027|1, 375027|954, 375028|1029, 375029|1087, 375029|1114, 375031|1157, 375034|1243, 375036|1296, 375038|1366, 375048|1467, 375052|1514, 375069|1623, 375083|1751, 375090|1818, 375093|1888, 375100|2024, 375102|2075, 375106|2131, 375108|2196, 375109|2244, 375126|2337, 375130|2390, 375133|2441, 375140|2506, 375142|2570, 375147|2639, 375152|2691, 375159|2763, 375164|2825, 375167|2859, 375170|2919, 375171|2987, 375172|3023, 375172|3118, 375173|3165, 375174|3220, 375174|3394, 375175|3455, 375175|3614, 375177|3670, 375177|4031, com.cnn.mobile.android.phone, 
375256|1, 375256|279, 375257|329, 375257|451, 375258|533, 375258|4007, com.facebook.katana, 
375258|1, 375258|4007, com.facebook.katana, 
375258|1, 375258|4012, at.DiTronic.androidgroup.randomgallery, 
375322|1, 375322|1801, 375323|1867, 375323|2022, 375324|2077, 375325|2123, 375325|2323, 375327|2389, 375327|2528, 375329|2593, 375329|2763, 375331|2828, 375331|4042, com.sometimeswefly.littlealchemy, 
375346|1, 375346|1698, 375347|1785, 375347|1987, 375350|2072, 375350|2127, 375353|2202, 375357|2286, 375358|2324, 375363|2382, 375365|2481, 375366|2536, 375366|2609, 375369|2667, 375370|2719, 375371|2785, 375372|2866, 375372|2931, 375375|2974, 375375|3048, 375377|3098, 375377|3136, 375378|3204, 375384|3306, 375384|3359, 375386|3429, 375388|3498, 375412|3751, 375412|3797, 375417|3848, 375426|3898, 375426|3933, 375429|3980, 375429|4046, com.ebay.mobile, 
375488|1, 375488|2409, 375489|2489, 375489|2596, 375491|2660, 375491|2790, 375495|2895, 375495|2959, 375496|3026, 375496|3252, 375497|3305, 375498|3339, 375498|3534, 375499|3589, 375499|4003, com.tripadvisor.tripadvisor, 
375502|1, 375502|4027, com.github.shadowsocks, 
375502|1, 375502|4016, at.DiTronic.androidgroup.randomgallery, 
375537|1, 375537|1642, 375546|1814, 375553|1907, 375555|1964, 375556|2015, 375557|2065, 375562|2136, 375562|2266, 375563|2315, 375563|2351, 375564|2443, 375564|2563, 375567|2626, 375568|2687, 375568|2724, 375572|2761, 375572|2869, 375573|2905, 375574|2954, 375575|3022, 375575|3191, 375576|3267, 375576|4017, com.android.chrome, 
375579|1, 375579|1273, 375581|1333, 375582|1397, 375590|1492, 375594|1566, 375597|1642, 375601|1701, 375607|1796, 375610|1854, 375611|1898, 375612|1976, 375614|2052, 375616|2135, 375617|2248, 375619|2356, 375621|2412, 375628|2516, 375632|2600, 375635|2644, 375639|2748, 375657|3042, 375668|3097, 375670|3150, 375672|3205, 375678|3253, 375679|3310, 375681|3366, 375681|3502, 375684|3556, 375688|3599, 375688|3632, 375705|3826, 375709|3883, 375709|4024, com.booking, 
375751|1, 375751|921, 375752|979, 375753|1041, 375753|1085, 375758|1156, 375763|1236, 375765|1294, 375779|1379, 375791|1447, 375803|1556, 375824|1716, 375829|1770, 375846|1927, 375853|1998, 375856|2054, 375859|2112, 375867|2194, 375873|2250, 375878|2301, 375881|2373, 375883|2424, 375885|2463, 375890|2515, 375891|2589, 375891|2633, 375906|2688, 375907|2740, 375907|2826, 375910|2888, 375912|2956, 375912|3009, 375913|3046, 375914|3094, 375915|3154, 375916|3198, 375916|3242, 375918|3299, 375920|3369, 375921|3411, 375924|3477, 375927|3532, 375927|3606, 375928|3652, 375928|3721, 375929|3769, 375929|4045, com.cnn.mobile.android.phone, 
375996|1, 375997|66, 375997|4033, com.github.shadowsocks, 
375997|1, 375997|1263, 375998|1340, 375998|4028, com.whatsapp, 
375998|1, 375998|1610, 375999|1654, 376006|1738, 376006|1797, 376013|1860, 376028|1934, 376038|2000, 376038|2040, 376039|2080, 376043|2129, 376046|2183, 376046|4063, com.instagram.android, 
376046|1, 376046|4005, com.google.android.deskclock, 
376046|1, 376046|1201, 376052|1303, 376060|1382, 376065|1431, 376066|1505, 376067|1611, 376075|1688, 376077|1759, 376080|1825, 376094|1885, 376111|1936, 376133|2073, 376134|2156, 376136|2366, 376136|2647, 376138|3045, 376140|3249, 376140|3451, 376141|3804, 376141|4175, com.Slack, 
376143|1, 376143|1761, 376144|1835, 376144|1982, 376145|2047, 376145|2094, 376146|2140, 376146|2327, 376147|2382, 376147|2605, 376148|2686, 376148|2805, 376151|2889, 376151|2995, 376152|3076, 376154|3151, 376154|4014, com.sometimeswefly.littlealchemy, 
376171|1, 376171|1650, 376172|1740, 376175|1811, 376177|1893, 376181|1976, 376182|2038, 376186|2098, 376196|2193, 376198|2263, 376199|2318, 376201|2414, 376203|2516, 376204|2569, 376208|2666, 376208|2808, 376213|2874, 376214|2934, 376214|2993, 376219|3059, 376221|3127, 376231|3205, 376234|3292, 376237|3349, 376238|3426, 376238|3486, 376240|3558, 376242|3633, 376242|4028, com.ebay.mobile, 
376308|1, 376308|972, 376309|1061, 376309|1126, 376312|1224, 376319|1343, 376325|1410, 376333|1506, 376344|1606, 376355|1677, 376363|1766, 376374|1898, 376380|2003, 376383|2068, 376383|2125, 376384|2174, 376387|2230, 376387|2292, 376390|2369, 376392|2409, 376395|2467, 376399|2539, 376405|2594, 376405|2632, 376408|2690, 376414|2741, 376417|2793, 376417|2869, 376418|2919, 376421|2975, 376429|3012, 376429|3058, 376434|3110, 376434|3162, 376439|3209, 376444|3297, 376446|3356, 376446|3408, 376447|3447, 376451|3504, 376452|3564, 376452|3652, 376459|3726, 376460|3803, 376462|3857, 376468|3923, 376469|3979, 376469|4022, com.cnn.mobile.android.phone, 
376534|1, 376534|83, 376535|132, 376535|257, 376536|320, 376537|426, 376537|1002, 376543|1074, 376549|1140, 376553|1231, 376562|1318, 376576|1396, 376594|1473, 376599|1553, 376614|1650, 376629|1740, 376642|1879, 376647|1968, 376647|2159, 376648|2246, 376650|2329, 376652|2418, 376657|2523, 376657|2574, 376659|2641, 376662|2731, 376663|2801, 376663|3055, 376674|3118, 376683|3166, 376685|3206, 376685|3347, 376686|3388, 376686|3814, 376688|3898, 376689|3962, 376729|4401, com.antutu.ABenchMark, 
376801|1, 376801|1705, 376802|1762, 376802|1981, 376803|2046, 376804|2100, 376804|2286, 376805|2324, 376806|2369, 376806|2431, 376807|2497, 376808|2552, 376808|2750, 376810|2799, 376810|4008, com.sometimeswefly.littlealchemy, 
376831|1, 376831|1123, 376833|1163, 376837|1233, 376843|1316, 376849|1380, 376858|1457, 376885|1539, 376897|1600, 376901|1664, 376901|1788, 376904|1864, 376904|2351, 376906|2427, 376906|4004, com.Slack, 
376910|1, 376910|2759, 376911|2862, 376911|2914, 376913|3019, 376913|3137, 376916|3189, 376917|3243, 376917|3353, 376918|3410, 376918|3661, 376920|3712, 376920|3927, 376921|3980, 376921|4035, com.tripadvisor.tripadvisor, 
376924|1, 376924|4003, com.google.android.deskclock, 
376924|1, 376924|1142, 376930|1240, 376936|1302, 376939|1360, 376945|1451, 376954|1544, 376971|1600, 377002|1676, 377002|1777, 377004|1832, 377004|1895, 377005|1945, 377006|1989, 377006|4018, com.Slack, 
377008|1, 377008|4066, com.google.android.apps.photos, 
377052|1, 377052|1232, 377054|1322, 377054|1397, 377056|1515, 377063|1596, 377067|1662, 377068|1707, 377068|1756, 377069|1807, 377075|1869, 377075|2076, 377076|2126, 377076|2439, 377077|2501, 377079|2568, 377083|2620, 377084|2653, 377084|2704, 377086|2766, 377086|2943, 377087|2988, 377088|3030, 377088|3249, 377089|3328, 377089|4042, com.android.chrome, 
377100|1, 377100|1655, 377103|1761, 377104|1871, 377114|1957, 377120|2055, 377121|2134, 377123|2179, 377127|2273, 377127|2364, 377128|2411, 377128|2447, 377129|2491, 377129|2780, 377130|2851, 377132|2918, 377132|2969, 377137|3022, 377137|3115, 377138|3173, 377140|3227, 377140|3350, 377141|3397, 377142|3453, 377142|3672, 377143|3727, 377143|4033, com.android.chrome, 
377146|1, 377146|1502, 377147|1565, 377154|1649, 377157|1710, 377158|1833, 377159|1944, 377159|2244, 377161|2316, 377161|3293, 377165|3417, 377166|3480, 377166|3529, 377167|3576, 377168|3612, 377170|3678, 377170|3734, 377172|3799, 377175|4125, com.ted.android, 
377265|1, 377265|1454, 377266|1522, 377268|1580, 377272|1619, 377275|1672, 377277|1735, 377277|1776, 377278|1814, 377278|3450, 377281|3519, 377282|3565, 377282|4051, com.skype.raider, 
377287|1, 377287|1526, 377288|1609, 377288|1879, 377290|1946, 377290|2163, 377297|2256, 377298|2330, 377312|2433, 377312|2483, 377317|2525, 377323|2583, 377323|2709, 377326|2794, 377326|4043, com.dropbox.android, 
377331|1, 377331|1289, 377332|1358, 377332|1676, 377336|1782, 377336|1853, 377340|1910, 377346|1990, 377355|2094, 377357|2174, 377362|2259, 377362|2326, 377363|2416, 377365|2474, 377365|2725, 377366|2799, 377366|2928, 377370|2983, 377370|3310, 377376|3379, 377378|3431, 377378|3560, 377379|3615, 377384|3654, 377384|4013, com.paypal.android.p2pmobile, 
377442|1, 377442|1218, 377445|1314, 377451|1404, 377457|1465, 377458|1577, 377461|1637, 377469|1714, 377473|1786, 377476|1891, 377476|1958, 377477|2013, 377481|2137, 377485|2247, 377487|2316, 377497|2425, 377501|2555, 377537|2913, 377560|3006, 377571|3087, 377572|3136, 377573|3170, 377574|3222, 377576|3281, 377580|3330, 377583|3376, 377586|3460, 377600|3527, 377605|3685, 377617|3846, 377621|3908, 377621|4020, com.booking, 
377651|1, 377651|4022, com.google.android.deskclock, 
377651|1, 377651|4022, at.DiTronic.androidgroup.randomgallery, 
377678|1, 377678|4021, at.DiTronic.androidgroup.randomgallery, 
377734|1, 377734|1871, 377735|1943, 377735|1987, 377738|2063, 377740|2147, 377745|2250, 377752|2337, 377754|2420, 377756|2503, 377758|2573, 377763|2642, 377764|2721, 377770|2805, 377772|2857, 377772|3278, 377776|3348, 377776|3454, 377779|3522, 377785|3592, 377790|3665, 377794|3754, 377800|3837, 377801|3890, 377806|4135, com.ebay.mobile, 
377872|1, 377872|1716, 377875|1777, 377879|1834, 377882|1871, 377883|1920, 377884|1971, 377885|2019, 377885|3604, 377886|3648, 377888|3709, 377889|3768, 377889|4011, com.skype.raider, 
377894|1, 377894|4061, com.facebook.katana, 
377894|1, 377894|4036, com.google.android.deskclock, 
377894|1, 377894|4028, com.google.android.apps.photos, 
377894|1, 377894|4004, com.github.shadowsocks, 
377894|1, 377894|1135, 377896|1182, 377906|1261, 377914|1349, 377922|1466, 377922|1522, 377926|1605, 377946|1676, 377953|1743, 377964|1836, 377986|1958, 377995|2079, 378002|2158, 378008|2247, 378013|2337, 378015|2386, 378016|2487, 378016|2653, 378017|2712, 378022|2808, 378022|2877, 378023|2935, 378026|3009, 378027|3078, 378027|3244, 378039|3341, 378047|3385, 378049|3439, 378051|3495, 378051|4051, com.antutu.ABenchMark, 
378177|1, 378177|4001, com.github.shadowsocks, 
378183|1, 378183|1516, 378185|1610, 378195|1720, 378196|1825, 378198|1908, 378198|2111, 378199|2167, 378204|2266, 378204|3043, 378205|3081, 378206|3117, 378206|3262, 378208|3536, 378209|4230, com.ted.android, 
378282|1, 378282|1688, 378285|1784, 378291|1875, 378291|1925, 378296|1988, 378296|2099, 378297|2160, 378300|2206, 378307|2282, 378307|2522, 378313|2571, 378325|2614, 378325|2676, 378327|2730, 378327|2811, 378390|2882, 378390|4042, com.csst.ecdict, 
378400|1, 378400|1667, 378403|1770, 378409|1851, 378409|1981, 378411|2045, 378428|2162, 378460|2257, 378460|2363, 378479|2686, 378487|3230, 378488|3443, 378490|3700, 378490|4084, com.Slack, 
378492|1, 378492|992, 378493|1069, 378498|1125, 378509|1216, 378519|1344, 378519|1470, 378526|1543, 378548|1662, 378554|1729, 378572|1874, 378587|2011, 378590|2078, 378593|2168, 378596|2258, 378601|2373, 378601|2680, 378602|2743, 378607|2829, 378607|2967, 378608|3023, 378610|3097, 378610|3167, 378612|3227, 378612|3446, 378617|3494, 378617|3591, 378633|3649, 378634|3687, 378635|3737, 378644|4152, com.antutu.ABenchMark, 
378749|1, 378749|2267, 378750|2439, 378772|2608, 378779|2694, 378784|2822, 378793|2945, 378803|3032, 378837|3337, 378839|3427, 378842|3495, 378849|3563, 378856|3643, 378856|4036, com.booking, 
378923|1, 378923|1408, 378926|1505, 378939|1643, 378939|1727, 378942|1792, 378951|1889, 378955|1977, 378956|2050, 378957|2116, 378959|2229, 378959|2336, 378960|2453, 378967|2613, 378979|2812, 378981|2945, 378983|3018, 378984|3097, 378994|3275, 379011|3448, 379036|3744, 379044|3857, 379045|3961, 379050|4041, com.booking, 
379103|1, 379103|2235, 379106|2329, 379111|2433, 379117|2546, 379117|2802, 379118|2888, 379123|2985, 379125|3037, 379129|3124, 379129|3294, 379135|3375, 379147|3454, 379149|3518, 379149|3567, 379187|3619, 379215|3719, 379215|4052, com.csst.ecdict, 
379221|1, 379221|1647, 379222|1741, 379222|4012, com.whatsapp, 
379230|1, 379230|4008, com.github.shadowsocks, 
379230|1, 379230|1487, 379231|1580, 379239|1706, 379243|1860, 379245|2003, 379245|2116, 379251|2222, 379251|3348, 379253|3391, 379253|3502, 379269|3782, 379269|3829, 379271|3883, 379271|4018, com.ted.android, 
379347|1, 379347|4008, com.github.shadowsocks, 
379347|1, 379347|1578, 379348|1641, 379350|1682, 379354|1741, 379357|1794, 379359|1843, 379359|1916, 379360|1975, 379360|3623, 379361|3690, 379363|3748, 379363|3780, 379364|3833, 379364|4008, com.skype.raider, 
379369|1, 379369|1033, 379370|1098, 379370|1338, 379372|1389, 379372|1461, 379373|1553, 379377|1619, 379377|1691, 379383|1776, 379392|1850, 379396|1900, 379406|2012, 379415|2102, 379416|2149, 379424|2203, 379429|2285, 379438|2356, 379445|2417, 379448|2474, 379455|2554, 379455|2625, 379459|2659, 379465|2729, 379466|2779, 379467|2825, 379467|2858, 379468|2895, 379479|2961, 379479|3289, 379491|3379, 379491|3436, 379492|3482, 379494|3520, 379495|3590, 379495|3644, 379496|3687, 379496|3724, 379497|3789, 379498|3846, 379498|3895, 379499|3955, 379501|4042, com.cnn.mobile.android.phone, 
379601|1, 379601|66, 379604|146, 379604|545, 379605|595, 379605|738, 379607|810, 379607|870, 379613|987, 379613|1138, 379614|1239, 379614|1275, 379615|1358, 379615|1497, 379616|1574, 379616|3522, 379617|3585, 379617|3749, 379618|3804, 379618|3922, 379619|3974, 379619|4031, com.google.android.apps.photos, 
379620|1, 379620|1428, 379621|1502, 379621|1856, 379623|1925, 379623|2533, 379634|2607, 379634|2664, 379636|2707, 379638|2757, 379644|2821, 379648|2889, 379648|3016, 379649|3067, 379649|3329, 379652|3362, 379652|3456, 379655|3509, 379655|3688, 379657|3734, 379658|3779, 379663|3826, 379664|3894, 379664|4011, com.paypal.android.p2pmobile, 
379712|1, 379712|1799, 379715|1912, 379719|1999, 379723|2039, 379727|2124, 379727|2341, 379728|2423, 379732|2495, 379733|2538, 379735|2586, 379738|2647, 379738|2821, 379744|2884, 379744|2928, 379756|2964, 379756|3013, 379758|3065, 379758|3104, 379799|3178, 379824|3225, 379824|4045, com.csst.ecdict, 
379830|1, 379830|3000, 379831|3066, 379831|4057, com.tripadvisor.tripadvisor, 
379846|1, 379846|1412, 379849|1498, 379855|1571, 379859|1639, 379862|1774, 379868|1853, 379873|1907, 379874|1975, 379878|2057, 379878|2148, 379882|2217, 379882|2286, 379885|2386, 379887|2527, 379888|2651, 379891|2804, 379891|2905, 379898|2945, 379902|3022, 379935|3369, 379950|3442, 379968|3531, 379969|3591, 379970|3631, 379971|3677, 379972|3756, 379979|3808, 379983|3852, 379997|3924, 380002|3981, 380002|4040, com.booking, 
380046|1, 380046|1425, 380047|1484, 380047|4030, com.whatsapp, 
380053|1, 380053|1530, 380056|1644, 380064|1708, 380066|1802, 380067|1901, 380067|2368, 380074|2446, 380074|4030, com.ted.android, 
380144|1, 380144|274, 380145|311, 380145|1058, 380147|1136, 380147|1220, 380149|1272, 380156|1344, 380158|1417, 380162|1476, 380181|1574, 380198|1674, 380213|1827, 380218|1894, 380218|1977, 380232|2102, 380235|2166, 380236|2221, 380244|2317, 380249|2407, 380252|2455, 380257|2510, 380262|2598, 380270|2671, 380273|2726, 380284|2782, 380285|2833, 380295|2897, 380298|2953, 380300|2997, 380301|3047, 380304|3115, 380306|3179, 380307|3240, 380307|3402, 380312|3474, 380312|3641, 380316|3699, 380317|3743, 380317|3835, 380319|3903, 380319|4003, com.cnn.mobile.android.phone, 
380397|1, 380397|116, 380402|160, 380403|198, 380403|297, 380404|366, 380404|527, 380406|602, 380406|1748, 380409|1864, 380409|1960, 380414|2060, 380414|2111, 380429|2231, 380429|2305, 380434|2369, 380442|2450, 380443|2537, 380444|2607, 380451|2696, 380453|2778, 380456|2892, 380457|2980, 380461|3083, 380462|3156, 380467|3220, 380469|3286, 380471|3353, 380474|3396, 380476|3451, 380479|3520, 380480|3583, 380480|3671, 380485|3759, 380487|3943, 380488|3980, 380491|4037, com.ebay.mobile, 
380556|1, 380556|4013, at.DiTronic.androidgroup.randomgallery, 
380557|1, 380557|2255, 380558|2326, 380558|2509, 380559|2546, 380560|2610, 380560|2807, 380561|2853, 380561|4030, com.google.android.apps.photos, 
380561|1, 380561|1830, 380569|1924, 380569|2009, 380574|2063, 380593|2141, 380599|2206, 380601|2270, 380603|2324, 380615|2390, 380625|2465, 380633|2512, 380633|2548, 380636|2610, 380641|2678, 380658|2750, 380658|2896, 380668|2965, 380669|3019, 380669|3426, 380673|3496, 380673|4106, com.instagram.android, 
380678|1, 380678|1016, 380680|1085, 380684|1152, 380692|1235, 380701|1353, 380706|1449, 380708|1511, 380711|1653, 380712|1727, 380712|4015, com.Slack, 
380715|1, 380715|2552, 380716|2625, 380716|2745, 380718|2806, 380718|2933, 380722|3050, 380722|3160, 380723|3225, 380723|3510, 380725|3575, 380725|3709, 380726|3780, 380726|4048, com.tripadvisor.tripadvisor, 
380729|1, 380729|994, 380730|1053, 380730|1167, 380732|1225, 380733|1302, 380734|1361, 380745|1435, 380760|1520, 380775|1634, 380786|1715, 380797|1805, 380800|1886, 380813|2018, 380815|2070, 380818|2132, 380829|2201, 380830|2242, 380830|2288, 380838|2374, 380842|2436, 380844|2501, 380844|2539, 380851|2601, 380852|2666, 380855|2734, 380862|2787, 380863|2849, 380867|2905, 380869|2971, 380875|3021, 380877|3070, 380877|3123, 380878|3177, 380882|3230, 380883|3269, 380884|3333, 380884|3393, 380887|3454, 380887|3493, 380888|3557, 380891|3610, 380895|3667, 380895|3747, 380896|3812, 380896|3878, 380897|3922, 380897|4021, com.cnn.mobile.android.phone, 
380964|1, 380964|67, 380965|119, 380965|287, 380968|395, 380968|529, 380970|581, 380970|746, 380976|860, 380976|955, 380977|985, 380977|1114, 380979|1179, 380979|4025, com.google.android.apps.photos, 
380979|1, 380979|1383, 380980|1479, 380980|1730, 380981|1791, 380982|1836, 380984|1914, 380984|1990, 380988|2068, 380988|2128, 380997|2221, 380999|2323, 380999|2396, 381000|2450, 381000|2803, 381008|2866, 381008|2906, 381011|2943, 381011|3039, 381015|3093, 381015|3168, 381017|3352, 381020|3384, 381043|3456, 381043|3560, 381060|3596, 381060|3685, 381064|3770, 381064|3868, 381066|3935, 381068|4050, com.paypal.android.p2pmobile, 
381093|1, 381093|4030, at.DiTronic.androidgroup.randomgallery, 
381120|1, 381120|2708, 381121|2765, 381121|2844, 381123|2951, 381123|3035, 381126|3097, 381127|3149, 381127|3249, 381128|3331, 381128|3504, 381129|3608, 381130|3663, 381130|4045, com.tripadvisor.tripadvisor, 
381135|1, 381135|1387, 381136|1454, 381136|1611, 381139|1710, 381143|1790, 381143|1841, 381150|1906, 381156|1967, 381166|2040, 381173|2122, 381175|2215, 381175|2265, 381177|2320, 381178|2399, 381178|4034, com.dropbox.android, 
381183|1, 381183|1059, 381184|1113, 381185|1182, 381185|1229, 381187|1288, 381190|1356, 381192|1449, 381207|1544, 381222|1617, 381233|1736, 381244|1850, 381252|1961, 381257|2046, 381263|2128, 381264|2180, 381273|2252, 381276|2313, 381284|2397, 381297|2498, 381301|2563, 381304|2606, 381306|2674, 381316|2751, 381316|2807, 381321|2848, 381330|2910, 381334|2978, 381334|3036, 381337|3092, 381338|3129, 381339|3192, 381339|3342, 381341|3395, 381344|3462, 381344|3585, 381347|3639, 381348|3698, 381349|3753, 381349|4034, com.cnn.mobile.android.phone, 
381460|1, 381463|201, 381463|361, 381469|440, 381469|573, 381470|634, 381470|751, 381472|902, 381472|3457, 381473|3515, 381473|3693, 381475|3754, 381475|4019, com.google.android.apps.photos, 
381478|1, 381478|4030, com.google.android.deskclock, 
381481|1, 381481|1581, 381485|1684, 381490|1747, 381490|1861, 381496|1971, 381496|2145, 381500|2229, 381500|2322, 381502|2382, 381502|2460, 381504|2781, 381504|3383, 381505|3433, 381509|3676, 381509|4035, com.ted.android, 
381578|1, 381578|1373, 381579|1477, 381579|1662, 381582|1719, 381585|1797, 381586|1861, 381586|1896, 381593|1957, 381603|2048, 381616|2190, 381618|2233, 381618|2339, 381620|2406, 381621|2447, 381621|4033, com.dropbox.android, 
381626|1, 381626|4009, com.google.android.apps.photos, 
381626|1, 381626|1480, 381627|1552, 381627|2020, 381630|2091, 381631|2178, 381635|2234, 381639|2310, 381649|2413, 381649|2477, 381652|2570, 381656|2679, 381660|2766, 381660|3229, 381664|3281, 381665|3318, 381665|3357, 381671|3420, 381671|3607, 381672|3673, 381677|3732, 381677|3767, 381680|3818, 381680|3875, 381682|3928, 381685|4029, com.paypal.android.p2pmobile, 
381723|1, 381723|2646, 381724|2733, 381724|3844, 381726|3925, 381726|4027, com.tripadvisor.tripadvisor, 
381737|1, 381737|2550, 381738|2607, 381738|2733, 381740|2818, 381740|2886, 381743|2983, 381744|3102, 381744|3200, 381745|3264, 381745|3697, 381747|3755, 381747|4010, com.tripadvisor.tripadvisor, 
381751|1, 381751|1512, 381760|1656, 381766|1710, 381771|1772, 381771|1876, 381773|1921, 381775|1965, 381775|2180, 381776|2223, 381776|2564, 381779|2654, 381780|2720, 381784|2769, 381784|2836, 381785|2895, 381786|2964, 381787|3003, 381787|3197, 381788|3256, 381788|4043, com.android.chrome, 
381799|1, 381799|1583, 381802|1705, 381812|1841, 381818|1942, 381819|2007, 381821|2050, 381824|2120, 381824|2252, 381825|2305, 381826|2340, 381826|2641, 381829|2708, 381829|2770, 381832|2825, 381834|2890, 381834|2945, 381835|3025, 381835|3081, 381836|3132, 381837|3174, 381838|3254, 381838|3384, 381839|3448, 381839|4034, com.android.chrome, 
381842|1, 381842|1803, 381843|1879, 381853|2038, 381856|2121, 381857|2164, 381859|2237, 381865|2305, 381866|2359, 381869|2404, 381869|2573, 381875|2625, 381881|2675, 381887|2738, 381889|2794, 381889|2848, 381956|2909, 381956|4052, com.csst.ecdict, 
381962|1, 381962|4042, com.tripadvisor.tripadvisor, 
381976|1, 381976|1062, 381978|1149, 381994|1244, 381997|1345, 381999|1427, 382004|1517, 382008|1588, 382031|1684, 382036|1819, 382056|1901, 382061|1988, 382079|2118, 382082|2187, 382087|2271, 382098|2333, 382099|2408, 382101|2509, 382106|2623, 382108|2771, 382110|2907, 382113|3004, 382116|3092, 382118|3151, 382119|3219, 382120|3301, 382120|3658, 382138|3730, 382140|3773, 382142|3812, 382143|4010, com.antutu.ABenchMark, 
382252|1, 382252|1438, 382254|1571, 382254|1656, 382256|1722, 382260|1797, 382265|1901, 382269|1989, 382273|2039, 382274|2103, 382275|2172, 382287|2262, 382288|2314, 382290|2379, 382291|2469, 382292|2555, 382298|2769, 382298|2838, 382308|2942, 382312|3025, 382316|3075, 382322|3143, 382326|3241, 382330|3332, 382330|3378, 382333|3436, 382333|3502, 382334|3586, 382334|3655, 382335|3706, 382337|3876, 382337|4060, com.ebay.mobile, 
382407|1, 382407|4030, com.google.android.deskclock, 
382407|1, 382407|1521, 382408|1594, 382408|1767, 382410|1858, 382410|2015, 382418|2103, 382418|2176, 382424|2300, 382434|2380, 382443|2502, 382444|2579, 382444|2633, 382446|2684, 382446|3026, 382449|3132, 382450|3222, 382450|4036, com.dropbox.android, 
382455|1, 382455|2033, 382456|2196, 382456|2456, 382459|2605, 382461|2811, 382471|2924, 382472|3037, 382476|3170, 382477|3351, 382480|3466, 382480|3727, 382488|3870, 382491|3936, 382494|4023, com.ebay.mobile, 
382599|1, 382599|2258, 382602|2325, 382609|2424, 382611|2518, 382612|2603, 382612|4036, com.skype.raider, 
382621|1, 382621|1468, 382622|1667, 382622|2111, 382634|2223, 382641|2297, 382644|2445, 382651|2564, 382656|2659, 382657|2762, 382657|2821, 382664|2977, 382683|3157, 382689|3298, 382691|3394, 382695|3477, 382703|3601, 382708|3676, 382730|3840, 382742|3969, 382746|4063, com.booking, 
382825|1, 382825|2535, 382832|2682, 382840|2817, 382840|3083, 382841|3237, 382845|3326, 382847|3384, 382852|3479, 382852|3698, 382858|3770, 382870|3860, 382872|3944, 382937|4032, com.csst.ecdict, 
382949|1, 382949|2063, 382952|2156, 382960|2280, 382963|2335, 382963|2649, 382967|2722, 382975|2798, 382975|3055, 382981|3130, 382993|3193, 382994|3249, 382995|3318, 382995|3387, 383060|3476, 383060|3931, 383061|3986, 383061|4039, com.csst.ecdict, 
383068|1, 383068|1726, 383071|1842, 383075|1928, 383082|2004, 383082|2275, 383083|2319, 383087|2396, 383089|2454, 383092|2514, 383092|2705, 383098|2761, 383100|2796, 383110|2874, 383112|2932, 383112|2980, 383175|3055, 383175|4006, com.csst.ecdict, 
383181|1, 383181|1295, 383187|1402, 383193|1465, 383196|1528, 383200|1612, 383201|1720, 383204|1808, 383213|1897, 383229|1966, 383253|2038, 383285|2160, 383307|2253, 383308|2465, 383310|2957, 383311|3217, 383313|3452, 383314|3858, 383314|4025, com.Slack, 
383318|1, 383318|1862, 383326|1959, 383326|2071, 383343|2141, 383358|2211, 383358|2285, 383359|2343, 383382|2415, 383390|2471, 383390|2606, 383409|2675, 383415|2732, 383415|2860, 383429|2924, 383432|2970, 383432|3124, 383436|3177, 383436|3356, 383439|3418, 383439|4037, com.instagram.android, 
383440|1, 383440|4021, com.facebook.katana, 
383440|1, 383440|1109, 383442|1175, 383446|1269, 383455|1330, 383460|1411, 383463|1484, 383468|1554, 383471|1618, 383472|1680, 383473|1744, 383474|1804, 383474|4026, com.Slack, 
383476|1, 383476|710, 383478|794, 383478|905, 383480|959, 383480|1205, 383482|1302, 383486|1440, 383490|1521, 383493|1565, 383496|1613, 383496|1704, 383502|1806, 383502|1888, 383504|1951, 383504|2006, 383505|2043, 383505|2406, 383506|2497, 383506|2619, 383507|2681, 383507|2727, 383508|2769, 383510|2810, 383510|2867, 383516|2927, 383517|2982, 383517|3029, 383518|3115, 383518|3190, 383519|3259, 383519|4048, com.android.chrome, 
383526|1, 383526|1786, 383527|1842, 383527|1879, 383533|1938, 383536|1995, 383537|2050, 383538|2086, 383538|2133, 383539|2184, 383539|3879, 383540|3943, 383542|3994, 383543|4048, com.skype.raider, 
383549|1, 383549|882, 383550|1013, 383550|1404, 383551|1478, 383558|1590, 383561|1685, 383562|1738, 383563|1843, 383563|1927, 383565|2038, 383565|2096, 383567|2147, 383570|2232, 383571|2293, 383571|3278, 383573|3341, 383573|3459, 383575|3619, 383577|4047, com.ted.android, 
383602|1, 383602|1609, 383603|1655, 383605|1710, 383612|1772, 383613|1839, 383614|1881, 383614|1917, 383615|1974, 383615|3782, 383616|3847, 383619|3907, 383619|4042, com.skype.raider, 
383624|1, 383624|4021, com.google.android.apps.photos, 
383624|1, 383624|4029, com.github.shadowsocks, 
383624|1, 383624|1682, 383625|1755, 383625|2218, 383629|2305, 383631|2387, 383631|2428, 383640|2521, 383641|2604, 383642|2657, 383644|2742, 383644|2817, 383646|2899, 383646|2947, 383647|2990, 383647|3049, 383648|3117, 383649|3183, 383651|3229, 383651|3288, 383652|3343, 383654|3400, 383654|3482, 383661|3532, 383662|3591, 383666|3653, 383667|3695, 383667|3782, 383668|3848, 383672|3914, 383673|3960, 383674|3999, 383674|4053, com.paypal.android.p2pmobile, 
383733|1, 383733|4034, at.DiTronic.androidgroup.randomgallery, 
383758|1, 383758|1283, 383759|1363, 383759|1579, 383761|1640, 383762|1717, 383766|1782, 383766|1838, 383779|1934, 383787|1997, 383793|2091, 383797|2179, 383797|2267, 383798|2307, 383799|2368, 383799|2438, 383800|2500, 383800|4051, com.dropbox.android, 
383805|1, 383805|4028, com.google.android.deskclock, 
383805|1, 383805|1408, 383806|1491, 383806|1797, 383808|1851, 383808|2047, 383814|2127, 383814|2187, 383818|2283, 383824|2381, 383827|2458, 383839|2521, 383839|2698, 383840|2744, 383840|3112, 383844|3159, 383844|3229, 383850|3287, 383850|3476, 383851|3536, 383852|3592, 383852|3768, 383860|3838, 383866|3895, 383866|3937, 383867|3990, 383877|4058, com.paypal.android.p2pmobile, 
383903|1, 383903|4031, at.DiTronic.androidgroup.randomgallery, 
383928|1, 383928|1742, 383931|1815, 383938|1873, 383939|1922, 383940|1965, 383940|2032, 383941|2094, 383941|3816, 383944|3895, 383945|3941, 383945|4032, com.skype.raider, 
383951|1, 383951|1974, 383952|2040, 383954|2100, 383958|2162, 383961|2208, 383962|2254, 383963|2313, 383964|2374, 383964|4002, com.skype.raider, 
383973|1, 383973|1253, 383979|1344, 383993|1457, 384000|1572, 384000|1645, 384003|1731, 384028|1851, 384039|1943, 384049|2039, 384070|2164, 384077|2302, 384079|2388, 384082|2461, 384087|2578, 384087|2670, 384088|2842, 384091|2950, 384094|3037, 384097|3128, 384098|3213, 384100|3275, 384101|3342, 384101|3643, 384112|3717, 384122|3782, 384123|3824, 384123|4064, com.antutu.ABenchMark, 
384274|1, 384274|4024, com.google.android.apps.photos, 
384274|1, 384274|2212, 384276|2302, 384277|2368, 384279|2496, 384287|2628, 384293|2714, 384299|2787, 384299|2871, 384301|2998, 384305|3124, 384307|3220, 384308|3289, 384316|3410, 384323|3526, 384331|3643, 384339|3729, 384343|3832, 384346|3942, 384348|4054, com.ebay.mobile, 
384405|1, 384405|1872, 384406|1987, 384410|2059, 384414|2138, 384428|2273, 384442|2365, 384447|2446, 384450|2492, 384453|2557, 384477|2637, 384477|2728, 384479|2788, 384502|2851, 384502|3828, 384513|3876, 384513|4009, com.instagram.android, 
384523|1, 384523|1748, 384524|1825, 384530|1927, 384532|2000, 384546|2095, 384555|2184, 384564|2271, 384567|2328, 384570|2374, 384587|2455, 384594|2536, 384594|2602, 384599|2654, 384619|2720, 384619|2863, 384630|2940, 384630|3396, 384634|3478, 384634|3652, 384637|3699, 384637|4014, com.instagram.android, 
384638|1, 384638|1482, 384640|1577, 384653|1737, 384665|1894, 384666|2056, 384689|2198, 384702|2347, 384728|2572, 384737|2740, 384745|2885, 384751|3015, 384751|3507, 384752|3650, 384757|3811, 384757|3900, 384759|3975, 384762|4083, com.antutu.ABenchMark, 
384905|1, 384905|2093, 384906|2352, 384908|2591, 384908|2752, 384914|2861, 384918|2987, 384925|3147, 384928|3314, 384931|3480, 384938|3592, 384939|3707, 384940|3837, 384940|4076, com.paypal.android.p2pmobile, 
385010|1, 385010|4047, com.facebook.katana, 
385010|1, 385010|4039, com.github.shadowsocks, 
385010|1, 385010|4025, com.facebook.katana, 
385010|1, 385010|1665, 385011|1752, 385011|1996, 385014|2063, 385018|2125, 385018|2198, 385026|2327, 385039|2440, 385045|2514, 385049|2607, 385050|2687, 385052|2750, 385052|2860, 385053|2945, 385053|4043, com.dropbox.android, 
385058|1, 385058|1069, 385059|1161, 385059|1629, 385060|1684, 385062|1768, 385067|1870, 385071|1988, 385072|2072, 385073|2170, 385074|2255, 385076|2343, 385076|3675, 385079|3734, 385079|4051, com.ted.android, 
385094|1, 385094|4035, com.google.android.deskclock, 
385094|1, 385094|1773, 385097|1898, 385104|1980, 385107|2044, 385107|2325, 385109|2397, 385113|2464, 385115|2518, 385119|2557, 385119|2754, 385120|2792, 385125|2841, 385137|2897, 385137|2948, 385139|2997, 385139|3068, 385205|3147, 385205|4023, com.csst.ecdict, 
385234|1, 385234|1706, 385239|1808, 385242|1882, 385242|1942, 385258|2018, 385264|2086, 385274|2151, 385276|2201, 385279|2239, 385280|2293, 385298|2361, 385306|2419, 385306|2550, 385331|2643, 385331|3195, 385342|3395, 385346|3442, 385349|3500, 385349|3663, 385352|3725, 385352|4033, com.instagram.android, 
385353|1, 385353|1596, 385354|1659, 385354|1940, 385356|2017, 385356|2090, 385358|2170, 385362|2256, 385362|2390, 385369|2460, 385369|2544, 385370|2628, 385374|2729, 385375|2828, 385377|2884, 385378|2966, 385378|3106, 385384|3163, 385390|3251, 385393|3341, 385406|3439, 385407|3504, 385413|3646, 385425|3734, 385426|3828, 385435|4020, com.ebay.mobile, 
385497|1, 385497|1676, 385501|1770, 385502|1829, 385505|1898, 385518|2004, 385521|2077, 385530|2140, 385539|2196, 385541|2261, 385541|2324, 385569|2406, 385569|2557, 385592|2638, 385593|2699, 385593|2785, 385601|2852, 385604|2920, 385604|3842, 385608|3894, 385608|4020, com.instagram.android, 
385613|1, 385613|4004, com.facebook.katana, 
385613|1, 385613|2012, 385614|2090, 385614|2412, 385616|2540, 385617|2658, 385620|2752, 385625|2819, 385629|2887, 385632|2986, 385632|3063, 385633|3127, 385633|3178, 385637|3290, 385638|3391, 385640|3475, 385641|3547, 385648|3652, 385653|3772, 385660|3863, 385664|3948, 385670|4016, com.ebay.mobile, 
385757|1, 385757|4007, com.facebook.katana, 
385757|1, 385757|1471, 385759|1596, 385764|1767, 385775|1938, 385780|2061, 385808|2227, 385819|2347, 385835|2534, 385853|2703, 385861|2875, 385864|3032, 385870|3244, 385870|3465, 385873|3598, 385876|3730, 385877|3801, 385880|3881, 385881|4005, com.antutu.ABenchMark, 
386040|1, 386040|4088, com.facebook.katana, 
386040|1, 386040|1769, 386041|1938, 386041|2097, 386047|2292, 386056|2497, 386072|2686, 386079|2887, 386082|3057, 386082|4076, com.dropbox.android, 
386087|1, 386087|2705, 386095|2830, 386113|2991, 386113|3364, 386118|3473, 386132|4022, com.instagram.android, 
386219|1, 386219|993, 386220|1125, 386220|1379, 386227|1529, 386235|1657, 386248|1762, 386259|1926, 386259|2049, 386261|2143, 386262|2248, 386262|4206, com.dropbox.android, 
386267|1, 386267|1229, 386268|1368, 386269|1476, 386273|1581, 386273|1683, 386287|1840, 386296|2014, 386296|2125, 386297|2229, 386298|2358, 386298|2462, 386300|2570, 386300|3083, 386307|3181, 386307|3561, 386308|3856, 386308|4164, com.dropbox.android, 
