269973181|1, 269973181|1262, 269973576|1387, 269978194|1522, 269978350|1603, 269979101|1671, 269979101|1715, 269980733|1771, 269980785|1861, 269980785|2187, 269981235|2272, 269981547|2333, 269981728|2419, 269985665|2486, 269985717|2547, 269986333|2585, 269986333|2864, 269986740|2944, 269987035|3024, 269987035|3075, 269987489|3139, 269990245|3201, 269992878|3261, 269992926|3304, 269995682|3359, 269997060|3407, 269997590|3466, 269997590|4023, com.android.chrome, 
270004109|1, 270004109|987, 270005181|1077, 270014021|1153, 270018824|1248, 270021126|1315, 270021126|1442, 270030780|1517, 270035415|1578, 270040934|1644, 270050633|1759, 270059616|1829, 270062305|1949, 270072240|2009, 270073460|2121, 270073460|2196, 270077688|2294, 270077688|2515, 270078173|2638, 270079574|2740, 270079574|3186, 270080162|3233, 270089486|3296, 270089578|3346, 270089578|3860, 270089962|3931, 270090722|3989, 270091361|4074, com.antutu.ABenchMark, 
270135762|1, 270135762|1003, 270135984|1131, 270136284|1238, 270136284|4002, com.whatsapp, 
270136284|1, 270136284|990, 270144752|1057, 270149653|1188, 270151955|1274, 270151955|1362, 270152059|1432, 270152059|1493, 270153069|1553, 270170224|1678, 270171256|1792, 270180394|1889, 270180394|1955, 270190882|2063, 270191469|2154, 270191876|2229, 270201845|2367, 270201845|2426, 270202973|2499, 270203514|2588, 270203514|2739, 270204055|2797, 270204153|2871, 270208283|2917, 270208283|2988, 270208690|3026, 270217282|3088, 270219069|3146, 270220932|4093, com.antutu.ABenchMark, 
270257778|1, 270257778|1072, 270258314|1188, 270269552|1366, 270270780|1494, 270270870|1546, 270270870|1581, 270272155|1638, 270276158|1700, 270276158|1798, 270278514|1897, 270278514|2336, 270292734|2732, 270293471|2935, 270293471|4112, com.Slack, 
270294607|1, 270294607|1233, 270295089|1304, 270295853|1498, 270300346|1561, 270300502|1628, 270301253|1669, 270301253|2405, 270301772|2453, 270301772|2528, 270302084|2578, 270302196|2636, 270302196|2670, 270306186|2724, 270306238|2786, 270308536|2860, 270308536|2910, 270309017|2953, 270309017|3416, 270309471|3464, 270312227|3542, 270312227|3582, 270314860|3633, 270317664|3673, 270317664|3770, 270319524|3811, 270319572|3862, 270319572|4046, com.android.chrome, 
270319800|1, 270319800|1939, 270323180|2078, 270323725|2122, 270371832|2191, 270371832|2496, 270371936|2553, 270373064|2598, 270373116|2652, 270483210|2715, 270483210|3151, 270483322|3191, 270483434|3233, 270489583|3291, 270490239|3333, 270490239|3475, 270525706|3527, 270574828|3609, 270574828|4037, com.csst.ecdict, 
270574984|1, 270574984|4018, at.DiTronic.androidgroup.randomgallery, 
270588768|1, 270588768|1235, 270589343|1338, 270593799|1407, 270598736|1507, 270599058|1547, 270609889|1625, 270609889|1673, 270610105|1737, 270617268|1790, 270617530|1842, 270617530|1937, 270617860|1992, 270617920|2054, 270617920|2145, 270618795|2195, 270622391|2242, 270622391|2342, 270622599|2388, 270622702|2449, 270622702|2483, 270623032|2548, 270623032|2586, 270637292|2637, 270637691|2689, 270637878|2735, 270643304|2803, 270654494|2876, 270654494|3013, 270661158|3052, 270661468|3111, 270661468|3195, 270663485|3292, 270664010|3376, 270664010|3431, 270664676|3509, 270665150|3582, 270665462|3642, 270665664|3680, 270671738|3825, 270673648|3907, 270679166|3972, 270679494|4031, com.cnn.mobile.android.phone, 
270725013|1, 270732176|92, 270732176|242, 270732506|303, 270732506|424, 270732644|469, 270732644|646, 270733133|752, 270733133|1468, 270733497|1574, 270736512|1652, 270737811|1715, 270737811|1872, 270737863|1929, 270738090|1976, 270738090|2043, 270738194|2087, 270738630|2144, 270738630|2192, 270738682|2230, 270739972|2282, 270739972|2459, 270740196|2513, 270746346|2595, 270747002|2651, 270747002|2714, 270782314|2765, 270807003|2811, 270831364|2901, 270831364|4040, com.csst.ecdict, 
270831520|1, 270831520|4037, com.google.android.deskclock, 
270831520|1, 270831520|1239, 270831856|1333, 270831856|1496, 270831965|1583, 270837543|1689, 270837543|1767, 270837862|1888, 270837862|2170, 270844360|2229, 270844360|2382, 270844791|2434, 270844791|2631, 270845468|2680, 270845548|2730, 270845548|2847, 270859880|2897, 270859932|2949, 270859932|3028, 270888452|3095, 270888452|3137, 270889566|3192, 270946732|3259, 270946732|3345, 270971054|3399, 271045834|3448, 271045834|3540, 271053538|3605, 271053538|4004, com.ted.android, 
271147312|1, 271147312|1285, 271147780|1346, 271147780|1479, 271148272|1529, 271148272|1740, 271148627|1785, 271148627|1844, 271148687|1917, 271148687|1979, 271153570|2058, 271153570|2285, 271154276|2338, 271154373|2423, 271159204|2471, 271159204|2540, 271160544|2584, 271160544|2734, 271163224|2793, 271163224|2881, 271163698|2933, 271164008|2971, 271170515|3025, 271170619|3084, 271170619|3122, 271170929|3173, 271171268|3216, 271175598|3258, 271175650|3300, 271175650|3350, 271175702|3387, 271175702|3434, 271175882|3485, 271176221|3523, 271176221|3652, 271180946|3728, 271186650|3785, 271186650|3881, 271198058|3935, 271198058|4025, com.paypal.android.p2pmobile, 
271210446|1, 271210446|2019, 271210518|2089, 271210518|2143, 271210578|2223, 271210578|2271, 271211422|2325, 271211422|4014, com.sometimeswefly.littlealchemy, 
271216082|1, 271216082|2417, 271216154|2463, 271216154|2538, 271216214|2599, 271216214|2715, 271217058|2758, 271217058|4024, com.sometimeswefly.littlealchemy, 
271217118|1, 271217118|2491, 271217190|2549, 271217190|2622, 271217250|2683, 271217250|2726, 271218099|2792, 271218099|4021, com.sometimeswefly.littlealchemy, 
271222707|1, 271222707|4029, com.github.shadowsocks, 
271222707|1, 271222707|1643, 271223043|1717, 271223043|1912, 271223265|1994, 271235205|2189, 271235317|2269, 271235624|2352, 271249735|2454, 271251073|2537, 271251734|2668, 271252977|2785, 271259633|2914, 271267337|3160, 271267943|3219, 271267943|3260, 271268766|3326, 271270439|3395, 271270670|3440, 271270670|3539, 271271521|3575, 271275696|3659, 271276918|3736, 271276918|3824, 271278706|3910, 271280393|4081, com.booking, 
271286058|1, 271286058|1592, 271286156|1650, 271286156|2223, 271286228|2310, 271286228|2462, 271286288|2527, 271287132|2575, 271287132|4001, com.sometimeswefly.littlealchemy, 
271291740|1, 271291740|2277, 271291812|2339, 271291812|2446, 271291872|2519, 271291872|2563, 271292716|2633, 271292716|4031, com.sometimeswefly.littlealchemy, 
271292776|1, 271292776|4032, com.google.android.apps.photos, 
271292776|1, 271292776|1414, 271292893|1481, 271293067|1535, 271293067|4022, com.whatsapp, 
271293181|1, 271293181|4012, com.whatsapp, 
271293181|1, 271293181|1397, 271293253|1450, 271293253|4010, at.DiTronic.androidgroup.randomgallery, 
271306521|1, 271306521|1303, 271306626|1352, 271306626|4030, com.whatsapp, 
271306626|1, 271306626|1412, 271306706|1505, 271312204|1593, 271312204|1662, 271312463|1732, 271312463|2574, 271317213|2645, 271317469|2700, 271317469|2769, 271317529|2814, 271317529|3132, 271320718|3299, 271320718|3399, 271321149|3438, 271321149|3731, 271321828|3936, 271321828|4035, com.ted.android, 
271424302|1, 271424354|58, 271424354|915, 271424400|971, 271424541|1038, 271433009|1106, 271433485|1169, 271440590|1274, 271440590|1406, 271441630|1488, 271458785|1564, 271461095|1668, 271478551|1771, 271478915|1844, 271479429|1907, 271479960|1960, 271489850|2070, 271489850|2386, 271494665|2504, 271495206|2575, 271496232|2670, 271497046|2749, 271497046|3120, 271506395|3189, 271506575|3226, 271506575|3799, 271507721|3878, 271508055|3980, 271513785|4084, com.antutu.ABenchMark, 
271558271|1, 271558271|4013, com.whatsapp, 
271558493|1, 271558493|1708, 271558845|1772, 271558925|1832, 271558925|1869, 271566492|1922, 271566492|1977, 271566822|2013, 271567107|2066, 271567107|3762, 271567482|3819, 271567534|3860, 271568113|3918, 271568113|4041, com.skype.raider, 
271568380|1, 271568380|1363, 271574154|1467, 271576952|1572, 271576952|1616, 271577918|1717, 271577970|1787, 271581109|1868, 271581109|1939, 271583054|2023, 271589211|2165, 271589670|2280, 271589670|2434, 271589730|2498, 271599106|2873, 271599272|2935, 271606419|3064, 271607303|3151, 271607961|3218, 271608262|3279, 271608314|3321, 271608314|3380, 271609021|3425, 271609021|3472, 271609125|3526, 271609125|3646, 271610917|3773, 271611379|3839, 271614914|3894, 271615898|3931, 271615898|4032, com.booking, 
271619727|1, 271619727|1498, 271619787|1565, 271620219|1731, 271626452|1831, 271626452|2215, 271626555|2276, 271626664|2369, 271627016|2422, 271627450|2479, 271627450|2541, 271627630|2590, 271627630|2641, 271642279|2713, 271642279|3200, 271643211|3509, 271643211|3560, 271643550|3630, 271648376|3680, 271648376|3732, 271661839|3796, 271661891|3835, 271661891|3889, 271670534|3954, 271681305|4297, com.paypal.android.p2pmobile, 
271683573|1, 271683573|4026, com.google.android.deskclock, 
271683615|1, 271683615|4012, com.whatsapp, 
271683687|1, 271683687|1285, 271684155|1383, 271684155|1553, 271684441|1634, 271684701|1686, 271684773|1740, 271684773|1790, 271691006|1837, 271691370|1904, 271700862|1989, 271701804|2066, 271701986|2130, 271701986|2174, 271702058|2206, 271702058|2245, 271703053|2302, 271703053|2666, 271703156|2729, 271703156|3114, 271703336|3174, 271703336|4032, com.dropbox.android, 
271703866|1, 271703866|1119, 271704140|1168, 271704140|1304, 271704282|1375, 271707306|1447, 271712676|1540, 271713842|1630, 271719217|1700, 271719649|1762, 271719649|1863, 271719982|1914, 271720034|2044, 271723632|2133, 271723632|2567, 271723806|2970, 271723980|3192, 271723980|4009, com.Slack, 
271724032|1, 271724032|938, 271724279|1022, 271724547|1107, 271724547|1165, 271725073|1225, 271725073|1469, 271725190|1520, 271725190|2072, 271725437|2131, 271725437|4020, com.whatsapp, 
271725437|1, 271725437|1630, 271725738|1702, 271725738|1842, 271726518|1910, 271727298|1965, 271727298|2101, 271727730|2158, 271727730|2875, 271728250|2943, 271728250|3067, 271728394|3109, 271730474|3157, 271730474|3325, 271733810|3612, 271734070|3655, 271734070|4117, com.instagram.android, 
271734899|1, 271734899|4028, com.facebook.katana, 
271734899|1, 271734899|1604, 271734959|1666, 271734959|1739, 271735019|1786, 271735019|1837, 271741252|1922, 271747102|1987, 271747102|2053, 271757972|2140, 271758075|2214, 271758075|2285, 271758461|2360, 271758461|2409, 271764066|2494, 271764163|2557, 271764163|3151, 271765249|3197, 271765249|3226, 271765405|3275, 271765405|3360, 271765744|3406, 271765744|3458, 271769973|3514, 271769973|3546, 271770025|3597, 271770025|3646, 271774750|3682, 271775089|3732, 271783645|3803, 271783645|3860, 271800757|3912, 271807180|4175, com.paypal.android.p2pmobile, 
271809256|1, 271809256|1860, 271809537|1939, 271809794|1986, 271810186|2047, 271810360|2114, 271810510|2165, 271810570|2229, 271810690|2298, 271810690|2339, 271810997|2417, 271819967|2478, 271824954|2537, 271828039|2604, 271828341|2650, 271828341|2713, 271833560|2789, 271833803|2838, 271833803|2899, 271834113|2964, 271836868|3026, 271837759|3097, 271837759|3202, 271838520|3264, 271838572|3332, 271838572|3369, 271840064|3433, 271844098|3579, 271844098|3631, 271844296|3686, 271844356|3733, 271849028|3802, 271849390|3865, 271849390|3906, 271850494|3964, 271850546|4033, com.ebay.mobile, 
271869097|1, 271869097|1523, 271869398|1605, 271869398|1701, 271870698|1795, 271870698|1842, 271871478|1904, 271871766|1992, 271871838|2040, 271871982|2096, 271874134|2162, 271874134|2295, 271874566|2343, 271876790|2394, 271876790|2581, 271877626|2639, 271877626|3456, 271877958|3722, 271877958|4041, com.instagram.android, 
271878602|1, 271878602|1367, 271878712|1444, 271878712|2207, 271878831|2283, 271878831|2375, 271878926|2454, 271878926|2516, 271878998|2561, 271879070|2636, 271879070|2686, 271879130|2735, 271879974|2794, 271879974|4032, com.sometimeswefly.littlealchemy, 
271884824|1, 271884824|1485, 271885134|1578, 271890632|1653, 271890632|1726, 271890819|1794, 271890984|1891, 271890984|2242, 271894514|2326, 271894514|2595, 271897703|2833, 271898134|2921, 271898134|3118, 271898811|3164, 271898863|4234, com.ted.android, 
272001071|1, 272001071|978, 272001191|1055, 272009465|1131, 272010399|1196, 272010549|1260, 272015976|1357, 272019954|1423, 272020094|1501, 272025802|1554, 272026062|1598, 272026894|1668, 272028038|1724, 272028038|1802, 272028366|1850, 272028666|1901, 272028718|1940, 272028718|4036, com.Slack, 
272028812|1, 272028812|1199, 272029033|1277, 272029536|1427, 272033979|1518, 272034730|1556, 272034730|2204, 272035180|2269, 272035492|2315, 272035604|2380, 272035673|2446, 272041398|2525, 272042014|2573, 272042014|2900, 272042495|2991, 272042495|3060, 272042949|3140, 272045705|3200, 272045705|3242, 272048044|3292, 272048382|3356, 272051186|3410, 272053046|3465, 272053094|3525, 272053094|4034, com.android.chrome, 
272062147|1, 272062147|1400, 272062288|1568, 272063303|1757, 272067425|1814, 272068332|1900, 272068332|2124, 272069963|2194, 272069963|2410, 272070482|2472, 272070794|2520, 272070906|2588, 272074897|2645, 272074897|2679, 272074949|2724, 272075565|2790, 272075565|3076, 272076267|3123, 272076267|3369, 272079477|3447, 272079477|3494, 272082110|3539, 272084914|3594, 272084914|3649, 272086292|3682, 272086774|3737, 272086822|3787, 272086822|4016, com.android.chrome, 
272087668|1, 272087668|1057, 272088193|1106, 272088193|1183, 272088253|1244, 272088605|1292, 272094132|1377, 272094382|1469, 272095136|1539, 272100852|1595, 272107095|1741, 272107750|1847, 272130684|1975, 272131768|2051, 272148233|2125, 272148646|2194, 272149832|2243, 272157704|2322, 272158378|2396, 272159139|2456, 272162684|2520, 272166896|2587, 272170975|2652, 272171285|2707, 272171449|2767, 272173132|2816, 272173487|2864, 272177609|2931, 272178374|2993, 272178374|3031, 272178426|3081, 272179183|3150, 272179183|3285, 272199205|3348, 272199205|3476, 272204632|3543, 272204632|3584, 272204942|3634, 272204942|3726, 272205297|3767, 272205297|4037, com.cnn.mobile.android.phone, 
272216900|1, 272216900|521, 272217021|571, 272217021|703, 272217101|767, 272217101|901, 272224264|1020, 272224264|1158, 272224594|1204, 272224594|1364, 272225419|1482, 272225419|1609, 272225491|1654, 272225627|1690, 272225627|1782, 272225751|1841, 272225952|1880, 272226111|1936, 272226183|2005, 272226183|2048, 272226243|2097, 272226600|2185, 272230542|2255, 272230542|2425, 272230904|2461, 272230956|2516, 272230956|2563, 272231008|2611, 272231008|2641, 272236857|2707, 272236857|3187, 272236909|3259, 272236909|3332, 272237385|3415, 272237385|3499, 272237437|3589, 272237841|3666, 272237841|4021, com.tripadvisor.tripadvisor, 
272237976|1, 272237976|1171, 272238036|1234, 272238096|1288, 272242426|1387, 272242426|1487, 272245992|1545, 272246072|1632, 272255344|1708, 272259554|1783, 272276053|1869, 272276347|1961, 272278486|2018, 272278788|2088, 272279657|2150, 272279717|2189, 272280782|2268, 272280834|2329, 272288432|2378, 272289559|2501, 272289734|2576, 272289794|2625, 272300510|2715, 272311918|2792, 272311918|2827, 272317008|2894, 272317318|2949, 272324171|2995, 272324171|3034, 272325896|3096, 272328314|3161, 272328314|3258, 272332289|3325, 272332341|3365, 272333418|3410, 272334481|3470, 272334900|3524, 272335139|3564, 272337324|3624, 272337324|3696, 272337679|3744, 272337679|3812, 272340531|3874, 272340710|3914, 272341065|3976, 272341065|4035, com.cnn.mobile.android.phone, 
272359305|1, 272359729|70, 272359729|1595, 272359827|1645, 272359827|2316, 272359899|2392, 272359899|2458, 272359959|2510, 272359959|2567, 272360803|2630, 272360803|4018, com.sometimeswefly.littlealchemy, 
272365728|1, 272365728|2748, 272365788|2804, 272365788|2888, 272369730|2959, 272369730|3076, 272370040|3139, 272370040|3283, 272370092|3360, 272370568|3396, 272370568|3571, 272370620|3621, 272371024|3677, 272371024|4004, com.tripadvisor.tripadvisor, 
272371159|1, 272371159|1213, 272371561|1354, 272379951|1405, 272379951|1474, 272380011|1584, 272380917|1644, 272384056|1762, 272384415|1872, 272386094|1959, 272392415|2064, 272392874|2157, 272392926|2236, 272395783|2327, 272399860|2421, 272399860|2492, 272401001|2597, 272425387|2880, 272426173|2950, 272432139|3016, 272432191|3055, 272433123|3120, 272433541|3172, 272433645|3222, 272433645|3256, 272434008|3316, 272434008|3846, 272439464|3942, 272441867|3995, 272445402|4050, com.booking, 
272447368|1, 272447368|1506, 272447720|1577, 272447800|1625, 272452256|1675, 272455367|1742, 272455367|1780, 272455697|1832, 272455982|1882, 272455982|2839, 272456046|2890, 272456046|3743, 272456254|3800, 272456421|3844, 272456473|3896, 272457052|3946, 272457052|4007, com.skype.raider, 
272457319|1, 272457319|1374, 272457439|1427, 272467258|1517, 272467258|1701, 272468164|1782, 272468380|1855, 272471415|1962, 272472456|2021, 272472508|2088, 272472508|2168, 272478553|2230, 272479140|2357, 272479192|2464, 272486173|2592, 272486621|2685, 272487761|2761, 272487761|2803, 272487813|2853, 272488105|2982, 272494794|3102, 272501963|3194, 272502061|3263, 272502779|3308, 272503080|3353, 272503184|3410, 272503523|3466, 272504126|3508, 272505216|3583, 272505216|3638, 272505447|3684, 272505447|3772, 272505810|3819, 272505810|3854, 272507822|3927, 272508838|4027, com.booking, 
272509768|1, 272509768|463, 272509848|504, 272509848|1915, 272510232|1961, 272510232|4028, com.github.shadowsocks, 
272510232|1, 272510232|1099, 272510352|1180, 272513608|1240, 272513608|1295, 272517205|1387, 272521741|1461, 272526689|1511, 272542041|1642, 272552915|1738, 272558559|1820, 272559163|1930, 272562425|2021, 272562425|2064, 272564615|2122, 272564675|2184, 272568929|2239, 272582318|2337, 272583358|2387, 272584091|2435, 272584795|2500, 272584795|2557, 272591129|2629, 272606218|2687, 272606573|2767, 272606855|2809, 272606855|2847, 272612341|2923, 272612748|2971, 272612748|3005, 272612800|3059, 272613732|3113, 272614087|3152, 272614087|3338, 272614442|3389, 272614442|3556, 272614502|3606, 272614502|4030, com.cnn.mobile.android.phone, 
272641243|1, 272641243|230, 272641315|268, 272641315|437, 272641740|528, 272641740|4041, com.facebook.katana, 
272641740|1, 272641740|4049, com.facebook.katana, 
272641740|1, 272641740|4004, at.DiTronic.androidgroup.randomgallery, 
272681567|1, 272681567|2467, 272681639|2531, 272681639|2632, 272681699|2690, 272682543|2772, 272682543|4043, com.sometimeswefly.littlealchemy, 
272687203|1, 272687203|1990, 272687263|2070, 272687263|2128, 272687323|2200, 272692310|2279, 272696756|2318, 272696816|2391, 272696816|2485, 272697126|2548, 272697126|2607, 272700997|2674, 272700997|2714, 272701698|2795, 272701698|2923, 272703225|2984, 272703225|3131, 272704964|3218, 272704964|3354, 272705024|3435, 272705084|3514, 272720823|3745, 272721245|3797, 272721245|3844, 272721604|3890, 272721604|3924, 272721860|3986, 272721912|4047, com.ebay.mobile, 
272741944|1, 272741944|2594, 272742004|2663, 272742004|2724, 272745946|2803, 272745946|2956, 272746256|3020, 272746256|3135, 272746308|3178, 272746784|3250, 272746784|3384, 272746836|3448, 272746836|3486, 272747240|3531, 272747240|4027, com.tripadvisor.tripadvisor, 
272747375|1, 272747375|4021, com.github.shadowsocks, 
272747375|1, 272747375|4021, at.DiTronic.androidgroup.randomgallery, 
272764456|1, 272764456|1576, 272764851|1669, 272769763|1823, 272770670|1901, 272770670|2002, 272772211|2063, 272772354|2122, 272772354|2510, 272773185|2552, 272773297|2617, 272773297|2677, 272777235|2709, 272777287|2755, 272777287|2809, 272777903|2857, 272777903|3042, 272778089|3095, 272778605|3206, 272778605|3305, 272779059|3373, 272781815|3417, 272781815|3476, 272784447|3535, 272787251|3593, 272787251|3629, 272789111|3694, 272789159|3747, 272789159|4004, com.android.chrome, 
272789283|1, 272789283|825, 272789809|914, 272789809|1325, 272789989|1400, 272798381|1495, 272798381|1639, 272799347|1722, 272802487|1794, 272802539|1839, 272802801|1893, 272803530|1971, 272804787|2057, 272810804|2145, 272811528|2272, 272811528|2345, 272811580|2423, 272815763|2517, 272818560|2586, 272819846|2637, 272820358|2768, 272827866|3041, 272828043|3088, 272828107|3140, 272828764|3192, 272832412|3237, 272832713|3305, 272833124|3354, 272833124|3402, 272833176|3442, 272833878|3494, 272833878|3547, 272834109|3582, 272834109|3621, 272840320|3818, 272840551|3870, 272840611|4015, com.booking, 
272845244|1, 272845244|905, 272845769|974, 272845769|1024, 272845829|1083, 272845889|1143, 272851416|1218, 272854922|1291, 272855548|1359, 272870260|1439, 272889391|1578, 272901194|1706, 272908663|1804, 272910597|1917, 272912531|1976, 272912591|2032, 272912953|2097, 272920878|2181, 272925477|2232, 272925537|2298, 272925996|2361, 272926056|2400, 272926159|2442, 272932545|2502, 272932545|2569, 272953131|2626, 272953286|2672, 272953286|2769, 272958712|2816, 272959377|2873, 272959429|2935, 272960361|2987, 272960361|3021, 272960716|3075, 272961109|3138, 272961109|3227, 272961464|3288, 272962165|3347, 272962165|3392, 272962815|3462, 272962815|3581, 272962875|3645, 272963230|3705, 272963230|4034, com.cnn.mobile.android.phone, 
272982458|1, 272982458|4015, com.github.shadowsocks, 
272982458|1, 272982458|1271, 272982680|1335, 272982806|1393, 272982806|4024, com.whatsapp, 
272982848|1, 272982848|1366, 272982920|1431, 272982920|1798, 272984220|1870, 272985331|1937, 272985331|2000, 272985403|2031, 272985619|2078, 272985835|2127, 272985907|2178, 272985907|4057, com.instagram.android, 
272985907|1, 272985907|2312, 272985949|2364, 272985949|4018, com.google.android.deskclock, 
272985949|1, 272985949|1138, 272986228|1197, 272990485|1293, 272994622|1373, 272995556|1412, 272995646|1507, 272995840|1599, 273004817|1675, 273005277|1756, 273010712|1816, 273011040|1870, 273012933|1952, 273013609|2070, 273013961|2164, 273013961|2424, 273014135|2832, 273014309|3109, 273014309|4191, com.Slack, 
273014433|1, 273014433|1687, 273014566|1773, 273014907|1838, 273015167|1880, 273015167|1922, 273015437|1985, 273015437|2446, 273015556|2524, 273015556|2614, 273015651|2678, 273015651|2816, 273015723|2890, 273015723|2937, 273015855|3009, 273016699|3089, 273016699|4006, com.sometimeswefly.littlealchemy, 
273021549|1, 273021549|1658, 273022233|1761, 273022233|1814, 273022293|1903, 273022662|1987, 273022662|2036, 273032095|2123, 273035120|2205, 273035180|2261, 273035490|2339, 273035937|2431, 273039784|2514, 273039784|2567, 273041900|2678, 273042004|2757, 273043430|2810, 273043430|2935, 273043490|2993, 273043688|3057, 273048034|3143, 273048652|3214, 273050372|3291, 273050528|3367, 273050528|3429, 273051256|3496, 273053026|3563, 273053352|3878, 273053352|4027, com.ebay.mobile, 
273075096|1, 273075096|1062, 273075156|1109, 273075346|1221, 273080988|1328, 273086821|1404, 273089207|1507, 273093194|1590, 273107261|1687, 273123285|1786, 273130025|1925, 273130735|1987, 273132408|2053, 273132788|2110, 273133105|2159, 273133208|2215, 273134418|2288, 273134665|2347, 273134665|2386, 273138779|2463, 273138839|2521, 273142233|2571, 273142233|2619, 273146091|2671, 273152425|2724, 273152702|2768, 273152702|2804, 273152805|2852, 273152908|2905, 273153323|2951, 273153562|2988, 273153562|3038, 273167822|3091, 273167874|3139, 273174620|3212, 273180047|3279, 273180107|3342, 273180462|3386, 273180772|3429, 273184392|3495, 273184392|3546, 273184747|3581, 273185109|3639, 273185502|3720, 273185502|3788, 273186440|3840, 273186930|3910, 273186990|4037, com.cnn.mobile.android.phone, 
273205420|1, 273205420|49, 273205750|106, 273205750|223, 273206573|310, 273206573|466, 273206645|515, 273206645|595, 273206781|646, 273206781|910, 273207225|975, 273207329|1046, 273215693|1127, 273218591|1215, 273223153|1295, 273224794|1370, 273242671|1449, 273243490|1541, 273261922|1659, 273262665|1752, 273274095|1865, 273274095|2134, 273274636|2239, 273275177|2319, 273275229|2407, 273279405|2491, 273279405|2545, 273279890|2635, 273280704|2715, 273280704|3027, 273290053|3088, 273290615|3132, 273290707|3177, 273290707|3312, 273291089|3366, 273291089|3797, 273291630|3864, 273292309|3933, 273315259|4383, com.antutu.ABenchMark, 
273331341|1, 273331341|2411, 273331413|2474, 273331413|2606, 273331473|2664, 273332317|2718, 273332317|4033, com.sometimeswefly.littlealchemy, 
273337203|1, 273337203|1144, 273337323|1219, 273345597|1302, 273346591|1374, 273350824|1437, 273356865|1519, 273359896|1573, 273360692|1656, 273360692|1761, 273361725|1879, 273361725|2272, 273362968|2350, 273362968|4011, com.Slack, 
273363072|1, 273363072|2691, 273363273|2771, 273363432|2854, 273363432|2923, 273363492|3024, 273363492|3125, 273367434|3188, 273367434|3310, 273367744|3350, 273367744|3508, 273367796|3548, 273367796|3605, 273368272|3661, 273368272|3798, 273368324|3848, 273368324|3884, 273368728|3922, 273368728|4035, com.tripadvisor.tripadvisor, 
273368935|1, 273368935|4030, com.google.android.deskclock, 
273369049|1, 273369049|1133, 273369169|1229, 273377443|1283, 273378377|1362, 273378527|1453, 273389389|1528, 273393902|1593, 273395462|1663, 273395462|1715, 273395795|1754, 273395847|1826, 273395847|1880, 273396147|1923, 273396199|1973, 273396199|4033, com.Slack, 
273396251|1, 273396251|4078, com.google.android.apps.photos, 
273397846|1, 273397846|1239, 273398067|1325, 273398067|1437, 273398734|1524, 273402960|1604, 273403711|1651, 273403711|1744, 273405395|1799, 273405395|2383, 273405845|2427, 273406217|2503, 273406269|2565, 273410327|2604, 273410379|2641, 273410995|2695, 273410995|3019, 273411191|3133, 273411363|3188, 273411363|3255, 273414573|3333, 273414573|3383, 273416915|3432, 273417253|3490, 273420057|3543, 273420057|3591, 273421917|3637, 273421965|3691, 273421965|4029, com.android.chrome, 
273422722|1, 273422722|1655, 273423037|1768, 273423714|1874, 273428001|1962, 273428908|2062, 273428908|2119, 273430588|2171, 273430588|2704, 273431107|2775, 273431479|2835, 273431531|2904, 273435521|2957, 273435573|3013, 273435573|3105, 273436241|3160, 273436444|3213, 273436444|3386, 273437033|3448, 273437033|3659, 273437487|3706, 273440243|3755, 273440243|3817, 273442586|3871, 273442924|3917, 273445728|3967, 273447106|4026, com.android.chrome, 
273448216|1, 273448216|211, 273448478|265, 273448478|915, 273448744|976, 273449014|1065, 273449014|1436, 273449244|1498, 273449324|1561, 273454822|1652, 273455009|1720, 273455319|1864, 273455319|2246, 273455379|2308, 273455379|3283, 273458853|3415, 273458853|3526, 273459284|3567, 273459284|3601, 273462381|3680, 273462381|3744, 273463059|3795, 273463188|4116, com.ted.android, 
273562135|1, 273562135|1459, 273562567|1528, 273567023|1571, 273570134|1618, 273570134|1677, 273570592|1732, 273570877|1765, 273570877|3393, 273571252|3454, 273571304|3514, 273571883|3562, 273571883|4051, com.skype.raider, 
273572272|1, 273572272|929, 273572336|974, 273572336|1474, 273572806|1533, 273572806|1817, 273572866|1886, 273572866|2106, 273574258|2178, 273579420|2254, 273579988|2342, 273589560|2437, 273589663|2475, 273590677|2527, 273590787|2575, 273590787|2627, 273590859|2661, 273591039|2712, 273592033|2801, 273592033|4048, com.dropbox.android, 
273592240|1, 273592240|1632, 273592300|1697, 273592730|1789, 273592730|1847, 273592850|1921, 273608745|2004, 273608805|2101, 273608805|2187, 273613688|2252, 273613688|2332, 273613894|2418, 273613997|2468, 273613997|2666, 273614177|2734, 273614177|3262, 273615263|3324, 273615573|3382, 273615883|3420, 273615987|3463, 273615987|3560, 273616326|3606, 273620555|3649, 273620555|4028, com.paypal.android.p2pmobile, 
273660324|1, 273660324|1130, 273660546|1203, 273660666|1296, 273669118|1380, 273669118|1551, 273670084|1626, 273670084|1680, 273673449|1787, 273673756|1866, 273675017|1927, 273675017|1994, 273681781|2138, 273681841|2224, 273690870|2300, 273691292|2422, 273691646|2559, 273704588|2900, 273725090|2985, 273728761|3058, 273729068|3097, 273729068|3138, 273729590|3192, 273730448|3253, 273730448|3295, 273731538|3341, 273736042|3434, 273737524|3500, 273739364|3749, 273741006|3824, 273741006|4036, com.booking, 
273742427|1, 273742427|4017, com.google.android.deskclock, 
273742555|1, 273742555|1562, 273742597|1603, 273742597|4023, at.DiTronic.androidgroup.randomgallery, 
273756771|1, 273756771|4005, at.DiTronic.androidgroup.randomgallery, 
273791264|1, 273791264|1992, 273791324|2072, 273791576|2168, 273796515|2261, 273800961|2347, 273801323|2429, 273801693|2515, 273806680|2578, 273806974|2650, 273807861|2730, 273811784|2801, 273812094|2853, 273812094|2906, 273812198|2997, 273812198|3210, 273813412|3293, 273813412|3460, 273814703|3530, 273815786|3592, 273815846|3680, 273819936|3770, 273820358|3843, 273820410|3886, 273825145|4142, com.ebay.mobile, 
273843513|1, 273843513|1660, 273843865|1717, 273843945|1776, 273851512|1827, 273851512|1863, 273851842|1918, 273852127|1967, 273852127|3598, 273852502|3647, 273853133|3705, 273853133|4007, com.skype.raider, 
273853400|1, 273853400|4035, com.facebook.katana, 
273853400|1, 273853400|4032, com.google.android.deskclock, 
273853400|1, 273853400|4026, com.google.android.apps.photos, 
273853400|1, 273853400|4036, com.github.shadowsocks, 
273853400|1, 273853400|1048, 273853682|1129, 273853786|1174, 273862360|1267, 273867429|1375, 273869805|1462, 273869805|1527, 273869961|1606, 273888000|1692, 273889221|1751, 273890298|1833, 273907980|1975, 273909405|2081, 273919399|2161, 273920202|2278, 273920743|2331, 273921284|2405, 273921284|2648, 273921336|2715, 273925512|2822, 273925512|2869, 273925919|2934, 273925997|3014, 273926811|3077, 273926811|3236, 273936384|3333, 273936882|3376, 273937356|3436, 273937356|4075, com.antutu.ABenchMark, 
273981953|1, 273981953|4051, com.github.shadowsocks, 
273982670|1, 273982670|1454, 273982779|1524, 273982859|1611, 273988357|1713, 273988616|1822, 273988676|1911, 273988676|2104, 273994962|2182, 273994962|3027, 273995393|3065, 273995393|3241, 273996071|3523, 273996123|4214, com.ted.android, 
274098110|1, 274098110|1690, 274101489|1781, 274101657|1870, 274101657|1914, 274103366|1997, 274103366|2101, 274103418|2148, 274103748|2204, 274105498|2272, 274105498|2454, 274105722|2513, 274108640|2556, 274112197|2612, 274112525|2669, 274112525|2761, 274196571|2810, 274196571|4038, com.csst.ecdict, 
274197058|1, 274197058|1405, 274197480|1492, 274197480|1607, 274197562|1675, 274202997|1792, 274203523|1882, 274203523|1980, 274203988|2046, 274210011|2187, 274211531|2266, 274211973|2438, 274225093|2895, 274225441|3290, 274225441|4138, com.Slack, 
274225565|1, 274225565|1065, 274225761|1133, 274238579|1238, 274241614|1360, 274241614|1475, 274255679|1593, 274260623|1675, 274262055|1748, 274279493|1919, 274280866|2023, 274280866|2073, 274282355|2179, 274291782|2290, 274291828|2375, 274291828|2682, 274292144|2749, 274296320|2840, 274296320|3025, 274296805|3108, 274297665|3169, 274297711|3223, 274297711|3439, 274300629|3491, 274300629|3543, 274306859|3590, 274307739|3641, 274307785|3679, 274309912|4151, com.antutu.ABenchMark, 
274347442|1, 274347442|2169, 274348043|2291, 274348265|2442, 274362734|2588, 274362786|2686, 274364097|2840, 274364675|2934, 274366461|3030, 274383802|3326, 274384493|3412, 274387359|3482, 274387750|3543, 274388212|3626, 274388212|4019, com.booking, 
274403082|1, 274403082|1408, 274403262|1523, 274413023|1651, 274413023|1729, 274413929|1796, 274414041|1897, 274417129|1985, 274417436|2045, 274418222|2131, 274418222|2227, 274418733|2361, 274418733|2493, 274428968|2683, 274432213|2837, 274433353|2955, 274433353|3021, 274433405|3124, 274433914|3311, 274440717|3447, 274452856|3762, 274453412|3880, 274454265|3967, 274458031|4046, com.booking, 
274464177|1, 274464177|2188, 274467202|2289, 274467964|2406, 274468666|2523, 274468666|2768, 274470036|2874, 274470298|2933, 274470786|3006, 274470786|3256, 274476846|3330, 274477814|3406, 274477814|3508, 274561967|3584, 274561967|4003, com.csst.ecdict, 
274562251|1, 274562251|1554, 274562473|1652, 274562473|1763, 274562773|1899, 274562773|4005, com.whatsapp, 
274563123|1, 274563123|4009, com.github.shadowsocks, 
274563237|1, 274563237|1501, 274563438|1588, 274568936|1733, 274569255|1902, 274569255|2141, 274575541|2246, 274575541|3302, 274575927|3341, 274575927|3442, 274583171|3723, 274586225|3772, 274586760|3826, 274586812|3879, 274586812|4014, com.ted.android, 
274690970|1, 274690970|4005, com.github.shadowsocks, 
274690970|1, 274690970|1562, 274691126|1614, 274691206|1660, 274698773|1718, 274698773|1772, 274699103|1813, 274699388|1849, 274699388|3609, 274699763|3673, 274699815|3717, 274700394|3752, 274700394|4009, com.skype.raider, 
274700707|1, 274700707|955, 274701232|1025, 274701232|1143, 274701422|1207, 274701422|1321, 274701628|1378, 274701825|1460, 274702052|1535, 274702112|1608, 274706280|1687, 274706501|1772, 274716458|1828, 274724288|1893, 274735643|2012, 274737518|2088, 274737734|2125, 274744594|2195, 274751253|2282, 274757533|2342, 274757964|2397, 274762143|2471, 274762203|2536, 274762255|2601, 274767671|2640, 274772354|2709, 274772354|2758, 274772664|2801, 274772664|2832, 274773122|2885, 274775277|2944, 274775277|3231, 274794690|3287, 274794690|3424, 274794862|3458, 274800642|3513, 274801383|3575, 274801593|3628, 274801593|3661, 274801767|3710, 274802122|3775, 274802122|3827, 274802237|3876, 274802297|3954, 274802297|4038, com.cnn.mobile.android.phone, 
274837785|1, 274838608|51, 274838608|270, 274838680|302, 274838680|391, 274838816|447, 274838816|516, 274838940|576, 274838940|674, 274839020|730, 274839020|866, 274846183|968, 274846183|1058, 274846513|1128, 274846513|1253, 274846651|1353, 274846651|1422, 274847066|1495, 274847138|1561, 274847138|4014, com.google.android.apps.photos, 
274847138|1, 274847138|284, 274847180|335, 274847180|793, 274847222|841, 274847222|1359, 274847692|1443, 274847692|1803, 274847752|1863, 274847752|2476, 274854543|2538, 274854797|2608, 274854797|2659, 274854917|2703, 274854917|2759, 274864786|2821, 274864786|2962, 274864966|3013, 274864966|3449, 274865432|3501, 274865432|3534, 274865484|3579, 274865484|3680, 274865883|3729, 274865883|3771, 274870761|3832, 274870813|4004, com.paypal.android.p2pmobile, 
274905966|1, 274905966|1790, 274906382|1901, 274909787|1964, 274910004|2007, 274910706|2099, 274910706|2323, 274910758|2407, 274912178|2460, 274912388|2504, 274912876|2560, 274912928|2619, 274912928|2794, 274913152|2854, 274919039|2892, 274919955|2931, 274919955|3030, 274973439|3093, 275004334|3148, 275004334|4131, com.csst.ecdict, 
275004490|1, 275004490|2919, 275004691|2991, 275004850|3051, 275004850|4039, com.tripadvisor.tripadvisor, 
275010889|1, 275010889|1500, 275011069|1570, 275019461|1657, 275019461|1768, 275020367|1848, 275020427|1906, 275023566|1973, 275023618|2051, 275026397|2156, 275026397|2215, 275032423|2293, 275032882|2411, 275032882|2673, 275032934|2829, 275032934|2890, 275037169|2947, 275041575|3266, 275048598|3360, 275054615|3432, 275075663|3524, 275076074|3575, 275076451|3614, 275076503|3669, 275077889|3745, 275078749|3795, 275080001|3856, 275084468|3918, 275084745|3972, 275088222|4222, com.booking, 
275089250|1, 275089250|1428, 275089367|1478, 275089367|1527, 275089493|1599, 275089493|4034, com.whatsapp, 
275089777|1, 275089777|1423, 275089886|1549, 275095464|1655, 275095464|1710, 275095888|1814, 275095888|2309, 275099288|2372, 275099288|4021, com.ted.android, 
275201768|1, 275201768|200, 275201872|255, 275201872|1168, 275201932|1201, 275201992|1267, 275207519|1341, 275207519|1414, 275207579|1462, 275226644|1582, 275243290|1695, 275253846|1820, 275253958|1887, 275255333|2006, 275261083|2102, 275261143|2150, 275263037|2224, 275270917|2322, 275270917|2396, 275274565|2439, 275275386|2515, 275276207|2595, 275277345|2661, 275283282|2719, 275283849|2772, 275289308|2825, 275303997|2892, 275303997|2935, 275304352|2979, 275309779|3041, 275311575|3104, 275311575|3168, 275311930|3222, 275311930|3324, 275312323|3392, 275312678|3460, 275312678|3622, 275314762|3687, 275314762|3768, 275317614|3827, 275319040|4042, com.cnn.mobile.android.phone, 
275339670|1, 275339670|68, 275346833|108, 275346833|264, 275347163|321, 275347163|428, 275347715|501, 275347715|903, 275347787|985, 275347787|1095, 275347871|1156, 275347871|1650, 275348071|1709, 275348405|1842, 275348675|1946, 275348675|2008, 275348992|2095, 275358970|2191, 275363416|2267, 275363476|2323, 275367113|2418, 275367423|2491, 275373096|2573, 275374632|2655, 275374632|2744, 275376367|2862, 275376431|2963, 275377798|3049, 275378882|3106, 275379147|3179, 275379303|3237, 275379363|3301, 275379619|3344, 275379731|3404, 275379987|3475, 275379987|3575, 275383917|3636, 275385346|3734, 275385672|3888, 275385724|3932, 275387918|4008, com.ebay.mobile, 
275407918|1, 275407918|4046, at.DiTronic.androidgroup.randomgallery, 
275408404|1, 275408404|2236, 275408578|2312, 275408578|4031, com.google.android.apps.photos, 
275408692|1, 275408692|2039, 275410772|2112, 275410772|2239, 275411276|2299, 275412908|2371, 275413428|2435, 275413428|2519, 275413860|2589, 275414964|2657, 275416084|2712, 275416084|2810, 275416372|2869, 275416920|2942, 275416920|3339, 275417252|3399, 275417252|4071, com.instagram.android, 
275417983|1, 275417983|1028, 275418103|1102, 275427311|1225, 275432836|1307, 275433216|1411, 275436867|1488, 275437252|1608, 275437252|4020, com.Slack, 
275437304|1, 275437304|2720, 275437364|2780, 275437364|2847, 275441306|2937, 275441306|3126, 275441616|3202, 275441616|3360, 275441668|3419, 275442144|3491, 275442144|3625, 275442196|3685, 275442600|3751, 275442600|3894, 275442672|3966, 275442672|4020, com.tripadvisor.tripadvisor, 
275442807|1, 275442807|1165, 275442867|1228, 275442867|1305, 275443152|1368, 275452106|1451, 275462166|1536, 275477058|1644, 275486614|1738, 275491601|1812, 275498294|1934, 275499374|2019, 275499374|2065, 275507538|2136, 275507701|2194, 275507701|2233, 275508454|2291, 275512676|2373, 275516626|2445, 275516626|2491, 275517084|2543, 275518749|2604, 275520175|2684, 275520235|2725, 275535237|2789, 275537379|2849, 275538175|2900, 275549007|2967, 275549991|3013, 275550043|3070, 275550107|3123, 275551962|3183, 275551962|3221, 275553185|3270, 275553185|3334, 275553540|3399, 275553540|3447, 275553933|3487, 275554112|3556, 275554467|3613, 275554467|3744, 275554527|3814, 275554934|3877, 275554934|4030, com.cnn.mobile.android.phone, 
275572937|1, 275572937|52, 275573267|106, 275573267|221, 275574088|308, 275574088|468, 275574160|509, 275574240|568, 275574240|682, 275581403|776, 275581403|929, 275581733|964, 275581733|1098, 275582285|1162, 275582285|1561, 275582357|1614, 275582357|1772, 275582441|1839, 275582441|4013, com.google.android.apps.photos, 
275582441|1, 275582441|1730, 275582501|1783, 275582501|1991, 275582621|2070, 275592387|2149, 275592387|2234, 275592447|2330, 275592608|2392, 275592608|2737, 275600267|2798, 275600267|2987, 275600629|3037, 275601094|3082, 275601094|3113, 275601146|3169, 275602752|3340, 275606981|3384, 275625963|3454, 275625963|3547, 275644444|3586, 275644444|3633, 275649254|3703, 275649254|3774, 275649410|3820, 275649963|3873, 275649963|3930, 275650325|3997, 275650325|4052, com.paypal.android.p2pmobile, 
275653082|1, 275653082|4001, at.DiTronic.androidgroup.randomgallery, 
275668032|1, 275668032|2853, 275668092|2971, 275672034|3042, 275672034|3167, 275672344|3266, 275672344|3448, 275672872|3530, 275672872|3696, 275672924|3788, 275672924|4047, com.tripadvisor.tripadvisor, 
275673867|1, 275673867|1564, 275673927|1617, 275674413|1718, 275674485|1786, 275681002|1845, 275681082|1903, 275685868|1977, 275690574|2043, 275691801|2144, 275691873|2206, 275691873|2263, 275692867|2327, 275693047|2393, 275693047|4036, com.dropbox.android, 
275693254|1, 275693254|1172, 275693314|1215, 275693314|1281, 275693426|1361, 275693541|1444, 275706951|1539, 275714116|1629, 275735186|1759, 275735186|1841, 275744798|1973, 275745335|2045, 275746045|2114, 275747841|2181, 275748678|2242, 275755417|2315, 275769019|2398, 275770525|2497, 275770887|2545, 275771050|2595, 275771918|2675, 275772512|2738, 275772870|2788, 275792589|2834, 275795481|2903, 275795481|2969, 275801726|3030, 275801726|3074, 275802036|3115, 275802443|3183, 275802443|3325, 275803210|3386, 275803210|3520, 275803397|3572, 275803804|3629, 275804516|3687, 275804516|4026, com.cnn.mobile.android.phone, 
275850671|1, 275850751|131, 275850751|229, 275857914|302, 275857914|444, 275858244|498, 275858244|584, 275858794|735, 275858794|1080, 275858866|1152, 275858866|1319, 275858950|1381, 275858950|4027, com.google.android.apps.photos, 
275859027|1, 275859027|4023, com.google.android.deskclock, 
275859119|1, 275859119|1498, 275859349|1579, 275859429|1678, 275864927|1732, 275864927|1878, 275865246|1966, 275865246|2135, 275868435|2223, 275868435|2308, 275871532|2388, 275871963|2453, 275871963|3364, 275872729|3615, 275872729|4018, com.ted.android, 
275971775|1, 275971775|1390, 275972243|1491, 275972243|1646, 275972563|1723, 275972635|1788, 275972635|1878, 275979368|1953, 275988860|2078, 275990087|2177, 275990087|2213, 275990159|2270, 275990159|2337, 275991333|2395, 275991333|4017, com.dropbox.android, 
275991604|1, 275991604|1310, 275991646|1414, 275991646|4023, com.google.android.apps.photos, 
275991646|1, 275991646|2023, 275991706|2105, 275991826|2181, 275991826|2243, 276007246|2330, 276007246|2425, 276007306|2494, 276007306|2580, 276012189|2691, 276012871|2770, 276012871|3224, 276013051|3271, 276013051|3306, 276013827|3358, 276014189|3419, 276014189|3468, 276014241|3508, 276014241|3607, 276014580|3668, 276018809|3722, 276018809|3755, 276020783|3818, 276020783|3871, 276023635|3935, 276027913|4031, com.paypal.android.p2pmobile, 
276054565|1, 276054565|3512, 276054637|3573, 276054637|3759, 276054697|3820, 276054697|3930, 276058639|3985, 276058639|4021, com.tripadvisor.tripadvisor, 
276060068|1, 276060068|2760, 276060128|2825, 276060128|2878, 276064070|3010, 276064070|3152, 276064380|3203, 276064380|3643, 276064908|3688, 276064908|3812, 276064972|3871, 276065024|3925, 276065428|4015, com.tripadvisor.tripadvisor, 
276065563|1, 276065563|1384, 276065784|1580, 276066383|1644, 276072055|1712, 276072806|1761, 276072806|1863, 276074488|1911, 276074488|2482, 276075319|2562, 276075431|2655, 276079369|2713, 276079421|2762, 276080037|2829, 276080037|3182, 276080110|3245, 276080233|3334, 276080405|3421, 276083615|3491, 276083615|3546, 276085961|3602, 276086299|3670, 276089103|3726, 276090481|3767, 276090963|3812, 276091011|3871, 276091011|4030, com.android.chrome, 
276091758|1, 276091758|1472, 276092060|1608, 276092778|1745, 276097066|1863, 276097973|1945, 276097973|2038, 276099604|2137, 276099604|2585, 276100123|2632, 276100547|2711, 276100547|2769, 276104484|2824, 276104536|2884, 276105152|2965, 276105152|3121, 276105768|3167, 276106699|3275, 276106699|3389, 276107153|3440, 276109909|3481, 276112252|3579, 276112542|3622, 276115346|3671, 276115346|3724, 276117270|3781, 276117318|3818, 276117318|4036, com.android.chrome, 
276117370|1, 276117370|970, 276117632|1046, 276117632|1784, 276118048|1900, 276122259|2046, 276122311|2101, 276122363|2151, 276122746|2233, 276123496|2292, 276123496|2338, 276124964|2383, 276124964|2552, 276125188|2604, 276131338|2663, 276131994|2723, 276131994|2780, 276216676|2844, 276216676|4032, com.csst.ecdict, 
276216832|1, 276217033|4026, com.tripadvisor.tripadvisor, 
276222635|1, 276222635|983, 276222917|1064, 276223659|1161, 276235497|1245, 276235497|1346, 276236826|1433, 276236826|1515, 276239590|1582, 276252668|1724, 276263618|1821, 276269361|1919, 276279137|2035, 276279137|2118, 276280880|2200, 276291100|2278, 276291178|2334, 276291178|2409, 276292398|2500, 276293031|2642, 276293572|2793, 276294113|2919, 276298341|3011, 276298341|3087, 276298748|3145, 276299641|3225, 276299641|3599, 276300157|3657, 276309560|3722, 276309652|3760, 276310331|4015, com.antutu.ABenchMark, 
276348834|1, 276348834|1572, 276348894|1660, 276348946|1721, 276349138|1793, 276354077|1911, 276357102|1978, 276357222|2029, 276357524|2099, 276363477|2171, 276368706|2253, 276368859|2303, 276370680|2386, 276370990|2482, 276371941|2563, 276372694|2761, 276378130|2847, 276378190|2954, 276382220|3014, 276382280|3066, 276383028|3149, 276384293|3249, 276384293|3325, 276385428|3370, 276385428|3503, 276385480|3594, 276385480|3643, 276386400|3718, 276388243|3862, 276388243|4068, com.ebay.mobile, 
276410973|1, 276410973|4012, com.google.android.deskclock, 
276410973|1, 276410973|1776, 276411033|1871, 276411033|1940, 276417492|2020, 276417492|2106, 276417912|2178, 276427587|2300, 276428058|2393, 276428891|2501, 276428963|2573, 276429465|2623, 276429957|2685, 276429957|3048, 276430289|3133, 276430289|4035, com.dropbox.android, 
276430496|1, 276430496|2467, 276430556|2642, 276435603|2815, 276440049|2912, 276440049|3032, 276440729|3201, 276441724|3357, 276442425|3458, 276442529|3580, 276444169|3742, 276445535|3852, 276445595|3913, 276445853|4022, com.ebay.mobile, 
276485866|1, 276485866|2177, 276486218|2243, 276490754|2323, 276493865|2424, 276494480|2511, 276494480|4028, com.skype.raider, 
276495753|1, 276495753|1370, 276495887|1537, 276495887|2025, 276496109|2118, 276496349|2214, 276509090|2313, 276509090|2479, 276510355|2570, 276510459|2678, 276510563|2751, 276512704|2848, 276519129|3020, 276532282|3209, 276532730|3286, 276533870|3387, 276534071|3470, 276534580|3604, 276540819|3674, 276556674|3868, 276557698|3972, 276558109|4050, com.booking, 
276575904|1, 276575904|2411, 276576016|2538, 276579638|2692, 276580339|2792, 276580339|3128, 276581687|3232, 276581739|3301, 276582069|3378, 276582505|3465, 276582505|3672, 276588566|3762, 276589534|3845, 276674105|4023, com.csst.ecdict, 
276675141|1, 276675141|2065, 276678164|2170, 276679575|2260, 276679575|2583, 276679627|2629, 276681061|2712, 276681428|2781, 276681428|3043, 276684570|3115, 276688129|3171, 276688457|3238, 276688457|3311, 276737424|3382, 276772518|3454, 276772518|4023, com.csst.ecdict, 
276772674|1, 276772674|1736, 276772786|1851, 276776347|1942, 276777049|1995, 276777049|2265, 276777153|2324, 276778633|2395, 276779173|2457, 276779173|2708, 276779397|2750, 276785546|2811, 276786202|2872, 276786202|2925, 276821262|2988, 276870214|3048, 276870214|4002, com.csst.ecdict, 
276870370|1, 276870370|1203, 276870715|1299, 276870835|1400, 276879109|1463, 276880043|1526, 276880133|1614, 276880185|1723, 276884055|1818, 276894813|1897, 276895573|1961, 276901724|2071, 276902715|2159, 276904051|2283, 276904699|2592, 276905047|3070, 276905047|4031, com.Slack, 
276905223|1, 276905223|1958, 276905489|2010, 276905489|2072, 276907569|2144, 276907569|2283, 276908001|2346, 276910525|2415, 276910525|2550, 276911101|2614, 276913181|2677, 276913181|2806, 276913325|2855, 276921063|2923, 276921063|3117, 276921395|3176, 276921395|3298, 276921467|3353, 276921727|3425, 276921727|4037, com.instagram.android, 
276922888|1, 276922888|4019, com.facebook.katana, 
276922888|1, 276922888|1111, 276922948|1194, 276931282|1275, 276931282|1330, 276932306|1412, 276937741|1494, 276938121|1558, 276941768|1613, 276941768|1685, 276942101|1745, 276942153|1805, 276942153|4018, com.Slack, 
276942277|1, 276942277|855, 276942524|902, 276942524|1198, 276942745|1359, 276943352|1442, 276947579|1512, 276948330|1556, 276948330|1649, 276950014|1753, 276950014|1827, 276950261|1889, 276950261|2288, 276950780|2336, 276951003|2420, 276951003|2672, 276951152|2717, 276951212|2755, 276951264|2806, 276951264|2856, 276955305|2919, 276955305|2967, 276956289|3032, 276956289|3188, 276956743|3249, 276959499|3301, 276960877|3364, 276962179|3432, 276964983|3499, 276964983|3539, 276966843|3589, 276966891|3647, 276966891|4036, com.android.chrome, 
276967462|1, 276967462|1751, 276967618|1792, 276967698|1838, 276972154|1896, 276975265|1955, 276975595|1999, 276975880|2035, 276975880|3782, 276976255|3840, 276976307|3899, 276976886|3956, 276976886|4030, com.skype.raider, 
276977199|1, 276977199|145, 276977241|210, 276977241|1403, 276977551|1498, 276983049|1587, 276983164|1677, 276983401|1742, 276983401|1944, 276983461|2034, 276983461|2082, 276986558|2160, 276989747|2228, 276989747|3227, 276990178|3269, 276990178|3442, 276990767|3603, 276990767|3917, 276990909|3978, 276990909|4035, com.ted.android, 
276997040|1, 276997040|1646, 277001576|1707, 277004687|1771, 277005017|1834, 277005302|1871, 277005302|3783, 277005354|3846, 277005933|3902, 277005933|4039, com.skype.raider, 
277006200|1, 277006200|4007, com.google.android.apps.photos, 
277006200|1, 277006200|4026, com.github.shadowsocks, 
277006200|1, 277006200|1618, 277006668|1682, 277006668|2156, 277007158|2229, 277007158|2311, 277007218|2378, 277007218|2430, 277018282|2538, 277018282|2605, 277018342|2678, 277018342|2747, 277018394|2821, 277018606|2898, 277018703|2940, 277018703|3051, 277020309|3123, 277020309|3176, 277023161|3222, 277023161|3283, 277023714|3341, 277023774|3399, 277023774|3470, 277028657|3529, 277029123|3591, 277029485|3648, 277029589|3685, 277029589|3726, 277029641|3781, 277029980|3847, 277034806|3913, 277052910|4053, com.paypal.android.p2pmobile, 
277070320|1, 277070320|4042, at.DiTronic.androidgroup.randomgallery, 
277086206|1, 277086206|984, 277086311|1071, 277086311|1582, 277086371|1654, 277086750|1717, 277086822|1783, 277087106|1844, 277093571|1935, 277102911|2014, 277104035|2108, 277104138|2173, 277104210|2223, 277104210|2257, 277105204|2316, 277105204|2369, 277105384|2443, 277105384|4059, com.dropbox.android, 
277105591|1, 277105591|4022, com.google.android.deskclock, 
277105591|1, 277105591|1790, 277105651|1847, 277105651|1984, 277111884|2061, 277111884|2194, 277112138|2293, 277112318|2392, 277127070|2466, 277127070|2640, 277127250|2692, 277127250|3185, 277128388|3229, 277128388|3289, 277128492|3350, 277128492|3475, 277128831|3543, 277128831|3630, 277128883|3664, 277128883|3713, 277133475|3775, 277133814|3840, 277142370|3890, 277142370|3936, 277158056|3995, 277158056|4064, com.paypal.android.p2pmobile, 
277167905|1, 277167905|4008, at.DiTronic.androidgroup.randomgallery, 
277183786|1, 277183786|1666, 277184138|1750, 277188674|1812, 277191785|1869, 277191785|1908, 277192115|1969, 277192400|2031, 277192400|3749, 277192775|3819, 277192827|3890, 277193406|3929, 277193406|4034, com.skype.raider, 
277193765|1, 277193765|2031, 277193845|2095, 277201412|2153, 277201412|2197, 277201742|2249, 277202027|2309, 277202027|4052, com.skype.raider, 
277202925|1, 277202925|1186, 277203207|1263, 277212053|1355, 277216519|1468, 277219256|1561, 277219256|1640, 277220432|1746, 277237901|1856, 277239741|1936, 277253314|2058, 277258349|2177, 277259945|2309, 277260893|2392, 277260971|2473, 277270320|2593, 277270320|2706, 277270861|2858, 277271402|2952, 277275630|3043, 277275630|3135, 277276037|3213, 277276115|3269, 277276928|3341, 277276928|3640, 277286284|3713, 277286938|3768, 277286938|4054, com.antutu.ABenchMark, 
277342258|1, 277342258|4012, com.google.android.apps.photos, 
277342258|1, 277342258|2120, 277342618|2212, 277342984|2279, 277343044|2373, 277347610|2517, 277347610|2615, 277357536|2697, 277357846|2769, 277358148|2871, 277359349|3003, 277359849|3119, 277360752|3206, 277360752|3274, 277362525|3394, 277366675|3519, 277367149|3622, 277370738|3714, 277371491|3836, 277373050|3940, 277376510|4097, com.ebay.mobile, 
277390513|1, 277390513|1858, 277390606|1992, 277390606|2152, 277391906|2273, 277392686|2365, 277393046|2430, 277393046|2475, 277395162|2556, 277395342|2637, 277395342|2720, 277395918|2775, 277397998|2836, 277397998|3809, 277398834|3861, 277398834|4003, com.instagram.android, 
277399730|1, 277399730|1880, 277399990|1958, 277401030|2054, 277401810|2143, 277402026|2226, 277402170|2273, 277402314|2328, 277404394|2414, 277404394|2552, 277406010|2607, 277407050|2672, 277407050|2748, 277407266|2818, 277407886|2893, 277407886|3348, 277408218|3432, 277408218|3595, 277408550|3651, 277408550|4023, com.instagram.android, 
277408622|1, 277408622|1383, 277408726|1494, 277420960|1657, 277424293|1816, 277424293|1967, 277442488|2120, 277446892|2289, 277461818|2507, 277463598|2677, 277464850|2783, 277474198|2955, 277474198|3417, 277474250|3570, 277478426|3707, 277478426|3785, 277478911|3879, 277479725|4000, 277479725|4123, com.antutu.ABenchMark, 
277532813|1, 277532813|2405, 277532873|2619, 277532873|2750, 277539409|2869, 277539529|2988, 277544464|3186, 277544567|3367, 277546053|3466, 277553968|3591, 277554521|3723, 277554521|4077, com.paypal.android.p2pmobile, 
277595626|1, 277595626|4034, com.facebook.katana, 
277595626|1, 277595626|4003, com.github.shadowsocks, 
277595668|1, 277595668|4003, com.facebook.katana, 
277595668|1, 277595668|1905, 277595835|1988, 277596095|2047, 277596167|2113, 277596167|2223, 277602696|2342, 277612108|2419, 277613050|2495, 277613407|2607, 277613407|2670, 277614401|2738, 277614401|2792, 277614581|2843, 277614581|4037, com.dropbox.android, 
277614788|1, 277614788|1539, 277614897|1619, 277614977|1678, 277620475|1788, 277620475|1888, 277620879|1998, 277620879|2066, 277620956|2182, 277620956|2250, 277624053|2343, 277624053|3665, 277624173|3852, 277624173|4033, com.ted.android, 
277628826|1, 277628826|4012, com.google.android.deskclock, 
277628826|1, 277628826|1787, 277632206|1913, 277632751|1983, 277633453|2033, 277633453|2269, 277633505|2330, 277634885|2397, 277635112|2456, 277635496|2502, 277635600|2542, 277635600|2740, 277635712|2779, 277635824|2829, 277642299|2889, 277642627|2935, 277642627|3019, 277677941|3069, 277727212|3153, 277727614|4024, com.csst.ecdict, 
277733326|1, 277733326|1951, 277734626|2021, 277735406|2091, 277735406|2157, 277735694|2194, 277735766|2236, 277735982|2297, 277738062|2363, 277738062|2494, 277738638|2551, 277740718|2637, 277740718|3149, 277741554|3346, 277741554|3385, 277745409|3440, 277745409|3612, 277745741|3668, 277745741|4025, com.instagram.android, 
277745813|1, 277745813|1836, 277745873|1907, 277745873|2139, 277748665|2226, 277748665|2292, 277753171|2360, 277753171|2515, 277757404|2610, 277757404|2687, 277758295|2787, 277758621|2855, 277758621|2935, 277758673|3009, 277758673|3070, 277762389|3137, 277762587|3225, 277766677|3324, 277767219|3400, 277767475|3461, 277777998|3616, 277778050|3714, 277780874|4011, com.ebay.mobile, 
277800213|1, 277800213|1898, 277801013|1988, 277801013|2059, 277802293|2122, 277802581|2174, 277802581|2239, 277802869|2303, 277804949|2376, 277804949|2470, 277805237|2539, 277807533|2616, 277807533|2767, 277808369|2839, 277808369|3810, 277808701|3875, 277809113|4060, com.instagram.android, 
277809185|1, 277809185|4019, com.facebook.katana, 
277809185|1, 277809185|2416, 277809245|2560, 277809245|2669, 277814292|2754, 277814292|2809, 277818738|2895, 277818798|2986, 277819108|3066, 277819108|3120, 277823031|3193, 277823974|3297, 277823974|3396, 277824300|3479, 277824404|3549, 277826046|3666, 277827188|3781, 277831338|3871, 277831700|3944, 277832076|4027, com.ebay.mobile, 
277863305|1, 277863305|4055, com.facebook.katana, 
277863305|1, 277863305|1480, 277863550|1611, 277863550|1778, 277876219|1947, 277876815|2062, 277897312|2236, 277899682|2362, 277913155|2574, 277918731|2736, 277920327|2901, 277930161|3109, 277930161|3469, 277934389|3619, 277934389|3719, 277934796|3787, 277935688|3888, 277935688|4018, com.antutu.ABenchMark, 
277996102|1, 277996102|4041, com.facebook.katana, 
277996102|1, 277996102|1723, 277996572|1891, 277996572|2045, 277997083|2246, 278003760|2447, 278014437|2684, 278014689|2841, 278015683|3005, 278015683|4028, com.dropbox.android, 
278015890|1, 278015890|2637, 278016191|2806, 278017491|2950, 278017491|3227, 278017851|3298, 278017851|3836, 278018631|3986, 278018631|4086, com.instagram.android, 
278026363|1, 278026363|971, 278026621|1127, 278026621|1232, 278026681|1352, 278027013|1523, 278033406|1637, 278042818|1748, 278044045|1928, 278044045|2006, 278045220|2118, 278045292|2225, 278045292|4315, com.dropbox.android, 
278045499|1, 278045499|1281, 278045579|1383, 278045831|1503, 278045911|1616, 278056417|1807, 278056599|1927, 278056599|2038, 278057702|2168, 278057702|2368, 278057762|2483, 278057762|2901, 278063995|2992, 278063995|3563, 278064098|3842, 278064394|4202, com.dropbox.android, 
