309480|1, 309480|553, 309408|585, 309408|1291, 309704|1518, 309600|1636, 309600|1767, 309748|1853, 309748|2424, 310192|2514, 309892|2577, 309848|2667, 309848|2783, 310144|2821, 310736|2917, 310736|3103, 317544|3191, 316212|3265, 316212|3312, 318164|3385, 339704|3439, 351632|3504, 351632|3539, 352076|3599, 352076|4025, com.android.chrome, 
309840|1, 309840|1135, 309832|1173, 309832|3107, 309960|3179, 309960|4003, com.antutu.ABenchMark, 
309764|1, 309764|609, 309756|683, 309756|1669, 309732|1752, 309732|2653, 309736|2693, 309736|4042, com.whatsapp, 
309732|1, 309732|676, 309728|734, 309728|1664, 309688|1745, 309688|2334, 309392|2414, 309392|2695, 309420|2765, 309420|3092, 332036|3160, 332036|3318, 331436|3381, 331436|3692, 331288|3735, 331288|3923, 327768|3984, 327468|4027, com.antutu.ABenchMark, 
313604|1, 313604|408, 313600|456, 313600|1328, 313248|1456, 313248|1640, 309164|1747, 309164|2300, 309388|2619, 309388|3217, 309340|3503, 309340|3751, 309336|3845, 309336|4110, com.Slack, 
309172|1, 309172|1465, 309468|1644, 309468|2033, 309440|2078, 309440|2404, 309588|2481, 310032|2549, 310476|2603, 310032|2673, 310032|2811, 309884|2879, 309736|2930, 310476|3007, 310400|3051, 310604|3111, 310752|3177, 310752|3326, 316140|3393, 333428|3442, 359504|3501, 359708|3558, 359548|3612, 361324|3683, 361912|3726, 361712|3778, 361712|3814, 361972|3867, 361972|4007, com.android.chrome, 
308388|1, 308388|1443, 308368|1512, 308368|2046, 308812|2119, 308812|2301, 308516|2378, 308516|2418, 308672|2497, 308544|2542, 308544|2837, 308396|2894, 308396|3470, 308484|3513, 308488|3554, 308488|3605, 308544|3654, 308544|3715, 308644|3807, 308644|4022, com.csst.ecdict, 
308128|1, 308128|935, 308120|989, 308120|1935, 308124|1988, 308124|4044, at.DiTronic.androidgroup.randomgallery, 
308080|1, 308080|1413, 308060|1510, 308060|2410, 308188|2474, 308188|4016, com.cnn.mobile.android.phone, 
307984|1, 307984|912, 307896|967, 307896|1644, 308192|1741, 308192|1878, 308336|1947, 308336|2030, 308188|2090, 308188|2244, 308040|2302, 308040|2868, 308084|2921, 308220|2968, 308220|3127, 308072|3192, 308072|3636, 308368|3689, 308516|3725, 308220|3783, 308072|3820, 308072|3906, 308100|3945, 308108|3999, 308108|4041, com.csst.ecdict, 
307788|1, 307788|1598, 307780|1673, 307780|2603, 307784|2669, 307784|4020, com.google.android.deskclock, 
307772|1, 307772|1661, 307920|1769, 307920|1933, 307900|2053, 307900|2931, 307896|2969, 307896|3004, 307900|3055, 307900|4052, com.ted.android, 
307764|1, 307764|1497, 307720|1539, 307720|2438, 307724|2501, 307724|4039, com.paypal.android.p2pmobile, 
307720|1, 307720|1016, 307700|1104, 307700|1609, 307996|1652, 308144|1709, 308144|1770, 309180|1830, 309180|2026, 309540|2072, 315940|2134, 329912|2173, 330420|2223, 330120|2270, 330584|2315, 330584|2380, 331476|2448, 331476|2500, 331276|2580, 331276|2626, 330832|2686, 330832|3018, 330668|3075, 330668|4035, com.sometimeswefly.littlealchemy, 
320028|1, 320028|601, 320064|635, 320064|1506, 319980|1605, 320100|1645, 320100|1714, 320248|1760, 320544|1815, 320544|1904, 321580|1982, 321284|2050, 321284|2198, 321728|2254, 322468|2302, 322468|2339, 322616|2399, 322616|2561, 322568|2620, 322680|2686, 322680|2998, 322236|3042, 322236|3386, 322156|3448, 322156|3584, 322164|3633, 322128|3683, 322128|4011, com.sometimeswefly.littlealchemy, 
319780|1, 319780|1380, 319928|1462, 319928|1816, 320224|1876, 320372|1921, 320372|2036, 321260|2091, 321260|2189, 321320|2244, 321648|2289, 322388|2343, 322388|2564, 322536|2634, 322388|2691, 322388|2762, 336548|2824, 336724|2865, 336724|2937, 336524|3000, 336524|3156, 336644|3209, 336608|3273, 336608|4025, com.sometimeswefly.littlealchemy, 
320012|1, 320012|1733, 320016|1824, 320016|4026, com.github.shadowsocks, 
320012|1, 320012|2390, 320032|2485, 320032|3381, 320056|3450, 320056|4032, com.booking, 
319704|1, 319704|1057, 319696|1151, 319696|1546, 319844|1613, 320140|1651, 320140|1795, 320288|1836, 321176|1898, 321176|2082, 321580|2133, 322500|2191, 322500|2612, 322056|2670, 322056|3124, 321976|3159, 322000|3202, 322000|3248, 321872|3287, 321872|4007, com.sometimeswefly.littlealchemy, 
319684|1, 319684|1481, 319832|1526, 319832|1660, 320128|1700, 320416|1760, 320416|1813, 320564|1849, 321452|1913, 321452|2149, 322192|2209, 322192|2462, 322340|2506, 322340|2570, 321896|2640, 321896|2682, 321848|2759, 321848|3723, 321824|3775, 321824|4002, com.sometimeswefly.littlealchemy, 
319636|1, 319636|1395, 319644|1483, 319644|2419, 319640|2456, 319628|2493, 319628|4035, com.google.android.apps.photos, 
319628|1, 319628|1885, 319632|1967, 319632|2954, 319612|2982, 319612|4008, com.whatsapp, 
319604|1, 319604|1864, 319608|1922, 319608|2841, 319600|2882, 319600|4001, com.whatsapp, 
319596|1, 319576|95, 319576|1991, 319540|2042, 319540|4007, at.DiTronic.androidgroup.randomgallery, 
319536|1, 319536|1656, 319528|1717, 319528|2642, 319532|2696, 319532|4003, com.whatsapp, 
319528|1, 319528|1506, 319676|1596, 319676|1822, 319660|1901, 319660|4026, com.ted.android, 
319580|1, 319580|2390, 319728|2467, 319728|2579, 319712|2656, 319712|2924, 334692|2982, 340544|3038, 340444|3093, 340444|3264, 338844|3305, 338844|3613, 338688|3661, 338688|3894, 338588|3964, 338588|4065, com.antutu.ABenchMark, 
325184|1, 325184|308, 325180|398, 325180|1341, 325176|1454, 321480|1552, 321480|2363, 321356|2400, 321356|3310, 321348|3381, 321348|4034, com.whatsapp, 
321336|1, 321336|1523, 321332|1582, 321324|1636, 321324|4015, com.skype.raider, 
321292|1, 321292|2125, 321416|2283, 321416|3044, 321508|3178, 321508|4027, com.booking, 
333212|1, 333212|646, 333192|697, 333192|750, 333092|789, 333064|843, 333052|923, 333052|1674, 332944|1842, 332888|1960, 332888|2818, 332828|2858, 332828|4058, com.paypal.android.p2pmobile, 
331844|1, 331828|512, 331828|1208, 331832|1297, 331780|1361, 331780|2264, 331748|2317, 331748|4011, com.google.android.deskclock, 
331716|1, 331664|115, 331664|863, 331564|896, 331564|989, 331524|1098, 331524|2019, 331440|2071, 331440|2522, 331344|2576, 331344|4039, com.whatsapp, 
331052|1, 331052|899, 331000|945, 331000|1875, 330996|1925, 330996|2124, 331144|2201, 331144|2869, 331140|2916, 331236|2988, 331236|3894, 331336|3970, 331336|4014, com.dropbox.android, 
330864|1, 330864|2262, 331016|2464, 331100|2731, 331100|3320, 331032|3526, 331032|4016, com.Slack, 
330900|1, 330900|1038, 330860|1121, 330876|1209, 330876|2076, 330864|2132, 330780|2174, 330780|4032, com.whatsapp, 
330624|1, 330624|114, 330160|147, 330160|1081, 330060|1178, 330060|2093, 330036|2135, 330020|2176, 330020|4036, com.instagram.android, 
356584|1, 356584|305, 348552|354, 348552|665, 348396|712, 348384|759, 348384|1621, 348320|1655, 348256|1711, 348256|4032, com.facebook.katana, 
348156|1, 348156|189, 348104|228, 348104|1156, 347940|1205, 347940|2156, 370448|2240, 372424|2311, 372424|2460, 370424|2511, 370424|3158, 370272|3201, 370100|3249, 370100|4009, com.paypal.android.p2pmobile, 
358652|1, 358356|144, 358356|605, 352028|690, 352028|743, 351880|783, 351832|825, 351604|880, 351604|1071, 352196|1137, 352196|1293, 351900|1350, 351604|1429, 351604|1802, 351944|1882, 351944|2004, 351648|2081, 351648|2787, 351504|2851, 351504|2975, 351800|3038, 351800|3105, 351504|3169, 351504|4002, com.ebay.mobile, 
350532|1, 350532|491, 350528|540, 350528|665, 350520|698, 350520|1415, 350468|1528, 350468|2482, 350388|2532, 350388|4039, com.instagram.android, 
350348|1, 350348|1001, 350344|1053, 350340|1120, 350340|1193, 350488|1255, 350488|1556, 350636|1609, 350932|1663, 350932|1730, 351080|1780, 352116|1829, 352116|1966, 352140|2029, 352808|2091, 362600|2133, 362836|2211, 361888|2266, 361888|2318, 364180|2386, 363480|2446, 363480|2623, 362888|2663, 362888|3021, 362644|3083, 362644|4028, com.sometimeswefly.littlealchemy, 
351772|1, 351772|671, 351760|719, 351760|1075, 351512|1132, 351212|1214, 351212|1479, 351064|1581, 351040|1665, 350968|1742, 350968|2239, 351116|2280, 350968|2330, 350968|2635, 350816|2868, 350816|4016, com.ted.android, 
350548|1, 350548|91, 350544|125, 350544|1068, 350500|1148, 350500|1757, 350204|1808, 350204|2027, 350200|2077, 349976|2128, 349976|4021, com.Slack, 
349212|1, 349212|909, 349140|993, 349140|1395, 349288|1546, 349288|1932, 349220|1971, 349276|2019, 349376|2064, 349376|2240, 349968|2310, 350412|2374, 350116|2418, 349524|2491, 349376|2550, 349376|2680, 349524|2736, 349968|2778, 350264|2826, 350264|2914, 350284|2952, 350392|3006, 350136|3096, 355612|3165, 356456|3243, 356456|3344, 359344|3400, 381468|3470, 380864|3513, 380100|3575, 380000|3629, 380000|3893, 380080|3945, 379860|3992, 379860|4025, com.android.chrome, 
329148|1, 329148|564, 329096|612, 329096|1405, 329244|1531, 329376|1746, 329376|2526, 330040|2589, 330188|2634, 329596|2702, 329596|2844, 330188|2903, 330188|2937, 330484|2988, 330780|3060, 330632|3092, 330632|3188, 331816|3260, 336108|3335, 335664|3400, 335664|3439, 335812|3492, 337884|3563, 337936|3608, 337948|3656, 337952|4037, com.android.chrome, 
328992|1, 328992|834, 328892|882, 329636|977, 330080|1025, 330376|1077, 330672|1154, 330848|1197, 330848|2069, 330884|2146, 330952|2224, 330752|2285, 330752|2346, 330604|2420, 330604|3122, 330348|3180, 330348|4014, com.cnn.mobile.android.phone, 
318200|1, 318200|630, 318184|677, 318184|1628, 318180|1666, 318144|1715, 318144|1796, 318148|1839, 318148|3616, 318084|3696, 318084|4002, com.tripadvisor.tripadvisor, 
317784|1, 317784|126, 317780|164, 317780|1099, 317696|1157, 317696|2098, 317760|2174, 317760|2802, 317316|2871, 317316|3118, 317244|3180, 317244|4056, com.cnn.mobile.android.phone, 
317052|1, 317052|615, 316952|658, 316904|688, 316904|1592, 316932|1645, 317104|1714, 317400|1753, 317400|1806, 317548|1873, 318436|1922, 318288|1973, 318288|2127, 319472|2190, 319472|2565, 319336|2622, 319480|2667, 319036|2726, 319036|3279, 319044|3333, 319044|3603, 318984|3659, 318984|4033, com.sometimeswefly.littlealchemy, 
316796|1, 316796|556, 316740|602, 316740|1348, 316744|1395, 316744|3351, 316800|3395, 316708|3468, 316708|4011, com.tripadvisor.tripadvisor, 
316528|1, 316528|751, 316508|801, 316508|1174, 316656|1240, 316508|1326, 316508|1743, 316476|1867, 316476|2059, 316624|2180, 316624|2707, 316512|2984, 316512|3761, 316424|3800, 316424|4043, com.booking, 
316228|1, 316228|559, 316216|597, 316216|1538, 316220|1594, 316220|3539, 316192|3602, 316192|4034, com.skype.raider, 
316152|1, 316152|713, 315560|773, 315560|1162, 315408|1256, 315408|1354, 315556|1438, 315556|1990, 315408|2080, 315408|2140, 315376|2206, 315308|2282, 315308|2917, 315160|2990, 315160|3097, 315148|3228, 315148|4044, com.booking, 
314628|1, 314628|696, 314592|772, 314592|1673, 314556|1729, 314556|4010, com.github.shadowsocks, 
314552|1, 314552|2424, 314676|2474, 314676|3426, 314672|3482, 314672|4045, com.cnn.mobile.android.phone, 
314476|1, 314476|883, 314440|987, 314440|1967, 314444|2019, 314444|4017, com.facebook.katana, 
314412|1, 314412|4019, com.facebook.katana, 
314348|1, 314348|1108, 314352|1177, 314352|4038, at.DiTronic.androidgroup.randomgallery, 
314344|1, 314344|777, 314336|831, 314336|1373, 314484|1463, 314484|1699, 314692|1794, 314840|1836, 314840|1886, 315136|1951, 315876|2009, 315876|2197, 316172|2251, 316912|2323, 316912|2716, 316916|2783, 317000|2862, 316556|2900, 316556|3750, 316500|3798, 316500|4033, com.sometimeswefly.littlealchemy, 
314160|1, 314160|378, 314156|429, 314156|1180, 314600|1237, 314600|1283, 314304|1318, 313972|1396, 313972|1859, 314416|1922, 314416|2145, 314120|2207, 314120|2351, 314068|2395, 314068|4001, com.ebay.mobile, 
314044|1, 314044|2284, 314048|2355, 314048|2682, 314028|2747, 314028|3715, 313932|3753, 313932|4029, com.tripadvisor.tripadvisor, 
313856|1, 313856|383, 313800|417, 313800|2349, 313804|2397, 313804|4008, com.github.shadowsocks, 
313800|1, 313800|1058, 313792|1093, 313792|1721, 313708|1770, 313708|2059, 313712|2106, 313712|4038, at.DiTronic.androidgroup.randomgallery, 
313668|1, 313668|1448, 313816|1581, 313816|1680, 313876|1791, 313876|2053, 314024|2110, 314024|2553, 315208|2613, 314912|2663, 314364|2730, 314364|2918, 314956|2960, 315252|3000, 316288|3062, 315400|3114, 315400|3223, 321468|3312, 322652|3359, 322652|3523, 324428|3583, 324428|3641, 324528|3696, 324608|3732, 324608|4026, com.android.chrome, 
313540|1, 313540|2088, 313556|2163, 313556|3067, 313508|3146, 313508|4032, com.booking, 
313348|1, 313348|875, 313340|957, 313340|1808, 313200|1915, 313200|4031, com.cnn.mobile.android.phone, 
312884|1, 312884|1499, 312888|1569, 312888|2618, 312864|2668, 312864|4026, com.github.shadowsocks, 
312860|1, 312860|4048, com.whatsapp, 
312828|1, 312680|94, 312680|181, 312660|225, 312660|1209, 312596|1254, 312596|2169, 312592|2221, 312592|4106, com.instagram.android, 
312544|1, 312544|778, 312552|820, 312556|879, 312556|1781, 312516|1861, 312516|4034, com.google.android.deskclock, 
312480|1, 312480|1518, 312452|1614, 312452|2283, 312748|2564, 312760|2969, 312760|3404, 312692|3743, 312692|4050, com.Slack, 
312664|1, 312664|1739, 312960|1792, 312960|1865, 312812|1923, 313108|1967, 313996|2012, 313996|2134, 314148|2171, 314444|2232, 315184|2286, 315184|2534, 353332|2619, 359836|2713, 359392|2764, 361296|2818, 361296|2906, 361048|2980, 361048|3105, 361744|3184, 361744|3412, 361692|3450, 361692|4011, com.sometimeswefly.littlealchemy, 
348092|1, 348092|610, 348084|657, 348084|1103, 348676|1156, 348676|1187, 348380|1252, 348084|1339, 348084|1604, 348156|1658, 348156|1745, 348452|1827, 348452|1879, 348156|1978, 348156|2585, 348160|2656, 348160|3568, 348132|3639, 348132|4038, com.ebay.mobile, 
348088|1, 348088|1337, 348232|1425, 348232|2389, 348160|2438, 348160|4005, com.cnn.mobile.android.phone, 
336724|1, 336708|227, 336708|1057, 336660|1130, 336660|1993, 336580|2094, 336580|3048, 336708|3112, 336708|4024, com.antutu.ABenchMark, 
336480|1, 336480|633, 336472|719, 336472|1577, 336540|1668, 336824|1724, 336972|1773, 336972|1910, 338156|1974, 338156|2197, 338748|2245, 339044|2305, 339044|2630, 339132|2705, 338688|2772, 338688|3389, 338620|3441, 338620|3619, 338636|3670, 338636|4026, com.sometimeswefly.littlealchemy, 
336444|1, 336444|1253, 336400|1331, 336444|1406, 336444|2330, 336464|2378, 336464|4030, com.Slack, 
336428|1, 336428|943, 336404|999, 336404|2930, 336384|3026, 336288|4004, com.tripadvisor.tripadvisor, 
333508|1, 333508|570, 333512|614, 333512|663, 333520|712, 333520|1599, 333528|1636, 333528|4012, com.google.android.deskclock, 
333524|1, 333524|2258, 333520|2312, 333528|2358, 333528|4031, com.Slack, 
333476|1, 333476|875, 333440|945, 333440|1861, 333448|1901, 333444|1962, 333444|2884, 333440|2940, 333440|4005, com.google.android.apps.photos, 
333408|1, 333408|532, 333404|591, 333404|1444, 333508|1551, 333656|1641, 333656|2432, 334544|2497, 334764|2545, 333876|2622, 333728|2678, 333728|2757, 333876|2814, 334320|2867, 334764|2900, 334912|2945, 334912|3139, 335652|3256, 343348|3307, 343644|3373, 343348|3448, 343348|3498, 345180|3546, 345180|4038, com.android.chrome, 
314308|1, 314308|904, 314272|1000, 314272|1565, 314420|1682, 314420|1872, 314528|1973, 314528|2709, 315120|2808, 315564|2883, 315228|2932, 314756|3002, 314756|3109, 315644|3151, 314904|3205, 315348|3264, 315644|3310, 315644|3547, 315348|3627, 324524|3699, 324672|3759, 324376|3802, 324376|3851, 324444|3915, 326032|3969, 326032|4014, com.android.chrome, 
314272|1, 314272|2352, 314268|2401, 314400|2445, 314400|4169, com.ted.android, 
314244|1, 314244|1986, 314248|2021, 314248|4056, com.skype.raider, 
314244|1, 314244|529, 314204|577, 314204|1547, 314200|1612, 314200|2422, 314348|2509, 314344|2547, 314376|2599, 314376|3518, 314460|3574, 314580|3629, 314580|4054, com.dropbox.android, 
314200|1, 314200|2953, 314192|3000, 314180|3058, 314180|4038, com.paypal.android.p2pmobile, 
314076|1, 314076|675, 314056|815, 314056|1709, 314016|1783, 314056|1835, 314056|2167, 314204|2298, 314204|2954, 314208|3065, 314208|4031, com.booking, 
314044|1, 314044|1409, 314040|1480, 314052|1563, 314052|4033, com.google.android.deskclock, 
314044|1, 314044|321, 314040|366, 314040|2098, 314016|2151, 314016|4029, at.DiTronic.androidgroup.randomgallery, 
314012|1, 314012|1688, 314016|1737, 314016|4008, at.DiTronic.androidgroup.randomgallery, 
314012|1, 314012|1314, 314604|1378, 314604|1595, 314012|1662, 314012|2031, 314308|2085, 314308|2168, 314364|2266, 314116|2363, 314116|2891, 314264|2950, 314264|3137, 313968|3192, 313892|3252, 314020|3305, 314020|4245, com.ebay.mobile, 
313980|1, 313980|1786, 313984|1854, 313984|4021, com.skype.raider, 
313980|1, 313980|274, 313960|366, 313960|2371, 313964|2416, 313964|4105, com.facebook.katana, 
313960|1, 313960|1778, 313968|1825, 313968|4042, com.google.android.deskclock, 
313920|1, 313920|1336, 313924|1440, 313924|2351, 313928|2384, 313928|2421, 313880|2469, 313880|3336, 313816|3376, 313816|4041, com.google.android.apps.photos, 
313816|1, 313816|1083, 313776|1128, 313776|2056, 313772|2088, 313736|2123, 313736|4018, com.github.shadowsocks, 
313732|1, 313732|693, 313688|742, 313688|1652, 313676|1733, 313676|2612, 313784|2711, 313784|4005, com.antutu.ABenchMark, 
313608|1, 313608|2185, 313604|2236, 313612|2290, 313612|4026, com.github.shadowsocks, 
313600|1, 313600|1826, 313732|1933, 313732|4011, com.ted.android, 
313600|1, 313600|1348, 313728|1408, 313728|1704, 314024|1790, 314024|2011, 313876|2096, 314024|2188, 314024|2235, 313876|2299, 313728|2360, 313728|2403, 313768|2436, 313776|2484, 313776|3591, 314072|3640, 314072|3703, 314220|3749, 314220|3828, 313924|3884, 313924|4023, com.csst.ecdict, 
313348|1, 313348|2344, 313644|2571, 313616|3070, 313172|3395, 313120|4233, com.Slack, 
313104|1, 313104|2384, 313252|2481, 313224|2584, 313224|3425, 313220|3481, 313224|3524, 313224|4008, com.antutu.ABenchMark, 
313092|1, 313088|190, 313088|2076, 313092|2146, 313092|2347, 313240|2485, 313240|3032, 313232|3130, 313248|3209, 313248|4050, com.booking, 
313088|1, 313088|2461, 313216|2607, 313216|3420, 313244|3770, 313244|4069, com.booking, 
313084|1, 313080|151, 313080|2054, 313212|2129, 313212|2244, 313508|2330, 313508|2663, 313212|2715, 313212|2788, 313360|2903, 313360|3010, 313212|3067, 313256|3141, 313256|4059, com.csst.ecdict, 
313072|1, 313072|1456, 313052|1507, 313052|2458, 313056|2519, 313056|4006, com.whatsapp, 
313044|1, 313044|217, 312960|273, 313024|322, 313024|2203, 313028|2263, 313028|4051, com.github.shadowsocks, 
313024|1, 313024|807, 313020|862, 313020|1729, 313148|1853, 313148|2696, 313152|2733, 313120|2764, 313120|4005, com.ted.android, 
312968|1, 312968|2327, 312960|2372, 312972|2435, 312972|4029, com.github.shadowsocks, 
312968|1, 312968|1989, 312972|2043, 312972|4009, com.skype.raider, 
312968|1, 312968|1573, 312972|1655, 312972|1802, 313120|1895, 313120|2593, 313100|2653, 313100|4067, com.cnn.mobile.android.phone, 
312968|1, 312968|2122, 312972|2172, 312968|2223, 312968|4003, com.google.android.apps.photos, 
312956|1, 312956|2934, 312960|2989, 312960|4004, com.paypal.android.p2pmobile, 
312952|1, 312952|1843, 313100|1927, 313248|2029, 313248|2231, 313100|2285, 313100|2374, 313248|2454, 313256|2535, 313256|2635, 313456|2692, 313256|2749, 313256|3157, 313136|3221, 313136|3496, 313132|3526, 313136|3573, 357484|3858, 361156|3917, 366252|3997, 366104|4029, com.csst.ecdict, 
347032|1, 347032|948, 347028|1026, 347032|1078, 347032|2017, 347036|2062, 347036|2107, 347012|2161, 347012|3004, 347008|3077, 347008|4002, com.tripadvisor.tripadvisor, 
344208|1, 344208|1442, 344316|1527, 344316|2411, 344268|2548, 344268|3400, 344240|3469, 344240|4026, com.booking, 
343868|1, 343868|978, 343864|1029, 343864|1994, 343868|2040, 343868|4031, com.whatsapp, 
343772|1, 343772|79, 343764|121, 343764|1039, 343752|1120, 343752|1528, 343900|1631, 343900|2000, 343792|2066, 343888|2136, 343888|3036, 343884|3086, 343884|4002, com.ted.android, 
343728|1, 343728|1685, 343736|1831, 343736|2764, 343864|2822, 343864|3725, 343868|3789, 343868|4003, com.cnn.mobile.android.phone, 
332356|1, 332356|1176, 332948|1226, 332948|1288, 332812|1360, 332368|1452, 332368|1779, 332664|1857, 332368|1974, 332368|2232, 332360|2324, 332360|2631, 332508|2711, 332656|2794, 332360|2884, 332360|3237, 332300|3308, 332328|3377, 332328|4016, com.ebay.mobile, 
332324|1, 332324|1848, 332328|1896, 332328|4001, at.DiTronic.androidgroup.randomgallery, 
332324|1, 332324|4040, com.google.android.apps.photos, 
332280|1, 332280|2735, 332284|2804, 332284|4051, com.instagram.android, 
332276|1, 332276|1223, 332260|1304, 332260|2258, 332272|2308, 332272|4029, com.Slack, 
332268|1, 332268|1951, 332272|1994, 332272|2900, 332268|2968, 332268|4025, com.tripadvisor.tripadvisor, 
332256|1, 332256|1484, 332260|1573, 332260|1767, 332408|1852, 332408|2493, 332388|2561, 332388|4029, com.cnn.mobile.android.phone, 
332256|1, 332256|2646, 332108|2689, 332108|3736, 332000|3790, 332000|4006, com.google.android.apps.photos, 
332016|1, 332016|778, 331996|829, 331996|2760, 332004|2821, 332000|2885, 332000|4012, com.paypal.android.p2pmobile, 
332008|1, 332008|1456, 332000|1511, 332000|4048, at.DiTronic.androidgroup.randomgallery, 
331992|1, 331992|1773, 331996|1833, 331996|4043, com.tripadvisor.tripadvisor, 
331992|1, 331992|2223, 332168|2285, 332168|3250, 332332|3304, 332332|4039, com.dropbox.android, 
331964|1, 331964|1879, 332096|1963, 332096|4003, com.cnn.mobile.android.phone, 
331984|1, 331984|1366, 331988|1447, 331988|2337, 331920|2387, 331984|2437, 331984|3393, 331964|3441, 331964|4002, com.google.android.apps.photos, 
331944|1, 331944|89, 331940|131, 331940|1099, 331920|1162, 331920|2090, 331916|2132, 331928|2186, 331928|4020, com.google.android.deskclock, 
331920|1, 331920|1555, 332068|1611, 332052|1697, 332052|4023, com.ted.android, 
331920|1, 331920|2370, 332096|2433, 332096|3381, 332260|3438, 332260|4016, com.dropbox.android, 
331920|1, 331920|1926, 331924|1988, 331924|3019, 331920|3062, 331920|4010, com.google.android.apps.photos, 
331920|1, 331920|2595, 331924|2698, 331924|3600, 331920|3645, 331924|3699, 331924|4031, com.paypal.android.p2pmobile, 
331920|1, 331920|2098, 331924|2147, 331928|2201, 331924|2257, 331924|4032, com.tripadvisor.tripadvisor, 
331920|1, 331920|1463, 331924|1536, 331924|4014, com.tripadvisor.tripadvisor, 
331920|1, 331920|1103, 331924|1156, 331924|1475, 332072|1663, 332072|2090, 332184|2152, 332184|2413, 332332|2508, 332924|2568, 333368|2666, 332036|2737, 332036|2911, 332776|2977, 333072|3027, 333220|3063, 333276|3115, 333428|3165, 333428|3260, 334612|3329, 350304|3425, 371828|3505, 375428|3569, 374660|3625, 374660|3684, 374884|3748, 374684|3807, 374684|4009, com.android.chrome, 
326536|1, 326536|505, 326516|568, 326516|1395, 326820|1601, 326820|2451, 326812|2534, 327368|2631, 327516|2690, 327812|2742, 327072|2820, 326924|2871, 326924|2926, 327664|2988, 327812|3074, 327960|3126, 327960|3288, 328848|3391, 336988|3490, 336456|3546, 336464|3583, 338388|3683, 338388|4023, com.android.chrome, 
326380|1, 326380|1072, 326372|1154, 326372|1476, 326520|1527, 326520|1835, 326816|1890, 326816|2020, 326840|2146, 326840|2200, 326692|2261, 326544|2333, 326692|2398, 326692|2945, 326544|2987, 326692|3046, 326644|3103, 326576|3168, 326584|3228, 326584|3620, 326880|3678, 326880|3835, 326732|3906, 326436|3968, 326436|4018, com.csst.ecdict, 
326380|1, 326380|688, 326376|745, 326376|1632, 326368|1713, 326348|1783, 326348|2576, 326344|2763, 326344|3719, 326336|3790, 326336|4043, com.tripadvisor.tripadvisor, 
323552|1, 323552|120, 323540|164, 323540|1071, 323528|1153, 323528|2134, 323516|2204, 323516|3094, 323588|3169, 323588|4031, com.antutu.ABenchMark, 
323456|1, 323456|792, 323428|870, 323428|1120, 324020|1167, 324020|1218, 323724|1279, 323428|1362, 323428|1745, 323724|1806, 323828|1876, 323532|1997, 323532|2340, 323680|2388, 323828|2477, 323532|2564, 323532|2848, 323432|2937, 323432|4061, com.ebay.mobile, 
323408|1, 323408|618, 323404|679, 323404|2557, 323400|2629, 323400|4050, com.google.android.deskclock, 
323392|1, 323392|1014, 323348|1117, 323348|2000, 323344|2068, 323344|2430, 323492|2544, 323492|2964, 323636|3036, 323724|4046, com.dropbox.android, 
311088|1, 311088|1374, 311532|1443, 311532|1525, 311384|1642, 311088|1748, 311088|2152, 310940|2329, 311164|2451, 311164|2779, 310868|2933, 310868|3327, 310836|3477, 310836|4028, com.ebay.mobile, 
310828|1, 310828|504, 310800|597, 310800|2543, 310804|2632, 310804|4019, com.skype.raider, 
310800|1, 310800|765, 310796|839, 310796|1768, 310788|1872, 310788|2778, 310604|2843, 310608|2963, 310608|3785, 310652|3970, 310652|4076, com.booking, 
310368|1, 310364|169, 310364|2019, 310316|2106, 310316|2584, 310612|2714, 310612|2959, 310316|3031, 310464|3113, 310464|3395, 310612|3463, 310612|4014, com.csst.ecdict, 
310304|1, 310304|2096, 310584|2183, 310584|2486, 310436|2575, 310288|2654, 310436|2696, 310436|3095, 310416|3167, 310488|3237, 310488|3427, 310688|3507, 310488|3570, 310488|4022, com.csst.ecdict, 
310288|1, 310288|539, 310224|581, 310284|635, 310284|1527, 310408|1601, 310408|1821, 310704|1935, 310704|2073, 310556|2132, 310556|2196, 310408|2300, 310408|2534, 310228|2579, 310412|2618, 310412|2999, 310416|3073, 310416|3581, 310428|3614, 310428|3754, 310412|3817, 310708|3871, 310708|3909, 310560|3968, 310560|4018, com.csst.ecdict, 
310228|1, 310228|1055, 310224|1146, 310224|2066, 310228|2180, 310228|2391, 310524|2840, 310504|3200, 310508|4148, com.Slack, 
310512|1, 310512|610, 310508|661, 310508|2588, 310516|2646, 310516|4005, com.instagram.android, 
310504|1, 310504|1079, 310496|1132, 310496|2031, 310500|2073, 310500|4022, com.facebook.katana, 
310496|1, 310496|555, 310492|607, 310492|1568, 310500|1635, 310500|2184, 310496|2239, 310496|4045, com.Slack, 
310492|1, 310492|211, 310476|257, 310476|1168, 310524|1236, 310524|1458, 310672|1536, 310672|2172, 310700|2229, 310784|2323, 311524|2378, 311672|2431, 310932|2520, 310784|2586, 310784|2705, 311524|2760, 311820|2805, 311968|2843, 311968|2897, 311820|2960, 311820|3054, 312560|3126, 317740|3211, 318532|3279, 318236|3337, 318088|3389, 321112|3459, 321112|3907, 321120|3964, 321120|4019, com.android.chrome, 
310212|1, 310212|1905, 310216|1956, 310216|4016, com.skype.raider, 
310212|1, 310212|1336, 310204|1433, 310204|2368, 310336|2402, 310336|4014, com.ted.android, 
310152|1, 310152|1988, 310156|2043, 310156|4006, com.skype.raider, 
310148|1, 310148|2633, 310140|2690, 310140|4018, com.google.android.apps.photos, 
310140|1, 310140|111, 310116|144, 310116|2111, 310120|2159, 310120|4014, com.github.shadowsocks, 
310104|1, 310104|722, 310088|774, 310088|1731, 310092|1795, 310092|4019, com.paypal.android.p2pmobile, 
310088|1, 310088|843, 310076|921, 310076|1869, 310080|1910, 310080|4035, at.DiTronic.androidgroup.randomgallery, 
310064|1, 310064|1505, 309980|1607, 309980|2111, 310128|2213, 310128|2546, 310268|2599, 310268|3534, 310356|3594, 310356|4028, com.dropbox.android, 
309976|1, 309976|157, 309932|203, 309932|2162, 309940|2209, 309940|4050, com.google.android.deskclock, 
309916|1, 309916|768, 309896|856, 309896|2772, 309900|2824, 309900|4014, com.paypal.android.p2pmobile, 
309896|1, 309896|486, 309892|582, 309892|1379, 309884|1449, 309884|4039, at.DiTronic.androidgroup.randomgallery, 
309880|1, 309880|1838, 309884|1900, 309884|4014, com.skype.raider, 
309880|1, 309880|179, 309876|261, 309876|2254, 309880|2296, 309880|4001, com.skype.raider, 
309876|1, 309876|581, 309816|628, 309816|1591, 309736|1653, 309736|2573, 309712|2691, 309860|2825, 309860|3568, 309840|3616, 309840|4019, com.antutu.ABenchMark, 
309704|1, 309704|1926, 309700|2043, 309708|2129, 309708|2989, 309700|3057, 309700|4019, com.google.android.apps.photos, 
309740|1, 309740|458, 309636|516, 309636|1435, 310176|1508, 310424|1578, 310424|1709, 310128|1795, 309832|1920, 309832|2239, 310128|2334, 310128|2507, 309740|2641, 309740|3128, 309888|3238, 309888|3404, 309736|3522, 309640|3658, 309640|4078, com.ebay.mobile, 
309500|1, 309500|2921, 309504|2991, 309504|4014, com.instagram.android, 
309500|1, 309500|2257, 309504|2344, 309504|4060, com.instagram.android, 
309500|1, 309500|2644, 309496|2831, 309496|3631, 309624|3766, 309624|4038, com.antutu.ABenchMark, 
309456|1, 309456|3607, 309460|3725, 309460|4028, com.paypal.android.p2pmobile, 
309456|1, 309456|599, 309452|787, 309452|1595, 309476|1680, 309476|2556, 309416|2633, 309416|4016, com.facebook.katana, 
309412|1, 309412|2585, 309416|2666, 309416|4036, com.github.shadowsocks, 
309412|1, 309412|1725, 309416|1763, 309416|4015, com.facebook.katana, 
309412|1, 309412|2992, 309560|3082, 309560|3279, 309704|3359, 309704|4039, com.dropbox.android, 
309412|1, 309412|2008, 309560|2097, 309560|2534, 309540|2615, 309540|4028, com.ted.android, 
309408|1, 309408|2113, 309416|2191, 309416|4021, com.google.android.deskclock, 
309408|1, 309408|1625, 309540|1690, 309540|1798, 309836|1882, 309836|2130, 309540|2184, 309540|2631, 309676|2677, 309676|2729, 309584|2777, 309584|3075, 309588|3108, 309588|3873, 309736|3920, 309884|3958, 309884|4029, com.csst.ecdict, 
309404|1, 309404|2231, 309408|2267, 309408|4013, com.instagram.android, 
309400|1, 309400|1124, 309992|1174, 309992|1345, 309400|1411, 309400|1743, 309396|1807, 309692|1895, 309692|2162, 309396|2234, 309396|4037, com.ebay.mobile, 
309392|1, 309392|1507, 309352|1570, 309352|2510, 309356|2567, 309356|4032, com.instagram.android, 
309352|1, 309352|2078, 309356|2122, 309356|4005, com.facebook.katana, 
309348|1, 309348|1378, 309792|1440, 309988|1507, 310084|1597, 309788|1695, 309788|1917, 309492|2000, 309492|2211, 309788|2328, 309788|2452, 309748|2541, 309748|2680, 309452|2784, 309452|3501, 309352|3587, 309352|4055, com.ebay.mobile, 
309344|1, 309344|1847, 309348|1959, 309348|4039, com.facebook.katana, 
309344|1, 309344|3023, 309348|3236, 309348|4009, com.antutu.ABenchMark, 
309344|1, 309344|1936, 309336|2151, 309344|2292, 309344|4083, com.facebook.katana, 
309088|1, 309088|2740, 309236|2982, 309236|3639, 309380|3840, 309380|4007, com.dropbox.android, 
309088|1, 309088|2828, 309092|2997, 309092|4022, com.instagram.android, 
309088|1, 309088|2106, 309236|2274, 309236|2562, 309348|2700, 309380|2849, 309468|4016, com.dropbox.android, 
309076|1, 309076|1240, 309028|1392, 309028|1984, 309176|2159, 309176|2290, 309320|2391, 309320|3263, 309408|3354, 309408|4214, com.dropbox.android, 
