484|1, 724|368, 724|1288, 764|1317, 764|2216, tap_shift, 
764|1, 764|426, 864|478, 864|1145, 1012|1212, 1012|1242, 1160|1286, 1012|1311, 368|1930, long_press_character, 
368|1, 596|244, 596|1154, 688|1197, 688|1935, long_swipe, 
688|1, 704|250, 704|904, 508|986, 508|1211, 636|1257, 636|1879, long_press_character, 
636|1, 784|231, 784|313, 872|350, 1020|412, 1020|1093, 476|1139, 476|1321, 496|1352, 496|2323, 520|2358, 520|2526, tap_regular_character, 
520|1, 668|254, 668|362, 768|405, 768|801, 860|840, 860|1800, 880|1828, 880|2348, tap_shift, 
880|1, 880|465, 884|511, 1032|542, 1032|575, 1328|615, 1032|640, 1032|1232, 488|1259, 488|1374, 588|1400, 588|1449, 660|1474, 620|1502, 620|1881, short_swipe, 
620|1, 768|226, 768|563, 808|588, 872|617, 872|1561, 900|1598, 900|1893, long_press_character, 
900|1, 900|1741, 1048|1813, 1048|2021, long_press_character, 
1048|1, 1048|446, 404|485, 404|656, 460|685, 456|714, 456|853, 656|907, 656|1651, 636|1685, 680|1722, 680|2365, tap_shift, 
680|1, 828|163, 828|300, 880|326, 880|1306, 884|1332, 884|1907, short_swipe, 
884|1, 884|434, 1032|473, 1032|1157, 736|1218, 388|1281, 388|1333, 488|1397, 544|1452, 544|2293, long_swipe, 
544|1, 800|244, 800|2109, 856|2149, 856|3114, tap_shift, 
856|1, 1040|279, 1040|748, 892|828, 496|889, 496|987, 508|1038, 508|1999, 604|2043, 604|2983, 652|3071, 756|3167, 784|4119, tap_regular_character, 
784|1, 1056|515, 1056|912, 660|978, 660|1111, 564|1236, 564|1521, 664|1566, 664|2096, 792|2123, 840|2162, 840|3077, 828|3167, 828|3519, tap_regular_character, 
828|1, 828|574, 908|636, 908|1623, 1056|1664, 512|2635, long_press_character, 
512|1, 952|265, 952|955, 896|1011, 896|1947, 912|1993, 912|2397, long_press_character, 
912|1, 912|578, 924|795, 924|1462, 1156|1793, 1156|2296, 1304|2388, 216|2476, 216|2557, 128|2601, 128|2792, 228|2841, 228|3033, 376|3078, 376|3368, 476|3406, 476|3546, 444|3609, 444|3688, 592|3732, 592|3879, 888|3911, 1036|3944, 1036|4022, tap_regular_character, 
4|1, 252|130, 252|330, 200|354, 216|378, 216|1328, 220|1346, 220|1641, short_swipe, 
220|1, 220|682, 228|704, 228|1688, 260|1708, 12|1778, 12|1935, short_swipe, 
12|1, 12|281, 112|297, 112|758, 180|775, 236|794, 248|1887, long_swipe, 
248|1, 248|873, 260|899, 260|1887, 280|1903, 280|2437, tap_regular_character, 
280|1, 280|438, 284|464, 36|493, 36|1448, 56|1464, 56|1925, short_swipe, 
56|1, 56|402, 156|418, 156|499, 196|528, 240|557, 240|1516, 276|1532, 276|1880, long_swipe, 
276|1, 276|630, 284|647, 284|1644, 292|1659, 292|1674, 44|1696, 44|1952, long_swipe, 
44|1, 44|365, 144|382, 144|688, 268|705, 268|1670, 288|1702, 304|1737, 304|1876, short_swipe, 
304|1, 304|811, 316|827, 316|1904, long_press_character, 
316|1, 316|904, 320|920, 324|948, 324|979, 76|997, 176|1016, 176|1910, 196|1926, 196|2344, tap_shift, 
196|1, 196|569, 304|586, 304|2471, tap_regular_character, 
304|1, 304|96, 308|115, 308|1064, 324|1110, 324|1161, 76|1185, 76|1877, long_swipe, 
76|1, 76|206, 88|238, 140|259, 140|415, 240|433, 240|1231, 244|1250, 244|1945, long_press_character, 
244|1, 244|276, 276|296, 276|1266, 292|1281, 296|1296, 296|1886, short_swipe, 
296|1, 296|387, 300|403, 308|423, 308|470, 60|489, 60|1385, 28|1402, 64|1418, 64|1907, long_press_character, 
64|1, 64|407, 164|427, 164|474, 204|498, 208|517, 208|1487, 248|1504, 248|2467, tap_regular_character, 
248|1, 268|85, 268|1018, 284|1042, 284|1112, 36|1130, 36|1943, long_press_character, 
36|1, 156|81, 124|99, 124|313, 224|329, 224|1066, 264|1098, 264|1874, long_swipe, 
264|1, 264|203, 268|217, 284|234, 284|1207, 296|1232, 296|1912, long_swipe, 
296|1, 296|295, 308|311, 308|398, 60|415, 60|992, 160|1043, 160|1283, 172|1318, 172|1887, long_swipe, 
172|1, 172|401, 240|416, 284|432, 284|1893, short_swipe, 
284|1, 284|498, 288|524, 316|547, 316|1522, 336|1539, 336|1637, 0|1655, 0|2451, tap_shift, 
0|1, 72|77, 132|93, 132|294, 232|317, 232|1047, 268|1072, 276|1114, 276|1866, short_swipe, 
276|1, 276|1217, 316|1237, 316|2203, 328|2220, 80|2403, tap_shift, 
80|1, 80|411, 180|434, 180|787, 248|804, 288|821, 288|1884, long_swipe, 
288|1, 288|916, 304|932, 304|1923, long_press_character, 
304|1, 316|66, 316|1148, 68|1170, 68|1913, short_swipe, 
68|1, 68|83, 128|106, 128|421, 228|443, 228|1079, 280|1133, 280|1944, short_swipe, 
280|1, 280|131, 300|147, 300|1917, short_swipe, 
300|1, 300|385, 52|422, 52|977, 152|995, 152|1208, 184|1236, 204|1257, 204|1901, long_swipe, 
204|1, 204|319, 248|336, 288|354, 288|2387, tap_regular_character, 
288|1, 288|938, 304|962, 304|1131, 56|1149, 56|1888, long_press_character, 
56|1, 112|79, 112|357, 212|374, 212|1049, 268|1090, 268|2443, tap_regular_character, 
268|1, 268|596, 296|623, 296|1593, 304|1619, 56|1924, long_press_character, 
56|1, 204|61, 204|388, 304|409, 304|685, 272|710, 272|1672, 280|1691, 280|2326, tap_shift, 
280|1, 280|343, 292|367, 292|1359, 300|1391, 300|1917, long_swipe, 
300|1, 300|445, 340|465, 340|669, 0|689, 0|1441, 60|1458, 60|2435, tap_regular_character, 
60|1, 108|61, 108|429, 208|447, 208|990, 296|1021, 272|1077, 272|2003, 276|2020, 276|2433, tap_regular_character, 
276|1, 276|570, 280|586, 280|809, 32|833, 32|1574, 40|1589, 48|1606, 48|2395, tap_shift, 
48|1, 48|174, 112|196, 136|218, 136|342, 236|362, 236|1174, 260|1193, 280|1211, 280|1884, long_press_character, 
280|1, 280|1284, 292|1309, 292|1548, 44|1583, 44|1872, long_press_character, 
44|1, 44|144, 192|159, 192|432, 140|450, 240|469, 240|1422, 272|1440, 280|1459, 280|1960, long_press_character, 
280|1, 280|472, 296|489, 296|1468, 300|1493, 300|2387, tap_regular_character, 
300|1, 300|83, 320|104, 320|358, 72|382, 172|399, 172|1087, 192|1105, 192|2081, 220|2103, 220|2386, tap_shift, 
220|1, 220|698, 284|724, 284|1697, 296|1713, 296|2498, tap_regular_character, 
296|1, 296|198, 304|219, 304|480, 56|506, 56|982, 156|1024, 156|1184, 108|1215, 172|1237, 172|2199, 192|2219, 192|2460, tap_regular_character, 
192|1, 192|741, 292|764, 292|2329, tap_shift, 
292|1, 292|414, 312|443, 312|712, 64|737, 64|1125, 164|1144, 164|1409, 144|1427, 180|1443, 180|2364, tap_shift, 
180|1, 212|58, 264|81, 264|1036, 296|1076, 296|2057, 316|2074, 316|2478, tap_shift, 
316|1, 316|554, 324|581, 364|606, 364|876, 16|908, 16|1020, 116|1038, 116|1576, 176|1593, tap_shift, 
