43277|1, 43277|2164, tap_shift, 
43277|1, 43277|855, 43278|901, 43281|967, 43281|1885, long_press_character, 
43281|1, 43281|1933, long_swipe, 
43281|1, 43281|1870, long_press_character, 
43281|1, 43281|161, 43283|220, 43283|2542, tap_regular_character, 
43283|1, 43283|2334, tap_shift, 
43283|1, 43283|315, 43285|354, 43285|1871, short_swipe, 
43285|1, 43285|1877, long_press_character, 
43285|1, 43285|1578, 43288|1637, 43288|2018, long_press_character, 
43288|1, 43288|2341, tap_shift, 
43288|1, 43288|1905, short_swipe, 
43288|1, 43288|302, 43290|338, 43290|2379, long_swipe, 
43290|1, 43292|3137, tap_shift, 
43292|1, 43292|4037, tap_regular_character, 
43294|1, 43294|818, 43295|960, 43295|3405, tap_regular_character, 
43295|1, 43295|1356, 43297|1398, 43300|2604, long_press_character, 
43300|1, 43300|2295, long_press_character, 
43300|1, 43300|1587, 43354|1962, 43355|2058, 43355|4015, tap_regular_character, 
