434544|1, 434544|604, 434545|961, 434563|1351, 434568|1645, 434572|1981, 434580|2274, 434581|2547, 434594|2939, 434604|3235, 434604|4015, com.android.chrome, 
434605|1, 434605|1314, 434607|1568, 434624|1943, 434640|2227, 434649|2435, 434666|2735, 434732|3063, 434732|4190, com.csst.ecdict, 
434738|1, 434738|1605, 434744|1701, 434751|1786, 434751|1909, 434754|1965, 434756|2024, 434760|2069, 434760|2128, 434761|2170, 434766|2222, 434766|2318, 434770|2357, 434781|2414, 434783|2447, 434784|2500, 434784|2589, 434834|2662, 434855|2721, 434855|4004, com.csst.ecdict, 
434858|1, 434858|4003, com.facebook.katana, 
434858|1, 434858|4028, com.facebook.katana, 
434858|1, 434858|4021, com.google.android.deskclock, 
434858|1, 434858|1049, 434860|1120, 434864|1200, 434871|1273, 434878|1344, 434884|1424, 434884|1515, 434888|1585, 434913|1678, 434917|1728, 434947|1851, 434956|1941, 434964|2049, 434978|2110, 434981|2197, 434981|2501, 434982|2572, 434986|2653, 434986|2801, 434988|2865, 434989|2932, 434991|2992, 434991|3163, 434993|3211, 435008|3274, 435010|3321, 435010|4010, com.antutu.ABenchMark, 
435110|1, 435110|1627, 435114|1695, 435134|1758, 435139|1806, 435139|1863, 435140|1898, 435143|1944, 435144|1985, 435144|2672, 435153|2744, 435153|2889, 435155|2940, 435155|4019, com.instagram.android, 
435155|1, 435155|1677, 435156|1772, 435161|1846, 435168|1949, 435168|2065, 435171|2115, 435173|2176, 435176|2213, 435178|2269, 435178|2305, 435182|2355, 435182|2481, 435186|2542, 435200|2625, 435200|2727, 435221|2763, 435257|2828, 435257|4021, com.csst.ecdict, 
435260|1, 435260|1106, 435262|1169, 435262|1297, 435265|1405, 435267|1461, 435274|1591, 435274|1684, 435278|1770, 435284|1845, 435286|1920, 435286|1974, 435288|2059, 435288|2158, 435291|2279, 435298|2377, 435301|2534, 435302|2630, 435304|2714, 435307|2782, 435310|2854, 435335|3153, 435336|3208, 435337|3259, 435341|3323, 435345|3392, 435348|3433, 435348|3479, 435350|3532, 435351|3580, 435353|3629, 435358|3914, 435359|4022, com.booking, 
435413|1, 435413|4027, com.facebook.katana, 
435413|1, 435413|1797, 435419|1908, 435426|2024, 435426|2152, 435429|2219, 435429|2281, 435433|2327, 435435|2386, 435435|2422, 435440|2473, 435440|2554, 435441|2608, 435444|2649, 435456|2706, 435458|2750, 435458|2838, 435480|2876, 435513|2935, 435513|4016, com.csst.ecdict, 
435516|1, 435516|1404, 435518|1473, 435518|1914, 435519|1979, 435519|2521, 435528|2600, 435532|2669, 435532|2765, 435535|2821, 435536|2869, 435551|2931, 435551|3063, 435552|3100, 435552|3583, 435558|3636, 435558|3714, 435561|3759, 435561|3841, 435562|3893, 435587|3956, 435588|4011, com.paypal.android.p2pmobile, 
435632|1, 435632|4039, at.DiTronic.androidgroup.randomgallery, 
435670|1, 435670|1121, 435672|1185, 435672|1406, 435674|1481, 435675|1541, 435680|1607, 435683|1658, 435687|1749, 435693|1790, 435697|1866, 435703|1938, 435704|2015, 435704|2054, 435706|2091, 435708|2153, 435708|2615, 435709|2674, 435709|3574, 435715|3637, 435715|3800, 435716|3835, 435716|3894, 435718|3949, 435718|4049, com.dropbox.android, 
435722|1, 435722|4048, at.DiTronic.androidgroup.randomgallery, 
435755|1, 435755|1130, 435761|1243, 435763|1294, 435766|1378, 435766|4020, com.github.shadowsocks, 
435767|1, 435767|4026, com.google.android.apps.photos, 
435767|1, 435767|1028, 435771|1134, 435773|1202, 435781|1281, 435787|1363, 435790|1432, 435791|1471, 435812|1604, 435813|1678, 435842|1788, 435860|1839, 435860|2655, 435868|3046, 435868|4109, com.Slack, 
435870|1, 435870|1588, 435872|1726, 435877|1781, 435885|1851, 435885|1909, 435888|2001, 435892|2078, 435895|2138, 435899|2233, 435899|2280, 435902|2387, 435910|2538, 435917|2638, 435919|2723, 435937|3182, 435945|3274, 435952|3335, 435954|3389, 435956|3427, 435957|3477, 435962|3533, 435963|3570, 435967|3640, 435972|3904, 435978|4006, com.booking, 
436021|1, 436021|1699, 436022|1769, 436023|1816, 436023|2691, 436024|2794, 436024|3762, 436029|3814, 436029|4003, com.tripadvisor.tripadvisor, 
436050|1, 436050|4027, com.google.android.deskclock, 
436052|1, 436052|2166, 436053|2233, 436053|2292, 436055|2347, 436055|2439, 436069|2520, 436069|2625, 436071|2691, 436074|2770, 436074|2881, 436075|2959, 436075|3056, 436076|3101, 436076|3161, 436079|3219, 436079|3349, 436080|3394, 436082|3439, 436082|3628, 436087|3926, 436088|3980, 436089|4031, com.paypal.android.p2pmobile, 
436125|1, 436125|2524, 436128|2563, 436129|2610, 436131|2646, 436131|3188, 436132|3234, 436132|4042, com.google.android.apps.photos, 
436134|1, 436134|103, 436135|150, 436135|1917, 436155|1993, 436155|2039, 436167|2091, 436167|2157, 436172|2194, 436172|2257, 436175|2296, 436203|2349, 436203|2489, 436208|2543, 436210|2582, 436210|4036, com.instagram.android, 
436271|1, 436271|1678, 436278|1755, 436279|1802, 436287|1871, 436287|2134, 436288|2190, 436292|2249, 436298|2305, 436298|2522, 436302|2593, 436308|2635, 436316|2693, 436316|2812, 436380|2887, 436380|3752, 436382|3813, 436382|4001, com.csst.ecdict, 
436404|1, 436404|1594, 436407|1678, 436408|1761, 436413|1862, 436417|1948, 436417|2124, 436418|2204, 436418|2361, 436426|2462, 436426|2691, 436428|2735, 436428|2914, 436431|2964, 436431|3186, 436432|3246, 436432|3377, 436435|3606, 436435|3687, 436436|3740, 436436|3822, 436437|3874, 436437|4010, com.ted.android, 
436527|1, 436527|4005, com.google.android.deskclock, 
436527|1, 436527|1695, 436529|1753, 436529|2497, 436530|2552, 436530|4043, com.sometimeswefly.littlealchemy, 
436549|1, 436549|1647, 436550|1708, 436556|1820, 436556|1898, 436559|1987, 436560|2095, 436560|2180, 436561|2262, 436565|2351, 436565|3255, 436566|3298, 436566|4089, com.ted.android, 
436664|1, 436664|1705, 436665|1819, 436670|1897, 436674|1967, 436677|2029, 436677|2276, 436678|2332, 436684|2415, 436688|2459, 436688|2659, 436692|2722, 436698|2785, 436706|2840, 436706|2979, 436777|3061, 436777|4051, com.csst.ecdict, 
436780|1, 436780|1989, 436781|2063, 436781|2723, 436782|2818, 436782|2896, 436783|2972, 436785|3029, 436785|4012, com.sometimeswefly.littlealchemy, 
436786|1, 436786|1360, 436787|1429, 436787|1639, 436794|1764, 436794|1853, 436796|1903, 436798|2030, 436798|2120, 436801|2225, 436806|2325, 436806|3464, 436808|3524, 436808|3677, 436812|3765, 436812|4030, com.ted.android, 
436908|1, 436908|4022, com.facebook.katana, 
436908|1, 436908|2232, 436909|2327, 436910|2412, 436910|2489, 436921|2593, 436921|2653, 436922|2746, 436928|2868, 436928|3257, 436929|3320, 436929|3389, 436930|3452, 436930|3507, 436936|3562, 436936|3728, 436942|3794, 436943|3862, 436944|3907, 436945|4044, com.paypal.android.p2pmobile, 
436991|1, 436991|973, 436992|1088, 436992|2226, 436996|2300, 437001|2379, 437003|2449, 437004|2535, 437005|2617, 437005|4039, com.github.shadowsocks, 
437006|1, 437006|1929, 437008|1985, 437008|2106, 437009|2153, 437009|2282, 437014|2356, 437014|2418, 437017|2487, 437017|2595, 437018|2665, 437018|4009, com.skype.raider, 
437026|1, 437026|1304, 437028|1392, 437038|1478, 437040|1575, 437051|1746, 437056|1833, 437088|2029, 437108|2157, 437120|2275, 437128|2430, 437138|2508, 437139|2637, 437139|3099, 437144|3237, 437144|3453, 437146|3519, 437147|3607, 437149|3673, 437149|4035, com.antutu.ABenchMark, 
437260|1, 437260|1434, 437270|1696, 437279|1887, 437285|2109, 437308|2325, 437314|2426, 437340|2639, 437346|2766, 437350|2964, 437353|3092, 437364|3323, 437364|3653, 437369|3803, 437370|3978, 437373|4100, com.antutu.ABenchMark, 
437516|1, 437516|4059, com.google.android.apps.photos, 
437516|1, 437516|1150, 437517|1210, 437517|1654, 437519|1746, 437519|1849, 437520|1950, 437526|2074, 437526|2363, 437527|2493, 437531|2683, 437532|2758, 437538|2861, 437539|2959, 437543|3024, 437543|3211, 437545|3278, 437545|3381, 437555|3499, 437555|3855, 437557|3959, 437560|4077, com.cnn.mobile.android.phone, 
437762|1, 437764|393, 437764|2265, 437765|2413, 437769|2505, 437769|2590, 437773|2697, 437773|2873, 437774|2987, 437774|4081, com.skype.raider, 
437781|1, 437781|4060, com.github.shadowsocks, 
437781|1, 437781|1974, 437783|2067, 437783|2309, 437791|2449, 437791|2531, 437798|2619, 437801|2742, 437812|2851, 437818|2961, 437819|3085, 437823|3141, 437823|3478, 437824|3559, 437824|4068, com.dropbox.android, 
437832|1, 437832|1431, 437834|1528, 437834|4031, at.DiTronic.androidgroup.randomgallery, 
437859|1, 437859|651, 437860|690, 437860|1872, 437861|1924, 437861|3590, 437863|3656, 437863|4025, com.tripadvisor.tripadvisor, 
437876|1, 437876|2309, 437877|2393, 437877|2445, 437878|2526, 437880|2590, 437880|4028, com.sometimeswefly.littlealchemy, 
437892|1, 437892|1113, 437902|1187, 437907|1254, 437917|1380, 437917|1457, 437918|1522, 437942|1649, 437947|1721, 437961|1806, 437982|1953, 437987|2054, 437998|2147, 438001|2258, 438001|2634, 438007|2789, 438007|2874, 438010|2956, 438012|3033, 438012|3356, 438015|3406, 438029|3464, 438031|3526, 438031|4030, com.antutu.ABenchMark, 
438154|1, 438154|4029, com.github.shadowsocks, 
438154|1, 438154|1091, 438156|1202, 438169|1289, 438178|1416, 438178|1646, 438179|1715, 438201|1798, 438201|1937, 438212|2063, 438232|2163, 438232|2251, 438251|2344, 438267|2478, 438275|2604, 438279|2709, 438286|2830, 438286|2969, 438287|3054, 438291|3140, 438291|3202, 438293|3270, 438294|3354, 438296|3400, 438296|3455, 438306|3525, 438313|3578, 438313|4048, com.antutu.ABenchMark, 
438429|1, 438429|4013, com.github.shadowsocks, 
438430|1, 438430|2310, 438434|2423, 438442|2607, 438445|2759, 438449|2871, 438454|3036, 438457|3196, 438462|3341, 438465|3578, 438472|3738, 438481|3950, 438487|4334, com.booking, 
438564|1, 438564|1647, 438566|1808, 438568|1961, 438585|2392, 438585|2478, 438590|2605, 438594|4107, com.android.chrome, 
438649|1, 438649|2030, 438650|2103, 438650|2227, 438662|2430, 438662|2585, 438669|2694, 438685|2929, 438687|3084, 438695|3203, 438709|3464, 438718|3631, 438733|3806, 438739|3965, 438748|4124, com.cnn.mobile.android.phone, 
438880|1, 438880|201, 438881|489, 438883|916, 438883|1757, 438884|1903, 438884|2152, 438886|2297, 438890|2491, 438890|2716, 438896|2902, 438899|3082, 438907|3261, 438911|3407, 438911|3586, 438912|3781, 438921|4014, com.booking, 
439010|1, 439010|2647, 439011|2769, 439020|2959, 439025|3079, 439030|3203, 439045|3411, 439048|3592, 439052|3672, 439053|3788, 439053|4072, com.dropbox.android, 
439060|1, 439060|2046, 439062|2167, 439064|2358, 439074|2529, 439080|2626, 439085|2776, 439096|2957, 439098|3089, 439100|3280, 439103|4049, com.Slack, 
439108|1, 439108|1275, 439109|1402, 439109|2734, 439112|2855, 439112|2951, 439116|3062, 439123|3205, 439127|3322, 439134|3466, 439147|3868, 439150|3979, 439153|4117, com.ebay.mobile, 
439229|1, 439229|900, 439231|1001, 439231|1812, 439232|1909, 439232|2074, 439245|2213, 439266|2473, 439277|2644, 439286|2830, 439293|3032, 439297|3180, 439299|3317, 439305|3455, 439314|3567, 439326|3753, 439332|3878, 439350|4068, com.cnn.mobile.android.phone, 
439449|1, 439456|398, 439457|673, 439459|826, 439459|904, 439460|1007, 439461|1200, 439467|1349, 439467|1476, 439468|1658, 439470|1800, 439470|2058, 439473|2135, 439474|2222, 439482|2340, 439483|2413, 439484|2512, 439484|4057, com.skype.raider, 
439492|1, 439492|245, 439494|318, 439494|2477, 439495|2556, 439495|2976, 439504|3114, 439505|3212, 439510|3369, 439511|3473, 439512|3552, 439516|3724, 439518|4017, com.paypal.android.p2pmobile, 
439601|1, 439601|1590, 439605|1711, 439622|1887, 439631|2041, 439633|2195, 439655|2362, 439669|2477, 439694|2702, 439698|2880, 439710|2979, 439712|3111, 439712|3619, 439718|3798, 439720|3926, 439723|4046, com.antutu.ABenchMark, 
439852|1, 439852|2888, 439853|3097, 439858|3238, 439859|3330, 439866|3486, 439866|3597, 439867|3693, 439867|4046, com.ebay.mobile, 
439962|1, 439963|72, 439963|1712, 439964|1932, 439964|2139, 439966|2275, 439974|2453, 439974|2657, 439977|2798, 439985|2953, 439986|3061, 439993|3228, 439993|3364, 439995|3480, 439996|3663, 440005|3862, 440008|4070, com.booking, 
440100|1, 440100|3213, 440120|3368, 440132|3491, 440137|3583, 440153|3692, 440172|3803, 440172|3878, 440202|3971, 440208|4085, com.instagram.android, 
440239|1, 440239|1968, 440246|2095, 440247|2208, 440255|2387, 440263|2550, 440275|2783, 440287|2910, 440291|3045, 440308|3326, 440309|3421, 440316|3600, 440320|3767, 440322|3866, 440332|3997, 440344|4101, com.cnn.mobile.android.phone, 
440473|1, 440473|326, 440474|637, 440477|1079, 440477|1609, 440479|1732, 440483|1893, 440487|2128, 440493|2350, 440500|2505, 440502|2657, 440504|2866, 440506|3044, 440513|3286, 440517|3487, 440518|3677, 440523|3798, 440532|3992, 440539|4141, com.booking, 
440591|1, 440591|2613, 440597|2693, 440600|2793, 440602|2900, 440602|4026, com.skype.raider, 
440611|1, 440611|2662, 440612|2760, 440625|2871, 440644|2977, 440646|3080, 440649|3142, 440680|3245, 440680|3392, 440687|3471, 440687|4051, com.instagram.android, 
440748|1, 440748|1948, 440750|2126, 440758|2245, 440765|2337, 440766|2447, 440773|2618, 440785|2754, 440800|2881, 440819|3057, 440820|3168, 440820|3360, 440822|3477, 440822|4002, com.Slack, 
440823|1, 440823|2323, 440824|2439, 440824|2605, 440825|2707, 440826|2828, 440836|2950, 440836|3031, 440837|3132, 440839|3270, 440841|3373, 440843|3471, 440843|3826, 440848|3937, 440855|4084, com.ebay.mobile, 
440923|1, 440923|2553, 440927|2695, 440941|2874, 440943|2977, 440948|3125, 440954|3335, 440959|3507, 440963|3638, 440974|4001, com.booking, 
441064|1, 441064|4039, at.DiTronic.androidgroup.randomgallery, 
441091|1, 441091|4012, at.DiTronic.androidgroup.randomgallery, 
441130|1, 441130|4059, com.google.android.deskclock, 
441130|1, 441130|1598, 441131|1657, 441133|1768, 441139|1894, 441143|1978, 441143|2087, 441144|2206, 441144|2371, 441152|2475, 441152|2808, 441154|2856, 441154|3855, 441158|3921, 441158|4024, com.ted.android, 
441275|1, 441275|1716, 441278|1783, 441284|1885, 441286|1961, 441294|2032, 441306|2157, 441312|2277, 441312|2334, 441313|2377, 441317|2451, 441317|2889, 441318|2977, 441318|3075, 441319|3161, 441319|3282, 441321|3356, 441321|4027, com.dropbox.android, 
441330|1, 441330|4053, at.DiTronic.androidgroup.randomgallery, 
441373|1, 441373|2146, 441375|2236, 441375|2936, 441376|2999, 441376|3102, 441377|3207, 441377|3280, 441378|3351, 441378|3439, 441380|3539, 441382|3599, 441382|4064, com.sometimeswefly.littlealchemy, 
441395|1, 441395|4048, com.tripadvisor.tripadvisor, 
441409|1, 441409|4012, com.github.shadowsocks, 
441409|1, 441409|4004, com.google.android.apps.photos, 
441411|1, 441411|1127, 441412|1231, 441412|2026, 441413|2082, 441413|2644, 441414|2742, 441414|2835, 441415|2931, 441417|2986, 441417|4021, com.sometimeswefly.littlealchemy, 
441430|1, 441430|4008, com.google.android.deskclock, 
441430|1, 441430|1352, 441431|1404, 441432|1482, 441434|1550, 441434|4018, com.whatsapp, 
441435|1, 441435|2561, 441436|2636, 441436|2694, 441437|2786, 441437|2866, 441438|2925, 441438|3503, 441439|3566, 441439|4080, com.sometimeswefly.littlealchemy, 
441451|1, 441451|2908, 441452|2967, 441452|3038, 441455|3134, 441456|3256, 441456|3377, 441457|3440, 441457|3863, 441459|3934, 441459|4030, com.tripadvisor.tripadvisor, 
441483|1, 441483|1580, 441484|1646, 441486|1714, 441492|1814, 441493|1875, 441505|1939, 441517|2020, 441517|2110, 441523|2200, 441523|2255, 441524|2324, 441528|2407, 441528|2862, 441533|2934, 441533|4017, com.dropbox.android, 
441539|1, 441539|4010, com.github.shadowsocks, 
441539|1, 441539|1477, 441541|1660, 441552|1748, 441558|1824, 441558|2738, 441564|2817, 441571|2876, 441571|2932, 441576|3004, 441577|3064, 441577|3356, 441581|3416, 441581|3756, 441583|3833, 441587|3917, 441590|3960, 441599|4026, com.android.chrome, 
441610|1, 441610|1552, 441612|1638, 441612|2006, 441613|2073, 441617|2167, 441617|2209, 441626|2306, 441636|2397, 441636|2483, 441637|2544, 441642|2661, 441644|2755, 441645|2812, 441645|3294, 441646|3362, 441646|3420, 441653|3464, 441653|3561, 441656|3622, 441656|3686, 441683|3741, 441687|3794, 441695|3854, 441696|3916, 441699|4052, com.paypal.android.p2pmobile, 
441718|1, 441718|2355, 441720|2492, 441728|2638, 441728|2761, 441731|2910, 441738|3054, 441742|3139, 441744|3264, 441751|4056, com.paypal.android.p2pmobile, 
441826|1, 441826|2197, 441828|2362, 441837|2544, 441841|2679, 441843|2812, 441847|2981, 441850|3184, 441850|3495, 441853|3673, 441863|3885, 441865|4041, com.booking, 
441960|1, 441960|1601, 441961|1710, 441961|2316, 441962|2456, 441969|2650, 441973|2819, 441974|2996, 441975|3212, 441983|3426, 441985|4015, com.ted.android, 
442086|1, 442086|762, 442087|861, 442087|2205, 442089|2320, 442089|4031, com.whatsapp, 
442089|1, 442089|1974, 442091|2121, 442107|2344, 442118|2517, 442118|2676, 442120|2812, 442135|3023, 442170|3282, 442173|3488, 442190|3687, 442201|3936, 442212|4124, com.antutu.ABenchMark, 
442339|1, 442339|823, 442342|1018, 442342|2921, 442353|3174, 442355|3344, 442355|4020, com.skype.raider, 
442365|1, 442365|948, 442366|1059, 442366|2559, 442376|2740, 442376|2928, 442379|3051, 442383|3196, 442389|3385, 442395|3589, 442396|3733, 442397|4071, com.booking, 
442493|1, 442493|1956, 442494|2052, 442494|2169, 442498|2266, 442511|2440, 442534|2614, 442541|2798, 442560|2951, 442572|3212, 442579|3462, 442585|3615, 442607|4147, com.cnn.mobile.android.phone, 
442741|1, 442747|90, 442747|258, 442748|572, 442750|1017, 442751|1348, 442751|2454, 442752|2679, 442752|3306, 442754|3440, 442754|4146, com.paypal.android.p2pmobile, 
442780|1, 442780|2460, 442782|2632, 442792|2892, 442803|3069, 442803|3179, 442808|3312, 442808|4004, com.android.chrome, 
442858|1, 442858|613, 442859|720, 442859|1900, 442861|2038, 442861|2445, 442870|2608, 442870|2779, 442873|2940, 442881|3073, 442883|3214, 442890|3435, 442890|3560, 442896|3684, 442897|3862, 442905|4061, com.booking, 
442998|1, 442998|2477, 443001|2582, 443001|4056, com.github.shadowsocks, 
443001|1, 443001|2196, 443002|2333, 443002|4037, com.whatsapp, 
443003|1, 443003|1388, 443013|1491, 443023|1608, 443027|1698, 443027|1813, 443045|1933, 443051|2018, 443060|2112, 443091|2275, 443094|2409, 443098|2535, 443109|2633, 443109|3184, 443110|3273, 443114|3359, 443114|3426, 443117|3518, 443120|3618, 443132|4033, com.antutu.ABenchMark, 
443232|1, 443232|1492, 443234|1631, 443255|1884, 443263|1987, 443271|2099, 443287|2211, 443292|2322, 443295|2439, 443301|2520, 443310|2637, 443315|2724, 443327|2823, 443327|2886, 443330|2973, 443333|3056, 443336|3114, 443338|3164, 443355|3241, 443360|3300, 443361|3375, 443366|3425, 443368|3484, 443372|3569, 443373|3639, 443381|3705, 443381|3827, 443383|3927, 443383|4039, com.cnn.mobile.android.phone, 
443454|1, 443455|72, 443455|156, 443457|312, 443457|1831, 443460|1917, 443465|2039, 443465|2101, 443472|2215, 443472|2756, 443473|2834, 443473|2997, 443476|3080, 443476|3801, 443480|3848, 443482|3917, 443492|3999, 443497|4081, com.dropbox.android, 
443506|1, 443506|1896, 443507|1965, 443508|2038, 443508|2716, 443509|2818, 443509|2895, 443510|2974, 443510|3048, 443511|3126, 443511|3199, 443512|3251, 443514|3337, 443514|4026, com.sometimeswefly.littlealchemy, 
443526|1, 443526|4031, com.facebook.katana, 
443526|1, 443526|2051, 443534|2181, 443540|2250, 443540|2570, 443541|2628, 443549|2682, 443551|2754, 443555|2827, 443555|2976, 443558|3053, 443571|3126, 443573|3175, 443573|3329, 443630|3414, 443630|4049, com.csst.ecdict, 
443633|1, 443633|4072, com.google.android.deskclock, 
443633|1, 443633|1834, 443639|1949, 443639|2031, 443646|2105, 443649|2194, 443658|2282, 443664|2379, 443666|2486, 443666|2553, 443670|2615, 443671|2692, 443671|4003, com.dropbox.android, 
443674|1, 443674|4009, at.DiTronic.androidgroup.randomgallery, 
443726|1, 443726|4034, com.github.shadowsocks, 
443726|1, 443726|4079, com.google.android.deskclock, 
443733|1, 443733|1658, 443735|1775, 443742|1911, 443746|2032, 443747|2144, 443748|2297, 443748|2816, 443758|2897, 443758|4017, com.ted.android, 
443774|1, 443774|1740, 443776|1830, 443776|1890, 443792|2023, 443792|2097, 443795|2162, 443807|2214, 443808|2279, 443812|2339, 443818|2410, 443818|2983, 443822|3033, 443822|3204, 443855|3274, 443855|3424, 443897|3500, 443897|4053, com.instagram.android, 
443923|1, 443923|1386, 443929|1515, 443937|1638, 443944|1746, 443944|1801, 443967|1982, 444002|2121, 444036|2282, 444036|2351, 444038|2508, 444039|2682, 444039|3102, 444043|3769, 444043|4152, com.Slack, 
444045|1, 444045|2735, 444047|2801, 444047|4025, com.facebook.katana, 
444053|1, 444053|523, 444054|612, 444054|1357, 444056|1444, 444066|1569, 444069|1710, 444073|1805, 444078|1885, 444101|2005, 444114|2132, 444137|2281, 444143|2414, 444165|2550, 444165|3050, 444166|3155, 444170|3256, 444170|3407, 444173|3488, 444174|3591, 444174|4048, com.antutu.ABenchMark, 
444289|1, 444289|1403, 444291|1581, 444295|1771, 444312|1999, 444332|2249, 444343|2362, 444352|2528, 444355|2763, 444359|2996, 444362|3073, 444369|3220, 444383|3383, 444386|3491, 444400|3607, 444403|3723, 444415|3828, 444424|3926, 444428|3995, 444428|4080, com.cnn.mobile.android.phone, 
444523|1, 444523|245, 444524|512, 444526|805, 444526|4022, at.DiTronic.androidgroup.randomgallery, 
444557|1, 444557|2036, 444567|2162, 444567|2266, 444574|2401, 444586|2592, 444588|2689, 444588|2757, 444590|2860, 444590|4042, com.Slack, 
444595|1, 444595|2998, 444596|3147, 444596|4033, com.google.android.deskclock, 
444596|1, 444596|4039, com.github.shadowsocks, 
444596|1, 444596|4044, com.facebook.katana, 
444597|1, 444597|1517, 444599|1635, 444601|1719, 444601|4047, com.whatsapp, 
444601|1, 444601|1654, 444603|1743, 444603|2225, 444606|2315, 444607|2417, 444612|2508, 444612|2585, 444613|2670, 444613|2953, 444615|3028, 444615|3095, 444616|3168, 444616|3234, 444618|3290, 444618|3356, 444619|3418, 444620|3473, 444620|3553, 444623|3618, 444623|3675, 444624|3735, 444627|4012, com.paypal.android.p2pmobile, 
444680|1, 444680|1322, 444682|1413, 444690|1503, 444693|1579, 444699|1659, 444717|1822, 444729|1907, 444736|1959, 444754|2053, 444757|2140, 444758|2207, 444759|2256, 444759|3398, 444760|3457, 444760|4028, com.Slack, 
444766|1, 444766|4034, com.facebook.katana, 
444767|1, 444767|4038, com.google.android.deskclock, 
444767|1, 444767|4002, com.google.android.deskclock, 
444767|1, 444767|3324, 444768|3396, 444768|4018, com.tripadvisor.tripadvisor, 
444781|1, 444781|2885, 444782|2994, 444782|3075, 444786|3177, 444788|3249, 444788|3340, 444789|3425, 444789|3821, 444791|3909, 444791|4009, com.tripadvisor.tripadvisor, 
444797|1, 444797|1791, 444804|1874, 444805|1925, 444812|2041, 444826|2196, 444832|2357, 444833|2425, 444833|2507, 444837|2599, 444837|2905, 444838|2994, 444839|3100, 444839|3684, 444841|3763, 444841|4019, com.dropbox.android, 
444844|1, 444844|1155, 444845|1216, 444846|1266, 444846|1321, 444847|1408, 444856|1490, 444857|1576, 444867|1699, 444880|1832, 444890|1931, 444891|2029, 444894|2109, 444907|2244, 444910|2334, 444918|2400, 444920|2474, 444929|2579, 444932|2667, 444933|2711, 444936|2776, 444938|2866, 444946|2952, 444948|3022, 444948|3062, 444951|3142, 444952|3207, 444952|3267, 444954|3333, 444957|3381, 444957|3449, 444967|3523, 444968|3586, 444971|3635, 444975|3700, 444975|3771, 444976|3836, 444987|3905, 444988|4005, com.cnn.mobile.android.phone, 
445086|1, 445087|199, 445093|336, 445093|520, 445094|569, 445094|679, 445096|841, 445096|1039, 445097|1132, 445105|1408, 445114|1472, 445117|1526, 445117|1619, 445122|1685, 445122|2481, 445126|2602, 445130|2709, 445134|2785, 445135|2828, 445136|2906, 445136|3207, 445139|3319, 445139|3413, 445143|3480, 445144|3570, 445149|3660, 445152|3729, 445152|3779, 445155|3860, 445156|3939, 445156|4002, com.android.chrome, 
445168|1, 445168|1761, 445170|1895, 445170|2044, 445185|2198, 445190|2278, 445190|3054, 445194|3157, 445196|3225, 445198|3273, 445201|3359, 445202|3421, 445208|3511, 445208|3840, 445213|3921, 445213|4077, com.android.chrome, 
445247|1, 445247|2039, 445248|2116, 445249|2239, 445253|2383, 445253|2461, 445258|2537, 445264|2650, 445269|2758, 445272|2827, 445273|2898, 445277|2990, 445278|3086, 445281|3171, 445281|3225, 445283|3296, 445287|3378, 445292|3459, 445298|3540, 445298|3723, 445301|3814, 445308|3927, 445314|4004, com.ebay.mobile, 
445377|1, 445377|1551, 445379|1664, 445379|4024, com.whatsapp, 
445380|1, 445380|1252, 445382|1347, 445382|1390, 445383|1442, 445383|1507, 445384|1595, 445395|1697, 445396|1771, 445402|1855, 445411|2014, 445424|2133, 445428|2208, 445430|2288, 445436|2411, 445440|2494, 445441|2577, 445451|2679, 445451|2782, 445459|2896, 445462|2981, 445464|3038, 445474|3147, 445475|3215, 445476|3288, 445493|3371, 445493|3472, 445503|3590, 445511|3675, 445512|3742, 445513|3807, 445513|4005, com.cnn.mobile.android.phone, 
445600|1, 445606|311, 445607|494, 445609|579, 445609|972, 445610|1044, 445610|4026, com.google.android.apps.photos, 
445610|1, 445610|1750, 445612|1827, 445612|1930, 445613|1990, 445613|2143, 445618|2207, 445618|2265, 445619|2328, 445619|3218, 445621|3263, 445621|3437, 445622|3500, 445622|4018, com.skype.raider, 
445629|1, 445629|4001, at.DiTronic.androidgroup.randomgallery, 
445682|1, 445682|1745, 445684|1841, 445684|2377, 445687|2461, 445688|2570, 445694|2663, 445704|2733, 445704|2835, 445705|2941, 445710|3062, 445710|3124, 445712|3187, 445712|3798, 445718|3873, 445720|4017, com.paypal.android.p2pmobile, 
445809|1, 445809|3691, 445810|3783, 445810|4032, com.tripadvisor.tripadvisor, 
445823|1, 445823|2087, 445831|2198, 445838|2280, 445838|2669, 445847|2757, 445849|2805, 445853|2878, 445853|3079, 445855|3149, 445863|3218, 445871|3291, 445871|3413, 445897|3464, 445932|3541, 445932|4026, com.csst.ecdict, 
445935|1, 445935|2342, 445936|2437, 445937|2534, 445942|2680, 445948|2776, 445949|2858, 445950|2914, 445953|3019, 445959|3105, 445959|3407, 445963|3485, 445966|3628, 445968|3706, 445973|3763, 445974|3820, 445976|3894, 445986|3978, 445988|4030, com.ebay.mobile, 
446032|1, 446032|791, 446034|862, 446034|1589, 446035|1669, 446035|4004, com.whatsapp, 
446037|1, 446037|4032, com.facebook.katana, 
446037|1, 446037|1917, 446040|1997, 446045|2087, 446045|2204, 446053|2310, 446063|2437, 446070|2532, 446071|2620, 446071|2691, 446075|2778, 446075|3760, 446076|3830, 446076|4034, com.dropbox.android, 
446083|1, 446083|1245, 446085|1319, 446085|1771, 446087|1870, 446094|2031, 446096|2111, 446098|2227, 446098|2361, 446103|2494, 446103|2617, 446107|2688, 446107|3341, 446110|3557, 446110|3601, 446113|3674, 446113|4034, com.ted.android, 
446211|1, 446211|1443, 446212|1519, 446213|1625, 446226|1720, 446229|1807, 446253|1956, 446268|2086, 446295|2239, 446296|2320, 446304|2523, 446307|2610, 446308|2664, 446311|2730, 446316|2856, 446322|2961, 446322|3031, 446323|3086, 446326|3193, 446326|3261, 446336|3344, 446336|3439, 446340|3518, 446340|3609, 446348|3691, 446349|3768, 446355|3834, 446356|3911, 446361|4031, com.cnn.mobile.android.phone, 
446466|1, 446473|329, 446474|532, 446474|617, 446476|747, 446476|882, 446477|1032, 446477|1723, 446478|1856, 446478|2047, 446485|2165, 446485|3742, 446496|3833, 446511|3920, 446519|4022, com.dropbox.android, 
446527|1, 446527|3242, 446528|3428, 446532|3583, 446532|4070, com.tripadvisor.tripadvisor, 
446540|1, 446540|1620, 446544|1718, 446554|1845, 446560|1950, 446561|2057, 446570|2174, 446581|2326, 446613|2493, 446627|2741, 446627|2942, 446629|3120, 446629|3282, 446631|3800, 446635|4388, com.Slack, 
446637|1, 446637|1421, 446639|1614, 446650|1762, 446653|1823, 446658|1881, 446658|1938, 446663|2014, 446663|2817, 446667|2895, 446670|2972, 446671|3038, 446674|3088, 446675|3139, 446676|3203, 446676|3489, 446680|3567, 446680|3861, 446684|3964, 446687|4036, com.android.chrome, 
446712|1, 446712|650, 446713|710, 446713|1805, 446714|1923, 446714|2159, 446720|2265, 446720|2888, 446725|2961, 446727|3041, 446727|3118, 446738|3209, 446738|3707, 446739|3767, 446752|4261, com.paypal.android.p2pmobile, 
446808|1, 446808|2156, 446809|2274, 446809|3439, 446816|3520, 446817|3589, 446823|3659, 446825|3699, 446828|3753, 446828|4036, com.ted.android, 
446934|1, 446934|4048, at.DiTronic.androidgroup.randomgallery, 
446947|1, 446947|2529, 446948|2642, 446948|2724, 446949|2795, 446954|2881, 446960|2962, 446960|3084, 446961|3178, 446964|3269, 446965|3367, 446966|3439, 446967|3505, 446967|3604, 446970|3691, 446976|3792, 446976|3856, 446978|3926, 446982|4014, com.ebay.mobile, 
447070|1, 447070|594, 447071|653, 447072|714, 447072|1516, 447073|1599, 447073|1645, 447075|1752, 447075|4014, com.whatsapp, 
447076|1, 447076|1908, 447078|1998, 447079|2059, 447087|2111, 447087|2188, 447089|2271, 447089|4017, com.skype.raider, 
447098|1, 447098|4082, com.tripadvisor.tripadvisor, 
447111|1, 447111|2204, 447117|2302, 447124|2378, 447124|2742, 447125|2798, 447131|2881, 447135|2955, 447135|3103, 447139|3175, 447151|3252, 447153|3309, 447153|3398, 447179|3461, 447221|3560, 447221|4018, com.csst.ecdict, 
447224|1, 447224|2189, 447225|2259, 447230|2305, 447233|2363, 447234|2437, 447235|2507, 447235|4030, com.skype.raider, 
447242|1, 447242|2097, 447244|2167, 447244|2267, 447248|2360, 447249|2447, 447250|2531, 447263|2637, 447263|2724, 447270|2798, 447273|2862, 447273|2946, 447281|3078, 447281|3343, 447285|3546, 447287|3719, 447287|4018, com.ebay.mobile, 
447353|1, 447353|2138, 447361|2240, 447368|2331, 447368|2644, 447369|2723, 447377|2808, 447381|2873, 447382|2929, 447382|3094, 447386|3173, 447398|3231, 447400|3273, 447400|3392, 447464|3478, 447464|4044, com.csst.ecdict, 
447468|1, 447468|1596, 447470|1701, 447476|1808, 447478|1901, 447479|1969, 447480|2040, 447480|2274, 447488|2344, 447488|3565, 447491|3630, 447494|4230, com.ted.android, 
447588|1, 447588|78, 447589|132, 447590|179, 447590|2258, 447614|2356, 447622|2434, 447622|2487, 447627|2546, 447635|2623, 447662|2698, 447662|2799, 447670|2863, 447701|2947, 447701|3378, 447712|3420, 447712|4037, com.instagram.android, 
447726|1, 447726|1677, 447728|1758, 447728|4061, com.whatsapp, 
447728|1, 447728|1440, 447730|1527, 447740|1647, 447747|1763, 447749|1846, 447755|1932, 447761|2028, 447762|2117, 447763|2204, 447764|2260, 447764|2390, 447765|2527, 447765|3426, 447769|3933, 447769|4257, com.Slack, 
447770|1, 447770|3382, 447773|3451, 447773|4023, com.facebook.katana, 
447780|1, 447780|262, 447781|349, 447781|1761, 447783|1959, 447785|2105, 447794|2219, 447800|2304, 447800|2381, 447805|2536, 447805|3325, 447809|3410, 447812|3525, 447813|3615, 447817|3699, 447817|3754, 447818|3833, 447818|4028, com.android.chrome, 
447843|1, 447843|1374, 447844|1453, 447848|1560, 447848|1650, 447851|1732, 447858|1830, 447861|1917, 447866|2000, 447867|2071, 447876|2133, 447886|2180, 447894|2258, 447894|2360, 447896|2502, 447898|2601, 447906|2948, 447911|3504, 447912|4125, com.Slack, 
447914|1, 447914|921, 447915|1042, 447915|1590, 447921|1730, 447923|1890, 447925|1992, 447925|4027, com.Slack, 
447934|1, 447934|1120, 447936|1212, 447949|1322, 447960|1466, 447964|1539, 447964|1596, 447973|1698, 447989|1806, 447997|1876, 448030|1995, 448036|2138, 448041|2228, 448051|2322, 448057|2453, 448058|2575, 448058|2762, 448060|2812, 448063|2902, 448063|2975, 448066|3062, 448068|3126, 448068|3501, 448071|3565, 448085|3643, 448087|3695, 448087|4054, com.antutu.ABenchMark, 
448200|1, 448200|2173, 448201|2255, 448207|2334, 448210|2432, 448212|2525, 448212|4042, com.skype.raider, 
448222|1, 448222|4027, com.google.android.apps.photos, 
448228|1, 448228|3018, 448229|3135, 448233|3272, 448233|3440, 448234|3527, 448234|3762, 448235|3831, 448235|4019, com.tripadvisor.tripadvisor, 
448241|1, 448241|1651, 448246|1948, 448255|2088, 448260|2148, 448261|2208, 448261|2280, 448265|2424, 448265|3204, 448268|3337, 448269|3411, 448272|3485, 448276|3583, 448277|3667, 448278|3745, 448278|4064, com.android.chrome, 
448303|1, 448303|2189, 448305|2241, 448305|2873, 448306|2986, 448306|3092, 448307|3186, 448308|3304, 448308|3428, 448310|3547, 448313|3641, 448313|3695, 448316|3787, 448317|3879, 448319|3978, 448319|4054, com.sometimeswefly.littlealchemy, 
448336|1, 448336|2574, 448337|2771, 448337|3034, 448343|3213, 448343|3352, 448346|3497, 448350|3594, 448355|3752, 448355|4037, com.ebay.mobile, 
448450|1, 448450|2794, 448451|2978, 448457|3144, 448457|3213, 448461|3281, 448461|3436, 448464|3505, 448464|3661, 448468|3793, 448468|3903, 448469|3979, 448481|4314, com.ebay.mobile, 
448546|1, 448546|3248, 448547|3402, 448547|3499, 448548|3587, 448554|3735, 448558|3860, 448564|3989, 448564|4088, com.ebay.mobile, 
448654|1, 448654|2104, 448655|2269, 448663|2477, 448675|2641, 448675|2741, 448680|2875, 448680|3693, 448684|3827, 448688|3912, 448692|3994, 448693|4054, com.android.chrome, 
448725|1, 448725|1395, 448727|1528, 448727|2576, 448731|2667, 448731|3520, 448732|3583, 448732|3688, 448735|3835, 448735|4017, com.sometimeswefly.littlealchemy, 
448751|1, 448751|2294, 448753|2362, 448759|2458, 448762|2558, 448764|2640, 448764|4051, com.skype.raider, 
448774|1, 448774|2778, 448778|2871, 448781|2975, 448793|3083, 448811|3176, 448814|3236, 448814|3588, 448816|3652, 448816|3755, 448817|3845, 448819|3947, 448828|4025, com.instagram.android, 
448948|1, 448948|1475, 448949|1589, 448949|2212, 448951|2353, 448957|2532, 448962|2669, 448963|2844, 448963|3096, 448969|3237, 448972|4190, com.ted.android, 
449004|1, 449004|3617, 449005|3742, 449005|3804, 449009|3946, 449009|4076, com.sometimeswefly.littlealchemy, 
449022|1, 449022|2350, 449024|2454, 449024|4016, com.whatsapp, 
449026|1, 449026|4047, com.google.android.apps.photos, 
449026|1, 449026|4049, com.google.android.apps.photos, 
449026|1, 449026|4014, com.google.android.apps.photos, 
449026|1, 449026|1960, 449027|2026, 449027|2188, 449042|2259, 449042|2420, 449052|2492, 449052|2952, 449053|2999, 449053|3185, 449056|3245, 449056|3283, 449060|3351, 449062|3416, 449065|3471, 449066|3518, 449066|4255, com.instagram.android, 
449176|1, 449176|4039, com.google.android.apps.photos, 
449176|1, 449176|2140, 449204|2216, 449204|2339, 449205|2376, 449211|2435, 449211|3108, 449215|3170, 449215|3377, 449248|3446, 449248|3579, 449249|3630, 449284|3700, 449284|4113, com.instagram.android, 
449311|1, 449311|1712, 449316|1805, 449330|1892, 449330|1975, 449334|2025, 449347|2092, 449347|2579, 449349|2639, 449349|2772, 449351|2838, 449354|2899, 449354|3029, 449360|3085, 449384|3145, 449384|3274, 449391|3332, 449391|4042, com.instagram.android, 
449451|1, 449451|4002, com.whatsapp, 
