31200|1, 31200|2217, 31202|2484, 31206|2759, 31208|3144, 31209|3440, 31211|3696, 31212|4037, com.android.chrome, 
31232|1, 31232|4166, com.csst.ecdict, 
31232|1, 31232|4035, com.csst.ecdict, 
31232|1, 31232|4030, com.facebook.katana, 
31232|1, 31232|4015, com.facebook.katana, 
31232|1, 31232|4007, com.google.android.deskclock, 
31232|1, 31232|4016, com.antutu.ABenchMark, 
31233|1, 31233|2508, 31235|2556, 31235|2654, 31237|2703, 31237|3776, 31244|3831, 31244|4001, com.instagram.android, 
31251|1, 31251|4005, com.csst.ecdict, 
31251|1, 31251|2064, 31252|2153, 31252|3452, 31253|3496, 31253|4039, com.booking, 
31256|1, 31256|4032, com.facebook.katana, 
31256|1, 31256|4031, com.csst.ecdict, 
31256|1, 31256|3553, 31257|3592, 31257|4021, com.paypal.android.p2pmobile, 
31259|1, 31259|4007, at.DiTronic.androidgroup.randomgallery, 
31260|1, 31260|2169, 31261|2216, 31261|2636, 31262|2687, 31262|4011, com.dropbox.android, 
31264|1, 31264|4007, at.DiTronic.androidgroup.randomgallery, 
31265|1, 31265|4030, com.github.shadowsocks, 
31265|1, 31265|4005, com.google.android.apps.photos, 
31265|1, 31265|3813, 31266|3959, 31266|4097, com.Slack, 
31277|1, 31277|2240, 31278|2294, 31278|3649, 31279|3917, 31279|4017, com.booking, 
31286|1, 31286|4028, com.tripadvisor.tripadvisor, 
31289|1, 31289|254, 31290|303, 31290|4029, com.google.android.deskclock, 
31290|1, 31290|3643, 31291|3943, 31291|4044, com.paypal.android.p2pmobile, 
31293|1, 31293|3570, 31294|3602, 31294|4047, com.google.android.apps.photos, 
31310|1, 31310|1252, 31311|1306, 31311|2094, 31312|2158, 31312|2257, 31313|2303, 31313|2354, 31314|2409, 31315|2450, 31315|2631, 31316|2680, 31316|3119, 31317|3152, 31317|4004, com.instagram.android, 
31326|1, 31326|4005, com.csst.ecdict, 
31326|1, 31326|2045, 31327|2124, 31327|3196, 31328|3254, 31328|3389, 31329|3514, 31330|3655, 31330|3703, 31331|3752, 31331|4016, com.ted.android, 
31333|1, 31333|4008, com.google.android.deskclock, 
31333|1, 31333|2736, 31334|2796, 31334|2967, 31335|3015, 31336|3068, 31336|3299, 31337|3338, 31337|4004, com.sometimeswefly.littlealchemy, 
31344|1, 31344|1011, 31345|1083, 31345|1258, 31346|1305, 31346|1382, 31347|1478, 31347|1565, 31348|1668, 31348|2115, 31349|2197, 31349|4126, com.ted.android, 
31359|1, 31360|60, 31360|188, 31362|244, 31362|433, 31363|477, 31363|4047, com.csst.ecdict, 
31367|1, 31367|3062, 31368|3115, 31368|3287, 31370|3376, 31370|3566, 31371|3622, 31371|4008, com.sometimeswefly.littlealchemy, 
31377|1, 31377|1040, 31378|1129, 31378|1256, 31380|1348, 31380|1418, 31381|1535, 31381|2015, 31382|2122, 31382|4038, com.ted.android, 
31384|1, 31384|4047, com.facebook.katana, 
31384|1, 31384|3255, 31385|3323, 31386|4046, com.paypal.android.p2pmobile, 
31400|1, 31400|2571, 31401|2657, 31401|2799, 31402|2884, 31402|3009, 31403|3086, 31403|3197, 31404|3273, 31404|4015, com.github.shadowsocks, 
31408|1, 31408|4009, com.skype.raider, 
31408|1, 31408|3367, 31409|3468, 31409|3616, 31410|3690, 31410|3842, 31411|3921, 31411|4042, com.antutu.ABenchMark, 
31412|1, 31412|4093, com.antutu.ABenchMark, 
31413|1, 31413|2238, 31414|2418, 31416|2674, 31416|2862, 31417|3049, 31417|4005, com.google.android.apps.photos, 
31428|1, 31428|157, 31429|213, 31429|4079, com.cnn.mobile.android.phone, 
31435|1, 31435|4013, com.skype.raider, 
31439|1, 31439|4027, com.github.shadowsocks, 
31439|1, 31439|3412, 31440|3472, 31440|4065, com.dropbox.android, 
31442|1, 31442|2504, 31443|2556, 31443|2725, 31444|2779, 31445|2836, 31445|2998, 31446|3075, 31446|3749, 31447|3810, 31447|4034, at.DiTronic.androidgroup.randomgallery, 
31458|1, 31458|3651, 31459|3718, 31459|4023, com.tripadvisor.tripadvisor, 
31463|1, 31463|2649, 31464|2702, 31464|2894, 31465|2970, 31466|3028, 31466|3203, 31467|3242, 31467|4028, com.sometimeswefly.littlealchemy, 
31478|1, 31478|4035, com.antutu.ABenchMark, 
31479|1, 31479|4021, com.github.shadowsocks, 
31480|1, 31480|161, 31481|226, 31481|1064, 31482|1199, 31482|2906, 31483|2975, 31483|4042, com.antutu.ABenchMark, 
31489|1, 31491|168, 31491|283, 31492|397, 31492|1439, 31493|1784, 31493|2119, 31495|2233, 31495|2311, 31497|2515, 31497|4008, com.github.shadowsocks, 
31501|1, 31501|1841, 31502|2007, 31502|2208, 31504|2332, 31504|2445, 31505|2597, 31505|4327, com.booking, 
31506|1, 31506|3313, 31507|3391, 31507|3582, 31509|3693, 31509|3789, 31510|3975, 31510|4114, com.android.chrome, 
31528|1, 31528|4129, com.cnn.mobile.android.phone, 
31530|1, 31530|1901, 31531|2021, 31531|2701, 31532|2896, 31532|3228, 31533|3413, 31533|4013, com.booking, 
31538|1, 31538|3903, 31539|3989, 31539|4077, com.dropbox.android, 
31541|1, 31541|4062, com.Slack, 
31549|1, 31549|115, 31550|189, 31550|271, 31551|350, 31551|408, 31552|497, 31552|585, 31553|660, 31553|2016, 31554|2095, 31554|4008, com.ebay.mobile, 
31561|1, 31561|3173, 31562|3331, 31562|4077, com.cnn.mobile.android.phone, 
31564|1, 31566|420, 31566|4038, com.skype.raider, 
31566|1, 31566|4010, com.paypal.android.p2pmobile, 
31570|1, 31570|4044, com.antutu.ABenchMark, 
31583|1, 31583|175, 31584|288, 31585|430, 31586|801, 31586|4045, com.ebay.mobile, 
31592|1, 31592|2772, 31593|2946, 31593|4032, com.booking, 
31599|1, 31599|113, 31600|218, 31601|282, 31601|470, 31602|556, 31602|4085, com.instagram.android, 
31603|1, 31603|2752, 31605|2884, 31605|4103, com.cnn.mobile.android.phone, 
31606|1, 31606|1131, 31607|1341, 31607|2168, 31608|2371, 31608|2594, 31609|2731, 31609|4070, com.booking, 
31619|1, 31619|127, 31620|186, 31620|322, 31621|405, 31621|497, 31622|588, 31622|1864, 31623|1952, 31623|2091, 31624|2203, 31624|2318, 31625|2387, 31625|2499, 31626|2612, 31626|4026, com.skype.raider, 
31631|1, 31631|1824, 31632|1883, 31632|1987, 31633|2103, 31633|2294, 31634|2403, 31634|2467, 31635|2540, 31636|4061, com.instagram.android, 
31636|1, 31637|119, 31637|4123, com.Slack, 
31641|1, 31641|4073, com.ebay.mobile, 
31641|1, 31641|2583, 31642|2712, 31642|4014, com.booking, 
31649|1, 31649|121, 31651|172, 31651|368, 31652|466, 31652|1657, 31653|1828, 31654|1929, 31655|1999, 31655|2059, 31656|2144, 31658|2232, 31658|2354, 31660|2464, 31660|4044, at.DiTronic.androidgroup.randomgallery, 
31665|1, 31665|2081, 31666|2125, 31666|2326, 31668|2385, 31668|2506, 31669|2578, 31669|4021, at.DiTronic.androidgroup.randomgallery, 
31669|1, 31669|4020, com.google.android.deskclock, 
31673|1, 31673|2069, 31674|2197, 31674|4039, com.ted.android, 
31679|1, 31679|295, 31680|356, 31680|2257, 31681|2342, 31681|2895, 31682|2974, 31682|3280, 31683|3353, 31683|4034, com.dropbox.android, 
31697|1, 31697|811, 31699|867, 31699|1044, 31700|1138, 31701|1260, 31701|1360, 31702|1420, 31702|1775, 31703|1855, 31703|3748, 31704|3818, 31704|3911, 31706|3979, 31706|4051, at.DiTronic.androidgroup.randomgallery, 
31712|1, 31712|3182, 31713|3286, 31713|3337, 31714|3435, 31715|3535, 31715|3670, 31716|3734, 31716|4062, com.sometimeswefly.littlealchemy, 
31721|1, 31721|1391, 31722|1450, 31722|1551, 31723|1628, 31724|1734, 31724|1888, 31725|1955, 31725|4003, com.tripadvisor.tripadvisor, 
31725|1, 31725|4023, com.github.shadowsocks, 
31725|1, 31725|4002, com.google.android.apps.photos, 
31737|1, 31737|3075, 31738|3159, 31739|3223, 31740|3280, 31740|3353, 31741|3418, 31742|3464, 31743|3505, 31744|3570, 31744|3736, 31745|3780, 31745|4025, com.sometimeswefly.littlealchemy, 
31753|1, 31753|179, 31754|220, 31754|4035, com.google.android.deskclock, 
31754|1, 31754|2438, 31755|2489, 31755|4032, com.whatsapp, 
31761|1, 31761|2865, 31762|2930, 31762|3137, 31763|3194, 31764|3249, 31764|3428, 31765|3465, 31765|4083, com.sometimeswefly.littlealchemy, 
31771|1, 31771|4033, com.tripadvisor.tripadvisor, 
31771|1, 31771|1250, 31772|1333, 31772|1499, 31773|1582, 31774|1657, 31774|1820, 31775|1885, 31775|2870, 31776|2942, 31776|4026, com.dropbox.android, 
31786|1, 31786|169, 31787|207, 31787|364, 31788|421, 31788|579, 31789|635, 31789|782, 31790|839, 31790|4027, com.github.shadowsocks, 
31794|1, 31794|2637, 31795|2725, 31795|2929, 31796|3001, 31797|3063, 31797|3245, 31798|3299, 31798|4028, com.android.chrome, 
31813|1, 31813|3687, 31814|3745, 31814|4053, com.paypal.android.p2pmobile, 
31815|1, 31815|2650, 31816|2756, 31816|4002, com.paypal.android.p2pmobile, 
31819|1, 31819|2874, 31820|3041, 31820|4114, com.booking, 
31825|1, 31825|2628, 31826|2798, 31826|4023, com.ted.android, 
31828|1, 31828|3220, 31829|3338, 31829|4033, com.whatsapp, 
31831|1, 31831|4106, com.antutu.ABenchMark, 
31831|1, 31831|4021, com.skype.raider, 
31831|1, 31831|2903, 31832|3056, 31832|4068, com.booking, 
31836|1, 31836|3123, 31837|3450, 31837|4144, com.cnn.mobile.android.phone, 
31840|1, 31840|3593, 31841|3685, 31841|4136, com.paypal.android.p2pmobile, 
31847|1, 31847|3874, 31848|3981, 31849|4071, com.android.chrome, 
31874|1, 31874|275, 31875|339, 31875|2029, 31876|2200, 31876|3056, 31877|3188, 31877|4034, com.booking, 
31885|1, 31885|884, 31886|1002, 31886|4073, com.github.shadowsocks, 
31886|1, 31886|3092, 31887|3199, 31887|3284, 31888|3371, 31888|4001, com.whatsapp, 
31890|1, 31890|4030, com.antutu.ABenchMark, 
31890|1, 31890|4035, com.cnn.mobile.android.phone, 
31892|1, 31892|1191, 31893|1310, 31893|2931, 31894|2994, 31894|4085, com.dropbox.android, 
31897|1, 31897|2988, 31898|3055, 31898|3213, 31899|3264, 31900|3341, 31900|3523, 31901|3565, 31901|3760, 31902|3813, 31902|4028, com.sometimeswefly.littlealchemy, 
31907|1, 31907|4035, com.facebook.katana, 
31908|1, 31908|4004, com.csst.ecdict, 
31908|1, 31908|4072, com.google.android.deskclock, 
31908|1, 31908|2888, 31909|2962, 31909|4004, com.dropbox.android, 
31911|1, 31911|2968, 31912|3025, 31912|4015, at.DiTronic.androidgroup.randomgallery, 
31912|1, 31912|4041, com.github.shadowsocks, 
31912|1, 31912|4076, com.google.android.deskclock, 
31912|1, 31912|2138, 31913|2287, 31913|4020, com.ted.android, 
31915|1, 31915|2792, 31916|2860, 31916|2923, 31917|2990, 31917|4054, com.instagram.android, 
31920|1, 31920|4085, com.Slack, 
31932|1, 31932|4034, com.facebook.katana, 
31936|1, 31936|4058, com.antutu.ABenchMark, 
31939|1, 31940|159, 31940|281, 31941|459, 31941|3103, 31942|3226, 31942|4022, com.cnn.mobile.android.phone, 
31942|1, 31942|4051, at.DiTronic.androidgroup.randomgallery, 
31942|1, 31942|4053, com.Slack, 
31954|1, 31954|188, 31955|276, 31955|465, 31956|548, 31956|2065, 31957|2176, 31957|2339, 31958|2437, 31958|4050, com.google.android.deskclock, 
31962|1, 31962|4053, com.github.shadowsocks, 
31962|1, 31962|280, 31963|336, 31963|603, 31964|667, 31964|2209, 31965|2280, 31965|2504, 31966|2570, 31966|4048, com.facebook.katana, 
31966|1, 31966|2598, 31967|2652, 31967|4014, com.whatsapp, 
31969|1, 31969|3237, 31970|3290, 31971|4013, com.paypal.android.p2pmobile, 
31977|1, 31977|1405, 31978|1504, 31978|1650, 31980|1807, 31980|2048, 31981|2126, 31981|2921, 31982|3021, 31982|3462, 31983|3523, 31983|3655, 31985|3716, 31985|4030, com.Slack, 
31995|1, 31995|411, 31996|474, 31996|1360, 31997|1470, 31997|3423, 31998|3465, 31998|3820, 31999|3928, 31999|4101, com.facebook.katana, 
32006|1, 32006|4007, com.google.android.deskclock, 
32010|1, 32010|4007, com.google.android.deskclock, 
32010|1, 32010|4020, com.tripadvisor.tripadvisor, 
32010|1, 32010|4010, com.tripadvisor.tripadvisor, 
32018|1, 32018|637, 32019|697, 32019|847, 32020|910, 32020|2838, 32021|2917, 32021|4025, com.dropbox.android, 
32025|1, 32025|4023, com.cnn.mobile.android.phone, 
32025|1, 32025|1235, 32026|1473, 32026|1640, 32027|1733, 32027|2510, 32028|2570, 32028|2707, 32029|2819, 32030|2901, 32030|3094, 32031|3159, 32032|4051, com.android.chrome, 
32047|1, 32047|3042, 32049|3149, 32049|3281, 32050|3358, 32052|3425, 32053|3501, 32053|3599, 32054|3650, 32055|3722, 32055|4073, com.android.chrome, 
32073|1, 32073|4035, com.ebay.mobile, 
32074|1, 32074|2640, 32075|2727, 32075|4031, com.whatsapp, 
32077|1, 32077|4020, com.cnn.mobile.android.phone, 
32079|1, 32079|1077, 32080|1161, 32080|4006, com.google.android.apps.photos, 
32081|1, 32081|2551, 32082|2606, 32082|4029, com.skype.raider, 
32084|1, 32084|4020, at.DiTronic.androidgroup.randomgallery, 
32085|1, 32085|4015, com.paypal.android.p2pmobile, 
32088|1, 32088|3709, 32089|3802, 32089|4056, com.tripadvisor.tripadvisor, 
32089|1, 32089|3217, 32090|3290, 32090|4025, com.csst.ecdict, 
32091|1, 32091|2871, 32092|2928, 32092|4047, com.ebay.mobile, 
32096|1, 32096|2611, 32097|2685, 32097|4014, com.whatsapp, 
32099|1, 32099|4029, com.facebook.katana, 
32099|1, 32099|3051, 32100|3146, 32100|4049, com.dropbox.android, 
32102|1, 32102|2212, 32103|2351, 32103|4036, com.ted.android, 
32105|1, 32105|3454, 32106|3515, 32106|4024, com.cnn.mobile.android.phone, 
32107|1, 32107|371, 32108|608, 32108|3847, 32109|3924, 32109|4012, com.dropbox.android, 
32114|1, 32115|72, 32115|1622, 32116|1701, 32116|1863, 32117|1927, 32117|4054, com.tripadvisor.tripadvisor, 
32118|1, 32118|1106, 32119|1181, 32119|4253, com.Slack, 
32131|1, 32132|57, 32132|2678, 32133|2746, 32133|2975, 32134|3037, 32135|3094, 32135|3271, 32136|3331, 32136|4037, com.android.chrome, 
32157|1, 32159|4256, com.paypal.android.p2pmobile, 
32161|1, 32161|2173, 32162|2274, 32162|4018, com.ted.android, 
32166|1, 32166|4049, at.DiTronic.androidgroup.randomgallery, 
32166|1, 32166|4106, com.ebay.mobile, 
32169|1, 32169|2565, 32170|2672, 32170|4025, com.whatsapp, 
32172|1, 32172|4010, com.skype.raider, 
32174|1, 32174|4092, com.tripadvisor.tripadvisor, 
32175|1, 32175|4037, com.csst.ecdict, 
32175|1, 32175|4049, com.skype.raider, 
32175|1, 32175|4019, com.ebay.mobile, 
32178|1, 32178|4045, com.csst.ecdict, 
32178|1, 32178|2045, 32179|2150, 32180|4243, com.ted.android, 
32181|1, 32181|4046, com.instagram.android, 
32182|1, 32182|2666, 32183|2759, 32183|4069, com.whatsapp, 
32185|1, 32185|4223, com.Slack, 
32197|1, 32197|4028, com.facebook.katana, 
32201|1, 32201|3124, 32202|3232, 32202|3410, 32204|3522, 32204|3706, 32205|3762, 32205|4027, com.android.chrome, 
32220|1, 32220|2376, 32221|2515, 32221|4057, com.Slack, 
32238|1, 32239|82, 32239|2319, 32242|2364, 32242|2425, 32243|2497, 32243|4038, com.Slack, 
32253|1, 32253|4015, com.antutu.ABenchMark, 
32256|1, 32258|92, 32258|256, 32259|338, 32259|4036, com.skype.raider, 
32259|1, 32259|456, 32260|521, 32260|1721, 32261|1825, 32261|4032, com.google.android.apps.photos, 
32261|1, 32261|4030, com.tripadvisor.tripadvisor, 
32273|1, 32273|1325, 32274|1433, 32274|1630, 32276|1861, 32277|2079, 32277|3006, 32278|3078, 32278|3170, 32279|3326, 32280|3418, 32280|3582, 32281|3672, 32281|4068, com.android.chrome, 
32297|1, 32297|2879, 32298|2979, 32298|3183, 32299|3305, 32300|3414, 32300|3540, 32301|3649, 32301|3705, 32302|3785, 32302|4057, com.sometimeswefly.littlealchemy, 
32314|1, 32314|1674, 32315|1773, 32315|2751, 32316|2930, 32316|4028, com.ebay.mobile, 
32322|1, 32322|4296, com.ebay.mobile, 
32323|1, 32323|4103, com.ebay.mobile, 
32323|1, 32323|3423, 32324|3507, 32325|3591, 32326|3672, 32328|3825, 32329|3917, 32330|4001, com.android.chrome, 
32349|1, 32349|3590, 32350|3683, 32350|3820, 32351|3951, 32352|4021, com.sometimeswefly.littlealchemy, 
32357|1, 32357|4059, com.skype.raider, 
32357|1, 32357|3596, 32358|3660, 32358|3757, 32359|3844, 32359|4032, com.instagram.android, 
32359|1, 32359|2554, 32360|2677, 32360|4023, com.ted.android, 
32362|1, 32362|3499, 32363|3608, 32363|3812, 32365|3935, 32365|4069, com.sometimeswefly.littlealchemy, 
32370|1, 32370|4020, com.whatsapp, 
32371|1, 32371|4050, com.google.android.apps.photos, 
32371|1, 32371|4055, com.google.android.apps.photos, 
32371|1, 32371|4023, com.google.android.apps.photos, 
32371|1, 32371|2959, 32372|3001, 32372|3071, 32373|3124, 32374|3182, 32375|3251, 32375|4261, com.instagram.android, 
32376|1, 32376|4046, com.google.android.apps.photos, 
32376|1, 32376|2967, 32377|3017, 32377|3122, 32378|3177, 32378|4009, com.instagram.android, 
32379|1, 32379|2605, 32380|2662, 32380|2801, 32381|2862, 32381|3866, 32382|3907, 32382|4012, com.instagram.android, 
32382|1, 32382|2464, 32383|2527, 32383|4014, com.whatsapp, 
