29816972|1, 29816972|2195, tap_shift, 
29816972|1, 29816972|985, 29817070|1043, 29817481|1097, 29817481|1907, long_press_character, 
29817481|1, 29817481|1925, long_swipe, 
29817481|1, 29817481|1879, long_press_character, 
29817481|1, 29817481|280, 29817939|336, 29817939|2529, tap_regular_character, 
29817939|1, 29817939|2338, tap_shift, 
29817939|1, 29817939|389, 29818396|434, 29818396|1885, short_swipe, 
29818396|1, 29818396|1881, long_press_character, 
29818396|1, 29818396|1640, 29818853|1678, 29818853|2021, long_press_character, 
29818853|1, 29818853|2356, tap_shift, 
29818853|1, 29818853|1910, short_swipe, 
29818853|1, 29818853|371, 29819310|411, 29819310|2367, long_swipe, 
29819310|1, 29819767|3093, tap_shift, 
29819767|1, 29819767|4045, tap_regular_character, 
29819767|1, 29820225|390, 29820225|3471, tap_regular_character, 
29820225|1, 29820225|1460, 29820271|1503, 29820682|1541, 29820838|2644, long_press_character, 
29820838|1, 29820838|2310, long_press_character, 
29820838|1, 29820838|1449, 29831090|1964, 29841560|2102, 29841560|4038, tap_regular_character, 
