3314|1, 3314|979, 3315|1019, 3315|1205, 3317|1239, 3317|1371, 3318|1416, 3318|2206, tap_shift, 
3318|1, 3318|1000, 3319|1048, 3319|1908, long_press_character, 
3319|1, 3319|870, 3320|912, 3320|1076, 3322|1126, 3322|1287, 3323|1332, 3323|1924, long_swipe, 
3323|1, 3323|1880, long_press_character, 
3323|1, 3323|2531, tap_regular_character, 
3323|1, 3323|2337, tap_shift, 
3323|1, 3323|227, 3324|256, 3324|448, 3326|477, 3326|658, 3327|692, 3327|1887, short_swipe, 
3327|1, 3327|1882, long_press_character, 
3327|1, 3327|2018, long_press_character, 
3327|1, 3327|2361, tap_shift, 
3327|1, 3327|1906, short_swipe, 
3327|1, 3327|2367, long_swipe, 
3327|1, 3327|3086, tap_shift, 
3327|1, 3327|732, 3328|795, 3328|1001, 3330|1047, 3330|1201, 3331|1295, 3331|4050, tap_regular_character, 
3331|1, 3331|3493, tap_regular_character, 
3331|1, 3331|2647, long_press_character, 
3331|1, 3331|2322, long_press_character, 
3331|1, 3331|2955, 3332|2991, 3332|3221, 3333|3277, 3333|4036, tap_regular_character, 
