879456|1, 879664|387, 879664|1144, 879564|1193, 879564|1307, 879592|1336, 879592|2221, tap_shift, 
879592|1, 879552|321, 879552|1081, 879468|1114, 879468|1256, 879668|1300, 879568|1326, 879568|1929, long_press_character, 
879568|1, 879452|259, 879452|1936, long_swipe, 
879452|1, 879452|1225, 879460|1271, 879460|1883, long_press_character, 
879460|1, 879460|324, 879468|360, 879468|511, 879568|537, 879568|1331, 879480|1362, 879480|2525, tap_regular_character, 
879480|1, 879480|2343, tap_shift, 
879480|1, 879480|590, 879680|631, 879580|656, 879580|1390, 879480|1416, 879480|1490, 879484|1518, 879484|1885, short_swipe, 
879484|1, 879484|600, 879476|629, 879476|1573, 879480|1609, 879480|1894, long_press_character, 
879480|1, 879580|2014, long_press_character, 
879580|1, 879580|703, 879484|732, 879484|1670, 879480|1703, 879476|1740, 879476|2376, tap_shift, 
879476|1, 879476|1908, short_swipe, 
879476|1, 879476|515, 879576|593, 879576|1399, 879488|1457, 879488|2289, long_swipe, 
879488|1, 879496|254, 879496|2116, 879528|2159, 879528|3115, tap_shift, 
879528|1, 879632|288, 879632|997, 879536|1042, 879536|2008, 879516|2052, 879516|2992, 879560|3049, 879556|3176, 879544|4113, tap_regular_character, 
879544|1, 879644|519, 879644|733, 879544|783, 879544|1115, 879528|1240, 879528|2100, 879560|2127, 879544|2166, 879544|3081, 879500|3171, 879500|3510, tap_regular_character, 
879500|1, 879500|587, 879512|647, 879512|1742, 879612|1825, 879612|2612, long_press_character, 
879612|1, 879516|301, 879516|984, 879532|1046, 879532|1983, 879528|2029, 879528|2408, long_press_character, 
879528|1, 879528|1487, 879556|1815, 879756|2156, 879756|2318, 876384|2413, 873936|2501, 871128|2532, 871128|2582, 868812|2626, 867216|2679, 866480|2735, 864656|2780, 864656|2817, 862500|2866, 862500|2910, 861412|2970, 861412|3713, 861512|3757, 861512|3859, 861612|3904, 861812|3937, 861912|3969, 861912|4003, tap_regular_character, 
856404|1, 856404|346, 856408|368, 856420|393, 856420|1344, 856416|1362, 856416|1640, short_swipe, 
856416|1, 856416|699, 856428|720, 856420|743, 856420|1705, 856424|1723, 856432|1791, 856432|1929, short_swipe, 
856432|1, 856432|781, 856428|798, 856432|816, 856432|1898, long_swipe, 
856432|1, 856432|886, 856440|910, 856440|1882, 856448|1899, 856456|1915, 856456|2437, tap_regular_character, 
856456|1, 856456|1460, 856448|1476, 856448|1927, short_swipe, 
856448|1, 856448|538, 856444|567, 856444|1527, 856452|1542, 856452|1880, long_swipe, 
856452|1, 856452|640, 856460|657, 856444|678, 856444|1943, long_swipe, 
856444|1, 856444|707, 856448|723, 856448|1689, 856444|1716, 856448|1755, 856448|1885, short_swipe, 
856448|1, 856448|1895, long_press_character, 
856448|1, 856448|923, 856456|939, 856456|1929, 856448|1945, 856448|2353, tap_shift, 
856448|1, 856448|579, 856464|596, 856464|2470, tap_regular_character, 
856464|1, 856464|1073, 856456|1120, 856464|1141, 856464|1879, long_swipe, 
856464|1, 856464|216, 856468|247, 856460|266, 856460|1221, 856452|1240, 856460|1259, 856460|1945, long_press_character, 
856460|1, 856460|285, 856476|305, 856476|1275, 856484|1290, 856484|1886, short_swipe, 
856484|1, 856484|412, 856488|432, 856488|1394, 856480|1411, 856480|1908, long_press_character, 
856480|1, 856480|482, 856468|506, 856476|525, 856476|1496, 856484|1512, 856484|2466, tap_regular_character, 
856484|1, 856480|94, 856480|1931, long_press_character, 
856480|1, 856480|1087, 856488|1118, 856488|1883, long_swipe, 
856488|1, 856488|230, 856492|246, 856492|1219, 856488|1243, 856488|1918, long_swipe, 
856488|1, 856488|302, 856492|317, 856492|1887, long_swipe, 
856492|1, 856492|407, 856504|422, 856496|438, 856496|1408, 856488|1422, 856488|1890, short_swipe, 
856488|1, 856488|533, 856480|556, 856480|1531, 856472|1548, 856472|2451, tap_shift, 
856472|1, 856476|86, 856464|102, 856464|1056, 856476|1081, 856468|1123, 856468|1867, short_swipe, 
856468|1, 856468|207, 856464|235, 856464|1197, 856468|1224, 856472|1245, 856472|2211, 856464|2228, 856464|2405, tap_shift, 
856464|1, 856464|794, 856472|810, 856476|827, 856472|1884, long_swipe, 
856472|1, 856472|922, 856476|938, 856476|1923, long_press_character, 
856476|1, 856480|73, 856480|978, 856468|1017, 856468|1913, short_swipe, 
856468|1, 856468|90, 856472|111, 856472|1942, short_swipe, 
856472|1, 856472|139, 856468|155, 856460|173, 856460|1920, short_swipe, 
856460|1, 856460|1213, 856464|1241, 856456|1262, 856456|1901, long_swipe, 
856456|1, 856456|325, 856448|341, 856456|359, 856456|1321, 856440|1336, 856448|1353, 856448|2388, tap_regular_character, 
856448|1, 856448|942, 856452|965, 856452|1880, long_press_character, 
856452|1, 856448|91, 856448|1061, 856444|1101, 856444|2051, 856436|2070, 856444|2086, 856444|2450, tap_regular_character, 
856444|1, 856444|1617, 856452|1640, 856452|1923, long_press_character, 
856452|1, 856452|2327, tap_shift, 
856452|1, 856452|1915, long_swipe, 
856452|1, 856452|453, 856456|471, 856456|1449, 856448|1465, 856448|2431, tap_regular_character, 
856448|1, 856444|73, 856444|1001, 856440|1028, 856444|1088, 856444|2014, 856448|2030, 856444|2048, 856444|2438, tap_regular_character, 
856444|1, 856444|2396, tap_shift, 
856444|1, 856444|1179, 856448|1198, 856444|1216, 856444|1881, long_press_character, 
856444|1, 856444|1290, 856436|1317, 856444|1340, 856444|1875, long_press_character, 
856444|1, 856444|437, 856460|454, 856460|1427, 856452|1444, 856452|1959, long_press_character, 
856452|1, 856452|479, 856456|495, 856456|1475, 856448|1498, 856448|2389, tap_regular_character, 
856448|1, 856448|1091, 856456|1109, 856456|2376, tap_shift, 
856456|1, 856456|712, 856444|734, 856444|2506, tap_regular_character, 
856444|1, 856444|205, 856448|225, 856448|1190, 856460|1220, 856444|1243, 856444|2463, tap_regular_character, 
856444|1, 856444|745, 856452|766, 856452|2322, tap_shift, 
856452|1, 856452|425, 856464|449, 856464|1420, 856452|1437, 856456|1453, 856456|2361, tap_shift, 
856456|1, 856456|71, 856464|93, 856464|2066, 856460|2088, 856460|2488, tap_shift, 
856460|1, 856460|557, 856464|584, 856476|609, 856476|1580, 856488|1595, tap_shift, 
