330211|1, 330211|1203, 330227|1617, 330235|1939, 330235|2284, 330246|2552, 330248|2850, 330256|3210, 330270|3511, 330271|3781, 330271|4094, com.android.chrome, 
330272|1, 330272|1219, 330274|1537, 330286|1894, 330298|2181, 330311|2426, 330332|2732, 330398|3032, 330398|4152, com.csst.ecdict, 
330404|1, 330404|1644, 330410|1746, 330414|1804, 330417|1906, 330417|1957, 330418|2017, 330420|2078, 330422|2122, 330426|2175, 330427|2221, 330432|2271, 330432|2363, 330436|2414, 330439|2460, 330448|2505, 330450|2551, 330450|2636, 330500|2708, 330521|2773, 330521|4013, com.csst.ecdict, 
330524|1, 330524|4052, com.facebook.katana, 
330524|1, 330524|4043, com.facebook.katana, 
330524|1, 330524|4022, com.google.android.deskclock, 
330524|1, 330524|1162, 330528|1214, 330537|1310, 330538|1369, 330546|1459, 330550|1542, 330554|1618, 330568|1696, 330579|1761, 330588|1846, 330611|1969, 330613|2078, 330618|2137, 330634|2221, 330634|2608, 330636|2675, 330639|2747, 330639|2891, 330642|2972, 330644|3024, 330644|3247, 330646|3312, 330648|3361, 330648|4035, com.antutu.ABenchMark, 
330746|1, 330746|1850, 330750|1902, 330751|1958, 330751|2831, 330752|2883, 330752|4030, com.instagram.android, 
330752|1, 330752|1797, 330754|1863, 330765|1974, 330765|2095, 330766|2144, 330768|2204, 330770|2245, 330774|2289, 330775|2340, 330779|2388, 330779|2517, 330783|2559, 330795|2657, 330797|2709, 330797|2757, 330798|2793, 330854|2861, 330854|4022, com.csst.ecdict, 
330857|1, 330857|1140, 330859|1188, 330859|1319, 330862|1431, 330862|1483, 330869|1595, 330871|1698, 330875|1790, 330875|1841, 330882|1934, 330883|1995, 330885|2063, 330885|2144, 330888|2300, 330895|2386, 330898|2532, 330898|2652, 330899|2734, 330904|2807, 330907|2872, 330931|3184, 330933|3236, 330933|3293, 330936|3340, 330942|3427, 330944|3462, 330945|3512, 330946|3553, 330947|3609, 330950|3661, 330955|3940, 330956|4054, com.booking, 
331009|1, 331009|4012, com.facebook.katana, 
331009|1, 331009|1837, 331011|1919, 331019|2024, 331022|2140, 331022|2189, 331023|2232, 331025|2319, 331026|2357, 331030|2421, 331031|2462, 331036|2507, 331036|2636, 331040|2689, 331046|2737, 331054|2789, 331054|2916, 331109|2961, 331109|4012, com.csst.ecdict, 
331112|1, 331112|1373, 331114|1487, 331114|1992, 331115|2062, 331115|2536, 331124|2605, 331126|2691, 331128|2739, 331128|2784, 331131|2838, 331132|2890, 331132|2945, 331147|3002, 331147|3090, 331148|3127, 331148|3650, 331154|3698, 331154|3736, 331155|3783, 331157|3819, 331157|3910, 331182|3966, 331184|4028, com.paypal.android.p2pmobile, 
331227|1, 331227|4019, at.DiTronic.androidgroup.randomgallery, 
331265|1, 331265|1121, 331267|1203, 331267|1434, 331269|1501, 331269|1690, 331271|1758, 331271|2645, 331272|2690, 331272|3595, 331278|3657, 331278|3868, 331279|3914, 331281|3972, 331281|4020, com.dropbox.android, 
331284|1, 331284|4022, at.DiTronic.androidgroup.randomgallery, 
331317|1, 331317|1183, 331321|1259, 331323|1347, 331328|1417, 331328|4029, com.github.shadowsocks, 
331329|1, 331329|4022, com.google.android.apps.photos, 
331329|1, 331329|1146, 331333|1197, 331343|1286, 331343|1359, 331351|1438, 331353|1485, 331361|1586, 331374|1682, 331391|1772, 331416|1855, 331422|1895, 331422|2553, 331430|2957, 331430|4095, com.Slack, 
331431|1, 331431|1616, 331433|1741, 331436|1799, 331446|1871, 331446|1935, 331449|2000, 331452|2098, 331455|2164, 331460|2248, 331460|2382, 331469|2524, 331471|2650, 331480|2741, 331490|3152, 331501|3293, 331512|3360, 331514|3415, 331517|3461, 331518|3501, 331520|3559, 331523|3601, 331524|3654, 331533|3928, 331537|4028, com.booking, 
331582|1, 331582|1726, 331583|1793, 331584|1852, 331584|2795, 331585|2907, 331585|3803, 331590|3839, 331590|4001, com.tripadvisor.tripadvisor, 
331611|1, 331611|4039, com.google.android.deskclock, 
331612|1, 331612|2194, 331613|2244, 331613|2354, 331615|2457, 331629|2530, 331629|2624, 331630|2711, 331631|2774, 331634|2851, 331634|2902, 331635|2969, 331635|3127, 331636|3179, 331637|3241, 331639|3296, 331639|3421, 331641|3460, 331642|3519, 331642|3653, 331647|3953, 331648|4000, 331648|4053, com.paypal.android.p2pmobile, 
331685|1, 331685|2576, 331688|2628, 331691|2669, 331691|3207, 331692|3248, 331692|4054, com.google.android.apps.photos, 
331694|1, 331694|4007, com.instagram.android, 
331695|1, 331695|1682, 331699|1768, 331703|1811, 331708|1870, 331711|1925, 331711|2203, 331714|2250, 331718|2316, 331722|2366, 331722|2535, 331723|2602, 331726|2646, 331738|2703, 331740|2758, 331740|2826, 331804|2894, 331804|3762, 331806|3812, 331806|4013, com.csst.ecdict, 
331828|1, 331828|1607, 331830|1680, 331830|1961, 331831|2051, 331831|2134, 331832|2219, 331832|2367, 331836|2459, 331836|2720, 331838|2753, 331838|2932, 331841|2982, 331841|3206, 331842|3262, 331842|3402, 331845|3526, 331845|3711, 331846|3764, 331846|3843, 331847|3898, 331847|4024, com.ted.android, 
331852|1, 331852|4032, com.google.android.deskclock, 
331852|1, 331852|1757, 331854|1821, 331854|2500, 331855|2564, 331855|4002, com.sometimeswefly.littlealchemy, 
331867|1, 331867|1996, 331868|2111, 331868|2287, 331869|2393, 331869|3287, 331870|3340, 331870|4132, com.ted.android, 
331886|1, 331886|1804, 331888|1900, 331892|1957, 331899|2037, 331899|2290, 331900|2336, 331906|2419, 331910|2473, 331910|2727, 331914|2786, 331926|2843, 331928|2900, 331928|3039, 331999|3145, 331999|4036, com.csst.ecdict, 
332002|1, 332002|2027, 332003|2100, 332003|4010, com.sometimeswefly.littlealchemy, 
332003|1, 332003|1420, 332004|1535, 332004|2011, 332005|2123, 332005|2204, 332009|2327, 332009|3477, 332011|3528, 332011|3686, 332015|3753, 332015|4045, com.ted.android, 
332026|1, 332026|4063, com.facebook.katana, 
332026|1, 332026|2313, 332027|2425, 332028|2482, 332039|2598, 332039|2655, 332040|2730, 332046|2863, 332046|3262, 332047|3328, 332047|3386, 332048|3459, 332048|3564, 332054|3639, 332054|3744, 332060|3797, 332060|3863, 332062|3920, 332063|4047, com.paypal.android.p2pmobile, 
332109|1, 332109|2290, 332113|2362, 332118|2444, 332120|2506, 332120|2593, 332122|2679, 332122|4040, com.github.shadowsocks, 
332123|1, 332123|1992, 332125|2065, 332125|4016, com.skype.raider, 
332133|1, 332133|1423, 332139|1513, 332145|1583, 332152|1733, 332161|1862, 332186|1992, 332209|2158, 332217|2284, 332220|2437, 332232|2553, 332233|2643, 332233|3128, 332238|3257, 332238|3557, 332241|3639, 332243|3714, 332243|4007, com.antutu.ABenchMark, 
332336|1, 332336|1640, 332351|1876, 332361|2072, 332364|2302, 332386|2447, 332397|2553, 332407|2785, 332411|2924, 332414|3093, 332427|3300, 332427|3658, 332428|3800, 332433|3997, 332435|4101, com.antutu.ABenchMark, 
332561|1, 332561|4011, com.google.android.apps.photos, 
332561|1, 332561|1668, 332563|1771, 332563|2458, 332565|2692, 332565|2872, 332566|2974, 332566|3230, 332567|3300, 332567|3389, 332568|3502, 332568|3878, 332570|3964, 332570|4075, com.cnn.mobile.android.phone, 
332748|1, 332748|4019, com.skype.raider, 
332755|1, 332755|4041, com.github.shadowsocks, 
332755|1, 332755|1987, 332757|2072, 332757|2324, 332760|2432, 332760|2551, 332767|2624, 332767|2721, 332769|2858, 332769|3491, 332770|3575, 332770|4017, com.dropbox.android, 
332777|1, 332777|1411, 332779|1537, 332779|4031, at.DiTronic.androidgroup.randomgallery, 
332804|1, 332804|668, 332805|703, 332805|3644, 332807|3723, 332807|4032, com.tripadvisor.tripadvisor, 
332820|1, 332820|4033, com.sometimeswefly.littlealchemy, 
332831|1, 332831|1132, 332833|1200, 332842|1264, 332852|1362, 332856|1481, 332856|1534, 332879|1649, 332883|1729, 332890|1802, 332910|1956, 332911|2073, 332914|2143, 332925|2259, 332927|2342, 332927|2641, 332933|2807, 332933|2888, 332935|2974, 332938|3050, 332938|3431, 332940|3485, 332942|3546, 332942|4046, com.antutu.ABenchMark, 
333062|1, 333062|4041, com.github.shadowsocks, 
333062|1, 333062|1068, 333064|1201, 333077|1281, 333082|1392, 333086|1487, 333086|1630, 333087|1715, 333090|1778, 333109|1915, 333110|2062, 333110|2125, 333127|2239, 333144|2336, 333146|2414, 333162|2574, 333173|2693, 333175|2785, 333181|2901, 333181|2976, 333182|3040, 333186|3134, 333186|3267, 333189|3336, 333191|3406, 333191|3583, 333193|3631, 333193|4040, com.antutu.ABenchMark, 
333306|1, 333306|4024, com.github.shadowsocks, 
333306|1, 333306|2341, 333308|2456, 333317|2600, 333321|2760, 333324|2873, 333330|3049, 333332|3210, 333338|3339, 333339|3511, 333348|3733, 333355|3938, 333360|4257, com.booking, 
333439|1, 333439|1651, 333441|1791, 333441|1941, 333460|2408, 333460|2488, 333465|2599, 333469|4125, com.android.chrome, 
333523|1, 333523|2035, 333524|2153, 333524|2224, 333527|2397, 333536|2626, 333542|2720, 333542|2907, 333555|3095, 333558|3224, 333566|3402, 333584|3670, 333587|3788, 333597|3976, 333604|4147, com.cnn.mobile.android.phone, 
333702|1, 333702|1761, 333703|1886, 333703|2136, 333705|2314, 333709|2451, 333709|2668, 333712|2880, 333718|3051, 333720|3210, 333727|3407, 333730|3542, 333731|3753, 333739|3992, 333746|4212, com.booking, 
333829|1, 333829|2771, 333830|2973, 333835|3100, 333835|3193, 333838|3378, 333839|3587, 333839|3811, 333840|3907, 333840|4010, com.dropbox.android, 
333842|1, 333842|2203, 333844|2378, 333856|2556, 333862|2684, 333865|2805, 333878|2998, 333880|3143, 333881|3269, 333882|3541, 333885|4056, com.Slack, 
333890|1, 333890|2787, 333892|2887, 333893|3012, 333895|3097, 333898|3237, 333907|3364, 333908|3490, 333922|3650, 333930|4032, com.ebay.mobile, 
334010|1, 334010|1011, 334012|1097, 334012|1928, 334013|2010, 334013|2099, 334017|2204, 334028|2364, 334047|2585, 334055|2825, 334059|3034, 334061|3177, 334062|3328, 334065|3453, 334068|3567, 334076|3728, 334086|3901, 334087|3966, 334099|4072, com.cnn.mobile.android.phone, 
334188|1, 334189|430, 334189|2286, 334191|2361, 334191|4016, com.skype.raider, 
334197|1, 334197|336, 334199|452, 334199|2496, 334200|2575, 334200|2990, 334209|3115, 334210|3220, 334215|3359, 334216|3493, 334216|3560, 334221|3699, 334223|4020, com.paypal.android.p2pmobile, 
334306|1, 334306|1626, 334308|1720, 334327|1891, 334336|2070, 334336|2204, 334354|2368, 334367|2501, 334384|2710, 334389|2879, 334393|3013, 334404|3113, 334404|3570, 334406|3788, 334410|3929, 334412|4048, com.antutu.ABenchMark, 
334527|1, 334527|3056, 334533|3250, 334533|3324, 334540|3451, 334541|3612, 334542|3687, 334542|4047, com.ebay.mobile, 
334637|1, 334638|92, 334638|1681, 334639|1877, 334639|2271, 334647|2420, 334649|2589, 334649|2766, 334654|2930, 334660|3064, 334662|3204, 334668|3353, 334669|3479, 334670|3623, 334671|3794, 334683|3996, 334684|4195, com.booking, 
334774|1, 334774|4086, com.instagram.android, 
334778|1, 334778|2120, 334785|2221, 334786|2347, 334796|2531, 334807|2751, 334809|2895, 334813|3063, 334818|3268, 334821|3449, 334828|3584, 334830|3770, 334834|3891, 334839|4011, com.cnn.mobile.android.phone, 
334959|1, 334959|758, 334961|1132, 334961|1804, 334963|1956, 334967|2078, 334968|2285, 334976|2485, 334979|2705, 334984|2850, 334988|3056, 334988|3179, 334991|3446, 335000|3669, 335002|3886, 335004|4004, com.booking, 
335075|1, 335075|4041, com.skype.raider, 
335082|1, 335082|2643, 335083|2782, 335083|4076, com.instagram.android, 
335083|1, 335083|2126, 335093|2281, 335099|2368, 335100|2461, 335107|2609, 335115|2791, 335126|2905, 335153|3047, 335155|3206, 335155|3396, 335157|3499, 335157|4012, com.Slack, 
335158|1, 335158|2446, 335159|2608, 335160|2727, 335161|2840, 335166|2953, 335171|3050, 335172|3129, 335174|3257, 335175|3382, 335177|3469, 335178|3626, 335183|3931, 335184|4079, com.ebay.mobile, 
335258|1, 335258|2685, 335266|2846, 335276|3000, 335279|3101, 335288|3305, 335294|3523, 335295|3652, 335307|3993, 335312|4132, com.booking, 
335398|1, 335398|4045, at.DiTronic.androidgroup.randomgallery, 
335425|1, 335425|4019, at.DiTronic.androidgroup.randomgallery, 
335463|1, 335463|4024, com.google.android.deskclock, 
335463|1, 335463|1670, 335465|1767, 335465|1894, 335466|1986, 335466|2195, 335467|2322, 335467|2472, 335471|2561, 335471|2874, 335473|2931, 335473|3867, 335477|3936, 335477|4002, com.ted.android, 
335508|1, 335509|68, 335509|1781, 335512|1880, 335512|1973, 335518|2024, 335520|2142, 335520|2985, 335521|3069, 335522|3176, 335522|3356, 335524|3432, 335524|4043, com.dropbox.android, 
335528|1, 335528|4056, at.DiTronic.androidgroup.randomgallery, 
335571|1, 335571|2159, 335573|2232, 335573|3008, 335574|3099, 335574|3184, 335575|3290, 335575|4062, com.sometimeswefly.littlealchemy, 
335586|1, 335586|4015, com.tripadvisor.tripadvisor, 
335600|1, 335600|4036, com.github.shadowsocks, 
335600|1, 335600|4005, com.google.android.apps.photos, 
335602|1, 335602|2083, 335603|2199, 335603|4021, com.sometimeswefly.littlealchemy, 
335615|1, 335615|4055, com.google.android.deskclock, 
335615|1, 335615|1424, 335617|1494, 335617|1557, 335619|1638, 335619|4010, com.whatsapp, 
335619|1, 335619|4007, com.sometimeswefly.littlealchemy, 
335630|1, 335630|2908, 335631|2979, 335631|3135, 335635|3230, 335635|3389, 335636|3446, 335638|4033, com.tripadvisor.tripadvisor, 
335662|1, 335662|1655, 335663|1716, 335665|1817, 335665|1888, 335675|1958, 335675|2863, 335676|2946, 335676|4033, com.dropbox.android, 
335681|1, 335681|4038, com.github.shadowsocks, 
335681|1, 335681|1464, 335683|1638, 335691|1738, 335697|1823, 335700|1871, 335700|2721, 335704|2810, 335712|2884, 335713|2933, 335717|3004, 335718|3067, 335719|3120, 335719|3362, 335723|3418, 335723|3824, 335727|3918, 335729|3970, 335739|4026, com.android.chrome, 
335751|1, 335751|1504, 335753|1639, 335753|2069, 335758|2170, 335758|2220, 335760|2278, 335767|2376, 335777|2473, 335778|2546, 335778|2646, 335785|2741, 335786|2819, 335786|3296, 335787|3359, 335787|3473, 335794|3515, 335794|3564, 335797|3621, 335797|3688, 335798|3735, 335824|3790, 335828|3855, 335837|3914, 335840|4054, com.paypal.android.p2pmobile, 
335859|1, 335859|2376, 335861|2524, 335869|2658, 335869|2783, 335870|2939, 335879|3088, 335879|3189, 335885|3293, 335885|4028, com.paypal.android.p2pmobile, 
335965|1, 335965|2433, 335970|2618, 335977|2775, 335981|2893, 335986|3063, 335989|3267, 335989|3593, 335992|3771, 336002|3987, 336003|4135, com.booking, 
336099|1, 336099|2456, 336100|2616, 336100|2804, 336101|2971, 336102|3181, 336106|3410, 336108|4040, com.ted.android, 
336124|1, 336125|105, 336125|763, 336126|870, 336126|2217, 336128|2320, 336128|4033, com.whatsapp, 
336128|1, 336128|2105, 336140|2303, 336154|2499, 336157|2671, 336157|2801, 336174|2970, 336187|3243, 336199|3411, 336212|3667, 336217|3872, 336237|4095, com.antutu.ABenchMark, 
336347|1, 336347|799, 336350|982, 336350|2880, 336352|3122, 336352|4035, com.skype.raider, 
336357|1, 336360|123, 336360|960, 336361|1081, 336361|2542, 336364|2704, 336371|2907, 336374|3073, 336377|3219, 336381|3374, 336389|3548, 336391|3762, 336391|4081, com.booking, 
336488|1, 336488|2063, 336489|2173, 336492|2287, 336502|2415, 336513|2598, 336533|2771, 336543|2941, 336552|3112, 336563|3386, 336567|3602, 336570|3737, 336576|4146, com.cnn.mobile.android.phone, 
336702|1, 336702|2649, 336703|2835, 336703|3424, 336705|3596, 336705|4124, com.paypal.android.p2pmobile, 
336729|1, 336729|2691, 336737|2926, 336749|3137, 336752|3257, 336757|3401, 336757|4010, com.android.chrome, 
336807|1, 336807|2020, 336809|2195, 336809|2458, 336812|2574, 336818|2744, 336821|2930, 336825|3060, 336829|3182, 336833|3385, 336838|3562, 336841|3683, 336845|3850, 336846|4028, com.booking, 
336946|1, 336946|2607, 336949|2721, 336949|4082, com.github.shadowsocks, 
336949|1, 336949|2296, 336950|2431, 336950|4008, com.whatsapp, 
336950|1, 336950|1398, 336952|1497, 336965|1601, 336974|1719, 336974|1815, 336984|1934, 336994|2028, 337005|2135, 337028|2279, 337028|2383, 337030|2535, 337034|2625, 337043|2806, 337043|3297, 337048|3376, 337048|3455, 337050|3523, 337052|3618, 337054|3730, 337056|4041, com.antutu.ABenchMark, 
337149|1, 337149|1488, 337151|1598, 337165|1815, 337177|1986, 337182|2083, 337182|2197, 337193|2327, 337194|2401, 337198|2517, 337202|2642, 337203|2725, 337213|2814, 337219|2896, 337220|2976, 337224|3066, 337226|3131, 337228|3187, 337245|3248, 337247|3316, 337253|3387, 337258|3443, 337258|3577, 337262|3649, 337264|3723, 337270|3774, 337272|4039, com.cnn.mobile.android.phone, 
337320|1, 337320|1906, 337323|2022, 337323|2116, 337330|2178, 337330|2762, 337331|2837, 337331|3000, 337334|3076, 337334|3814, 337336|3860, 337338|3913, 337338|4085, com.dropbox.android, 
337340|1, 337340|1995, 337342|2062, 337342|2743, 337343|2832, 337343|2922, 337344|3007, 337344|4034, com.sometimeswefly.littlealchemy, 
337355|1, 337355|4043, com.facebook.katana, 
337355|1, 337355|2034, 337360|2198, 337366|2274, 337369|2353, 337369|2663, 337371|2711, 337378|2782, 337384|2847, 337384|3069, 337388|3148, 337401|3213, 337402|3251, 337402|3360, 337435|3433, 337459|3497, 337459|4004, com.csst.ecdict, 
337462|1, 337462|4069, com.google.android.deskclock, 
337462|1, 337462|1860, 337463|1977, 337463|2122, 337470|2225, 337470|2392, 337471|2500, 337471|2640, 337472|2715, 337472|4025, com.dropbox.android, 
337474|1, 337474|4020, at.DiTronic.androidgroup.randomgallery, 
337526|1, 337526|4045, com.github.shadowsocks, 
337526|1, 337526|4068, com.google.android.deskclock, 
337533|1, 337533|1656, 337534|1757, 337535|1895, 337536|1996, 337536|2134, 337537|2279, 337537|2884, 337541|2979, 337541|4017, com.ted.android, 
337556|1, 337556|1737, 337558|1841, 337558|4060, com.instagram.android, 
337558|1, 337558|1451, 337562|1532, 337572|1684, 337578|1782, 337579|1858, 337587|1977, 337621|2152, 337664|2306, 337671|2388, 337672|2501, 337674|2693, 337678|4067, com.Slack, 
337680|1, 337680|2761, 337682|2827, 337682|4044, com.facebook.katana, 
337688|1, 337688|1373, 337690|1446, 337700|1550, 337702|1706, 337707|1800, 337708|1894, 337731|1995, 337740|2098, 337759|2283, 337760|2400, 337780|2526, 337785|2664, 337785|3143, 337790|3247, 337790|3403, 337792|3491, 337793|3580, 337794|3677, 337794|4061, com.antutu.ABenchMark, 
337892|1, 337892|1412, 337894|1597, 337895|1759, 337909|1986, 337931|2264, 337937|2400, 337938|2521, 337943|2762, 337946|3005, 337950|3132, 337956|3229, 337967|3407, 337969|3538, 337976|3644, 337977|3762, 337990|3867, 338000|3984, 338004|4051, com.cnn.mobile.android.phone, 
338077|1, 338077|4003, at.DiTronic.androidgroup.randomgallery, 
338108|1, 338108|2006, 338110|2180, 338118|2286, 338125|2426, 338132|2582, 338138|2725, 338139|2796, 338139|2876, 338141|3008, 338141|4067, com.Slack, 
338146|1, 338146|4061, com.google.android.deskclock, 
338146|1, 338146|4063, com.github.shadowsocks, 
338146|1, 338146|4054, com.facebook.katana, 
338146|1, 338146|1530, 338148|1638, 338148|1724, 338150|1850, 338150|4011, com.whatsapp, 
338150|1, 338150|1745, 338152|1828, 338152|2238, 338155|2302, 338156|2417, 338156|2499, 338161|2586, 338161|2659, 338162|2777, 338162|2964, 338164|3028, 338164|3095, 338165|3168, 338165|3248, 338167|3299, 338167|3366, 338168|3421, 338168|3477, 338169|3533, 338169|3570, 338170|3620, 338172|3686, 338172|3742, 338173|3806, 338176|4015, com.paypal.android.p2pmobile, 
338228|1, 338228|1404, 338233|1502, 338238|1579, 338245|1651, 338253|1787, 338269|1917, 338278|1967, 338294|2044, 338305|2132, 338305|2209, 338306|2266, 338307|2316, 338307|3462, 338308|3528, 338308|4027, com.Slack, 
338314|1, 338314|4104, com.facebook.katana, 
338314|1, 338314|4012, com.google.android.deskclock, 
338314|1, 338314|4005, com.google.android.deskclock, 
338314|1, 338314|3402, 338315|3466, 338315|4029, com.tripadvisor.tripadvisor, 
338328|1, 338328|2897, 338329|2971, 338329|3076, 338333|3160, 338333|3244, 338335|3339, 338336|3421, 338336|3820, 338338|3917, 338338|4009, com.tripadvisor.tripadvisor, 
338343|1, 338343|1804, 338346|1890, 338346|2014, 338355|2180, 338355|2919, 338356|3003, 338356|3090, 338357|3215, 338357|3703, 338359|3781, 338359|4027, com.dropbox.android, 
338361|1, 338361|1236, 338363|1294, 338363|1349, 338364|1421, 338364|1509, 338373|1597, 338376|1691, 338390|1826, 338396|1939, 338403|2044, 338406|2122, 338417|2234, 338418|2348, 338420|2419, 338421|2486, 338428|2579, 338431|2679, 338432|2742, 338433|2790, 338436|2878, 338436|2961, 338437|3052, 338438|3093, 338439|3153, 338441|3230, 338441|3291, 338442|3347, 338446|3412, 338446|3472, 338450|3536, 338457|3611, 338457|3668, 338461|3717, 338464|3786, 338464|3857, 338476|3928, 338477|4035, com.cnn.mobile.android.phone, 
338548|1, 338550|304, 338550|1274, 338552|1489, 338564|1636, 338567|1683, 338570|1774, 338570|1837, 338575|1909, 338575|2609, 338579|2738, 338582|2851, 338587|2945, 338588|2995, 338589|3057, 338589|3356, 338592|3457, 338592|3557, 338594|3639, 338596|3717, 338599|3810, 338605|3887, 338608|4005, com.android.chrome, 
338621|1, 338621|1888, 338623|2008, 338633|2158, 338643|2283, 338643|3042, 338644|3147, 338649|3233, 338650|3285, 338651|3359, 338655|3429, 338656|3493, 338661|3598, 338661|3844, 338664|3925, 338666|3988, 338666|4067, com.android.chrome, 
338699|1, 338699|2143, 338701|2258, 338701|2371, 338705|2499, 338705|2559, 338716|2668, 338721|2784, 338723|2868, 338725|2939, 338726|3023, 338729|3115, 338733|3205, 338733|3273, 338735|3326, 338739|3411, 338741|3494, 338750|3578, 338750|3765, 338752|3843, 338757|3961, 338760|4045, com.ebay.mobile, 
338829|1, 338829|1556, 338831|1667, 338831|4049, com.whatsapp, 
338831|1, 338831|1288, 338833|1376, 338833|1477, 338834|1545, 338835|1616, 338846|1722, 338847|1799, 338853|1884, 338860|2027, 338862|2159, 338867|2232, 338871|2317, 338875|2444, 338876|2535, 338878|2603, 338880|2692, 338885|2811, 338890|2912, 338894|3011, 338896|3081, 338902|3179, 338907|3254, 338908|3324, 338920|3403, 338920|3515, 338926|3593, 338934|3707, 338935|3782, 338936|3855, 338936|4033, com.cnn.mobile.android.phone, 
338996|1, 338996|4046, com.google.android.apps.photos, 
338996|1, 338996|1851, 338998|1907, 338998|4032, com.skype.raider, 
339005|1, 339005|4032, at.DiTronic.androidgroup.randomgallery, 
339058|1, 339058|1828, 339060|1924, 339060|2392, 339061|2447, 339063|2565, 339065|2661, 339075|2732, 339080|2829, 339081|2926, 339086|3054, 339086|3188, 339088|3277, 339088|3869, 339094|3943, 339096|4018, com.paypal.android.p2pmobile, 
339184|1, 339184|3819, 339185|3890, 339185|4002, com.tripadvisor.tripadvisor, 
339198|1, 339198|2089, 339202|2195, 339210|2276, 339213|2362, 339213|2656, 339219|2763, 339222|2817, 339228|2878, 339228|3148, 339232|3214, 339244|3291, 339246|3355, 339246|3417, 339253|3467, 339307|3540, 339307|4021, com.csst.ecdict, 
339310|1, 339310|2351, 339311|2446, 339311|2538, 339317|2667, 339322|2785, 339323|2885, 339325|2939, 339325|3020, 339328|3122, 339334|3218, 339334|3485, 339341|3618, 339342|3722, 339347|3789, 339348|3838, 339351|3908, 339360|3993, 339363|4060, com.ebay.mobile, 
339407|1, 339407|804, 339409|872, 339409|1588, 339410|1680, 339410|4017, com.whatsapp, 
339411|1, 339411|4031, com.facebook.katana, 
339411|1, 339411|2003, 339414|2107, 339414|2222, 339420|2306, 339420|2534, 339421|2633, 339421|3837, 339422|3925, 339422|4050, com.dropbox.android, 
339428|1, 339428|1256, 339430|1319, 339430|1759, 339432|1854, 339432|2101, 339433|2206, 339433|2334, 339434|2479, 339434|2687, 339438|2766, 339438|3329, 339441|3566, 339441|3614, 339444|3664, 339444|4034, com.ted.android, 
339459|1, 339459|1518, 339461|1607, 339465|1720, 339475|1811, 339490|1930, 339500|2079, 339513|2205, 339519|2319, 339526|2476, 339528|2614, 339529|2681, 339530|2729, 339533|2830, 339538|2957, 339539|3048, 339540|3101, 339543|3185, 339543|3267, 339553|3343, 339553|3516, 339557|3611, 339558|3691, 339566|3774, 339570|3839, 339572|3911, 339577|4019, com.cnn.mobile.android.phone, 
339658|1, 339658|1888, 339659|2015, 339659|2324, 339666|2504, 339671|4024, com.dropbox.android, 
339675|1, 339675|3231, 339676|3393, 339676|3561, 339680|3741, 339680|4054, com.tripadvisor.tripadvisor, 
339688|1, 339688|1624, 339692|1743, 339694|1838, 339702|1959, 339709|2075, 339711|2177, 339729|2331, 339750|2481, 339775|2740, 339775|3086, 339777|3258, 339779|3472, 339779|4176, com.Slack, 
339784|1, 339784|1524, 339794|1760, 339800|1831, 339803|1878, 339805|1941, 339805|2000, 339810|2101, 339810|2813, 339814|2897, 339817|2975, 339818|3042, 339821|3098, 339822|3143, 339822|3206, 339823|3275, 339823|3549, 339827|3665, 339827|3855, 339829|3947, 339831|4042, com.android.chrome, 
339859|1, 339859|1904, 339860|2022, 339860|2141, 339866|2256, 339866|2891, 339871|2950, 339871|3043, 339873|3114, 339883|3207, 339884|3273, 339884|3769, 339885|3860, 339898|4257, com.paypal.android.p2pmobile, 
339954|1, 339954|2186, 339955|2287, 339955|3490, 339962|3555, 339962|3792, 339964|3872, 339964|4038, com.ted.android, 
339978|1, 339978|4053, at.DiTronic.androidgroup.randomgallery, 
339991|1, 339991|2506, 339992|2625, 339992|2739, 339993|2791, 339998|2884, 339998|2958, 340004|3042, 340004|3166, 340008|3277, 340008|3354, 340010|3450, 340010|3508, 340011|3603, 340014|3690, 340020|3794, 340020|3868, 340021|3923, 340022|4005, com.ebay.mobile, 
340114|1, 340114|677, 340115|743, 340115|1499, 340116|1620, 340116|1678, 340118|1748, 340118|4031, com.whatsapp, 
340118|1, 340118|1892, 340120|1996, 340120|4002, com.skype.raider, 
340127|1, 340127|4101, com.tripadvisor.tripadvisor, 
340140|1, 340140|2237, 340145|2336, 340150|2413, 340153|2498, 340153|2770, 340154|2845, 340160|2917, 340164|2984, 340164|3208, 340174|3286, 340182|3356, 340182|3492, 340250|3578, 340250|4047, com.csst.ecdict, 
340253|1, 340253|4070, com.skype.raider, 
340258|1, 340258|2163, 340260|2261, 340262|2350, 340264|2433, 340265|2517, 340274|2631, 340279|2721, 340281|2795, 340289|2866, 340289|2936, 340290|3038, 340297|3181, 340297|3332, 340301|3462, 340303|3722, 340303|4014, com.ebay.mobile, 
340369|1, 340369|2140, 340376|2240, 340381|2322, 340384|2415, 340384|2644, 340385|2719, 340391|2807, 340394|2880, 340398|2940, 340398|3177, 340405|3238, 340415|3288, 340416|3339, 340416|3401, 340421|3461, 340480|3550, 340480|4048, com.csst.ecdict, 
340483|1, 340483|1632, 340484|1711, 340484|2073, 340485|2170, 340485|2320, 340489|2369, 340489|3603, 340492|3664, 340495|4263, com.ted.android, 
340505|1, 340505|77, 340506|148, 340507|195, 340507|4052, com.instagram.android, 
340509|1, 340509|1705, 340511|1778, 340511|4005, com.whatsapp, 
340511|1, 340511|1440, 340513|1541, 340515|1659, 340523|1785, 340529|1868, 340537|1968, 340540|2049, 340544|2147, 340544|2231, 340546|2303, 340546|2417, 340547|2524, 340547|3338, 340551|3847, 340551|4204, com.Slack, 
340552|1, 340552|3445, 340555|3525, 340555|4030, com.facebook.katana, 
340562|1, 340562|1743, 340564|1924, 340565|2104, 340572|2211, 340581|2310, 340581|2390, 340586|2503, 340586|3415, 340592|3523, 340594|3620, 340597|3715, 340598|3771, 340599|3831, 340599|4027, com.android.chrome, 
340624|1, 340624|1484, 340625|1579, 340629|1677, 340632|1762, 340634|1851, 340639|1941, 340643|2021, 340647|2101, 340656|2174, 340667|2224, 340670|2286, 340675|2356, 340677|2513, 340679|2630, 340683|2792, 340690|3352, 340692|3731, 340693|4025, com.Slack, 
340694|1, 340694|935, 340695|1039, 340695|1579, 340696|1683, 340703|1899, 340704|1994, 340705|2076, 340705|4009, com.Slack, 
340714|1, 340714|1202, 340720|1324, 340735|1456, 340744|1564, 340744|1619, 340746|1700, 340769|1810, 340776|1901, 340789|1990, 340801|2120, 340805|2241, 340818|2328, 340824|2437, 340825|2587, 340825|2773, 340826|2842, 340830|2907, 340830|2995, 340832|3074, 340833|3143, 340835|3200, 340835|3581, 340837|3661, 340837|3728, 340839|3770, 340839|4030, com.antutu.ABenchMark, 
340949|1, 340949|2272, 340950|2342, 340950|4038, com.skype.raider, 
340958|1, 340958|4035, com.google.android.apps.photos, 
340958|1, 340958|2999, 340959|3131, 340959|3254, 340963|3400, 340963|3467, 340964|3548, 340964|3848, 340965|3943, 340965|4023, com.tripadvisor.tripadvisor, 
340971|1, 340971|1620, 340973|1816, 340984|2074, 340987|2165, 340990|2219, 340990|2294, 340994|2406, 340994|3327, 340998|3418, 341000|3490, 341002|3583, 341006|3677, 341007|3759, 341007|4068, com.android.chrome, 
341032|1, 341032|2257, 341034|2345, 341034|2980, 341035|3090, 341036|3188, 341036|3714, 341039|3786, 341039|3880, 341042|3970, 341042|4064, com.sometimeswefly.littlealchemy, 
341055|1, 341055|2746, 341056|2931, 341056|3162, 341062|3343, 341063|3488, 341065|3594, 341069|3703, 341074|3889, 341074|4026, com.ebay.mobile, 
341169|1, 341169|2750, 341170|2941, 341171|3130, 341176|3241, 341180|3289, 341180|3527, 341183|3588, 341183|3653, 341184|3772, 341187|3913, 341188|3997, 341188|4059, com.ebay.mobile, 
341265|1, 341265|3403, 341266|3525, 341266|3598, 341273|3745, 341277|3871, 341282|4007, com.ebay.mobile, 
341373|1, 341373|2249, 341376|2434, 341391|2613, 341394|2754, 341399|2840, 341399|3671, 341401|3816, 341406|3915, 341407|4004, com.android.chrome, 
341443|1, 341443|1401, 341445|1533, 341445|2663, 341449|2749, 341449|4021, com.sometimeswefly.littlealchemy, 
341464|1, 341464|2391, 341466|2470, 341466|4063, com.skype.raider, 
341474|1, 341474|3844, 341476|3946, 341476|4038, com.instagram.android, 
341476|1, 341476|1633, 341477|1736, 341477|2280, 341478|2380, 341478|2575, 341479|2710, 341480|2910, 341480|3128, 341481|3275, 341481|4051, com.ted.android, 
341502|1, 341502|3821, 341503|3928, 341503|4070, com.sometimeswefly.littlealchemy, 
341514|1, 341514|2457, 341516|2552, 341516|4028, com.whatsapp, 
341518|1, 341518|4053, com.google.android.apps.photos, 
341518|1, 341518|4058, com.google.android.apps.photos, 
341518|1, 341518|4032, com.google.android.apps.photos, 
341518|1, 341518|1964, 341519|2036, 341519|4122, com.instagram.android, 
341519|1, 341519|4055, com.google.android.apps.photos, 
341519|1, 341519|4012, com.instagram.android, 
341519|1, 341519|4017, com.instagram.android, 
341519|1, 341519|4031, com.whatsapp, 
