330186|1, 330186|1193, 330205|1621, 330210|1929, 330210|2274, 330221|2545, 330223|2847, 330233|3200, 330245|3509, 330246|3791, 330246|4096, com.android.chrome, 
330247|1, 330247|1245, 330249|1535, 330262|1892, 330273|2180, 330286|2434, 330307|2746, 330373|3030, 330373|4164, com.csst.ecdict, 
330379|1, 330379|1641, 330385|1743, 330389|1802, 330392|1907, 330392|1956, 330393|2014, 330395|2076, 330398|2119, 330401|2172, 330402|2218, 330407|2268, 330407|2360, 330411|2411, 330414|2457, 330423|2502, 330425|2548, 330425|2634, 330475|2705, 330496|2770, 330496|4010, com.csst.ecdict, 
330499|1, 330499|4049, com.facebook.katana, 
330499|1, 330499|4036, com.facebook.katana, 
330499|1, 330499|4020, com.google.android.deskclock, 
330499|1, 330499|1159, 330503|1218, 330512|1308, 330513|1367, 330521|1455, 330525|1539, 330529|1622, 330544|1694, 330554|1758, 330563|1843, 330586|1966, 330588|2076, 330593|2137, 330609|2218, 330609|2605, 330614|2672, 330614|2889, 330617|2969, 330619|3021, 330619|3245, 330621|3309, 330623|3358, 330623|4032, com.antutu.ABenchMark, 
330721|1, 330721|1848, 330725|1900, 330726|1959, 330726|2829, 330727|2881, 330727|4030, com.instagram.android, 
330727|1, 330727|1794, 330729|1861, 330740|1972, 330740|2093, 330741|2142, 330743|2202, 330745|2243, 330749|2290, 330750|2338, 330754|2386, 330754|2514, 330758|2561, 330770|2654, 330772|2707, 330772|2755, 330778|2792, 330829|2860, 330829|4020, com.csst.ecdict, 
330832|1, 330832|1138, 330834|1186, 330834|1317, 330837|1429, 330837|1480, 330844|1600, 330846|1695, 330850|1788, 330850|1839, 330857|1932, 330858|1992, 330860|2061, 330860|2146, 330863|2298, 330870|2388, 330873|2532, 330873|2651, 330874|2732, 330879|2805, 330882|2874, 330906|3182, 330908|3237, 330908|3291, 330911|3338, 330917|3425, 330919|3460, 330920|3510, 330921|3552, 330922|3607, 330925|3658, 330930|3938, 330931|4052, com.booking, 
330984|1, 330984|4006, com.facebook.katana, 
330984|1, 330984|1834, 330986|1917, 330994|2022, 330997|2138, 330997|2186, 330998|2231, 331000|2317, 331001|2355, 331005|2420, 331006|2460, 331011|2505, 331011|2634, 331015|2688, 331022|2735, 331029|2787, 331029|2914, 331084|2959, 331084|4009, com.csst.ecdict, 
331087|1, 331087|1378, 331089|1486, 331089|1989, 331090|2060, 331090|2534, 331099|2603, 331101|2689, 331103|2737, 331103|2782, 331106|2836, 331107|2887, 331107|2943, 331122|3000, 331122|3087, 331123|3125, 331123|3648, 331129|3696, 331129|3733, 331130|3781, 331132|3817, 331132|3908, 331157|3964, 331159|4032, com.paypal.android.p2pmobile, 
331202|1, 331202|4017, at.DiTronic.androidgroup.randomgallery, 
331240|1, 331240|1122, 331242|1202, 331242|1432, 331244|1501, 331244|1688, 331246|1758, 331246|2645, 331247|2689, 331247|3593, 331253|3656, 331253|3825, 331254|3867, 331254|3913, 331256|3970, 331256|4020, com.dropbox.android, 
331259|1, 331259|4021, at.DiTronic.androidgroup.randomgallery, 
331292|1, 331292|1172, 331296|1253, 331298|1336, 331303|1406, 331303|4018, com.github.shadowsocks, 
331304|1, 331304|4021, com.google.android.apps.photos, 
331304|1, 331304|1144, 331308|1196, 331318|1285, 331318|1359, 331327|1439, 331328|1484, 331337|1587, 331349|1682, 331366|1770, 331391|1854, 331397|1894, 331397|2553, 331405|2956, 331405|4095, com.Slack, 
331406|1, 331406|1614, 331408|1740, 331411|1798, 331421|1870, 331421|1936, 331424|2000, 331427|2098, 331430|2164, 331435|2247, 331435|2381, 331444|2523, 331446|2650, 331455|2740, 331465|3151, 331476|3292, 331487|3359, 331489|3414, 331492|3460, 331493|3500, 331495|3559, 331498|3600, 331499|3653, 331508|3927, 331512|4027, com.booking, 
331557|1, 331557|1725, 331558|1792, 331559|1851, 331559|2799, 331560|2906, 331560|3801, 331565|3838, 331565|4041, com.tripadvisor.tripadvisor, 
331586|1, 331586|4033, com.google.android.deskclock, 
331587|1, 331587|2192, 331588|2243, 331588|2353, 331590|2456, 331604|2529, 331604|2623, 331605|2711, 331606|2778, 331609|2850, 331609|2901, 331610|2968, 331610|3126, 331611|3178, 331612|3240, 331614|3295, 331614|3371, 331615|3420, 331616|3459, 331617|3518, 331617|3652, 331622|3952, 331623|4002, com.paypal.android.p2pmobile, 
331660|1, 331660|2574, 331663|2627, 331666|2667, 331666|3206, 331667|3246, 331667|4053, com.google.android.apps.photos, 
331669|1, 331669|4006, com.instagram.android, 
331670|1, 331670|1681, 331674|1766, 331678|1815, 331683|1873, 331686|1923, 331686|2201, 331689|2248, 331693|2314, 331697|2364, 331697|2533, 331698|2600, 331701|2644, 331713|2701, 331715|2756, 331715|2824, 331779|2892, 331779|3759, 331781|3810, 331781|4011, com.csst.ecdict, 
331803|1, 331803|1605, 331805|1678, 331805|1960, 331806|2049, 331806|2132, 331807|2217, 331807|2373, 331811|2459, 331811|2718, 331813|2751, 331813|2934, 331816|2980, 331816|3204, 331817|3260, 331817|3400, 331820|3525, 331820|3712, 331821|3763, 331821|3840, 331822|3896, 331822|4026, com.ted.android, 
331827|1, 331827|4031, com.google.android.deskclock, 
331827|1, 331827|1756, 331829|1820, 331829|2499, 331830|2563, 331830|4001, com.sometimeswefly.littlealchemy, 
331842|1, 331842|1998, 331843|2111, 331843|2287, 331844|2392, 331844|3285, 331845|3339, 331845|4131, com.ted.android, 
331861|1, 331861|1804, 331863|1900, 331869|1964, 331874|2037, 331874|2290, 331875|2336, 331881|2419, 331885|2473, 331885|2727, 331889|2786, 331901|2843, 331903|2900, 331903|3039, 331974|3145, 331974|4036, com.csst.ecdict, 
331977|1, 331977|2026, 331978|2100, 331978|4010, com.sometimeswefly.littlealchemy, 
331978|1, 331978|1419, 331979|1535, 331979|2010, 331980|2124, 331980|2203, 331984|2326, 331984|3476, 331986|3534, 331986|3685, 331990|3762, 331990|4044, com.ted.android, 
332001|1, 332001|4062, com.facebook.katana, 
332001|1, 332001|2315, 332002|2425, 332003|2482, 332014|2597, 332014|2655, 332015|2730, 332021|2862, 332021|3261, 332022|3328, 332022|3385, 332023|3458, 332023|3521, 332024|3563, 332029|3638, 332029|3743, 332035|3797, 332035|3862, 332037|3919, 332038|4046, com.paypal.android.p2pmobile, 
332084|1, 332084|2285, 332088|2358, 332093|2440, 332095|2501, 332095|2588, 332097|2675, 332097|4035, com.github.shadowsocks, 
332098|1, 332098|1991, 332100|2064, 332100|4015, com.skype.raider, 
332108|1, 332108|1335, 332110|1422, 332114|1513, 332120|1587, 332127|1732, 332136|1861, 332161|2000, 332184|2158, 332192|2284, 332195|2441, 332207|2552, 332208|2642, 332208|3127, 332213|3256, 332213|3557, 332216|3638, 332218|3713, 332218|4006, com.antutu.ABenchMark, 
332311|1, 332311|1641, 332326|1878, 332336|2067, 332339|2297, 332361|2443, 332379|2567, 332382|2782, 332386|2930, 332389|3089, 332402|3299, 332402|3653, 332403|3796, 332408|3992, 332410|4097, com.antutu.ABenchMark, 
332536|1, 332536|4012, com.google.android.apps.photos, 
332536|1, 332536|1666, 332538|1770, 332538|2456, 332540|2691, 332540|2870, 332541|2972, 332541|3228, 332542|3299, 332542|3387, 332543|3505, 332543|3877, 332545|3963, 332546|4073, com.cnn.mobile.android.phone, 
332723|1, 332723|4005, com.skype.raider, 
332730|1, 332730|4037, com.github.shadowsocks, 
332730|1, 332730|1985, 332732|2069, 332732|2321, 332735|2431, 332735|2548, 332742|2621, 332742|2724, 332744|2858, 332744|3488, 332745|3572, 332745|4014, com.dropbox.android, 
332752|1, 332752|1409, 332754|1536, 332754|4030, at.DiTronic.androidgroup.randomgallery, 
332779|1, 332779|666, 332780|701, 332780|3642, 332782|3721, 332782|4030, com.tripadvisor.tripadvisor, 
332795|1, 332795|4030, com.sometimeswefly.littlealchemy, 
332806|1, 332806|1131, 332808|1200, 332817|1272, 332827|1360, 332831|1480, 332831|1533, 332854|1651, 332858|1730, 332865|1801, 332885|1955, 332886|2071, 332889|2142, 332900|2258, 332902|2341, 332902|2641, 332908|2806, 332908|2888, 332910|2973, 332913|3049, 332913|3430, 332915|3484, 332917|3545, 332917|4048, com.antutu.ABenchMark, 
333037|1, 333037|4040, com.github.shadowsocks, 
333037|1, 333037|1068, 333039|1201, 333052|1281, 333057|1392, 333061|1487, 333061|1629, 333062|1715, 333065|1778, 333084|1915, 333085|2062, 333085|2125, 333102|2243, 333119|2336, 333121|2416, 333137|2580, 333148|2693, 333154|2792, 333156|2901, 333156|2976, 333157|3040, 333161|3137, 333161|3191, 333163|3266, 333164|3336, 333166|3406, 333166|3583, 333168|3631, 333168|4040, com.antutu.ABenchMark, 
333281|1, 333281|4023, com.github.shadowsocks, 
333281|1, 333281|2335, 333283|2451, 333292|2598, 333296|2755, 333299|2875, 333305|3043, 333307|3204, 333313|3334, 333314|3511, 333323|3728, 333330|3943, 333335|4252, com.booking, 
333414|1, 333414|1650, 333416|1788, 333416|1943, 333435|2405, 333435|2485, 333440|2596, 333444|4122, com.android.chrome, 
333498|1, 333498|2032, 333499|2150, 333499|2220, 333502|2395, 333511|2623, 333517|2717, 333522|2917, 333530|3092, 333533|3224, 333541|3399, 333559|3667, 333565|3794, 333572|3973, 333579|4144, com.cnn.mobile.android.phone, 
333677|1, 333677|1759, 333678|1885, 333678|2144, 333680|2313, 333684|2472, 333684|2666, 333687|2879, 333693|3056, 333696|3221, 333702|3405, 333705|3567, 333706|3752, 333714|3997, 333721|4218, com.booking, 
333804|1, 333804|2770, 333805|2971, 333810|3098, 333810|3190, 333813|3376, 333814|3592, 333814|3709, 333815|3810, 333815|4008, com.dropbox.android, 
333817|1, 333817|2202, 333819|2382, 333831|2569, 333837|2683, 333840|2804, 333853|2999, 333855|3142, 333856|3270, 333857|3541, 333860|4065, com.Slack, 
333865|1, 333865|2780, 333867|2888, 333868|3006, 333870|3090, 333873|3232, 333882|3357, 333883|3484, 333897|3643, 333905|4025, com.ebay.mobile, 
333985|1, 333985|1009, 333987|1095, 333987|1925, 333988|2008, 333988|2096, 333992|2202, 334004|2362, 334022|2583, 334030|2823, 334034|3032, 334036|3175, 334037|3326, 334040|3458, 334043|3565, 334055|3733, 334061|3898, 334062|3964, 334074|4070, com.cnn.mobile.android.phone, 
334163|1, 334164|445, 334164|2284, 334166|2360, 334166|4014, com.skype.raider, 
334172|1, 334172|263, 334174|329, 334174|2494, 334175|2564, 334175|2980, 334184|3110, 334185|3210, 334190|3349, 334191|3482, 334192|3550, 334196|3703, 334198|4010, com.paypal.android.p2pmobile, 
334281|1, 334281|1626, 334283|1720, 334302|1891, 334311|2069, 334311|2205, 334330|2368, 334342|2500, 334359|2722, 334364|2886, 334368|3012, 334379|3113, 334379|3570, 334381|3788, 334385|3928, 334387|4051, com.antutu.ABenchMark, 
334502|1, 334502|3054, 334508|3251, 334508|3323, 334515|3450, 334516|3611, 334517|3685, 334517|4051, com.ebay.mobile, 
334612|1, 334613|91, 334613|1681, 334614|1880, 334614|2270, 334622|2420, 334624|2589, 334624|2775, 334629|2930, 334635|3064, 334637|3203, 334643|3352, 334644|3479, 334645|3622, 334646|3794, 334658|4000, 334659|4194, com.booking, 
334749|1, 334749|4085, com.instagram.android, 
334753|1, 334753|2119, 334760|2222, 334762|2351, 334771|2531, 334782|2752, 334784|2894, 334788|3063, 334793|3274, 334796|3449, 334803|3583, 334805|3770, 334809|3892, 334814|4011, com.cnn.mobile.android.phone, 
334934|1, 334934|759, 334936|1157, 334936|1788, 334938|1941, 334942|2067, 334943|2270, 334951|2473, 334954|2699, 334959|2839, 334963|3041, 334963|3165, 334966|3432, 334975|3660, 334977|3870, 334979|3989, 334984|4151, com.booking, 
335050|1, 335050|4039, com.skype.raider, 
335057|1, 335057|2644, 335058|2782, 335058|4002, com.instagram.android, 
335058|1, 335058|2121, 335068|2278, 335074|2364, 335075|2457, 335082|2607, 335090|2786, 335101|2903, 335128|3044, 335130|3200, 335130|3390, 335132|3493, 335132|4008, com.Slack, 
335133|1, 335133|2450, 335134|2606, 335135|2725, 335136|2839, 335141|2953, 335146|3049, 335147|3131, 335149|3262, 335150|3381, 335153|3473, 335153|3625, 335158|3929, 335159|4078, com.ebay.mobile, 
335233|1, 335233|2686, 335241|2852, 335251|2999, 335254|3100, 335263|3312, 335269|3523, 335270|3651, 335282|4000, 335287|4131, com.booking, 
335373|1, 335373|4043, at.DiTronic.androidgroup.randomgallery, 
335400|1, 335400|4016, at.DiTronic.androidgroup.randomgallery, 
335438|1, 335438|4024, com.google.android.deskclock, 
335438|1, 335438|1670, 335440|1767, 335440|1897, 335441|1987, 335441|2195, 335442|2323, 335442|2473, 335446|2561, 335446|2874, 335448|2931, 335448|3871, 335452|3936, 335452|4002, com.ted.android, 
335483|1, 335484|65, 335484|1779, 335487|1876, 335487|1969, 335493|2021, 335495|2138, 335495|2981, 335496|3068, 335497|3173, 335497|3353, 335499|3429, 335499|4039, com.dropbox.android, 
335503|1, 335503|4062, at.DiTronic.androidgroup.randomgallery, 
335546|1, 335546|2158, 335548|2231, 335548|3007, 335549|3098, 335549|3184, 335550|3292, 335550|4062, com.sometimeswefly.littlealchemy, 
335561|1, 335561|4014, com.tripadvisor.tripadvisor, 
335575|1, 335575|4034, com.github.shadowsocks, 
335575|1, 335575|4003, com.google.android.apps.photos, 
335577|1, 335577|2082, 335578|2198, 335578|4025, com.sometimeswefly.littlealchemy, 
335590|1, 335590|4054, com.google.android.deskclock, 
335590|1, 335590|1424, 335592|1494, 335592|1557, 335594|1638, 335594|4010, com.whatsapp, 
335594|1, 335594|4006, com.sometimeswefly.littlealchemy, 
335605|1, 335605|2906, 335606|2978, 335606|3134, 335610|3232, 335610|3388, 335611|3445, 335613|4035, com.tripadvisor.tripadvisor, 
335637|1, 335637|1655, 335638|1721, 335640|1817, 335640|1888, 335650|1958, 335650|2864, 335651|2949, 335651|4033, com.dropbox.android, 
335656|1, 335656|4036, com.github.shadowsocks, 
335656|1, 335656|1465, 335658|1638, 335666|1738, 335672|1822, 335675|1871, 335675|2723, 335679|2810, 335688|2884, 335688|2933, 335692|3005, 335693|3067, 335694|3120, 335694|3362, 335698|3418, 335698|3749, 335699|3824, 335703|3924, 335704|3969, 335714|4026, com.android.chrome, 
335726|1, 335726|1504, 335728|1641, 335728|2070, 335733|2170, 335733|2220, 335735|2282, 335742|2376, 335752|2478, 335753|2546, 335753|2646, 335760|2749, 335761|2819, 335761|3296, 335762|3359, 335762|3472, 335769|3515, 335769|3564, 335772|3622, 335772|3692, 335773|3736, 335799|3790, 335803|3855, 335812|3914, 335815|4054, com.paypal.android.p2pmobile, 
335834|1, 335834|2363, 335836|2518, 335844|2645, 335844|2769, 335845|2926, 335854|3075, 335854|3175, 335860|3280, 335860|4015, com.paypal.android.p2pmobile, 
335940|1, 335940|2433, 335945|2618, 335952|2774, 335956|2894, 335961|3067, 335964|3268, 335964|3593, 335967|3771, 335977|3991, 335978|4135, com.booking, 
336074|1, 336074|2459, 336075|2616, 336075|2804, 336076|2972, 336077|3180, 336081|3410, 336083|4039, com.ted.android, 
336099|1, 336100|103, 336100|765, 336101|869, 336101|2216, 336103|2320, 336103|4035, com.whatsapp, 
336103|1, 336103|2104, 336115|2306, 336129|2497, 336132|2669, 336132|2800, 336149|2974, 336162|3242, 336174|3413, 336187|3668, 336194|3871, 336212|4094, com.antutu.ABenchMark, 
336322|1, 336322|788, 336325|988, 336325|2869, 336327|3111, 336327|4024, com.skype.raider, 
336332|1, 336335|119, 336335|957, 336336|1078, 336336|2548, 336339|2700, 336346|2903, 336349|3070, 336352|3215, 336356|3370, 336364|3550, 336366|3759, 336366|4081, com.booking, 
336463|1, 336463|2059, 336464|2174, 336467|2282, 336477|2417, 336488|2593, 336508|2780, 336518|2937, 336527|3111, 336538|3382, 336542|3600, 336545|3733, 336551|4142, com.cnn.mobile.android.phone, 
336677|1, 336677|2661, 336678|2850, 336678|3423, 336680|3595, 336680|4125, com.paypal.android.p2pmobile, 
336704|1, 336704|2675, 336712|2931, 336724|3121, 336727|3242, 336732|3386, 336732|4091, com.android.chrome, 
336782|1, 336782|2019, 336784|2195, 336784|2457, 336787|2573, 336793|2745, 336796|2929, 336800|3059, 336804|3181, 336813|3384, 336813|3564, 336816|3682, 336820|3849, 336821|4026, com.booking, 
336921|1, 336921|2606, 336924|2720, 336924|4081, com.github.shadowsocks, 
336924|1, 336924|2300, 336925|2430, 336925|4006, com.whatsapp, 
336925|1, 336925|1397, 336927|1497, 336940|1600, 336949|1719, 336949|1814, 336959|1936, 336972|2034, 336980|2134, 337003|2278, 337003|2389, 337005|2538, 337017|2628, 337018|2811, 337018|3296, 337023|3376, 337023|3454, 337026|3532, 337027|3618, 337029|3732, 337031|4041, com.antutu.ABenchMark, 
337124|1, 337124|1485, 337126|1604, 337146|1812, 337152|1983, 337157|2081, 337161|2196, 337168|2330, 337169|2399, 337173|2516, 337177|2639, 337178|2722, 337188|2815, 337194|2893, 337195|2974, 337199|3063, 337201|3128, 337203|3184, 337220|3245, 337222|3313, 337228|3384, 337233|3440, 337233|3574, 337237|3646, 337239|3721, 337245|3771, 337247|4041, com.cnn.mobile.android.phone, 
337295|1, 337295|1905, 337298|2021, 337298|2115, 337305|2193, 337305|2761, 337306|2838, 337306|2999, 337309|3080, 337309|3813, 337311|3859, 337313|3917, 337313|4090, com.dropbox.android, 
337315|1, 337315|1994, 337317|2061, 337317|2742, 337318|2832, 337318|2921, 337319|3007, 337319|4035, com.sometimeswefly.littlealchemy, 
337330|1, 337330|4041, com.facebook.katana, 
337330|1, 337330|2035, 337337|2197, 337341|2273, 337344|2352, 337344|2662, 337346|2710, 337354|2783, 337359|2846, 337359|3068, 337363|3147, 337376|3212, 337377|3250, 337377|3359, 337410|3432, 337434|3496, 337434|4003, com.csst.ecdict, 
337437|1, 337437|4069, com.google.android.deskclock, 
337437|1, 337437|1840, 337438|1959, 337438|2102, 337445|2205, 337445|2372, 337446|2485, 337446|2622, 337447|2695, 337447|4008, com.dropbox.android, 
337449|1, 337449|4020, at.DiTronic.androidgroup.randomgallery, 
337501|1, 337501|4045, com.github.shadowsocks, 
337501|1, 337501|4068, com.google.android.deskclock, 
337508|1, 337508|1657, 337509|1758, 337510|1896, 337511|1996, 337511|2135, 337512|2280, 337512|2884, 337516|2981, 337516|4017, com.ted.android, 
337531|1, 337531|1736, 337533|1840, 337533|4059, com.instagram.android, 
337533|1, 337533|1443, 337537|1524, 337547|1676, 337553|1774, 337554|1850, 337562|1973, 337596|2144, 337646|2334, 337646|2380, 337647|2494, 337649|2696, 337653|4070, com.Slack, 
337655|1, 337655|2762, 337657|2834, 337657|4044, com.facebook.katana, 
337663|1, 337663|1373, 337665|1448, 337675|1551, 337677|1706, 337682|1800, 337683|1895, 337706|1995, 337716|2102, 337734|2286, 337735|2400, 337755|2528, 337760|2666, 337760|3148, 337765|3248, 337765|3403, 337767|3492, 337768|3580, 337769|3677, 337769|4061, com.antutu.ABenchMark, 
337867|1, 337867|1408, 337869|1593, 337870|1758, 337884|1983, 337906|2266, 337912|2400, 337913|2521, 337918|2759, 337921|3009, 337925|3128, 337931|3227, 337942|3407, 337944|3535, 337951|3640, 337952|3759, 337965|3863, 337975|3981, 337979|4047, com.cnn.mobile.android.phone, 
338052|1, 338052|4075, at.DiTronic.androidgroup.randomgallery, 
338083|1, 338083|2010, 338085|2179, 338093|2285, 338100|2424, 338108|2592, 338113|2723, 338114|2794, 338115|2875, 338116|3007, 338116|4065, com.Slack, 
338121|1, 338121|4055, com.google.android.deskclock, 
338121|1, 338121|4062, com.github.shadowsocks, 
338121|1, 338121|4053, com.facebook.katana, 
338121|1, 338121|1529, 338123|1637, 338123|1731, 338125|1849, 338125|4013, com.whatsapp, 
338125|1, 338125|1745, 338127|1828, 338127|2237, 338130|2302, 338131|2420, 338131|2498, 338136|2585, 338136|2657, 338137|2779, 338137|2963, 338139|3027, 338139|3093, 338140|3167, 338140|3247, 338142|3298, 338142|3365, 338143|3421, 338143|3482, 338144|3532, 338144|3569, 338147|3620, 338147|3741, 338148|3805, 338151|4014, com.paypal.android.p2pmobile, 
338203|1, 338203|1404, 338213|1508, 338213|1578, 338220|1650, 338228|1789, 338244|1916, 338255|1967, 338269|2051, 338280|2131, 338280|2208, 338281|2266, 338282|2317, 338282|3461, 338283|3527, 338283|4026, com.Slack, 
338289|1, 338289|4104, com.facebook.katana, 
338289|1, 338289|4011, com.google.android.deskclock, 
338289|1, 338289|4003, com.google.android.deskclock, 
338289|1, 338289|3394, 338290|3458, 338290|4021, com.tripadvisor.tripadvisor, 
338303|1, 338303|2896, 338304|2974, 338304|3075, 338308|3163, 338308|3244, 338310|3338, 338311|3425, 338311|3819, 338313|3916, 338313|4008, com.tripadvisor.tripadvisor, 
338318|1, 338318|1803, 338321|1889, 338321|2017, 338330|2179, 338330|2924, 338331|3003, 338331|3090, 338332|3214, 338332|3702, 338334|3781, 338334|4026, com.dropbox.android, 
338336|1, 338336|1235, 338338|1293, 338338|1348, 338339|1420, 338339|1509, 338348|1597, 338351|1690, 338365|1826, 338371|1938, 338378|2043, 338381|2125, 338392|2234, 338393|2347, 338395|2419, 338396|2485, 338403|2579, 338406|2681, 338407|2741, 338408|2790, 338411|2877, 338411|2960, 338412|3051, 338413|3092, 338414|3154, 338416|3229, 338416|3290, 338417|3346, 338421|3411, 338421|3473, 338431|3541, 338432|3610, 338432|3666, 338436|3716, 338439|3785, 338439|3856, 338451|3928, 338452|4034, com.cnn.mobile.android.phone, 
338523|1, 338525|289, 338525|1260, 338527|1481, 338539|1621, 338542|1668, 338545|1759, 338545|1822, 338550|1898, 338550|2598, 338554|2723, 338558|2836, 338562|2930, 338563|2980, 338564|3042, 338564|3341, 338567|3442, 338567|3544, 338569|3624, 338571|3705, 338575|3800, 338580|3872, 338580|3926, 338583|3990, 338584|4076, com.android.chrome, 
338596|1, 338596|1891, 338598|2008, 338608|2158, 338618|2284, 338618|3042, 338620|3147, 338624|3233, 338625|3285, 338626|3359, 338630|3429, 338631|3495, 338636|3599, 338636|3844, 338641|3926, 338641|4068, com.android.chrome, 
338674|1, 338674|2142, 338676|2257, 338676|2371, 338680|2498, 338680|2559, 338691|2671, 338696|2784, 338698|2867, 338700|2938, 338701|3022, 338704|3114, 338708|3205, 338708|3272, 338710|3325, 338714|3410, 338716|3493, 338725|3577, 338725|3767, 338727|3842, 338732|3960, 338735|4044, com.ebay.mobile, 
338804|1, 338804|1559, 338806|1666, 338806|4049, com.whatsapp, 
338806|1, 338806|1287, 338808|1379, 338808|1476, 338809|1544, 338810|1619, 338821|1721, 338822|1798, 338828|1883, 338835|2026, 338837|2159, 338842|2231, 338846|2316, 338850|2443, 338851|2534, 338853|2602, 338860|2705, 338860|2810, 338865|2914, 338869|3010, 338871|3080, 338877|3178, 338882|3253, 338883|3324, 338895|3402, 338895|3515, 338901|3597, 338909|3706, 338910|3781, 338911|3854, 338911|4033, com.cnn.mobile.android.phone, 
338971|1, 338971|4035, com.google.android.apps.photos, 
338971|1, 338971|1850, 338973|1906, 338973|4031, com.skype.raider, 
338980|1, 338980|4031, at.DiTronic.androidgroup.randomgallery, 
339033|1, 339033|1830, 339035|1923, 339035|2391, 339036|2447, 339038|2564, 339040|2660, 339050|2731, 339055|2828, 339056|2925, 339061|3056, 339061|3187, 339063|3277, 339063|3872, 339069|3943, 339071|4018, com.paypal.android.p2pmobile, 
339159|1, 339159|3823, 339160|3889, 339160|4001, com.tripadvisor.tripadvisor, 
339173|1, 339173|2088, 339177|2194, 339185|2275, 339188|2361, 339188|2655, 339194|2763, 339197|2816, 339203|2877, 339203|3147, 339207|3220, 339219|3290, 339221|3354, 339221|3422, 339235|3468, 339282|3539, 339282|4024, com.csst.ecdict, 
339285|1, 339285|2356, 339286|2445, 339286|2540, 339292|2667, 339297|2784, 339298|2884, 339300|2938, 339300|3023, 339303|3121, 339309|3220, 339309|3490, 339316|3617, 339317|3723, 339322|3789, 339323|3837, 339326|3913, 339336|3997, 339338|4059, com.ebay.mobile, 
339382|1, 339382|803, 339384|872, 339384|1587, 339385|1679, 339385|4016, com.whatsapp, 
339386|1, 339386|4030, com.facebook.katana, 
339386|1, 339386|2002, 339389|2107, 339389|2225, 339395|2306, 339395|2533, 339396|2633, 339396|3836, 339397|3925, 339397|4050, com.dropbox.android, 
339403|1, 339403|1255, 339405|1319, 339405|1762, 339407|1856, 339407|2100, 339408|2207, 339408|2335, 339409|2482, 339409|2686, 339413|2765, 339413|3332, 339416|3565, 339416|3613, 339419|3664, 339419|4033, com.ted.android, 
339434|1, 339434|1517, 339436|1607, 339441|1719, 339450|1812, 339465|1929, 339475|2079, 339488|2218, 339494|2318, 339501|2476, 339503|2613, 339504|2680, 339505|2729, 339508|2829, 339514|2959, 339514|3047, 339515|3100, 339518|3184, 339518|3266, 339528|3347, 339528|3516, 339532|3610, 339533|3690, 339541|3773, 339545|3839, 339547|3910, 339552|4018, com.cnn.mobile.android.phone, 
339633|1, 339633|1879, 339634|2017, 339634|2315, 339641|2496, 339646|4015, com.dropbox.android, 
339650|1, 339650|3231, 339651|3393, 339651|3560, 339655|3741, 339655|4054, com.tripadvisor.tripadvisor, 
339663|1, 339663|1624, 339667|1742, 339669|1837, 339677|1958, 339684|2073, 339686|2175, 339704|2329, 339725|2480, 339750|2741, 339750|3085, 339752|3256, 339754|3471, 339754|4177, com.Slack, 
339759|1, 339759|1523, 339769|1759, 339775|1830, 339778|1877, 339780|1940, 339780|1999, 339785|2100, 339785|2814, 339789|2896, 339792|2974, 339793|3041, 339796|3097, 339797|3143, 339797|3205, 339798|3274, 339798|3548, 339802|3664, 339802|3858, 339804|3947, 339806|4040, com.android.chrome, 
339834|1, 339834|1903, 339835|2021, 339835|2140, 339841|2256, 339841|2890, 339846|2950, 339846|3042, 339848|3113, 339858|3207, 339859|3273, 339859|3768, 339860|3859, 339873|4256, com.paypal.android.p2pmobile, 
339929|1, 339929|2175, 339930|2278, 339930|3480, 339937|3546, 339937|3782, 339939|3862, 339939|4028, com.ted.android, 
339953|1, 339953|4053, at.DiTronic.androidgroup.randomgallery, 
339966|1, 339966|2510, 339967|2625, 339967|2736, 339968|2788, 339973|2883, 339978|2959, 339979|3039, 339979|3094, 339980|3167, 339983|3275, 339983|3351, 339985|3447, 339985|3507, 339986|3600, 339989|3687, 339995|3791, 339995|3865, 339996|3921, 339997|4005, com.ebay.mobile, 
340089|1, 340089|676, 340090|742, 340090|1498, 340091|1619, 340091|1677, 340093|1747, 340093|4034, com.whatsapp, 
340093|1, 340093|1891, 340095|1995, 340095|4004, com.skype.raider, 
340102|1, 340102|4094, com.tripadvisor.tripadvisor, 
340115|1, 340115|2235, 340120|2335, 340125|2415, 340128|2496, 340128|2775, 340129|2843, 340135|2915, 340139|2982, 340139|3206, 340149|3287, 340157|3354, 340157|3490, 340225|3576, 340225|4046, com.csst.ecdict, 
340228|1, 340228|4065, com.skype.raider, 
340233|1, 340233|2162, 340235|2260, 340237|2354, 340239|2433, 340240|2516, 340254|2631, 340254|2721, 340259|2798, 340264|2866, 340264|2939, 340266|3045, 340272|3180, 340272|3330, 340276|3461, 340278|3721, 340278|4013, com.ebay.mobile, 
340344|1, 340344|2139, 340351|2239, 340356|2321, 340359|2426, 340359|2643, 340360|2720, 340366|2808, 340369|2879, 340373|2940, 340373|3101, 340374|3176, 340380|3237, 340390|3287, 340391|3338, 340391|3400, 340396|3461, 340455|3549, 340455|4047, com.csst.ecdict, 
340458|1, 340458|1621, 340459|1702, 340459|2062, 340460|2159, 340460|2309, 340464|2358, 340464|3592, 340467|3653, 340470|4252, com.ted.android, 
340480|1, 340480|76, 340481|147, 340482|194, 340482|4051, com.instagram.android, 
340484|1, 340484|1702, 340486|1775, 340486|4003, com.whatsapp, 
340486|1, 340486|1440, 340488|1541, 340490|1658, 340498|1785, 340504|1869, 340512|1967, 340515|2049, 340519|2146, 340519|2230, 340521|2302, 340521|2416, 340522|2528, 340522|3337, 340526|3846, 340526|4203, com.Slack, 
340527|1, 340527|3448, 340530|3525, 340530|4030, com.facebook.katana, 
340537|1, 340537|1745, 340539|1933, 340540|2102, 340547|2208, 340556|2308, 340556|2387, 340561|2500, 340561|3413, 340567|3522, 340569|3617, 340572|3712, 340573|3768, 340574|3829, 340574|4024, com.android.chrome, 
340599|1, 340599|1483, 340600|1580, 340604|1676, 340607|1760, 340609|1849, 340614|1939, 340618|2022, 340622|2099, 340631|2174, 340642|2223, 340645|2284, 340650|2357, 340652|2511, 340654|2628, 340658|2790, 340665|3350, 340667|3731, 340668|4037, com.Slack, 
340669|1, 340669|935, 340670|1039, 340670|1583, 340671|1691, 340678|1906, 340679|1995, 340680|2076, 340680|4009, com.Slack, 
340689|1, 340689|1199, 340695|1323, 340710|1460, 340719|1563, 340719|1617, 340721|1698, 340744|1810, 340751|1899, 340764|1989, 340776|2118, 340780|2239, 340793|2331, 340799|2436, 340800|2591, 340800|2771, 340801|2841, 340805|2905, 340805|2993, 340807|3072, 340808|3141, 340810|3198, 340810|3579, 340812|3660, 340812|3726, 340814|3768, 340814|4028, com.antutu.ABenchMark, 
340924|1, 340924|2270, 340925|2340, 340925|4039, com.skype.raider, 
340933|1, 340933|4034, com.google.android.apps.photos, 
340933|1, 340933|3027, 340934|3132, 340934|3253, 340938|3399, 340938|3466, 340939|3548, 340939|3848, 340940|3942, 340940|4022, com.tripadvisor.tripadvisor, 
340946|1, 340946|1617, 340948|1816, 340959|2073, 340962|2162, 340965|2216, 340965|2291, 340969|2415, 340969|3325, 340973|3416, 340975|3487, 340977|3581, 340981|3674, 340982|3756, 340982|4066, com.android.chrome, 
341007|1, 341007|2256, 341009|2345, 341009|2979, 341010|3092, 341011|3187, 341011|3713, 341014|3788, 341014|3881, 341017|3970, 341017|4063, com.sometimeswefly.littlealchemy, 
341030|1, 341030|2746, 341031|2931, 341031|3162, 341037|3342, 341038|3497, 341040|3594, 341044|3703, 341049|3891, 341049|4025, com.ebay.mobile, 
341144|1, 341144|2748, 341145|2940, 341146|3129, 341151|3239, 341155|3289, 341155|3527, 341158|3586, 341158|3651, 341159|3772, 341162|3911, 341163|3995, 341170|4304, com.ebay.mobile, 
341240|1, 341240|3409, 341241|3525, 341241|3597, 341248|3747, 341252|3870, 341257|4007, com.ebay.mobile, 
341348|1, 341348|2248, 341351|2433, 341366|2613, 341369|2754, 341374|2857, 341374|3672, 341378|3815, 341381|3915, 341382|4005, com.android.chrome, 
341418|1, 341418|1400, 341420|1532, 341420|2666, 341424|2748, 341424|4021, com.sometimeswefly.littlealchemy, 
341439|1, 341439|2390, 341441|2476, 341441|4062, com.skype.raider, 
341449|1, 341449|3843, 341451|3946, 341451|4038, com.instagram.android, 
341451|1, 341451|1632, 341452|1735, 341452|2278, 341453|2379, 341453|2577, 341454|2708, 341455|2909, 341455|3127, 341456|3280, 341456|4056, com.ted.android, 
341477|1, 341477|3820, 341478|3928, 341478|4070, com.sometimeswefly.littlealchemy, 
341489|1, 341489|2361, 341490|2455, 341491|2547, 341491|4023, com.whatsapp, 
341493|1, 341493|4052, com.google.android.apps.photos, 
341493|1, 341493|4057, com.google.android.apps.photos, 
341493|1, 341493|4030, com.google.android.apps.photos, 
341493|1, 341493|1962, 341494|2035, 341494|4121, com.instagram.android, 
341494|1, 341494|4054, com.google.android.apps.photos, 
341494|1, 341494|4011, com.instagram.android, 
341494|1, 341494|4017, com.instagram.android, 
341494|1, 341494|4028, com.whatsapp, 
