36860|1, 36860|2216, tap_shift, 
36860|1, 36860|1020, 36861|1067, 36863|1132, 36863|1909, long_press_character, 
36863|1, 36863|1926, long_swipe, 
36863|1, 36863|1880, long_press_character, 
36863|1, 36863|311, 36865|361, 36865|2532, tap_regular_character, 
36865|1, 36865|2338, tap_shift, 
36865|1, 36865|415, 36867|462, 36867|1885, short_swipe, 
36867|1, 36867|1886, long_press_character, 
36867|1, 36867|1662, 36869|1695, 36869|2014, long_press_character, 
36869|1, 36869|2366, tap_shift, 
36869|1, 36869|1908, short_swipe, 
36869|1, 36869|394, 36871|432, 36871|2348, long_swipe, 
36871|1, 36873|3096, tap_shift, 
36873|1, 36873|4058, tap_regular_character, 
36873|1, 36875|441, 36875|3464, tap_regular_character, 
36875|1, 36875|1532, 36876|1569, 36877|1610, 36880|2680, long_press_character, 
36880|1, 36880|2328, long_press_character, 
36880|1, 36880|1451, 36889|1928, 36935|2103, 36935|4047, tap_regular_character, 
