481|1, 481|196, 482|230, 482|605, 481|635, 481|1287, 482|1337, 482|1666, 475|1694, 475|1758, 481|1785, 481|2180, tap_shift, 
481|1, 481|437, 482|467, 482|1347, 475|1377, 475|1473, 481|1511, 481|1896, long_press_character, 
481|1, 481|460, 482|487, 482|1149, 475|1184, 475|1499, 481|1531, 481|1924, long_swipe, 
481|1, 481|454, 482|488, 482|1361, 475|1392, 475|1495, 481|1534, 481|1559, 475|1605, 481|1665, 481|1881, long_press_character, 
481|1, 481|560, 482|589, 482|982, 481|1018, 481|1694, 482|1724, 482|2098, 475|2134, 481|2171, 481|2199, 475|2266, 481|2533, tap_regular_character, 
481|1, 481|464, 482|490, 482|860, 481|894, 481|1560, 482|1587, 482|1900, 475|1947, 481|1976, 481|2002, 475|2040, 481|2114, 481|2338, tap_shift, 
481|1, 481|519, 482|550, 482|1009, 475|1039, 475|1495, 481|1523, 481|1876, short_swipe, 
481|1, 481|474, 482|505, 482|1417, 475|1454, 475|1531, 481|1558, 481|1882, long_press_character, 
481|1, 481|513, 482|549, 482|1416, 475|1445, 475|1541, 481|1568, 481|2024, long_press_character, 
481|1, 481|521, 482|549, 482|912, 475|942, 481|971, 481|1624, 482|1663, 482|1994, 481|2039, 481|2070, 475|2118, 481|2342, tap_shift, 
481|1, 481|511, 482|539, 482|813, 484|845, 482|883, 482|985, 475|1028, 475|1558, 481|1588, 481|1616, 475|1659, 481|1738, 481|1908, short_swipe, 
481|1, 481|582, 482|613, 482|1630, 475|1669, 481|1711, 481|2377, long_swipe, 
481|1, 481|769, 482|852, 482|1287, 481|1336, 481|2193, 482|2225, 482|2625, 481|2661, 481|3135, tap_shift, 
481|1, 481|805, 482|858, 482|1477, 480|1556, 473|1599, 479|1634, 479|2220, 481|2430, 483|2557, 483|2811, 481|2940, 482|2982, 482|3439, 481|3717, 481|4033, tap_regular_character, 
481|1, 481|1241, 482|1288, 482|1606, 481|1736, 481|2447, 482|2482, 482|2930, 481|2966, 481|2996, 475|3040, 481|3104, 481|3443, tap_regular_character, 
481|1, 481|736, 482|772, 482|1762, 484|1807, 484|1928, 483|2036, 483|2641, long_press_character, 
483|1, 483|798, 484|857, 484|1274, 482|1335, 482|1831, 476|1883, 481|1940, 481|2297, long_press_character, 
481|1, 481|792, 482|943, 482|1474, 481|1974, 481|3198, 482|3252, 482|3539, 480|3583, 475|3617, 475|4012, tap_regular_character, 
427|1, 427|263, 428|290, 428|743, 421|785, 421|1297, 427|1316, 427|1365, 421|1406, 427|1449, 427|1639, short_swipe, 
427|1, 427|509, 428|542, 428|1035, 421|1058, 421|1568, 427|1587, 427|1924, short_swipe, 
427|1, 427|536, 428|568, 428|1280, 421|1308, 421|1558, 427|1588, 427|1883, long_swipe, 
427|1, 427|584, 428|601, 428|1004, 427|1036, 427|1730, 428|1761, 428|2115, 421|2137, 427|2158, 427|2446, tap_regular_character, 
427|1, 427|573, 428|591, 428|1069, 421|1096, 421|1604, 427|1621, 427|1913, short_swipe, 
427|1, 427|570, 428|589, 428|1249, 421|1271, 421|1588, 427|1613, 427|1877, long_swipe, 
427|1, 427|604, 428|624, 428|1280, 421|1309, 421|1613, 427|1630, 427|1950, long_swipe, 
427|1, 427|527, 428|547, 428|989, 421|1033, 421|1567, 427|1594, 427|1874, short_swipe, 
427|1, 427|585, 428|611, 428|886, 430|916, 428|946, 428|1515, 421|1540, 421|1605, 427|1620, 427|1668, 421|1698, 427|1749, 427|1910, long_press_character, 
427|1, 427|583, 428|602, 428|950, 421|968, 427|984, 427|1645, 428|1677, 428|2046, 427|2075, 427|2344, tap_shift, 
427|1, 427|588, 428|607, 428|1015, 427|1093, 427|1747, 428|1766, 428|2130, 421|2161, 427|2188, 427|2247, 421|2276, 427|2323, 427|2474, tap_regular_character, 
427|1, 427|542, 428|560, 428|1216, 421|1245, 421|1609, 427|1634, 427|1869, long_swipe, 
427|1, 427|598, 428|618, 428|1300, 430|1316, 428|1331, 428|1507, 421|1524, 421|1633, 427|1661, 427|1950, long_press_character, 
427|1, 427|595, 428|613, 428|1104, 421|1142, 421|1611, 427|1630, 427|1881, short_swipe, 
427|1, 427|603, 428|622, 428|1542, 421|1558, 421|1628, 427|1663, 427|1913, long_press_character, 
427|1, 427|616, 428|640, 428|982, 427|1053, 427|1762, 428|1788, 428|2152, 423|2186, 427|2206, 427|2255, 421|2290, 427|2313, 427|2457, tap_regular_character, 
427|1, 427|628, 428|646, 428|1540, 421|1558, 421|1627, 427|1646, 427|1945, long_press_character, 
427|1, 427|538, 428|558, 428|1256, 421|1273, 421|1570, 427|1599, 427|1873, long_swipe, 
427|1, 427|607, 428|642, 428|1269, 421|1318, 421|1636, 427|1655, 427|1898, long_swipe, 
427|1, 427|590, 428|608, 428|1265, 421|1299, 421|1648, 427|1667, 427|1886, long_swipe, 
427|1, 427|583, 428|604, 428|1053, 421|1073, 421|1652, 427|1674, 427|1907, short_swipe, 
427|1, 427|654, 428|673, 428|1040, 421|1057, 427|1074, 427|1761, 428|1782, 428|2152, 421|2169, 427|2184, 427|2455, tap_shift, 
427|1, 427|602, 428|620, 428|1080, 421|1103, 421|1213, 425|1235, 421|1254, 421|1622, 427|1651, 427|1716, 421|1757, 427|1867, short_swipe, 
427|1, 427|652, 428|671, 428|1019, 421|1038, 427|1055, 427|1733, 428|1769, 428|2123, 421|2142, 427|2159, 427|2396, tap_shift, 
427|1, 427|599, 428|631, 428|1288, 421|1340, 421|1632, 427|1653, 427|1709, 421|1753, 427|1873, long_swipe, 
427|1, 427|608, 428|626, 428|1540, 421|1557, 421|1680, 427|1696, 427|1924, long_press_character, 
427|1, 427|609, 428|635, 428|1079, 421|1105, 421|1681, 427|1713, 427|1768, 421|1794, 427|1910, short_swipe, 
427|1, 427|650, 428|669, 428|1124, 421|1151, 421|1679, 427|1713, 427|1763, 421|1790, 427|1823, 427|1955, short_swipe, 
427|1, 427|612, 428|632, 428|1064, 421|1121, 421|1636, 427|1652, 427|1927, short_swipe, 
427|1, 427|720, 428|743, 428|1405, 427|1448, 421|1466, 421|1614, 427|1637, 427|1684, 423|1713, 427|1787, 428|1888, long_swipe, 
428|1, 427|37, 427|572, 428|592, 428|978, 427|1011, 427|1705, 428|1733, 428|2069, 421|2114, 427|2144, 427|2177, 421|2208, 427|2273, 427|2389, tap_regular_character, 
427|1, 427|586, 428|603, 428|1543, 421|1569, 421|1620, 427|1635, 427|1901, long_press_character, 
427|1, 427|581, 428|600, 428|984, 421|1005, 427|1044, 427|1735, 428|1753, 428|2122, 421|2150, 427|2173, 427|2223, 421|2287, 427|2425, tap_regular_character, 
427|1, 427|615, 428|633, 428|1012, 430|1027, 428|1042, 428|1109, 430|1130, 428|1166, 428|1565, 421|1591, 421|1649, 427|1665, 427|1924, long_press_character, 
427|1, 427|587, 428|607, 428|984, 427|1006, 427|1680, 428|1698, 428|2060, 421|2077, 427|2093, 427|2352, tap_shift, 
427|1, 427|670, 428|688, 428|1338, 421|1371, 421|1637, 427|1657, 427|1907, long_swipe, 
427|1, 427|624, 428|645, 428|1016, 421|1039, 427|1061, 427|1733, 428|1750, 428|2042, 430|2064, 428|2116, 428|2133, 421|2156, 427|2179, 427|2246, 421|2284, 427|2412, tap_regular_character, 
427|1, 427|626, 428|679, 428|1062, 421|1091, 427|1115, 427|1793, 428|1825, 428|2195, 427|2232, 427|2437, tap_regular_character, 
427|1, 427|640, 428|664, 428|1037, 427|1066, 427|1731, 428|1750, 428|2118, 421|2136, 427|2154, 427|2400, tap_shift, 
427|1, 427|618, 428|635, 428|1351, 430|1368, 428|1384, 428|1580, 421|1596, 421|1640, 427|1657, 427|1871, long_press_character, 
427|1, 427|628, 428|647, 428|1545, 423|1570, 421|1590, 421|1664, 427|1680, 427|1727, 421|1776, 427|1904, long_press_character, 
427|1, 427|645, 428|664, 428|1596, 421|1622, 421|1680, 427|1697, 427|1949, long_press_character, 
427|1, 427|619, 428|637, 428|1024, 427|1060, 427|1740, 428|1768, 428|2135, 427|2185, 427|2233, 421|2271, 427|2363, tap_regular_character, 
427|1, 427|634, 428|653, 428|1020, 421|1057, 421|1072, 427|1091, 427|1769, 428|1792, 428|2162, 421|2181, 421|2196, 427|2212, 427|2390, tap_shift, 
427|1, 427|678, 428|715, 428|1099, 421|1128, 427|1151, 427|1840, 428|1877, 428|2248, 427|2270, 427|2324, 421|2355, 427|2405, 427|2511, tap_regular_character, 
427|1, 427|632, 428|650, 428|1027, 421|1052, 427|1076, 427|1772, 428|1793, 428|2193, 427|2215, 427|2264, 421|2307, 427|2354, 427|2444, tap_regular_character, 
427|1, 427|659, 428|678, 428|1012, 421|1030, 427|1048, 427|1698, 428|1726, 428|2081, 421|2098, 427|2130, 427|2329, tap_shift, 
427|1, 427|651, 428|669, 428|1029, 421|1047, 427|1075, 427|1718, 428|1738, 428|2127, 421|2146, 421|2160, 427|2178, 427|2237, 421|2271, 427|2379, tap_shift, 
427|1, 427|659, 428|680, 428|1087, 427|1109, 427|1816, 428|1838, 428|2228, 427|2248, 427|2461, tap_shift, 
427|1, 427|624, 428|643, 428|989, 421|1007, 427|1024, 427|1703, 428|1726, 428|2148, 427|2178, 427|2227, 421|2256, 427|2312, tap_shift, 
