534164|1, 534180|391, 534180|1149, 534280|1196, 534280|1312, 534304|1340, 534304|2221, tap_shift, 
534304|1, 534344|325, 534344|1086, 534440|1117, 534440|1930, long_press_character, 
534440|1, 534468|263, 534468|1936, long_swipe, 
534468|1, 534468|1229, 534472|1275, 534472|1884, long_press_character, 
534472|1, 534472|326, 534492|363, 534492|1334, 534500|1365, 534500|2525, tap_regular_character, 
534500|1, 534500|816, 534504|854, 534504|1814, 534508|1842, 534508|2341, tap_shift, 
534508|1, 534508|487, 534512|530, 534512|1470, 534532|1494, 534536|1522, 534536|1887, short_swipe, 
534536|1, 534536|602, 534544|631, 534544|1576, 534548|1612, 534548|1894, long_press_character, 
534548|1, 534548|2013, long_press_character, 
534548|1, 534548|678, 534556|707, 534560|736, 534560|1673, 534568|1707, 534568|2375, tap_shift, 
534568|1, 534568|312, 534588|338, 534588|1318, 534592|1343, 534592|1907, short_swipe, 
534592|1, 534592|1405, 534600|1463, 534600|2279, long_swipe, 
534600|1, 534616|270, 534616|2132, 534640|2174, 534640|3129, tap_shift, 
534640|1, 534648|290, 534648|2010, 534660|2053, 534660|2994, 534676|3051, 534680|3177, 534692|4115, tap_regular_character, 
534692|1, 534692|1117, 534688|1241, 534688|2102, 534692|2128, 534708|2160, 534708|3083, 534688|3172, 534688|3498, tap_regular_character, 
534688|1, 534688|594, 534692|661, 534692|2624, long_press_character, 
534692|1, 534696|302, 534696|1985, 534716|2031, 534716|2408, long_press_character, 
534716|1, 534716|605, 534728|818, 534728|2584, 534820|2627, 534820|2819, 534712|2867, 534712|3573, 534760|3626, 534760|4004, tap_regular_character, 
540560|1, 540560|355, 540564|376, 540564|1353, 540572|1370, 540572|1644, short_swipe, 
540572|1, 540572|725, 540580|747, 540580|1710, 540604|1727, 540604|1926, short_swipe, 
540604|1, 540604|806, 540612|824, 540616|1902, long_swipe, 
540616|1, 540616|1903, 540632|1919, 540632|2436, tap_regular_character, 
540632|1, 540632|455, 540636|480, 540636|1465, 540652|1480, 540652|1929, short_swipe, 
540652|1, 540652|512, 540660|541, 540664|570, 540664|1529, 540680|1545, 540680|1878, long_swipe, 
540680|1, 540680|645, 540692|662, 540700|682, 540700|1940, long_swipe, 
540700|1, 540700|1697, 540704|1723, 540716|1762, 540716|1889, short_swipe, 
540716|1, 540716|825, 540732|841, 540732|1896, long_press_character, 
540732|1, 540732|942, 540736|962, 540736|1932, 540760|1948, 540760|2353, tap_shift, 
540760|1, 540760|582, 540776|598, 540776|2468, tap_regular_character, 
540776|1, 540776|1078, 540804|1121, 540812|1146, 540812|1880, long_swipe, 
540812|1, 540812|220, 540816|250, 540832|270, 540832|1244, 540836|1262, 540836|1946, long_press_character, 
540836|1, 540836|1278, 540844|1292, 540848|1308, 540848|1886, short_swipe, 
540848|1, 540848|399, 540880|415, 540884|435, 540884|1397, 540888|1413, 540888|1906, long_press_character, 
540888|1, 540888|487, 540892|510, 540892|1501, 540896|1516, 540896|2463, tap_regular_character, 
540896|1, 540928|102, 540928|1034, 540932|1059, 540932|1936, long_press_character, 
540932|1, 540932|105, 540936|123, 540936|1090, 540940|1121, 540940|1873, long_swipe, 
540940|1, 540940|228, 540944|242, 540960|259, 540960|1232, 540976|1256, 540976|1928, long_swipe, 
540976|1, 540976|304, 540984|319, 540984|1292, 540992|1323, 540992|1886, long_swipe, 
540992|1, 540992|411, 540996|426, 541020|442, 541020|1411, 541028|1426, 541028|1892, short_swipe, 
541028|1, 541028|509, 541032|535, 541040|557, 541040|1533, 541060|1550, 541060|2450, tap_shift, 
541060|1, 541064|89, 541076|105, 541076|1059, 541080|1084, 541084|1125, 541084|1868, short_swipe, 
541084|1, 541084|209, 541092|237, 541092|1226, 541108|1247, 541108|2213, 541128|2229, 541128|2404, tap_shift, 
541128|1, 541128|797, 541132|813, 541136|1881, long_swipe, 
541136|1, 541136|928, 541148|943, 541148|1927, long_press_character, 
541148|1, 541160|74, 541160|980, 541164|1019, 541172|1075, 541172|1910, short_swipe, 
541172|1, 541172|1086, 541192|1142, 541192|1943, short_swipe, 
541192|1, 541192|143, 541212|159, 541220|176, 541220|1156, 541224|1200, 541224|1922, short_swipe, 
541224|1, 541224|1243, 541244|1263, 541244|1900, long_swipe, 
541244|1, 541244|328, 541256|344, 541264|361, 541264|1323, 541272|1339, 541272|2389, tap_regular_character, 
541272|1, 541272|944, 541292|966, 541292|1879, long_press_character, 
541292|1, 541308|94, 541308|1064, 541320|1104, 541320|2054, 541328|2072, 541328|2451, tap_regular_character, 
541328|1, 541328|604, 541352|630, 541352|1600, 541360|1619, 541360|1923, long_press_character, 
541360|1, 541360|693, 541364|717, 541364|1681, 541368|1699, 541368|2326, tap_shift, 
541368|1, 541368|351, 541380|375, 541380|1354, 541400|1398, 541400|1916, long_swipe, 
541400|1, 541400|1451, 541412|1466, 541412|2420, tap_regular_character, 
541412|1, 541428|85, 541428|1014, 541436|1040, 541444|1101, 541444|2027, 541448|2043, 541448|2436, tap_regular_character, 
541448|1, 541448|591, 541452|607, 541456|624, 541456|1610, 541468|1627, 541468|2409, tap_shift, 
541468|1, 541468|181, 541472|203, 541480|225, 541480|1181, 541492|1199, 541496|1218, 541496|1881, long_press_character, 
541496|1, 541496|1291, 541512|1319, 541512|1873, long_press_character, 
541512|1, 541512|441, 541520|458, 541520|1431, 541532|1448, 541536|1467, 541536|1962, long_press_character, 
541536|1, 541536|480, 541544|495, 541544|1475, 541568|1491, 541568|2389, tap_regular_character, 
541568|1, 541568|88, 541580|109, 541580|1092, 541592|1109, 541592|2086, 541604|2107, 541604|2376, tap_shift, 
541604|1, 541604|713, 541624|734, 541624|1712, 541636|1728, 541636|2494, tap_regular_character, 
541636|1, 541636|218, 541640|238, 541640|1203, 541648|1233, 541672|1256, 541672|2218, 541676|2237, 541676|2474, tap_regular_character, 
541676|1, 541676|747, 541688|768, 541688|2322, tap_shift, 
541688|1, 541688|427, 541704|450, 541704|1422, 541724|1438, 541724|2361, tap_shift, 
541724|1, 541724|73, 541732|94, 541732|1051, 541740|1091, 541740|2068, 541760|2089, 541760|2488, tap_shift, 
541760|1, 541760|559, 541764|586, 541768|611, 541768|1581, 541776|1597, tap_shift, 
