5|1, 5|1213, 7|1630, 9|1957, 9|2300, 10|2564, 11|2877, 11|4112, com.android.chrome, 
5|1, 5|2436, 7|2738, 7|4152, com.csst.ecdict, 
5|1, 5|2372, 7|2426, 7|4020, com.csst.ecdict, 
5|1, 5|4063, com.facebook.katana, 
5|1, 5|4026, com.facebook.katana, 
5|1, 5|4031, com.google.android.deskclock, 
4|1, 4|1225, 6|1320, 6|1386, 7|1471, 7|1552, 10|1637, 11|1709, 11|1779, 12|1851, 14|1972, 14|2156, 13|2232, 13|2488, 14|2622, 14|3262, 15|3331, 15|3380, 14|3430, 14|4039, com.antutu.ABenchMark, 
4|1, 4|1570, 12|1677, 12|1734, 11|1818, 7|1871, 6|1924, 6|2796, 4|2846, 4|4051, com.instagram.android, 
4|1, 4|2526, 6|2569, 6|4028, com.csst.ecdict, 
4|1, 4|1151, 5|1193, 5|1330, 7|1439, 8|1493, 8|1577, 9|1702, 9|2154, 10|2311, 10|2396, 11|2514, 11|2663, 12|2744, 14|2816, 14|2883, 16|3192, 16|3425, 15|3473, 15|3620, 14|3671, 13|3951, 13|4001, com.booking, 
4|1, 4|4025, com.facebook.katana, 
4|1, 4|2658, 6|2711, 6|4031, com.csst.ecdict, 
4|1, 4|1495, 5|1549, 5|2600, 6|2698, 9|2752, 9|4040, com.paypal.android.p2pmobile, 
3|1, 3|4003, at.DiTronic.androidgroup.randomgallery, 
3|1, 3|1209, 4|1334, 4|1440, 5|1507, 5|1697, 7|1760, 7|1887, 6|1967, 6|4025, com.dropbox.android, 
3|1, 3|4033, at.DiTronic.androidgroup.randomgallery, 
3|1, 3|1190, 4|1250, 4|4036, com.github.shadowsocks, 
3|1, 3|4031, com.google.android.apps.photos, 
3|1, 3|1151, 5|1196, 5|1490, 6|1583, 6|1776, 5|1860, 5|2948, 6|3204, 6|4086, com.Slack, 
5|1, 5|1278, 6|1329, 6|1619, 9|1750, 10|1812, 10|2177, 11|2261, 11|2396, 12|2537, 12|2748, 16|3153, 18|3305, 18|3665, 17|3725, 16|3986, 15|4042, com.booking, 
5|1, 5|1852, 6|1914, 6|2979, 7|3040, 7|4001, com.tripadvisor.tripadvisor, 
5|1, 5|4038, com.google.android.deskclock, 
5|1, 5|1560, 6|1612, 6|2200, 7|2245, 8|2325, 8|2535, 9|2612, 9|2779, 10|2855, 10|4005, com.paypal.android.p2pmobile, 
5|1, 5|2586, 7|2638, 7|4007, com.google.android.apps.photos, 
10|1, 10|1760, 15|1804, 15|1869, 18|1934, 18|1999, 13|2059, 11|2096, 18|2162, 18|2315, 15|2355, 11|2415, 11|4010, com.instagram.android, 
9|1, 9|2543, 10|2604, 10|3771, 11|3820, 11|4018, com.csst.ecdict, 
8|1, 8|1042, 9|1124, 9|1613, 10|1680, 10|1958, 11|2056, 11|3849, 12|3904, 12|4030, com.ted.android, 
8|1, 8|4003, com.google.android.deskclock, 
8|1, 8|1761, 9|1824, 9|1979, 10|2023, 10|4005, com.sometimeswefly.littlealchemy, 
8|1, 8|1151, 9|1243, 9|1641, 10|1748, 10|1818, 11|1940, 11|4137, com.ted.android, 
8|1, 8|2733, 10|2795, 10|4044, com.csst.ecdict, 
8|1, 8|2030, 9|2099, 9|2289, 10|2349, 10|2635, 11|2687, 11|4011, com.sometimeswefly.littlealchemy, 
8|1, 8|1035, 9|1126, 9|1528, 10|1651, 10|1739, 11|1863, 11|4055, com.ted.android, 
8|1, 8|4067, com.facebook.katana, 
8|1, 8|1634, 9|1739, 9|2311, 11|2411, 11|2485, 12|2596, 12|2951, 13|3061, 13|4039, com.paypal.android.p2pmobile, 
8|1, 8|2314, 9|2382, 9|4057, com.github.shadowsocks, 
8|1, 8|2003, 9|2072, 9|2497, 8|2570, 8|4023, com.skype.raider, 
8|1, 8|1417, 10|1515, 10|1731, 11|1861, 15|1976, 16|2140, 17|2285, 17|3125, 18|3258, 18|4010, com.antutu.ABenchMark, 
8|1, 8|1654, 11|1878, 11|2065, 14|2298, 15|2459, 15|2566, 17|2795, 17|3668, 18|3805, 18|4110, com.antutu.ABenchMark, 
8|1, 8|400, 7|759, 6|878, 6|1330, 7|1574, 8|1777, 8|4046, com.google.android.apps.photos, 
8|1, 8|1674, 9|1770, 9|2459, 10|2684, 10|3384, 11|3501, 11|3884, 12|3968, 12|4078, com.cnn.mobile.android.phone, 
9|1, 9|2472, 10|2609, 10|3054, 9|3162, 9|4088, com.skype.raider, 
9|1, 9|4053, com.github.shadowsocks, 
9|1, 9|1987, 10|2081, 10|2334, 11|2438, 11|2730, 13|2863, 13|2955, 12|3090, 12|4023, com.dropbox.android, 
9|1, 9|535, 8|610, 8|759, 7|822, 7|1517, 8|1614, 8|1739, 9|1789, 9|4035, at.DiTronic.androidgroup.randomgallery, 
9|1, 9|2683, 10|2755, 10|4038, com.tripadvisor.tripadvisor, 
9|1, 9|1672, 10|1735, 10|1941, 11|2000, 11|2212, 12|2266, 12|4002, com.sometimeswefly.littlealchemy, 
9|1, 9|1130, 11|1202, 11|1266, 12|1362, 12|1482, 13|1538, 16|1653, 16|1733, 17|1806, 18|1955, 18|2633, 19|2794, 19|3435, 20|3489, 19|3546, 20|4046, com.antutu.ABenchMark, 
8|1, 8|4045, com.github.shadowsocks, 
8|1, 8|1064, 10|1198, 11|1282, 11|1543, 15|1632, 15|1778, 17|1916, 17|2967, 18|3038, 18|3460, 19|3522, 19|3584, 18|3633, 19|4041, com.antutu.ABenchMark, 
8|1, 8|4061, com.github.shadowsocks, 
8|1, 8|2348, 11|2454, 12|2602, 12|3215, 13|3340, 13|3739, 14|3917, 14|4237, com.booking, 
8|1, 8|2412, 9|2494, 9|2599, 10|2715, 10|4121, com.android.chrome, 
4|1, 4|1911, 5|2041, 5|2229, 6|2392, 9|2621, 9|2886, 10|3094, 10|3383, 14|3664, 15|3785, 15|4143, com.cnn.mobile.android.phone, 
5|1, 5|1766, 6|1888, 6|2140, 9|2317, 9|2659, 10|2864, 10|3405, 11|3541, 12|4201, com.booking, 
5|1, 5|2300, 6|2415, 6|2788, 7|2974, 7|3211, 9|3390, 8|3591, 8|4025, com.dropbox.android, 
5|1, 5|2356, 7|2549, 6|2686, 6|2798, 7|2982, 7|3268, 6|3506, 6|4059, com.Slack, 
7|1, 7|2800, 8|2897, 9|3027, 10|3108, 11|3248, 12|4045, com.ebay.mobile, 
7|1, 7|1655, 8|1756, 8|2104, 9|2197, 15|2367, 15|3177, 17|3326, 17|3714, 18|3903, 17|4066, com.cnn.mobile.android.phone, 
6|1, 6|963, 7|1085, 7|2312, 8|2385, 8|4043, com.skype.raider, 
7|1, 7|2259, 8|2405, 8|2998, 10|3117, 10|3360, 11|3501, 12|4027, com.paypal.android.p2pmobile, 
7|1, 7|1726, 10|1882, 10|2208, 14|2353, 14|2503, 16|2720, 16|3562, 17|3785, 17|4056, com.antutu.ABenchMark, 
9|1, 9|2904, 11|3064, 11|3626, 12|3694, 12|4061, com.ebay.mobile, 
9|1, 9|1686, 10|1857, 10|2096, 12|2274, 13|2414, 13|2766, 14|2929, 14|3354, 15|3481, 15|3787, 16|3993, 16|4183, com.booking, 
9|1, 9|3134, 14|3224, 17|3360, 10|3496, 17|3597, 17|3695, 15|3817, 17|3911, 10|4093, com.instagram.android, 
9|1, 9|1717, 10|1840, 11|1985, 11|2130, 12|2233, 15|2354, 15|2762, 16|2911, 16|3076, 17|3251, 17|3779, 19|3903, 19|4015, com.cnn.mobile.android.phone, 
9|1, 9|1520, 10|1737, 10|1889, 13|2049, 13|2353, 14|2570, 14|3270, 15|3520, 16|3759, 17|4098, com.booking, 
9|1, 9|2650, 10|2750, 10|4065, com.skype.raider, 
8|1, 8|2664, 14|2801, 16|2886, 11|3007, 16|3105, 16|3268, 9|3363, 9|4018, com.instagram.android, 
8|1, 8|1988, 10|2149, 10|2297, 9|2388, 9|2629, 11|2815, 11|2914, 10|3067, 10|3415, 9|3516, 9|4036, com.Slack, 
8|1, 8|2461, 9|2622, 10|2749, 10|2856, 11|2959, 14|4095, com.ebay.mobile, 
8|1, 8|1610, 9|1712, 9|2679, 13|2846, 13|3003, 14|3100, 14|3304, 15|3497, 15|3645, 16|3995, 17|4126, com.booking, 
8|1, 8|4046, at.DiTronic.androidgroup.randomgallery, 
8|1, 8|4026, at.DiTronic.androidgroup.randomgallery, 
8|1, 8|4015, com.google.android.deskclock, 
8|1, 8|1091, 9|1152, 9|1677, 10|1763, 10|1892, 11|1991, 11|4007, com.ted.android, 
12|1, 11|77, 11|1440, 12|1505, 12|1789, 13|1888, 13|2031, 15|2123, 15|2258, 14|2363, 14|4050, com.dropbox.android, 
11|1, 11|4064, at.DiTronic.androidgroup.randomgallery, 
9|1, 9|2161, 10|2224, 10|2406, 11|2460, 11|3184, 12|3292, 13|3344, 13|4061, com.sometimeswefly.littlealchemy, 
9|1, 9|2194, 8|2258, 8|4020, com.tripadvisor.tripadvisor, 
8|1, 8|4041, com.github.shadowsocks, 
8|1, 8|4009, com.google.android.apps.photos, 
8|1, 8|2089, 9|2200, 10|2278, 10|2609, 11|2661, 11|4028, com.sometimeswefly.littlealchemy, 
8|1, 8|4057, com.google.android.deskclock, 
8|1, 8|1430, 9|1498, 9|4017, com.whatsapp, 
8|1, 8|1920, 9|1963, 9|2166, 10|2207, 10|2436, 11|2493, 11|4010, com.sometimeswefly.littlealchemy, 
8|1, 8|2758, 9|2891, 9|4026, com.tripadvisor.tripadvisor, 
8|1, 8|1403, 9|1494, 9|1721, 10|1822, 10|1891, 12|1963, 12|2201, 11|2274, 11|4033, com.dropbox.android, 
8|1, 8|4008, com.github.shadowsocks, 
8|1, 8|1611, 9|1742, 9|1967, 10|2035, 10|3180, 11|3246, 11|3421, 12|3489, 12|4030, com.android.chrome, 
4|1, 4|1507, 5|1639, 5|2071, 7|2161, 7|2377, 8|2471, 8|2740, 9|2821, 9|4051, com.paypal.android.p2pmobile, 
4|1, 4|1762, 5|1847, 5|2377, 7|2520, 7|2771, 8|2947, 8|3295, 9|3420, 9|4038, com.paypal.android.p2pmobile, 
3|1, 3|1895, 4|2060, 4|2451, 7|2635, 8|2798, 8|3280, 9|3425, 9|3777, 10|3997, 11|4154, com.booking, 
3|1, 3|1640, 4|1730, 4|2455, 5|2613, 5|2801, 6|2962, 6|4045, com.ted.android, 
3|1, 3|2315, 4|2445, 4|4033, com.whatsapp, 
3|1, 3|2100, 5|2303, 6|2498, 6|2798, 10|2962, 11|3236, 13|3405, 12|4086, com.antutu.ABenchMark, 
3|1, 3|2876, 4|3111, 4|4037, com.skype.raider, 
4|1, 3|133, 3|2104, 4|2374, 4|2541, 7|2706, 7|3227, 8|3364, 8|4084, com.booking, 
3|1, 3|2165, 5|2293, 6|2409, 9|2587, 11|2758, 12|2941, 13|4059, com.cnn.mobile.android.phone, 
4|1, 4|2637, 5|2832, 5|3427, 6|3603, 6|3839, 7|3974, 7|4115, com.paypal.android.p2pmobile, 
5|1, 5|2936, 7|3158, 8|3275, 9|3421, 9|4033, com.android.chrome, 
4|1, 4|2015, 5|2192, 5|2349, 6|2461, 8|2572, 8|2907, 9|3063, 9|3568, 10|3679, 10|4026, com.booking, 
4|1, 4|4007, com.github.shadowsocks, 
4|1, 4|2059, 5|2192, 5|4012, com.whatsapp, 
4|1, 4|1408, 6|1516, 7|1622, 7|1838, 10|1949, 11|2050, 11|2152, 13|2295, 13|3204, 14|3318, 14|4001, com.antutu.ABenchMark, 
4|1, 4|1365, 6|1496, 6|1599, 11|1818, 12|1992, 12|2405, 14|2524, 14|2822, 16|2902, 16|3195, 15|3252, 15|3504, 14|3576, 14|4047, com.cnn.mobile.android.phone, 
5|1, 5|1515, 6|1650, 6|1911, 7|2006, 7|3865, 9|3917, 8|4082, com.dropbox.android, 
5|1, 5|1990, 6|2060, 6|2265, 7|2340, 7|2924, 8|3004, 8|4034, com.sometimeswefly.littlealchemy, 
5|1, 5|4058, com.facebook.katana, 
5|1, 5|3069, 7|3150, 7|4002, com.csst.ecdict, 
5|1, 5|4057, com.google.android.deskclock, 
4|1, 4|1647, 5|1728, 5|1865, 6|1982, 6|2127, 8|2227, 8|2314, 7|2391, 7|4030, com.dropbox.android, 
4|1, 4|4027, at.DiTronic.androidgroup.randomgallery, 
4|1, 4|4048, com.github.shadowsocks, 
4|1, 4|4065, com.google.android.deskclock, 
5|1, 5|1064, 6|1186, 6|1749, 7|1893, 8|1982, 8|4019, com.ted.android, 
5|1, 5|1744, 10|1847, 10|1898, 13|1995, 9|2107, 9|2174, 6|2234, 6|3000, 5|3050, 13|3099, 13|3216, 10|3279, 13|3340, 13|3498, 6|3587, 6|4058, com.instagram.android, 
5|1, 5|1501, 7|1686, 7|1780, 6|1861, 9|1966, 9|2155, 8|2310, 8|2501, 7|2677, 8|4045, com.Slack, 
7|1, 7|4049, com.facebook.katana, 
6|1, 6|1445, 8|1540, 8|1800, 12|1895, 12|2092, 14|2274, 14|2398, 15|2519, 15|3145, 16|3243, 16|4062, com.antutu.ABenchMark, 
6|1, 6|1391, 7|1591, 8|1760, 9|1987, 14|2257, 14|2756, 16|3004, 17|3146, 17|3764, 16|3881, 16|4065, com.cnn.mobile.android.phone, 
6|1, 6|4011, at.DiTronic.androidgroup.randomgallery, 
6|1, 6|2002, 8|2187, 8|2295, 7|2435, 8|2583, 8|2883, 7|3010, 7|4070, com.Slack, 
8|1, 8|4064, com.google.android.deskclock, 
8|1, 8|4005, com.github.shadowsocks, 
8|1, 8|4059, com.facebook.katana, 
8|1, 8|1630, 9|1721, 9|4013, com.whatsapp, 
8|1, 8|1748, 9|1817, 9|2241, 11|2294, 11|2499, 12|2586, 12|2967, 13|3023, 13|4018, com.paypal.android.p2pmobile, 
9|1, 9|462, 8|577, 8|1078, 9|1175, 9|1297, 11|1401, 11|1650, 12|1789, 12|1969, 13|2046, 13|2268, 12|2315, 12|4026, com.Slack, 
11|1, 11|4106, com.facebook.katana, 
10|1, 10|1930, 9|2025, 9|4013, com.google.android.deskclock, 
9|1, 9|4004, com.google.android.deskclock, 
9|1, 9|4029, com.tripadvisor.tripadvisor, 
9|1, 9|2713, 10|2858, 10|3247, 9|3327, 9|4012, com.tripadvisor.tripadvisor, 
8|1, 8|1524, 9|1598, 9|1807, 10|1891, 10|2016, 12|2173, 12|2317, 11|2448, 11|4027, com.dropbox.android, 
8|1, 8|1239, 9|1297, 9|1420, 10|1503, 11|1598, 13|1690, 15|1826, 15|2047, 16|2123, 17|2228, 17|2961, 18|3048, 18|3351, 19|3416, 19|3720, 18|3790, 18|4037, com.cnn.mobile.android.phone, 
8|1, 9|319, 9|1460, 10|1651, 10|1849, 11|1924, 11|3071, 12|3146, 12|3310, 13|3368, 13|4017, com.android.chrome, 
6|1, 6|2010, 7|2133, 8|2276, 8|2339, 10|2409, 10|3288, 11|3362, 11|3491, 12|3599, 12|4068, com.android.chrome, 
6|1, 6|2162, 8|2269, 8|2390, 9|2520, 9|2576, 10|2684, 10|2887, 11|2960, 11|3512, 10|3596, 11|3661, 12|3723, 12|4064, com.ebay.mobile, 
6|1, 6|1663, 7|1755, 7|4051, com.whatsapp, 
6|1, 6|1224, 7|1289, 8|1381, 8|1549, 9|1620, 9|1723, 12|1804, 13|1888, 13|2322, 14|2445, 15|2537, 15|2807, 16|2917, 16|3163, 17|3256, 17|3594, 16|3706, 16|4036, com.cnn.mobile.android.phone, 
6|1, 6|4005, com.google.android.apps.photos, 
6|1, 6|1859, 7|1920, 7|3356, 6|3414, 6|4042, com.skype.raider, 
6|1, 6|4049, at.DiTronic.androidgroup.randomgallery, 
6|1, 6|1832, 7|1929, 7|2456, 9|2576, 9|2737, 10|2835, 10|3196, 11|3281, 11|4029, com.paypal.android.p2pmobile, 
6|1, 6|2834, 7|2925, 7|4005, com.tripadvisor.tripadvisor, 
6|1, 6|3151, 8|3217, 8|4023, com.csst.ecdict, 
6|1, 6|1855, 7|1942, 8|1997, 8|2351, 9|2450, 9|2543, 10|2671, 10|3613, 13|3720, 13|4065, com.ebay.mobile, 
6|1, 6|1675, 7|1735, 7|4019, com.whatsapp, 
6|1, 6|4032, com.facebook.katana, 
6|1, 6|1708, 7|1786, 7|2006, 8|2107, 8|2302, 10|2440, 9|2536, 9|4053, com.dropbox.android, 
6|1, 6|1323, 7|1403, 7|1853, 8|1994, 8|2105, 9|2206, 9|4040, com.ted.android, 
6|1, 6|1315, 8|1396, 8|1604, 9|1721, 12|1813, 14|1931, 14|2189, 15|2321, 15|2478, 17|2613, 17|2732, 15|2831, 15|3839, 16|3910, 16|4019, com.cnn.mobile.android.phone, 
5|1, 6|472, 6|1589, 7|1792, 7|4007, com.dropbox.android, 
6|1, 6|3173, 7|3232, 7|4056, com.tripadvisor.tripadvisor, 
6|1, 6|1737, 8|1843, 8|1962, 7|2076, 8|2181, 9|2324, 9|2463, 8|2719, 8|3264, 7|3451, 7|4155, com.Slack, 
8|1, 8|1759, 9|1831, 9|1999, 10|2103, 10|3041, 11|3099, 11|3338, 12|3389, 12|4043, com.android.chrome, 
6|1, 6|1623, 7|1756, 7|2950, 11|3037, 11|4251, com.paypal.android.p2pmobile, 
6|1, 6|1226, 7|1334, 7|1954, 8|2058, 8|3495, 9|3555, 9|4001, com.ted.android, 
6|1, 6|4049, at.DiTronic.androidgroup.randomgallery, 
6|1, 6|1932, 7|1990, 7|2514, 8|2625, 8|2747, 9|2798, 9|3794, 10|3873, 11|3927, 12|4011, com.ebay.mobile, 
6|1, 6|1500, 7|1628, 7|4036, com.whatsapp, 
6|1, 6|1999, 7|2074, 7|4004, com.skype.raider, 
6|1, 6|4096, com.tripadvisor.tripadvisor, 
6|1, 5|133, 5|3210, 7|3288, 7|3584, 6|3664, 6|4049, com.csst.ecdict, 
4|1, 4|2246, 5|2321, 5|4004, com.skype.raider, 
4|1, 4|2157, 6|2260, 7|2341, 8|2425, 8|3035, 9|3173, 9|4016, com.ebay.mobile, 
4|1, 4|3170, 6|3242, 6|4052, com.csst.ecdict, 
4|1, 4|1142, 5|1188, 5|1636, 6|1708, 6|1833, 7|1923, 7|4030, com.ted.android, 
5|1, 5|78, 4|150, 4|2091, 9|2144, 12|2244, 10|2349, 4|2440, 12|2500, 12|2860, 4|2952, 5|3021, 5|4055, com.instagram.android, 
4|1, 4|1740, 5|1806, 5|4035, com.whatsapp, 
4|1, 4|1442, 6|1546, 6|1789, 5|1871, 6|1967, 6|2230, 5|2308, 5|3318, 6|3794, 7|4189, com.Slack, 
6|1, 6|4032, com.facebook.katana, 
6|1, 6|2106, 7|2210, 7|2395, 8|2493, 8|3833, 9|3931, 9|4032, com.android.chrome, 
4|1, 4|1413, 6|1485, 6|1762, 7|1855, 8|1941, 8|2107, 7|2179, 7|2629, 6|2769, 7|3301, 8|3713, 8|4452, com.Slack, 
8|1, 8|1293, 10|1389, 10|1584, 11|1685, 11|1990, 10|2084, 10|4016, com.Slack, 
8|1, 8|1215, 10|1326, 11|1464, 11|1632, 14|1706, 15|1820, 15|1911, 16|1996, 17|2106, 18|2249, 18|2336, 17|2443, 17|2787, 18|2855, 18|3595, 19|3673, 19|3741, 18|3782, 18|4007, com.antutu.ABenchMark, 
8|1, 8|2286, 9|2356, 9|4047, com.skype.raider, 
8|1, 8|4030, com.google.android.apps.photos, 
6|1, 6|2963, 7|3128, 7|4021, com.tripadvisor.tripadvisor, 
8|1, 8|1791, 9|2072, 9|2295, 10|2411, 10|3495, 11|3586, 11|3762, 12|3830, 12|4070, com.android.chrome, 
4|1, 4|2267, 5|2349, 5|2422, 6|2501, 6|3193, 7|3303, 8|3413, 8|3722, 10|3790, 10|4070, com.sometimeswefly.littlealchemy, 
7|1, 7|2532, 8|2725, 8|3157, 10|3342, 10|4029, com.ebay.mobile, 
6|1, 6|2440, 7|2530, 7|3134, 8|3247, 8|4004, com.ebay.mobile, 
5|1, 5|2625, 6|2750, 6|3409, 8|3531, 8|4015, com.ebay.mobile, 
5|1, 5|2429, 7|2591, 8|2755, 9|2844, 9|4008, com.android.chrome, 
5|1, 5|2665, 6|2754, 6|2917, 7|3014, 7|3365, 8|3451, 8|4025, com.sometimeswefly.littlealchemy, 
5|1, 5|2397, 6|2476, 6|4005, com.skype.raider, 
3|1, 3|2555, 4|2675, 11|2800, 11|3101, 10|3205, 6|3277, 5|3340, 5|3691, 4|3775, 4|4061, com.instagram.android, 
3|1, 3|1679, 4|1781, 4|2324, 5|2425, 5|2747, 6|2939, 6|4029, com.ted.android, 
3|1, 3|2588, 4|2655, 4|2740, 5|2845, 5|3275, 6|3345, 6|3506, 7|3604, 7|3824, 6|3928, 6|4065, com.sometimeswefly.littlealchemy, 
3|1, 3|4031, com.whatsapp, 
3|1, 3|4052, com.google.android.apps.photos, 
3|1, 3|4002, com.google.android.apps.photos, 
3|1, 3|4040, com.google.android.apps.photos, 
3|1, 3|1963, 7|2027, 10|2094, 11|2192, 10|2265, 8|2334, 8|2495, 7|2568, 7|3266, 6|3307, 5|3361, 5|3427, 4|3482, 4|4002, com.instagram.android, 
3|1, 3|4063, com.google.android.apps.photos, 
3|1, 3|1950, 11|2021, 11|2155, 10|2223, 4|2302, 4|3180, 3|3238, 11|3290, 11|3713, 4|3777, 4|4010, com.instagram.android, 
3|1, 3|1552, 8|1649, 11|1725, 11|1815, 8|1923, 7|1987, 7|2118, 5|2186, 5|2667, 4|2725, 4|2862, 11|2940, 11|3118, 4|3185, 4|4019, com.instagram.android, 
3|1, 3|1422, 4|1545, 4|4034, com.whatsapp, 
