31910301|1, 31910301|2163, tap_shift, 
31910301|1, 31910301|807, 31910373|854, 31910882|921, 31910882|1869, long_press_character, 
31910882|1, 31910882|1936, long_swipe, 
31910882|1, 31910882|1866, long_press_character, 
31910882|1, 31910882|130, 31911340|191, 31911340|2547, tap_regular_character, 
31911340|1, 31911340|2333, tap_shift, 
31911340|1, 31911340|239, 31911386|280, 31911797|321, 31911797|1863, short_swipe, 
31911797|1, 31911797|1876, long_press_character, 
31911797|1, 31911797|1513, 31911843|1553, 31912326|1621, 31912326|2014, long_press_character, 
31912326|1, 31912326|2339, tap_shift, 
31912326|1, 31912326|1908, short_swipe, 
31912326|1, 31912326|279, 31912783|316, 31912783|2373, long_swipe, 
31912783|1, 31913240|3141, tap_shift, 
31913240|1, 31913240|4056, tap_regular_character, 
31913698|1, 31913698|771, 31913770|910, 31913770|3382, tap_regular_character, 
31913770|1, 31913770|1320, 31914227|1365, 31914383|2589, long_press_character, 
31914383|1, 31914383|2290, long_press_character, 
31914383|1, 31914383|1571, 31935105|1949, 31935105|4002, tap_regular_character, 
