16499690|1, 16499690|792, 16499750|821, 16499750|1015, 16499890|1048, 16499890|1221, 16499970|1277, 16499970|2164, tap_shift, 
16499970|1, 16499970|849, 16501771|895, 16503540|961, 16503540|1882, long_press_character, 
16503540|1, 16503540|746, 16503600|784, 16503600|996, 16503740|1053, 16503740|1200, 16503820|1243, 16503820|1933, long_swipe, 
16503820|1, 16503820|1870, long_press_character, 
16503820|1, 16503820|158, 16505589|217, 16505589|2543, tap_regular_character, 
16505589|1, 16505589|2336, tap_shift, 
16505589|1, 16505589|98, 16505649|127, 16505649|309, 16507559|348, 16507559|531, 16507639|563, 16507639|1868, short_swipe, 
16507639|1, 16507639|1877, long_press_character, 
16507639|1, 16507639|1536, 16509368|1575, 16509480|1635, 16509480|2018, long_press_character, 
16509480|1, 16509480|2340, tap_shift, 
16509480|1, 16509480|1905, short_swipe, 
16509480|1, 16509480|300, 16511249|336, 16511249|2379, long_swipe, 
16511249|1, 16513018|3137, tap_shift, 
16513018|1, 16513018|631, 16513078|688, 16513078|843, 16513218|893, 16513218|1039, 16513298|1107, 16513298|4035, tap_regular_character, 
16515067|1, 16515067|816, 16515139|965, 16515139|3404, tap_regular_character, 
16515139|1, 16515139|1355, 16516909|1397, 16517037|2604, long_press_character, 
16517037|1, 16517037|2295, long_press_character, 
16517037|1, 16517037|1586, 16523668|1962, 16523720|2058, 16523720|2148, 16523780|2237, 16523780|2898, 16523860|2940, 16523860|3180, 16523920|3231, 16523920|4014, tap_regular_character, 
16574920|1, 16574920|1636, short_swipe, 
16574920|1, 16574920|1927, short_swipe, 
16574920|1, 16574920|1880, long_swipe, 
16574920|1, 16574920|2445, tap_regular_character, 
16574920|1, 16574920|1912, short_swipe, 
16574920|1, 16574920|1878, long_swipe, 
16574920|1, 16574920|1949, long_swipe, 
16574920|1, 16574920|1874, short_swipe, 
16574920|1, 16574920|1909, long_press_character, 
16574920|1, 16574920|2346, tap_shift, 
16574920|1, 16574920|2476, tap_regular_character, 
16574920|1, 16574920|1870, long_swipe, 
16574920|1, 16574920|1946, long_press_character, 
16574920|1, 16574920|1881, short_swipe, 
16574920|1, 16574920|1912, long_press_character, 
16574920|1, 16574920|2461, tap_regular_character, 
16574920|1, 16574920|1939, long_press_character, 
16574920|1, 16574920|1875, long_swipe, 
16574920|1, 16574920|1907, long_swipe, 
16574920|1, 16574920|1883, long_swipe, 
16574920|1, 16574920|1900, short_swipe, 
16574920|1, 16574920|2454, tap_shift, 
16574920|1, 16574920|1208, 16575045|1232, 16575045|1867, short_swipe, 
16575045|1, 16575045|346, 16575105|362, 16575165|2398, tap_shift, 
16575165|1, 16575165|1871, long_swipe, 
16575165|1, 16575165|1925, long_press_character, 
16575165|1, 16575165|182, 16575225|199, 16575225|1911, short_swipe, 
16575225|1, 16575225|1955, short_swipe, 
16575225|1, 16575225|1927, short_swipe, 
16575225|1, 16575225|1885, long_swipe, 
16575225|1, 16575225|507, 16575285|527, 16575285|2391, tap_regular_character, 
16575285|1, 16575285|1900, long_press_character, 
16575285|1, 16575285|2426, tap_regular_character, 
16575285|1, 16575285|1922, long_press_character, 
16575285|1, 16575285|2358, tap_shift, 
16575285|1, 16575285|1905, long_swipe, 
16575285|1, 16575285|2408, tap_regular_character, 
16575285|1, 16575285|294, 16575365|322, 16575365|1192, 16575731|1210, 16575731|1235, 16575811|1261, 16575811|1404, 16575871|1420, 16575871|1453, 16576237|1470, 16576237|2194, 16576297|2229, 16576297|2437, tap_regular_character, 
16576297|1, 16576297|2400, tap_shift, 
16576297|1, 16576297|1879, long_press_character, 
16576297|1, 16576297|1904, long_press_character, 
16576297|1, 16576297|1943, long_press_character, 
16576297|1, 16576297|2360, tap_regular_character, 
16576297|1, 16576297|2390, tap_shift, 
16576297|1, 16576297|2520, tap_regular_character, 
16576297|1, 16576297|2436, tap_regular_character, 
16576297|1, 16576297|2328, tap_shift, 
16576297|1, 16576297|2379, tap_shift, 
16576297|1, 16576297|2461, tap_shift, 
16576297|1, 16576297|1953, 16576357|1984, 16576357|2020, 16577437|2041, 16577437|2068, 16577517|2116, tap_shift, 
