23680|1, 24172|203, 24024|246, 24024|313, 24172|350, 24172|559, 24320|593, 24320|630, 24312|667, 24312|761, 24460|821, 24460|1016, 24312|1062, 24312|1194, 24368|1235, 24368|1625, 24420|1666, 24420|2561, 24440|2594, 24440|2645, 24420|2672, 24420|3136, 23520|3215, 23620|3248, 23620|3630, 23656|3658, 23656|3725, 23648|3753, 23648|4011, com.android.chrome/org.chromium.chrome.browser.download.DownloadActivity, 
23748|1, 24024|218, 24024|370, 24172|425, 24172|713, 24320|770, 24468|819, 24468|1034, 24396|1064, 24436|1090, 24436|3057, 24452|3080, 24452|3111, 23652|3158, 23552|3218, 23552|4023, com.android.chrome/org.chromium.chrome.browser.download.DownloadActivity, 
23628|1, 24072|136, 24072|316, 24220|379, 24220|508, 24244|536, 24244|736, 24296|772, 24296|898, 24196|931, 24196|1500, 24216|1519, 24236|1544, 24236|2284, 24268|2314, 24268|2525, 24272|2550, 24272|2983, 24372|3013, 24372|3043, 23672|3091, 23672|3506, 23628|3537, 23628|3623, 23644|3668, 23644|3901, 23680|3952, 23680|4021, com.android.chrome/org.chromium.chrome.browser.preferences.website.ManageSpaceActivity, 
23580|1, 23932|147, 23932|169, 24080|203, 24080|459, 24228|503, 24228|602, 24524|649, 24672|723, 24820|762, 24820|845, 25116|928, 25116|1044, 25356|1119, 25356|1244, 25652|1403, 25800|1481, 25800|1868, 25948|1897, 25948|2087, 26044|2116, 26044|2162, 26112|2197, 26112|2581, 26116|2605, 26116|3078, 25072|3137, 23672|3223, 23672|3772, 23676|3815, 23676|4005, com.android.chrome/org.chromium.chrome.browser.incognito.IncognitoTabLauncher, 
23716|1, 24012|188, 24160|216, 24308|250, 24308|335, 24604|389, 24752|435, 24752|500, 25048|558, 25444|629, 25444|715, 25592|797, 25740|849, 25740|1407, 25888|1436, 25888|1593, 25900|1617, 25936|1638, 26028|1679, 26044|1710, 26044|2138, 26144|2171, 26144|2223, 26044|2256, 26044|2573, 26068|2608, 26092|2629, 26092|3071, 26136|3110, 26136|3160, 25436|3213, 23796|3320, 23796|3593, 23740|3625, 23740|4025, com.android.chrome/org.chromium.chrome.browser.customtabs.PaymentHandlerActivity, 
23692|1, 24160|157, 24160|354, 24308|432, 24308|650, 24456|685, 24456|1002, 24496|1033, 24460|1052, 24460|2973, 24536|3005, 24436|3039, 24436|3063, 24536|3088, 24536|3133, 23636|3192, 23660|4025, com.android.chrome/org.chromium.chrome.browser.download.DownloadActivity, 
23644|1, 24088|133, 24088|281, 24236|304, 24236|501, 24268|544, 24304|580, 24304|784, 24452|814, 24452|1292, 24420|1326, 24420|1531, 24480|1551, 24480|1899, 24380|1930, 24420|1963, 24420|2772, 24440|2801, 24440|3134, 23540|3185, 23540|3507, 23556|3537, 23556|3766, 23592|3799, 23592|4014, com.android.chrome/org.chromium.chrome.browser.download.DownloadActivity, 
23792|1, 24128|161, 24128|287, 24276|315, 24276|654, 24424|708, 24424|773, 24572|806, 24572|1017, 24552|1041, 24440|1064, 24400|1099, 24400|2996, 24500|3027, 24416|3061, 24416|3108, 23616|3173, 23516|3280, 23516|4011, com.android.chrome/org.chromium.chrome.browser.preferences.Preferences, 
23724|1, 24020|178, 24020|378, 24168|414, 24168|476, 24316|535, 24344|578, 24296|613, 24296|836, 24444|864, 24444|1506, 24484|1540, 24484|1563, 24464|1592, 24456|1626, 24432|1652, 24432|3122, 23432|3198, 23432|3585, 23548|3623, 23548|4001, com.android.chrome/org.chromium.chrome.browser.history.HistoryActivity, 
23548|1, 23844|138, 24024|174, 24016|200, 24016|351, 24164|377, 24164|752, 24312|809, 24312|1163, 24356|1193, 24356|1242, 24396|1275, 24396|3025, 24496|3055, 24396|3085, 24396|3142, 24344|3198, 23456|3272, 23456|3508, 23460|3548, 23460|3738, 23588|3778, 23588|4016, com.android.chrome/org.chromium.chrome.browser.download.DownloadActivity, 
23492|1, 23936|147, 23936|307, 24084|334, 24084|397, 24676|450, 24676|539, 24824|576, 24824|637, 24860|711, 24860|841, 25008|890, 24860|943, 24860|1535, 24912|1569, 24912|1672, 24864|1703, 24864|1951, 24948|1981, 24948|2871, 24968|2902, 24968|3203, 23468|3252, 23468|3612, 23532|3641, 23532|3671, 23584|3692, 23556|3723, 23556|4014, com.android.chrome/org.chromium.chrome.browser.bookmarks.BookmarkAddActivity, 
23656|1, 24004|168, 23984|201, 23984|255, 24132|292, 24132|560, 24280|585, 24280|855, 24428|887, 24428|1123, 24420|1157, 24420|1176, 24400|1204, 24432|1238, 24432|3111, 24348|3178, 23480|3238, 23480|4023, com.android.chrome/org.chromium.chrome.browser.history.HistoryActivity, 
23592|1, 23888|120, 24036|149, 24036|249, 24184|277, 24184|642, 24388|708, 24536|740, 24536|1141, 24516|1175, 24516|1677, 24396|1709, 24396|2963, 24496|2996, 24396|3019, 24396|3079, 23496|3155, 23496|4005, com.android.chrome/org.chromium.chrome.browser.download.DownloadActivity, 
23596|1, 24040|144, 24040|246, 24128|286, 24188|325, 24188|646, 24336|692, 24336|1124, 24332|1152, 24332|1236, 24364|1269, 24364|1321, 24388|1348, 24388|3152, 23488|3206, 23588|3253, 23608|3276, 23556|3308, 23588|4029, com.android.chrome/org.chromium.chrome.browser.download.DownloadActivity, 
23600|1, 24044|163, 24044|310, 24192|360, 24192|501, 24340|558, 24340|718, 24488|763, 24488|798, 24412|835, 24424|875, 24424|1266, 24388|1303, 24388|1585, 24396|1617, 24396|1829, 24420|1860, 24420|3123, 24320|3180, 23420|3252, 23420|3571, 23512|3596, 23512|3821, 23544|3853, 23544|4020, com.android.chrome/org.chromium.chrome.browser.history.HistoryActivity, 
23544|1, 23840|136, 23840|193, 23988|223, 23988|314, 24284|342, 24680|413, 24680|541, 24828|565, 25124|618, 25272|679, 25272|722, 25420|789, 25568|876, 25568|1334, 25732|1360, 25756|1405, 25756|1431, 25904|1456, 25904|2333, 26004|2366, 26004|3111, 26104|3140, 26104|3166, 25304|3226, 23672|3298, 23672|3357, 23696|3385, 23628|3406, 23628|4011, com.android.chrome/org.chromium.chrome.browser.customtabs.PaymentHandlerActivity, 
23640|1, 24084|154, 24084|358, 24232|395, 24232|728, 24336|816, 24408|857, 24408|1794, 24452|1824, 24400|1858, 24368|1888, 24368|3223, 23628|3261, 23480|3319, 23480|3779, 23628|3827, 23636|3856, 23636|4023, com.android.chrome/org.chromium.chrome.browser.preferences.Preferences, 
23588|1, 23884|113, 23884|266, 24008|289, 24008|365, 24304|408, 24748|453, 24748|580, 25192|655, 25488|768, 25488|1243, 25492|1275, 25512|1304, 25512|1328, 25588|1366, 25588|2118, 25568|2139, 25568|2168, 25624|2201, 25624|2277, 25648|2311, 25648|3119, 25748|3149, 24268|3249, 23796|3279, 23732|3313, 23732|3526, 23736|3547, 23736|3575, 23684|3607, 23684|4017, com.android.chrome/org.chromium.chrome.browser.firstrun.FirstRunActivity, 
23816|1, 24112|138, 24112|314, 24556|367, 24704|398, 24852|439, 24852|792, 25108|848, 25076|908, 25076|1409, 24928|1432, 24928|1452, 25076|1481, 25076|1532, 25088|1559, 25088|1738, 25092|1766, 25092|1829, 25016|1849, 25016|3090, 25116|3110, 25116|3160, 23516|3240, 23516|3521, 23548|3555, 23548|3715, 23648|3751, 23648|3830, 23680|3861, 23680|4017, com.android.chrome/org.chromium.chrome.browser.bookmarks.BookmarkAddActivity, 
23780|1, 23928|110, 23928|234, 24076|256, 24076|348, 24156|382, 24268|418, 24564|453, 24712|502, 24712|538, 25156|610, 25304|723, 25748|797, 26044|848, 26192|917, 26192|1362, 26300|1391, 26252|1416, 26252|1506, 26400|1544, 26400|1723, 26548|1762, 26548|2077, 26596|2116, 26596|2354, 26644|2381, 26680|2412, 26680|2452, 26712|2484, 26712|3082, 26812|3127, 23712|3197, 23712|3305, 23564|3355, 23568|3405, 23568|3803, 23716|3839, 23716|3868, 23696|3896, 23696|4008, com.android.chrome/org.chromium.chrome.browser.searchwidget.SearchActivity, 
23740|1, 24036|86, 24036|120, 24184|171, 24184|301, 24332|337, 24628|381, 24776|460, 24776|792, 25072|856, 25056|878, 25100|924, 25100|1642, 25072|1678, 25072|1756, 25076|1790, 25076|1866, 24980|1899, 24980|3177, 23480|3228, 23480|3771, 23628|3811, 23628|3879, 23644|3921, 23640|3962, 23640|4031, com.android.chrome/org.chromium.chrome.browser.bookmarks.BookmarkAddActivity, 
23788|1, 24232|97, 24232|122, 24084|157, 24084|327, 24232|360, 24232|389, 24244|411, 24224|442, 24224|735, 24372|795, 24372|950, 24520|990, 24520|1416, 24448|1452, 24448|3107, 24548|3140, 24548|3170, 23548|3213, 23548|3394, 23576|3420, 23552|3458, 23552|4030, com.android.chrome/org.chromium.chrome.browser.history.HistoryActivity, 
23528|1, 23528|98, 23824|136, 23824|465, 24120|504, 24120|571, 24268|605, 24268|849, 24188|869, 24188|906, 24280|931, 24260|973, 24260|1927, 24228|1957, 24228|2922, 24260|2954, 24260|3154, 24360|3186, 24260|3237, 23460|3289, 23608|3337, 23608|3562, 23584|3597, 23584|4028, com.android.chrome/org.chromium.chrome.browser.preferences.website.ManageSpaceActivity, 
23620|1, 23768|124, 23768|145, 24064|180, 24064|448, 24136|471, 24148|496, 24740|549, 24740|686, 25332|848, 25480|940, 25480|1054, 25332|1111, 25332|1402, 25384|1443, 25516|1481, 25516|1908, 25548|1928, 25548|2447, 25572|2474, 25572|2848, 25600|2873, 25600|3158, 25500|3256, 25100|3285, 25100|3319, 24952|3350, 24508|3386, 24212|3412, 23620|3445, 23656|3483, 23656|4032, com.android.chrome/org.chromium.chrome.browser.firstrun.FirstRunActivity, 
23580|1, 23876|89, 24024|123, 24024|295, 24172|320, 24172|564, 24320|634, 24320|886, 24316|917, 24316|1076, 24320|1120, 24320|1903, 24356|1937, 24356|3029, 24456|3063, 24456|3090, 23756|3145, 23756|3441, 23708|3463, 23708|3896, 23620|3918, 23620|4013, com.android.chrome/org.chromium.chrome.browser.sync.ui.PassphraseActivity, 
23720|1, 23720|73, 24016|120, 24016|164, 23868|218, 24016|243, 24016|328, 24164|356, 24164|386, 24608|429, 24756|466, 24756|503, 24828|543, 24828|838, 24976|878, 24976|1491, 24980|1510, 25000|1542, 24976|1572, 24976|3041, 25076|3092, 23476|3161, 23476|3602, 23540|3625, 23540|4008, com.android.chrome/org.chromium.chrome.browser.bookmarks.BookmarkAddActivity, 
23640|1, 23944|76, 23944|269, 24536|320, 24536|390, 24684|424, 24684|457, 24832|509, 24980|554, 24980|1011, 24984|1041, 24972|1063, 24972|1409, 25004|1439, 25004|1630, 25036|1659, 25036|2039, 24972|2068, 24972|3029, 25016|3059, 24992|3085, 23492|3193, 23492|4026, com.android.chrome/org.chromium.chrome.browser.bookmarks.BookmarkAddActivity, 
23620|1, 23768|77, 23620|102, 23916|147, 23916|208, 24064|245, 24064|381, 24656|456, 24804|482, 24804|598, 25108|678, 25404|791, 25256|846, 25404|883, 25404|1017, 25552|1216, 25552|1616, 25644|1641, 25664|1662, 25664|1868, 25644|1901, 25644|3181, 24552|3272, 23664|3302, 23664|3625, 23736|3658, 23736|3905, 23684|3933, 23684|4021, com.android.chrome/org.chromium.chrome.browser.firstrun.FirstRunActivity, 
23784|1, 24080|87, 24080|169, 23972|198, 23972|272, 24120|316, 24120|370, 24712|427, 24712|594, 25156|709, 25452|789, 25452|1002, 25576|1208, 25576|1824, 25568|1849, 25568|2147, 25596|2174, 25600|2202, 25600|3107, 24416|3183, 24416|3304, 24268|3340, 23676|3377, 23676|4021, com.android.chrome/org.chromium.chrome.browser.firstrun.FirstRunActivity, 
23812|1, 24256|84, 24108|135, 24108|291, 24256|322, 24256|716, 24404|763, 24504|822, 24484|849, 24484|1074, 24520|1100, 24520|1336, 24484|1369, 24484|1807, 24420|1839, 24420|3023, 24520|3051, 24420|3082, 24420|3133, 23520|3202, 23520|3746, 23620|3779, 23616|4028, com.android.chrome/org.chromium.chrome.browser.download.DownloadActivity, 
23616|1, 23468|81, 23764|131, 24060|173, 24060|347, 24484|394, 24632|446, 24780|483, 24928|515, 24928|790, 25076|844, 24928|895, 24928|1360, 24964|1391, 24964|3132, 25064|3171, 23564|3238, 23564|3356, 23636|3376, 23584|3408, 23584|3609, 23532|3644, 23532|4002, com.android.chrome/org.chromium.chrome.browser.bookmarks.BookmarkAddActivity, 
23656|1, 23804|78, 23952|121, 23952|292, 24100|321, 24100|556, 24396|610, 24396|817, 24320|868, 24320|1834, 24356|1853, 24356|3316, 24208|3347, 24208|3367, 23616|3400, 23616|3837, 23620|3873, 23620|4019, com.android.chrome/org.chromium.chrome.browser.sync.ui.PassphraseActivity, 
23720|1, 24016|83, 24016|104, 24164|136, 24164|385, 24016|426, 24064|463, 24212|518, 24656|572, 24804|614, 24804|685, 25100|752, 25100|808, 25248|863, 25840|986, 25988|1036, 25988|1432, 26192|1474, 26192|1572, 26340|1593, 26340|1775, 26488|1834, 26488|2140, 26508|2175, 26508|2430, 26580|2465, 26580|2544, 26644|2581, 26644|3201, 23760|3291, 23760|3415, 23644|3472, 23644|3864, 23616|3896, 23616|4008, com.android.chrome/org.chromium.chrome.browser.searchwidget.SearchActivity, 
23720|1, 24016|83, 24016|194, 23868|234, 23868|459, 24164|505, 24164|698, 24312|767, 24312|912, 24420|943, 24456|972, 24456|1611, 24420|1636, 24420|1921, 24360|1953, 24360|3164, 23460|3199, 23460|3581, 23492|3616, 23492|3939, 23520|3980, 23520|4016, com.android.chrome/org.chromium.chrome.browser.preferences.Preferences, 
23520|1, 23668|86, 23964|116, 23964|337, 24260|384, 24704|450, 24628|476, 24724|512, 24724|553, 24872|616, 24872|820, 25020|872, 25020|1458, 24968|1481, 24932|1510, 24932|3123, 25032|3159, 24432|3233, 23532|3289, 23532|3464, 23496|3496, 23496|4012, com.android.chrome/org.chromium.chrome.browser.bookmarks.BookmarkAddActivity, 
23664|1, 23664|99, 23960|168, 23960|423, 24108|458, 24108|502, 24256|535, 24700|625, 24700|669, 25144|790, 25144|858, 25420|936, 25760|1025, 25908|1074, 26056|1130, 26056|1656, 26204|1689, 26352|1733, 26352|1849, 26500|1913, 26540|1978, 26564|2031, 26564|2933, 26632|2967, 26632|3223, 23632|3365, 23632|3860, 23696|3896, 23696|3928, 23668|3956, 23612|3981, 23612|4007, com.android.chrome/org.chromium.chrome.browser.searchwidget.SearchActivity, 
23644|1, 24088|98, 24088|305, 24236|340, 24140|370, 24140|405, 24732|480, 24732|614, 24880|679, 24880|922, 25028|953, 24880|995, 24880|1310, 24992|1350, 24884|1385, 24884|1695, 24916|1744, 24916|2331, 24948|2361, 24952|2392, 24952|3163, 23472|3236, 23472|3337, 23456|3368, 23456|3752, 23604|3789, 23584|3819, 23584|4006, com.android.chrome/org.chromium.chrome.browser.bookmarks.BookmarkAddActivity, 
23484|1, 23632|78, 23632|129, 23928|157, 23928|230, 24076|268, 24076|476, 24224|514, 24224|549, 24372|609, 24372|807, 24296|827, 24240|852, 24216|884, 24216|1843, 24180|1876, 24180|2808, 24212|2840, 24212|3207, 23512|3242, 23560|3304, 23560|3545, 23592|3589, 23592|3808, 23544|3843, 23580|3873, 23580|4018, com.android.chrome/org.chromium.chrome.browser.preferences.website.ManageSpaceActivity, 
23580|1, 23580|84, 23728|119, 23728|147, 23876|210, 23876|305, 23856|328, 23948|352, 23948|496, 24096|532, 24244|565, 24392|606, 24836|646, 24836|732, 25132|827, 25280|904, 25280|973, 25576|1033, 25576|1193, 25724|1274, 25724|1313, 25608|1348, 25608|1753, 25756|1796, 25756|2080, 25800|2123, 25800|2243, 25900|2305, 25920|2331, 25928|2359, 25928|2388, 25912|2421, 25912|3223, 24312|3290, 23544|3354, 23544|3764, 23492|3799, 23492|3891, 23592|3929, 23592|4003, com.android.chrome/org.chromium.chrome.browser.customtabs.CustomTabActivity, 
23576|1, 23576|87, 23872|126, 23872|404, 24464|441, 24760|485, 24760|687, 24752|741, 24752|826, 24900|854, 24900|1266, 24824|1310, 24824|1390, 24924|1420, 24924|1680, 24932|1716, 24932|3244, 23532|3308, 23432|3348, 23432|3681, 23548|3706, 23544|3732, 23544|3815, 23580|3853, 23580|4018, com.android.chrome/org.chromium.chrome.browser.bookmarks.BookmarkAddActivity, 
23680|1, 24124|96, 24124|126, 24100|187, 24100|750, 24248|806, 24248|910, 24396|961, 24544|1013, 24544|1148, 24524|1185, 24492|1214, 24492|1256, 24456|1287, 24456|2178, 24424|2204, 24424|3156, 24472|3194, 23472|3271, 23472|4030, com.android.chrome/org.chromium.chrome.browser.history.HistoryActivity, 
23560|1, 23856|75, 23856|258, 24004|287, 24004|344, 24744|437, 24744|548, 25188|668, 25404|826, 25404|944, 25552|973, 25552|1653, 25576|1686, 25632|1710, 25632|1934, 25644|1955, 25644|3049, 25744|3074, 25644|3098, 25644|3191, 23744|3281, 23744|3676, 23656|3709, 23656|3823, 23684|3852, 23684|4017, com.android.chrome/org.chromium.chrome.browser.firstrun.FirstRunActivity, 
23784|1, 23636|89, 23636|112, 24080|147, 24080|204, 24144|243, 24144|367, 24588|414, 24588|453, 24884|499, 24884|607, 25180|668, 25328|749, 25476|787, 25624|845, 25624|1135, 25652|1191, 25820|1220, 25820|1513, 25968|1550, 25968|1878, 26020|1900, 26020|2202, 26096|2235, 26096|3131, 26196|3161, 26196|3190, 26136|3211, 25336|3274, 23756|3311, 23756|4022, com.android.chrome/org.chromium.chrome.browser.customtabs.PaymentHandlerActivity, 
23544|1, 23988|59, 23988|209, 24136|234, 24136|373, 24284|422, 24432|475, 24728|513, 24812|550, 24872|585, 25168|660, 25316|722, 25760|791, 25908|829, 25908|881, 26204|953, 26204|1496, 26232|1531, 26312|1555, 26312|1781, 26460|1819, 26460|2136, 26532|2169, 26532|2542, 26660|2593, 26660|3076, 25020|3160, 24280|3228, 24280|3288, 24132|3321, 23540|3345, 23540|3538, 23616|3566, 23616|4003, com.android.chrome/org.chromium.chrome.browser.searchwidget.SearchActivity, 
23568|1, 23552|50, 23996|97, 24144|147, 24144|323, 24292|361, 24292|522, 24440|555, 24588|589, 24736|635, 24736|683, 24884|727, 24884|751, 25180|835, 25328|947, 25420|1025, 25440|1116, 25588|1238, 25736|1364, 25736|1756, 25884|1790, 25884|1850, 26032|1887, 26032|1988, 26004|2010, 26028|2030, 26028|2058, 26064|2098, 26116|2129, 26116|3003, 26128|3024, 26128|3073, 23728|3146, 23728|3270, 23580|3331, 23580|3807, 23620|3850, 23620|4008, com.android.chrome/org.chromium.chrome.browser.incognito.IncognitoTabLauncher, 
23672|1, 23672|100, 23968|129, 23968|154, 24116|188, 24116|570, 24412|630, 24412|1231, 24504|1265, 24504|1576, 24468|1605, 24484|1637, 24484|1666, 24436|1687, 24436|3224, 23536|3270, 23636|3321, 23636|3576, 23652|3604, 23632|3631, 23632|4025, com.android.chrome/org.chromium.chrome.browser.preferences.Preferences, 
23732|1, 23732|70, 24220|104, 24200|126, 24052|182, 24052|644, 24200|693, 24200|725, 24348|772, 24496|810, 24496|908, 24644|932, 24644|1067, 24612|1096, 24612|1137, 24568|1173, 24568|1264, 24536|1300, 24536|2105, 24504|2131, 24504|3094, 24520|3123, 24520|3179, 23620|3280, 23620|4027, com.android.chrome/org.chromium.chrome.browser.history.HistoryActivity, 
23760|1, 24056|76, 24204|127, 24204|629, 24292|673, 24292|809, 24324|837, 24324|1657, 24264|1676, 24264|2633, 24300|2668, 24300|3006, 24400|3046, 24300|3075, 24400|3098, 24400|3146, 23500|3222, 23500|3469, 23592|3508, 23592|3626, 23596|3656, 23656|3680, 23656|4020, com.android.chrome/org.chromium.chrome.browser.preferences.website.ManageSpaceActivity, 
23656|1, 24100|84, 24100|199, 24172|242, 24112|275, 24112|305, 24260|336, 24852|388, 24852|515, 25296|624, 25296|715, 25592|817, 25740|875, 25740|1218, 25700|1245, 25504|1282, 25504|2058, 25544|2088, 25544|2230, 25604|2255, 25604|3110, 25704|3172, 25504|3231, 23768|3274, 23768|4023, com.android.chrome/org.chromium.chrome.browser.firstrun.FirstRunActivity, 
23644|1, 24088|90, 24088|509, 24236|549, 24236|704, 24208|735, 24176|768, 24176|1757, 24212|1781, 24212|3162, 23712|3227, 23712|3757, 23664|3783, 23664|4002, com.android.chrome/org.chromium.chrome.browser.media.router.caf.remoting.CafExpandedControllerActivity, 
23664|1, 24108|65, 24108|172, 24184|207, 24168|236, 24168|455, 24020|500, 24020|635, 24316|665, 24464|698, 24612|726, 24612|870, 25056|920, 25204|994, 25204|1066, 25352|1110, 25408|1215, 25500|1293, 25796|1488, 25796|1816, 25944|1856, 25944|2182, 26148|2225, 26148|2621, 26152|2656, 26152|3057, 25552|3110, 23752|3161, 23628|3265, 23628|3728, 23664|3757, 23756|4022, com.android.chrome/org.chromium.chrome.browser.incognito.IncognitoTabLauncher, 
23720|1, 24016|97, 24016|289, 24164|326, 24608|369, 24904|403, 24904|515, 25200|627, 25348|724, 25528|827, 25528|1726, 25688|1768, 25688|1830, 25636|1886, 25636|2743, 25640|2775, 25640|3006, 25740|3040, 25640|3064, 25640|3161, 25040|3223, 25040|3269, 24892|3311, 24892|3342, 24448|3386, 24300|3422, 23708|3459, 23708|3741, 23680|3779, 23680|3883, 23688|3928, 23688|4017, com.android.chrome/org.chromium.chrome.browser.firstrun.FirstRunActivity, 
23688|1, 24132|64, 24132|104, 24280|154, 24280|204, 24232|262, 24260|310, 24260|438, 24556|476, 24704|532, 24704|660, 25148|747, 25444|883, 25444|990, 25592|1050, 25592|1146, 25636|1270, 25768|1350, 25768|1725, 25996|1761, 25996|1837, 26096|1873, 26096|2238, 26128|2259, 26104|2293, 26104|2434, 26136|2465, 26136|3116, 24536|3186, 23588|3252, 23632|3303, 23632|3372, 23780|3421, 23780|3888, 23892|3921, 23892|4002, com.android.chrome/org.chromium.chrome.browser.incognito.IncognitoTabLauncher, 
23800|1, 23948|103, 24244|137, 24096|206, 24096|741, 24404|812, 24404|1560, 24476|1583, 24476|1745, 24484|1778, 24460|1799, 24460|3110, 24560|3144, 24560|3164, 24460|3213, 23560|3269, 23660|3315, 23660|3781, 23632|3810, 23632|4040, com.android.chrome/org.chromium.chrome.browser.download.DownloadActivity, 
23780|1, 24076|97, 24076|232, 24224|263, 24224|284, 24184|320, 24136|352, 24284|376, 24284|727, 24432|761, 24432|1134, 24476|1157, 24476|1320, 24408|1355, 24408|1386, 24436|1406, 24436|3186, 23536|3236, 23536|3323, 23592|3347, 23592|3766, 23692|3799, 23692|4025, com.android.chrome/org.chromium.chrome.browser.preferences.Preferences, 
23656|1, 23656|73, 23804|104, 23952|142, 23952|342, 24100|388, 24100|738, 24396|784, 24396|833, 24436|856, 24496|881, 24496|1286, 24504|1318, 24504|1818, 24552|1862, 24556|1888, 24500|1933, 24500|2860, 24464|2882, 24464|3080, 24400|3108, 24400|3161, 23512|3219, 23512|3743, 23660|3769, 23660|3817, 23652|3848, 23656|3881, 23656|4024, com.android.chrome/org.chromium.chrome.browser.history.HistoryActivity, 
23656|1, 23952|106, 23952|234, 24100|266, 24100|394, 24200|456, 24276|501, 24276|640, 24424|697, 24424|757, 24572|779, 24572|994, 24544|1027, 24544|1441, 24460|1471, 24460|1885, 24424|1920, 24424|3196, 24324|3240, 24124|3279, 23524|3340, 23524|3416, 23532|3452, 23560|3483, 23560|4004, com.android.chrome/org.chromium.chrome.browser.download.DownloadActivity, 
23516|1, 23664|81, 23960|116, 23960|422, 24256|454, 24256|545, 24404|576, 24404|856, 24440|894, 24412|914, 24240|946, 24240|2877, 24244|2912, 24276|2957, 24276|3226, 23476|3262, 23476|3880, 23596|3910, 23600|3937, 23600|3965, 23628|3997, 23628|4022, com.android.chrome/org.chromium.chrome.browser.preferences.website.ManageSpaceActivity, 
23776|1, 23776|68, 24072|113, 24220|145, 24220|365, 24128|400, 24276|428, 24276|650, 24216|675, 24216|1335, 24248|1360, 24188|1388, 24188|3252, 23688|3283, 23688|3343, 23628|3372, 23628|4011, com.android.chrome/org.chromium.chrome.browser.media.router.caf.remoting.CafExpandedControllerActivity, 
23744|1, 23744|93, 23892|131, 23892|180, 24040|202, 24040|386, 24188|436, 24188|652, 24336|697, 24336|799, 24368|841, 24320|876, 24324|930, 24324|1820, 24360|1854, 24360|3142, 24460|3162, 24460|3213, 24360|3244, 24360|3277, 24212|3300, 24212|3327, 23620|3360, 23620|3834, 23628|3876, 23628|4007, com.android.chrome/org.chromium.chrome.browser.sync.ui.PassphraseActivity, 
23728|1, 23728|110, 24024|144, 24172|168, 24172|355, 24320|411, 24188|457, 24188|632, 24632|682, 24632|746, 24780|787, 24780|857, 25224|975, 25224|1164, 25372|1219, 25520|1319, 25812|1455, 25812|1909, 25960|1937, 25960|2409, 26076|2441, 26076|2562, 26132|2598, 26132|3170, 24432|3249, 23632|3306, 23632|3420, 23820|3478, 23820|4014, com.android.chrome/org.chromium.chrome.browser.incognito.IncognitoTabLauncher, 
23732|1, 24176|70, 24176|309, 24324|363, 24176|414, 24176|545, 24324|581, 24768|636, 24768|754, 25256|847, 25256|923, 25404|988, 25404|1158, 25552|1282, 25848|1379, 25848|1756, 25940|1787, 25972|1810, 25972|1908, 26120|1946, 26120|2512, 26132|2545, 26132|2786, 26208|2813, 26208|3114, 23908|3181, 23708|3231, 23708|3354, 23856|3422, 23856|3773, 23800|3820, 23708|3842, 23676|3873, 23676|4025, com.android.chrome/org.chromium.chrome.browser.incognito.IncognitoTabLauncher, 
23628|1, 23776|74, 23776|116, 23924|139, 24072|184, 24220|254, 24228|331, 24228|364, 24376|401, 24820|459, 24820|572, 25116|635, 25264|721, 25560|807, 25560|928, 25708|1046, 25708|1278, 25744|1324, 25744|1486, 25892|1512, 25892|1815, 25900|1850, 25900|2046, 26000|2113, 26000|2305, 26028|2325, 26028|3202, 24440|3285, 23656|3330, 23656|3604, 23692|3640, 23692|4041, com.android.chrome/org.chromium.chrome.browser.customtabs.PaymentHandlerActivity, 
23568|1, 23716|78, 23716|101, 24012|137, 24012|242, 23864|294, 23864|353, 24012|383, 24012|439, 24160|488, 24308|522, 24752|584, 24900|667, 25196|720, 25208|826, 25800|976, 25948|1048, 26096|1115, 26096|1636, 26244|1674, 26392|1710, 26392|1740, 26624|1786, 26484|1837, 26484|1938, 26632|1999, 26632|2333, 26640|2362, 26640|2743, 26648|2789, 26676|2823, 26676|3111, 26576|3142, 23636|3210, 23636|3771, 23584|3808, 23620|3836, 23620|4020, com.android.chrome/org.chromium.chrome.browser.searchwidget.SearchActivity, 
23520|1, 23520|69, 23816|111, 23816|231, 23896|259, 24000|287, 24000|361, 24148|417, 24148|959, 24176|992, 24176|1242, 24116|1270, 24152|1305, 24152|3231, 23628|3271, 23600|3297, 23600|4002, com.android.chrome/org.chromium.chrome.browser.media.router.caf.remoting.CafExpandedControllerActivity, 
23608|1, 23904|131, 23904|164, 24052|190, 24052|644, 24276|700, 24400|759, 24400|1481, 24404|1502, 24404|1703, 24432|1730, 24432|2998, 24532|3027, 24432|3048, 24432|3162, 23532|3221, 23532|3706, 23588|3753, 23592|4040, com.android.chrome/org.chromium.chrome.browser.history.HistoryActivity, 
23592|1, 23592|188, 23888|220, 23888|286, 23972|315, 23936|349, 23936|465, 24232|494, 24676|564, 24676|678, 24972|744, 25120|816, 25268|928, 25860|984, 25860|1038, 26008|1096, 26008|1291, 26192|1322, 26192|1635, 26340|1667, 26340|2031, 26488|2082, 26488|2287, 26560|2307, 26636|2340, 26640|2385, 26640|3109, 25040|3161, 24488|3236, 24488|3298, 24168|3325, 24168|3353, 23576|3389, 23576|3635, 23616|3659, 23616|4009, com.android.chrome/org.chromium.chrome.browser.searchwidget.SearchActivity, 
23564|1, 23860|70, 23860|284, 24008|318, 24008|645, 24156|728, 24156|756, 24300|790, 24380|817, 24380|1281, 24428|1315, 24428|1782, 24372|1807, 24372|3137, 24272|3165, 23580|3215, 23580|3530, 23668|3553, 23668|3759, 23592|3794, 23592|4007, com.android.chrome/org.chromium.chrome.browser.preferences.Preferences, 
23692|1, 23988|60, 24136|102, 23988|162, 23988|304, 23996|345, 24360|386, 24656|446, 24656|549, 25100|642, 25396|750, 25544|828, 25544|1325, 25588|1352, 25624|1387, 25624|2329, 25652|2360, 25652|3142, 23728|3249, 23728|3332, 23744|3367, 23744|4036, com.android.chrome/org.chromium.chrome.browser.firstrun.FirstRunActivity, 
23704|1, 23704|95, 24148|131, 24148|887, 24184|937, 24204|963, 24204|3206, 23704|3237, 23704|3939, 23624|3977, 23652|4015, com.android.chrome/org.chromium.chrome.browser.media.router.caf.remoting.CafExpandedControllerActivity, 
23752|1, 23900|98, 24196|139, 24196|456, 24220|492, 24264|532, 24264|762, 24412|823, 24412|1263, 24384|1308, 24384|1460, 24400|1482, 24428|1518, 24428|3186, 24328|3293, 23736|3356, 23736|3474, 23684|3497, 23680|3533, 23680|3913, 23584|3954, 23584|4001, com.android.chrome/org.chromium.chrome.browser.preferences.Preferences, 
23724|1, 24072|84, 24072|250, 24220|276, 24220|556, 24368|608, 24368|664, 24516|705, 24516|958, 24396|993, 24396|1099, 24388|1135, 24388|3041, 24364|3064, 24364|3201, 23464|3234, 23464|3828, 23500|3855, 23500|3945, 23552|3973, 23644|3995, 23644|4033, com.android.chrome/org.chromium.chrome.browser.preferences.Preferences, 
23764|1, 23616|61, 23616|110, 23912|142, 23912|199, 24060|231, 24060|415, 24176|447, 24176|471, 24472|515, 24768|582, 24768|686, 25212|806, 25360|895, 25360|1064, 25508|1125, 25508|1199, 25656|1282, 25656|1394, 25652|1421, 25644|1455, 25644|1771, 25792|1797, 25792|2281, 25940|2308, 25940|2373, 25900|2402, 25900|2423, 25936|2455, 25936|2534, 25920|2579, 25920|3113, 24192|3175, 23600|3259, 23600|3404, 23496|3438, 23496|3549, 23548|3585, 23548|4009, com.android.chrome/org.chromium.chrome.browser.customtabs.CustomTabActivity, 
23600|1, 23644|64, 23644|91, 23940|119, 23940|456, 24088|512, 24088|822, 24236|848, 24236|870, 24384|915, 24532|950, 24532|998, 24500|1021, 24424|1053, 24424|1182, 24388|1210, 24388|2025, 24360|2055, 24360|3153, 24460|3188, 24160|3296, 23560|3346, 23560|3570, 23624|3600, 23624|3857, 23688|3900, 23688|4009, com.android.chrome/org.chromium.chrome.browser.preferences.Preferences, 
23684|1, 23980|73, 23980|112, 24128|155, 24128|440, 24196|505, 24492|560, 24492|596, 24788|655, 24788|705, 25084|762, 25084|824, 25232|895, 25676|955, 25972|1064, 26120|1128, 26120|1466, 26176|1493, 26196|1543, 26196|1719, 26344|1776, 26344|1870, 26492|1935, 26492|2221, 26444|2259, 26444|2481, 26584|2522, 26584|2645, 26636|2684, 26636|3097, 26576|3127, 26576|3155, 23736|3236, 23736|3308, 23884|3356, 23884|3415, 23588|3463, 23612|3499, 23612|3866, 23652|3893, 23652|4006, com.android.chrome/org.chromium.chrome.browser.searchwidget.SearchActivity, 
23608|1, 24052|99, 24052|154, 24200|187, 24200|366, 24644|420, 24644|582, 25384|656, 25384|792, 25532|913, 25492|947, 25536|1012, 25536|1932, 25624|1983, 25624|2937, 25628|2965, 25628|3051, 25660|3090, 25660|3173, 24860|3269, 24460|3300, 24460|3358, 24312|3399, 24312|3449, 23720|3485, 23720|3907, 23700|3953, 23700|4005, com.android.chrome/org.chromium.chrome.browser.firstrun.FirstRunActivity, 
23640|1, 23936|81, 23936|154, 24084|184, 24084|289, 24176|322, 24192|351, 24192|669, 24340|738, 24340|1179, 24404|1208, 24404|1315, 24484|1341, 24484|1427, 24492|1454, 24492|3071, 24392|3119, 23700|3177, 23700|3310, 23620|3346, 23620|4013, com.android.chrome/org.chromium.chrome.browser.history.HistoryActivity, 
23656|1, 23656|64, 24100|106, 24100|381, 24248|411, 24248|774, 24216|800, 24216|887, 24116|912, 24116|931, 24232|962, 24260|989, 24260|2912, 24296|2959, 24296|3208, 23596|3255, 23696|3322, 23696|3938, 23676|3977, 23656|4006, com.android.chrome/org.chromium.chrome.browser.preferences.website.ManageSpaceActivity, 
23752|1, 23752|106, 24196|144, 24196|409, 24208|448, 24180|482, 24180|525, 24328|578, 24328|1151, 24292|1196, 24292|1437, 24380|1458, 24380|1649, 24388|1686, 24388|3174, 23688|3206, 23688|3433, 23620|3455, 23664|3486, 23664|4007, com.android.chrome/org.chromium.chrome.browser.sync.ui.PassphraseActivity, 
23764|1, 24040|76, 24188|120, 24040|159, 24040|274, 24188|305, 24188|572, 24336|639, 24336|914, 24484|945, 24484|970, 24524|1011, 24580|1053, 24580|1216, 24548|1252, 24548|1996, 24488|2025, 24488|3030, 24520|3061, 24520|3161, 24420|3192, 23520|3272, 23564|4002, com.android.chrome/org.chromium.chrome.browser.history.HistoryActivity, 
23804|1, 23804|106, 23952|146, 24100|202, 24100|362, 24248|386, 24248|493, 24140|609, 24288|692, 24288|953, 24300|984, 24300|1471, 24324|1503, 24364|1533, 24364|3346, 24216|3381, 23624|3416, 23624|3506, 23608|3537, 23608|3651, 23628|3684, 23628|4019, com.android.chrome/org.chromium.chrome.browser.sync.ui.PassphraseActivity, 
23528|1, 24040|106, 24040|574, 24632|656, 24632|851, 24928|962, 25152|1017, 25212|1112, 25360|1171, 25360|1281, 25656|1423, 25656|1535, 25804|1585, 25804|1779, 25952|1810, 25952|1936, 26100|1978, 26100|2001, 26108|2057, 26108|2323, 26112|2355, 26112|3000, 26116|3037, 26116|3093, 26216|3127, 26216|3169, 23640|3218, 23640|3819, 23724|3881, 23716|4030, com.android.chrome/org.chromium.chrome.browser.incognito.IncognitoTabLauncher, 
23616|1, 23616|62, 23912|96, 23912|291, 24060|336, 24208|368, 24208|401, 24504|444, 24756|488, 24812|528, 24812|613, 25108|704, 25108|837, 25552|932, 25552|1454, 25668|1500, 25668|1645, 25816|1689, 25816|2115, 25916|2159, 25916|2480, 25976|2502, 25976|3192, 25176|3290, 23696|3326, 23696|3465, 23616|3499, 23616|3841, 23624|3879, 23624|4033, com.android.chrome/org.chromium.chrome.browser.customtabs.CustomTabActivity, 
23744|1, 24040|83, 24040|157, 24188|190, 24188|462, 24632|516, 24780|587, 24780|634, 25224|734, 25372|804, 25372|902, 25512|969, 25512|1115, 25660|1189, 25660|1627, 25808|1659, 25808|1937, 25868|1974, 25868|2168, 25968|2204, 25968|2917, 25940|2945, 25940|3077, 26040|3101, 26040|3129, 23568|3225, 23716|3311, 23716|3737, 23720|3781, 23720|3948, 23584|3981, 23584|4019, com.android.chrome/org.chromium.chrome.browser.customtabs.CustomTabActivity, 
23684|1, 24128|95, 23980|139, 24128|170, 24128|347, 24720|394, 24708|450, 24816|476, 24816|586, 25260|656, 25408|742, 25556|865, 25556|1296, 25704|1330, 25704|1433, 25664|1458, 25664|1484, 25620|1518, 25620|3174, 24680|3274, 24384|3344, 24236|3395, 23644|3419, 23644|3445, 23656|3485, 23656|4003, com.android.chrome/org.chromium.chrome.browser.firstrun.FirstRunActivity, 
23672|1, 24024|88, 24172|128, 24172|444, 24320|475, 24320|524, 24764|581, 24764|662, 25060|758, 25356|825, 25504|921, 26036|1021, 26036|1629, 26184|1663, 26184|1728, 26332|1764, 26332|1827, 26480|1892, 26480|1937, 26692|2000, 26696|2041, 26696|2216, 26684|2258, 26684|2979, 26696|3011, 26696|3205, 26096|3274, 24552|3352, 24552|3386, 24404|3423, 23664|3475, 23664|3838, 23740|3886, 23656|4016, com.android.chrome/org.chromium.chrome.browser.searchwidget.SearchActivity, 
23756|1, 24052|94, 24052|302, 24200|331, 24504|383, 24800|450, 24800|544, 25244|679, 25244|789, 25540|880, 25540|1341, 25620|1377, 25664|1421, 25664|1517, 25812|1553, 25812|1898, 25824|1934, 25824|2090, 25924|2143, 25924|2359, 25972|2386, 25972|2407, 25964|2450, 25964|2987, 26064|3028, 25964|3056, 25964|3079, 26064|3118, 23584|3259, 23584|3343, 23628|3384, 23628|3660, 23608|3685, 23608|4015, com.android.chrome/org.chromium.chrome.browser.customtabs.CustomTabActivity, 
23748|1, 24044|69, 23896|130, 24044|179, 24044|369, 24636|434, 24784|491, 24784|797, 24932|858, 25096|892, 24940|935, 24940|1936, 24944|1958, 24944|3031, 25044|3059, 24944|3095, 24944|3156, 23444|3262, 23444|3754, 23544|3794, 23544|3913, 23592|3948, 23592|4007, com.android.chrome/org.chromium.chrome.browser.bookmarks.BookmarkAddActivity, 
23644|1, 23940|93, 23940|119, 24088|154, 24236|189, 24236|404, 24240|438, 24260|474, 24556|510, 24704|556, 24852|622, 25148|695, 25296|754, 25592|846, 26036|932, 26036|1414, 26200|1456, 26200|1608, 26348|1639, 26348|1867, 26496|1923, 26496|2249, 26552|2287, 26552|2408, 26652|2462, 26652|3179, 26052|3235, 24508|3323, 24508|3377, 24324|3436, 23584|3483, 23584|4014, com.android.chrome/org.chromium.chrome.browser.searchwidget.SearchActivity, 
23620|1, 23916|62, 23916|93, 24064|129, 24064|557, 24656|619, 24804|646, 24804|801, 25324|899, 25324|1203, 25768|1345, 25916|1497, 25916|1818, 25900|1860, 25900|1929, 26048|1961, 26048|2338, 26104|2370, 26104|2807, 26124|2855, 26124|3157, 23724|3218, 23724|3844, 23744|3884, 23744|4009, com.android.chrome/org.chromium.chrome.browser.incognito.IncognitoTabLauncher, 
23720|1, 23720|116, 24016|157, 24164|234, 24164|345, 24240|375, 24148|421, 24148|768, 24444|831, 24444|1180, 24464|1213, 24464|1362, 24448|1397, 24448|3151, 23548|3261, 23548|3358, 23544|3393, 23564|3423, 23564|3491, 23656|3540, 23656|4024, com.android.chrome/org.chromium.chrome.browser.preferences.Preferences, 
23724|1, 23872|60, 24168|92, 24168|371, 24316|404, 24316|877, 24236|915, 24280|935, 24280|2872, 24312|2911, 24312|3153, 24212|3207, 23620|3269, 23620|3579, 23712|3617, 23712|3887, 23760|3922, 23760|4006, com.android.chrome/org.chromium.chrome.browser.preferences.website.ManageSpaceActivity, 
23736|1, 24032|77, 24032|237, 24180|289, 24180|326, 24624|371, 24772|409, 24872|450, 24916|500, 24916|554, 25212|631, 25508|694, 25508|762, 25656|870, 25656|1394, 25688|1438, 25756|1476, 25804|1503, 25804|1891, 25900|1932, 25900|2175, 26032|2218, 26032|2415, 26020|2445, 26080|2478, 26080|3116, 26180|3145, 26180|3192, 23712|3305, 23712|3431, 23724|3460, 23724|3561, 23732|3601, 23732|4017, com.android.chrome/org.chromium.chrome.browser.customtabs.PaymentHandlerActivity, 
23784|1, 24080|102, 24080|139, 24228|199, 24228|626, 24524|677, 24672|725, 24820|774, 24820|896, 25188|1015, 25188|1076, 25336|1172, 25336|1268, 25484|1431, 25780|1571, 25780|1959, 25812|2000, 25812|2036, 25880|2064, 25880|2106, 26028|2142, 26028|2491, 26040|2532, 26040|2935, 26112|2979, 26112|3099, 26212|3135, 23844|3207, 23844|3354, 23696|3426, 23696|3549, 23548|3577, 23548|3830, 23636|3867, 23636|3926, 23684|3964, 23716|4001, com.android.chrome/org.chromium.chrome.browser.incognito.IncognitoTabLauncher, 
23716|1, 23864|74, 24160|116, 24160|291, 24012|335, 24012|427, 24104|463, 24168|487, 24168|856, 24180|892, 24180|1437, 24216|1466, 24216|3133, 24316|3170, 23616|3245, 23616|3435, 23664|3459, 23664|4044, com.android.chrome/org.chromium.chrome.browser.media.router.caf.remoting.CafExpandedControllerActivity, 
23928|1, 24076|75, 24076|200, 24224|239, 24224|271, 24520|349, 24816|403, 24816|564, 25408|674, 25704|769, 25704|835, 25640|942, 25640|1089, 25788|1175, 25788|1637, 25936|1683, 25936|1891, 26008|1928, 26036|1963, 26036|2147, 26020|2192, 26020|2881, 26072|2919, 26072|3104, 24444|3167, 23704|3210, 23704|3528, 23640|3566, 23640|3830, 23612|3874, 23692|3913, 23692|4037, com.android.chrome/org.chromium.chrome.browser.customtabs.PaymentHandlerActivity, 
23792|1, 23792|63, 24088|111, 24088|177, 24236|206, 24236|361, 24280|421, 24280|461, 24132|504, 24132|611, 24280|654, 24428|729, 24724|790, 25168|871, 25316|1026, 25316|1185, 25760|1339, 25856|1478, 25856|2183, 26004|2208, 26004|2286, 26152|2326, 26152|2354, 26168|2398, 26168|3096, 26068|3170, 23668|3225, 23668|3363, 23784|3414, 23784|4010, com.android.chrome/org.chromium.chrome.browser.incognito.IncognitoTabLauncher, 
23764|1, 23712|92, 23712|138, 24008|187, 24008|225, 24156|291, 24156|410, 24600|485, 24896|519, 24896|656, 25192|744, 25488|817, 25608|873, 25684|984, 25684|1710, 25832|1750, 25832|1836, 25852|1870, 26020|1899, 26020|2083, 26024|2120, 26024|2859, 26076|2900, 26076|3141, 26176|3178, 26176|3237, 25276|3310, 23648|3395, 23648|3645, 23628|3691, 23628|3864, 23644|3900, 23700|3951, 23700|4003, com.android.chrome/org.chromium.chrome.browser.customtabs.PaymentHandlerActivity, 
23800|1, 24096|62, 24244|114, 24096|161, 24096|223, 24164|277, 24164|412, 24608|504, 24756|581, 24904|649, 25200|712, 25348|797, 25348|849, 25644|917, 26088|1019, 26088|1209, 26120|1256, 26236|1325, 26236|1760, 26384|1800, 26384|1903, 26532|1946, 26532|2054, 26680|2119, 26680|2199, 26676|2234, 26732|2264, 26692|2296, 26692|3093, 24324|3191, 24324|3227, 24320|3258, 24368|3316, 24368|3415, 23776|3466, 23776|4023, com.android.chrome/org.chromium.chrome.browser.searchwidget.SearchActivity, 
23788|1, 24084|96, 24084|348, 24232|401, 24232|572, 24212|648, 24248|683, 24248|1399, 24320|1449, 24320|1641, 24356|1688, 24356|2639, 24360|2671, 24360|3161, 23660|3230, 23660|3616, 23688|3655, 23628|3698, 23628|4039, com.android.chrome/org.chromium.chrome.browser.sync.ui.PassphraseActivity, 
23628|1, 23924|61, 24072|91, 23924|145, 24072|187, 24108|228, 24108|582, 24172|619, 24172|1191, 24188|1222, 24176|1260, 24176|3189, 24204|3227, 24072|3254, 23672|3288, 23672|3543, 23676|3582, 23676|4012, com.android.chrome/org.chromium.chrome.browser.media.router.caf.remoting.CafExpandedControllerActivity, 
23640|1, 24084|90, 24084|404, 24676|472, 24676|511, 24824|583, 25120|733, 25120|778, 25400|830, 25376|932, 25376|1097, 25524|1177, 25524|1534, 25672|1574, 25820|1609, 25820|1669, 25968|1711, 25968|1803, 25964|1838, 25872|1872, 25872|2817, 25932|2853, 25944|2885, 25944|3199, 24344|3280, 23604|3330, 23752|3376, 23752|3640, 23728|3680, 23728|3808, 23584|3861, 23584|4024, com.android.chrome/org.chromium.chrome.browser.customtabs.CustomTabActivity, 
23684|1, 23980|69, 23980|133, 24128|170, 24128|606, 24424|701, 24424|1027, 24380|1052, 24380|1259, 24324|1290, 24336|1318, 24336|1402, 24352|1456, 24352|3273, 24380|3307, 24280|3348, 23680|3392, 23680|3765, 23652|3795, 23652|4004, com.android.chrome/org.chromium.chrome.browser.sync.ui.PassphraseActivity, 
23608|1, 23608|134, 23904|178, 23904|267, 24052|296, 24052|477, 24200|529, 24052|564, 24052|785, 24124|809, 24128|839, 24136|871, 24136|1862, 24172|1897, 24172|3273, 24024|3305, 23580|3336, 23580|3801, 23620|3836, 23664|3870, 23664|4019, com.android.chrome/org.chromium.chrome.browser.media.router.caf.remoting.CafExpandedControllerActivity, 
23772|1, 24068|56, 24068|232, 24132|272, 24152|326, 24152|385, 24448|425, 24744|462, 24892|491, 24892|637, 25336|710, 25336|750, 25484|810, 25484|860, 25632|965, 25632|1228, 25720|1268, 25788|1300, 25788|1613, 25936|1643, 25936|2160, 26060|2222, 26060|2251, 26056|2277, 26072|2337, 26072|3063, 24572|3142, 23872|3203, 23872|3267, 23772|3299, 23772|3491, 23720|3532, 23720|4003, com.android.chrome/org.chromium.chrome.browser.customtabs.PaymentHandlerActivity, 
23736|1, 24132|66, 24132|158, 24280|201, 24280|836, 24380|876, 24380|1807, 24420|1843, 24420|3309, 24272|3335, 24272|3405, 23680|3448, 23680|3722, 23684|3763, 23684|3832, 23688|3857, 23688|4025, com.android.chrome/org.chromium.chrome.browser.sync.ui.PassphraseActivity, 
23688|1, 24132|84, 23984|119, 23984|272, 24132|313, 24132|388, 24248|465, 24248|521, 24396|613, 24396|909, 24412|956, 24412|1403, 24452|1436, 24452|3306, 24304|3348, 23712|3382, 23712|3412, 23672|3448, 23672|3587, 23668|3622, 23668|4027, com.android.chrome/org.chromium.chrome.browser.sync.ui.PassphraseActivity, 
23768|1, 23896|68, 24192|108, 24192|605, 24488|668, 24488|996, 24460|1033, 24416|1066, 24416|1111, 24380|1161, 24380|2007, 24416|2039, 24416|3324, 24216|3362, 24216|3393, 23716|3418, 23716|4023, com.android.chrome/org.chromium.chrome.browser.sync.ui.PassphraseActivity, 
23684|1, 23684|80, 24128|115, 24128|187, 24276|246, 24276|496, 24720|547, 24768|597, 24916|632, 24916|769, 25360|874, 25656|940, 25656|1015, 25804|1098, 25804|1540, 25852|1582, 25764|1620, 25764|1797, 25912|1854, 25912|2069, 25916|2110, 25916|2294, 26016|2347, 26016|2551, 25988|2580, 25996|2601, 25996|2711, 26048|2746, 26048|3130, 25948|3174, 23708|3237, 23708|3560, 23744|3594, 23744|3788, 23740|3828, 23740|3850, 23688|3886, 23688|4021, com.android.chrome/org.chromium.chrome.browser.customtabs.PaymentHandlerActivity, 
23836|1, 24148|86, 24224|136, 24224|293, 24372|333, 24372|681, 24304|714, 24304|870, 24204|903, 24204|1053, 24184|1090, 24192|1123, 24192|1389, 24224|1423, 24224|2082, 24260|2129, 24260|3072, 24276|3106, 24276|3139, 23576|3197, 23576|4006, com.android.chrome/org.chromium.chrome.browser.preferences.website.ManageSpaceActivity, 
23616|1, 23912|95, 24060|153, 24060|340, 24208|376, 24208|404, 24504|444, 24652|522, 24652|575, 24712|623, 25204|773, 25352|896, 25352|971, 24760|1053, 24760|1557, 24908|1590, 24996|1618, 25036|1647, 25184|1687, 25184|1925, 25188|1961, 25188|2597, 25256|2632, 25256|3170, 22856|3232, 22856|3590, 22872|3626, 22872|3690, 22964|3725, 22964|4016, com.android.chrome/org.chromium.chrome.browser.customtabs.CustomTabActivity, 
23064|1, 23012|72, 23012|100, 22972|130, 22884|155, 23180|200, 23180|281, 23328|315, 23328|363, 23476|394, 23476|428, 23328|479, 23328|931, 23544|984, 23544|1141, 23508|1173, 23508|1266, 23512|1292, 23512|3116, 23516|3151, 23516|3205, 23016|3268, 23016|4033, com.android.chrome/org.chromium.chrome.browser.media.router.caf.remoting.CafExpandedControllerActivity, 
23032|1, 23328|58, 23476|95, 23476|265, 23624|299, 23920|342, 23920|383, 24216|439, 24216|562, 24588|640, 24588|693, 24736|767, 24884|852, 24884|1062, 25032|1128, 25032|1556, 25132|1595, 25136|1625, 25136|1916, 25144|1959, 25144|2109, 25276|2156, 25276|2599, 25336|2629, 25336|3186, 22996|3298, 22996|3581, 22956|3604, 22924|3641, 22924|4001, com.android.chrome/org.chromium.chrome.browser.customtabs.PaymentHandlerActivity, 
22848|1, 23200|64, 23200|361, 23496|404, 23496|739, 23552|761, 23552|982, 23540|1016, 23540|1103, 23500|1136, 23500|1986, 23532|2037, 23532|2988, 23632|3021, 23568|3046, 23568|3116, 23468|3167, 22768|3192, 22768|3637, 22832|3664, 22832|3740, 22960|3774, 22960|3948, 22912|3983, 22888|4019, com.android.chrome/org.chromium.chrome.browser.preferences.website.ManageSpaceActivity, 
22888|1, 23036|87, 23036|109, 23332|138, 23332|219, 23184|257, 23184|428, 23480|468, 23516|502, 23536|543, 23536|783, 23524|805, 23524|1510, 23492|1545, 23492|2502, 23524|2535, 23524|3109, 23624|3144, 23624|3205, 22824|3265, 22824|3497, 22856|3532, 22856|4016, com.android.chrome/org.chromium.chrome.browser.preferences.website.ManageSpaceActivity, 
22876|1, 22908|80, 23204|120, 23204|156, 23352|224, 23352|308, 23204|353, 23352|394, 23352|677, 23400|711, 23400|888, 23500|912, 23500|1023, 23484|1045, 23436|1075, 23436|1108, 23476|1147, 23476|3262, 22884|3287, 22884|4026, com.android.chrome/org.chromium.chrome.browser.media.router.caf.remoting.CafExpandedControllerActivity, 
22924|1, 23368|109, 23368|380, 23960|455, 23960|569, 24096|644, 24392|775, 24392|865, 24540|949, 24540|1078, 24688|1122, 24836|1192, 24836|1508, 24984|1531, 24984|1561, 24968|1608, 25048|1637, 25048|1953, 25100|1988, 25100|2186, 25200|2209, 25200|2471, 25176|2521, 25176|2584, 25212|2607, 25212|3077, 25312|3113, 25312|3150, 22772|3267, 22772|3583, 22788|3611, 22788|4016, com.android.chrome/org.chromium.chrome.browser.customtabs.CustomTabActivity, 
22988|1, 23184|117, 23188|161, 23188|212, 23336|267, 23336|375, 23484|404, 23484|457, 23928|529, 24076|617, 24372|700, 24520|774, 24520|906, 24668|977, 24668|1038, 24720|1093, 24804|1148, 24804|1654, 24952|1698, 24952|1776, 25100|1818, 25100|2100, 25136|2136, 25136|3088, 25196|3115, 25180|3152, 25180|3257, 22780|3332, 22780|4006, com.android.chrome/org.chromium.chrome.browser.customtabs.CustomTabActivity, 
22888|1, 22888|79, 23036|129, 23184|156, 23184|248, 23332|274, 23332|522, 23356|547, 23348|581, 23348|704, 23408|742, 23408|1537, 23444|1567, 23444|3254, 22944|3306, 22944|3528, 22892|3556, 22892|4015, com.android.chrome/org.chromium.chrome.browser.media.router.caf.remoting.CafExpandedControllerActivity, 
22992|1, 22948|67, 22948|179, 23244|223, 23392|250, 23392|469, 23540|507, 23836|547, 23984|578, 24132|629, 24132|685, 24280|783, 24576|897, 24576|953, 24696|1042, 24696|1253, 24844|1318, 24844|1711, 24992|1749, 24992|1826, 25140|1871, 25140|2983, 25212|3013, 25212|3192, 22812|3311, 22960|3365, 22948|4007, com.android.chrome/org.chromium.chrome.browser.customtabs.CustomTabActivity, 
