48942987|1, 48942987|585, 48943239|641, 48943239|839, 48943333|889, 48943449|929, 48943449|1156, 48943523|1198, 48943523|1611, 48943617|1642, 48943617|1823, 48943711|1865, 48943711|1919, 48943785|1959, 48943785|2145, 48943859|2171, 48943859|4001, com.android.chrome/org.chromium.chrome.browser.download.DownloadActivity, 
48943859|1, 48943859|527, 48944111|582, 48944111|819, 48944205|852, 48944279|881, 48944279|1120, 48944353|1154, 48944353|1575, 48944447|1597, 48944447|1808, 48944541|1843, 48944541|1865, 48944615|1892, 48944615|2122, 48944689|2158, 48944689|4006, com.android.chrome/org.chromium.chrome.browser.download.DownloadActivity, 
48944689|1, 48944689|4010, com.android.chrome/org.chromium.chrome.browser.preferences.website.ManageSpaceActivity, 
48944689|1, 48944689|980, 48945193|1090, 48945193|1209, 48945529|1342, 48945603|1390, 48945603|1491, 48945697|1524, 48945697|1559, 48945771|1589, 48945865|1625, 48945939|1651, 48945939|1792, 48946013|1821, 48946013|2056, 48946107|2106, 48946107|2285, 48946201|2317, 48946295|2342, 48946295|2365, 48946369|2394, 48946369|2503, 48946463|2535, 48946463|2595, 48946557|2632, 48946631|2670, 48946631|2815, 48946705|2850, 48946705|4026, com.android.chrome/org.chromium.chrome.browser.incognito.IncognitoTabLauncher, 
48946705|1, 48946705|597, 48946957|675, 48946957|878, 48947051|910, 48947125|962, 48947125|1183, 48947199|1232, 48947199|1468, 48947241|1503, 48947241|1629, 48947335|1664, 48947335|1889, 48947429|1941, 48947503|1962, 48947503|2163, 48947577|2201, 48947577|4021, com.android.chrome/org.chromium.chrome.browser.customtabs.PaymentHandlerActivity, 
48947577|1, 48947577|451, 48947993|507, 48948245|544, 48948245|740, 48948339|774, 48948339|806, 48948413|835, 48948413|1071, 48948487|1097, 48948487|1312, 48948573|1344, 48948573|1502, 48948667|1527, 48948667|1750, 48948761|1781, 48948761|1826, 48948835|1862, 48948835|2069, 48948909|2093, 48948909|4019, com.android.chrome/org.chromium.chrome.browser.download.DownloadActivity, 
48948909|1, 48948909|622, 48949161|666, 48949161|867, 48949255|916, 48949329|946, 48949329|1168, 48949403|1202, 48949403|1624, 48949497|1648, 48949497|1868, 48949591|1897, 48949591|1925, 48949665|1950, 48949665|2158, 48949739|2186, 48949739|4010, com.android.chrome/org.chromium.chrome.browser.download.DownloadActivity, 
48949739|1, 48949739|503, 48949991|555, 48949991|757, 48950085|786, 48950085|836, 48950159|871, 48950159|1079, 48950233|1109, 48950233|1519, 48950327|1551, 48950327|1763, 48950421|1792, 48950421|1841, 48950495|1876, 48950495|2082, 48950569|2113, 48950569|4004, com.android.chrome/org.chromium.chrome.browser.preferences.Preferences, 
48950569|1, 48950569|592, 48950821|643, 48950821|837, 48950915|905, 48950989|940, 48950989|1041, 48951031|1078, 48951031|1151, 48951105|1178, 48951105|1621, 48951199|1659, 48951199|1844, 48951293|1878, 48951293|1913, 48951367|1965, 48951367|2141, 48951441|2172, 48951441|4011, com.android.chrome/org.chromium.chrome.browser.history.HistoryActivity, 
48951441|1, 48951441|621, 48951693|676, 48951693|894, 48951787|926, 48951787|960, 48951861|987, 48951861|1196, 48951935|1232, 48951935|1665, 48952029|1692, 48952029|1896, 48952123|1924, 48952123|1955, 48952197|1983, 48952197|2213, 48952271|2235, 48952271|4007, com.android.chrome/org.chromium.chrome.browser.download.DownloadActivity, 
48952271|1, 48952271|484, 48952523|561, 48952775|624, 48952775|804, 48952869|835, 48952869|884, 48952943|913, 48952943|1120, 48953017|1161, 48953017|1570, 48953111|1591, 48953189|1625, 48953189|1813, 48953283|1843, 48953283|1875, 48953357|1901, 48953357|2111, 48953431|2141, 48953431|4020, com.android.chrome/org.chromium.chrome.browser.bookmarks.BookmarkAddActivity, 
48953473|1, 48953473|471, 48953725|541, 48953725|737, 48953819|760, 48953819|790, 48953893|832, 48953893|1053, 48953967|1086, 48953967|1512, 48954061|1539, 48954061|1740, 48954155|1772, 48954155|1796, 48954229|1831, 48954229|2039, 48954389|2061, 48954389|4016, com.android.chrome/org.chromium.chrome.browser.history.HistoryActivity, 
48954389|1, 48954389|521, 48954626|594, 48954799|634, 48954799|823, 48954893|857, 48954893|890, 48954967|919, 48954967|1060, 48955009|1098, 48955009|1147, 48955083|1179, 48955083|1571, 48955177|1599, 48955177|1839, 48955271|1871, 48955271|1897, 48955345|1929, 48955345|2147, 48955419|2172, 48955419|4012, com.android.chrome/org.chromium.chrome.browser.download.DownloadActivity, 
48955419|1, 48955419|458, 48955829|522, 48955829|747, 48955923|783, 48955923|810, 48955997|837, 48955997|1061, 48956071|1099, 48956071|1516, 48956165|1541, 48956165|1755, 48956259|1782, 48956259|1812, 48956333|1836, 48956333|2065, 48956407|2096, 48956407|4026, com.android.chrome/org.chromium.chrome.browser.download.DownloadActivity, 
48956407|1, 48956407|524, 48956823|586, 48957075|639, 48957075|866, 48957169|909, 48957243|932, 48957243|1174, 48957317|1211, 48957317|1601, 48957411|1629, 48957411|1864, 48957505|1884, 48957505|1912, 48957579|1942, 48957579|2162, 48957653|2184, 48957653|4015, com.android.chrome/org.chromium.chrome.browser.history.HistoryActivity, 
48957653|1, 48957653|669, 48958806|752, 48959004|829, 48959868|911, 48959962|989, 48960036|1036, 48960207|1065, 48960207|1217, 48960281|1240, 48960281|1661, 48960375|1699, 48960375|1933, 48960469|1959, 48960469|1996, 48960543|2041, 48960543|2216, 48960617|2247, 48960617|3097, 48960749|3173, 48960749|4010, com.android.chrome/org.chromium.chrome.browser.customtabs.PaymentHandlerActivity, 
48960749|1, 48960749|540, 48960907|588, 48961417|677, 48961417|857, 48961511|894, 48961511|921, 48961585|946, 48961585|1156, 48961659|1193, 48961659|1608, 48961753|1641, 48961753|1866, 48961847|1889, 48961847|1920, 48961921|1951, 48961921|2169, 48961995|2203, 48961995|4003, com.android.chrome/org.chromium.chrome.browser.preferences.Preferences, 
48961995|1, 48961995|555, 48962247|658, 48962247|858, 48962341|885, 48962341|924, 48962415|1149, 48962415|1180, 48962489|1215, 48962489|1638, 48962583|1665, 48962583|1872, 48962677|1901, 48962677|1947, 48962751|1976, 48962751|2185, 48962825|2217, 48962825|2360, 48962911|2395, 48962911|4017, com.android.chrome/org.chromium.chrome.browser.firstrun.FirstRunActivity, 
48962911|1, 48962911|453, 48963163|544, 48963163|615, 48963415|669, 48963415|880, 48963509|916, 48963509|947, 48963583|1002, 48963583|1186, 48963657|1210, 48963657|1647, 48963751|1684, 48963751|1899, 48963845|1933, 48963845|1952, 48963919|1983, 48963919|2196, 48963993|2231, 48963993|4019, com.android.chrome/org.chromium.chrome.browser.bookmarks.BookmarkAddActivity, 
48963993|1, 48963993|510, 48964245|613, 48964487|691, 48964487|802, 48964581|897, 48964749|942, 48964749|986, 48964823|1024, 48964823|1117, 48964897|1144, 48964897|1229, 48964971|1262, 48964971|1553, 48965065|1612, 48965065|1660, 48965159|1707, 48965159|1810, 48965253|1843, 48965253|1897, 48965327|1918, 48965421|1955, 48965421|1979, 48965495|2013, 48965495|2092, 48965569|2142, 48965569|2214, 48965643|2237, 48965643|2525, 48965685|2557, 48965685|4026, com.android.chrome/org.chromium.chrome.browser.searchwidget.SearchActivity, 
48965685|1, 48965685|584, 48966189|674, 48966189|841, 48966283|896, 48966283|923, 48966357|993, 48966357|1173, 48966431|1222, 48966431|1630, 48966525|1651, 48966525|1875, 48966619|1908, 48966619|1933, 48966693|1960, 48966693|2172, 48966767|2192, 48966767|4024, com.android.chrome/org.chromium.chrome.browser.bookmarks.BookmarkAddActivity, 
48966767|1, 48966767|587, 48967183|638, 48967435|716, 48967435|871, 48967529|901, 48967529|937, 48967603|963, 48967603|1182, 48967677|1211, 48967677|1651, 48967771|1678, 48967771|1889, 48967865|1921, 48967865|1951, 48967939|1973, 48967939|2185, 48968013|2215, 48968013|4019, com.android.chrome/org.chromium.chrome.browser.history.HistoryActivity, 
48968013|1, 48968013|4024, com.android.chrome/org.chromium.chrome.browser.preferences.website.ManageSpaceActivity, 
48968013|1, 48968013|674, 48968265|827, 48968265|972, 48968433|1152, 48968433|1294, 48968507|1324, 48968507|1763, 48968601|1795, 48968601|1982, 48968695|2011, 48968695|2059, 48968769|2094, 48968769|2283, 48968843|2314, 48968843|3128, 48968909|3177, 48968909|3369, 48968975|3405, 48968975|3560, 48969041|3602, 48969041|4007, com.android.chrome/org.chromium.chrome.browser.firstrun.FirstRunActivity, 
48969107|1, 48969107|417, 48969589|475, 48969589|557, 48969841|580, 48969841|809, 48969935|839, 48969935|871, 48970009|901, 48970009|1115, 48970083|1146, 48970083|1222, 48970125|1251, 48970211|1282, 48970211|1560, 48970305|1592, 48970305|1822, 48970399|1856, 48970473|1881, 48970473|2122, 48970547|2156, 48970547|2287, 48970613|2317, 48970613|4017, com.android.chrome/org.chromium.chrome.browser.sync.ui.PassphraseActivity, 
48970613|1, 48970613|622, 48971117|719, 48971117|939, 48971211|976, 48971285|1009, 48971285|1240, 48971359|1266, 48971359|1608, 48971425|1632, 48971425|1678, 48971519|1711, 48971519|1922, 48971613|1950, 48971613|1976, 48971687|2000, 48971687|2242, 48971761|2275, 48971761|4005, com.android.chrome/org.chromium.chrome.browser.bookmarks.BookmarkAddActivity, 
48971761|1, 48971761|519, 48972013|576, 48972517|626, 48972517|813, 48973005|847, 48973005|891, 48973079|918, 48973079|1060, 48973251|1089, 48973325|1136, 48973325|1298, 48973419|1336, 48973419|1592, 48973907|1617, 48973907|1821, 48974259|1856, 48975961|1894, 48976035|1918, 48976035|2085, 48976129|2117, 48976203|2138, 48976203|2299, 48976597|2335, 48976597|2805, 48977163|2838, 48977163|2873, 48978865|2899, 48978865|4010, com.android.chrome/org.chromium.chrome.browser.bookmarks.BookmarkAddActivity, 
48978865|1, 48978865|102, 48978931|139, 48978931|590, 48979347|707, 48979505|775, 48979599|812, 48979599|947, 48979767|1088, 48979767|1318, 48979841|1356, 48979841|1772, 48979935|1798, 48979935|2014, 48980029|2048, 48980029|2075, 48980103|2100, 48980103|2308, 48980177|2342, 48980177|4014, com.android.chrome/org.chromium.chrome.browser.firstrun.FirstRunActivity, 
48980177|1, 48980177|626, 48980219|716, 48980471|810, 48980471|931, 48980639|1117, 48980639|1276, 48980713|1314, 48980713|1718, 48980807|1752, 48980807|1967, 48980901|1991, 48980901|2048, 48980975|2079, 48980975|2288, 48981049|2311, 48981049|4020, com.android.chrome/org.chromium.chrome.browser.firstrun.FirstRunActivity, 
48981049|1, 48981049|638, 48981301|686, 48981301|879, 48981395|916, 48981395|943, 48981469|971, 48981469|1179, 48981543|1211, 48981543|1657, 48981637|1679, 48981637|1888, 48981731|1914, 48981731|1949, 48981805|1975, 48981805|2200, 48981879|2228, 48981879|4018, com.android.chrome/org.chromium.chrome.browser.download.DownloadActivity, 
48981879|1, 48981879|523, 48982131|604, 48982210|652, 48982383|690, 48982383|895, 48982477|917, 48982477|943, 48982551|976, 48982551|1180, 48982625|1215, 48982625|1595, 48982691|1616, 48982691|1642, 48982785|1671, 48982785|1887, 48982879|1916, 48982879|1962, 48982953|1999, 48982953|2187, 48983027|2217, 48983027|4008, com.android.chrome/org.chromium.chrome.browser.bookmarks.BookmarkAddActivity, 
48983027|1, 48983027|487, 48983279|548, 48983279|748, 48983373|801, 48983447|836, 48983447|1018, 48983521|1062, 48983521|1509, 48983615|1540, 48983615|1750, 48983709|1773, 48983709|1823, 48983783|1858, 48983783|2034, 48983857|2069, 48983857|4013, com.android.chrome/org.chromium.chrome.browser.sync.ui.PassphraseActivity, 
48983857|1, 48983857|787, 48984351|906, 48984351|1065, 48984581|1108, 48984729|1152, 48984729|1354, 48984877|1392, 48984877|1802, 48985065|1865, 48985065|2069, 48985253|2095, 48985253|2131, 48985401|2151, 48985401|2354, 48985549|2385, 48985549|4027, com.android.chrome/org.chromium.chrome.browser.searchwidget.SearchActivity, 
48985549|1, 48985549|688, 48985801|739, 48985801|937, 48985895|967, 48985895|986, 48985969|1020, 48985969|1229, 48986043|1255, 48986043|1342, 48986129|1365, 48986129|1700, 48986223|1728, 48986223|1940, 48986317|1968, 48986317|1998, 48986391|2023, 48986391|2236, 48986465|2257, 48986465|4031, com.android.chrome/org.chromium.chrome.browser.preferences.Preferences, 
48986465|1, 48986465|524, 48986717|591, 48986717|648, 48986875|686, 48986875|1665, 48987033|1693, 48987033|1770, 48987127|1805, 48987127|1893, 48987221|1915, 48987221|2072, 48987295|2108, 48987295|2211, 48987369|2240, 48987369|2772, 48987463|2802, 48987463|2888, 48987557|2916, 48987557|3055, 48987631|3090, 48987631|3160, 48987705|3220, 48987705|4019, com.android.chrome/org.chromium.chrome.browser.bookmarks.BookmarkAddActivity, 
48987705|1, 48987705|760, 48987957|833, 48988199|931, 48988199|1028, 48988293|1078, 48988461|1111, 48988535|1153, 48988535|1309, 48988609|1344, 48988609|1370, 48988683|1400, 48988683|1759, 48988777|1811, 48988871|1884, 48988871|2003, 48988965|2035, 48988965|2086, 48989133|2123, 48989207|2154, 48989207|2303, 48989281|2337, 48989281|2373, 48989355|2396, 48989355|4006, com.android.chrome/org.chromium.chrome.browser.searchwidget.SearchActivity, 
48989355|1, 48989355|569, 48989513|656, 48989513|760, 48989765|829, 48989765|1017, 48989859|1051, 48989933|1095, 48989933|1328, 48990007|1350, 48990007|1786, 48990101|1809, 48990101|2025, 48990195|2073, 48990269|2100, 48990269|2329, 48990343|2351, 48990343|4021, com.android.chrome/org.chromium.chrome.browser.bookmarks.BookmarkAddActivity, 
48990409|1, 48990409|1133, 48990451|1171, 48990451|4019, com.android.chrome/org.chromium.chrome.browser.preferences.website.ManageSpaceActivity, 
48990451|1, 48990451|903, 48990787|961, 48990787|1013, 48991604|1054, 48991802|1121, 48992531|1189, 48992694|1243, 48992760|1277, 48992760|1328, 48993137|1367, 48993137|1448, 48993211|1483, 48993211|2016, 48993305|2055, 48993305|2174, 48993399|2233, 48993399|2320, 48993473|2354, 48993473|2475, 48993547|2499, 48993547|3313, 48993679|3362, 48993679|4023, com.android.chrome/org.chromium.chrome.browser.customtabs.CustomTabActivity, 
48993679|1, 48993679|516, 48993837|610, 48994089|661, 48994089|866, 48994183|890, 48994183|916, 48994257|966, 48994257|1164, 48994331|1187, 48994331|1396, 48994417|1425, 48994417|1604, 48994511|1639, 48994511|1853, 48994605|1881, 48994605|1925, 48994679|1962, 48994679|2165, 48994753|2194, 48994753|4026, com.android.chrome/org.chromium.chrome.browser.bookmarks.BookmarkAddActivity, 
48994753|1, 48994753|600, 48995169|647, 48995421|722, 48995421|874, 48995515|926, 48995515|959, 48995589|991, 48995589|1196, 48995663|1234, 48995663|1676, 48995757|1702, 48995757|1910, 48995851|1932, 48995851|1958, 48995925|1989, 48995925|2193, 48995999|2232, 48995999|4013, com.android.chrome/org.chromium.chrome.browser.history.HistoryActivity, 
48995999|1, 48995999|363, 48996093|407, 48996093|467, 48996251|591, 48996991|755, 48996991|817, 48997139|854, 48997139|933, 48997533|985, 48997869|1184, 48997869|1265, 48997943|1307, 48997943|1366, 48998337|1410, 48998337|1590, 48998411|1616, 48998411|1734, 48998505|1758, 48998505|1996, 48998599|2023, 48998673|2056, 48998673|2293, 48998747|2318, 48998747|4019, com.android.chrome/org.chromium.chrome.browser.firstrun.FirstRunActivity, 
48998747|1, 48998747|749, 48998999|828, 48999900|895, 49000098|951, 49000962|1029, 49001056|1105, 49001130|1137, 49001301|1173, 49001301|1339, 49001375|1370, 49001375|1817, 49001469|1842, 49001469|2048, 49001563|2074, 49001563|2113, 49001637|2153, 49001637|2352, 49001711|2377, 49001711|3226, 49001843|3279, 49001843|4001, com.android.chrome/org.chromium.chrome.browser.customtabs.PaymentHandlerActivity, 
49001843|1, 49001843|605, 49002001|653, 49002259|734, 49002407|776, 49002753|817, 49002753|1010, 49002847|1039, 49003109|1094, 49003183|1125, 49003183|1307, 49003257|1337, 49003331|1374, 49003331|1770, 49003519|1833, 49003519|2010, 49003613|2038, 49003707|2065, 49003707|2087, 49003875|2117, 49003875|2326, 49004023|2357, 49004023|4019, com.android.chrome/org.chromium.chrome.browser.searchwidget.SearchActivity, 
49004023|1, 49004023|1046, 49005176|1161, 49006345|1314, 49006419|1378, 49006726|1426, 49007096|1477, 49007170|1516, 49007170|1588, 49007244|1615, 49007244|1743, 49007318|1769, 49007318|2040, 49007412|2083, 49007412|2196, 49007506|2224, 49007506|2295, 49007600|2315, 49007600|2346, 49007674|2383, 49007674|2434, 49007768|2469, 49007768|2495, 49007842|2522, 49007842|2581, 49007916|2619, 49007916|2752, 49007990|2793, 49007990|3009, 49008056|3099, 49008122|3186, 49008122|4020, com.android.chrome/org.chromium.chrome.browser.incognito.IncognitoTabLauncher, 
49008122|1, 49008122|515, 49008374|559, 49008374|745, 49008468|781, 49008468|830, 49008542|869, 49008542|1071, 49008616|1094, 49008616|1524, 49008710|1543, 49008710|1765, 49008804|1797, 49008804|1827, 49008878|1850, 49008878|2081, 49008952|2108, 49008952|4020, com.android.chrome/org.chromium.chrome.browser.preferences.Preferences, 
49008952|1, 49008952|621, 49009110|658, 49009204|704, 49009204|894, 49009298|940, 49009298|965, 49009372|998, 49009372|1202, 49009446|1234, 49009446|1652, 49009540|1683, 49009540|1901, 49009634|1964, 49009708|1990, 49009708|2196, 49009782|2216, 49009782|4008, com.android.chrome/org.chromium.chrome.browser.history.HistoryActivity, 
49009782|1, 49009782|1185, 49009868|1219, 49009868|4009, com.android.chrome/org.chromium.chrome.browser.preferences.website.ManageSpaceActivity, 
49009868|1, 49009868|535, 49010284|640, 49010284|736, 49010536|796, 49010536|892, 49010704|1092, 49010704|1268, 49010778|1308, 49010778|1741, 49010872|1775, 49010872|1985, 49010966|2012, 49010966|2046, 49011040|2077, 49011040|2286, 49011114|2306, 49011114|4013, com.android.chrome/org.chromium.chrome.browser.firstrun.FirstRunActivity, 
49011114|1, 49011114|2570, 49011156|2608, 49011156|4016, com.android.chrome/org.chromium.chrome.browser.media.router.caf.remoting.CafExpandedControllerActivity, 
49011156|1, 49011156|1050, 49011660|1149, 49012561|1223, 49012759|1401, 49014033|1492, 49014033|1690, 49014201|1728, 49014450|1759, 49014524|1791, 49014524|1993, 49014598|2019, 49014598|2124, 49014692|2161, 49014692|2404, 49014786|2430, 49014786|2450, 49014954|2486, 49014954|2689, 49015122|2730, 49015196|2773, 49015196|2999, 49015270|3048, 49015270|3102, 49015402|3204, 49015402|4036, com.android.chrome/org.chromium.chrome.browser.incognito.IncognitoTabLauncher, 
49015402|1, 49015402|503, 49015818|625, 49015818|734, 49015976|783, 49015976|1729, 49016134|1795, 49016134|1833, 49016228|1901, 49016228|1957, 49016322|2015, 49016322|2171, 49016396|2201, 49016396|2302, 49016470|2343, 49016470|2857, 49016564|2886, 49016564|3008, 49016658|3043, 49016658|3126, 49016732|3181, 49016732|3293, 49016806|3338, 49016806|4001, com.android.chrome/org.chromium.chrome.browser.firstrun.FirstRunActivity, 
49016806|1, 49016806|811, 49016964|905, 49017058|991, 49018211|1078, 49018409|1189, 49019609|1284, 49019683|1329, 49019683|1354, 49019854|1400, 49019854|1467, 49019948|1492, 49019948|1525, 49020022|1561, 49020096|1581, 49020096|1765, 49020170|1807, 49020170|2002, 49020264|2037, 49020264|2200, 49020358|2231, 49020358|2261, 49020452|2289, 49020452|2309, 49020526|2337, 49020526|2454, 49020620|2497, 49020694|2532, 49020694|2556, 49020768|2595, 49020768|2774, 49020842|2801, 49020842|3126, 49020974|3192, 49020974|4020, com.android.chrome/org.chromium.chrome.browser.incognito.IncognitoTabLauncher, 
49020974|1, 49020974|644, 49021226|711, 49021226|895, 49021320|923, 49021320|979, 49021394|1013, 49021394|1220, 49021468|1255, 49021468|1379, 49021554|1406, 49021554|1654, 49021648|1685, 49021648|1916, 49021742|1936, 49021742|1970, 49021816|1997, 49021816|2219, 49021890|2265, 49021984|2297, 49021984|2952, 49022378|2974, 49022636|4016, com.android.chrome/org.chromium.chrome.browser.download.DownloadActivity, 
49024432|1, 49024826|36, 49024826|545, 49025134|569, 49025550|631, 49027346|674, 49027346|804, 49027440|844, 49027440|869, 49027534|900, 49027534|934, 49027608|957, 49027608|1018, 49028002|1045, 49028002|1157, 49028076|1199, 49028076|1259, 49028484|1300, 49028484|1319, 49030036|1352, 49030036|1638, 49030130|1668, 49030130|1867, 49030224|1898, 49030224|1919, 49030298|1944, 49030298|2183, 49030372|2213, 49030372|4022, com.android.chrome/org.chromium.chrome.browser.preferences.Preferences, 
49030372|1, 49030372|642, 49030466|676, 49030466|822, 49030718|862, 49030718|1065, 49030812|1085, 49030812|1117, 49030886|1150, 49030886|1376, 49030960|1405, 49030960|1482, 49031190|1529, 49031244|1560, 49031244|1829, 49031338|1868, 49031498|1902, 49031498|1956, 49031606|1996, 49031606|2059, 49031700|2110, 49031774|2157, 49031774|2383, 49031848|2409, 49031848|2488, 49031902|2513, 49031956|2554, 49031956|4021, com.android.chrome/org.chromium.chrome.browser.history.HistoryActivity, 
49032066|1, 49032066|537, 49032482|583, 49032734|655, 49032734|866, 49032828|896, 49032828|925, 49032902|954, 49032902|1158, 49032976|1185, 49032976|1608, 49033070|1634, 49033070|1868, 49033164|1902, 49033238|1929, 49033238|2165, 49033312|2196, 49033312|4028, com.android.chrome/org.chromium.chrome.browser.download.DownloadActivity, 
49033312|1, 49033312|4010, com.android.chrome/org.chromium.chrome.browser.preferences.website.ManageSpaceActivity, 
49033312|1, 49033312|4012, com.android.chrome/org.chromium.chrome.browser.media.router.caf.remoting.CafExpandedControllerActivity, 
49033312|1, 49033312|509, 49033728|543, 49033980|589, 49033980|782, 49034074|815, 49034148|872, 49034148|1094, 49034222|1140, 49034222|1547, 49034316|1581, 49034316|1795, 49034410|1819, 49034410|1844, 49034484|1872, 49034484|2108, 49034558|2141, 49034558|4002, com.android.chrome/org.chromium.chrome.browser.sync.ui.PassphraseActivity, 
49034558|1, 49034558|983, 49034652|1064, 49034652|1108, 49035242|1185, 49036966|1349, 49037289|1420, 49037363|1475, 49037534|1504, 49037628|1551, 49037628|1601, 49037702|1634, 49037702|1657, 49037776|1698, 49037776|1839, 49037850|1866, 49037850|2117, 49037944|2151, 49037944|2305, 49038038|2339, 49038038|2362, 49038132|2386, 49038132|2418, 49038206|2445, 49038206|2529, 49038300|2557, 49038300|2582, 49038374|2627, 49038374|2663, 49038448|2691, 49038448|2819, 49038522|2850, 49038522|3136, 49038654|3202, 49038654|4008, com.android.chrome/org.chromium.chrome.browser.incognito.IncognitoTabLauncher, 
49038654|1, 49038654|968, 49038906|1050, 49040005|1190, 49041205|1305, 49041279|1368, 49041279|1402, 49041345|1435, 49041544|1494, 49041618|1536, 49041692|1568, 49041692|1653, 49041797|1692, 49041797|1745, 49041871|1784, 49041871|2009, 49041965|2038, 49041965|2200, 49042059|2230, 49042059|2255, 49042153|2283, 49042153|2313, 49042227|2340, 49042227|2449, 49042321|2480, 49042321|2502, 49042395|2551, 49042469|2591, 49042469|2747, 49042543|2776, 49042543|3107, 49042609|3152, 49042675|3245, 49042675|4023, com.android.chrome/org.chromium.chrome.browser.incognito.IncognitoTabLauncher, 
49042675|1, 49042675|719, 49043828|823, 49043828|852, 49044661|948, 49044984|1049, 49045361|1118, 49045361|1324, 49045435|1354, 49045435|1782, 49045529|1805, 49045529|1979, 49045623|2037, 49045623|2069, 49045697|2095, 49045697|2307, 49045771|2336, 49045771|3216, 49045837|3251, 49045903|3292, 49045903|4026, com.android.chrome/org.chromium.chrome.browser.customtabs.PaymentHandlerActivity, 
49045903|1, 49045903|746, 49046229|867, 49046397|964, 49046397|1029, 49046491|1093, 49046585|1147, 49046733|1199, 49046733|1391, 49046881|1433, 49046881|1856, 49047069|1926, 49047069|2073, 49047163|2096, 49047163|2117, 49047257|2151, 49047405|2182, 49047405|2386, 49047479|2410, 49047553|2429, 49047553|4012, com.android.chrome/org.chromium.chrome.browser.searchwidget.SearchActivity, 
49047553|1, 49047553|4017, com.android.chrome/org.chromium.chrome.browser.media.router.caf.remoting.CafExpandedControllerActivity, 
49047553|1, 49047553|519, 49047711|553, 49047805|634, 49047805|761, 49047899|816, 49047899|846, 49047973|875, 49047973|1076, 49048047|1107, 49048047|1543, 49048141|1576, 49048141|1782, 49048235|1811, 49048235|1855, 49048309|1888, 49048309|2104, 49048383|2138, 49048383|4005, com.android.chrome/org.chromium.chrome.browser.history.HistoryActivity, 
49048383|1, 49048383|738, 49048635|847, 49048877|906, 49048877|1023, 49048971|1077, 49049139|1131, 49049139|1176, 49049299|1220, 49049299|1344, 49049373|1381, 49049373|1417, 49049541|1458, 49049541|1802, 49049635|1840, 49049729|1901, 49049729|2011, 49049823|2077, 49049823|2108, 49049991|2130, 49049991|2160, 49050065|2187, 49050065|2343, 49050139|2370, 49050139|2430, 49050233|2456, 49050233|4030, com.android.chrome/org.chromium.chrome.browser.searchwidget.SearchActivity, 
49050233|1, 49050233|581, 49050485|660, 49050485|847, 49050579|885, 49050579|913, 49050653|942, 49050653|1149, 49050727|1187, 49050727|1610, 49050821|1632, 49050821|1855, 49050915|1877, 49050915|1901, 49050989|1940, 49050989|2149, 49051063|2181, 49051063|2588, 49051105|2609, 49051105|4008, com.android.chrome/org.chromium.chrome.browser.preferences.Preferences, 
49051105|1, 49051105|546, 49051263|648, 49051357|770, 49051357|923, 49051451|998, 49051525|1186, 49051525|1211, 49051599|1242, 49051599|1665, 49051693|1692, 49051693|1938, 49051787|1959, 49051787|1985, 49051861|2020, 49051861|2240, 49051935|2274, 49051935|4015, com.android.chrome/org.chromium.chrome.browser.firstrun.FirstRunActivity, 
49051935|1, 49051935|4030, com.android.chrome/org.chromium.chrome.browser.media.router.caf.remoting.CafExpandedControllerActivity, 
49051935|1, 49051935|667, 49052187|731, 49052187|916, 49052281|935, 49052281|971, 49052355|999, 49052355|1210, 49052429|1247, 49052429|1691, 49052523|1726, 49052523|1930, 49052617|1965, 49052617|1987, 49052691|2016, 49052691|2217, 49052765|2242, 49052765|4014, com.android.chrome/org.chromium.chrome.browser.preferences.Preferences, 
49052765|1, 49052765|483, 49053017|531, 49053017|722, 49053111|745, 49053111|773, 49053185|813, 49053185|1030, 49053259|1064, 49053259|1471, 49053353|1508, 49053353|1734, 49053447|1766, 49053447|1795, 49053521|1830, 49053521|2017, 49053595|2049, 49053595|4035, com.android.chrome/org.chromium.chrome.browser.preferences.Preferences, 
49053595|1, 49053595|588, 49053637|625, 49053637|892, 49054876|1008, 49055074|1066, 49055938|1132, 49056032|1216, 49056032|1253, 49056277|1301, 49056277|1468, 49056351|1493, 49056351|1956, 49056445|1991, 49056445|2162, 49056539|2187, 49056539|2252, 49056613|2284, 49056613|2480, 49056687|2519, 49056687|3119, 49056819|3197, 49056819|4013, com.android.chrome/org.chromium.chrome.browser.customtabs.CustomTabActivity, 
49056819|1, 49056819|711, 49057071|762, 49057071|989, 49057165|1029, 49057239|1066, 49057239|1290, 49057313|1327, 49057313|1738, 49057407|1775, 49057407|1990, 49057501|2027, 49057501|2047, 49057575|2079, 49057575|2292, 49057649|2329, 49057649|4023, com.android.chrome/org.chromium.chrome.browser.preferences.Preferences, 
49057649|1, 49057649|824, 49057807|876, 49058143|979, 49058143|1098, 49058331|1170, 49058479|1216, 49058479|1424, 49058627|1472, 49058627|1866, 49058815|1949, 49058815|2126, 49059003|2154, 49059077|2189, 49059151|2225, 49059151|2415, 49059299|2450, 49059299|4006, com.android.chrome/org.chromium.chrome.browser.searchwidget.SearchActivity, 
49059299|1, 49059299|651, 49059551|810, 49059551|986, 49059719|1196, 49059719|1241, 49059793|1309, 49059793|1740, 49059887|1798, 49059887|1937, 49059981|2019, 49060055|2090, 49060055|2298, 49060129|2334, 49060129|4031, com.android.chrome/org.chromium.chrome.browser.firstrun.FirstRunActivity, 
49060129|1, 49060129|597, 49060545|663, 49060797|716, 49060797|899, 49060891|939, 49060891|975, 49060965|1005, 49060965|1196, 49061039|1227, 49061039|1657, 49061133|1691, 49061133|1901, 49061227|1930, 49061227|1962, 49061301|1990, 49061301|2206, 49061375|2237, 49061375|4008, com.android.chrome/org.chromium.chrome.browser.history.HistoryActivity, 
49061548|1, 49061548|784, 49061642|810, 49061642|1673, 49062036|1707, 49062036|1787, 49062122|1822, 49062122|1902, 49062208|1944, 49062302|1979, 49062302|2149, 49062388|2192, 49062696|2231, 49062696|2614, 49062996|2652, 49064698|2686, 49064698|2863, 49064792|2909, 49064792|3080, 49065186|3134, 49065186|3617, 49065678|3656, 49065678|4020, com.android.chrome/org.chromium.chrome.browser.preferences.website.ManageSpaceActivity, 
49065678|1, 49065678|563, 49065930|665, 49065930|819, 49066024|853, 49066098|909, 49066098|1130, 49066172|1166, 49066172|1592, 49066266|1625, 49066266|1836, 49066360|1868, 49066360|1899, 49066434|1921, 49066434|2113, 49066508|2144, 49066508|4008, com.android.chrome/org.chromium.chrome.browser.sync.ui.PassphraseActivity, 
49066508|1, 49066508|568, 49066924|615, 49067176|683, 49067176|876, 49067270|900, 49067344|939, 49067344|1177, 49067418|1213, 49067418|1616, 49067512|1646, 49067512|1859, 49067606|1894, 49067606|1927, 49067680|1955, 49067680|2174, 49067754|2201, 49067754|4021, com.android.chrome/org.chromium.chrome.browser.history.HistoryActivity, 
49067754|1, 49067754|614, 49068006|678, 49068006|891, 49068100|927, 49068100|947, 49068174|981, 49068174|1196, 49068248|1235, 49068248|1641, 49068342|1666, 49068342|1892, 49068436|1913, 49068436|1939, 49068510|1975, 49068510|2195, 49068584|2224, 49068584|4027, com.android.chrome/org.chromium.chrome.browser.sync.ui.PassphraseActivity, 
49068584|1, 49068584|528, 49068678|615, 49068678|1061, 49069324|1148, 49070423|1279, 49071526|1412, 49071697|1484, 49071697|1516, 49071962|1557, 49071962|1590, 49072036|1629, 49072036|1657, 49072110|1679, 49072110|1831, 49072184|1872, 49072184|2095, 49072278|2140, 49072586|2166, 49072586|2283, 49072680|2305, 49072680|2335, 49072774|2364, 49073032|2403, 49074809|2433, 49074809|2548, 49074903|2570, 49074977|2607, 49075071|2662, 49075145|2699, 49075145|2819, 49075219|2858, 49075613|2896, 49075613|3115, 49077706|3184, 49077706|3343, 49077800|3400, 49077800|4010, com.android.chrome/org.chromium.chrome.browser.incognito.IncognitoTabLauncher, 
49080155|1, 49080155|848, 49081308|928, 49081506|979, 49082141|1019, 49082370|1087, 49082464|1135, 49082538|1163, 49082841|1200, 49082841|1401, 49082915|1440, 49082915|1851, 49083009|1883, 49083009|2094, 49083103|2139, 49083177|2169, 49083177|2390, 49083251|2423, 49083251|3273, 49083383|3329, 49083383|4015, com.android.chrome/org.chromium.chrome.browser.customtabs.CustomTabActivity, 
49083383|1, 49083383|881, 49084536|953, 49085369|1001, 49085598|1108, 49085692|1153, 49085937|1214, 49085937|1425, 49086011|1462, 49086011|1887, 49086105|1934, 49086105|2132, 49086199|2165, 49086199|2193, 49086273|2224, 49086273|2444, 49086347|2481, 49086347|3151, 49086479|3231, 49086479|4009, com.android.chrome/org.chromium.chrome.browser.customtabs.CustomTabActivity, 
49086479|1, 49086479|618, 49086731|775, 49086731|903, 49086899|1116, 49086899|1267, 49086973|1305, 49086973|1715, 49087067|1745, 49087067|1975, 49087161|2010, 49087161|2037, 49087235|2058, 49087235|2282, 49087309|2308, 49087309|4016, com.android.chrome/org.chromium.chrome.browser.firstrun.FirstRunActivity, 
49087309|1, 49087309|727, 49087467|827, 49087803|933, 49087803|1036, 49087897|1099, 49088065|1141, 49088139|1178, 49088139|1349, 49088213|1383, 49088213|1411, 49088287|1446, 49088287|1811, 49088381|1855, 49088475|1910, 49088475|2066, 49088569|2098, 49088737|2134, 49088737|2175, 49088811|2203, 49088811|2360, 49088885|2382, 49088885|2404, 49088959|2437, 49088959|4023, com.android.chrome/org.chromium.chrome.browser.searchwidget.SearchActivity, 
49088959|1, 49088959|691, 49090112|798, 49090310|832, 49090310|877, 49091174|930, 49091268|993, 49091342|1053, 49091513|1118, 49091513|1262, 49091587|1295, 49091587|1695, 49091681|1729, 49091681|1944, 49091775|1978, 49091775|2013, 49091849|2064, 49091849|2241, 49091923|2279, 49091923|3151, 49092055|3230, 49092055|4028, com.android.chrome/org.chromium.chrome.browser.customtabs.CustomTabActivity, 
49092055|1, 49092055|623, 49092307|690, 49092307|872, 49092401|916, 49092401|953, 49092475|981, 49092475|1185, 49092549|1229, 49092549|1624, 49092643|1662, 49092643|1874, 49092737|1896, 49092737|1927, 49092811|1961, 49092811|2183, 49092885|2217, 49092885|2297, 49092971|2334, 49092971|4021, com.android.chrome/org.chromium.chrome.browser.bookmarks.BookmarkAddActivity, 
49092971|1, 49092971|665, 49093223|740, 49093465|843, 49093465|899, 49093559|968, 49093633|1014, 49093727|1050, 49093801|1092, 49093801|1228, 49093875|1261, 49093875|1292, 49093949|1326, 49093949|1667, 49094043|1728, 49094137|1782, 49094137|1910, 49094231|1953, 49094231|1980, 49094305|2006, 49094399|2030, 49094399|2062, 49094473|2094, 49094473|2207, 49094547|2245, 49094547|2324, 49094621|2365, 49094621|4021, com.android.chrome/org.chromium.chrome.browser.searchwidget.SearchActivity, 
49094621|1, 49094621|1034, 49094779|1116, 49095972|1247, 49097246|1437, 49097246|1514, 49097511|1583, 49097585|1625, 49097585|1660, 49097659|1700, 49097659|1841, 49097733|1870, 49097733|2109, 49097827|2143, 49097827|2304, 49097921|2344, 49098015|2388, 49098015|2419, 49098089|2444, 49098089|2556, 49098183|2583, 49098257|2629, 49098331|2677, 49098331|2839, 49098405|2889, 49098405|3155, 49098537|3220, 49098537|4009, com.android.chrome/org.chromium.chrome.browser.incognito.IncognitoTabLauncher, 
49098537|1, 49098537|675, 49099205|755, 49099205|945, 49099299|981, 49099373|1015, 49099373|1224, 49099447|1264, 49099447|1681, 49099541|1710, 49099541|1922, 49099635|1961, 49099635|1989, 49099709|2013, 49099709|2241, 49099783|2275, 49099783|4042, com.android.chrome/org.chromium.chrome.browser.preferences.Preferences, 
49099783|1, 49099783|4023, com.android.chrome/org.chromium.chrome.browser.preferences.website.ManageSpaceActivity, 
49099783|1, 49099783|667, 49100035|795, 49100936|853, 49101134|888, 49101769|965, 49101998|1029, 49102092|1063, 49102337|1130, 49102337|1332, 49102411|1373, 49102411|1775, 49102505|1801, 49102505|2010, 49102599|2045, 49102599|2080, 49102673|2107, 49102673|2331, 49102747|2353, 49102747|3110, 49102879|3232, 49102879|4029, com.android.chrome/org.chromium.chrome.browser.customtabs.PaymentHandlerActivity, 
49102879|1, 49102879|1053, 49103131|1168, 49104568|1316, 49105674|1463, 49105768|1534, 49105842|1575, 49106013|1625, 49106013|1675, 49106107|1710, 49106107|1733, 49106181|1773, 49106255|1813, 49106255|1976, 49106329|2014, 49106329|2244, 49106423|2282, 49106423|2401, 49106517|2437, 49106517|2496, 49106611|2537, 49106685|2572, 49106685|2633, 49106779|2678, 49106779|2726, 49106853|2770, 49106927|2798, 49106927|2969, 49107001|3007, 49107001|3115, 49107133|3177, 49107133|4009, com.android.chrome/org.chromium.chrome.browser.incognito.IncognitoTabLauncher, 
49107133|1, 49107133|4027, com.android.chrome/org.chromium.chrome.browser.media.router.caf.remoting.CafExpandedControllerActivity, 
49108037|1, 49108037|689, 49108111|763, 49109264|866, 49109528|913, 49109528|959, 49110163|1017, 49110486|1087, 49110560|1156, 49110731|1215, 49110731|1318, 49110805|1367, 49110805|1792, 49110899|1817, 49110899|2018, 49110993|2056, 49110993|2079, 49111067|2118, 49111067|2329, 49111141|2357, 49111141|2666, 49111467|2720, 49111467|3087, 49111599|3142, 49111599|3667, 49111693|3705, 49111693|4010, com.android.chrome/org.chromium.chrome.browser.customtabs.PaymentHandlerActivity, 
49111693|1, 49111693|1048, 49111945|1134, 49113192|1278, 49114430|1427, 49114590|1473, 49114664|1543, 49114967|1603, 49115061|1636, 49115061|1686, 49115135|1732, 49115135|1758, 49115209|1798, 49115209|1899, 49115283|1941, 49115283|2196, 49115451|2234, 49115451|2381, 49115545|2416, 49115545|2438, 49115639|2465, 49115639|2508, 49115713|2545, 49115713|2598, 49115807|2656, 49115881|2717, 49115955|2787, 49115955|2912, 49116029|2947, 49116029|3105, 49116161|3175, 49116161|4015, com.android.chrome/org.chromium.chrome.browser.incognito.IncognitoTabLauncher, 
49116161|1, 49116161|641, 49116349|717, 49116349|783, 49117502|892, 49117700|978, 49118658|1077, 49118732|1160, 49118903|1220, 49118903|1325, 49118977|1358, 49118977|1653, 49119071|1708, 49119071|1780, 49119165|1813, 49119165|2034, 49119259|2071, 49119259|2100, 49119333|2126, 49119333|2339, 49119407|2372, 49119407|3209, 49119539|3303, 49119539|3654, 49119707|3701, 49119707|4012, com.android.chrome/org.chromium.chrome.browser.customtabs.PaymentHandlerActivity, 
49119707|1, 49119707|51, 49119781|101, 49119781|784, 49119939|846, 49120275|942, 49120275|1080, 49120463|1139, 49120537|1188, 49120611|1263, 49120611|1377, 49120685|1424, 49120759|1477, 49120759|1844, 49120853|1885, 49120947|1935, 49120947|2049, 49121115|2111, 49121283|2177, 49121357|2200, 49121357|2389, 49121431|2420, 49121505|2462, 49121505|3036, 49121599|3120, 49121599|4005, com.android.chrome/org.chromium.chrome.browser.searchwidget.SearchActivity, 
49121685|1, 49121685|489, 49121937|564, 49121937|725, 49122031|783, 49122105|849, 49122105|1020, 49122179|1074, 49122179|1412, 49122253|1487, 49122347|1560, 49122347|1711, 49122441|1791, 49122441|1819, 49122515|1842, 49122515|2074, 49122589|2104, 49122589|3075, 49122734|3148, 49122734|4016, com.android.chrome/org.chromium.chrome.browser.sync.ui.PassphraseActivity, 
49122734|1, 49122734|4027, com.android.chrome/org.chromium.chrome.browser.media.router.caf.remoting.CafExpandedControllerActivity, 
49122734|1, 49122734|745, 49123720|851, 49124303|882, 49124501|934, 49125136|982, 49125365|1017, 49125365|1081, 49125704|1157, 49125704|1359, 49125778|1396, 49125778|1820, 49125872|1842, 49125872|2085, 49125966|2135, 49126040|2170, 49126040|2364, 49126114|2404, 49126114|3178, 49126246|3246, 49126246|4035, com.android.chrome/org.chromium.chrome.browser.customtabs.CustomTabActivity, 
49126246|1, 49126246|603, 49126498|689, 49126498|843, 49126592|890, 49126666|929, 49126666|1153, 49126740|1190, 49126740|1615, 49126834|1668, 49126834|1864, 49126928|1902, 49127002|1934, 49127002|2150, 49127076|2172, 49127076|4014, com.android.chrome/org.chromium.chrome.browser.sync.ui.PassphraseActivity, 
49127076|1, 49127076|4007, com.android.chrome/org.chromium.chrome.browser.media.router.caf.remoting.CafExpandedControllerActivity, 
49127076|1, 49127076|787, 49127744|911, 49128645|954, 49128843|996, 49129478|1036, 49129801|1094, 49129801|1139, 49129875|1170, 49129875|1366, 49129949|1389, 49129949|1832, 49130043|1867, 49130043|2070, 49130137|2108, 49130211|2167, 49130211|2226, 49130382|2283, 49130382|2371, 49130456|2408, 49130456|3074, 49130588|3136, 49130588|4032, com.android.chrome/org.chromium.chrome.browser.customtabs.PaymentHandlerActivity, 
49130588|1, 49130588|481, 49131004|557, 49131162|625, 49131256|653, 49131256|867, 49131350|900, 49131350|922, 49131424|960, 49131424|1159, 49131498|1183, 49131498|1373, 49131584|1414, 49131584|1622, 49131678|1663, 49131678|1849, 49131772|1879, 49131772|1904, 49131846|1938, 49131846|2166, 49131920|2190, 49131920|4005, com.android.chrome/org.chromium.chrome.browser.sync.ui.PassphraseActivity, 
49131920|1, 49131920|448, 49132336|518, 49132336|593, 49132588|635, 49132588|838, 49132682|876, 49132756|917, 49132756|1127, 49132830|1163, 49132830|1589, 49132924|1612, 49132924|1832, 49133018|1871, 49133018|1899, 49133092|1923, 49133092|2144, 49133166|2179, 49133166|4013, com.android.chrome/org.chromium.chrome.browser.sync.ui.PassphraseActivity, 
49133166|1, 49133166|469, 49133324|522, 49133418|602, 49133418|749, 49133512|774, 49133512|819, 49133586|855, 49133586|1051, 49133660|1090, 49133660|1523, 49133754|1545, 49133754|1747, 49133848|1779, 49133848|1829, 49133922|1865, 49133922|2064, 49133996|2090, 49133996|4022, com.android.chrome/org.chromium.chrome.browser.sync.ui.PassphraseActivity, 
49133996|1, 49133996|910, 49135149|1034, 49135347|1080, 49135982|1125, 49136211|1197, 49136305|1260, 49136550|1318, 49136550|1476, 49136624|1513, 49136624|1949, 49136718|1980, 49136718|2194, 49136812|2224, 49136886|2282, 49136886|2489, 49136960|2516, 49136960|3167, 49137092|3228, 49137092|4007, com.android.chrome/org.chromium.chrome.browser.customtabs.PaymentHandlerActivity, 
49137265|1, 49137265|97, 49137659|145, 49137659|1120, 49137855|1156, 49137855|2143, 49137941|2179, 49137941|2221, 49139642|2247, 49139642|2386, 49139736|2429, 49139736|2619, 49140130|2655, 49140130|3110, 49140536|3176, 49140536|4023, com.android.chrome/org.chromium.chrome.browser.preferences.website.ManageSpaceActivity, 
49140536|1, 49140536|72, 49140615|117, 49140615|661, 49140867|808, 49141768|884, 49141966|942, 49142830|1032, 49142924|1062, 49142998|1103, 49142998|1138, 49143169|1167, 49143169|1309, 49143243|1345, 49143243|1798, 49143337|1839, 49143337|2034, 49143431|2071, 49143431|2101, 49143505|2139, 49143505|2338, 49143579|2369, 49143579|3150, 49143711|3227, 49143711|3822, 49143809|3864, 49143903|3900, 49143903|4019, com.android.chrome/org.chromium.chrome.browser.customtabs.CustomTabActivity, 
49144297|1, 49144297|130, 49146564|167, 49146564|4019, com.android.chrome/org.chromium.chrome.browser.media.router.caf.remoting.CafExpandedControllerActivity, 
49146564|1, 49146564|774, 49147068|867, 49147915|939, 49148550|1008, 49148779|1064, 49148873|1128, 49148947|1167, 49148947|1377, 49149021|1406, 49149021|1536, 49149192|1571, 49149192|1858, 49149286|1905, 49149286|2093, 49149380|2131, 49149380|2158, 49149454|2195, 49149454|2385, 49149622|2417, 49149622|3102, 49149754|3230, 49149754|3393, 49149848|3421, 49149848|4005, com.android.chrome/org.chromium.chrome.browser.customtabs.PaymentHandlerActivity, 
49150242|1, 49150242|438, 49150426|479, 49150520|530, 49150520|1448, 49150614|1498, 49150614|1604, 49151008|1634, 49151008|1705, 49151180|1745, 49151180|4026, com.android.chrome/org.chromium.chrome.browser.preferences.website.ManageSpaceActivity, 
49151180|1, 49151180|4011, com.android.chrome/org.chromium.chrome.browser.preferences.website.ManageSpaceActivity, 
49151754|1, 49151754|717, 49151828|755, 49151828|4020, com.android.chrome/org.chromium.chrome.browser.media.router.caf.remoting.CafExpandedControllerActivity, 
49151828|1, 49151828|772, 49152258|849, 49152981|888, 49153179|919, 49153179|976, 49153814|1025, 49154137|1097, 49154211|1142, 49154211|1194, 49154382|1244, 49154382|1367, 49154456|1416, 49154456|1818, 49154550|1857, 49154550|2044, 49154644|2088, 49154644|2118, 49154718|2150, 49154718|2357, 49154792|2378, 49154792|3155, 49154924|3229, 49154924|4008, com.android.chrome/org.chromium.chrome.browser.customtabs.CustomTabActivity, 
49154924|1, 49154924|761, 49155003|866, 49156077|929, 49156275|977, 49156910|1027, 49157139|1083, 49157233|1159, 49157478|1197, 49157478|1377, 49157552|1421, 49157552|1846, 49157646|1883, 49157646|2113, 49157740|2172, 49157814|2197, 49157814|2407, 49157888|2439, 49157888|3217, 49158020|3290, 49158020|4014, com.android.chrome/org.chromium.chrome.browser.customtabs.CustomTabActivity, 
49158020|1, 49158020|4007, com.android.chrome/org.chromium.chrome.browser.media.router.caf.remoting.CafExpandedControllerActivity, 
49158020|1, 49158020|882, 49158178|964, 49159173|1027, 49159371|1061, 49159371|1120, 49160235|1190, 49160329|1245, 49160574|1334, 49160574|1485, 49160648|1534, 49160648|1994, 49160742|2026, 49160742|2212, 49160836|2248, 49160836|2271, 49160910|2328, 49160910|2511, 49160984|2542, 49160984|3199, 49161116|3304, 49161116|4011, com.android.chrome/org.chromium.chrome.browser.customtabs.CustomTabActivity, 
