301097|1, 301097|596, 301098|649, 301098|851, 301099|895, 301100|941, 301100|1169, 301101|1210, 301101|1624, 301102|1650, 301102|1835, 301103|1878, 301103|1932, 301104|1971, 301104|2158, 301105|2184, 301105|4009, com.android.chrome/org.chromium.chrome.browser.download.DownloadActivity, 
301105|1, 301105|535, 301106|592, 301106|831, 301107|864, 301108|893, 301108|1128, 301109|1165, 301109|1587, 301110|1609, 301110|1820, 301111|1855, 301111|1878, 301112|1897, 301112|2134, 301113|2170, 301113|4017, com.android.chrome/org.chromium.chrome.browser.download.DownloadActivity, 
301113|1, 301113|4018, com.android.chrome/org.chromium.chrome.browser.preferences.website.ManageSpaceActivity, 
301113|1, 301113|985, 301114|1099, 301115|1196, 301117|1352, 301117|1401, 301118|1430, 301118|1502, 301119|1533, 301119|1598, 301121|1636, 301122|1662, 301122|1803, 301123|1831, 301123|2067, 301124|2117, 301124|2297, 301125|2324, 301126|2353, 301126|2376, 301127|2404, 301127|2511, 301128|2546, 301128|2606, 301129|2643, 301130|2680, 301130|2826, 301131|2859, 301131|4005, com.android.chrome/org.chromium.chrome.browser.incognito.IncognitoTabLauncher, 
301131|1, 301131|616, 301132|701, 301132|903, 301133|937, 301133|982, 301134|1035, 301134|1211, 301135|1255, 301135|1685, 301136|1724, 301136|1915, 301137|1968, 301137|1989, 301138|2025, 301138|2222, 301139|2253, 301139|4018, com.android.chrome/org.chromium.chrome.browser.customtabs.PaymentHandlerActivity, 
301139|1, 301139|515, 301140|552, 301140|747, 301141|782, 301141|814, 301142|844, 301142|1081, 301143|1106, 301143|1536, 301144|1568, 301144|1757, 301145|1786, 301145|1836, 301146|1867, 301146|2079, 301147|2102, 301147|4007, com.android.chrome/org.chromium.chrome.browser.download.DownloadActivity, 
301147|1, 301147|633, 301148|678, 301148|880, 301149|919, 301149|957, 301150|981, 301150|1181, 301151|1215, 301151|1637, 301152|1661, 301152|1881, 301153|1910, 301153|1963, 301154|1990, 301154|2172, 301155|2199, 301155|4023, com.android.chrome/org.chromium.chrome.browser.download.DownloadActivity, 
301155|1, 301155|511, 301156|559, 301156|765, 301157|794, 301157|844, 301158|878, 301158|1088, 301159|1111, 301159|1527, 301160|1559, 301160|1771, 301161|1800, 301161|1849, 301162|1879, 301162|2090, 301163|2121, 301163|4012, com.android.chrome/org.chromium.chrome.browser.preferences.Preferences, 
301163|1, 301163|599, 301164|646, 301164|846, 301165|913, 301166|948, 301166|1159, 301167|1186, 301167|1629, 301168|1667, 301168|1853, 301169|1886, 301169|1920, 301170|1972, 301170|2145, 301171|2180, 301171|4015, com.android.chrome/org.chromium.chrome.browser.history.HistoryActivity, 
301171|1, 301171|629, 301172|682, 301172|902, 301173|934, 301173|969, 301174|995, 301174|1204, 301175|1239, 301175|1670, 301176|1700, 301176|1904, 301177|1932, 301177|1961, 301178|1988, 301178|2222, 301179|2243, 301179|4015, com.android.chrome/org.chromium.chrome.browser.download.DownloadActivity, 
301179|1, 301179|485, 301180|570, 301181|635, 301181|818, 301182|848, 301182|898, 301183|926, 301183|1133, 301184|1174, 301184|1584, 301185|1605, 301186|1639, 301186|1828, 301187|1857, 301187|1889, 301188|1915, 301188|2126, 301189|2155, 301189|4013, com.android.chrome/org.chromium.chrome.browser.bookmarks.BookmarkAddActivity, 
301189|1, 301189|475, 301190|547, 301190|746, 301191|769, 301191|799, 301192|837, 301192|1058, 301193|1095, 301193|1521, 301194|1548, 301194|1750, 301195|1777, 301195|1806, 301196|1840, 301196|2068, 301197|2099, 301197|4025, com.android.chrome/org.chromium.chrome.browser.history.HistoryActivity, 
301197|1, 301197|594, 301198|642, 301198|830, 301199|862, 301199|898, 301200|927, 301200|1155, 301201|1187, 301201|1607, 301202|1642, 301202|1848, 301203|1879, 301203|1899, 301204|1935, 301204|2151, 301205|2180, 301205|4020, com.android.chrome/org.chromium.chrome.browser.download.DownloadActivity, 
301205|1, 301205|519, 301206|577, 301206|755, 301207|791, 301207|819, 301208|839, 301208|1070, 301209|1107, 301209|1524, 301210|1549, 301210|1763, 301211|1790, 301211|1820, 301212|1844, 301212|2073, 301213|2104, 301213|4029, com.android.chrome/org.chromium.chrome.browser.download.DownloadActivity, 
301213|1, 301213|579, 301214|650, 301214|881, 301215|924, 301216|947, 301216|1189, 301217|1226, 301217|1612, 301218|1644, 301218|1879, 301219|1899, 301219|1927, 301220|1957, 301220|2177, 301221|2199, 301221|4030, com.android.chrome/org.chromium.chrome.browser.history.HistoryActivity, 
301221|1, 301221|667, 301225|760, 301228|824, 301231|915, 301235|996, 301236|1045, 301238|1074, 301238|1226, 301239|1249, 301239|1707, 301240|1743, 301240|1943, 301241|1968, 301241|1999, 301242|2049, 301242|2225, 301243|2252, 301243|3098, 301245|3182, 301245|4018, com.android.chrome/org.chromium.chrome.browser.customtabs.PaymentHandlerActivity, 
301245|1, 301245|605, 301246|694, 301246|876, 301247|911, 301247|941, 301248|966, 301248|1176, 301249|1213, 301249|1628, 301250|1662, 301250|1887, 301251|1908, 301251|1940, 301252|1971, 301252|2189, 301253|2219, 301253|4023, com.android.chrome/org.chromium.chrome.browser.preferences.Preferences, 
301253|1, 301253|638, 301254|770, 301254|891, 301255|932, 301256|1155, 301256|1191, 301257|1226, 301257|1649, 301258|1676, 301258|1884, 301259|1912, 301259|1958, 301260|1987, 301260|2196, 301261|2228, 301261|4008, com.android.chrome/org.chromium.chrome.browser.firstrun.FirstRunActivity, 
301261|1, 301261|559, 301262|635, 301263|685, 301263|892, 301264|926, 301264|964, 301265|1022, 301265|1207, 301266|1230, 301266|1667, 301267|1704, 301267|1919, 301268|1953, 301268|1972, 301269|2003, 301269|2215, 301270|2251, 301270|4019, com.android.chrome/org.chromium.chrome.browser.bookmarks.BookmarkAddActivity, 
301270|1, 301270|517, 301271|613, 301271|696, 301272|748, 301272|801, 301273|903, 301275|949, 301275|994, 301276|1031, 301276|1124, 301277|1152, 301277|1237, 301278|1270, 301278|1561, 301279|1620, 301279|1668, 301280|1715, 301280|1843, 301281|1880, 301281|1905, 301282|1926, 301283|1959, 301283|1988, 301284|2020, 301284|2100, 301285|2150, 301285|2246, 301286|2265, 301286|4007, com.android.chrome/org.chromium.chrome.browser.searchwidget.SearchActivity, 
301286|1, 301286|588, 301288|680, 301288|845, 301289|902, 301289|929, 301290|995, 301290|1179, 301291|1228, 301291|1637, 301292|1657, 301292|1881, 301293|1914, 301293|1935, 301294|1966, 301294|2178, 301295|2198, 301295|4030, com.android.chrome/org.chromium.chrome.browser.bookmarks.BookmarkAddActivity, 
301295|1, 301295|642, 301296|720, 301296|903, 301297|943, 301298|966, 301298|1187, 301299|1216, 301299|1656, 301300|1683, 301300|1892, 301301|1926, 301301|1957, 301302|1978, 301302|2190, 301303|2220, 301303|4023, com.android.chrome/org.chromium.chrome.browser.history.HistoryActivity, 
301303|1, 301303|4029, com.android.chrome/org.chromium.chrome.browser.preferences.website.ManageSpaceActivity, 
301303|1, 301303|678, 301304|830, 301304|978, 301306|1157, 301306|1301, 301307|1329, 301307|1770, 301308|1801, 301308|1989, 301309|2017, 301309|2066, 301310|2096, 301310|2289, 301311|2319, 301311|3134, 301312|3183, 301312|3374, 301313|3408, 301313|3608, 301314|3637, 301314|4008, com.android.chrome/org.chromium.chrome.browser.firstrun.FirstRunActivity, 
301315|1, 301315|416, 301316|475, 301316|563, 301317|586, 301317|815, 301318|843, 301318|874, 301319|907, 301319|1121, 301320|1152, 301320|1566, 301321|1598, 301321|1828, 301322|1862, 301322|1887, 301323|1909, 301323|2125, 301324|2162, 301324|2290, 301325|2323, 301325|4022, com.android.chrome/org.chromium.chrome.browser.sync.ui.PassphraseActivity, 
301325|1, 301325|626, 301327|717, 301327|943, 301328|979, 301329|1013, 301329|1240, 301330|1270, 301330|1609, 301331|1636, 301331|1682, 301332|1715, 301332|1926, 301333|1954, 301333|1980, 301334|2004, 301334|2246, 301335|2275, 301335|4006, com.android.chrome/org.chromium.chrome.browser.bookmarks.BookmarkAddActivity, 
301335|1, 301335|523, 301336|579, 301338|629, 301338|817, 301341|851, 301341|893, 301342|922, 301342|1063, 301344|1092, 301344|1139, 301345|1179, 301345|1302, 301346|1339, 301346|1596, 301349|1621, 301349|1826, 301353|1860, 301356|1898, 301357|1922, 301357|2088, 301358|2121, 301358|2142, 301359|2178, 301359|2304, 301361|2338, 301361|2809, 301365|2837, 301365|2877, 301368|2903, 301368|4010, com.android.chrome/org.chromium.chrome.browser.bookmarks.BookmarkAddActivity, 
301368|1, 301368|107, 301369|142, 301369|779, 301370|817, 301370|952, 301371|1048, 301372|1189, 301372|1323, 301373|1360, 301373|1777, 301374|1798, 301374|2013, 301375|2047, 301375|2081, 301376|2105, 301376|2310, 301377|2347, 301377|4018, com.android.chrome/org.chromium.chrome.browser.firstrun.FirstRunActivity, 
301377|1, 301377|701, 301378|813, 301378|934, 301380|1099, 301380|1278, 301381|1321, 301381|1725, 301382|1759, 301382|1975, 301383|1998, 301383|2055, 301384|2086, 301384|2295, 301385|2318, 301385|4027, com.android.chrome/org.chromium.chrome.browser.firstrun.FirstRunActivity, 
301385|1, 301385|637, 301386|688, 301386|884, 301387|918, 301387|946, 301388|975, 301388|1183, 301389|1216, 301389|1658, 301390|1683, 301390|1892, 301391|1918, 301391|1953, 301392|1979, 301392|2205, 301393|2232, 301393|4022, com.android.chrome/org.chromium.chrome.browser.download.DownloadActivity, 
301393|1, 301393|527, 301394|604, 301394|654, 301395|688, 301395|900, 301396|921, 301396|948, 301397|981, 301397|1208, 301398|1252, 301398|1596, 301399|1621, 301399|1648, 301400|1676, 301400|1918, 301401|1943, 301401|1968, 301402|2003, 301402|2192, 301403|2215, 301403|4012, com.android.chrome/org.chromium.chrome.browser.bookmarks.BookmarkAddActivity, 
301403|1, 301403|494, 301404|557, 301404|758, 301405|811, 301406|846, 301406|1072, 301407|1096, 301407|1520, 301408|1551, 301408|1760, 301409|1783, 301409|1833, 301410|1868, 301410|2044, 301411|2075, 301411|4022, com.android.chrome/org.chromium.chrome.browser.sync.ui.PassphraseActivity, 
301411|1, 301411|779, 301413|911, 301413|1070, 301415|1112, 301417|1160, 301417|1363, 301419|1399, 301419|1810, 301421|1873, 301421|2078, 301423|2103, 301423|2139, 301425|2159, 301425|2362, 301427|2392, 301427|4001, com.android.chrome/org.chromium.chrome.browser.searchwidget.SearchActivity, 
301427|1, 301427|688, 301428|740, 301428|940, 301429|969, 301429|989, 301430|1021, 301430|1231, 301431|1256, 301431|1702, 301432|1729, 301432|1935, 301433|1970, 301433|2000, 301434|2024, 301434|2234, 301435|2260, 301435|4032, com.android.chrome/org.chromium.chrome.browser.preferences.Preferences, 
301435|1, 301435|596, 301436|656, 301436|1776, 301437|1812, 301437|1901, 301438|1923, 301438|2080, 301439|2116, 301439|2219, 301440|2248, 301440|2780, 301441|2810, 301441|2896, 301442|2924, 301442|3063, 301443|3094, 301443|3168, 301444|3222, 301444|4025, com.android.chrome/org.chromium.chrome.browser.bookmarks.BookmarkAddActivity, 
301444|1, 301444|763, 301445|838, 301446|920, 301446|1034, 301447|1084, 301449|1116, 301450|1159, 301450|1314, 301451|1350, 301451|1376, 301452|1405, 301452|1765, 301453|1817, 301454|1879, 301454|2009, 301455|2041, 301455|2092, 301457|2129, 301458|2160, 301458|2305, 301459|2343, 301459|2402, 301460|2428, 301460|4012, com.android.chrome/org.chromium.chrome.browser.searchwidget.SearchActivity, 
301460|1, 301460|764, 301461|825, 301461|1021, 301462|1055, 301462|1097, 301463|1139, 301463|1332, 301464|1354, 301464|1790, 301465|1813, 301465|2027, 301466|2074, 301466|2104, 301467|2126, 301467|2333, 301468|2355, 301468|4025, com.android.chrome/org.chromium.chrome.browser.bookmarks.BookmarkAddActivity, 
301469|1, 301469|4022, com.android.chrome/org.chromium.chrome.browser.preferences.website.ManageSpaceActivity, 
301469|1, 301469|1021, 301471|1053, 301476|1129, 301480|1191, 301482|1251, 301483|1284, 301483|1336, 301488|1371, 301488|1456, 301489|1491, 301489|2023, 301490|2057, 301490|2182, 301491|2241, 301491|2328, 301492|2362, 301492|2483, 301493|2507, 301493|3321, 301495|3367, 301495|4008, com.android.chrome/org.chromium.chrome.browser.customtabs.CustomTabActivity, 
301495|1, 301495|612, 301496|667, 301496|873, 301497|897, 301497|923, 301498|972, 301498|1171, 301499|1193, 301499|1611, 301500|1646, 301500|1860, 301501|1888, 301501|1932, 301502|1968, 301502|2171, 301503|2197, 301503|4003, com.android.chrome/org.chromium.chrome.browser.bookmarks.BookmarkAddActivity, 
301503|1, 301503|648, 301504|725, 301504|920, 301505|962, 301506|987, 301506|1199, 301507|1237, 301507|1674, 301508|1705, 301508|1913, 301509|1935, 301509|1962, 301510|1992, 301510|2197, 301511|2230, 301511|4015, com.android.chrome/org.chromium.chrome.browser.history.HistoryActivity, 
301511|1, 301511|365, 301512|410, 301512|593, 301516|757, 301516|821, 301517|858, 301518|883, 301518|937, 301520|989, 301524|1188, 301524|1270, 301525|1310, 301525|1370, 301527|1406, 301527|1590, 301528|1620, 301528|1739, 301529|1762, 301529|2001, 301530|2026, 301531|2060, 301531|2297, 301532|2322, 301532|4023, com.android.chrome/org.chromium.chrome.browser.firstrun.FirstRunActivity, 
301532|1, 301532|823, 301536|895, 301539|955, 301545|1022, 301546|1109, 301547|1140, 301549|1176, 301549|1343, 301550|1373, 301550|1821, 301551|1846, 301551|2052, 301552|2078, 301552|2117, 301553|2157, 301553|2357, 301554|2381, 301554|3230, 301556|3282, 301556|4005, com.android.chrome/org.chromium.chrome.browser.customtabs.PaymentHandlerActivity, 
301556|1, 301556|779, 301558|819, 301558|1009, 301559|1041, 301561|1090, 301563|1128, 301563|1310, 301564|1334, 301565|1372, 301565|1774, 301567|1836, 301567|2014, 301568|2041, 301569|2068, 301569|2086, 301571|2120, 301571|2329, 301573|2360, 301573|4018, com.android.chrome/org.chromium.chrome.browser.searchwidget.SearchActivity, 
301573|1, 301573|1043, 301577|1154, 301585|1316, 301586|1378, 301590|1430, 301594|1481, 301594|1516, 301595|1566, 301595|1592, 301596|1618, 301596|1747, 301597|1773, 301597|2044, 301598|2087, 301598|2201, 301599|2228, 301599|2300, 301600|2318, 301600|2347, 301601|2380, 301601|2431, 301602|2466, 301602|2500, 301603|2524, 301603|2582, 301604|2622, 301604|2756, 301605|2792, 301605|3096, 301607|3189, 301607|4024, com.android.chrome/org.chromium.chrome.browser.incognito.IncognitoTabLauncher, 
301607|1, 301607|517, 301608|561, 301608|785, 301609|810, 301609|834, 301610|872, 301610|1075, 301611|1098, 301611|1547, 301612|1584, 301612|1768, 301613|1798, 301613|1831, 301614|1854, 301614|2085, 301615|2112, 301615|4024, com.android.chrome/org.chromium.chrome.browser.preferences.Preferences, 
301615|1, 301615|659, 301616|705, 301616|897, 301617|941, 301617|967, 301618|1000, 301618|1204, 301619|1235, 301619|1654, 301620|1685, 301620|1901, 301621|1959, 301622|1992, 301622|2199, 301623|2218, 301623|4010, com.android.chrome/org.chromium.chrome.browser.history.HistoryActivity, 
301623|1, 301623|4010, com.android.chrome/org.chromium.chrome.browser.preferences.website.ManageSpaceActivity, 
301623|1, 301623|740, 301624|795, 301624|893, 301625|1054, 301626|1144, 301626|1272, 301627|1311, 301627|1745, 301628|1776, 301628|1989, 301629|2008, 301629|2046, 301630|2081, 301630|2291, 301631|2310, 301631|4016, com.android.chrome/org.chromium.chrome.browser.firstrun.FirstRunActivity, 
301631|1, 301631|4023, com.android.chrome/org.chromium.chrome.browser.media.router.caf.remoting.CafExpandedControllerActivity, 
301631|1, 301631|1052, 301632|1149, 301636|1216, 301639|1380, 301648|1491, 301648|1694, 301650|1731, 301653|1761, 301654|1793, 301654|1996, 301655|2022, 301655|2128, 301656|2164, 301656|2407, 301657|2433, 301657|2453, 301659|2489, 301659|2692, 301661|2733, 301662|2776, 301662|3002, 301663|3040, 301663|3105, 301665|3199, 301665|4036, com.android.chrome/org.chromium.chrome.browser.incognito.IncognitoTabLauncher, 
301665|1, 301665|1840, 301666|1900, 301666|1963, 301667|2021, 301667|2177, 301668|2201, 301668|2309, 301669|2349, 301669|2863, 301670|2889, 301670|3014, 301671|3048, 301671|3132, 301672|3187, 301672|3300, 301673|3344, 301673|4003, com.android.chrome/org.chromium.chrome.browser.firstrun.FirstRunActivity, 
301673|1, 301673|901, 301674|980, 301678|1081, 301681|1172, 301689|1288, 301690|1333, 301690|1358, 301692|1403, 301692|1471, 301693|1496, 301693|1529, 301694|1565, 301695|1585, 301695|1769, 301696|1810, 301696|2006, 301697|2038, 301697|2204, 301698|2235, 301698|2265, 301699|2293, 301699|2313, 301700|2341, 301700|2458, 301701|2500, 301701|2536, 301702|2560, 301703|2598, 301703|2779, 301704|2805, 301704|3115, 301706|3195, 301706|4023, com.android.chrome/org.chromium.chrome.browser.incognito.IncognitoTabLauncher, 
301706|1, 301706|654, 301707|721, 301707|936, 301708|963, 301708|992, 301709|1026, 301709|1234, 301710|1267, 301710|1664, 301711|1698, 301711|1930, 301712|1949, 301712|1983, 301713|2010, 301713|2233, 301714|2278, 301715|2310, 301715|2965, 301717|2986, 301720|4026, com.android.chrome/org.chromium.chrome.browser.download.DownloadActivity, 
301724|1, 301724|42, 301726|95, 301726|552, 301727|576, 301730|635, 301734|680, 301734|810, 301735|851, 301735|876, 301736|904, 301736|938, 301737|964, 301737|1025, 301739|1052, 301739|1164, 301740|1199, 301740|1265, 301744|1307, 301744|1327, 301746|1359, 301746|1645, 301747|1675, 301747|1874, 301748|1905, 301748|1926, 301749|1951, 301749|2191, 301750|2220, 301750|4025, com.android.chrome/org.chromium.chrome.browser.preferences.Preferences, 
301750|1, 301750|651, 301751|684, 301751|832, 301752|869, 301752|1094, 301753|1123, 301754|1160, 301754|1386, 301755|1415, 301755|1492, 301756|1539, 301757|1570, 301757|1839, 301758|1878, 301759|1912, 301759|1966, 301761|2004, 301761|2069, 301762|2114, 301763|2167, 301763|2393, 301764|2419, 301764|2498, 301765|2523, 301766|2563, 301766|4001, com.android.chrome/org.chromium.chrome.browser.history.HistoryActivity, 
301766|1, 301766|596, 301767|666, 301767|881, 301768|910, 301768|939, 301769|968, 301769|1172, 301770|1199, 301770|1623, 301771|1647, 301771|1882, 301772|1916, 301772|1943, 301773|1973, 301773|2177, 301774|2210, 301774|4010, com.android.chrome/org.chromium.chrome.browser.download.DownloadActivity, 
301774|1, 301774|4012, com.android.chrome/org.chromium.chrome.browser.preferences.website.ManageSpaceActivity, 
301774|1, 301774|4010, com.android.chrome/org.chromium.chrome.browser.media.router.caf.remoting.CafExpandedControllerActivity, 
301774|1, 301774|544, 301775|592, 301775|786, 301776|819, 301777|876, 301777|1098, 301778|1143, 301778|1551, 301779|1581, 301779|1799, 301780|1823, 301780|1844, 301781|1875, 301781|2112, 301782|2141, 301782|4004, com.android.chrome/org.chromium.chrome.browser.sync.ui.PassphraseActivity, 
301782|1, 301782|1063, 301783|1106, 301784|1184, 301794|1355, 301798|1424, 301799|1482, 301801|1513, 301802|1560, 301802|1605, 301803|1643, 301803|1666, 301804|1702, 301804|1848, 301805|1874, 301805|2126, 301806|2158, 301806|2314, 301807|2349, 301807|2372, 301808|2395, 301808|2427, 301809|2454, 301809|2538, 301810|2566, 301810|2587, 301811|2630, 301811|2669, 301812|2700, 301812|2828, 301813|2857, 301813|3143, 301815|3209, 301815|4017, com.android.chrome/org.chromium.chrome.browser.incognito.IncognitoTabLauncher, 
301815|1, 301815|970, 301816|1045, 301822|1192, 301827|1278, 301831|1371, 301831|1431, 301834|1496, 301835|1539, 301835|1571, 301836|1609, 301836|1656, 301837|1694, 301837|1748, 301838|1783, 301838|2013, 301839|2041, 301839|2203, 301840|2233, 301840|2258, 301841|2279, 301841|2312, 301842|2343, 301842|2452, 301843|2477, 301843|2505, 301844|2549, 301845|2587, 301845|2775, 301846|2811, 301846|3110, 301847|3153, 301848|3247, 301848|4025, com.android.chrome/org.chromium.chrome.browser.incognito.IncognitoTabLauncher, 
301848|1, 301848|724, 301852|824, 301852|858, 301858|945, 301862|1053, 301867|1122, 301867|1329, 301868|1359, 301868|1784, 301869|1809, 301869|1983, 301870|2042, 301870|2074, 301871|2100, 301871|2313, 301872|2341, 301872|3256, 301874|3297, 301874|4027, com.android.chrome/org.chromium.chrome.browser.customtabs.PaymentHandlerActivity, 
301874|1, 301874|733, 301875|862, 301876|959, 301876|1096, 301878|1149, 301880|1198, 301880|1394, 301882|1436, 301882|1859, 301884|1929, 301884|2076, 301885|2099, 301885|2120, 301886|2154, 301888|2185, 301888|2390, 301889|2413, 301890|2432, 301890|4014, com.android.chrome/org.chromium.chrome.browser.searchwidget.SearchActivity, 
301890|1, 301890|4021, com.android.chrome/org.chromium.chrome.browser.media.router.caf.remoting.CafExpandedControllerActivity, 
301890|1, 301890|579, 301891|655, 301891|787, 301892|838, 301892|873, 301893|901, 301893|1129, 301894|1166, 301894|1569, 301895|1602, 301895|1806, 301896|1838, 301896|1882, 301897|1914, 301897|2130, 301898|2164, 301898|4026, com.android.chrome/org.chromium.chrome.browser.history.HistoryActivity, 
301898|1, 301898|739, 301899|838, 301900|904, 301900|1025, 301901|1079, 301902|1128, 301903|1178, 301904|1222, 301904|1347, 301905|1380, 301905|1420, 301907|1458, 301907|1805, 301908|1843, 301909|1904, 301909|2015, 301910|2080, 301910|2107, 301911|2132, 301912|2158, 301912|2190, 301913|2222, 301913|2346, 301914|2373, 301914|2427, 301915|2459, 301915|4029, com.android.chrome/org.chromium.chrome.browser.searchwidget.SearchActivity, 
301915|1, 301915|587, 301916|665, 301916|852, 301917|891, 301917|919, 301918|942, 301918|1155, 301919|1186, 301919|1616, 301920|1638, 301920|1861, 301921|1882, 301921|1907, 301922|1945, 301922|2155, 301923|2186, 301923|4012, com.android.chrome/org.chromium.chrome.browser.preferences.Preferences, 
301923|1, 301923|645, 301924|774, 301924|927, 301925|973, 301926|1190, 301926|1245, 301927|1278, 301927|1697, 301928|1718, 301928|1943, 301929|1964, 301929|1990, 301930|2025, 301930|2245, 301931|2278, 301931|4019, com.android.chrome/org.chromium.chrome.browser.firstrun.FirstRunActivity, 
301931|1, 301931|4031, com.android.chrome/org.chromium.chrome.browser.media.router.caf.remoting.CafExpandedControllerActivity, 
301931|1, 301931|671, 301932|726, 301932|940, 301933|975, 301934|1003, 301934|1214, 301935|1250, 301935|1694, 301936|1724, 301936|1931, 301937|1969, 301937|1991, 301938|2020, 301938|2221, 301939|2246, 301939|4013, com.android.chrome/org.chromium.chrome.browser.preferences.Preferences, 
301939|1, 301939|477, 301940|537, 301940|727, 301941|751, 301941|779, 301942|814, 301942|1032, 301943|1066, 301943|1477, 301944|1514, 301944|1740, 301945|1772, 301945|1801, 301946|1832, 301946|2019, 301947|2055, 301947|4002, com.android.chrome/org.chromium.chrome.browser.preferences.Preferences, 
301947|1, 301947|881, 301951|1001, 301954|1066, 301957|1124, 301961|1211, 301961|1254, 301964|1302, 301964|1469, 301965|1493, 301965|1952, 301966|1991, 301966|2188, 301967|2224, 301967|2254, 301968|2285, 301968|2481, 301969|2520, 301969|3105, 301971|3194, 301971|4014, com.android.chrome/org.chromium.chrome.browser.customtabs.CustomTabActivity, 
301971|1, 301971|713, 301972|762, 301972|992, 301973|1029, 301974|1065, 301974|1293, 301975|1330, 301975|1741, 301976|1778, 301976|1993, 301977|2030, 301977|2050, 301978|2082, 301978|2295, 301979|2332, 301979|4024, com.android.chrome/org.chromium.chrome.browser.preferences.Preferences, 
301979|1, 301979|879, 301981|974, 301981|1096, 301983|1168, 301985|1222, 301985|1429, 301987|1471, 301987|1857, 301989|1942, 301989|2131, 301991|2159, 301991|2188, 301993|2230, 301993|2420, 301995|2449, 301995|4010, com.android.chrome/org.chromium.chrome.browser.searchwidget.SearchActivity, 
301995|1, 301995|651, 301996|811, 301996|990, 301998|1209, 301998|1322, 301999|1387, 301999|1754, 302000|1805, 302000|2018, 302002|2103, 302002|2312, 302003|2347, 302003|4043, com.android.chrome/org.chromium.chrome.browser.firstrun.FirstRunActivity, 
302003|1, 302003|660, 302004|718, 302004|901, 302005|939, 302005|971, 302006|1007, 302006|1198, 302007|1226, 302007|1659, 302008|1693, 302008|1903, 302009|1932, 302009|1961, 302010|1992, 302010|2208, 302011|2239, 302011|4009, com.android.chrome/org.chromium.chrome.browser.history.HistoryActivity, 
302012|1, 302012|788, 302013|814, 302013|1677, 302015|1710, 302015|1790, 302016|1826, 302016|1906, 302017|1943, 302018|1983, 302018|2194, 302020|2235, 302020|2614, 302023|2656, 302023|2687, 302026|2720, 302026|2867, 302027|2909, 302027|3083, 302029|3136, 302029|3621, 302032|3660, 302032|4024, com.android.chrome/org.chromium.chrome.browser.preferences.website.ManageSpaceActivity, 
302032|1, 302032|564, 302033|665, 302033|824, 302034|858, 302035|914, 302035|1126, 302036|1171, 302036|1593, 302037|1630, 302037|1841, 302038|1870, 302038|1901, 302039|1926, 302039|2114, 302040|2149, 302040|4013, com.android.chrome/org.chromium.chrome.browser.sync.ui.PassphraseActivity, 
302040|1, 302040|618, 302041|686, 302041|883, 302042|909, 302043|948, 302043|1183, 302044|1220, 302044|1619, 302045|1655, 302045|1868, 302046|1903, 302046|1936, 302047|1964, 302047|2178, 302048|2210, 302048|4026, com.android.chrome/org.chromium.chrome.browser.history.HistoryActivity, 
302048|1, 302048|616, 302049|681, 302049|895, 302050|927, 302050|951, 302051|978, 302051|1199, 302052|1234, 302052|1641, 302053|1669, 302053|1895, 302054|1916, 302054|1941, 302055|1977, 302055|2198, 302056|2227, 302056|4030, com.android.chrome/org.chromium.chrome.browser.sync.ui.PassphraseActivity, 
302056|1, 302056|530, 302057|620, 302057|1057, 302060|1148, 302066|1280, 302071|1409, 302075|1490, 302075|1522, 302078|1562, 302078|1595, 302079|1633, 302079|1663, 302080|1685, 302080|1837, 302081|1877, 302081|2100, 302082|2146, 302083|2172, 302083|2290, 302084|2311, 302084|2370, 302088|2408, 302092|2439, 302092|2555, 302093|2576, 302094|2613, 302095|2663, 302096|2700, 302096|2825, 302097|2864, 302099|2896, 302099|3118, 302107|3185, 302107|3348, 302108|3405, 302108|4015, com.android.chrome/org.chromium.chrome.browser.incognito.IncognitoTabLauncher, 
302116|1, 302116|852, 302120|929, 302123|980, 302126|1023, 302129|1091, 302130|1133, 302130|1166, 302135|1204, 302135|1399, 302136|1445, 302136|1856, 302137|1888, 302137|2096, 302138|2144, 302139|2175, 302139|2394, 302140|2427, 302140|3277, 302142|3333, 302142|4019, com.android.chrome/org.chromium.chrome.browser.customtabs.CustomTabActivity, 
302142|1, 302142|883, 302146|953, 302149|1003, 302155|1106, 302156|1155, 302158|1212, 302159|1252, 302159|1421, 302160|1457, 302160|1889, 302161|1935, 302161|2134, 302162|2160, 302162|2195, 302163|2223, 302163|2446, 302164|2482, 302164|3152, 302166|3231, 302166|4010, com.android.chrome/org.chromium.chrome.browser.customtabs.CustomTabActivity, 
302166|1, 302166|622, 302167|776, 302167|907, 302169|1121, 302169|1272, 302170|1309, 302170|1747, 302171|1779, 302171|1980, 302172|2011, 302172|2042, 302173|2063, 302173|2287, 302174|2313, 302174|4020, com.android.chrome/org.chromium.chrome.browser.firstrun.FirstRunActivity, 
302174|1, 302174|821, 302176|927, 302176|1025, 302177|1097, 302179|1151, 302180|1188, 302180|1359, 302181|1392, 302181|1421, 302182|1455, 302182|1809, 302183|1859, 302184|1910, 302184|2076, 302185|2108, 302186|2144, 302187|2184, 302188|2210, 302188|2370, 302189|2393, 302189|2414, 302190|2447, 302190|4032, com.android.chrome/org.chromium.chrome.browser.searchwidget.SearchActivity, 
302190|1, 302190|689, 302194|801, 302194|833, 302197|880, 302200|930, 302204|993, 302205|1055, 302207|1121, 302207|1266, 302208|1298, 302208|1699, 302209|1732, 302209|1948, 302210|1982, 302210|2016, 302211|2068, 302211|2240, 302212|2279, 302212|3116, 302214|3234, 302214|4031, com.android.chrome/org.chromium.chrome.browser.customtabs.CustomTabActivity, 
302214|1, 302214|626, 302215|694, 302215|878, 302216|922, 302216|956, 302217|986, 302217|1191, 302218|1234, 302218|1630, 302219|1664, 302219|1881, 302220|1902, 302220|1962, 302221|1998, 302221|2189, 302222|2223, 302222|4019, com.android.chrome/org.chromium.chrome.browser.bookmarks.BookmarkAddActivity, 
302222|1, 302222|671, 302223|733, 302224|849, 302224|899, 302225|970, 302226|1019, 302227|1057, 302228|1098, 302228|1234, 302229|1267, 302229|1330, 302230|1372, 302230|1674, 302231|1731, 302232|1788, 302232|1908, 302233|1955, 302233|1987, 302234|2013, 302234|2034, 302235|2069, 302236|2101, 302236|2213, 302237|2248, 302237|2331, 302238|2369, 302238|4024, com.android.chrome/org.chromium.chrome.browser.searchwidget.SearchActivity, 
302238|1, 302238|1121, 302242|1246, 302254|1444, 302254|1521, 302256|1575, 302258|1632, 302258|1666, 302259|1707, 302259|1878, 302260|1908, 302260|2117, 302261|2150, 302261|2312, 302262|2352, 302263|2391, 302263|2426, 302264|2452, 302264|2563, 302265|2590, 302266|2637, 302267|2681, 302267|2843, 302268|2897, 302268|3160, 302270|3218, 302270|4017, com.android.chrome/org.chromium.chrome.browser.incognito.IncognitoTabLauncher, 
302270|1, 302270|675, 302271|758, 302271|943, 302272|981, 302273|1018, 302273|1227, 302274|1266, 302274|1684, 302275|1713, 302275|1925, 302276|1964, 302276|1992, 302277|2016, 302277|2244, 302278|2277, 302278|4038, com.android.chrome/org.chromium.chrome.browser.preferences.Preferences, 
302278|1, 302278|4025, com.android.chrome/org.chromium.chrome.browser.preferences.website.ManageSpaceActivity, 
302278|1, 302278|794, 302282|851, 302285|892, 302288|969, 302291|1029, 302292|1064, 302295|1134, 302295|1337, 302296|1377, 302296|1778, 302297|1806, 302297|2015, 302298|2050, 302298|2084, 302299|2112, 302299|2332, 302300|2357, 302300|3115, 302301|3231, 302302|3281, 302302|4034, com.android.chrome/org.chromium.chrome.browser.customtabs.PaymentHandlerActivity, 
302302|1, 302302|1057, 302303|1172, 302307|1311, 302317|1464, 302318|1534, 302319|1580, 302321|1627, 302321|1674, 302322|1715, 302322|1738, 302323|1778, 302324|1818, 302324|1980, 302325|2018, 302325|2249, 302326|2287, 302326|2441, 302327|2479, 302327|2501, 302328|2538, 302329|2577, 302329|2674, 302330|2730, 302331|2774, 302331|2803, 302332|2841, 302332|2974, 302333|3011, 302333|3120, 302335|3177, 302335|4010, com.android.chrome/org.chromium.chrome.browser.incognito.IncognitoTabLauncher, 
302335|1, 302335|4023, com.android.chrome/org.chromium.chrome.browser.media.router.caf.remoting.CafExpandedControllerActivity, 
302340|1, 302340|691, 302341|758, 302345|862, 302349|912, 302349|960, 302352|1018, 302356|1089, 302357|1158, 302359|1213, 302359|1321, 302360|1369, 302360|1795, 302361|1820, 302361|2022, 302362|2058, 302362|2082, 302363|2121, 302363|2332, 302364|2360, 302364|2669, 302366|2722, 302366|3090, 302368|3145, 302368|3701, 302369|3742, 302369|4012, com.android.chrome/org.chromium.chrome.browser.customtabs.PaymentHandlerActivity, 
302369|1, 302369|1046, 302370|1118, 302375|1244, 302382|1415, 302386|1471, 302387|1542, 302391|1605, 302392|1638, 302392|1683, 302393|1732, 302393|1760, 302394|1792, 302394|1901, 302395|1942, 302395|2194, 302397|2235, 302397|2383, 302398|2418, 302398|2440, 302399|2466, 302399|2502, 302400|2546, 302400|2600, 302401|2657, 302402|2716, 302403|2776, 302403|2913, 302404|2948, 302404|3107, 302405|3164, 302406|3256, 302406|4017, com.android.chrome/org.chromium.chrome.browser.incognito.IncognitoTabLauncher, 
302406|1, 302406|628, 302408|720, 302408|786, 302412|891, 302415|976, 302422|1079, 302423|1163, 302425|1220, 302425|1358, 302426|1389, 302426|1657, 302427|1711, 302427|1784, 302428|1816, 302428|2031, 302429|2075, 302429|2104, 302430|2129, 302430|2343, 302431|2375, 302431|3213, 302433|3293, 302433|3658, 302435|3701, 302435|4015, com.android.chrome/org.chromium.chrome.browser.customtabs.PaymentHandlerActivity, 
302435|1, 302435|51, 302436|105, 302436|838, 302438|939, 302438|1082, 302439|1133, 302441|1192, 302442|1259, 302442|1382, 302443|1428, 302444|1482, 302444|1849, 302445|1890, 302446|1940, 302446|2054, 302448|2115, 302450|2182, 302451|2205, 302451|2392, 302452|2425, 302453|2465, 302453|3095, 302454|3172, 302454|4009, com.android.chrome/org.chromium.chrome.browser.searchwidget.SearchActivity, 
302454|1, 302454|492, 302455|568, 302455|729, 302456|786, 302457|851, 302457|1078, 302458|1133, 302458|1476, 302460|1563, 302460|1715, 302461|1788, 302461|1845, 302462|1888, 302462|2078, 302463|2107, 302463|3075, 302465|3152, 302465|4010, com.android.chrome/org.chromium.chrome.browser.sync.ui.PassphraseActivity, 
302465|1, 302465|4029, com.android.chrome/org.chromium.chrome.browser.media.router.caf.remoting.CafExpandedControllerActivity, 
302465|1, 302465|842, 302469|892, 302472|940, 302475|991, 302478|1025, 302478|1092, 302482|1167, 302482|1362, 302483|1407, 302483|1853, 302484|1893, 302484|2092, 302485|2138, 302486|2181, 302486|2375, 302487|2409, 302487|3182, 302489|3256, 302489|4008, com.android.chrome/org.chromium.chrome.browser.customtabs.CustomTabActivity, 
302489|1, 302489|595, 302490|685, 302490|847, 302491|894, 302491|932, 302492|968, 302492|1157, 302493|1193, 302493|1599, 302494|1665, 302494|1868, 302495|1901, 302496|1938, 302496|2154, 302497|2176, 302497|4018, com.android.chrome/org.chromium.chrome.browser.sync.ui.PassphraseActivity, 
302497|1, 302497|4008, com.android.chrome/org.chromium.chrome.browser.media.router.caf.remoting.CafExpandedControllerActivity, 
302497|1, 302497|791, 302498|910, 302501|957, 302504|999, 302507|1040, 302511|1097, 302511|1143, 302512|1173, 302512|1393, 302513|1429, 302513|1835, 302514|1871, 302514|2072, 302515|2112, 302516|2164, 302516|2229, 302518|2287, 302518|2374, 302519|2412, 302519|3072, 302521|3139, 302521|4029, com.android.chrome/org.chromium.chrome.browser.customtabs.PaymentHandlerActivity, 
302521|1, 302521|625, 302522|656, 302522|870, 302523|902, 302523|925, 302524|962, 302524|1162, 302525|1185, 302525|1625, 302526|1666, 302526|1852, 302527|1882, 302527|1907, 302528|1941, 302528|2169, 302529|2192, 302529|4007, com.android.chrome/org.chromium.chrome.browser.sync.ui.PassphraseActivity, 
302529|1, 302529|600, 302530|643, 302530|844, 302531|884, 302532|921, 302532|1136, 302533|1172, 302533|1598, 302534|1621, 302534|1841, 302535|1879, 302535|1908, 302536|1931, 302536|2153, 302537|2188, 302537|4022, com.android.chrome/org.chromium.chrome.browser.sync.ui.PassphraseActivity, 
302537|1, 302537|521, 302538|603, 302538|752, 302539|776, 302539|823, 302540|854, 302540|1054, 302541|1093, 302541|1526, 302542|1548, 302542|1750, 302543|1782, 302543|1828, 302544|1867, 302544|2067, 302545|2093, 302545|4024, com.android.chrome/org.chromium.chrome.browser.sync.ui.PassphraseActivity, 
302545|1, 302545|912, 302549|1037, 302552|1076, 302555|1129, 302558|1193, 302559|1259, 302562|1321, 302562|1510, 302563|1560, 302563|1954, 302564|1983, 302564|2194, 302565|2228, 302566|2285, 302566|2493, 302567|2520, 302567|3170, 302569|3231, 302570|4084, com.android.chrome/org.chromium.chrome.browser.customtabs.PaymentHandlerActivity, 
302570|1, 302570|97, 302572|150, 302572|1124, 302574|1158, 302574|2148, 302575|2184, 302575|2223, 302578|2253, 302578|2431, 302579|2472, 302579|2624, 302581|2660, 302581|3116, 302583|3178, 302583|4001, com.android.chrome/org.chromium.chrome.browser.preferences.website.ManageSpaceActivity, 
302583|1, 302583|794, 302587|886, 302590|947, 302596|1037, 302597|1068, 302597|1106, 302598|1144, 302600|1173, 302600|1311, 302601|1352, 302601|1805, 302602|1846, 302602|2041, 302603|2076, 302603|2108, 302604|2145, 302604|2345, 302605|2375, 302605|3157, 302607|3233, 302607|3829, 302608|3868, 302609|3904, 302609|4022, com.android.chrome/org.chromium.chrome.browser.customtabs.CustomTabActivity, 
302611|1, 302611|126, 302615|167, 302618|211, 302618|4021, com.android.chrome/org.chromium.chrome.browser.media.router.caf.remoting.CafExpandedControllerActivity, 
302618|1, 302618|866, 302622|930, 302628|1006, 302631|1065, 302632|1124, 302632|1166, 302633|1199, 302633|1410, 302634|1441, 302634|1540, 302636|1574, 302636|1862, 302637|1904, 302637|2095, 302638|2134, 302638|2163, 302639|2198, 302639|2389, 302641|2421, 302641|3104, 302642|3229, 302643|3283, 302643|3397, 302644|3419, 302644|4008, com.android.chrome/org.chromium.chrome.browser.customtabs.PaymentHandlerActivity, 
302646|1, 302646|481, 302649|533, 302649|1495, 302650|1548, 302650|1608, 302652|1638, 302652|1709, 302654|1749, 302654|4003, com.android.chrome/org.chromium.chrome.browser.preferences.website.ManageSpaceActivity, 
302654|1, 302654|4014, com.android.chrome/org.chromium.chrome.browser.preferences.website.ManageSpaceActivity, 
302658|1, 302658|725, 302659|761, 302659|4026, com.android.chrome/org.chromium.chrome.browser.media.router.caf.remoting.CafExpandedControllerActivity, 
302659|1, 302659|777, 302660|839, 302663|893, 302666|922, 302666|980, 302669|1029, 302673|1084, 302674|1143, 302674|1199, 302676|1248, 302676|1368, 302677|1412, 302677|1823, 302678|1861, 302678|2049, 302679|2092, 302679|2124, 302680|2151, 302680|2362, 302681|2383, 302681|3125, 302683|3233, 302683|4013, com.android.chrome/org.chromium.chrome.browser.customtabs.CustomTabActivity, 
302683|1, 302683|868, 302687|924, 302690|978, 302693|1026, 302696|1080, 302697|1158, 302700|1199, 302700|1420, 302701|1472, 302701|1845, 302702|1885, 302702|2114, 302703|2172, 302704|2199, 302704|2403, 302705|2440, 302705|3213, 302707|3291, 302707|4012, com.android.chrome/org.chromium.chrome.browser.customtabs.CustomTabActivity, 
302707|1, 302707|4008, com.android.chrome/org.chromium.chrome.browser.media.router.caf.remoting.CafExpandedControllerActivity, 
302707|1, 302707|966, 302711|1027, 302714|1061, 302714|1119, 302720|1184, 302721|1245, 302724|1333, 302724|1482, 302725|1530, 302725|1997, 302726|2023, 302726|2215, 302727|2248, 302727|2274, 302728|2328, 302728|2514, 302729|2544, 302729|3197, 302731|3307, 302731|4013, com.android.chrome/org.chromium.chrome.browser.customtabs.CustomTabActivity, 
