356118|1, 356118|604, 356121|656, 356121|860, 356122|901, 356123|949, 356123|1178, 356124|1215, 356124|1633, 356125|1657, 356125|1843, 356126|1880, 356126|1940, 356127|1975, 356127|2165, 356128|2191, 356128|4017, com.android.chrome/org.chromium.chrome.browser.download.DownloadActivity, 
356128|1, 356128|534, 356131|597, 356131|837, 356132|869, 356133|898, 356133|1134, 356134|1171, 356134|1593, 356135|1614, 356135|1826, 356136|1861, 356136|1883, 356137|1903, 356137|2139, 356138|2175, 356138|4022, com.android.chrome/org.chromium.chrome.browser.download.DownloadActivity, 
356138|1, 356138|4002, com.android.chrome/org.chromium.chrome.browser.preferences.website.ManageSpaceActivity, 
356138|1, 356138|989, 356141|1077, 356144|1199, 356147|1348, 356148|1408, 356149|1436, 356149|1509, 356150|1537, 356150|1602, 356152|1643, 356153|1669, 356153|1811, 356154|1838, 356154|2075, 356155|2124, 356155|2304, 356156|2331, 356156|2357, 356157|2384, 356158|2411, 356158|2519, 356159|2549, 356159|2613, 356160|2646, 356161|2688, 356161|2834, 356162|2866, 356162|4012, com.android.chrome/org.chromium.chrome.browser.incognito.IncognitoTabLauncher, 
356162|1, 356162|622, 356165|708, 356165|908, 356166|944, 356166|986, 356167|1043, 356167|1219, 356168|1262, 356168|1692, 356169|1725, 356169|1922, 356170|1974, 356170|1997, 356171|2028, 356171|2230, 356172|2260, 356172|4005, com.android.chrome/org.chromium.chrome.browser.customtabs.PaymentHandlerActivity, 
356172|1, 356172|456, 356175|517, 356179|555, 356179|782, 356180|818, 356181|848, 356181|1086, 356182|1111, 356182|1326, 356183|1355, 356183|1541, 356184|1572, 356184|1762, 356185|1790, 356185|1840, 356186|1871, 356186|2083, 356187|2107, 356187|4011, com.android.chrome/org.chromium.chrome.browser.download.DownloadActivity, 
356187|1, 356187|639, 356190|677, 356190|886, 356191|924, 356191|963, 356192|986, 356192|1187, 356193|1220, 356193|1643, 356194|1666, 356194|1886, 356195|1915, 356195|1968, 356196|1995, 356196|2172, 356197|2205, 356197|4028, com.android.chrome/org.chromium.chrome.browser.download.DownloadActivity, 
356197|1, 356197|508, 356200|565, 356200|772, 356201|800, 356201|851, 356202|885, 356202|1095, 356203|1117, 356203|1534, 356204|1565, 356204|1777, 356205|1806, 356205|1856, 356206|1885, 356206|2093, 356207|2127, 356207|4018, com.android.chrome/org.chromium.chrome.browser.preferences.Preferences, 
356207|1, 356207|604, 356210|648, 356210|851, 356211|916, 356212|954, 356212|1165, 356213|1191, 356213|1635, 356214|1672, 356214|1858, 356215|1890, 356215|1925, 356216|1977, 356216|2151, 356217|2185, 356217|4020, com.android.chrome/org.chromium.chrome.browser.history.HistoryActivity, 
356217|1, 356217|634, 356219|681, 356220|747, 356220|908, 356221|938, 356221|974, 356222|1000, 356222|1210, 356223|1241, 356223|1676, 356224|1705, 356224|1910, 356225|1937, 356225|1967, 356226|1993, 356226|2227, 356227|2249, 356227|4020, com.android.chrome/org.chromium.chrome.browser.download.DownloadActivity, 
356227|1, 356227|492, 356230|577, 356233|638, 356233|856, 356234|882, 356234|907, 356235|934, 356235|1142, 356236|1182, 356236|1613, 356238|1647, 356238|1836, 356239|1865, 356239|1898, 356240|1923, 356240|2163, 356241|2194, 356241|4021, com.android.chrome/org.chromium.chrome.browser.bookmarks.BookmarkAddActivity, 
356241|1, 356241|480, 356244|548, 356244|775, 356245|804, 356245|838, 356246|873, 356246|1064, 356247|1100, 356247|1527, 356248|1553, 356248|1755, 356249|1782, 356249|1811, 356250|1845, 356250|2074, 356252|2105, 356252|4027, com.android.chrome/org.chromium.chrome.browser.history.HistoryActivity, 
356252|1, 356252|529, 356254|600, 356257|648, 356257|837, 356258|867, 356258|904, 356259|934, 356259|1162, 356260|1189, 356260|1614, 356261|1649, 356261|1854, 356262|1886, 356262|1906, 356263|1941, 356263|2158, 356264|2186, 356264|4006, com.android.chrome/org.chromium.chrome.browser.download.DownloadActivity, 
356264|1, 356264|470, 356266|522, 356269|581, 356269|758, 356270|792, 356270|823, 356271|844, 356271|1074, 356272|1112, 356272|1528, 356273|1553, 356273|1768, 356274|1794, 356274|1825, 356275|1848, 356275|2078, 356276|2108, 356276|4002, com.android.chrome/org.chromium.chrome.browser.download.DownloadActivity, 
356276|1, 356276|580, 356283|654, 356283|888, 356284|925, 356285|953, 356285|1196, 356286|1232, 356286|1651, 356287|1675, 356287|1886, 356288|1905, 356288|1933, 356289|1963, 356289|2184, 356290|2205, 356290|4006, com.android.chrome/org.chromium.chrome.browser.history.HistoryActivity, 
356290|1, 356290|680, 356298|777, 356301|840, 356304|922, 356308|1012, 356309|1061, 356311|1091, 356311|1243, 356312|1266, 356312|1725, 356313|1760, 356313|1961, 356314|1984, 356314|2011, 356315|2061, 356315|2266, 356316|2302, 356316|3115, 356317|3182, 356318|3235, 356318|4003, com.android.chrome/org.chromium.chrome.browser.customtabs.PaymentHandlerActivity, 
356318|1, 356318|608, 356325|689, 356325|881, 356326|915, 356326|946, 356327|968, 356327|1180, 356328|1218, 356328|1633, 356329|1665, 356329|1891, 356330|1913, 356330|1945, 356331|1976, 356331|2194, 356332|2224, 356332|4027, com.android.chrome/org.chromium.chrome.browser.preferences.Preferences, 
356332|1, 356332|624, 356335|769, 356335|897, 356336|933, 356337|1102, 356337|1197, 356338|1231, 356338|1655, 356339|1681, 356339|1889, 356340|1916, 356340|1964, 356341|1993, 356341|2202, 356342|2234, 356342|2377, 356343|2411, 356343|4009, com.android.chrome/org.chromium.chrome.browser.firstrun.FirstRunActivity, 
356343|1, 356343|475, 356345|563, 356346|631, 356348|687, 356349|730, 356349|897, 356350|931, 356350|969, 356351|1022, 356351|1208, 356352|1231, 356352|1672, 356353|1708, 356353|1924, 356354|1957, 356354|1977, 356355|2004, 356355|2216, 356356|2250, 356356|4023, com.android.chrome/org.chromium.chrome.browser.bookmarks.BookmarkAddActivity, 
356356|1, 356356|518, 356359|612, 356359|689, 356362|750, 356362|804, 356363|896, 356365|952, 356365|997, 356366|1033, 356366|1127, 356367|1150, 356367|1239, 356368|1271, 356368|1564, 356369|1621, 356369|1657, 356370|1713, 356370|1846, 356371|1882, 356371|1908, 356372|1928, 356373|1962, 356373|1989, 356374|2022, 356374|2103, 356375|2149, 356375|2249, 356376|2267, 356376|4009, com.android.chrome/org.chromium.chrome.browser.searchwidget.SearchActivity, 
356376|1, 356376|590, 356382|684, 356382|847, 356383|907, 356383|933, 356384|999, 356384|1183, 356385|1232, 356385|1641, 356386|1661, 356386|1886, 356387|1915, 356387|1940, 356388|1971, 356388|2183, 356389|2203, 356389|4004, com.android.chrome/org.chromium.chrome.browser.bookmarks.BookmarkAddActivity, 
356389|1, 356389|594, 356393|644, 356396|722, 356396|906, 356397|945, 356398|968, 356398|1190, 356399|1218, 356399|1659, 356400|1685, 356400|1895, 356401|1928, 356401|1960, 356402|1981, 356402|2193, 356403|2219, 356403|4019, com.android.chrome/org.chromium.chrome.browser.history.HistoryActivity, 
356403|1, 356403|4004, com.android.chrome/org.chromium.chrome.browser.preferences.website.ManageSpaceActivity, 
356403|1, 356403|685, 356406|838, 356406|987, 356408|1135, 356408|1309, 356409|1337, 356409|1778, 356410|1809, 356410|2025, 356411|2050, 356411|2074, 356412|2105, 356412|2322, 356413|2354, 356413|3143, 356414|3192, 356414|3383, 356415|3417, 356415|3617, 356416|3645, 356416|4017, com.android.chrome/org.chromium.chrome.browser.firstrun.FirstRunActivity, 
356417|1, 356417|419, 356419|476, 356422|566, 356425|589, 356425|818, 356426|846, 356426|877, 356427|910, 356427|1125, 356428|1155, 356428|1260, 356429|1290, 356429|1564, 356430|1601, 356430|1832, 356431|1865, 356431|1891, 356432|1912, 356432|2128, 356433|2159, 356433|2322, 356434|2347, 356434|4022, com.android.chrome/org.chromium.chrome.browser.sync.ui.PassphraseActivity, 
356434|1, 356434|629, 356440|712, 356440|947, 356441|983, 356442|1017, 356442|1243, 356443|1273, 356443|1613, 356444|1639, 356444|1686, 356445|1719, 356445|1930, 356446|1957, 356446|2003, 356447|2038, 356447|2250, 356448|2279, 356448|4009, com.android.chrome/org.chromium.chrome.browser.bookmarks.BookmarkAddActivity, 
356448|1, 356448|522, 356451|581, 356457|630, 356457|820, 356460|853, 356460|895, 356461|924, 356461|1066, 356463|1094, 356463|1141, 356464|1177, 356464|1305, 356465|1340, 356465|1599, 356468|1623, 356468|1828, 356472|1862, 356475|1895, 356476|1925, 356476|2089, 356477|2123, 356477|2145, 356478|2177, 356478|2301, 356480|2339, 356480|2812, 356481|2839, 356484|2876, 356487|2905, 356487|4012, com.android.chrome/org.chromium.chrome.browser.bookmarks.BookmarkAddActivity, 
356487|1, 356487|143, 356488|177, 356488|594, 356492|708, 356494|782, 356495|819, 356495|954, 356496|1050, 356497|1191, 356497|1326, 356498|1359, 356498|1780, 356499|1800, 356499|2016, 356500|2049, 356500|2083, 356501|2108, 356501|2310, 356502|2349, 356502|4016, com.android.chrome/org.chromium.chrome.browser.firstrun.FirstRunActivity, 
356502|1, 356502|704, 356505|815, 356505|937, 356507|1079, 356507|1282, 356508|1323, 356508|1729, 356509|1763, 356509|1978, 356510|2001, 356510|2059, 356511|2089, 356511|2296, 356512|2321, 356512|4030, com.android.chrome/org.chromium.chrome.browser.firstrun.FirstRunActivity, 
356512|1, 356512|641, 356515|691, 356515|887, 356516|921, 356516|949, 356517|979, 356517|1187, 356518|1219, 356518|1661, 356519|1686, 356519|1896, 356520|1921, 356520|1957, 356521|1982, 356521|2208, 356522|2235, 356522|4025, com.android.chrome/org.chromium.chrome.browser.download.DownloadActivity, 
356522|1, 356522|531, 356525|607, 356525|657, 356528|691, 356528|924, 356529|951, 356530|984, 356530|1212, 356531|1255, 356531|1600, 356532|1624, 356532|1679, 356533|1712, 356533|1921, 356534|1946, 356534|1971, 356535|2004, 356535|2218, 356536|2250, 356536|4012, com.android.chrome/org.chromium.chrome.browser.bookmarks.BookmarkAddActivity, 
356536|1, 356536|496, 356539|559, 356539|762, 356540|812, 356541|849, 356541|1071, 356542|1100, 356542|1523, 356543|1554, 356543|1764, 356544|1787, 356544|1837, 356545|1864, 356545|2075, 356546|2108, 356546|4025, com.android.chrome/org.chromium.chrome.browser.sync.ui.PassphraseActivity, 
356546|1, 356546|783, 356552|915, 356552|1074, 356554|1110, 356556|1165, 356556|1367, 356558|1401, 356558|1815, 356560|1878, 356560|2082, 356562|2107, 356562|2141, 356564|2163, 356564|2367, 356566|2396, 356566|4005, com.android.chrome/org.chromium.chrome.browser.searchwidget.SearchActivity, 
356566|1, 356566|684, 356569|742, 356569|941, 356570|970, 356570|990, 356571|1022, 356571|1233, 356572|1258, 356572|1346, 356573|1369, 356573|1704, 356574|1731, 356574|1937, 356575|1968, 356575|2000, 356576|2025, 356576|2236, 356577|2261, 356577|4034, com.android.chrome/org.chromium.chrome.browser.preferences.Preferences, 
356577|1, 356577|532, 356579|599, 356580|660, 356582|695, 356582|1675, 356584|1705, 356584|1780, 356585|1816, 356585|1927, 356586|1950, 356586|2085, 356587|2115, 356587|2224, 356588|2252, 356588|2781, 356589|2815, 356589|2928, 356590|2950, 356590|3098, 356591|3170, 356591|3227, 356592|3284, 356592|4018, com.android.chrome/org.chromium.chrome.browser.bookmarks.BookmarkAddActivity, 
356592|1, 356592|761, 356595|840, 356598|919, 356598|1037, 356599|1087, 356601|1120, 356602|1161, 356602|1318, 356603|1353, 356603|1406, 356604|1451, 356604|1769, 356605|1820, 356606|1883, 356606|2044, 356607|2067, 356607|2095, 356609|2132, 356610|2164, 356610|2305, 356611|2346, 356611|2406, 356612|2427, 356612|4015, com.android.chrome/org.chromium.chrome.browser.searchwidget.SearchActivity, 
356612|1, 356612|572, 356613|657, 356614|725, 356614|767, 356617|827, 356617|1024, 356618|1058, 356618|1093, 356619|1142, 356619|1336, 356620|1357, 356620|1794, 356621|1817, 356621|2030, 356622|2075, 356622|2107, 356623|2129, 356623|2337, 356624|2358, 356624|4028, com.android.chrome/org.chromium.chrome.browser.bookmarks.BookmarkAddActivity, 
356625|1, 356625|4023, com.android.chrome/org.chromium.chrome.browser.preferences.website.ManageSpaceActivity, 
356625|1, 356625|917, 356629|971, 356629|1028, 356631|1059, 356636|1124, 356637|1195, 356642|1258, 356643|1291, 356643|1343, 356648|1375, 356648|1463, 356649|1497, 356649|2030, 356650|2063, 356650|2188, 356651|2246, 356651|2334, 356652|2366, 356652|2490, 356653|2513, 356653|3327, 356655|3373, 356655|4014, com.android.chrome/org.chromium.chrome.browser.customtabs.CustomTabActivity, 
356655|1, 356655|616, 356660|671, 356660|879, 356661|902, 356661|928, 356662|977, 356662|1176, 356663|1198, 356663|1409, 356664|1434, 356664|1648, 356665|1683, 356665|1894, 356666|1914, 356666|1938, 356667|1970, 356667|2177, 356668|2203, 356668|4009, com.android.chrome/org.chromium.chrome.browser.bookmarks.BookmarkAddActivity, 
356668|1, 356668|637, 356675|727, 356675|920, 356676|959, 356677|989, 356677|1201, 356678|1239, 356678|1676, 356679|1707, 356679|1916, 356680|1937, 356680|1964, 356681|1994, 356681|2232, 356682|2260, 356682|4018, com.android.chrome/org.chromium.chrome.browser.history.HistoryActivity, 
356682|1, 356682|363, 356683|414, 356683|598, 356690|760, 356691|823, 356692|863, 356693|888, 356693|943, 356695|994, 356699|1193, 356699|1275, 356700|1315, 356700|1375, 356702|1411, 356702|1596, 356703|1626, 356703|1745, 356704|1767, 356704|2006, 356705|2026, 356705|2061, 356706|2093, 356706|2298, 356707|2328, 356707|4029, com.android.chrome/org.chromium.chrome.browser.firstrun.FirstRunActivity, 
356707|1, 356707|749, 356709|827, 356715|896, 356718|957, 356724|1022, 356725|1112, 356726|1143, 356728|1179, 356728|1375, 356729|1414, 356729|1825, 356730|1849, 356730|2056, 356731|2080, 356731|2120, 356732|2154, 356732|2360, 356733|2379, 356733|3234, 356735|3285, 356735|4008, com.android.chrome/org.chromium.chrome.browser.customtabs.PaymentHandlerActivity, 
356735|1, 356735|654, 356739|730, 356740|780, 356745|820, 356745|1006, 356746|1041, 356748|1091, 356750|1129, 356750|1312, 356751|1335, 356752|1373, 356752|1765, 356754|1838, 356754|2015, 356755|2041, 356756|2070, 356756|2088, 356758|2122, 356758|2331, 356760|2362, 356760|4019, com.android.chrome/org.chromium.chrome.browser.searchwidget.SearchActivity, 
356760|1, 356760|1045, 356768|1150, 356777|1315, 356778|1371, 356783|1431, 356787|1483, 356787|1517, 356788|1567, 356788|1594, 356789|1619, 356789|1748, 356790|1774, 356790|2046, 356791|2089, 356791|2202, 356792|2229, 356792|2320, 356793|2348, 356794|2381, 356794|2433, 356795|2467, 356795|2521, 356796|2574, 356797|2624, 356797|2757, 356798|2791, 356798|3098, 356800|3190, 356800|4025, com.android.chrome/org.chromium.chrome.browser.incognito.IncognitoTabLauncher, 
356800|1, 356800|518, 356803|562, 356803|787, 356804|813, 356804|836, 356805|873, 356805|1078, 356806|1101, 356806|1550, 356807|1586, 356807|1768, 356808|1800, 356808|1834, 356809|1857, 356809|2088, 356810|2114, 356810|4022, com.android.chrome/org.chromium.chrome.browser.preferences.Preferences, 
356810|1, 356810|660, 356813|706, 356813|898, 356814|938, 356814|969, 356815|1001, 356815|1201, 356816|1236, 356816|1649, 356817|1684, 356817|1900, 356818|1960, 356819|1994, 356819|2200, 356820|2219, 356820|4011, com.android.chrome/org.chromium.chrome.browser.history.HistoryActivity, 
356820|1, 356820|1193, 356821|1223, 356821|4012, com.android.chrome/org.chromium.chrome.browser.preferences.website.ManageSpaceActivity, 
356821|1, 356821|538, 356825|647, 356825|737, 356828|798, 356828|897, 356829|1057, 356830|1148, 356830|1276, 356831|1313, 356831|1745, 356832|1780, 356832|2011, 356833|2050, 356834|2081, 356834|2294, 356835|2313, 356835|4020, com.android.chrome/org.chromium.chrome.browser.firstrun.FirstRunActivity, 
356835|1, 356835|4025, com.android.chrome/org.chromium.chrome.browser.media.router.caf.remoting.CafExpandedControllerActivity, 
356835|1, 356835|1055, 356838|1148, 356843|1216, 356849|1380, 356860|1484, 356860|1695, 356862|1733, 356865|1764, 356866|1795, 356866|1995, 356867|2024, 356867|2130, 356868|2166, 356868|2410, 356869|2435, 356869|2456, 356871|2491, 356871|2695, 356873|2731, 356874|2776, 356874|3005, 356875|3037, 356875|3107, 356877|3201, 356877|4002, com.android.chrome/org.chromium.chrome.browser.incognito.IncognitoTabLauncher, 
356877|1, 356877|603, 356881|736, 356883|786, 356883|1739, 356885|1801, 356885|1843, 356886|1903, 356886|1960, 356887|2025, 356887|2181, 356888|2205, 356888|2312, 356889|2345, 356889|2867, 356890|2892, 356890|3011, 356891|3049, 356891|3109, 356892|3190, 356892|3289, 356893|3347, 356893|4006, com.android.chrome/org.chromium.chrome.browser.firstrun.FirstRunActivity, 
356893|1, 356893|900, 356896|981, 356904|1082, 356907|1172, 356917|1285, 356917|1332, 356918|1359, 356920|1405, 356920|1473, 356921|1497, 356921|1530, 356922|1562, 356923|1586, 356923|1771, 356924|1811, 356924|2008, 356925|2039, 356925|2206, 356926|2236, 356926|2267, 356927|2294, 356927|2315, 356928|2343, 356928|2458, 356929|2499, 356929|2538, 356930|2561, 356931|2599, 356931|2780, 356932|2800, 356932|3116, 356934|3195, 356934|4025, com.android.chrome/org.chromium.chrome.browser.incognito.IncognitoTabLauncher, 
356934|1, 356934|657, 356937|723, 356937|942, 356938|972, 356938|1001, 356939|1030, 356939|1242, 356940|1275, 356940|1401, 356941|1428, 356941|1702, 356942|1729, 356942|1939, 356943|1958, 356943|1989, 356944|2018, 356944|2242, 356945|2286, 356946|2319, 356946|2994, 356948|3032, 356948|4006, com.android.chrome/org.chromium.chrome.browser.download.DownloadActivity, 
356955|1, 356955|44, 356957|96, 356957|577, 356961|636, 356967|681, 356967|810, 356968|852, 356968|878, 356969|905, 356969|939, 356970|966, 356970|1027, 356972|1053, 356972|1163, 356973|1200, 356973|1267, 356977|1309, 356977|1329, 356979|1357, 356979|1647, 356980|1676, 356980|1876, 356981|1900, 356981|1928, 356982|1952, 356982|2192, 356983|2221, 356983|4026, com.android.chrome/org.chromium.chrome.browser.preferences.Preferences, 
356983|1, 356983|651, 356984|684, 356984|833, 356987|868, 356987|1095, 356988|1124, 356989|1160, 356989|1387, 356990|1415, 356990|1492, 356993|1539, 356994|1566, 356994|1840, 356995|1879, 356996|1913, 356996|1966, 356998|2003, 356998|2070, 356999|2115, 357000|2167, 357000|2394, 357001|2420, 357001|2498, 357002|2523, 357003|2564, 357003|4001, com.android.chrome/org.chromium.chrome.browser.history.HistoryActivity, 
357004|1, 357004|555, 357008|601, 357011|670, 357011|886, 357012|914, 357012|944, 357013|972, 357013|1177, 357014|1204, 357014|1627, 357015|1652, 357015|1887, 357016|1913, 357016|1948, 357017|1977, 357017|2182, 357018|2215, 357018|4015, com.android.chrome/org.chromium.chrome.browser.download.DownloadActivity, 
357018|1, 357018|4010, com.android.chrome/org.chromium.chrome.browser.preferences.website.ManageSpaceActivity, 
357018|1, 357018|4009, com.android.chrome/org.chromium.chrome.browser.media.router.caf.remoting.CafExpandedControllerActivity, 
357018|1, 357018|520, 357020|552, 357025|592, 357025|823, 357026|881, 357027|910, 357027|1106, 357028|1150, 357028|1558, 357029|1589, 357029|1803, 357030|1830, 357030|1883, 357031|1913, 357031|2120, 357032|2149, 357032|4012, com.android.chrome/org.chromium.chrome.browser.sync.ui.PassphraseActivity, 
357032|1, 357032|1055, 357033|1108, 357037|1186, 357051|1353, 357055|1425, 357056|1487, 357058|1517, 357059|1564, 357059|1610, 357060|1647, 357060|1671, 357061|1706, 357061|1853, 357062|1878, 357062|2131, 357063|2160, 357063|2319, 357064|2353, 357064|2377, 357065|2399, 357065|2429, 357066|2459, 357066|2543, 357067|2571, 357067|2592, 357068|2634, 357068|2674, 357069|2704, 357069|2861, 357070|2896, 357070|3115, 357071|3210, 357072|3250, 357072|4021, com.android.chrome/org.chromium.chrome.browser.incognito.IncognitoTabLauncher, 
357072|1, 357072|973, 357075|1040, 357083|1187, 357090|1278, 357094|1372, 357094|1433, 357097|1498, 357098|1541, 357098|1571, 357099|1612, 357099|1659, 357100|1692, 357100|1750, 357101|1785, 357101|2015, 357102|2044, 357102|2206, 357103|2236, 357103|2260, 357104|2282, 357104|2315, 357105|2346, 357105|2455, 357106|2480, 357106|2508, 357107|2551, 357108|2589, 357108|2777, 357109|2813, 357109|3151, 357111|3237, 357111|4026, com.android.chrome/org.chromium.chrome.browser.incognito.IncognitoTabLauncher, 
357111|1, 357111|725, 357119|826, 357119|860, 357124|946, 357129|1052, 357130|1119, 357134|1204, 357134|1331, 357135|1361, 357135|1786, 357136|1812, 357136|1982, 357137|2045, 357137|2077, 357138|2102, 357138|2316, 357139|2344, 357139|3252, 357141|3299, 357141|4029, com.android.chrome/org.chromium.chrome.browser.customtabs.PaymentHandlerActivity, 
357141|1, 357141|720, 357143|859, 357147|955, 357147|1093, 357149|1150, 357151|1198, 357151|1392, 357153|1432, 357153|1850, 357155|1926, 357155|2078, 357156|2100, 357156|2122, 357157|2155, 357158|2183, 357159|2211, 357159|2391, 357160|2414, 357161|2434, 357161|4012, com.android.chrome/org.chromium.chrome.browser.searchwidget.SearchActivity, 
357161|1, 357161|4017, com.android.chrome/org.chromium.chrome.browser.media.router.caf.remoting.CafExpandedControllerActivity, 
357161|1, 357161|544, 357163|582, 357164|658, 357164|788, 357165|841, 357165|876, 357166|904, 357166|1133, 357167|1169, 357167|1573, 357168|1605, 357168|1810, 357169|1838, 357169|1885, 357170|1917, 357170|2134, 357171|2165, 357171|4030, com.android.chrome/org.chromium.chrome.browser.history.HistoryActivity, 
357171|1, 357171|733, 357174|827, 357177|902, 357177|1021, 357178|1080, 357179|1125, 357180|1179, 357182|1223, 357182|1348, 357183|1381, 357183|1421, 357185|1459, 357185|1806, 357186|1839, 357187|1905, 357187|2015, 357188|2081, 357188|2109, 357189|2134, 357190|2159, 357190|2192, 357191|2223, 357191|2348, 357192|2374, 357192|2429, 357193|2460, 357193|4030, com.android.chrome/org.chromium.chrome.browser.searchwidget.SearchActivity, 
357193|1, 357193|591, 357196|668, 357196|856, 357197|895, 357197|923, 357198|946, 357198|1160, 357199|1190, 357199|1616, 357200|1642, 357200|1866, 357201|1887, 357201|1912, 357202|1942, 357202|2160, 357203|2190, 357203|4016, com.android.chrome/org.chromium.chrome.browser.preferences.Preferences, 
357203|1, 357203|646, 357206|775, 357206|929, 357207|972, 357208|1191, 357208|1246, 357209|1279, 357209|1699, 357210|1719, 357210|1945, 357211|1965, 357211|1992, 357212|2026, 357212|2247, 357213|2278, 357213|4021, com.android.chrome/org.chromium.chrome.browser.firstrun.FirstRunActivity, 
357213|1, 357213|4034, com.android.chrome/org.chromium.chrome.browser.media.router.caf.remoting.CafExpandedControllerActivity, 
357213|1, 357213|675, 357216|727, 357216|945, 357217|980, 357218|1008, 357218|1219, 357219|1254, 357219|1698, 357220|1729, 357220|1935, 357221|1970, 357221|1996, 357222|2024, 357222|2250, 357223|2285, 357223|4017, com.android.chrome/org.chromium.chrome.browser.preferences.Preferences, 
357223|1, 357223|480, 357226|539, 357226|729, 357227|756, 357227|784, 357228|818, 357228|1037, 357229|1070, 357229|1512, 357230|1559, 357230|1745, 357231|1776, 357231|1805, 357232|1834, 357232|2024, 357233|2056, 357233|4007, com.android.chrome/org.chromium.chrome.browser.preferences.Preferences, 
357233|1, 357233|880, 357242|1002, 357245|1066, 357248|1124, 357252|1206, 357252|1255, 357255|1303, 357255|1495, 357256|1531, 357256|1954, 357257|1989, 357257|2189, 357258|2225, 357258|2255, 357259|2281, 357259|2483, 357260|2517, 357260|3106, 357262|3189, 357262|4015, com.android.chrome/org.chromium.chrome.browser.customtabs.CustomTabActivity, 
357262|1, 357262|714, 357265|762, 357265|994, 357266|1030, 357267|1066, 357267|1294, 357268|1331, 357268|1743, 357269|1780, 357269|1995, 357270|2030, 357270|2051, 357271|2083, 357271|2297, 357272|2333, 357272|4026, com.android.chrome/org.chromium.chrome.browser.preferences.Preferences, 
357272|1, 357272|880, 357278|969, 357278|1097, 357280|1170, 357282|1224, 357282|1431, 357284|1472, 357284|1860, 357286|1938, 357286|2133, 357288|2161, 357288|2191, 357290|2228, 357290|2423, 357292|2452, 357292|4005, com.android.chrome/org.chromium.chrome.browser.searchwidget.SearchActivity, 
357292|1, 357292|653, 357295|813, 357295|985, 357297|1211, 357297|1325, 357298|1389, 357298|1757, 357299|1807, 357299|2015, 357300|2091, 357301|2143, 357301|2314, 357302|2349, 357302|4002, com.android.chrome/org.chromium.chrome.browser.firstrun.FirstRunActivity, 
357302|1, 357302|600, 357306|659, 357309|720, 357309|903, 357310|941, 357310|974, 357311|1009, 357311|1229, 357312|1257, 357312|1662, 357313|1695, 357313|1905, 357314|1934, 357314|1963, 357315|1994, 357315|2211, 357316|2241, 357316|4012, com.android.chrome/org.chromium.chrome.browser.history.HistoryActivity, 
357318|1, 357318|791, 357319|817, 357319|1681, 357321|1714, 357321|1793, 357322|1829, 357322|1906, 357323|1946, 357324|1986, 357324|2197, 357326|2236, 357326|2618, 357329|2659, 357329|2691, 357332|2717, 357332|2870, 357333|2911, 357333|3083, 357335|3139, 357335|3624, 357338|3663, 357338|4027, com.android.chrome/org.chromium.chrome.browser.preferences.website.ManageSpaceActivity, 
357338|1, 357338|567, 357341|668, 357341|828, 357342|861, 357343|918, 357343|1129, 357344|1175, 357344|1597, 357345|1633, 357345|1845, 357346|1872, 357346|1904, 357347|1930, 357347|2152, 357348|2179, 357348|4016, com.android.chrome/org.chromium.chrome.browser.sync.ui.PassphraseActivity, 
357348|1, 357348|579, 357352|619, 357355|687, 357355|881, 357356|910, 357357|950, 357357|1186, 357358|1222, 357358|1621, 357359|1657, 357359|1870, 357360|1901, 357360|1939, 357361|1967, 357361|2181, 357362|2213, 357362|4001, com.android.chrome/org.chromium.chrome.browser.history.HistoryActivity, 
357362|1, 357362|615, 357365|682, 357365|896, 357366|930, 357366|954, 357367|982, 357367|1202, 357368|1238, 357368|1645, 357369|1672, 357369|1899, 357370|1919, 357370|1945, 357371|1980, 357371|2202, 357372|2229, 357372|4029, com.android.chrome/org.chromium.chrome.browser.sync.ui.PassphraseActivity, 
357372|1, 357372|544, 357373|634, 357373|1071, 357378|1153, 357386|1274, 357393|1420, 357397|1496, 357397|1537, 357400|1575, 357400|1605, 357401|1644, 357401|1678, 357402|1699, 357402|1851, 357403|1887, 357403|2113, 357404|2156, 357405|2187, 357405|2304, 357406|2325, 357406|2385, 357410|2423, 357414|2453, 357414|2569, 357415|2590, 357416|2627, 357417|2678, 357418|2714, 357418|2835, 357419|2878, 357421|2911, 357421|3133, 357429|3198, 357429|3362, 357430|3419, 357430|4029, com.android.chrome/org.chromium.chrome.browser.incognito.IncognitoTabLauncher, 
357438|1, 357438|850, 357446|932, 357449|983, 357452|1026, 357454|1089, 357456|1135, 357456|1169, 357461|1206, 357461|1402, 357462|1447, 357462|1859, 357463|1890, 357463|2099, 357464|2146, 357465|2177, 357465|2396, 357466|2429, 357466|3278, 357468|3328, 357468|4022, com.android.chrome/org.chromium.chrome.browser.customtabs.CustomTabActivity, 
357468|1, 357468|884, 357476|955, 357479|1004, 357485|1105, 357486|1156, 357488|1213, 357489|1253, 357489|1423, 357490|1458, 357490|1891, 357491|1932, 357491|2135, 357492|2158, 357492|2197, 357493|2225, 357493|2448, 357494|2479, 357494|3154, 357496|3231, 357496|4012, com.android.chrome/org.chromium.chrome.browser.customtabs.CustomTabActivity, 
357496|1, 357496|624, 357499|774, 357499|894, 357501|1095, 357501|1275, 357502|1311, 357502|1748, 357503|1781, 357503|1979, 357504|2013, 357504|2045, 357505|2066, 357505|2290, 357506|2312, 357506|4023, com.android.chrome/org.chromium.chrome.browser.firstrun.FirstRunActivity, 
357506|1, 357506|821, 357512|926, 357512|1026, 357513|1094, 357515|1152, 357516|1189, 357516|1357, 357517|1392, 357517|1422, 357518|1451, 357518|1805, 357519|1860, 357520|1911, 357520|2072, 357521|2109, 357522|2145, 357523|2182, 357524|2211, 357524|2372, 357525|2394, 357525|2415, 357526|2448, 357526|4029, com.android.chrome/org.chromium.chrome.browser.searchwidget.SearchActivity, 
357526|1, 357526|691, 357534|803, 357534|835, 357537|882, 357540|929, 357544|995, 357545|1057, 357547|1124, 357547|1268, 357548|1300, 357548|1702, 357549|1735, 357549|1945, 357550|1979, 357550|2014, 357551|2068, 357551|2243, 357552|2282, 357552|3119, 357554|3235, 357554|4033, com.android.chrome/org.chromium.chrome.browser.customtabs.CustomTabActivity, 
357554|1, 357554|622, 357557|696, 357557|880, 357558|923, 357558|957, 357559|987, 357559|1193, 357560|1235, 357560|1632, 357561|1665, 357561|1882, 357562|1903, 357562|1964, 357563|2000, 357563|2190, 357564|2224, 357564|2305, 357565|2341, 357565|4020, com.android.chrome/org.chromium.chrome.browser.bookmarks.BookmarkAddActivity, 
357565|1, 357565|673, 357568|735, 357571|851, 357571|901, 357572|965, 357573|1021, 357574|1057, 357575|1101, 357575|1237, 357576|1269, 357576|1333, 357577|1371, 357577|1677, 357578|1733, 357578|1791, 357579|1845, 357579|1910, 357580|1957, 357580|1990, 357581|2015, 357581|2036, 357582|2071, 357583|2099, 357583|2248, 357584|2278, 357584|2334, 357585|2371, 357585|4026, com.android.chrome/org.chromium.chrome.browser.searchwidget.SearchActivity, 
357585|1, 357585|1119, 357593|1247, 357607|1443, 357607|1525, 357609|1578, 357611|1635, 357611|1668, 357612|1710, 357612|1881, 357613|1911, 357613|2116, 357614|2154, 357614|2316, 357615|2355, 357616|2394, 357616|2429, 357617|2455, 357617|2566, 357618|2593, 357619|2635, 357620|2685, 357620|2846, 357621|2899, 357621|3160, 357623|3219, 357623|4020, com.android.chrome/org.chromium.chrome.browser.incognito.IncognitoTabLauncher, 
357623|1, 357623|673, 357630|759, 357630|945, 357631|982, 357632|1019, 357632|1229, 357633|1266, 357633|1685, 357634|1713, 357634|1927, 357635|1965, 357635|1994, 357636|2017, 357636|2238, 357637|2278, 357637|4039, com.android.chrome/org.chromium.chrome.browser.preferences.Preferences, 
357637|1, 357637|4027, com.android.chrome/org.chromium.chrome.browser.preferences.website.ManageSpaceActivity, 
357637|1, 357637|669, 357638|790, 357645|853, 357648|891, 357651|970, 357654|1027, 357655|1065, 357658|1132, 357658|1338, 357659|1378, 357659|1780, 357660|1807, 357660|2017, 357661|2048, 357661|2086, 357662|2113, 357662|2334, 357663|2359, 357663|3116, 357664|3228, 357665|3282, 357665|4035, com.android.chrome/org.chromium.chrome.browser.customtabs.PaymentHandlerActivity, 
357665|1, 357665|1066, 357668|1175, 357676|1311, 357686|1462, 357690|1543, 357691|1589, 357693|1629, 357693|1684, 357694|1724, 357694|1748, 357695|1783, 357696|1827, 357696|1989, 357697|2026, 357697|2259, 357698|2292, 357698|2451, 357699|2488, 357699|2511, 357700|2543, 357701|2585, 357701|2683, 357702|2734, 357703|2782, 357703|2812, 357704|2850, 357704|2983, 357705|3020, 357705|3124, 357707|3185, 357707|4019, com.android.chrome/org.chromium.chrome.browser.incognito.IncognitoTabLauncher, 
357707|1, 357707|4027, com.android.chrome/org.chromium.chrome.browser.media.router.caf.remoting.CafExpandedControllerActivity, 
357716|1, 357716|693, 357717|755, 357725|866, 357725|913, 357729|960, 357732|1011, 357736|1078, 357737|1161, 357739|1214, 357739|1324, 357740|1372, 357740|1799, 357741|1823, 357741|2025, 357742|2061, 357742|2085, 357743|2124, 357743|2336, 357744|2363, 357744|2673, 357748|2714, 357748|3093, 357750|3148, 357750|3705, 357751|3745, 357751|4015, com.android.chrome/org.chromium.chrome.browser.customtabs.PaymentHandlerActivity, 
357751|1, 357751|1033, 357754|1105, 357760|1230, 357772|1415, 357776|1468, 357777|1544, 357781|1606, 357782|1638, 357782|1681, 357783|1734, 357783|1761, 357784|1793, 357784|1902, 357785|1943, 357785|2191, 357787|2236, 357787|2385, 357788|2415, 357788|2467, 357789|2503, 357790|2544, 357790|2602, 357791|2651, 357792|2713, 357793|2772, 357793|2914, 357794|2949, 357794|3108, 357795|3165, 357796|3254, 357796|4018, com.android.chrome/org.chromium.chrome.browser.incognito.IncognitoTabLauncher, 
357796|1, 357796|628, 357798|721, 357798|787, 357803|878, 357809|978, 357816|1068, 357817|1152, 357819|1222, 357819|1361, 357820|1391, 357820|1660, 357821|1713, 357821|1819, 357822|1843, 357822|2034, 357823|2075, 357823|2107, 357824|2131, 357824|2345, 357825|2378, 357825|3202, 357827|3292, 357827|3661, 357829|3703, 357829|4018, com.android.chrome/org.chromium.chrome.browser.customtabs.PaymentHandlerActivity, 
357829|1, 357829|50, 357830|104, 357830|841, 357836|933, 357836|1084, 357837|1134, 357839|1194, 357840|1257, 357840|1385, 357841|1430, 357842|1484, 357842|1851, 357843|1892, 357844|1942, 357844|2056, 357846|2112, 357848|2184, 357848|2208, 357849|2243, 357849|2394, 357850|2427, 357851|2463, 357851|3097, 357852|3169, 357852|4011, com.android.chrome/org.chromium.chrome.browser.searchwidget.SearchActivity, 
357853|1, 357853|491, 357856|571, 357856|777, 357858|854, 357858|1082, 357859|1136, 357859|1479, 357861|1566, 357861|1718, 357862|1791, 357862|1849, 357863|1891, 357863|2081, 357864|2110, 357864|3077, 357866|3150, 357866|4013, com.android.chrome/org.chromium.chrome.browser.sync.ui.PassphraseActivity, 
357866|1, 357866|4027, com.android.chrome/org.chromium.chrome.browser.media.router.caf.remoting.CafExpandedControllerActivity, 
357866|1, 357866|754, 357870|844, 357878|894, 357881|942, 357882|990, 357884|1025, 357887|1090, 357889|1161, 357891|1214, 357891|1365, 357892|1409, 357892|1856, 357893|1895, 357893|2094, 357894|2139, 357895|2177, 357895|2376, 357896|2411, 357896|3185, 357898|3256, 357898|4010, com.android.chrome/org.chromium.chrome.browser.customtabs.CustomTabActivity, 
357898|1, 357898|597, 357901|687, 357901|849, 357902|896, 357902|931, 357903|971, 357903|1159, 357904|1195, 357904|1601, 357905|1667, 357905|1871, 357906|1899, 357907|1939, 357907|2156, 357908|2178, 357908|4020, com.android.chrome/org.chromium.chrome.browser.sync.ui.PassphraseActivity, 
357908|1, 357908|4010, com.android.chrome/org.chromium.chrome.browser.media.router.caf.remoting.CafExpandedControllerActivity, 
357908|1, 357908|792, 357915|910, 357920|958, 357923|999, 357926|1041, 357929|1095, 357930|1143, 357931|1173, 357931|1394, 357932|1430, 357932|1833, 357933|1872, 357933|2073, 357934|2106, 357934|2155, 357935|2206, 357935|2231, 357937|2288, 357937|2375, 357938|2409, 357938|3072, 357939|3136, 357940|3187, 357940|4028, com.android.chrome/org.chromium.chrome.browser.customtabs.PaymentHandlerActivity, 
357940|1, 357940|483, 357944|551, 357944|628, 357947|657, 357947|872, 357948|904, 357948|927, 357949|964, 357949|1165, 357950|1187, 357950|1372, 357951|1415, 357951|1624, 357952|1664, 357952|1884, 357953|1909, 357954|1942, 357954|2171, 357955|2194, 357955|4009, com.android.chrome/org.chromium.chrome.browser.sync.ui.PassphraseActivity, 
357955|1, 357955|454, 357957|506, 357959|601, 357962|646, 357962|847, 357963|886, 357964|924, 357964|1138, 357965|1174, 357965|1601, 357966|1623, 357966|1844, 357967|1878, 357967|1910, 357968|1933, 357968|2155, 357969|2190, 357969|4024, com.android.chrome/org.chromium.chrome.browser.sync.ui.PassphraseActivity, 
357969|1, 357969|522, 357972|605, 357972|777, 357973|824, 357974|855, 357974|1056, 357975|1093, 357975|1528, 357976|1550, 357976|1752, 357977|1783, 357977|1830, 357978|1868, 357978|2069, 357979|2094, 357979|4025, com.android.chrome/org.chromium.chrome.browser.sync.ui.PassphraseActivity, 
357979|1, 357979|915, 357987|1041, 357990|1079, 357993|1129, 357996|1194, 357997|1264, 358000|1325, 358000|1514, 358001|1564, 358001|1958, 358002|1987, 358002|2199, 358003|2232, 358004|2290, 358004|2497, 358005|2524, 358005|3174, 358007|3235, 358009|4079, com.android.chrome/org.chromium.chrome.browser.customtabs.PaymentHandlerActivity, 
358009|1, 358009|96, 358011|152, 358011|1128, 358013|1161, 358013|2152, 358014|2180, 358014|2227, 358017|2256, 358017|2434, 358018|2474, 358018|2628, 358020|2663, 358020|3116, 358021|3178, 358022|3230, 358022|4005, com.android.chrome/org.chromium.chrome.browser.preferences.website.ManageSpaceActivity, 
358022|1, 358022|83, 358023|112, 358023|801, 358031|893, 358034|952, 358040|1045, 358041|1075, 358041|1113, 358042|1149, 358044|1181, 358044|1355, 358045|1394, 358045|1813, 358046|1853, 358046|2042, 358047|2081, 358047|2116, 358048|2148, 358048|2352, 358049|2381, 358049|3159, 358051|3239, 358051|3837, 358052|3873, 358053|3911, 358053|4029, com.android.chrome/org.chromium.chrome.browser.customtabs.CustomTabActivity, 
358055|1, 358055|127, 358056|167, 358062|212, 358062|4002, com.android.chrome/org.chromium.chrome.browser.media.router.caf.remoting.CafExpandedControllerActivity, 
358062|1, 358062|776, 358064|862, 358070|932, 358076|1007, 358079|1066, 358080|1126, 358080|1168, 358081|1202, 358081|1412, 358082|1443, 358082|1543, 358084|1576, 358084|1865, 358085|1902, 358085|2094, 358086|2136, 358086|2165, 358087|2201, 358087|2386, 358089|2423, 358089|3219, 358091|3284, 358091|3399, 358092|3422, 358092|4010, com.android.chrome/org.chromium.chrome.browser.customtabs.PaymentHandlerActivity, 
358094|1, 358094|485, 358097|537, 358097|1494, 358098|1548, 358098|1613, 358099|1635, 358100|1684, 358100|1714, 358102|1748, 358102|4007, com.android.chrome/org.chromium.chrome.browser.preferences.website.ManageSpaceActivity, 
358102|1, 358102|4018, com.android.chrome/org.chromium.chrome.browser.preferences.website.ManageSpaceActivity, 
358106|1, 358106|727, 358107|757, 358107|4028, com.android.chrome/org.chromium.chrome.browser.media.router.caf.remoting.CafExpandedControllerActivity, 
358107|1, 358107|775, 358110|840, 358115|894, 358118|923, 358118|971, 358121|1030, 358125|1085, 358126|1144, 358126|1200, 358128|1249, 358128|1370, 358129|1413, 358129|1824, 358130|1862, 358130|2051, 358131|2093, 358131|2125, 358132|2152, 358132|2363, 358133|2384, 358133|3127, 358135|3234, 358135|4014, com.android.chrome/org.chromium.chrome.browser.customtabs.CustomTabActivity, 
358135|1, 358135|764, 358136|868, 358143|925, 358146|980, 358149|1028, 358152|1082, 358153|1160, 358156|1201, 358156|1422, 358157|1474, 358157|1842, 358158|1887, 358158|2117, 358159|2169, 358160|2201, 358160|2405, 358161|2442, 358161|3208, 358163|3290, 358163|4014, com.android.chrome/org.chromium.chrome.browser.customtabs.CustomTabActivity, 
358163|1, 358163|4011, com.android.chrome/org.chromium.chrome.browser.media.router.caf.remoting.CafExpandedControllerActivity, 
358163|1, 358163|967, 358171|1029, 358174|1058, 358174|1121, 358180|1176, 358181|1247, 358184|1326, 358184|1483, 358185|1531, 358185|1997, 358186|2025, 358186|2211, 358187|2243, 358187|2275, 358188|2328, 358188|2515, 358189|2545, 358189|3199, 358191|3308, 358191|4014, com.android.chrome/org.chromium.chrome.browser.customtabs.CustomTabActivity, 
