262629|1, 262629|627, 262631|682, 262631|975, 262632|1008, 262632|1208, 262633|1246, 262633|1966, 262634|2006, 262634|2197, 262635|2223, 262635|4027, com.android.chrome/org.chromium.chrome.browser.download.DownloadActivity, 
262635|1, 262635|611, 262637|672, 262637|929, 262638|957, 262638|1168, 262639|1204, 262639|1936, 262640|1969, 262640|2171, 262641|2205, 262641|4027, com.android.chrome/org.chromium.chrome.browser.download.DownloadActivity, 
262641|1, 262641|4011, com.android.chrome/org.chromium.chrome.browser.preferences.website.ManageSpaceActivity, 
262641|1, 262641|1014, 262643|1095, 262645|1222, 262647|1386, 262647|1440, 262648|1475, 262648|1642, 262649|1675, 262650|1708, 262650|1877, 262651|1910, 262651|2443, 262652|2479, 262652|2684, 262653|2721, 262653|2866, 262654|2900, 262654|4010, com.android.chrome/org.chromium.chrome.browser.incognito.IncognitoTabLauncher, 
262654|1, 262654|652, 262656|734, 262656|1017, 262657|1073, 262657|1254, 262658|1283, 262658|2033, 262659|2063, 262659|2266, 262660|2295, 262660|4002, com.android.chrome/org.chromium.chrome.browser.customtabs.PaymentHandlerActivity, 
262660|1, 262660|525, 262666|576, 262666|864, 262667|897, 262667|1112, 262668|1136, 262668|1861, 262669|1896, 262669|2109, 262670|2133, 262670|4002, com.android.chrome/org.chromium.chrome.browser.download.DownloadActivity, 
262670|1, 262670|657, 262672|707, 262672|993, 262673|1018, 262673|1219, 262674|1252, 262674|2002, 262675|2021, 262675|2234, 262676|2267, 262676|4029, com.android.chrome/org.chromium.chrome.browser.download.DownloadActivity, 
262676|1, 262676|595, 262678|650, 262678|891, 262679|919, 262679|1137, 262680|1158, 262680|1898, 262681|1924, 262681|2136, 262682|2165, 262682|4006, com.android.chrome/org.chromium.chrome.browser.preferences.Preferences, 
262682|1, 262682|651, 262684|697, 262684|969, 262685|1002, 262685|1219, 262686|1247, 262686|1979, 262687|2023, 262687|2235, 262688|2272, 262688|4027, com.android.chrome/org.chromium.chrome.browser.history.HistoryActivity, 
262688|1, 262688|700, 262690|765, 262690|1000, 262691|1031, 262691|1267, 262692|1304, 262692|2025, 262693|2050, 262693|2260, 262694|2280, 262694|4027, com.android.chrome/org.chromium.chrome.browser.download.DownloadActivity, 
262694|1, 262694|536, 262696|606, 262698|673, 262698|949, 262699|977, 262699|1186, 262700|1226, 262700|1658, 262701|1686, 262701|1939, 262702|1967, 262702|2204, 262703|2235, 262703|4001, com.android.chrome/org.chromium.chrome.browser.bookmarks.BookmarkAddActivity, 
262703|1, 262703|574, 262705|641, 262705|892, 262706|926, 262706|1114, 262707|1151, 262707|1895, 262708|1921, 262708|2129, 262709|2159, 262709|4026, com.android.chrome/org.chromium.chrome.browser.history.HistoryActivity, 
262709|1, 262709|552, 262711|614, 262713|671, 262713|927, 262714|959, 262714|1188, 262715|1214, 262715|1932, 262716|1963, 262716|2184, 262717|2211, 262717|4030, com.android.chrome/org.chromium.chrome.browser.download.DownloadActivity, 
262717|1, 262717|500, 262719|545, 262721|611, 262721|879, 262722|911, 262722|1109, 262723|1138, 262723|1855, 262724|1883, 262724|2113, 262725|2139, 262725|4008, com.android.chrome/org.chromium.chrome.browser.download.DownloadActivity, 
262725|1, 262725|605, 262730|672, 262731|721, 262731|980, 262732|1005, 262732|1216, 262733|1255, 262733|1960, 262734|1985, 262734|2232, 262735|2258, 262735|4026, com.android.chrome/org.chromium.chrome.browser.history.HistoryActivity, 
262735|1, 262735|682, 262742|793, 262745|841, 262745|915, 262751|1025, 262752|1070, 262754|1108, 262754|1285, 262755|1314, 262755|2031, 262756|2074, 262756|2286, 262757|2322, 262757|3195, 262759|3254, 262759|4022, com.android.chrome/org.chromium.chrome.browser.customtabs.PaymentHandlerActivity, 
262759|1, 262759|617, 262765|695, 262765|963, 262766|986, 262766|1199, 262767|1225, 262767|1959, 262768|1992, 262768|2208, 262769|2240, 262769|4010, com.android.chrome/org.chromium.chrome.browser.preferences.Preferences, 
262769|1, 262769|640, 262771|770, 262771|948, 262772|1070, 262772|1217, 262773|1246, 262773|1984, 262774|2010, 262774|2222, 262775|2250, 262775|4027, com.android.chrome/org.chromium.chrome.browser.firstrun.FirstRunActivity, 
262775|1, 262775|575, 262777|646, 262779|712, 262779|997, 262780|1036, 262780|1261, 262781|1286, 262781|2007, 262782|2033, 262782|2245, 262783|2276, 262783|4018, com.android.chrome/org.chromium.chrome.browser.bookmarks.BookmarkAddActivity, 
262783|1, 262783|588, 262785|712, 262787|772, 262787|915, 262788|975, 262788|1010, 262789|1054, 262789|1174, 262790|1212, 262790|1260, 262791|1295, 262791|1933, 262792|1954, 262792|2014, 262793|2044, 262793|2176, 262794|2200, 262794|2272, 262795|2293, 262795|4003, com.android.chrome/org.chromium.chrome.browser.searchwidget.SearchActivity, 
262795|1, 262795|592, 262799|695, 262799|952, 262800|1009, 262800|1202, 262801|1237, 262801|1959, 262802|1985, 262802|2198, 262803|2221, 262803|4014, com.android.chrome/org.chromium.chrome.browser.bookmarks.BookmarkAddActivity, 
262803|1, 262803|639, 262809|727, 262809|977, 262810|1014, 262810|1201, 262811|1230, 262811|1969, 262812|1992, 262812|2228, 262813|2263, 262813|4029, com.android.chrome/org.chromium.chrome.browser.history.HistoryActivity, 
262813|1, 262813|4013, com.android.chrome/org.chromium.chrome.browser.preferences.website.ManageSpaceActivity, 
262813|1, 262813|694, 262815|851, 262815|1109, 262816|1304, 262816|1365, 262817|1412, 262817|2105, 262818|2136, 262818|2357, 262819|2390, 262819|3125, 262820|3227, 262820|3415, 262821|3452, 262821|3646, 262822|3680, 262822|4001, com.android.chrome/org.chromium.chrome.browser.firstrun.FirstRunActivity, 
262823|1, 262823|479, 262828|565, 262828|599, 262830|633, 262830|890, 262831|921, 262831|1137, 262832|1162, 262832|1902, 262833|1923, 262833|2140, 262834|2171, 262834|2334, 262835|2359, 262835|4001, com.android.chrome/org.chromium.chrome.browser.sync.ui.PassphraseActivity, 
262835|1, 262835|639, 262837|698, 262839|787, 262839|998, 262840|1035, 262840|1256, 262841|1292, 262841|1659, 262842|1680, 262842|2023, 262843|2057, 262843|2265, 262844|2296, 262844|4025, com.android.chrome/org.chromium.chrome.browser.bookmarks.BookmarkAddActivity, 
262844|1, 262844|531, 262846|581, 262850|638, 262850|905, 262851|932, 262851|1147, 262852|1185, 262852|1901, 262853|1935, 262853|2155, 262854|2187, 262854|4002, com.android.chrome/org.chromium.chrome.browser.bookmarks.BookmarkAddActivity, 
262854|1, 262854|153, 262855|186, 262855|595, 262859|698, 262859|786, 262861|829, 262861|1018, 262862|1203, 262862|1330, 262863|1368, 262863|2093, 262864|2119, 262864|2289, 262865|2356, 262865|4026, com.android.chrome/org.chromium.chrome.browser.firstrun.FirstRunActivity, 
262865|1, 262865|716, 262867|813, 262867|1040, 262868|1194, 262868|1287, 262869|1332, 262869|2063, 262870|2102, 262870|2310, 262871|2334, 262871|4004, com.android.chrome/org.chromium.chrome.browser.firstrun.FirstRunActivity, 
262871|1, 262871|660, 262873|708, 262873|993, 262874|1029, 262874|1238, 262875|1269, 262875|1975, 262876|2006, 262876|2233, 262877|2257, 262877|4015, com.android.chrome/org.chromium.chrome.browser.download.DownloadActivity, 
262877|1, 262877|599, 262879|662, 262881|705, 262881|997, 262882|1023, 262882|1227, 262883|1265, 262883|1615, 262884|1639, 262884|1981, 262885|2016, 262885|2233, 262886|2264, 262886|4020, com.android.chrome/org.chromium.chrome.browser.bookmarks.BookmarkAddActivity, 
262886|1, 262886|487, 262888|545, 262888|821, 262889|860, 262889|1080, 262890|1112, 262890|1845, 262891|1875, 262891|2087, 262892|2120, 262892|4007, com.android.chrome/org.chromium.chrome.browser.sync.ui.PassphraseActivity, 
262892|1, 262892|794, 262896|904, 262896|1112, 262898|1170, 262898|1380, 262900|1411, 262900|2150, 262902|2176, 262902|2409, 262904|2445, 262904|4010, com.android.chrome/org.chromium.chrome.browser.searchwidget.SearchActivity, 
262904|1, 262904|682, 262906|748, 262906|1004, 262907|1031, 262907|1246, 262908|1270, 262908|2011, 262909|2039, 262909|2245, 262910|2274, 262910|4035, com.android.chrome/org.chromium.chrome.browser.preferences.Preferences, 
262910|1, 262910|608, 262912|670, 262914|708, 262914|1688, 262916|1720, 262916|2099, 262917|2129, 262917|2239, 262918|2267, 262918|3109, 262919|3145, 262919|3220, 262920|3277, 262920|4001, com.android.chrome/org.chromium.chrome.browser.bookmarks.BookmarkAddActivity, 
262920|1, 262920|775, 262922|845, 262924|907, 262924|1136, 262925|1173, 262926|1215, 262926|1365, 262927|1399, 262927|1420, 262928|1469, 262928|2115, 262929|2148, 262929|2182, 262930|2205, 262930|2359, 262931|2394, 262931|2425, 262932|2446, 262932|4008, com.android.chrome/org.chromium.chrome.browser.searchwidget.SearchActivity, 
262932|1, 262932|676, 262934|733, 262934|785, 262936|838, 262936|1117, 262937|1162, 262937|1381, 262938|1416, 262938|2133, 262939|2154, 262939|2383, 262940|2419, 262940|4020, com.android.chrome/org.chromium.chrome.browser.bookmarks.BookmarkAddActivity, 
262941|1, 262941|4030, com.android.chrome/org.chromium.chrome.browser.preferences.website.ManageSpaceActivity, 
262941|1, 262941|905, 262943|976, 262945|1015, 262945|1061, 262948|1116, 262951|1185, 262956|1266, 262957|1297, 262957|1353, 262958|1379, 262962|1421, 262962|1503, 262963|1533, 262963|2341, 262964|2376, 262964|2497, 262965|2522, 262965|3337, 262966|3374, 262967|3417, 262967|4017, com.android.chrome/org.chromium.chrome.browser.customtabs.CustomTabActivity, 
262967|1, 262967|600, 262971|673, 262971|938, 262972|981, 262972|1209, 262973|1252, 262973|1951, 262974|1983, 262974|2186, 262975|2215, 262975|4014, com.android.chrome/org.chromium.chrome.browser.bookmarks.BookmarkAddActivity, 
262975|1, 262975|649, 262981|729, 262981|1001, 262982|1035, 262982|1245, 262983|1277, 262983|2004, 262984|2040, 262984|2248, 262985|2275, 262985|4004, com.android.chrome/org.chromium.chrome.browser.history.HistoryActivity, 
262985|1, 262985|569, 262987|730, 262989|830, 262989|982, 262990|1201, 262990|1323, 262991|1361, 262991|2072, 262992|2108, 262992|2313, 262993|2342, 262993|4006, com.android.chrome/org.chromium.chrome.browser.firstrun.FirstRunActivity, 
262993|1, 262993|757, 262995|840, 263000|907, 263003|960, 263006|1028, 263009|1120, 263009|1160, 263012|1194, 263012|1387, 263013|1432, 263013|2137, 263014|2172, 263014|2398, 263015|2432, 263015|3249, 263016|3288, 263017|3330, 263017|4026, com.android.chrome/org.chromium.chrome.browser.customtabs.PaymentHandlerActivity, 
263017|1, 263017|656, 263021|723, 263021|786, 263025|823, 263025|1089, 263027|1136, 263027|1343, 263029|1375, 263029|2097, 263030|2126, 263030|2332, 263031|2369, 263032|2391, 263032|4022, com.android.chrome/org.chromium.chrome.browser.searchwidget.SearchActivity, 
263032|1, 263032|1031, 263039|1137, 263047|1288, 263047|1363, 263052|1432, 263055|1483, 263055|1519, 263056|1563, 263056|1620, 263057|1663, 263057|1778, 263058|1805, 263058|2387, 263059|2420, 263059|2528, 263060|2579, 263060|2626, 263061|2656, 263061|2764, 263062|2789, 263062|3095, 263064|3152, 263064|4023, com.android.chrome/org.chromium.chrome.browser.incognito.IncognitoTabLauncher, 
263064|1, 263064|526, 263066|565, 263066|846, 263067|881, 263067|1106, 263068|1143, 263068|1866, 263069|1888, 263069|2098, 263070|2124, 263070|4021, com.android.chrome/org.chromium.chrome.browser.preferences.Preferences, 
263070|1, 263070|674, 263072|713, 263072|984, 263073|1011, 263073|1217, 263074|1244, 263074|1975, 263075|2008, 263075|2234, 263076|2266, 263076|4005, com.android.chrome/org.chromium.chrome.browser.history.HistoryActivity, 
263076|1, 263076|4026, com.android.chrome/org.chromium.chrome.browser.preferences.website.ManageSpaceActivity, 
263076|1, 263076|537, 263080|636, 263080|702, 263082|800, 263082|1025, 263083|1159, 263083|1315, 263084|1357, 263084|2061, 263085|2093, 263085|2325, 263086|2351, 263086|4030, com.android.chrome/org.chromium.chrome.browser.firstrun.FirstRunActivity, 
263086|1, 263086|4004, com.android.chrome/org.chromium.chrome.browser.media.router.caf.remoting.CafExpandedControllerActivity, 
263086|1, 263086|1056, 263088|1131, 263090|1222, 263098|1333, 263105|1478, 263107|1536, 263107|1738, 263109|1772, 263112|1797, 263112|2003, 263113|2033, 263113|2468, 263114|2502, 263114|2739, 263115|2782, 263116|2830, 263116|3009, 263117|3042, 263117|3111, 263119|3161, 263119|4013, com.android.chrome/org.chromium.chrome.browser.incognito.IncognitoTabLauncher, 
263119|1, 263119|599, 263123|714, 263125|795, 263125|1745, 263127|1811, 263127|2194, 263128|2217, 263128|2326, 263129|2357, 263129|3187, 263130|3236, 263130|3302, 263131|3348, 263131|4013, com.android.chrome/org.chromium.chrome.browser.firstrun.FirstRunActivity, 
263131|1, 263131|896, 263133|978, 263140|1072, 263143|1147, 263151|1276, 263151|1337, 263152|1370, 263152|1391, 263154|1451, 263154|1534, 263155|1572, 263155|1597, 263156|1625, 263156|1778, 263157|1820, 263157|2345, 263158|2386, 263158|2546, 263159|2572, 263160|2604, 263160|2792, 263161|2810, 263161|3102, 263163|3196, 263163|4009, com.android.chrome/org.chromium.chrome.browser.incognito.IncognitoTabLauncher, 
263163|1, 263163|661, 263165|719, 263165|1011, 263166|1045, 263166|1259, 263167|1289, 263167|2004, 263168|2031, 263168|2248, 263169|2294, 263169|4011, com.android.chrome/org.chromium.chrome.browser.download.DownloadActivity, 
263169|1, 263169|629, 263171|692, 263171|946, 263172|978, 263172|1210, 263173|1248, 263173|1960, 263174|1991, 263174|2201, 263175|2230, 263175|4006, com.android.chrome/org.chromium.chrome.browser.preferences.Preferences, 
263175|1, 263175|842, 263177|869, 263177|1164, 263178|1201, 263178|1392, 263179|1423, 263179|1487, 263182|1543, 263182|1576, 263183|1607, 263183|1886, 263184|1922, 263184|1968, 263186|2012, 263186|2164, 263187|2201, 263187|2398, 263188|2424, 263188|2509, 263189|2532, 263189|2565, 263190|2604, 263190|4010, com.android.chrome/org.chromium.chrome.browser.history.HistoryActivity, 
263191|1, 263191|582, 263195|622, 263197|692, 263197|971, 263198|1002, 263198|1207, 263199|1233, 263199|1975, 263200|2007, 263200|2211, 263201|2240, 263201|4012, com.android.chrome/org.chromium.chrome.browser.download.DownloadActivity, 
263201|1, 263201|4021, com.android.chrome/org.chromium.chrome.browser.preferences.website.ManageSpaceActivity, 
263201|1, 263201|4013, com.android.chrome/org.chromium.chrome.browser.media.router.caf.remoting.CafExpandedControllerActivity, 
263201|1, 263201|550, 263207|594, 263207|884, 263208|915, 263208|1137, 263209|1185, 263209|1885, 263210|1916, 263210|2126, 263211|2155, 263211|4016, com.android.chrome/org.chromium.chrome.browser.sync.ui.PassphraseActivity, 
263211|1, 263211|1137, 263213|1209, 263223|1361, 263229|1439, 263230|1520, 263230|1546, 263232|1588, 263232|1639, 263233|1678, 263233|1704, 263234|1736, 263234|1884, 263235|1911, 263235|2461, 263236|2489, 263236|2626, 263237|2663, 263237|2703, 263238|2737, 263238|2888, 263239|2927, 263239|3241, 263241|3282, 263241|4015, com.android.chrome/org.chromium.chrome.browser.incognito.IncognitoTabLauncher, 
263241|1, 263241|1019, 263248|1162, 263255|1269, 263260|1376, 263260|1443, 263262|1496, 263263|1549, 263263|1576, 263264|1617, 263264|1669, 263265|1698, 263265|1789, 263266|1832, 263266|2322, 263267|2354, 263267|2518, 263268|2561, 263268|2596, 263269|2637, 263269|2786, 263270|2822, 263270|3156, 263272|3223, 263272|4006, com.android.chrome/org.chromium.chrome.browser.incognito.IncognitoTabLauncher, 
263272|1, 263272|728, 263279|835, 263279|875, 263282|935, 263288|1053, 263289|1126, 263293|1211, 263293|1343, 263294|1375, 263294|2112, 263295|2147, 263295|2359, 263296|2383, 263296|3266, 263298|3309, 263298|4030, com.android.chrome/org.chromium.chrome.browser.customtabs.PaymentHandlerActivity, 
263298|1, 263298|867, 263302|968, 263302|1168, 263303|1215, 263304|1265, 263304|1418, 263305|1455, 263306|1492, 263306|2178, 263307|2208, 263308|2238, 263308|2415, 263309|2441, 263309|2461, 263310|2486, 263310|4006, com.android.chrome/org.chromium.chrome.browser.searchwidget.SearchActivity, 
263310|1, 263310|4022, com.android.chrome/org.chromium.chrome.browser.media.router.caf.remoting.CafExpandedControllerActivity, 
263310|1, 263310|599, 263312|672, 263312|917, 263313|958, 263313|1149, 263314|1189, 263314|1901, 263315|1933, 263315|2149, 263316|2184, 263316|4012, com.android.chrome/org.chromium.chrome.browser.history.HistoryActivity, 
263316|1, 263316|820, 263320|910, 263320|1129, 263321|1183, 263322|1229, 263322|1357, 263323|1384, 263323|1430, 263324|1468, 263324|2116, 263325|2144, 263325|2199, 263326|2230, 263326|2354, 263327|2384, 263327|4004, com.android.chrome/org.chromium.chrome.browser.searchwidget.SearchActivity, 
263327|1, 263327|597, 263329|670, 263329|937, 263330|958, 263330|1174, 263331|1203, 263331|1921, 263332|1955, 263332|2166, 263333|2199, 263333|4021, com.android.chrome/org.chromium.chrome.browser.preferences.Preferences, 
263333|1, 263333|638, 263335|765, 263335|976, 263336|1199, 263336|1254, 263337|1287, 263337|1997, 263338|2030, 263338|2253, 263339|2288, 263339|4030, com.android.chrome/org.chromium.chrome.browser.firstrun.FirstRunActivity, 
263339|1, 263339|4012, com.android.chrome/org.chromium.chrome.browser.media.router.caf.remoting.CafExpandedControllerActivity, 
263339|1, 263339|685, 263341|730, 263341|1027, 263342|1058, 263342|1269, 263343|1305, 263343|2018, 263344|2040, 263344|2267, 263345|2299, 263345|4005, com.android.chrome/org.chromium.chrome.browser.preferences.Preferences, 
263345|1, 263345|493, 263347|538, 263347|829, 263348|866, 263348|1052, 263349|1084, 263349|1820, 263350|1849, 263350|2071, 263351|2102, 263351|4017, com.android.chrome/org.chromium.chrome.browser.preferences.Preferences, 
263351|1, 263351|884, 263353|972, 263361|1062, 263364|1118, 263367|1210, 263367|1269, 263370|1308, 263370|1509, 263371|1535, 263371|2270, 263372|2293, 263372|2498, 263373|2525, 263373|3103, 263374|3191, 263375|3252, 263375|4005, com.android.chrome/org.chromium.chrome.browser.customtabs.CustomTabActivity, 
263375|1, 263375|721, 263377|768, 263377|1069, 263378|1136, 263378|1302, 263379|1334, 263379|2060, 263380|2087, 263380|2305, 263381|2337, 263381|4030, com.android.chrome/org.chromium.chrome.browser.preferences.Preferences, 
263381|1, 263381|885, 263385|963, 263385|1171, 263387|1240, 263387|1447, 263389|1481, 263389|2207, 263391|2244, 263391|2435, 263392|2468, 263393|2516, 263393|4020, com.android.chrome/org.chromium.chrome.browser.searchwidget.SearchActivity, 
263393|1, 263393|785, 263395|886, 263395|987, 263396|1220, 263396|1333, 263397|1395, 263397|2100, 263398|2151, 263398|2360, 263399|2392, 263399|4008, com.android.chrome/org.chromium.chrome.browser.firstrun.FirstRunActivity, 
263399|1, 263399|607, 263403|660, 263405|726, 263405|981, 263406|1020, 263406|1240, 263407|1267, 263407|1974, 263408|2004, 263408|2219, 263409|2252, 263409|4017, com.android.chrome/org.chromium.chrome.browser.history.HistoryActivity, 
263410|1, 263410|4003, com.android.chrome/org.chromium.chrome.browser.preferences.website.ManageSpaceActivity, 
263410|1, 263410|573, 263412|648, 263412|922, 263413|949, 263413|1136, 263414|1182, 263414|1909, 263415|1937, 263415|2154, 263416|2186, 263416|4016, com.android.chrome/org.chromium.chrome.browser.sync.ui.PassphraseActivity, 
263416|1, 263416|616, 263422|684, 263422|949, 263423|988, 263423|1194, 263424|1229, 263424|1944, 263425|1975, 263425|2190, 263426|2221, 263426|4008, com.android.chrome/org.chromium.chrome.browser.history.HistoryActivity, 
263426|1, 263426|619, 263428|684, 263428|968, 263429|992, 263429|1216, 263430|1246, 263430|1953, 263431|1985, 263431|2207, 263432|2240, 263432|4005, com.android.chrome/org.chromium.chrome.browser.sync.ui.PassphraseActivity, 
263432|1, 263432|1147, 263439|1263, 263447|1420, 263451|1498, 263451|1583, 263453|1617, 263454|1654, 263454|1691, 263455|1713, 263455|1866, 263456|1898, 263456|2467, 263457|2490, 263457|2638, 263458|2677, 263459|2727, 263459|2887, 263460|2923, 263460|3141, 263462|3193, 263462|4013, com.android.chrome/org.chromium.chrome.browser.incognito.IncognitoTabLauncher, 
263462|1, 263462|847, 263469|926, 263472|987, 263475|1031, 263477|1085, 263478|1135, 263478|1178, 263483|1210, 263483|1411, 263484|1449, 263484|2184, 263485|2211, 263485|2402, 263486|2437, 263486|3284, 263488|3333, 263488|4023, com.android.chrome/org.chromium.chrome.browser.customtabs.CustomTabActivity, 
263488|1, 263488|879, 263495|965, 263498|1003, 263504|1099, 263504|1167, 263506|1222, 263507|1260, 263507|1469, 263508|1505, 263508|2235, 263509|2265, 263509|2453, 263510|2491, 263510|3143, 263512|3239, 263512|4019, com.android.chrome/org.chromium.chrome.browser.customtabs.CustomTabActivity, 
263512|1, 263512|624, 263514|769, 263514|1002, 263515|1186, 263515|1287, 263516|1312, 263516|2057, 263517|2077, 263517|2302, 263518|2323, 263518|4029, com.android.chrome/org.chromium.chrome.browser.firstrun.FirstRunActivity, 
263518|1, 263518|815, 263522|917, 263522|1165, 263523|1209, 263524|1246, 263524|1411, 263525|1442, 263526|1472, 263526|2161, 263527|2201, 263528|2233, 263528|2417, 263529|2438, 263530|2470, 263530|4018, com.android.chrome/org.chromium.chrome.browser.searchwidget.SearchActivity, 
263530|1, 263530|703, 263532|787, 263537|853, 263540|891, 263543|942, 263546|999, 263547|1061, 263549|1137, 263549|1286, 263550|1311, 263550|2032, 263551|2078, 263551|2295, 263552|2332, 263552|3114, 263554|3248, 263554|4016, com.android.chrome/org.chromium.chrome.browser.customtabs.CustomTabActivity, 
263554|1, 263554|588, 263556|702, 263556|969, 263557|997, 263557|1203, 263558|1241, 263558|1975, 263559|2011, 263559|2195, 263560|2228, 263560|4028, com.android.chrome/org.chromium.chrome.browser.bookmarks.BookmarkAddActivity, 
263560|1, 263560|684, 263562|736, 263564|835, 263564|966, 263565|1033, 263565|1114, 263566|1157, 263566|1257, 263567|1288, 263567|1350, 263568|1390, 263568|2007, 263569|2036, 263569|2116, 263570|2150, 263570|2268, 263571|2298, 263571|2351, 263572|2384, 263572|4016, com.android.chrome/org.chromium.chrome.browser.searchwidget.SearchActivity, 
263572|1, 263572|1128, 263579|1223, 263589|1442, 263591|1495, 263591|1579, 263593|1644, 263594|1676, 263595|1716, 263595|1892, 263596|1920, 263596|2441, 263597|2464, 263597|2635, 263598|2691, 263599|2736, 263599|2852, 263600|2907, 263600|3169, 263601|3221, 263602|3310, 263602|4005, com.android.chrome/org.chromium.chrome.browser.incognito.IncognitoTabLauncher, 
263602|1, 263602|675, 263608|757, 263608|1023, 263609|1053, 263609|1269, 263610|1301, 263610|2024, 263611|2056, 263611|2246, 263612|2284, 263612|4042, com.android.chrome/org.chromium.chrome.browser.preferences.Preferences, 
263612|1, 263612|4029, com.android.chrome/org.chromium.chrome.browser.preferences.website.ManageSpaceActivity, 
263612|1, 263612|784, 263619|856, 263619|896, 263625|971, 263628|1028, 263628|1073, 263629|1124, 263631|1180, 263631|1348, 263632|1380, 263632|2119, 263633|2163, 263633|2343, 263634|2368, 263634|3211, 263636|3291, 263636|4002, com.android.chrome/org.chromium.chrome.browser.customtabs.PaymentHandlerActivity, 
263636|1, 263636|1077, 263638|1179, 263639|1288, 263648|1422, 263656|1558, 263657|1605, 263659|1642, 263659|1769, 263660|1802, 263660|1841, 263661|1877, 263661|2009, 263662|2038, 263662|2563, 263663|2600, 263663|2751, 263664|2796, 263664|2832, 263665|2868, 263665|3005, 263666|3031, 263666|3138, 263668|3193, 263668|4003, com.android.chrome/org.chromium.chrome.browser.incognito.IncognitoTabLauncher, 
263668|1, 263668|4033, com.android.chrome/org.chromium.chrome.browser.media.router.caf.remoting.CafExpandedControllerActivity, 
263677|1, 263677|698, 263678|754, 263680|856, 263685|920, 263689|967, 263692|1021, 263695|1078, 263696|1163, 263698|1223, 263698|1335, 263699|1371, 263699|2124, 263700|2178, 263700|2340, 263701|2373, 263701|2684, 263703|2722, 263704|2770, 263704|3083, 263705|3153, 263706|3191, 263706|4017, com.android.chrome/org.chromium.chrome.browser.customtabs.PaymentHandlerActivity, 
263706|1, 263706|1025, 263708|1096, 263708|1207, 263721|1399, 263725|1468, 263726|1532, 263730|1603, 263731|1640, 263731|1685, 263732|1734, 263732|1764, 263733|1797, 263733|1905, 263734|1938, 263734|2233, 263735|2280, 263735|2508, 263736|2545, 263736|2645, 263737|2709, 263737|2771, 263738|2826, 263738|2915, 263739|2954, 263739|3163, 263741|3232, 263741|4021, com.android.chrome/org.chromium.chrome.browser.incognito.IncognitoTabLauncher, 
263741|1, 263741|778, 263743|851, 263748|961, 263754|1062, 263758|1156, 263759|1217, 263760|1275, 263760|1370, 263761|1400, 263761|2117, 263762|2141, 263762|2355, 263763|2386, 263763|3280, 263765|3353, 263765|3671, 263766|3707, 263766|4017, com.android.chrome/org.chromium.chrome.browser.customtabs.PaymentHandlerActivity, 
263766|1, 263766|111, 263767|149, 263767|842, 263771|924, 263771|1137, 263772|1199, 263773|1245, 263773|1387, 263774|1430, 263775|1487, 263775|2113, 263776|2192, 263777|2217, 263778|2251, 263778|2400, 263779|2432, 263779|2471, 263780|2501, 263780|4014, com.android.chrome/org.chromium.chrome.browser.searchwidget.SearchActivity, 
263780|1, 263780|506, 263782|600, 263782|861, 263783|931, 263783|1097, 263784|1159, 263784|1490, 263785|1575, 263785|1878, 263786|1914, 263786|2106, 263787|2140, 263787|3100, 263788|3173, 263789|3220, 263789|4036, com.android.chrome/org.chromium.chrome.browser.sync.ui.PassphraseActivity, 
263789|1, 263789|4029, com.android.chrome/org.chromium.chrome.browser.media.router.caf.remoting.CafExpandedControllerActivity, 
263789|1, 263789|761, 263793|846, 263800|907, 263803|948, 263803|1000, 263806|1035, 263809|1085, 263809|1163, 263812|1226, 263812|1415, 263813|1453, 263813|2136, 263814|2191, 263814|2425, 263815|2456, 263815|3182, 263817|3265, 263817|4022, com.android.chrome/org.chromium.chrome.browser.customtabs.CustomTabActivity, 
263817|1, 263817|592, 263819|686, 263819|936, 263820|975, 263820|1166, 263821|1202, 263821|1940, 263822|1979, 263822|2186, 263823|2222, 263823|4023, com.android.chrome/org.chromium.chrome.browser.sync.ui.PassphraseActivity, 
263823|1, 263823|4013, com.android.chrome/org.chromium.chrome.browser.media.router.caf.remoting.CafExpandedControllerActivity, 
263823|1, 263823|798, 263829|872, 263834|963, 263837|1005, 263837|1040, 263840|1091, 263843|1146, 263844|1180, 263844|1403, 263845|1430, 263845|2154, 263846|2216, 263846|2236, 263848|2282, 263848|2414, 263849|2454, 263849|3137, 263851|3195, 263851|4035, com.android.chrome/org.chromium.chrome.browser.customtabs.PaymentHandlerActivity, 
263851|1, 263851|453, 263853|547, 263855|632, 263857|665, 263857|937, 263858|968, 263858|1195, 263859|1228, 263859|1948, 263860|1982, 263860|2203, 263861|2228, 263861|4013, com.android.chrome/org.chromium.chrome.browser.sync.ui.PassphraseActivity, 
263861|1, 263861|508, 263865|608, 263867|649, 263867|931, 263868|965, 263868|1150, 263869|1182, 263869|1923, 263870|1945, 263870|2163, 263871|2198, 263871|4005, com.android.chrome/org.chromium.chrome.browser.sync.ui.PassphraseActivity, 
263871|1, 263871|525, 263873|605, 263873|837, 263874|868, 263874|1095, 263875|1148, 263875|1844, 263876|1878, 263876|2082, 263877|2104, 263877|4005, com.android.chrome/org.chromium.chrome.browser.sync.ui.PassphraseActivity, 
263877|1, 263877|923, 263884|1046, 263884|1077, 263889|1135, 263893|1197, 263893|1270, 263896|1329, 263896|1524, 263897|1567, 263897|2238, 263898|2293, 263898|2536, 263899|2559, 263899|3170, 263901|3233, 263901|4003, com.android.chrome/org.chromium.chrome.browser.customtabs.PaymentHandlerActivity, 
263902|1, 263902|4015, com.android.chrome/org.chromium.chrome.browser.preferences.website.ManageSpaceActivity, 
263902|1, 263902|125, 263903|187, 263903|778, 263910|890, 263910|952, 263916|1047, 263919|1089, 263919|1126, 263920|1164, 263922|1196, 263922|1371, 263923|1403, 263923|2127, 263924|2159, 263924|2369, 263925|2391, 263925|3176, 263927|3241, 263927|4010, com.android.chrome/org.chromium.chrome.browser.customtabs.CustomTabActivity, 
263927|1, 263927|4011, com.android.chrome/org.chromium.chrome.browser.media.router.caf.remoting.CafExpandedControllerActivity, 
263927|1, 263927|857, 263934|925, 263939|1006, 263943|1058, 263943|1174, 263944|1208, 263944|1420, 263945|1449, 263945|1548, 263947|1581, 263947|2173, 263948|2204, 263948|2429, 263949|2466, 263949|3204, 263951|3289, 263951|4017, com.android.chrome/org.chromium.chrome.browser.customtabs.PaymentHandlerActivity, 
263951|1, 263951|4010, com.android.chrome/org.chromium.chrome.browser.preferences.website.ManageSpaceActivity, 
263951|1, 263951|4017, com.android.chrome/org.chromium.chrome.browser.preferences.website.ManageSpaceActivity, 
263951|1, 263951|4010, com.android.chrome/org.chromium.chrome.browser.media.router.caf.remoting.CafExpandedControllerActivity, 
263951|1, 263951|791, 263953|863, 263958|919, 263958|948, 263961|997, 263964|1052, 263967|1093, 263967|1168, 263968|1208, 263968|1257, 263970|1312, 263970|1400, 263971|1439, 263971|2154, 263972|2179, 263972|2415, 263973|2450, 263973|3140, 263975|3253, 263975|4023, com.android.chrome/org.chromium.chrome.browser.customtabs.CustomTabActivity, 
263975|1, 263975|899, 263982|953, 263985|1008, 263988|1060, 263991|1107, 263991|1188, 263992|1230, 263994|1269, 263994|1451, 263995|1504, 263995|2206, 263996|2238, 263996|2440, 263997|2473, 263997|3230, 263999|3312, 263999|4028, com.android.chrome/org.chromium.chrome.browser.customtabs.CustomTabActivity, 
263999|1, 263999|4006, com.android.chrome/org.chromium.chrome.browser.media.router.caf.remoting.CafExpandedControllerActivity, 
263999|1, 263999|966, 264006|1034, 264006|1067, 264009|1122, 264012|1178, 264015|1244, 264017|1322, 264018|1390, 264018|1533, 264019|1586, 264019|2286, 264020|2329, 264020|2519, 264021|2555, 264021|3194, 264023|3303, 264023|4017, com.android.chrome/org.chromium.chrome.browser.customtabs.CustomTabActivity, 
