12264|1, 12264|634, 12416|670, 12416|1198, 12520|1238, 12520|1629, 12552|1669, 12552|3140, 12416|3219, 12416|3634, 12368|3662, 12368|3729, 12288|3757, 12288|4015, com.android.chrome/org.chromium.chrome.browser.download.DownloadActivity, 
12288|1, 12360|221, 12360|1038, 12496|1067, 12560|1094, 12560|3061, 12568|3083, 12568|3115, 12432|3161, 12432|4001, com.android.chrome/org.chromium.chrome.browser.download.DownloadActivity, 
12256|1, 12256|510, 12360|538, 12360|737, 12384|773, 12384|2527, 12376|2552, 12376|3508, 12344|3539, 12344|3625, 12256|3669, 12256|4002, com.android.chrome/org.chromium.chrome.browser.preferences.website.ManageSpaceActivity, 
12256|1, 12280|151, 12280|1048, 12712|1123, 12712|2091, 12800|2119, 12800|2166, 12896|2200, 12896|2585, 12912|2609, 12912|3082, 12536|3140, 12536|4009, com.android.chrome/org.chromium.chrome.browser.incognito.IncognitoTabLauncher, 
12264|1, 12264|563, 12544|634, 12544|1598, 12712|1622, 12744|1643, 12800|1684, 12856|1715, 12856|3218, 12448|3325, 12448|3598, 12288|3629, 12288|4001, com.android.chrome/org.chromium.chrome.browser.customtabs.PaymentHandlerActivity, 
12288|1, 12368|160, 12368|1005, 12552|1036, 12552|2976, 12560|3008, 12552|3042, 12552|3745, 12544|3773, 12352|4028, com.android.chrome/org.chromium.chrome.browser.download.DownloadActivity, 
12264|1, 12264|504, 12280|547, 12456|583, 12456|1294, 12528|1328, 12528|1534, 12536|1554, 12536|1933, 12560|1965, 12560|3137, 12424|3188, 12424|3510, 12344|3540, 12272|3570, 12272|3769, 12264|3802, 12264|4016, com.android.chrome/org.chromium.chrome.browser.download.DownloadActivity, 
12264|1, 12296|164, 12296|1020, 12376|1044, 12456|1067, 12544|1102, 12544|3030, 12552|3063, 12552|3111, 12416|3175, 12280|3283, 12280|4014, com.android.chrome/org.chromium.chrome.browser.preferences.Preferences, 
12264|1, 12264|538, 12288|580, 12456|615, 12456|1509, 12544|1543, 12544|1629, 12552|1654, 12552|3125, 12416|3200, 12416|3588, 12296|3626, 12296|4004, com.android.chrome/org.chromium.chrome.browser.history.HistoryActivity, 
12296|1, 12296|142, 12264|175, 12352|204, 12352|1167, 12464|1197, 12464|1246, 12560|1279, 12560|3145, 12312|3200, 12312|4019, com.android.chrome/org.chromium.chrome.browser.download.DownloadActivity, 
12264|1, 12264|640, 12488|713, 12488|1538, 12616|1572, 12616|2686, 12624|2719, 12624|2874, 12616|2904, 12616|3206, 12344|3255, 12344|3615, 12336|3644, 12336|3673, 12304|3695, 12232|3726, 12232|4016, com.android.chrome/org.chromium.chrome.browser.bookmarks.BookmarkAddActivity, 
12232|1, 12240|174, 12376|207, 12376|1128, 12488|1163, 12520|1182, 12512|1210, 12536|1244, 12536|3117, 12312|3183, 12280|3244, 12280|4028, com.android.chrome/org.chromium.chrome.browser.history.HistoryActivity, 
12232|1, 12232|644, 12400|710, 12400|1139, 12504|1177, 12504|1679, 12520|1711, 12520|3081, 12384|3157, 12384|3451, 12376|3486, 12376|3675, 12240|3704, 12240|4007, com.android.chrome/org.chromium.chrome.browser.download.DownloadActivity, 
12240|1, 12240|251, 12256|291, 12384|330, 12384|1241, 12424|1274, 12464|1303, 12464|1326, 12520|1353, 12520|3211, 12384|3258, 12344|3281, 12328|3313, 12328|4034, com.android.chrome/org.chromium.chrome.browser.download.DownloadActivity, 
12248|1, 12248|804, 12416|841, 12504|881, 12504|1835, 12528|1865, 12528|3827, 12248|3859, 12248|4001, com.android.chrome/org.chromium.chrome.browser.history.HistoryActivity, 
12248|1, 12248|344, 12440|414, 12440|681, 12640|724, 12640|1336, 12728|1362, 12768|1406, 12768|2335, 12832|2368, 12832|3168, 12560|3228, 12560|3358, 12352|3387, 12248|3408, 12248|3517, 12240|3553, 12240|4012, com.android.chrome/org.chromium.chrome.browser.customtabs.PaymentHandlerActivity, 
12256|1, 12256|730, 12368|816, 12504|859, 12504|1199, 12512|1237, 12512|1796, 12520|1826, 12520|3262, 12320|3321, 12320|3827, 12248|3858, 12248|4025, com.android.chrome/org.chromium.chrome.browser.preferences.Preferences, 
12240|1, 12240|268, 12352|291, 12352|656, 12552|770, 12552|1245, 12576|1277, 12736|1306, 12736|1330, 12752|1365, 12752|2120, 12760|2141, 12760|2170, 12752|2203, 12752|2279, 12760|2313, 12760|3151, 12360|3238, 12368|3281, 12296|3315, 12296|3528, 12288|3549, 12288|3577, 12240|3609, 12240|4019, com.android.chrome/org.chromium.chrome.browser.firstrun.FirstRunActivity, 
12256|1, 12256|794, 12600|849, 12592|904, 12592|1740, 12600|1768, 12600|1831, 12608|1851, 12608|3161, 12336|3242, 12336|3832, 12304|3863, 12304|4018, com.android.chrome/org.chromium.chrome.browser.bookmarks.BookmarkAddActivity, 
12304|1, 12304|351, 12264|385, 12296|420, 12296|613, 12496|726, 12496|1365, 12672|1393, 12816|1419, 12816|2080, 12872|2119, 12872|2357, 12880|2384, 12944|2415, 12944|2455, 12952|2487, 12952|3130, 12408|3200, 12408|3357, 12296|3408, 12296|3871, 12280|3899, 12280|4011, com.android.chrome/org.chromium.chrome.browser.searchwidget.SearchActivity, 
12272|1, 12272|856, 12472|879, 12600|925, 12600|1866, 12608|1899, 12608|3178, 12472|3228, 12472|3880, 12360|3922, 12240|3963, 12240|4032, com.android.chrome/org.chromium.chrome.browser.bookmarks.BookmarkAddActivity, 
12240|1, 12240|392, 12264|414, 12384|445, 12384|1239, 12472|1267, 12472|1419, 12520|1455, 12520|3397, 12408|3423, 12344|3461, 12344|4029, com.android.chrome/org.chromium.chrome.browser.history.HistoryActivity, 
12272|1, 12272|850, 12336|871, 12336|907, 12304|933, 12384|975, 12384|2924, 12376|2956, 12376|3564, 12368|3598, 12368|3940, 12240|3976, 12240|4001, com.android.chrome/org.chromium.chrome.browser.preferences.website.ManageSpaceActivity, 
12232|1, 12232|452, 12304|475, 12352|499, 12352|1406, 12480|1444, 12688|1485, 12688|1911, 12736|1932, 12736|2852, 12744|2877, 12744|3162, 12336|3259, 12336|3449, 12248|3485, 12248|4003, com.android.chrome/org.chromium.chrome.browser.firstrun.FirstRunActivity, 
12256|1, 12256|867, 12312|888, 12504|919, 12504|1078, 12488|1122, 12488|2883, 12480|2917, 12480|3091, 12344|3147, 12344|3443, 12312|3465, 12312|3897, 12232|3920, 12232|4015, com.android.chrome/org.chromium.chrome.browser.sync.ui.PassphraseActivity, 
12232|1, 12232|512, 12416|552, 12416|1500, 12408|1519, 12440|1551, 12608|1581, 12608|3101, 12472|3170, 12472|3518, 12240|3550, 12240|3611, 12232|3633, 12232|4017, com.android.chrome/org.chromium.chrome.browser.bookmarks.BookmarkAddActivity, 
12232|1, 12320|77, 12320|1012, 12432|1042, 12608|1064, 12608|1631, 12616|1660, 12616|3030, 12608|3060, 12624|3086, 12488|3193, 12488|4026, com.android.chrome/org.chromium.chrome.browser.bookmarks.BookmarkAddActivity, 
12232|1, 12232|589, 12512|680, 12512|1617, 12600|1643, 12648|1663, 12648|1869, 12752|1903, 12752|3183, 12280|3274, 12280|3627, 12264|3659, 12264|3907, 12232|3935, 12232|4022, com.android.chrome/org.chromium.chrome.browser.firstrun.FirstRunActivity, 
12232|1, 12232|170, 12264|199, 12264|562, 12464|595, 12464|928, 12664|959, 12664|1003, 12736|1209, 12736|1825, 12744|1850, 12744|3108, 12272|3184, 12272|4022, com.android.chrome/org.chromium.chrome.browser.firstrun.FirstRunActivity, 
12248|1, 12248|764, 12528|823, 12520|849, 12520|3202, 12248|3272, 12248|3799, 12240|3831, 12232|4029, com.android.chrome/org.chromium.chrome.browser.download.DownloadActivity, 
12232|1, 12232|349, 12456|395, 12456|1362, 12608|1393, 12608|3173, 12472|3239, 12472|3358, 12384|3378, 12272|3409, 12272|3611, 12240|3646, 12240|4003, com.android.chrome/org.chromium.chrome.browser.bookmarks.BookmarkAddActivity, 
12256|1, 12256|818, 12488|869, 12488|2851, 12480|2885, 12480|3166, 12344|3231, 12344|3838, 12240|3874, 12240|4020, com.android.chrome/org.chromium.chrome.browser.sync.ui.PassphraseActivity, 
12240|1, 12240|428, 12400|465, 12400|865, 12600|988, 12600|1434, 12808|1472, 12808|2432, 12936|2466, 12936|3130, 12800|3203, 12528|3293, 12528|3417, 12248|3474, 12248|3866, 12232|3898, 12232|4010, com.android.chrome/org.chromium.chrome.browser.searchwidget.SearchActivity, 
12248|1, 12248|912, 12496|943, 12512|973, 12512|2942, 12504|2969, 12504|3165, 12368|3200, 12368|3940, 12224|3980, 12224|4016, com.android.chrome/org.chromium.chrome.browser.preferences.Preferences, 
12224|1, 12224|447, 12232|477, 12440|513, 12440|1459, 12568|1482, 12616|1510, 12616|3160, 12344|3233, 12344|3465, 12264|3497, 12264|4013, com.android.chrome/org.chromium.chrome.browser.bookmarks.BookmarkAddActivity, 
12248|1, 12248|794, 12448|862, 12656|939, 12696|1029, 12696|1917, 12808|1981, 12920|2034, 12920|2937, 12944|2971, 12944|3227, 12672|3369, 12672|3864, 12664|3900, 12664|3932, 12352|3960, 12224|3985, 12224|4011, com.android.chrome/org.chromium.chrome.browser.searchwidget.SearchActivity, 
12224|1, 12224|341, 12280|371, 12280|1311, 12496|1351, 12600|1386, 12600|2332, 12608|2362, 12616|2393, 12616|3164, 12416|3234, 12416|3338, 12256|3368, 12256|4007, com.android.chrome/org.chromium.chrome.browser.bookmarks.BookmarkAddActivity, 
12256|1, 12256|808, 12272|828, 12312|852, 12376|885, 12376|2809, 12368|2841, 12368|3546, 12360|3590, 12360|3809, 12256|3844, 12224|3874, 12224|4019, com.android.chrome/org.chromium.chrome.browser.preferences.website.ManageSpaceActivity, 
12224|1, 12224|306, 12216|329, 12256|353, 12256|905, 12456|974, 12456|1275, 12472|1313, 12768|1349, 12768|2081, 12824|2124, 12824|2306, 12832|2332, 12832|2389, 12840|2422, 12840|3224, 12704|3291, 12392|3355, 12392|3765, 12384|3799, 12384|4004, com.android.chrome/org.chromium.chrome.browser.customtabs.CustomTabActivity, 
12224|1, 12224|689, 12448|743, 12448|1268, 12600|1311, 12600|3246, 12464|3302, 12464|3683, 12296|3708, 12240|3734, 12240|3816, 12224|3855, 12224|4020, com.android.chrome/org.chromium.chrome.browser.bookmarks.BookmarkAddActivity, 
12224|1, 12224|127, 12312|188, 12312|1149, 12488|1186, 12512|1214, 12512|3157, 12528|3195, 12528|4031, com.android.chrome/org.chromium.chrome.browser.history.HistoryActivity, 
12224|1, 12224|670, 12520|828, 12520|1655, 12584|1688, 12592|1712, 12592|1936, 12784|1956, 12784|3193, 12376|3283, 12376|3678, 12288|3711, 12288|3825, 12280|3854, 12280|4019, com.android.chrome/org.chromium.chrome.browser.firstrun.FirstRunActivity, 
12280|1, 12280|206, 12360|245, 12360|1137, 12520|1193, 12808|1222, 12808|2204, 12872|2237, 12872|3192, 12888|3213, 12480|3276, 12480|3606, 12464|3647, 12464|4024, com.android.chrome/org.chromium.chrome.browser.customtabs.PaymentHandlerActivity, 
12280|1, 12280|514, 12480|547, 12520|586, 12520|1497, 12712|1532, 12856|1556, 12856|2137, 12872|2170, 12872|2543, 12976|2594, 12976|3077, 12704|3161, 12504|3229, 12504|3539, 12288|3567, 12288|4004, com.android.chrome/org.chromium.chrome.browser.searchwidget.SearchActivity, 
12280|1, 12304|54, 12304|951, 12592|1026, 12768|1120, 12768|1992, 12840|2014, 12880|2034, 12880|2062, 12920|2102, 12936|2133, 12936|2543, 12952|2576, 12944|2634, 12944|3007, 12960|3028, 12952|3076, 12680|3150, 12680|3811, 12648|3854, 12648|4012, com.android.chrome/org.chromium.chrome.browser.incognito.IncognitoTabLauncher, 
12312|1, 12312|571, 12504|631, 12504|1232, 12576|1258, 12576|1577, 12600|1606, 12600|3170, 12464|3225, 12464|3577, 12352|3604, 12320|3632, 12320|4026, com.android.chrome/org.chromium.chrome.browser.preferences.Preferences, 
12320|1, 12320|72, 12360|105, 12416|128, 12416|1069, 12520|1098, 12536|1119, 12536|1139, 12608|1175, 12608|3096, 12616|3124, 12480|3180, 12480|4029, com.android.chrome/org.chromium.chrome.browser.history.HistoryActivity, 
12320|1, 12320|631, 12408|675, 12408|811, 12472|839, 12472|2635, 12464|2670, 12464|3471, 12456|3510, 12456|3627, 12408|3658, 12336|3682, 12336|4022, com.android.chrome/org.chromium.chrome.browser.preferences.website.ManageSpaceActivity, 
12336|1, 12336|200, 12392|242, 12408|276, 12408|625, 12608|716, 12608|1246, 12816|1282, 12816|2231, 12824|2256, 12824|3173, 12416|3232, 12384|3275, 12384|4024, com.android.chrome/org.chromium.chrome.browser.firstrun.FirstRunActivity, 
12320|1, 12320|705, 12352|735, 12424|768, 12424|3758, 12304|3779, 12304|4003, com.android.chrome/org.chromium.chrome.browser.media.router.caf.remoting.CafExpandedControllerActivity, 
12304|1, 12304|176, 12336|210, 12408|240, 12408|1069, 12608|1114, 12792|1219, 12816|1297, 12816|2186, 12944|2229, 12944|2624, 12960|2660, 12960|3114, 12552|3165, 12352|3269, 12352|3732, 12320|3761, 12320|4026, com.android.chrome/org.chromium.chrome.browser.incognito.IncognitoTabLauncher, 
12312|1, 12312|725, 12768|827, 12768|1727, 12784|1769, 12784|1831, 12816|1887, 12816|3224, 12408|3270, 12408|3742, 12328|3779, 12328|3884, 12304|3929, 12304|4018, com.android.chrome/org.chromium.chrome.browser.firstrun.FirstRunActivity, 
12304|1, 12304|205, 12320|263, 12472|311, 12472|1147, 12600|1270, 12856|1351, 12856|2239, 12872|2260, 12936|2294, 12936|3117, 12528|3187, 12528|3253, 12352|3303, 12352|3842, 12344|3889, 12344|4003, com.android.chrome/org.chromium.chrome.browser.incognito.IncognitoTabLauncher, 
12320|1, 12320|742, 12576|813, 12576|1746, 12584|1778, 12600|1800, 12600|3165, 12464|3213, 12464|3782, 12352|3810, 12352|4041, com.android.chrome/org.chromium.chrome.browser.download.DownloadActivity, 
12352|1, 12352|285, 12384|321, 12472|353, 12472|1134, 12576|1158, 12576|1321, 12592|1356, 12592|2332, 12584|2351, 12584|3186, 12448|3237, 12448|3324, 12280|3348, 12280|4026, com.android.chrome/org.chromium.chrome.browser.preferences.Preferences, 
12296|1, 12296|834, 12496|857, 12536|882, 12536|1819, 12544|1862, 12560|1889, 12576|1933, 12576|2861, 12568|2882, 12568|3818, 12496|3849, 12448|3882, 12448|4025, com.android.chrome/org.chromium.chrome.browser.history.HistoryActivity, 
12448|1, 12448|395, 12480|456, 12528|502, 12528|995, 12536|1027, 12536|1442, 12560|1472, 12560|1886, 12568|1920, 12568|3417, 12408|3452, 12288|3484, 12288|4005, com.android.chrome/org.chromium.chrome.browser.download.DownloadActivity, 
12312|1, 12312|859, 12320|897, 12328|917, 12424|948, 12424|2915, 12416|2960, 12416|3883, 12360|3913, 12312|3940, 12312|3968, 12272|4000, 12272|4024, com.android.chrome/org.chromium.chrome.browser.preferences.website.ManageSpaceActivity, 
12272|1, 12272|327, 12280|365, 12344|400, 12344|650, 12384|675, 12384|2826, 12376|2855, 12376|3343, 12280|3372, 12280|4011, com.android.chrome/org.chromium.chrome.browser.media.router.caf.remoting.CafExpandedControllerActivity, 
12256|1, 12256|799, 12328|842, 12448|876, 12496|931, 12496|2853, 12488|2884, 12488|3214, 12352|3245, 12352|3834, 12240|3876, 12240|4007, com.android.chrome/org.chromium.chrome.browser.sync.ui.PassphraseActivity, 
12240|1, 12240|412, 12392|458, 12392|1165, 12592|1220, 12592|1317, 12832|1455, 12832|2410, 12840|2442, 12840|2563, 12904|2599, 12904|3171, 12496|3250, 12496|3421, 12312|3479, 12312|4015, com.android.chrome/org.chromium.chrome.browser.incognito.IncognitoTabLauncher, 
12288|1, 12288|758, 12648|846, 12648|1760, 12712|1790, 12848|1814, 12848|2516, 12864|2548, 12864|2790, 12912|2817, 12912|3118, 12504|3185, 12504|3777, 12312|3823, 12288|3845, 12272|3877, 12272|4029, com.android.chrome/org.chromium.chrome.browser.incognito.IncognitoTabLauncher, 
12272|1, 12272|251, 12408|333, 12408|1280, 12808|1326, 12808|2307, 12872|2327, 12872|3204, 12464|3287, 12416|3332, 12416|3606, 12400|3642, 12400|4042, com.android.chrome/org.chromium.chrome.browser.customtabs.PaymentHandlerActivity, 
12288|1, 12288|721, 12648|827, 12648|1741, 12808|1786, 12912|1838, 12912|2790, 12976|2824, 12976|3143, 12504|3211, 12504|3772, 12328|3809, 12272|3837, 12272|4021, com.android.chrome/org.chromium.chrome.browser.searchwidget.SearchActivity, 
12272|1, 12272|232, 12320|259, 12368|288, 12368|960, 12384|993, 12384|3232, 12312|3272, 12288|3298, 12288|4002, com.android.chrome/org.chromium.chrome.browser.media.router.caf.remoting.CafExpandedControllerActivity, 
12280|1, 12280|646, 12400|701, 12536|761, 12536|1705, 12560|1732, 12560|3707, 12392|3755, 12392|4001, com.android.chrome/org.chromium.chrome.browser.history.HistoryActivity, 
12272|1, 12272|287, 12328|316, 12384|350, 12384|1292, 12848|1323, 12848|2288, 12912|2307, 12976|2340, 12976|3110, 12704|3161, 12568|3233, 12568|3299, 12288|3326, 12288|4010, com.android.chrome/org.chromium.chrome.browser.searchwidget.SearchActivity, 
12288|1, 12288|757, 12488|791, 12528|818, 12528|1282, 12544|1316, 12544|3760, 12264|3794, 12264|4008, com.android.chrome/org.chromium.chrome.browser.preferences.Preferences, 
12264|1, 12264|305, 12288|346, 12304|387, 12304|1326, 12592|1353, 12736|1388, 12736|2079, 12744|2112, 12744|3143, 12344|3249, 12344|3333, 12288|3368, 12288|4001, com.android.chrome/org.chromium.chrome.browser.firstrun.FirstRunActivity, 
12256|1, 12256|887, 12304|936, 12352|962, 12352|3032, 12344|3063, 12344|3939, 12224|3976, 12240|4015, com.android.chrome/org.chromium.chrome.browser.media.router.caf.remoting.CafExpandedControllerActivity, 
12240|1, 12240|458, 12328|494, 12392|534, 12392|1265, 12424|1310, 12424|1462, 12464|1484, 12528|1520, 12528|3188, 12392|3294, 12392|3476, 12280|3499, 12256|3535, 12256|3915, 12248|3956, 12248|4003, com.android.chrome/org.chromium.chrome.browser.preferences.Preferences, 
12248|1, 12272|85, 12272|959, 12360|994, 12360|1100, 12520|1135, 12520|2943, 12504|2977, 12504|3042, 12520|3065, 12520|3946, 12424|3974, 12320|3996, 12320|4034, com.android.chrome/org.chromium.chrome.browser.preferences.Preferences, 
12240|1, 12240|416, 12368|448, 12368|1391, 12624|1421, 12768|1455, 12768|2424, 12816|2456, 12816|2535, 12840|2579, 12840|3114, 12640|3176, 12640|3405, 12288|3439, 12288|3550, 12240|3586, 12240|4010, com.android.chrome/org.chromium.chrome.browser.customtabs.CustomTabActivity, 
12240|1, 12272|66, 12272|1000, 12384|1023, 12520|1055, 12520|3010, 12512|3044, 12512|3189, 12376|3298, 12376|3571, 12368|3602, 12368|4011, com.android.chrome/org.chromium.chrome.browser.preferences.Preferences, 
12240|1, 12240|444, 12288|509, 12288|1470, 12656|1496, 12816|1546, 12816|2225, 12848|2259, 12848|2485, 12928|2526, 12928|2648, 12944|2688, 12944|3159, 12608|3240, 12608|3467, 12256|3502, 12256|3870, 12240|3897, 12240|4010, com.android.chrome/org.chromium.chrome.browser.searchwidget.SearchActivity, 
12264|1, 12264|367, 12464|420, 12464|914, 12680|948, 12704|1013, 12704|1933, 12744|1984, 12744|2938, 12728|2966, 12728|3174, 12320|3270, 12320|3908, 12240|3954, 12240|4006, com.android.chrome/org.chromium.chrome.browser.firstrun.FirstRunActivity, 
12232|1, 12232|291, 12280|323, 12336|353, 12336|1181, 12416|1210, 12416|1317, 12488|1343, 12488|1429, 12512|1449, 12512|2322, 12504|2356, 12504|3073, 12368|3121, 12368|3312, 12216|3347, 12216|4015, com.android.chrome/org.chromium.chrome.browser.history.HistoryActivity, 
12256|1, 12256|775, 12248|801, 12248|932, 12400|963, 12368|989, 12368|2960, 12360|2996, 12360|3939, 12272|3978, 12216|4007, com.android.chrome/org.chromium.chrome.browser.preferences.website.ManageSpaceActivity, 
12216|1, 12216|412, 12344|451, 12384|485, 12384|1154, 12408|1199, 12408|1440, 12448|1460, 12448|1652, 12472|1689, 12472|3177, 12336|3209, 12336|3436, 12192|3458, 12216|3488, 12216|4010, com.android.chrome/org.chromium.chrome.browser.sync.ui.PassphraseActivity, 
12216|1, 12248|76, 12248|970, 12472|1011, 12504|1052, 12504|3008, 12496|3030, 12496|3161, 12360|3192, 12280|4002, com.android.chrome/org.chromium.chrome.browser.history.HistoryActivity, 
12216|1, 12216|494, 12376|610, 12376|954, 12424|985, 12424|1472, 12448|1504, 12472|1534, 12472|3183, 12336|3223, 12336|3507, 12208|3538, 12208|3652, 12216|3685, 12216|4020, com.android.chrome/org.chromium.chrome.browser.sync.ui.PassphraseActivity, 
12216|1, 12256|106, 12256|963, 12688|1017, 12672|1110, 12672|2002, 12880|2057, 12880|3001, 12888|3038, 12888|3170, 12616|3218, 12616|3819, 12600|3882, 12248|4031, com.android.chrome/org.chromium.chrome.browser.incognito.IncognitoTabLauncher, 
12248|1, 12248|445, 12280|489, 12408|529, 12408|705, 12608|837, 12608|1455, 12784|1500, 12784|2480, 12872|2502, 12872|3193, 12464|3289, 12464|3466, 12280|3500, 12280|3842, 12264|3880, 12264|4034, com.android.chrome/org.chromium.chrome.browser.customtabs.CustomTabActivity, 
12288|1, 12288|903, 12744|970, 12744|1938, 12872|1974, 12872|2945, 12880|2967, 12880|3130, 12472|3226, 12472|3738, 12456|3781, 12456|3949, 12264|3982, 12264|4019, com.android.chrome/org.chromium.chrome.browser.customtabs.CustomTabActivity, 
12264|1, 12264|395, 12416|451, 12488|477, 12488|1434, 12480|1459, 12648|1485, 12776|1519, 12776|3175, 12304|3275, 12304|3446, 12288|3485, 12288|4004, com.android.chrome/org.chromium.chrome.browser.firstrun.FirstRunActivity, 
12280|1, 12288|89, 12288|921, 12816|1021, 12816|1937, 12872|2001, 12960|2042, 12960|2217, 12984|2259, 12984|3275, 12576|3353, 12576|3839, 12552|3885, 12264|4017, com.android.chrome/org.chromium.chrome.browser.searchwidget.SearchActivity, 
12264|1, 12264|332, 12392|383, 12392|790, 12592|881, 12592|1342, 12816|1378, 12800|1422, 12800|2358, 12808|2387, 12808|2408, 12872|2450, 12872|3119, 12464|3260, 12464|3344, 12304|3385, 12304|3661, 12296|3685, 12296|4016, com.android.chrome/org.chromium.chrome.browser.customtabs.CustomTabActivity, 
12304|1, 12304|859, 12288|893, 12632|935, 12632|1912, 12640|1937, 12640|3157, 12504|3259, 12504|3541, 12496|3570, 12496|3914, 12392|3949, 12392|4008, com.android.chrome/org.chromium.chrome.browser.bookmarks.BookmarkAddActivity, 
12264|1, 12264|405, 12320|439, 12360|474, 12360|1415, 12800|1457, 12800|2250, 12840|2287, 12840|2409, 12944|2463, 12944|3236, 12536|3323, 12536|3372, 12432|3437, 12256|3484, 12256|4015, com.android.chrome/org.chromium.chrome.browser.searchwidget.SearchActivity, 
12256|1, 12256|802, 12608|900, 12608|1819, 12816|1860, 12816|2339, 12824|2370, 12824|2808, 12888|2856, 12888|3100, 12752|3157, 12616|3219, 12616|3845, 12272|3885, 12272|4009, com.android.chrome/org.chromium.chrome.browser.incognito.IncognitoTabLauncher, 
12264|1, 12264|348, 12376|377, 12376|1183, 12392|1216, 12392|1340, 12464|1365, 12544|1400, 12544|3153, 12408|3258, 12408|3361, 12400|3396, 12304|3426, 12304|3494, 12280|3543, 12280|4002, com.android.chrome/org.chromium.chrome.browser.preferences.Preferences, 
12304|1, 12304|877, 12336|916, 12416|936, 12416|2873, 12408|2912, 12408|3580, 12400|3618, 12400|3888, 12288|3922, 12288|4007, com.android.chrome/org.chromium.chrome.browser.preferences.website.ManageSpaceActivity, 
12288|1, 12288|412, 12456|453, 12504|501, 12504|1397, 12624|1441, 12696|1479, 12800|1505, 12800|1894, 12832|1935, 12832|2418, 12856|2447, 12872|2481, 12872|3195, 12464|3308, 12464|3434, 12312|3463, 12312|3564, 12296|3604, 12296|4020, com.android.chrome/org.chromium.chrome.browser.customtabs.PaymentHandlerActivity, 
12288|1, 12288|898, 12656|1015, 12656|1961, 12760|2002, 12760|2038, 12832|2066, 12832|2493, 12840|2534, 12840|2937, 12904|2980, 12904|3137, 12568|3208, 12568|3832, 12544|3869, 12544|3928, 12424|3966, 12272|4003, com.android.chrome/org.chromium.chrome.browser.incognito.IncognitoTabLauncher, 
12272|1, 12272|429, 12312|465, 12336|489, 12336|858, 12384|893, 12384|2423, 12376|2453, 12376|3436, 12272|3461, 12272|4045, com.android.chrome/org.chromium.chrome.browser.media.router.caf.remoting.CafExpandedControllerActivity, 
12328|1, 12328|836, 12768|943, 12768|1892, 12816|1929, 12840|1964, 12840|2148, 12896|2193, 12896|3105, 12696|3168, 12696|3529, 12616|3567, 12616|3831, 12520|3874, 12280|3911, 12280|4038, com.android.chrome/org.chromium.chrome.browser.customtabs.PaymentHandlerActivity, 
12280|1, 12280|362, 12392|422, 12392|1340, 12832|1479, 12832|2354, 12912|2398, 12912|2648, 12920|2712, 12920|3097, 12512|3171, 12512|3364, 12296|3415, 12296|4011, com.android.chrome/org.chromium.chrome.browser.incognito.IncognitoTabLauncher, 
12304|1, 12304|411, 12504|485, 12504|818, 12592|874, 12744|985, 12744|1837, 12800|1870, 12888|1900, 12888|2084, 12904|2121, 12904|2860, 12888|2900, 12888|3238, 12480|3311, 12480|3646, 12456|3691, 12456|3865, 12408|3901, 12280|3951, 12280|4054, com.android.chrome/org.chromium.chrome.browser.customtabs.PaymentHandlerActivity, 
12280|1, 12280|224, 12360|277, 12360|1209, 12688|1257, 12864|1326, 12864|2200, 12920|2235, 12976|2265, 12992|2296, 12992|3094, 12792|3191, 12592|3227, 12544|3259, 12400|3317, 12400|4024, com.android.chrome/org.chromium.chrome.browser.searchwidget.SearchActivity, 
12280|1, 12280|578, 12392|653, 12448|689, 12448|1405, 12544|1455, 12544|1647, 12536|1694, 12536|2645, 12528|2677, 12528|3167, 12392|3236, 12392|3622, 12408|3661, 12272|3703, 12272|4044, com.android.chrome/org.chromium.chrome.browser.sync.ui.PassphraseActivity, 
12272|1, 12272|191, 12368|233, 12368|587, 12384|624, 12384|1196, 12376|1227, 12376|3194, 12360|3232, 12272|3259, 12272|3548, 12280|3587, 12280|4017, com.android.chrome/org.chromium.chrome.browser.media.router.caf.remoting.CafExpandedControllerActivity, 
12280|1, 12280|588, 12480|737, 12480|783, 12616|835, 12736|937, 12736|1808, 12824|1842, 12864|1877, 12864|3204, 12456|3285, 12456|3645, 12448|3685, 12448|3813, 12264|3866, 12264|4029, com.android.chrome/org.chromium.chrome.browser.customtabs.CustomTabActivity, 
12264|1, 12264|263, 12360|304, 12360|1028, 12448|1053, 12448|1260, 12488|1291, 12496|1319, 12496|1403, 12520|1457, 12520|3140, 12384|3200, 12384|3274, 12288|3307, 12288|3765, 12272|3796, 12272|4005, com.android.chrome/org.chromium.chrome.browser.sync.ui.PassphraseActivity, 
12272|1, 12272|786, 12256|810, 12272|839, 12344|871, 12344|2817, 12336|2852, 12336|3802, 12344|3837, 12248|3871, 12248|4020, com.android.chrome/org.chromium.chrome.browser.media.router.caf.remoting.CafExpandedControllerActivity, 
12232|1, 12232|234, 12312|274, 12328|328, 12328|1229, 12528|1269, 12760|1302, 12760|1887, 12768|1925, 12768|2279, 12832|2338, 12832|3065, 12560|3144, 12560|3265, 12256|3298, 12256|3493, 12232|3533, 12232|4004, com.android.chrome/org.chromium.chrome.browser.customtabs.PaymentHandlerActivity, 
12248|1, 12248|837, 12488|876, 12488|2817, 12480|2848, 12480|3152, 12344|3196, 12344|3723, 12336|3764, 12336|3832, 12232|3857, 12232|4026, com.android.chrome/org.chromium.chrome.browser.sync.ui.PassphraseActivity, 
12232|1, 12232|389, 12384|465, 12384|910, 12400|957, 12400|1404, 12488|1437, 12488|3206, 12288|3236, 12288|3412, 12256|3448, 12256|3588, 12232|3623, 12232|4027, com.android.chrome/org.chromium.chrome.browser.sync.ui.PassphraseActivity, 
12232|1, 12264|70, 12264|998, 12320|1035, 12336|1068, 12336|1113, 12488|1163, 12488|3010, 12480|3046, 12480|3155, 12344|3227, 12344|4025, com.android.chrome/org.chromium.chrome.browser.sync.ui.PassphraseActivity, 
12224|1, 12224|497, 12424|547, 12448|597, 12448|1541, 12744|1583, 12768|1620, 12768|2552, 12776|2581, 12776|2712, 12832|2747, 12832|3174, 12496|3238, 12496|3561, 12328|3595, 12328|3789, 12264|3828, 12264|3851, 12224|3887, 12224|4021, com.android.chrome/org.chromium.chrome.browser.customtabs.PaymentHandlerActivity, 
12224|1, 12312|86, 12328|136, 12328|682, 12320|715, 12320|1054, 12336|1090, 12360|1124, 12360|1390, 12384|1423, 12384|3073, 12392|3107, 12392|4006, com.android.chrome/org.chromium.chrome.browser.preferences.website.ManageSpaceActivity, 
12232|1, 12232|576, 12224|623, 12224|897, 12424|972, 12424|1591, 12568|1619, 12392|1648, 12392|2598, 12456|2633, 12456|3171, 12184|3232, 12184|3590, 12000|3626, 12000|3691, 11992|3725, 11992|4016, com.android.chrome/org.chromium.chrome.browser.customtabs.CustomTabActivity, 
11848|1, 11848|103, 11832|133, 11840|159, 11840|935, 11856|988, 11856|1145, 11880|1177, 11880|1270, 11952|1296, 11952|3120, 11944|3154, 11944|4001, com.android.chrome/org.chromium.chrome.browser.media.router.caf.remoting.CafExpandedControllerActivity, 
11848|1, 11848|563, 12152|641, 12152|1555, 12208|1595, 12384|1626, 12384|2600, 12440|2629, 12440|3187, 12032|3299, 12032|3544, 12016|3581, 11928|3604, 11840|3642, 11840|4001, com.android.chrome/org.chromium.chrome.browser.customtabs.PaymentHandlerActivity, 
11848|1, 11880|65, 11880|740, 11944|762, 11944|983, 11960|1016, 11960|1104, 11992|1137, 11992|2949, 11984|2989, 11984|3638, 11976|3665, 11976|3949, 11864|3984, 11832|4020, com.android.chrome/org.chromium.chrome.browser.preferences.website.ManageSpaceActivity, 
11840|1, 11840|472, 11856|506, 11936|548, 11936|788, 11992|810, 11992|3502, 11880|3537, 11880|4021, com.android.chrome/org.chromium.chrome.browser.preferences.website.ManageSpaceActivity, 
11880|1, 11872|80, 11872|1109, 11952|1148, 11952|3011, 11944|3048, 11944|4027, com.android.chrome/org.chromium.chrome.browser.media.router.caf.remoting.CafExpandedControllerActivity, 
11840|1, 11840|573, 12072|649, 12072|1566, 12416|1612, 12424|1642, 12424|1958, 12448|1993, 12448|2589, 12456|2612, 12456|3154, 12048|3271, 12048|3588, 11896|3616, 11896|4021, com.android.chrome/org.chromium.chrome.browser.customtabs.CustomTabActivity, 
11896|1, 11856|117, 11864|162, 11864|701, 12064|775, 12064|1039, 12088|1094, 12360|1149, 12360|2101, 12432|2137, 12432|3116, 12440|3153, 12440|3258, 12168|3333, 12168|4006, com.android.chrome/org.chromium.chrome.browser.customtabs.CustomTabActivity, 
11840|1, 11840|523, 11976|548, 11920|581, 11920|705, 11952|743, 11952|2536, 11944|2572, 11944|3529, 11840|3557, 11840|4016, com.android.chrome/org.chromium.chrome.browser.media.router.caf.remoting.CafExpandedControllerActivity, 
11840|1, 11864|68, 11864|686, 12064|784, 12064|954, 12312|1042, 12312|1991, 12440|2025, 12440|2984, 12448|3014, 12448|3192, 12176|3312, 11928|4008, com.android.chrome/org.chromium.chrome.browser.customtabs.CustomTabActivity, 
