366592|1, 366592|215, 366620|222, 366656|231, 366656|311, 365768|319, 365768|732, 365844|747, 365844|1108, 365992|1125, 365992|1132, 365844|1141, 365844|1211, 365868|1216, 365872|1231, 365872|1620, long_press_character, 
365872|1, 366752|46, 366752|263, 366800|272, 366800|510, 365764|519, 365764|531, 366060|542, 366060|552, 365912|559, 365912|573, 365764|584, 365764|590, 365796|596, 365796|608, 365840|614, 365840|626, 365988|631, 365988|637, 365840|644, 365840|662, 365988|668, 365988|675, 365840|681, 365840|1117, 365776|1129, 365776|1321, 365856|1329, 365856|1601, 365868|1611, 365880|1619, 365880|1781, 366028|1788, 366028|1802, 365880|1821, 365880|1946, short_swipe, 
365880|1, 366760|48, 366760|446, 366168|461, 365872|469, 365872|650, 365912|656, 365928|662, 365928|1373, 365960|1383, 365960|1661, 365912|1669, 365912|1730, 366060|1735, 366060|1753, 365912|1760, 365912|1862, long_swipe, 
365912|1, 366652|63, 366652|303, 366708|310, 366708|618, 365820|626, 365820|786, 365780|794, 365892|802, 365892|1710, 365984|1717, 365984|1788, 365920|1809, 365920|1923, long_press_character, 
365920|1, 366800|41, 366800|285, 366780|292, 366780|454, 366484|461, 365892|469, 365892|784, 366040|799, 366040|806, 366336|812, 366484|817, 366632|823, 366780|828, 366928|834, 366928|857, 366832|863, 366832|874, 366776|881, 366776|1295, 366332|1302, 365888|1309, 365888|1423, 366036|1428, 366036|1759, 366184|1770, 366184|1781, 366036|1789, 366036|1865, tap_regular_character, 
366036|1, 366864|52, 366864|530, 365976|536, 365976|986, 365956|996, 365908|1010, 365988|1034, 365988|1397, 365996|1405, 365996|1781, 366144|1787, 366144|1805, 365996|1831, 365996|1907, long_swipe, 
365996|1, 366732|35, 366732|95, 366668|102, 366668|114, 366672|120, 366672|320, 366848|326, 366848|513, 365960|526, 365960|1086, 365968|1093, 365916|1099, 365916|1146, 365936|1155, 365936|1777, 366084|1783, 366084|1810, 365936|1816, 366672|1978, short_swipe, 
366672|1, 366892|45, 366892|124, 366856|132, 366848|140, 366848|446, 365960|458, 365960|1116, 365952|1122, 365952|1135, 365956|1142, 365932|1149, 365932|1844, long_swipe, 
365932|1, 366740|27, 366740|277, 366708|284, 366784|292, 366784|507, 366044|515, 365896|524, 365896|534, 366044|541, 366044|829, 365896|838, 365896|856, 366044|864, 366340|871, 366488|876, 366636|884, 366636|896, 366784|903, 366784|1260, 366728|1265, 366728|1277, 366704|1285, 366792|1292, 366792|1368, 366348|1374, 365904|1382, 365904|1857, tap_regular_character, 
365904|1, 366124|30, 366344|35, 366564|43, 366784|55, 366784|298, 366764|309, 366764|429, 366816|435, 366816|440, 366804|448, 366804|567, 365916|579, 365916|930, 366064|939, 366360|946, 366508|955, 366804|961, 366804|1409, 366748|1415, 366008|1421, 365980|1429, 365980|1810, 366128|1822, 366128|1829, 365980|1838, 365980|1903, tap_regular_character, 
365980|1, 366720|44, 366720|488, 365980|494, 365980|506, 365860|512, 365860|518, 365956|524, 365956|529, 365996|535, 365996|790, 366144|796, 366440|803, 366736|810, 366736|1259, 365996|1266, 365996|1510, 366012|1517, 366008|1525, 365996|1531, 365996|1767, 365964|1779, 365964|1953, tap_shift, 
365964|1, 366700|34, 366700|509, 365960|517, 365960|570, 365956|576, 365972|581, 365972|1041, 365976|1062, 365976|1567, 365932|1577, 365952|1584, 365952|1763, 366100|1771, 366100|1779, 365880|1791, 365880|1883, long_press_character, 
365880|1, 366760|51, 366760|399, 366716|409, 366716|470, 365828|478, 365828|671, 365892|677, 365892|683, 365900|689, 366016|699, 366016|1558, 365960|1567, 365960|1686, 365948|1691, 365948|1719, 365960|1726, 365960|1773, 366108|1779, 366108|1790, 365960|1796, 365960|1907, long_press_character, 
365960|1, 366840|29, 366840|293, 366820|303, 366820|482, 366080|490, 366080|767, 366052|776, 366052|783, 365992|791, 365992|798, 365964|805, 365964|836, 366112|842, 366260|848, 366556|854, 366704|859, 366852|865, 366852|1300, 366704|1306, 365964|1313, 365964|1760, 366112|1766, 366112|1777, 366116|1783, 365948|1790, 365948|1860, tap_shift, 
365948|1, 366392|36, 366540|42, 366540|340, 366728|346, 366728|557, 365988|562, 365840|570, 365840|909, 365940|916, 365940|923, 366016|934, 366016|1458, 366024|1467, 366024|1946, long_swipe, 
366024|1, 366748|32, 366748|465, 366156|471, 365860|480, 365860|891, 365944|905, 365944|971, 366028|978, 366028|990, 366032|998, 366032|1759, 366180|1765, 366180|1783, 366032|1794, 366032|1876, long_press_character, 
366032|1, 366476|39, 366772|44, 366920|50, 366920|99, 366944|109, 366836|119, 366836|518, 366540|525, 365948|532, 365948|1109, 365944|1115, 365944|1146, 365956|1154, 365956|1805, 366104|1810, 366104|1822, 365956|1831, 365956|1901, short_swipe, 
365956|1, 366836|64, 366836|195, 366808|203, 366808|211, 366820|219, 366820|511, 365932|521, 365932|834, 366080|840, 366376|845, 366524|851, 366672|857, 366672|1184, 366760|1190, 366760|1207, 366764|1213, 366816|1219, 366816|1360, 365928|1368, 365928|1778, 366076|1784, 366076|1919, tap_shift, 
366076|1, 366964|41, 366964|262, 366900|275, 366840|287, 366840|293, 366812|299, 366812|457, 365924|463, 365924|773, 366220|781, 366368|789, 366664|797, 366812|805, 366812|1251, 366368|1264, 365924|1271, 365924|1278, 365936|1284, 365936|1290, 366012|1295, 366012|1774, 366016|1782, 366016|1795, 365868|1807, 365868|1890, tap_shift, 
365868|1, 366456|39, 366676|45, 366676|317, 366824|330, 366824|395, 366876|401, 366812|407, 366812|643, 365924|649, 365924|1324, 365860|1332, 365860|1392, 365864|1399, 365960|1405, 365960|1780, 366108|1787, 366108|1803, 365960|1814, 365960|1927, short_swipe, 
365960|1, 366620|38, 366620|328, 366644|336, 366644|464, 366740|469, 366740|475, 366828|481, 366828|488, 366680|494, 365940|502, 365940|1143, 365988|1150, 365988|1464, 365980|1469, 365980|1475, 365972|1481, 365972|1739, 366120|1747, 366120|1762, 365972|1774, 365972|1862, short_swipe, 
365972|1, 366416|32, 366712|40, 366860|50, 366860|539, 365972|558, 365972|605, 365964|612, 365944|620, 365944|1583, 366032|1594, 366032|1606, 366048|1611, 366048|1627, 365984|1638, 365984|1816, 366132|1822, 366132|1842, 365984|1851, 365984|1940, long_press_character, 
365984|1, 366644|26, 366864|32, 366864|286, 366844|292, 366844|522, 366104|528, 366104|664, 366084|670, 366084|676, 366064|682, 366064|1188, 366020|1198, 366020|1667, 365964|1672, 365964|1678, 365980|1683, 365980|1784, 366128|1797, 366128|1805, 365980|1818, 365980|1876, short_swipe, 
365980|1, 366720|39, 366868|46, 366868|520, 366276|533, 365980|542, 365980|554, 366128|560, 366128|590, 365980|595, 365980|644, 366128|655, 366128|660, 365980|666, 365980|684, 366128|689, 366128|696, 365980|702, 365980|768, 365996|784, 366036|801, 366008|808, 366008|858, 366304|863, 366304|872, 366600|878, 366748|885, 366748|1335, 366008|1341, 366008|1360, 366156|1366, 366156|1783, 366052|1790, 365976|1806, 365980|1813, 365980|1906, tap_regular_character, 
365980|1, 366720|43, 366720|484, 366276|490, 365980|498, 365980|873, 365864|881, 365864|894, 365968|901, 365968|907, 365996|913, 365996|1798, 366144|1804, 366144|1816, 365996|1828, 365996|1950, short_swipe, 
365996|1, 366764|30, 366764|405, 366860|411, 366860|532, 366712|538, 365972|544, 365972|884, 366120|889, 366268|895, 366416|901, 366564|907, 366712|912, 366860|918, 366860|937, 366892|945, 366868|957, 366868|1406, 365980|1414, 365980|1728, 366128|1734, 366128|1758, 365980|1765, 365980|1816, tap_shift, 
365980|1, 365980|31, 366128|37, 366424|42, 366572|48, 366720|53, 366720|108, 366776|117, 366796|129, 366856|137, 366856|516, 366560|522, 365968|529, 365968|1106, 365972|1116, 365972|1132, 366052|1141, 366052|1361, 365988|1369, 365988|1806, 366136|1817, 366136|1825, 365988|1864, 365988|1913, long_swipe, 
365988|1, 366800|40, 366800|219, 366852|231, 366848|237, 366848|512, 366404|518, 365960|526, 365960|820, 366180|830, 366400|842, 366840|851, 366840|1038, 366820|1045, 366820|1196, 366752|1205, 366824|1216, 366824|1222, 366844|1227, 366844|1323, 365956|1338, 365956|1764, 366104|1770, 366104|1886, tap_shift, 
366104|1, 366768|25, 366768|315, 366732|322, 366852|329, 366852|337, 366848|345, 366848|463, 366700|479, 365960|486, 365960|1317, 365952|1323, 365952|1329, 366028|1335, 365980|1342, 365980|1776, 366128|1788, 366128|1800, 365980|1821, 365980|1898, long_press_character, 
365980|1, 366860|32, 366860|290, 366840|297, 366840|430, 366880|435, 366872|442, 366872|505, 365984|511, 365984|1148, 365888|1160, 365888|1427, 365948|1433, 365948|1452, 365988|1459, 365988|1776, 366136|1784, 366136|1790, 365988|1803, 365988|1897, short_swipe, 
365988|1, 366652|31, 366652|132, 366432|141, 366432|404, 366592|418, 366592|476, 366296|483, 365704|492, 365704|534, 365732|542, 365792|549, 365792|1198, 365828|1214, 365828|1533, 365836|1539, 365836|1545, 365768|1553, 365768|1767, 365916|1773, 365916|1784, 365768|1792, 365768|1890, long_press_character, 
365768|1, 366504|25, 366504|503, 365764|513, 365764|637, 365772|648, 365772|653, 365844|659, 365844|824, 365992|830, 366140|836, 366288|841, 366584|847, 366732|853, 366732|1343, 365844|1356, 365844|1644, 365860|1649, 365800|1655, 365772|1661, 365772|1775, 365920|1781, 365920|1798, 365772|1805, 365772|1888, tap_shift, 
365772|1, 366660|40, 366660|487, 366068|494, 365772|502, 365772|744, 365740|756, 365740|761, 365832|769, 365832|1758, 365836|1765, 365804|1772, 365804|1900, long_press_character, 
365804|1, 366692|33, 366692|489, 365804|497, 365804|516, 365952|522, 365952|549, 365804|555, 365804|604, 365952|616, 365952|627, 365804|633, 365804|650, 365952|656, 365952|662, 365804|669, 365804|846, 365812|858, 365852|869, 365828|889, 365916|1910, long_swipe, 
365916|1, 366656|28, 366656|479, 365768|485, 365768|848, 365916|858, 365768|869, 365768|936, 365804|944, 365808|951, 365808|964, 365768|970, 365768|1760, 365916|1775, 365916|1785, 365768|1795, 365768|1888, short_swipe, 
365768|1, 366360|23, 366508|30, 366508|58, 366504|64, 366504|70, 366512|78, 366512|444, 366684|449, 366684|510, 365944|518, 365796|533, 365796|1036, 365800|1055, 365828|1074, 365828|1589, 365768|1599, 365768|1772, 365916|1778, 365916|1789, 365768|1796, 365768|1893, long_swipe, 
365768|1, 365988|31, 366208|37, 366208|42, 366428|48, 366428|54, 366648|60, 366648|180, 366676|186, 366676|232, 366684|240, 366684|288, 366664|294, 366664|606, 365776|612, 365776|914, 365924|922, 365924|930, 366072|939, 366368|946, 366516|954, 366664|960, 366664|1156, 366636|1162, 366636|1179, 366604|1185, 366604|1203, 366632|1210, 366632|1450, 366188|1458, 365744|1473, 365744|1790, 365892|1799, 365892|1819, 365744|1826, 365892|1884, tap_regular_character, 
365892|1, 366480|52, 366480|280, 366484|286, 366564|292, 366564|298, 366504|304, 366504|310, 366640|318, 366640|507, 365900|516, 365752|532, 365752|1276, 365760|1282, 365760|1288, 365768|1293, 365768|1330, 365788|1336, 365788|1801, 365936|1807, 365936|1820, 365788|1829, 365788|1940, long_swipe, 
365788|1, 366524|32, 366524|355, 366528|361, 366528|368, 366616|374, 366616|485, 365876|491, 365876|1334, 365796|1340, 365796|1356, 365776|1363, 365776|1861, long_swipe, 
365776|1, 365776|50, 365996|56, 366216|61, 366216|67, 366436|72, 366436|78, 366656|83, 366656|300, 366624|309, 366624|486, 366580|494, 366636|508, 366636|568, 366488|574, 365748|581, 365748|1489, 365772|1496, 365772|1791, 365920|1797, 365920|1814, 365772|1840, 365772|1920, short_swipe, 
365772|1, 366432|27, 366432|473, 366136|482, 365692|495, 365692|570, 365732|576, 365660|581, 365660|647, 365840|654, 365840|1041, 365776|1050, 365776|1097, 365744|1106, 365744|1580, 365792|1585, 365792|1773, 365940|1786, 365792|1811, 365792|1872, short_swipe, 
365792|1, 365792|37, 366012|41, 366012|58, 366232|63, 366232|69, 366452|74, 366452|79, 366672|85, 366672|259, 366652|272, 366652|617, 366504|623, 365912|631, 365912|696, 365832|701, 365832|707, 365772|714, 365772|1120, 365804|1132, 365804|1698, 365776|1710, 365788|1716, 365788|1786, 365936|1791, 365936|1803, 365788|1810, 365788|1900, long_press_character, 
365788|1, 366676|43, 366676|517, 365788|530, 365788|809, 365836|818, 365836|842, 365984|850, 366280|857, 366428|864, 366576|870, 366576|1344, 365688|1351, 365688|1528, 365836|1534, 365836|1795, 365844|1801, 365844|1808, 365824|1820, 365824|1865, tap_shift, 
365824|1, 366564|41, 366564|477, 366416|483, 365676|491, 365676|923, 365660|930, 365660|942, 365720|948, 365720|1101, 365788|1115, 365788|1796, 365936|1802, 365936|1814, 365788|1822, 365788|1919, short_swipe, 
365788|1, 366668|30, 366668|497, 366520|504, 365780|512, 365780|1009, 365844|1018, 365808|1026, 365796|1041, 365796|1773, 365944|1783, 365944|1793, 365796|1815, 365796|1897, short_swipe, 
365796|1, 366532|37, 366532|122, 366524|130, 366652|138, 366652|480, 366060|487, 365764|494, 365764|802, 365912|809, 366356|824, 366504|832, 366652|852, 366652|1113, 366664|1119, 366660|1125, 366660|1284, 365772|1290, 365772|1770, 365920|1776, 365920|1798, 365772|1805, 365772|1871, tap_regular_character, 
365772|1, 366660|39, 366660|238, 366608|244, 366608|256, 366612|262, 366660|269, 366660|482, 366068|488, 365772|495, 365772|866, 366212|873, 366652|886, 366652|1238, 366588|1254, 366612|1261, 366672|1267, 366672|1358, 365784|1367, 365784|1756, 365932|1770, 365932|1788, 366080|1794, 366080|1811, 365932|1818, 365932|1869, tap_regular_character, 
365932|1, 366524|28, 366672|35, 366820|42, 366820|373, 366756|379, 366756|386, 366680|392, 366672|399, 366672|500, 366524|508, 365784|517, 365784|1282, 365864|1299, 365864|1407, 365808|1415, 365808|1813, 365956|1821, 365956|1841, 365808|1855, 365808|1934, short_swipe, 
365808|1, 366548|38, 366548|286, 366728|292, 366728|448, 366648|455, 366624|464, 366624|516, 366180|522, 365736|529, 365736|1422, 365776|1430, 365776|1457, 365796|1465, 365796|1495, 365792|1502, 365792|1789, 365940|1803, 365792|1816, 365792|1915, long_swipe, 
365792|1, 366672|25, 366672|298, 366660|311, 366660|546, 366704|552, 366704|580, 366260|586, 365816|594, 365816|606, 365784|614, 365784|1535, 365800|1541, 365800|1546, 365824|1552, 365824|1883, long_press_character, 
365824|1, 366488|37, 366488|421, 366660|429, 366660|557, 365920|564, 365920|654, 365848|659, 365848|665, 365840|671, 365840|902, 366284|914, 366580|921, 366728|928, 366728|1370, 365840|1378, 365840|1636, 365824|1643, 365824|1654, 365808|1660, 365824|1667, 365824|1799, 365972|1811, 365972|1817, 365824|1823, 365824|1890, tap_shift, 
365824|1, 366564|32, 366564|483, 365972|489, 365824|497, 365824|756, 365852|766, 365872|773, 365816|782, 365816|796, 365964|803, 366112|809, 366408|815, 366556|822, 366704|830, 366704|1271, 365816|1277, 365816|1748, 365860|1760, 365840|1768, 365840|1775, 365832|1781, 365832|1790, 365980|1798, 365984|1808, 365984|1819, 365836|1831, 365836|1906, tap_shift, 
365836|1, 365836|54, 366056|66, 366276|72, 366276|78, 366496|84, 366716|91, 366716|322, 366696|332, 366696|644, 366548|650, 365808|658, 365808|851, 365780|858, 365788|865, 365856|884, 365856|992, 366152|999, 366448|1013, 366596|1028, 366596|1464, 366152|1470, 365856|1479, 365856|1838, 365708|1850, 365684|1858, 365792|1898, tap_regular_character, 
365792|1, 366532|27, 366680|32, 366680|508, 365792|514, 365792|960, 365876|968, 365876|982, 365840|989, 365840|1011, 365852|1021, 365852|1598, 365856|1607, 365856|1791, 366004|1797, 366004|1824, 365856|1834, 365856|1925, long_press_character, 
365856|1, 366076|36, 366240|46, 366240|53, 366492|61, 366712|68, 366712|602, 366492|609, 365832|617, 365832|658, 365892|668, 365892|1024, 365860|1030, 365860|1084, 365852|1092, 365852|1774, 366000|1780, 366000|1802, 365852|1821, 365852|1905, long_press_character, 
365852|1, 366296|37, 366444|43, 366592|48, 366592|74, 366740|82, 366740|134, 366688|140, 366688|146, 366656|159, 366656|527, 365768|542, 365768|1137, 365764|1143, 365852|1151, 365852|1781, 366000|1789, 366000|1802, 365852|1816, 365852|1882, long_press_character, 
365852|1, 366292|39, 366512|49, 366732|61, 366732|251, 366764|257, 366764|280, 366724|287, 366724|318, 366704|328, 366704|504, 366112|510, 365816|518, 365816|602, 365964|610, 365964|1127, 365916|1138, 365916|1251, 365856|1258, 365856|1312, 365804|1320, 365804|1792, 365952|1799, 365952|1813, 365804|1827, 365804|1911, short_swipe, 
365804|1, 366464|41, 366684|47, 366684|258, 366652|268, 366652|341, 366648|348, 366648|355, 366668|363, 366668|563, 365780|577, 365780|1215, 365716|1224, 365716|1344, 365748|1350, 365752|1356, 365752|1389, 365804|1395, 365804|1776, 365952|1795, 365952|1816, 365804|1825, 365804|1882, short_swipe, 
365804|1, 366024|31, 366244|37, 366464|45, 366684|51, 366684|459, 366668|465, 366668|471, 366676|478, 366676|539, 365788|545, 365788|1183, 365816|1192, 365816|1459, 365872|1467, 365872|1474, 365816|1482, 365816|1806, 365964|1813, 365964|1821, 365816|1834, 365816|1907, short_swipe, 
365816|1, 366256|53, 366696|65, 366696|369, 366676|377, 366676|529, 365936|538, 365936|553, 365952|560, 365896|569, 365896|1330, 365832|1340, 365832|1534, 365792|1545, 365792|1559, 365816|1566, 365816|1573, 365812|1579, 365812|1812, 365960|1821, 365960|1834, 365812|1842, 365812|1902, long_swipe, 
365812|1, 366032|37, 366252|44, 366252|49, 366472|55, 366472|61, 366692|66, 366692|526, 365804|543, 365804|656, 365724|667, 365784|675, 365784|875, 365932|882, 366080|890, 366228|896, 366376|902, 366524|908, 366524|1390, 365784|1396, 365784|1643, 365852|1650, 365892|1664, 365880|1672, 365880|1893, tap_regular_character, 
365880|1, 366100|38, 366320|46, 366320|298, 366420|310, 366420|356, 366612|362, 366612|542, 366168|550, 365724|559, 365724|765, 365760|772, 365856|779, 365856|1713, 365880|1724, 365880|1763, 365820|1773, 365852|1785, 365852|1905, long_swipe, 
365852|1, 365852|39, 366148|49, 366444|54, 366592|59, 366592|560, 365852|574, 365852|856, 365856|865, 365840|872, 365840|895, 365988|904, 366284|909, 366432|918, 366580|924, 366580|1375, 365840|1382, 365840|1646, 365988|1653, 365988|1798, 366136|1805, 366136|1812, 365988|1820, 365892|1864, tap_regular_character, 
365892|1, 365872|32, 365872|42, 366020|50, 366316|57, 366464|63, 366760|75, 366760|518, 365872|534, 365872|985, 365840|992, 365904|1000, 365896|1010, 365896|1578, 365868|1585, 365868|1809, 366016|1819, 366016|1830, 365868|1848, 365868|1939, long_press_character, 
365868|1, 366748|38, 366748|56, 366768|65, 366768|118, 366728|126, 366728|475, 366136|481, 365840|488, 365840|1051, 365804|1060, 365888|1073, 365888|1530, 365884|1540, 365884|1780, 366032|1788, 366032|1799, 365884|1805, 365884|1878, long_swipe, 
365884|1, 366032|36, 366180|42, 366328|48, 366548|53, 366768|58, 366768|178, 366720|186, 366684|194, 366684|542, 365944|549, 365796|558, 365796|912, 366016|917, 366236|923, 366236|930, 366456|935, 366456|1172, 366464|1179, 366600|1187, 366692|1195, 366692|1419, 365804|1425, 365804|1782, 365952|1791, 365952|1805, 365804|1813, 365804|1868, tap_shift, 
365804|1, 366248|36, 366544|42, 366544|307, 366612|319, 366692|329, 366692|500, 366248|507, 365804|515, 365804|1160, 365808|1169, 365808|1312, 365824|1318, 365824|1324, 365844|1329, 365844|1802, 365992|1808, 365992|1820, 365844|1830, 365844|1914, short_swipe, 
365844|1, 366140|28, 366288|34, 366436|40, 366584|45, 366584|399, 366640|404, 366640|410, 366704|416, 366704|495, 365816|501, 365816|1118, 365752|1131, 365752|1393, 365760|1399, 365760|1410, 365756|1415, 365756|1426, 365852|1438, 365852|1777, 366000|1786, 366000|1792, 365852|1807, 365852|1875, short_swipe, 
365852|1, 365852|28, 366072|37, 366292|46, 366512|55, 366732|65, 366732|292, 366700|300, 366700|515, 365812|521, 365812|534, 365752|540, 365752|547, 365832|554, 365832|1247, 365836|1256, 365836|1526, 365848|1531, 365848|1537, 365852|1542, 365852|1799, 366000|1805, 366000|1823, 365852|1830, 365852|1918, short_swipe, 
365852|1, 366592|33, 366592|584, 366444|591, 365852|599, 365852|613, 365916|621, 365928|630, 365928|1607, 365932|1613, 365932|1629, 365856|1634, 365856|1765, 366004|1772, 366004|1778, 365856|1789, 365856|1851, long_press_character, 
365856|1, 365856|35, 366296|45, 366516|53, 366736|60, 366736|536, 365996|549, 365848|559, 365848|759, 365904|765, 365856|778, 365856|1497, 365896|1506, 365896|1758, 365904|1764, 365904|1778, 365848|1784, 365848|1822, 365996|1828, 365996|1839, 365848|1847, 365848|1932, long_swipe, 
365848|1, 366288|21, 366508|27, 366728|38, 366728|472, 366580|479, 365840|486, 365840|812, 365872|818, 365872|829, 365860|835, 365860|841, 365920|847, 365920|1816, 365888|1838, 365860|1901, long_press_character, 
365860|1, 366748|38, 366748|630, 366156|637, 365860|645, 365860|910, 366008|917, 366008|924, 365944|939, 365856|946, 365856|971, 366076|977, 366076|984, 366296|990, 366296|1002, 366516|1007, 366516|1318, 366692|1326, 366692|1538, 365952|1545, 365952|1866, 366100|1873, 366100|1880, 365952|1887, 365884|1933, tap_regular_character, 
365884|1, 365844|26, 365992|42, 366436|57, 366584|64, 366732|69, 366732|629, 366140|645, 365844|655, 365844|992, 365860|1000, 365860|1006, 365928|1013, 365904|1021, 365904|1740, 365832|1749, 365832|1802, 365980|1808, 365832|1821, 365832|1911, long_press_character, 
365832|1, 366272|19, 366272|25, 366492|30, 366492|35, 366712|42, 366712|84, 366792|90, 366792|96, 366760|102, 366760|515, 366612|528, 365872|542, 365872|898, 366092|904, 366092|909, 366312|915, 366312|920, 366532|926, 366532|931, 366752|943, 366752|1074, 366776|1085, 366760|1091, 366760|1108, 366692|1117, 366692|1465, 366544|1471, 365804|1479, 365804|1885, tap_regular_character, 
365804|1, 365804|25, 365952|30, 366100|36, 366320|42, 366540|49, 366540|191, 366588|200, 366588|218, 366672|227, 366672|291, 366704|304, 366704|512, 365816|519, 365816|867, 365964|881, 366112|886, 366260|892, 366408|898, 366556|903, 366704|909, 366704|1192, 366716|1198, 366716|1205, 366668|1212, 366712|1220, 366712|1363, 366416|1369, 365824|1376, 365824|1807, 365972|1816, 365972|1824, 365824|1837, 365824|1878, tap_regular_character, 
365824|1, 365972|29, 366120|38, 366268|45, 366416|51, 366564|57, 366564|313, 366604|319, 366604|325, 366664|331, 366664|337, 366724|343, 366724|516, 366132|521, 365836|529, 365836|843, 365984|858, 365984|867, 365836|877, 365836|1324, 365856|1335, 365868|1343, 365868|1913, short_swipe, 
365868|1, 366312|28, 366532|35, 366752|41, 366752|413, 366724|419, 366764|427, 366764|482, 366024|489, 365876|497, 365876|1237, 365904|1247, 365904|1439, 365864|1445, 365864|1795, 366012|1802, 366012|1811, 365864|1822, 365864|1897, long_press_character, 
365864|1, 366160|34, 366380|41, 366380|48, 366600|61, 366600|334, 366776|342, 366776|514, 366720|521, 366720|527, 366480|534, 365888|542, 365888|1397, 365856|1405, 365856|1527, 365848|1533, 365848|1796, 365996|1802, 365996|1826, 365848|1842, 365848|1931, long_swipe, 
365848|1, 366288|38, 366288|45, 366508|51, 366728|59, 366728|294, 366708|310, 366708|590, 366756|596, 366740|602, 366740|614, 365852|622, 365852|958, 366000|964, 366220|972, 366440|979, 366660|985, 366660|1310, 366640|1319, 366640|1454, 365900|1461, 365900|1573, 365876|1581, 365876|1588, 365892|1595, 365892|1609, 365916|1617, 365916|1876, tap_regular_character, 
365916|1, 366356|27, 366796|38, 366796|400, 366776|408, 366776|502, 366036|509, 366036|708, 365936|714, 365936|719, 365904|726, 365904|831, 366052|837, 366200|842, 366348|849, 366496|855, 366644|860, 366792|866, 366792|1350, 366132|1357, 365912|1364, 365912|1462, 365944|1469, 365944|1712, 365956|1718, 365892|1725, 365892|1731, 365856|1737, 365856|1819, 366004|1825, 366004|1842, 365856|1848, 365856|1889, tap_shift, 
365856|1, 365856|35, 366152|46, 366300|54, 366596|60, 366744|72, 366744|516, 365864|523, 365864|814, 365952|821, 365952|827, 365948|833, 365856|839, 366004|845, 366152|851, 366448|860, 366744|873, 366744|1345, 365856|1353, 365856|1812, 365948|1818, 365948|1836, 365952|1852, 365952|1911, tap_shift, 
365952|1, 366692|27, 366692|478, 365952|484, 365952|905, 365896|914, 365908|924, 365904|933, 365904|1299, 365856|1307, 365856|1782, 366004|1788, 366004|1800, 365856|1808, 365856|1889, long_swipe, 
365856|1, 365892|36, 366040|44, 366484|57, 366632|63, 366632|520, 365892|529, 365744|539, 365744|1012, 365808|1017, 365808|1029, 365912|1034, 365928|1041, 365928|1856, long_press_character, 
365928|1, 365928|68, 366148|73, 366148|79, 366368|85, 366368|92, 366588|98, 366808|112, 366808|175, 366760|181, 366752|187, 366752|335, 366732|346, 366732|692, 365992|700, 365844|709, 365844|1174, 365836|1183, 365828|1192, 365828|1206, 365852|1213, 365852|2106, 366000|2112, 366000|2135, 365852|2143, 365852|2220, short_swipe, 
365852|1, 366296|34, 366592|42, 366740|53, 366740|495, 366592|501, 365852|508, 365852|942, 365848|948, 365848|953, 365884|960, 365884|1025, 365924|1033, 365924|1727, 365860|1736, 365860|1773, 366008|1780, 366008|1793, 365860|1805, 365860|1874, long_press_character, 
365860|1, 365860|29, 366452|49, 366672|58, 366672|82, 366676|91, 366944|100, 366944|517, 366056|524, 366056|834, 366352|840, 366648|847, 366796|854, 366944|861, 366944|1079, 366880|1085, 366880|1091, 366924|1097, 366944|1105, 366944|1300, 366500|1306, 366056|1313, 366056|1770, 366204|1776, 366204|1852, tap_shift, 
366204|1, 366204|25, 366056|34, 366352|53, 366500|67, 366720|74, 366720|80, 366940|87, 366940|224, 366952|230, 366952|241, 366980|247, 366980|306, 366944|315, 366944|611, 366056|618, 366056|1215, 366052|1224, 366052|1229, 366080|1235, 366080|1240, 366088|1248, 366088|1826, 366236|1833, 366236|1845, 366088|1853, 366088|1923, short_swipe, 
366088|1, 366308|41, 366528|49, 366748|56, 366968|64, 366968|297, 366912|311, 366912|318, 366948|327, 366948|533, 366060|542, 366060|1290, 366056|1304, 366056|1315, 366060|1321, 366060|1391, 366096|1399, 366096|1807, 366244|1814, 366244|1831, 366096|1841, 366096|1889, long_swipe, 
366096|1, 366096|38, 366316|44, 366536|50, 366756|56, 366976|62, 366976|426, 367012|436, 367012|507, 366420|515, 366124|524, 366124|1398, 366160|1410, 366160|1417, 366124|1424, 366092|1432, 366092|1822, 366240|1829, 366240|1844, 366092|1855, 366092|1925, long_swipe, 
366092|1, 366092|35, 366312|41, 366312|46, 366532|51, 366752|56, 366752|62, 366972|67, 366972|314, 366952|322, 366952|497, 366888|505, 366964|518, 366964|548, 366372|554, 366076|562, 366076|1080, 365632|1086, 365632|1094, 365484|1100, 365484|1492, 365420|1502, 365328|1508, 365328|1792, 365476|1799, 365476|1806, 365328|1813, 365328|1894, long_press_character, 
365328|1, 365548|32, 365768|41, 365988|54, 366208|62, 366208|524, 366060|532, 365320|544, 365320|599, 365324|605, 365324|843, 365472|849, 365768|856, 366064|864, 366212|871, 366212|1317, 365472|1323, 365472|1577, 365324|1583, 365324|1589, 365344|1596, 365344|1603, 365304|1609, 365348|1615, 365348|1779, 365496|1791, 365496|1803, 365348|1812, 365348|1849, tap_shift, 
365348|1, 365644|22, 365940|34, 366236|46, 366236|505, 365792|511, 365348|519, 365348|741, 365360|751, 365412|760, 365384|770, 365384|982, 365376|1002, 365376|1763, 365372|1770, 365308|1778, 365308|1805, 365456|1813, 365456|1820, 365308|1831, 365308|1878, long_press_character, 
365308|1, 365308|55, 365748|66, 365748|72, 365968|78, 366188|85, 366188|339, 366172|349, 366172|576, 365876|583, 365284|591, 365284|606, 365432|614, 365432|865, 365380|875, 365380|892, 365372|900, 365372|1651, 365316|1663, 365316|1826, 365464|1834, 365464|1849, 365316|1863, 365316|1924, long_swipe, 
365316|1, 365316|35, 365536|41, 365756|47, 365756|52, 365976|59, 366196|66, 366196|539, 365308|545, 365308|836, 365456|844, 365456|866, 365604|871, 365604|878, 365752|884, 365752|891, 365900|897, 366048|904, 366048|940, 366000|946, 366000|957, 366096|963, 366180|969, 366180|1386, 365440|1394, 365292|1410, 365292|1763, 365440|1770, 365440|1870, tap_regular_character, 
365440|1, 365440|28, 365588|33, 365736|40, 365884|47, 366032|54, 366180|60, 366180|72, 366176|79, 366176|626, 365584|633, 365288|640, 365288|1071, 365292|1080, 365292|1089, 365288|1096, 365376|1106, 365376|1911, long_swipe, 
365376|1, 365376|43, 365596|49, 365596|55, 365816|60, 366036|66, 366256|71, 366256|180, 366252|187, 366200|194, 366200|289, 366180|297, 366180|565, 366032|571, 365292|579, 365292|1182, 365376|1189, 365376|1658, 365372|1667, 365372|1810, 365520|1817, 365520|1831, 365372|1840, 365372|1934, long_press_character, 
365372|1, 365592|20, 365812|28, 366032|35, 366252|46, 366252|246, 366192|254, 366172|263, 366172|512, 365284|519, 365284|1100, 365432|1114, 365432|1228, 365440|1234, 365440|1240, 365368|1246, 365368|1252, 365324|1260, 365324|1772, 365472|1778, 365472|1798, 365324|1809, 365324|1899, long_swipe, 
365324|1, 365544|25, 365984|31, 365984|38, 366204|46, 366204|486, 365464|494, 365316|504, 365316|799, 365464|806, 365612|813, 365908|825, 366056|831, 366204|836, 366204|1330, 366184|1336, 365592|1343, 365296|1350, 365296|1356, 365280|1361, 365280|1378, 365336|1384, 365336|1769, 365484|1775, 365484|1782, 365336|1789, 365336|1827, tap_shift, 
365336|1, 365928|38, 366076|59, 366076|299, 366216|310, 366216|507, 366240|514, 366240|526, 366196|533, 366196|630, 365308|637, 365308|1518, 365332|1525, 365332|1821, 365480|1826, 365480|1851, 365332|1862, 365332|1953, long_press_character, 
365332|1, 365992|21, 366212|26, 366212|511, 365472|518, 365324|526, 365324|1196, 365360|1204, 365360|1564, 365364|1569, 365364|1596, 365332|1602, 365332|1753, 365480|1768, 365480|1776, 365332|1789, 365332|1856, short_swipe, 
365332|1, 365332|28, 365480|35, 365628|41, 365776|47, 366072|52, 366220|58, 366220|530, 365924|541, 365332|562, 365332|712, 365268|719, 365312|726, 365312|1023, 365408|1034, 365408|1709, 365352|1715, 365352|1722, 365348|1729, 365348|1810, 365496|1816, 365496|1831, 365348|1838, 365348|1877, long_press_character, 
365348|1, 365348|28, 365496|36, 365644|42, 365940|50, 366088|56, 366088|501, 365348|510, 365348|824, 365304|831, 365304|836, 365372|841, 365404|848, 365404|1836, 365396|1843, 365468|1850, 365320|1868, 365320|1928, long_press_character, 
365320|1, 365320|42, 365540|48, 365540|54, 365760|60, 365980|66, 365980|72, 366200|78, 366200|561, 365312|567, 365312|887, 365460|893, 365556|902, 365852|908, 366080|915, 366256|921, 366256|1407, 365368|1415, 365368|1762, 365516|1782, 365516|1878, tap_regular_character, 
365516|1, 365760|28, 365848|37, 365912|43, 366060|50, 366060|508, 365912|515, 365320|522, 365320|901, 365172|909, 365320|917, 365172|926, 365172|1015, 365224|1024, 365224|1031, 365300|1040, 365332|1048, 365332|1810, 365480|1816, 365480|1834, 365332|1841, 365332|1899, short_swipe, 
365332|1, 365628|44, 365776|52, 365996|58, 366216|71, 366216|137, 366192|143, 366260|149, 366260|559, 365372|567, 365372|1117, 365388|1123, 365388|1145, 365332|1150, 365332|1201, 365340|1207, 365340|1811, 365488|1821, 365340|1828, 365340|1909, short_swipe, 
365340|1, 365340|43, 365560|48, 365780|53, 365780|59, 366000|64, 366000|70, 366220|76, 366220|226, 366252|233, 366252|393, 366232|400, 366232|629, 365492|635, 365344|643, 365344|952, 365492|958, 365788|964, 366084|978, 366084|1213, 366108|1219, 366108|1225, 366128|1231, 366128|1306, 366204|1314, 366204|1414, 365316|1421, 365316|1798, 365464|1804, 365464|1816, 365316|1824, 365316|1870, tap_shift, 
365316|1, 365612|25, 365612|39, 365832|47, 366052|57, 366052|282, 366068|289, 366068|306, 366216|312, 366216|347, 366128|354, 366156|362, 366208|374, 366208|510, 365468|516, 365320|523, 365320|826, 365468|832, 365616|842, 365912|852, 366208|863, 366208|1337, 365320|1345, 365344|1360, 365344|1366, 365348|1371, 365348|1806, 365496|1812, 365496|1824, 365348|1830, 365496|1903, tap_shift, 
365496|1, 366236|25, 366236|452, 366208|459, 366196|468, 365308|476, 365308|789, 365604|798, 365900|807, 366048|816, 366048|1277, 365456|1283, 365308|1290, 365308|1296, 365456|1302, 365456|1442, 365420|1448, 365420|1478, 365364|1485, 365364|1861, tap_regular_character, 
365364|1, 365364|43, 365584|51, 365804|58, 366024|65, 366244|73, 366244|290, 366148|300, 366148|574, 365260|580, 365296|587, 365296|594, 365352|599, 365352|616, 365356|622, 365356|1250, 365360|1261, 365360|1596, 365380|1603, 365332|1610, 365332|1818, 365480|1824, 365480|1836, 365332|1851, 365332|1913, short_swipe, 
365332|1, 366072|41, 366072|492, 365332|501, 365332|681, 365344|687, 365344|693, 365368|699, 365368|1099, 365372|1133, 365372|1680, 365380|1688, 365336|1695, 365336|1801, 365484|1807, 365484|1827, 365336|1843, 365336|1893, short_swipe, 
365336|1, 365336|47, 365632|53, 365632|67, 365852|72, 365852|78, 366072|84, 366072|299, 366096|312, 366096|630, 365356|639, 365356|789, 365388|795, 365388|801, 365356|808, 365356|1715, 365360|1733, 365360|1787, 365372|1795, 365372|1920, long_press_character, 
365372|1, 366032|28, 366252|34, 366252|285, 366232|293, 366232|566, 365936|572, 365344|579, 365344|599, 365492|605, 365492|644, 365344|649, 365344|700, 365492|706, 365492|718, 365344|725, 365344|733, 365492|744, 365492|751, 365344|757, 365344|854, 365260|863, 365260|876, 365384|882, 365384|906, 365532|911, 365828|917, 365976|923, 366124|928, 366272|934, 366272|1368, 365976|1374, 365384|1381, 365384|1865, tap_shift, 
365384|1, 365512|33, 365732|43, 366172|57, 366172|516, 365432|524, 365432|991, 365424|1001, 365424|1009, 365464|1018, 365400|1026, 365400|1808, 365548|1813, 365548|1825, 365400|1837, 365400|1897, long_swipe, 
365400|1, 365400|35, 365620|40, 365840|50, 366060|58, 366280|73, 366280|110, 366240|117, 366208|124, 366208|558, 365468|565, 365320|572, 365320|946, 365468|954, 365764|966, 365912|971, 366060|977, 366208|983, 366208|1108, 366132|1114, 366132|1120, 366208|1125, 366208|1452, 365764|1458, 365320|1466, 365320|1883, tap_regular_character, 
365320|1, 365320|22, 365540|31, 365760|41, 365980|49, 366200|63, 366200|226, 366232|232, 366232|238, 366260|244, 366260|296, 366204|303, 366204|535, 365316|542, 365316|1225, 365348|1232, 365348|1239, 365356|1245, 365356|1828, 365504|1835, 365504|1852, 365356|1866, 365356|1945, short_swipe, 
365356|1, 365800|21, 366096|29, 366244|35, 366244|283, 366228|291, 366224|298, 366224|481, 365336|487, 365336|787, 365484|801, 365484|828, 365928|838, 366224|844, 366224|1283, 366272|1289, 366272|1295, 365768|1302, 365324|1311, 365324|1317, 365328|1323, 365328|1784, 365476|1790, 365476|1802, 365328|1808, 365328|1864, tap_regular_character, 
365328|1, 365920|28, 366068|34, 366216|41, 366216|413, 366244|425, 366244|431, 366212|437, 366212|488, 366064|495, 365324|502, 365324|803, 365472|809, 365620|814, 365916|821, 366064|827, 366212|832, 366212|1311, 365324|1318, 365324|1415, 365340|1427, 365340|1432, 365364|1438, 365364|1815, 365512|1822, 365512|1829, 365364|1837, 365364|1892, tap_shift, 
365364|1, 365660|22, 365808|30, 366104|38, 366252|48, 366252|505, 365660|511, 365364|519, 365304|526, 365304|532, 365344|538, 365388|545, 365388|1523, 365400|1538, 365400|1565, 365348|1570, 365348|1814, 365496|1820, 365496|1838, 365348|1846, 365348|1910, short_swipe, 
365348|1, 365348|29, 365496|34, 365864|44, 365864|52, 366084|61, 366084|504, 365492|511, 365344|520, 365344|619, 365340|625, 365340|636, 365420|643, 365420|1617, 365356|1630, 365356|1811, 365504|1817, 365504|1829, 365356|1839, 365356|1902, long_press_character, 
365356|1, 365504|26, 365652|32, 365652|41, 365872|46, 366092|59, 366092|94, 366312|99, 366312|546, 365424|556, 365424|723, 365380|729, 365396|736, 365396|1546, 365332|1557, 365332|1725, 365360|1731, 365360|1803, 365508|1809, 365508|1822, 365360|1857, 365360|1897, long_swipe, 
365360|1, 365508|22, 365656|29, 365952|35, 366100|47, 366100|484, 365212|491, 365212|503, 365360|509, 365360|791, 365508|798, 365804|810, 366100|817, 366248|825, 366276|833, 366216|841, 366216|1264, 365476|1270, 365328|1277, 365328|1782, 365476|1790, 365476|1811, 365444|1821, 365352|1840, 365352|1860, tap_regular_character, 
365352|1, 365796|33, 365944|41, 366240|49, 366240|542, 365352|549, 365352|573, 365500|578, 365500|611, 365352|616, 365352|958, 365360|964, 365360|969, 365356|975, 365356|992, 365416|998, 365416|1821, 365564|1833, 365564|1839, 365416|1846, 365416|1890, long_press_character, 
365416|1, 365416|23, 365564|29, 365860|36, 366008|52, 366228|62, 366228|89, 366212|98, 366212|108, 366184|119, 366184|528, 365296|547, 365296|841, 365444|847, 365740|852, 365888|858, 366036|864, 366184|870, 366184|1064, 366236|1070, 366236|1078, 366216|1090, 366216|1310, 365920|1318, 365328|1326, 365328|1895, tap_shift, 
365328|1, 365476|25, 365920|38, 366216|44, 366216|177, 366212|187, 366212|194, 366216|207, 366216|539, 365328|547, 365328|815, 365476|829, 365476|842, 365328|852, 365328|908, 365476|914, 365624|920, 365772|926, 365920|932, 366068|937, 366068|1172, 366040|1178, 366040|1185, 366144|1193, 366228|1201, 366228|1410, 365784|1417, 365340|1425, 365340|1861, 365488|1867, 365488|1883, 365340|1890, 365340|1939, tap_regular_character, 
365340|1, 365340|20, 365784|33, 366004|42, 366224|54, 366224|238, 366204|244, 366284|250, 366284|256, 366228|262, 366228|334, 366224|341, 366224|536, 365336|542, 365336|1086, 365484|1113, 365336|1124, 365336|1240, 365364|1247, 365348|1252, 365352|1257, 365352|1808, 365500|1817, 365500|1833, 365352|1844, 365352|1908, long_swipe, 
365352|1, 365352|33, 365572|39, 365792|46, 366012|52, 366232|57, 366232|259, 366200|267, 366200|339, 366260|346, 366212|353, 366212|513, 365324|527, 365324|660, 365472|665, 365472|677, 365324|683, 365324|711, 365472|717, 365472|723, 365324|731, 365324|1338, 365260|1344, 365260|1350, 365348|1355, 365348|1389, 365352|1395, 365352|1787, 365500|1793, 365500|1805, 365352|1812, 365352|1885, long_swipe, 
365352|1, 365500|21, 365648|27, 366092|38, 366240|48, 366240|469, 366212|476, 366212|541, 365768|547, 365324|555, 365324|1381, 365412|1389, 365412|1460, 365352|1466, 365356|1479, 365356|1784, 365504|1789, 365504|1807, 365356|1847, 365356|1882, long_swipe, 
365356|1, 365948|35, 366096|49, 366096|520, 365436|526, 365216|534, 365216|568, 365208|577, 365336|586, 365336|641, 365420|649, 365420|887, 365568|894, 365864|900, 366012|907, 366160|913, 366308|919, 366308|1397, 365420|1404, 365420|1556, 365440|1564, 365440|1579, 365400|1592, 365400|1880, tap_regular_character, 
365400|1, 365400|18, 365696|29, 365844|37, 366140|43, 366140|49, 366288|56, 366288|527, 365992|533, 365400|540, 365400|682, 365412|688, 365412|694, 365340|700, 365388|707, 365388|844, 365536|855, 365832|863, 366128|878, 366128|1324, 365684|1331, 365388|1339, 365388|1692, 365408|1698, 365408|1704, 365328|1709, 365328|1751, 365336|1758, 365336|1803, 365484|1810, 365484|1825, 365336|1839, 365336|1867, tap_regular_character, 
365336|1, 365484|33, 365780|43, 366076|53, 366224|59, 366224|497, 365928|505, 365336|515, 365336|814, 365516|821, 365664|828, 365812|834, 366028|841, 366176|848, 366176|1326, 365880|1332, 365288|1339, 365288|1351, 365436|1357, 365436|1818, 365584|1824, 365496|1833, 365496|1839, 365476|1845, 365328|1858, 365328|1923, tap_shift, 
365328|1, 365772|29, 366068|36, 366216|43, 366216|520, 365328|529, 365328|814, 365476|827, 365476|834, 365624|842, 365772|848, 365920|855, 366068|861, 366216|867, 366216|908, 366188|914, 366196|920, 366196|1398, 365308|1404, 365308|1667, 365456|1675, 365456|1867, tap_shift, 
365456|1, 365752|27, 365900|33, 366016|44, 366164|52, 366160|59, 366160|495, 365420|502, 365420|1031, 365404|1066, 365404|1372, 365408|1380, 365408|1808, 365556|1814, 365556|1820, 365408|1837, 365408|1897, long_swipe, 
365408|1, 365408|53, 365628|58, 365628|69, 365848|74, 366068|80, 366068|86, 366288|92, 366288|135, 366312|147, 366312|153, 366240|159, 366240|306, 366220|315, 366220|610, 365480|623, 365332|630, 365332|930, 365480|936, 365480|954, 365628|960, 365776|965, 365924|971, 366072|976, 366220|982, 366220|1151, 366272|1157, 366216|1163, 366216|1474, 365328|1482, 365328|1788, 365476|1795, 365476|1914, tap_shift, 
365476|1, 365844|15, 365844|21, 366064|26, 366284|32, 366284|233, 366216|244, 366216|489, 365328|498, 365328|821, 365624|830, 365920|837, 366068|844, 366216|851, 366216|1229, 366236|1234, 366236|1240, 366280|1246, 366280|1275, 366208|1282, 366208|1305, 365320|1312, 365320|1794, 365468|1800, 365468|1812, 365320|1821, 365320|1887, tap_regular_character, 
365320|1, 365764|21, 366060|32, 366060|37, 366208|44, 366208|334, 366232|339, 366232|345, 366272|351, 366216|359, 366216|550, 365328|556, 365328|1331, 365264|1338, 365264|1345, 365340|1359, 365340|1394, 365348|1401, 365348|1790, 365496|1795, 365496|1807, 365348|1816, 365348|1889, long_swipe, 
365348|1, 365644|31, 365940|36, 366088|49, 366236|57, 366236|467, 366220|475, 366220|496, 365332|502, 365332|1443, 365424|1454, 365372|1460, 365372|1465, 365368|1470, 365368|1789, 365516|1794, 365516|1819, 365368|1854, 365368|1914, long_swipe, 
365368|1, 365368|19, 365588|25, 365808|30, 366028|36, 366028|41, 366248|47, 366248|494, 365508|500, 365360|509, 365360|545, 365332|555, 365352|562, 365352|811, 365500|821, 365796|830, 366092|841, 366240|858, 366240|1290, 365500|1297, 365352|1305, 365352|1527, 365396|1533, 365396|1540, 365392|1548, 365392|1578, 365416|1586, 365416|1780, 365564|1786, 365564|1798, 365416|1804, 365416|1865, tap_regular_character, 
365416|1, 365416|28, 365564|34, 365860|39, 366008|45, 366156|50, 366304|56, 366304|562, 365416|567, 365416|590, 365564|597, 365564|629, 365416|635, 365416|669, 365388|675, 365388|681, 365428|686, 365416|692, 365416|1626, 365352|1635, 365352|1682, 365364|1689, 365364|1710, 365360|1717, 365360|1801, 365508|1812, 365508|1820, 365360|1832, 365360|1902, long_swipe, 
365360|1, 365580|17, 365800|22, 365800|28, 366020|33, 366240|39, 366240|151, 366020|158, 366020|396, 366000|403, 366000|526, 365704|532, 365112|540, 365112|764, 365152|769, 365152|775, 365200|781, 365200|791, 365192|807, 365192|913, 365340|920, 365636|926, 365784|933, 365932|939, 365932|1411, 365044|1419, 365044|1437, 365192|1445, 365192|1665, 365044|1676, 365044|1767, 365096|1776, 365096|1783, 365140|1791, 365292|1798, 365292|1810, 365144|1818, 365144|1855, tap_regular_character, 
365144|1, 365736|46, 365884|53, 365884|117, 366104|123, 366104|406, 366252|419, 366252|561, 365808|567, 365364|574, 365364|896, 365660|912, 365816|920, 365964|928, 366112|935, 366176|943, 366204|952, 366204|1407, 365316|1421, 365316|1435, 365464|1441, 365464|1889, tap_shift, 
365464|1, 365464|21, 365496|36, 366288|57, 366288|526, 365400|540, 365400|876, 365548|882, 365696|888, 365844|894, 365992|899, 366140|905, 366140|1026, 366216|1032, 366216|1038, 366292|1045, 366216|1052, 366216|1379, 365772|1385, 365328|1393, 365328|1815, 365476|1824, 365476|1838, 365328|1847, 365328|1897, tap_regular_character, 
365328|1, 365772|19, 366068|26, 366068|132, 366084|140, 366164|148, 366228|156, 366228|470, 366080|477, 365340|484, 365340|838, 365636|844, 365784|851, 366080|858, 366080|1132, 366120|1139, 366204|1145, 366204|1151, 366228|1157, 366228|1321, 365340|1329, 365340|1808, 365488|1816, 365488|1830, 365340|1846, 365340|1883, tap_shift, 
365340|1, 365636|21, 365784|32, 365932|37, 366080|49, 366080|253, 366128|260, 366128|266, 366216|272, 366216|278, 366228|284, 366228|553, 366080|560, 365340|567, 365340|881, 365636|895, 365932|904, 366228|912, 366228|1247, 366204|1253, 366204|1259, 366156|1265, 366228|1272, 366228|1357, 365932|1364, 365340|1371, 365340|1793, 365488|1807, 365488|1881, tap_regular_character, 
365488|1, 365488|35, 365784|46, 366080|55, 366300|63, 366300|370, 366212|377, 366256|384, 366256|391, 366228|398, 366228|513, 365340|519, 365340|824, 365488|830, 365636|836, 365932|850, 366228|856, 366228|1307, 365932|1314, 365340|1322, 365340|1388, 365356|1394, 365356|1451, 365380|1458, 365380|1819, 365528|1825, 365528|1843, 365380|1850, 365380|1908, tap_shift, 
365380|1, 365748|26, 365968|33, 366188|40, 366188|294, 366356|300, 366356|464, 366300|470, 366312|477, 366312|484, 365632|491, 365336|500, 365336|740, 365484|752, 365336|760, 365336|806, 365484|812, 365780|818, 365928|823, 366076|828, 366224|835, 366224|1289, 365780|1295, 365336|1307, 365336|1463, 365348|1469, 365348|1481, 365396|1488, 365396|1797, 365544|1803, 365544|1821, 365396|1827, 365396|1864, tap_shift, 
365396|1, 365248|18, 365248|32, 365396|40, 365692|51, 365840|62, 366060|69, 366060|529, 365172|538, 365172|600, 365208|606, 365340|612, 365340|620, 365364|627, 365364|852, 365660|858, 365808|863, 366104|869, 366104|1352, 365364|1361, 365364|1610, 365356|1617, 365404|1629, 365404|1895, tap_shift, 
365404|1, 365552|19, 365700|29, 365848|36, 366144|45, 366144|491, 365848|497, 365404|504, 365404|716, 365424|725, 365396|738, 365396|826, 365692|840, 365988|848, 366136|862, 366136|1296, 365396|1302, 365396|1720, 365368|1728, 365368|1810, 365516|1818, 365516|1834, 365404|1850, 365404|1884, tap_regular_character, 
365404|1, 365404|85, 365624|91, 365624|98, 365844|104, 366064|111, 366064|118, 366284|125, 366284|294, 366264|306, 366264|668, 365376|677, 365376|815, 365416|824, 365448|835, 365448|842, 365380|850, 365380|1003, 365676|1009, 365824|1017, 365972|1022, 366120|1028, 366268|1034, 366268|1482, 365824|1490, 365380|1506, 365380|1819, 365364|1828, 365548|1835, 365548|1840, 365508|1848, 365360|1859, 365360|1894, tap_regular_character, 
365360|1, 365508|23, 365656|34, 365952|41, 366100|47, 366100|487, 365360|493, 365360|825, 365508|830, 365656|836, 365952|842, 366100|847, 366100|930, 366180|936, 366180|948, 366224|953, 366224|1334, 365928|1341, 365336|1348, 365336|1797, 365484|1803, tap_shift, 
