48142|1, 48142|4022, https://www.jd.com, 
48142|1, 48142|4199, https://www.douyin.com, 
48143|1, 48143|4112, http://www.ox.ac.uk, 
48175|1, 48175|1442, 48178|1839, 48182|2116, 48185|2211, 48188|2302, 48194|2393, 48195|2481, 48195|4103, https://www.shodan.io, 
48199|1, 48199|1418, 48201|1866, 48202|2038, 48207|2144, 48207|2231, 48212|2322, 48213|2444, 48213|2538, 48216|2625, 48216|2810, 48217|2906, 48227|3046, 48227|3170, 48237|3313, 48237|4081, https://www.netflix.com, 
48408|1, 48408|4106, https://www.linkedin.com, 
48408|1, 48408|4004, http://www.ox.ac.uk, 
48432|1, 48432|4004, https://www.pinduoduo.com, 
48432|1, 48432|4016, https://world.taobao.com, 
48433|1, 48433|4007, http://www.ox.ac.uk, 
48456|1, 48456|4060, https://www.ctrip.com, 
48456|1, 48456|4067, https://www.jd.com, 
48457|1, 48457|1404, 48459|1615, 48489|2141, 48490|2297, 48490|4207, https://www.alipay.com, 
48491|1, 48491|4009, https://www.ctrip.com, 
48491|1, 48491|1477, 48504|1957, 48511|2145, 48511|2578, 48522|2666, 48536|2762, 48544|2856, 48560|2972, 48578|3096, 48598|3194, 48603|3289, 48605|3371, 48605|3448, 48636|3613, 48664|3775, 48687|3877, 48727|4057, https://www.yahoo.com, 
49045|1, 49045|4065, https://world.taobao.com, 
49046|1, 49046|1166, 49047|1511, 49047|1752, 49049|2166, 49050|2333, 49054|2440, 49054|2924, 49055|3011, 49055|3123, 49056|3291, 49058|4062, https://www.netflix.com, 
49769|1, 49769|1342, 49783|1635, 49789|2051, 49789|4076, https://www.mit.edu, 
49789|1, 49789|1694, 49799|2183, 49801|2357, 49803|2461, 49803|2877, 49811|2966, 49812|3063, 49814|3177, 49814|4011, https://www.shodan.io, 
49818|1, 49818|4220, https://www.douyin.com, 
49818|1, 49818|1083, 49819|1371, 49819|4050, https://world.taobao.com, 
49819|1, 49819|4050, https://www.linkedin.com, 
49820|1, 49820|1677, 49827|2102, 49839|2364, 49849|2467, 49897|2579, 49938|2673, 49953|2766, 49953|3776, 50006|3888, 50028|4065, https://www.yahoo.com, 
50408|1, 50408|4074, https://www.jianshu.com, 
50409|1, 50409|4151, https://www.bing.com, 
50409|1, 50409|1135, 50410|1431, 50422|1729, 50424|2249, 50424|4015, https://www.pku.edu.cn, 
50475|1, 50475|4041, https://www.jianshu.com, 
50476|1, 50476|1340, 50496|1790, 50510|2216, 50510|4128, https://www.alipay.com, 
50511|1, 50511|4074, https://www.jianshu.com, 
50512|1, 50512|4025, http://blogs.360.cn, 
50512|1, 50512|948, 50513|1065, 50513|1530, 50515|1891, 50516|2245, 50519|2354, 50519|2446, 50521|2541, 50527|2656, 50528|2741, 50528|4006, https://www.shodan.io, 
50532|1, 50532|1562, 50546|1998, 50560|2340, 50562|2454, 50562|4043, https://www.mit.edu, 
50562|1, 50562|4070, http://blogs.360.cn, 
50563|1, 50563|4034, https://world.taobao.com, 
50564|1, 50564|1661, 50578|2103, 50578|4042, https://www.mit.edu, 
50578|1, 50578|4029, https://www.ctrip.com, 
50579|1, 50579|4088, https://www.douyin.com, 
50580|1, 50580|1559, 50590|1798, 50592|2285, 50592|4085, https://www.pku.edu.cn, 
50653|1, 50653|4049, https://www.ctrip.com, 
50654|1, 50654|4018, https://www.ctrip.com, 
50654|1, 50654|4074, https://www.jianshu.com, 
50655|1, 50655|4129, https://www.linkedin.com, 
50655|1, 50655|4061, https://www.apple.com, 
50656|1, 50656|1614, 50658|2012, 50659|2253, 50659|2346, 50663|2437, 50663|2916, 50664|3010, 50664|3104, 50665|3216, 50667|3363, 50667|4006, https://www.netflix.com, 
51049|1, 51049|4166, https://www.linkedin.com, 
51049|1, 51049|4044, https://www.jianshu.com, 
51050|1, 51050|4035, https://www.linkedin.com, 
51050|1, 51050|2601, 51051|2698, 51051|4076, https://www.jd.com, 
51051|1, 51051|4022, http://blogs.360.cn, 
51051|1, 51051|828, 51052|988, 51052|4089, https://www.linkedin.com, 
51052|1, 51052|4019, https://www.jd.com, 
51053|1, 51053|4057, https://zhuanlan.zhihu.com, 
51066|1, 51066|4028, https://www.pinduoduo.com, 
51066|1, 51066|4230, https://www.linkedin.com, 
51067|1, 51067|4049, https://world.taobao.com, 
51067|1, 51067|1459, 51081|1868, 51081|4055, https://www.pku.edu.cn, 
51128|1, 51128|4106, https://world.taobao.com, 
51128|1, 51128|4024, https://www.jd.com, 
51129|1, 51129|4054, http://blogs.360.cn, 
51129|1, 51129|4089, https://www.apple.com, 
51130|1, 51130|4085, https://www.pinduoduo.com, 
51130|1, 51130|4057, https://zhuanlan.zhihu.com, 
51143|1, 51143|1403, 51153|1664, 51164|2078, 51164|3293, 51166|3436, 51166|3753, 51169|3836, 51171|3956, 51171|4059, https://www.buaa.edu.cn, 
51178|1, 51178|4049, https://www.jianshu.com, 
51178|1, 51178|4075, https://www.jd.com, 
51179|1, 51179|4091, https://world.taobao.com, 
51179|1, 51179|4008, https://www.linkedin.com, 
51180|1, 51180|1459, 51182|1677, 51212|2169, 51212|4149, https://www.alipay.com, 
51213|1, 51213|1449, 51225|1730, 51227|2121, 51227|4055, https://www.pku.edu.cn, 
51274|1, 51274|4073, https://www.jd.com, 
51274|1, 51274|4008, https://www.pinduoduo.com, 
51274|1, 51274|948, 51275|1155, 51275|4084, https://www.douyin.com, 
51275|1, 51275|4041, https://www.apple.com, 
51275|1, 51275|1173, 51276|1522, 51276|4010, https://www.bing.com, 
51276|1, 51276|4079, http://www.ox.ac.uk, 
51308|1, 51308|4033, https://www.apple.com, 
51308|1, 51308|4097, https://www.jianshu.com, 
51309|1, 51309|4055, https://www.pinduoduo.com, 
51309|1, 51309|4084, https://zhuanlan.zhihu.com, 
51310|1, 51310|1402, 51312|1597, 51347|2124, 51347|4119, https://www.alipay.com, 
51348|1, 51348|4057, https://www.pinduoduo.com, 
51348|1, 51348|1440, 51358|1774, 51360|2050, 51360|3194, 51397|3338, 51410|3483, 51410|3568, 51420|3711, 51431|3839, 51435|3962, 51438|4083, https://www.buaa.edu.cn, 
51448|1, 51448|4087, https://www.bing.com, 
51448|1, 51448|4009, https://www.baidu.com, 
51449|1, 51449|4105, https://www.pinduoduo.com, 
51449|1, 51449|1580, 51452|2016, 51455|2201, 51455|2447, 51465|2619, 51465|4084, https://www.shodan.io, 
51469|1, 51469|4039, https://www.jianshu.com, 
51469|1, 51469|4108, https://zhuanlan.zhihu.com, 
51470|1, 51470|1659, 51482|2076, 51482|4064, https://www.pku.edu.cn, 
51534|1, 51534|1485, 51548|1772, 51566|2256, 51569|2355, 51569|2977, 51570|3082, 51570|4044, https://www.mit.edu, 
51576|1, 51576|1505, 51586|1780, 51589|2241, 51589|3425, 51597|3580, 51597|3668, 51599|3761, 51600|4018, https://www.buaa.edu.cn, 
51606|1, 51606|4044, https://www.bing.com, 
51606|1, 51606|1244, 51607|1594, 51607|4017, https://www.douyin.com, 
51607|1, 51607|4046, https://www.jianshu.com, 
51608|1, 51608|1430, 51619|1770, 51622|2177, 51622|4081, https://www.pku.edu.cn, 
51663|1, 51663|1598, 51665|1915, 51674|2313, 51677|2460, 51677|2635, 51686|2766, 51687|2845, 51687|4064, https://www.shodan.io, 
51692|1, 51692|1523, 51704|1897, 51704|3342, 51712|3525, 51712|3787, 51713|3902, 51713|4003, https://www.buaa.edu.cn, 
51719|1, 51719|4040, http://www.ox.ac.uk, 
51743|1, 51743|1608, 51757|2003, 51757|4063, https://www.mit.edu, 
51757|1, 51757|1648, 51759|1922, 51771|2299, 51771|2741, 51781|2849, 51782|2944, 51784|3036, 51784|4031, https://www.shodan.io, 
51789|1, 51789|1514, 51803|1823, 51803|4054, https://www.mit.edu, 
51803|1, 51803|4057, https://www.pinduoduo.com, 
51804|1, 51804|1607, 51808|2002, 51815|2219, 51818|2349, 51818|2524, 51820|2616, 51826|2714, 51827|2801, 51827|4081, https://www.shodan.io, 
51831|1, 51831|4038, http://www.ox.ac.uk, 
51856|1, 51856|4056, https://www.jianshu.com, 
51856|1, 51856|4078, https://www.jd.com, 
51857|1, 51857|1692, 51863|2015, 51868|2302, 51868|2525, 51869|2613, 51872|2702, 51873|2795, 51885|2888, 51900|2984, 51925|3072, 51936|3170, 51947|3262, 51955|3385, 51958|3492, 51963|3576, 51966|3666, 51969|3753, 51978|3846, 51994|4011, https://www.yahoo.com, 
52307|1, 52307|1656, 52321|1990, 52321|4065, https://www.pku.edu.cn, 
52361|1, 52361|4101, https://www.linkedin.com, 
52361|1, 52361|1238, 52362|1488, 52362|1764, 52372|2159, 52376|2390, 52376|2482, 52378|2608, 52379|2695, 52386|2788, 52386|4077, https://www.shodan.io, 
52391|1, 52391|1602, 52393|1972, 52402|2306, 52405|2447, 52405|2625, 52408|2718, 52416|2832, 52416|3375, 52417|3535, 52417|4039, https://www.shodan.io, 
52422|1, 52422|4092, http://www.ox.ac.uk, 
52447|1, 52447|4070, https://www.bing.com, 
52447|1, 52447|4065, https://www.douyin.com, 
52448|1, 52448|1363, 52460|1741, 52462|2137, 52475|2299, 52478|2386, 52478|4074, https://www.mit.edu, 
52478|1, 52478|4026, https://www.ctrip.com, 
52478|1, 52478|1052, 52479|1281, 52479|4067, https://www.apple.com, 
52479|1, 52479|4002, https://www.baidu.com, 
52479|1, 52479|402, 52480|562, 52480|4030, https://www.jd.com, 
52480|1, 52480|1854, 52482|2202, 52483|2384, 52484|2472, 52488|2561, 52492|2654, 52493|2753, 52494|2847, 52494|2933, 52495|3014, 52495|3210, 52497|3330, 52497|3589, 52498|3667, 52508|3755, 52518|4027, https://www.netflix.com, 
53149|1, 53149|4083, https://www.baidu.com, 
53149|1, 53149|1545, 53168|1892, 53180|2165, 53181|2400, 53181|4038, https://www.alipay.com, 
53182|1, 53182|4084, https://www.pinduoduo.com, 
53182|1, 53182|4046, https://world.taobao.com, 
53183|1, 53183|1615, 53190|1895, 53201|2292, 53203|2407, 53213|2497, 53247|2588, 53298|2690, 53299|2780, 53301|2866, 53301|3459, 53302|3537, 53302|3624, 53304|3714, 53360|3897, 53387|4057, https://www.yahoo.com, 
53748|1, 53748|1744, 53751|2123, 53754|2347, 53754|2432, 53756|2507, 53756|2674, 53763|2764, 53763|4045, https://www.shodan.io, 
53769|1, 53769|4094, https://www.apple.com, 
53769|1, 53769|1518, 53782|1896, 53782|4020, https://www.pku.edu.cn, 
53826|1, 53826|1363, 53836|1572, 53845|1952, 53846|2243, 53846|3636, 53849|3724, 53851|3870, 53851|4090, https://www.buaa.edu.cn, 
53857|1, 53857|1728, 53863|2123, 53874|2366, 53876|2477, 53889|2600, 53910|2694, 53960|2834, 53961|2922, 53961|3192, 53962|3298, 53967|3420, 53969|3514, 53970|3593, 53970|3672, 53973|3777, 54027|4033, https://www.yahoo.com, 
54404|1, 54404|1423, 54414|1678, 54418|2245, 54418|4023, https://www.pku.edu.cn, 
54453|1, 54453|1604, 54473|1980, 54487|2412, 54487|4011, https://www.alipay.com, 
54488|1, 54488|1488, 54506|1770, 54524|2173, 54524|4114, https://www.alipay.com, 
54525|1, 54525|4046, http://www.ox.ac.uk, 
54548|1, 54548|4057, https://world.taobao.com, 
54548|1, 54548|4075, http://www.ox.ac.uk, 
54570|1, 54570|4013, http://blogs.360.cn, 
54570|1, 54570|4056, http://www.ox.ac.uk, 
54593|1, 54593|4070, https://www.linkedin.com, 
54593|1, 54593|1532, 54600|1938, 54611|2296, 54621|2430, 54634|2518, 54697|2605, 54702|2694, 54702|3768, 54776|3894, 54784|4085, https://www.yahoo.com, 
55195|1, 55195|1487, 55208|1958, 55208|4080, https://www.pku.edu.cn, 
55249|1, 55249|1760, 55256|2085, 55268|2437, 55269|2530, 55291|2636, 55311|2740, 55370|2835, 55370|3530, 55371|3616, 55531|3885, 55533|4016, https://www.yahoo.com, 
55898|1, 55898|4004, https://world.taobao.com, 
55898|1, 55898|4059, https://www.apple.com, 
55899|1, 55899|4070, http://blogs.360.cn, 
55899|1, 55899|1672, 55911|2137, 55917|2442, 55928|2546, 55937|2631, 55946|2720, 55961|2804, 55969|2891, 55979|2976, 55996|3082, 56006|3205, 56006|3537, 56007|3621, 56007|3706, 56028|3829, 56048|3982, 56087|4148, https://www.yahoo.com, 
56464|1, 56464|1378, 56466|1662, 56497|2188, 56497|4145, https://www.alipay.com, 
56498|1, 56498|1719, 56512|2122, 56514|2427, 56526|2570, 56528|2675, 56528|4056, https://www.mit.edu, 
56528|1, 56528|1534, 56534|1837, 56540|2242, 56540|2356, 56541|2493, 56544|2588, 56545|2680, 56551|2770, 56571|2855, 56581|2947, 56591|3044, 56612|3209, 56619|3300, 56634|3394, 56636|3478, 56636|3573, 56652|3683, 56674|3861, 56711|4043, https://www.yahoo.com, 
57115|1, 57115|1647, 57121|1864, 57128|2355, 57132|2459, 57142|2574, 57155|2668, 57157|2758, 57180|2837, 57224|2924, 57224|3305, 57225|3459, 57225|3549, 57283|3656, 57338|3859, 57398|4024, https://www.yahoo.com, 
57701|1, 57701|4055, https://www.douyin.com, 
57701|1, 57701|4063, https://www.apple.com, 
57702|1, 57702|1567, 57720|1904, 57737|2389, 57737|4071, https://www.alipay.com, 
57738|1, 57738|4049, https://www.ctrip.com, 
57738|1, 57738|1646, 57750|2063, 57750|3443, 57752|3599, 57758|3752, 57758|3882, 57759|3981, 57759|4111, https://www.buaa.edu.cn, 
57765|1, 57765|4122, https://www.jd.com, 
57765|1, 57765|1600, 57779|1918, 57779|4001, https://www.mit.edu, 
57779|1, 57779|4022, https://www.bing.com, 
57780|1, 57780|1191, 57781|1357, 57781|4051, https://www.pinduoduo.com, 
57781|1, 57781|4014, https://www.baidu.com, 
57782|1, 57782|4161, https://www.bing.com, 
57782|1, 57782|4065, https://www.apple.com, 
57782|1, 57782|1089, 57783|1336, 57783|4002, https://zhuanlan.zhihu.com, 
57799|1, 57799|4047, https://www.bing.com, 
57799|1, 57799|1501, 57809|1714, 57811|2242, 57811|3505, 57820|3656, 57820|3779, 57821|3936, 57821|4035, https://www.buaa.edu.cn, 
57827|1, 57827|4013, http://blogs.360.cn, 
57827|1, 57827|4010, https://www.baidu.com, 
57828|1, 57828|1608, 57842|1963, 57842|4081, https://www.mit.edu, 
57842|1, 57842|4053, https://www.douyin.com, 
57842|1, 57842|1123, 57843|1365, 57843|4032, https://www.baidu.com, 
57843|1, 57843|1639, 57864|1969, 57878|2307, 57878|4028, https://www.alipay.com, 
57879|1, 57879|4205, http://blogs.360.cn, 
57879|1, 57879|1868, 57885|2311, 57885|2415, 57889|2495, 57890|2589, 57891|2680, 57892|2773, 57892|2855, 57894|2971, 57894|3078, 57895|3175, 57905|3336, 57907|3431, 57915|3523, 57915|4056, https://www.netflix.com, 
58622|1, 58622|4152, https://www.bing.com, 
58622|1, 58622|4040, https://www.ctrip.com, 
58623|1, 58623|4038, https://www.ctrip.com, 
58623|1, 58623|3055, 58625|3472, 58645|4187, https://www.netflix.com, 
58675|1, 58675|4086, http://blogs.360.cn, 
58675|1, 58675|4055, http://blogs.360.cn, 
58676|1, 58676|4160, https://www.baidu.com, 
58676|1, 58676|4097, https://www.ctrip.com, 
58677|1, 58677|4044, https://zhuanlan.zhihu.com, 
58677|1, 58677|694, 58678|1103, 58678|4163, https://www.apple.com, 
58678|1, 58678|2900, 58690|3305, 58697|4087, https://www.buaa.edu.cn, 
58708|1, 58708|4036, https://www.baidu.com, 
58708|1, 58708|1963, 58709|2555, 58709|4145, https://www.douyin.com, 
58709|1, 58709|2762, 58719|3106, 58721|3667, 58721|4135, https://www.buaa.edu.cn, 
58736|1, 58736|4277, https://www.baidu.com, 
58736|1, 58736|4114, https://www.baidu.com, 
58737|1, 58737|2925, 58739|3345, 58754|4052, https://www.netflix.com, 
58786|1, 58786|4081, https://zhuanlan.zhihu.com, 
58786|1, 58786|4055, https://www.bing.com, 
58787|1, 58787|4254, https://www.douyin.com, 
58788|1, 58788|4093, https://zhuanlan.zhihu.com, 
58788|1, 58788|4031, https://zhuanlan.zhihu.com, 
58789|1, 58789|2762, 58799|3121, 58801|3700, 58801|4044, https://www.buaa.edu.cn, 
58816|1, 58816|3531, 58818|3891, 58830|4478, https://www.netflix.com, 
58868|1, 58868|3239, 58881|3921, 58890|4309, https://www.netflix.com, 
58920|1, 58920|4157, https://zhuanlan.zhihu.com, 
58920|1, 58920|2953, 58922|3318, 58934|3926, 58942|4153, https://www.netflix.com, 
