1476|1, 1272|756, 1272|865, 1276|1033, 1276|1161, 1460|1589, 1460|1742, 2412|2289, 2412|2846, 2400|2935, 2408|3026, 2408|3247, 2224|3364, 2408|3502, 2224|3648, 3144|3848, 3076|4116, https://www.jd.com, 
1272|1, 1272|1057, 1640|1280, 1672|1532, 1488|2015, 2408|2335, 2372|2422, 2432|2517, 2432|3388, 2492|3535, 2740|3695, 2924|3814, 2960|4021, https://www.douyin.com, 
1272|1, 1272|1160, 1640|1382, 1656|1598, 1548|1915, 2468|2264, 2468|2558, 2460|2642, 2472|2719, 2472|3498, 2596|3653, 2640|3752, 2504|3842, 2752|4082, http://www.ox.ac.uk, 
1272|1, 1272|869, 1276|1021, 1276|1122, 1644|1307, 1644|1872, 1952|2258, 2320|2418, 2320|2844, 2492|2930, 2436|3022, 2436|3260, 2988|3513, 2620|3648, 2988|3739, 2988|3819, 5380|3915, 6256|4022, https://www.shodan.io, 
1272|1, 1272|925, 1284|1058, 1652|1327, 1652|1826, 2516|2204, 2516|2989, 2424|3073, 2424|3325, 2240|3472, 2240|3582, 2424|3683, 2424|3780, 2448|3877, 2604|4096, https://www.netflix.com, 
1272|1, 1272|1066, 1640|1217, 1664|1444, 1664|2217, 2404|2362, 2480|2455, 2480|3314, 2536|3446, 2724|3557, 2724|3664, 2540|3745, 2540|3835, 2724|3923, 3092|4117, https://www.linkedin.com, 
1272|1, 1272|1132, 1640|1426, 1704|1661, 1492|1943, 2596|2330, 2596|2609, 2492|2687, 2504|2766, 2504|3496, 3056|3628, 2908|3756, 2908|3852, 2796|3942, 2920|4042, http://www.ox.ac.uk, 
1272|1, 1272|996, 1276|1122, 1644|1339, 1644|1906, 1588|2315, 2508|2457, 2508|2883, 2500|2966, 2436|3053, 2484|4001, https://www.pinduoduo.com, 
1272|1, 1272|1117, 1604|1316, 1660|1502, 1476|1643, 1476|2273, 2544|2428, 2544|2591, 2548|2669, 2548|2929, 2796|3082, 2796|3292, 2904|3427, 2536|3585, 2536|3757, 2520|3837, 2520|4044, https://world.taobao.com, 
1272|1, 1272|1143, 1456|1394, 1484|1671, 1484|1935, 1668|2250, 2404|2440, 2412|2579, 2452|2665, 2504|2757, 2504|3419, 3240|3559, 2724|3707, 2724|3810, 2908|3911, 3460|4005, http://www.ox.ac.uk, 
1272|1, 1272|1235, 1640|1447, 1640|1697, 1560|2060, 1560|2311, 2664|2489, 2664|2760, 2600|2836, 2544|2912, 2548|2988, 2548|3766, 2744|3877, 2744|4053, https://www.ctrip.com, 
1272|1, 1272|1026, 1276|1166, 1644|1388, 1644|1642, 1460|1869, 2144|2305, 2512|2481, 2512|3002, 2480|3086, 2528|3190, 2528|3455, 2776|3613, 2592|3703, 3328|3838, 3328|4070, https://www.jd.com, 
1272|1, 1272|1162, 1560|1382, 1560|2089, 2416|2420, 2416|3250, 2468|3379, 2468|3592, 2652|3713, 2468|3838, 2508|4091, https://www.alipay.com, 
1272|1, 1272|1094, 1640|1323, 1664|1513, 1480|1678, 1480|2050, 2400|2331, 2572|2454, 2544|2617, 2544|3332, 2592|3463, 2616|3597, 2616|3827, 2800|3918, 2752|4072, https://www.ctrip.com, 
1272|1, 1272|839, 1276|946, 1276|1052, 1644|1358, 1644|1519, 1868|1850, 2680|2215, 2680|2674, 2656|2761, 2560|2860, 2560|2950, 2744|3056, 2744|3183, 2928|3295, 2928|3382, 2376|3471, 2376|3554, 2524|3654, 2628|3829, 2732|3972, 3100|4120, https://www.yahoo.com, 
1272|1, 1272|1069, 1468|1268, 1468|1891, 2528|2290, 2712|2468, 2712|2857, 2720|2945, 2720|3103, 2640|3195, 2640|3526, 2888|3685, 2888|3794, 2516|3925, 2516|4022, https://world.taobao.com, 
1272|1, 1272|1232, 1692|1477, 1664|1767, 1664|2144, 2400|2390, 2448|2518, 2404|2608, 2404|3469, 2460|3565, 2460|4013, https://www.netflix.com, 
1272|1, 1272|1099, 1456|1383, 1456|1595, 1548|1962, 2284|2312, 2284|2592, 2404|2678, 2456|2772, 2456|3375, 2640|3503, 3008|3631, 3408|3716, 3384|3799, 7352|4014, https://www.mit.edu, 
1272|1, 1272|1045, 1276|1205, 1276|1307, 1644|1569, 1460|1773, 1460|1994, 2504|2455, 2504|2988, 2444|3071, 2436|3170, 2436|3528, 2560|3697, 2744|3839, 2928|3932, 3112|4017, https://www.shodan.io, 
1272|1, 1272|1087, 1704|1296, 1660|1544, 1660|2188, 2432|2385, 2432|3246, 2448|3399, 2448|3505, 2816|3648, 3184|3741, 3184|3895, 3000|3986, 3000|4088, https://www.douyin.com, 
1272|1, 1272|1140, 1640|1414, 1656|1588, 1484|1838, 2404|2170, 2404|2445, 2436|2559, 2616|2654, 2616|3395, 2840|3547, 2520|3715, 2520|4052, https://world.taobao.com, 
1272|1, 1272|746, 1276|907, 1276|1074, 1644|1225, 1644|1817, 1576|2261, 2496|2405, 2496|2802, 2476|2879, 2480|2963, 2480|3352, 2664|3455, 2664|3707, 2560|3815, 2568|3893, 2920|4043, https://www.linkedin.com, 
1272|1, 1272|1242, 1652|1407, 1468|1739, 1468|1964, 2656|2426, 2656|2763, 2840|2860, 2840|3022, 2888|3102, 2888|3276, 3008|3422, 3008|3535, 2884|3653, 2884|3870, 2896|3958, 3144|4157, https://www.yahoo.com, 
1272|1, 1272|1280, 1664|1571, 1664|2125, 2400|2420, 2388|2537, 2412|2619, 2412|3061, 2416|3146, 2416|3477, 2724|3614, 4012|3741, 4380|3887, 4564|4003, https://www.jianshu.com, 
1272|1, 1272|1108, 1640|1265, 1640|1572, 1548|1924, 2652|2330, 2468|2444, 2468|2540, 2488|2645, 2504|2729, 2504|3036, 2508|3122, 2508|3472, 2520|3630, 2516|3750, 2884|4014, https://www.bing.com, 
1272|1, 1272|854, 1276|1040, 1276|1178, 1644|1420, 1460|1701, 1568|2095, 2488|2437, 2488|2848, 2588|2923, 2484|3012, 2484|3535, 2852|3676, 2668|3784, 3036|3875, 6132|3986, 6132|4078, https://www.pku.edu.cn, 
1272|1, 1272|1160, 1284|1291, 1468|1495, 1652|1687, 1652|1975, 2528|2371, 2528|2999, 2536|3081, 2536|3168, 2464|3264, 2468|3359, 2468|3527, 3572|3644, 3756|3744, 3940|3838, 4492|3991, 4308|4113, https://www.jianshu.com, 
1272|1, 1272|1081, 1640|1314, 1488|1557, 1488|2227, 2408|2391, 2456|2513, 2456|3368, 2488|3479, 2672|3616, 2672|3714, 2488|3820, 2488|4047, https://www.alipay.com, 
1272|1, 1272|1260, 1640|1488, 1700|1684, 1548|2144, 2468|2447, 2468|2540, 2472|2643, 2464|2752, 2464|3370, 3936|3525, 3936|3620, 3968|3743, 4336|3841, 4520|3959, 4520|4050, https://www.jianshu.com, 
1272|1, 1272|847, 1276|988, 1460|1180, 1460|1664, 1576|2130, 2312|2359, 2312|2831, 2340|2912, 2444|3001, 2444|3752, 2628|3864, 2684|3959, 2668|4044, http://blogs.360.cn, 
1272|1, 1272|954, 1276|1101, 1276|1231, 1644|1478, 1644|1819, 1584|2228, 2504|2407, 2504|3033, 2496|3123, 2432|3235, 2432|3581, 3052|3727, 3052|3839, 2928|3947, 2680|4039, https://www.shodan.io, 
1272|1, 1272|1245, 1704|1529, 1520|1833, 1520|2274, 2452|2515, 2452|3330, 2464|3474, 2464|3722, 3384|3837, 2832|3916, 2832|4075, https://www.mit.edu, 
1272|1, 1272|1162, 1640|1563, 1484|1914, 2404|2305, 2404|2428, 2376|2537, 2440|2624, 2440|3292, 2624|3460, 2704|3561, 2716|3661, 2532|3802, 2900|4117, http://blogs.360.cn, 
1272|1, 1272|1171, 1640|1350, 1640|1608, 1456|1754, 1568|2133, 2488|2464, 2488|2785, 2444|2866, 2432|2955, 2432|3031, 2616|3133, 2616|3817, 2568|3922, 2416|4004, https://world.taobao.com, 
1272|1, 1272|1084, 1276|1217, 1644|1380, 1644|2030, 2372|2396, 2372|3110, 2384|3216, 2456|3312, 2456|3581, 2580|3712, 3500|3828, 2948|3908, 2868|4000, 2868|4095, https://www.mit.edu, 
1272|1, 1272|1230, 1456|1437, 1480|1689, 1480|2357, 2480|2522, 2544|2606, 2544|2912, 2548|3006, 2548|3391, 2576|3579, 2576|3701, 2760|3836, 2944|3933, 2944|4019, https://www.ctrip.com, 
1272|1, 1272|1305, 1640|1567, 1544|1741, 1492|2017, 2228|2415, 2228|2633, 2312|2714, 2436|2795, 2436|3440, 2620|3617, 2976|3738, 2896|3824, 2896|4018, https://www.douyin.com, 
1272|1, 1272|1037, 1276|1171, 1276|1262, 1644|1544, 1644|1790, 1576|2220, 2496|2470, 2496|2626, 2508|2703, 2508|3090, 2476|3182, 2476|3587, 3028|3682, 2660|3781, 3212|3881, 6156|3980, 6156|4056, https://www.pku.edu.cn, 
1272|1, 1272|1072, 1648|1275, 1664|1512, 1664|1819, 2400|2241, 2420|2363, 2420|2923, 2428|3038, 2428|3130, 2592|3258, 2564|3388, 2564|3602, 2748|3733, 2932|3847, 2932|4011, https://www.ctrip.com, 
1272|1, 1272|1269, 1640|1597, 1492|1727, 1492|2364, 2412|2552, 2504|2632, 2548|2711, 2548|3601, 2576|3729, 2760|3845, 2944|3931, 2944|4008, https://www.ctrip.com, 
1272|1, 1272|721, 1276|865, 1276|1133, 1460|1440, 1460|1741, 1564|2232, 2300|2418, 2300|2747, 2368|2827, 2464|2904, 2464|3516, 3936|3651, 4120|3795, 5184|3931, 6104|4052, https://www.jianshu.com, 
1272|1, 1272|903, 1276|1112, 1276|1237, 1644|1416, 1644|1862, 1572|2227, 2492|2565, 2492|2965, 2572|3045, 2484|3124, 2484|3520, 2732|3683, 2616|4079, https://www.linkedin.com, 
1272|1, 1272|1106, 1640|1317, 1664|1566, 1480|1739, 1480|2177, 2388|2395, 2488|2492, 2488|3345, 2540|3467, 2724|3630, 3828|3781, 3828|3864, 4380|3972, 3828|4122, https://www.apple.com, 
1272|1, 1272|1201, 1640|1428, 1640|1586, 1484|1868, 1852|2245, 2404|2381, 2404|2472, 2364|2568, 2404|2654, 2404|3579, 2424|3652, 2472|3727, 2472|4038, https://www.netflix.com, 
1272|1, 1272|817, 1276|982, 1276|1123, 1644|1363, 1460|1587, 1508|1826, 1564|2197, 2484|2401, 2484|2732, 2496|2811, 2484|2891, 2484|3475, 2668|3586, 2668|3758, 2560|3865, 3484|4015, https://www.linkedin.com, 
1272|1, 1272|1075, 1644|1328, 1644|1511, 1460|1837, 1596|2235, 2516|2404, 2516|3058, 2468|3153, 2468|3249, 2528|3457, 4000|3613, 4000|3738, 4368|3892, 4920|3990, 5848|4084, https://www.jianshu.com, 
1272|1, 1272|1240, 1556|1445, 1652|1730, 1468|1922, 2512|2438, 2532|2544, 2532|3039, 2468|3117, 2468|3291, 2488|3436, 2492|3585, 2676|3720, 2676|4003, https://www.linkedin.com, 
1272|1, 1272|1245, 1456|1530, 1484|1718, 1484|2147, 2404|2401, 2404|2487, 2476|2564, 2528|2685, 2528|3511, 2648|3624, 3228|3751, 3596|4105, https://www.jd.com, 
1272|1, 1272|884, 1276|1054, 1460|1288, 1460|1764, 2500|2228, 2500|2820, 2508|2902, 2444|2992, 2444|3393, 2628|3536, 2628|3748, 2444|3851, 2576|3955, 2576|4067, http://blogs.360.cn, 
1272|1, 1272|1038, 1276|1211, 1460|1379, 1460|1846, 1576|2293, 2496|2466, 2496|2947, 2436|3032, 2480|3111, 2480|3592, 2664|3722, 2664|3893, 2480|3986, 3504|4107, https://www.linkedin.com, 
1272|1, 1272|1268, 1656|1550, 1472|1687, 1472|2139, 2628|2384, 2644|2513, 2644|2926, 2600|3014, 2600|3282, 2548|3418, 2608|3586, 2608|3702, 3160|3853, 3344|4053, https://www.jd.com, 
1272|1, 1272|1250, 1604|1536, 1480|1797, 1480|2201, 2356|2495, 2468|2578, 2468|3357, 2488|3524, 3788|3687, 5812|3820, 3788|4031, https://zhuanlan.zhihu.com, 
1272|1, 1272|1295, 1640|1574, 1456|1737, 1556|1961, 1556|2316, 2476|2517, 2476|2683, 2436|2766, 2488|2843, 2432|2924, 2432|3585, 2800|3713, 2488|3852, 3224|4089, https://www.pinduoduo.com, 
1272|1, 1272|986, 1276|1109, 1460|1325, 1460|1884, 2508|2271, 2508|2791, 2436|2876, 2436|2965, 2480|3059, 2480|3440, 2664|3533, 2664|3691, 2480|3774, 2480|3864, 3400|3965, 3296|4169, https://www.linkedin.com, 
1272|1, 1272|1087, 1276|1201, 1652|1398, 1652|1911, 1612|2303, 2532|2479, 2716|2631, 2716|3086, 2676|3166, 2680|3254, 2640|3346, 2640|3737, 2272|3877, 2232|4055, https://world.taobao.com, 
1272|1, 1272|1197, 1640|1418, 1492|1795, 1492|2150, 2412|2391, 2412|2476, 2440|2554, 2484|2640, 2484|3383, 2544|3543, 2844|3649, 2844|3836, 3212|3926, 6340|4025, https://www.pku.edu.cn, 
1272|1, 1272|1219, 1640|1526, 1640|1715, 1556|2155, 2292|2454, 2292|2752, 2432|2837, 2432|2911, 2616|3006, 2616|3403, 2800|3530, 2800|3632, 2404|3779, 2456|3875, 2456|4026, https://world.taobao.com, 
1272|1, 1272|1084, 1276|1210, 1644|1412, 1460|1699, 1460|2013, 1596|2313, 2516|2474, 2516|2906, 2444|2988, 2456|3074, 2528|3160, 2528|3789, 3080|3903, 3188|4078, https://www.jd.com, 
1272|1, 1272|1235, 1660|1492, 1476|1713, 1476|1918, 2440|2367, 2440|3325, 2456|3487, 2456|3586, 2824|3723, 2640|4002, http://blogs.360.cn, 
1272|1, 1272|1248, 1456|1567, 1548|1849, 1548|2237, 2468|2462, 2468|2546, 2388|2633, 2484|2716, 2484|3438, 2812|3608, 3932|3762, 3956|4040, https://www.apple.com, 
1272|1, 1272|1116, 1640|1259, 1640|1664, 1564|2127, 2484|2366, 2484|2677, 2468|2761, 2436|2839, 2436|3312, 2560|3445, 2684|3555, 2560|3738, 2456|3848, 3376|3976, 3744|4063, https://www.pinduoduo.com, 
1272|1, 1272|878, 1276|1031, 1276|1283, 1644|1549, 1644|1801, 1632|2054, 1952|2406, 2504|2527, 2504|2782, 2564|2862, 2564|3016, 2512|3097, 2468|3187, 2468|3549, 5228|3749, 5780|3898, 5780|4005, https://zhuanlan.zhihu.com, 
1272|1, 1272|1170, 1692|1400, 1508|1647, 1508|1962, 2564|2366, 2564|3243, 2456|3338, 2456|3493, 2824|3628, 2824|3723, 3008|3826, 2640|3911, 3560|4026, https://www.buaa.edu.cn, 
1272|1, 1272|1263, 1644|1565, 1664|1734, 1480|2008, 2216|2484, 2412|2620, 2412|3375, 2436|3536, 3620|3643, 3620|4019, https://www.jianshu.com, 
1272|1, 1272|1183, 1640|1355, 1640|1631, 1552|1913, 1552|2328, 2472|2513, 2472|2700, 2504|2777, 2528|2871, 2528|3496, 2652|3616, 2468|3723, 3216|3845, 3156|3955, 3156|4047, https://www.jd.com, 
1272|1, 1272|1111, 1656|1324, 1656|1816, 1592|2198, 2512|2495, 2696|2596, 2696|3010, 2628|3093, 2640|3185, 2640|3279, 2888|3481, 2888|3619, 2704|3747, 2712|4001, https://world.taobao.com, 
1272|1, 1272|1186, 1596|1416, 1660|1658, 1476|1904, 1476|2304, 2348|2494, 2348|3336, 2492|3455, 2676|3606, 2492|4036, https://www.linkedin.com, 
1272|1, 1272|1200, 1608|1433, 1476|1690, 1476|2081, 2544|2493, 2544|3028, 2568|3108, 2568|3314, 2528|3401, 2460|3488, 2460|3613, 2644|3746, 2644|4020, https://www.alipay.com, 
1272|1, 1272|1148, 1456|1351, 1484|1674, 1484|2068, 2404|2347, 2404|2438, 2480|2529, 2480|3438, 2504|3523, 2508|3662, 2876|3799, 2692|3891, 2508|3984, 6372|4112, https://www.pku.edu.cn, 
1272|1, 1272|1281, 1640|1584, 1488|1770, 1488|2129, 2592|2399, 2592|2594, 2588|2674, 2528|2759, 2528|3495, 2712|3633, 2684|3739, 3236|3903, 3420|4097, https://www.jd.com, 
1272|1, 1272|932, 1276|1076, 1644|1336, 1460|1562, 1548|1979, 2520|2281, 2520|2788, 2460|2867, 2460|2962, 2436|3057, 2436|3382, 2804|3495, 2436|3632, 2436|3759, 2988|3848, 3540|3948, 3660|4034, https://www.pinduoduo.com, 
1272|1, 1272|1191, 1276|1326, 1644|1644, 1644|2147, 2512|2479, 2512|3128, 2432|3230, 2440|3318, 2440|3580, 2808|3715, 2808|4002, https://www.douyin.com, 
1272|1, 1272|1295, 1696|1487, 1652|1665, 1468|1872, 1468|2193, 2584|2443, 2488|2536, 2488|3386, 2536|3558, 2720|3716, 4376|3855, 4376|4055, https://www.apple.com, 
1272|1, 1272|1200, 1456|1437, 1480|1763, 1480|2086, 2400|2431, 2448|2533, 2412|2624, 2412|3415, 2524|3514, 2552|3642, 2552|3901, 3656|3995, 2920|4148, https://www.bing.com, 
1272|1, 1272|1235, 1640|1454, 1668|1682, 1668|2052, 2588|2356, 2588|2461, 2488|2536, 2408|2641, 2408|2802, 2480|2888, 2480|3638, 3216|3757, 2664|3856, 2848|3951, 3032|4057, http://www.ox.ac.uk, 
1272|1, 1272|1112, 1640|1364, 1640|1571, 1456|1779, 1568|2167, 2304|2376, 2304|2819, 2480|2926, 2480|3465, 2664|3627, 3032|3758, 3736|3896, 3896|3988, 3896|4080, https://www.apple.com, 
1272|1, 1272|937, 1276|1110, 1276|1237, 1644|1569, 1460|1729, 1584|2212, 2320|2419, 2320|2502, 2504|2609, 2504|3011, 2464|3123, 2464|3410, 2648|3554, 3752|3680, 3752|3810, 3936|3957, 4936|4098, https://www.jianshu.com, 
1272|1, 1272|1168, 1644|1483, 1644|2068, 2404|2335, 2404|3224, 2260|3356, 2260|3455, 2812|3565, 2628|3717, 2628|3828, 2812|3934, 3548|4045, https://www.pinduoduo.com, 
1272|1, 1272|1159, 1456|1327, 1460|1591, 1488|1873, 2408|2295, 2408|2503, 2412|2583, 2468|2670, 2468|3417, 2716|3556, 5480|3713, 5848|3822, 3272|4042, https://zhuanlan.zhihu.com, 
1272|1, 1272|1158, 1640|1441, 1640|1598, 1552|1931, 2472|2373, 2472|2679, 2432|2765, 2456|2842, 2460|2923, 2460|3494, 2644|3632, 2440|3787, 2524|3935, 2524|4018, https://www.alipay.com, 
1272|1, 1272|897, 1276|1046, 1276|1159, 1460|1292, 1644|1539, 1644|1747, 1568|2212, 2304|2475, 2304|2977, 2340|3055, 2436|3132, 2436|3431, 2804|3563, 2436|3674, 3540|4042, https://www.pinduoduo.com, 
1272|1, 1272|1077, 1656|1225, 1696|1463, 1512|1671, 1512|2052, 2436|2261, 2436|3101, 2452|3240, 2636|3375, 2820|3519, 3004|3631, 3004|3728, 4476|3893, 4476|4015, https://www.buaa.edu.cn, 
1272|1, 1272|1171, 1640|1326, 1744|1640, 1548|1818, 1548|2312, 2468|2484, 2492|2600, 2504|2692, 2504|3497, 2516|3635, 2544|3752, 2728|4042, https://www.bing.com, 
1272|1, 1272|1177, 1456|1439, 1272|1660, 1552|2143, 2656|2402, 2656|2653, 2580|2737, 2628|2816, 2628|3553, 2700|3677, 2996|3853, 2628|3968, 2628|4064, https://www.baidu.com, 
1272|1, 1272|1207, 1640|1428, 1640|1791, 1564|2034, 2484|2401, 2484|2981, 2436|3059, 2436|3560, 2804|3675, 2436|3816, 2452|4002, https://www.pinduoduo.com, 
1272|1, 1272|1157, 1652|1362, 1652|1937, 2508|2261, 2508|2545, 2448|2671, 2448|3148, 2436|3256, 2436|3420, 2928|3573, 2928|3744, 2680|3842, 3064|4058, https://www.shodan.io, 
1272|1, 1272|1224, 1596|1468, 1660|1701, 1660|2066, 2524|2448, 2416|2551, 2416|3033, 2460|3119, 2460|3322, 2472|3462, 2492|3599, 3968|3725, 3968|3838, 4520|3985, 5072|4080, https://www.jianshu.com, 
1272|1, 1272|1000, 1456|1154, 1640|1469, 1556|1741, 1556|2122, 2476|2338, 2476|2519, 2520|2604, 2468|2679, 2468|3368, 3020|3507, 5736|3645, 5712|3745, 3136|3844, 3136|4018, https://zhuanlan.zhihu.com, 
1272|1, 1272|842, 1276|980, 1276|1224, 1644|1489, 1644|1648, 1572|2004, 2308|2303, 2492|2446, 2492|2871, 2548|2959, 2480|3068, 2480|3441, 2972|3608, 2788|3710, 2604|3790, 3156|3886, 6244|3979, 6612|4085, https://www.pku.edu.cn, 
1272|1, 1272|1049, 1276|1200, 1644|1404, 1644|1738, 1588|2184, 2528|2428, 2528|3057, 2568|3148, 2464|3253, 2464|3491, 2648|3620, 2648|3735, 3384|3835, 3568|3915, 7960|4108, https://www.mit.edu, 
1272|1, 1272|1092, 1640|1296, 1664|1526, 1480|1683, 1480|2146, 2340|2374, 2440|2449, 2440|3310, 2456|3423, 2820|3568, 2820|3712, 3004|3798, 3556|3899, 4476|4056, https://www.buaa.edu.cn, 
1272|1, 1272|1270, 1640|1547, 1664|1739, 1664|1951, 2584|2385, 2584|2548, 2464|2634, 2424|2727, 2424|3535, 2504|3654, 2540|3771, 3460|4078, https://www.bing.com, 
1272|1, 1272|1224, 1456|1544, 1468|1886, 1560|2268, 2480|2467, 2480|2781, 2504|2862, 2436|2942, 2436|3557, 2988|3689, 2988|3770, 2872|3845, 2924|3924, 3668|4035, https://www.douyin.com, 
1272|1, 1272|1026, 1364|1159, 1560|1453, 1376|1710, 2428|2169, 2484|2308, 2484|3071, 2748|3229, 3852|3359, 3852|3470, 4588|3666, 5692|3765, 4956|3894, 3300|3982, 3852|4072, https://www.jianshu.com, 
1272|1, 1272|1144, 1620|1430, 1480|1678, 1664|2130, 2548|2409, 2480|2490, 2480|3157, 2356|3274, 2356|3369, 2364|3503, 2548|3618, 2732|3719, 2548|3830, 5308|3969, 6044|4057, https://www.pku.edu.cn, 
1272|1, 1272|1081, 1456|1301, 1456|1563, 1640|1834, 1548|2272, 2468|2464, 2468|2684, 2388|2770, 2412|2895, 2412|3319, 2228|3451, 2596|3588, 2412|3702, 2688|3794, 2956|3892, 4192|4072, https://www.shodan.io, 
1272|1, 1272|1051, 1276|1181, 1276|1280, 1460|1511, 1460|1775, 1584|2222, 2320|2446, 2320|3000, 2368|3084, 2436|3177, 2436|3403, 2620|3569, 2620|3698, 2988|3828, 4092|3970, 4020|4064, https://www.buaa.edu.cn, 
1272|1, 1272|1348, 1672|1736, 1672|2329, 2384|2524, 2384|3347, 2508|3472, 2508|3724, 3244|3859, 2692|3950, 2692|4038, http://www.ox.ac.uk, 
1272|1, 1272|1209, 1640|1438, 1668|1617, 1668|1851, 2404|2328, 2404|2556, 2452|2638, 2452|3409, 2740|3524, 3656|3629, 3104|3730, 3104|3888, 7152|4000, 7336|4099, https://www.mit.edu, 
1272|1, 1272|900, 1276|1029, 1276|1257, 1644|1462, 1644|1677, 1632|1882, 1564|2281, 2484|2507, 2484|2827, 2520|2924, 2412|3042, 2412|3481, 2780|3619, 2964|3729, 3148|3807, 3220|3892, 3100|3969, 6044|4103, https://www.shodan.io, 
1272|1, 1272|1063, 1276|1154, 1644|1347, 1644|1717, 1584|2133, 2504|2365, 2504|3032, 2452|3121, 2452|3397, 2636|3516, 2636|3626, 3372|3730, 3004|3806, 8076|4094, https://www.mit.edu, 
1272|1, 1272|1200, 1680|1437, 1680|2182, 1604|2405, 2340|2558, 2340|3026, 2348|3107, 2348|3189, 2424|3298, 2440|3406, 2440|3585, 2256|3710, 2256|3817, 2440|3974, 3176|4086, https://www.pinduoduo.com, 
1272|1, 1272|1194, 1640|1443, 1668|1608, 1668|1896, 2404|2213, 2404|2387, 2416|2509, 2412|2589, 2412|2763, 2416|2863, 2416|3208, 2292|3348, 2292|3462, 2788|3548, 2884|3669, 2700|3765, 2516|3851, 2332|3937, 2700|4019, https://www.shodan.io, 
1272|1, 1272|1162, 1640|1416, 1456|1705, 1552|2019, 2472|2431, 2472|2697, 2524|2781, 2504|2871, 2504|3646, 3336|3764, 2812|3862, 2996|4034, http://www.ox.ac.uk, 
1272|1, 1272|906, 1276|1024, 1652|1212, 1652|1703, 2332|2184, 2332|2792, 2392|2878, 2392|2970, 2464|3075, 2464|3318, 3752|3466, 3752|3551, 3936|3688, 5408|3841, 5960|3930, 6000|4011, https://www.jianshu.com, 
1272|1, 1272|1049, 1628|1288, 1664|1501, 1480|1945, 2216|2238, 2520|2350, 2528|2435, 2528|2838, 2532|2914, 2532|3229, 2544|3376, 2544|3496, 2728|3590, 2728|3824, 3280|3963, 3464|4080, https://www.jd.com, 
1272|1, 1272|1227, 1640|1509, 1596|1656, 1492|1906, 1676|2284, 2596|2488, 2596|2575, 2528|2660, 2540|2753, 2540|3126, 2724|3218, 2724|3538, 2424|3629, 2496|3716, 2496|4044, https://www.yahoo.com, 
1272|1, 1272|887, 1276|1055, 1276|1176, 1460|1424, 1460|1668, 1620|1901, 2480|2390, 2480|2834, 2468|2919, 2484|2992, 2484|3503, 2852|3621, 2668|3751, 2668|3846, 4184|3940, 6172|4024, https://www.pku.edu.cn, 
1272|1, 1272|1102, 1276|1233, 1284|1361, 1468|1577, 1468|2093, 2320|2436, 2320|3145, 2396|3226, 2488|3329, 2488|3662, 2672|3772, 2672|3862, 2488|3945, 2488|4037, https://www.linkedin.com, 
1272|1, 1272|1248, 1644|1477, 1644|2028, 2520|2427, 2520|3265, 2436|3355, 2440|3503, 2808|3618, 2992|3735, 2808|3824, 2992|3920, 3176|4003, https://www.shodan.io, 
1272|1, 1272|1369, 1616|1638, 1480|1871, 1480|2496, 2340|2626, 2408|2712, 2408|3590, 2952|3706, 3136|3821, 2952|3928, 2768|4022, https://www.shodan.io, 
1272|1, 1272|1281, 1456|1493, 1456|1730, 1548|1899, 1548|2288, 2468|2516, 2468|2774, 2440|2849, 2500|2934, 2500|3576, 3236|3725, 2668|3844, 2684|3941, 2684|4049, http://www.ox.ac.uk, 
1272|1, 1272|1203, 1276|1326, 1644|1557, 1460|1797, 1460|2141, 2320|2456, 2320|3120, 2408|3202, 2504|3293, 2504|4032, https://www.bing.com, 
1272|1, 1272|1281, 1656|1465, 1480|1726, 1480|2118, 2504|2427, 2508|2509, 2508|3074, 2436|3152, 2436|3331, 2444|3444, 2444|3680, 3180|3777, 3180|4048, https://www.douyin.com, 
1272|1, 1272|1302, 1484|1693, 1484|2100, 2404|2366, 2404|2471, 2368|2556, 2456|2644, 2456|3377, 2824|3487, 2696|3588, 3540|3693, 2988|3779, 7404|4039, https://www.mit.edu, 
1272|1, 1272|1205, 1640|1377, 1640|1654, 1548|1844, 1548|2142, 2468|2455, 2652|2557, 2652|2730, 2584|2813, 2544|2889, 2544|3761, 2712|3918, 2896|4002, https://www.ctrip.com, 
1272|1, 1272|974, 1284|1075, 1652|1233, 1652|1484, 1468|1628, 1468|1973, 2328|2250, 2328|2934, 2332|3035, 2492|3144, 2492|3278, 2368|3476, 3288|3601, 4392|3714, 4392|3815, 4208|3913, 3840|4012, https://www.apple.com, 
1272|1, 1272|1215, 1660|1422, 1660|2047, 3080|2414, 2528|2528, 2528|2644, 2712|2745, 2712|3060, 2644|3147, 2644|3320, 2640|3406, 2640|3675, 2764|3802, 2764|4051, https://www.baidu.com, 
1272|1, 1272|1206, 1640|1388, 1568|1720, 1732|2214, 2468|2451, 2468|2636, 2476|2715, 2524|2805, 2524|3539, 2708|3649, 2568|3768, 3120|3954, 3120|4088, https://www.jd.com, 
1272|1, 1272|927, 1276|1040, 1276|1270, 1644|1512, 1460|1791, 1564|2092, 2484|2429, 2484|2988, 2520|3077, 2412|3160, 2412|3807, 2468|3899, 2576|4226, https://www.netflix.com, 
1272|1, 1272|967, 1456|1134, 1668|1400, 1484|1702, 1484|2073, 2620|2270, 2632|2364, 2632|2855, 2636|2938, 2636|3281, 2656|3385, 2656|4004, https://www.baidu.com, 
1272|1, 1272|1163, 1456|1467, 1668|1812, 1668|2100, 2404|2409, 2412|2535, 2424|2610, 2424|3460, 2508|3592, 2756|3707, 2572|3844, 2676|4074, https://www.alipay.com, 
1272|1, 1272|1036, 1456|1206, 1456|1498, 1560|2023, 2480|2363, 2480|2572, 2448|2646, 2404|2723, 2436|2809, 2436|3397, 2932|3556, 2404|3688, 2468|3801, 3020|4029, https://www.pinduoduo.com, 
1272|1, 1272|788, 1276|907, 1276|1198, 1644|1396, 1644|1639, 1628|1896, 2480|2279, 2480|2686, 2664|2777, 2644|2868, 2640|2948, 2640|3359, 2824|3485, 2824|3593, 2456|3737, 2456|3822, 2476|3899, 2460|3970, 2460|4059, https://world.taobao.com, 
1272|1, 1272|1069, 1276|1196, 1276|1305, 1460|1563, 1644|1837, 1732|2296, 2652|2473, 2652|2765, 2836|2845, 3020|2940, 3020|3122, 3004|3204, 3008|3291, 3008|3693, 2932|3782, 3240|4091, https://www.yahoo.com, 
1272|1, 1272|1243, 1660|1520, 1660|2066, 2372|2344, 2404|2490, 2404|2986, 2408|3070, 2408|3246, 2440|3404, 2456|3537, 2824|3684, 3376|3781, 3376|3863, 3560|3945, 5032|4061, https://www.shodan.io, 
1272|1, 1272|1240, 1456|1375, 1456|1597, 1544|1798, 1544|2132, 2464|2482, 2464|2644, 2384|2729, 2484|2807, 2484|3656, 3540|3838, 4460|3947, 4460|4042, https://www.apple.com, 
1272|1, 1272|775, 1276|910, 1276|1042, 1644|1276, 1644|1487, 1460|1747, 1572|2210, 2492|2365, 2492|2807, 2500|2889, 2512|2967, 2480|3061, 2480|3227, 2296|3469, 2664|3589, 2480|3692, 2664|3834, 6068|3924, 6612|4026, https://www.pku.edu.cn, 
1272|1, 1272|1106, 1588|1269, 1588|2148, 2568|2402, 2568|3149, 2504|3237, 2456|3424, 2456|3741, 3744|3844, 4112|3998, 4112|4090, https://www.buaa.edu.cn, 
1272|1, 1272|1357, 1656|1614, 1472|1796, 1472|2004, 2576|2422, 2544|2567, 2544|2901, 2728|3023, 2728|3372, 2936|3518, 2752|3610, 2752|3776, 2852|3847, 2996|4091, https://www.yahoo.com, 
1272|1, 1272|1009, 1640|1171, 1640|1576, 1552|2032, 2288|2379, 2288|2540, 2376|2618, 2480|2705, 2480|3528, 2920|3663, 2640|3781, 2640|3862, 3376|3953, 5952|4052, https://www.pku.edu.cn, 
1272|1, 1272|1169, 1640|1406, 1640|1613, 1548|1885, 1548|2266, 2468|2562, 2468|2675, 2404|2767, 2456|2845, 2456|3497, 2640|3631, 2588|3857, 2956|4050, https://www.alipay.com, 
1272|1, 1272|908, 1276|1029, 1652|1165, 1652|1716, 2464|2080, 2464|2929, 2432|3025, 2460|3126, 2460|3353, 2644|3469, 2460|3614, 2460|3743, 2492|3824, 7452|4016, https://www.alipay.com, 
1272|1, 1272|1084, 1284|1228, 1684|1504, 1500|1701, 1684|2094, 2444|2338, 2444|2916, 2448|2994, 2448|3161, 2504|3247, 2512|3366, 2512|3460, 3064|3625, 2880|3768, 2696|3857, 3248|4065, http://www.ox.ac.uk, 
1268|1, 1268|1108, 1636|1283, 1636|1518, 1488|1745, 2408|2247, 2408|2487, 2396|2597, 2604|2724, 2604|3373, 2972|3503, 2460|3624, 2460|3795, 2420|3867, 2420|4034, https://world.taobao.com, 
1268|1, 1268|1183, 1636|1346, 1636|1583, 1660|1778, 1544|2140, 2464|2413, 2464|2659, 2484|2746, 2496|2829, 2496|3491, 3048|3624, 3232|3722, 2696|3818, 3064|4107, http://www.ox.ac.uk, 
1268|1, 1268|900, 1272|1064, 1272|1185, 1640|1434, 1640|1661, 1456|1883, 2496|2269, 2496|2995, 2508|3074, 2444|3191, 2444|3433, 2628|3603, 2444|3738, 2628|3837, 2628|4024, http://blogs.360.cn, 
1268|1, 1268|989, 1272|1224, 1648|1408, 1648|2026, 1684|2318, 2604|2458, 2604|3208, 2504|3312, 2504|3400, 2872|3560, 3424|3704, 2688|3814, 3056|4013, http://www.ox.ac.uk, 
1268|1, 1268|1237, 1636|1460, 1668|1670, 1484|1978, 2404|2430, 2404|2541, 2468|2634, 2480|2708, 2480|3451, 2728|3628, 2736|3729, 2736|3823, 2552|3915, 2552|4004, https://www.linkedin.com, 
1268|1, 1268|1178, 1636|1497, 1544|1772, 2472|2306, 2472|2561, 2656|2649, 3024|2733, 3008|2818, 3008|3438, 2884|3560, 2884|3741, 2936|3817, 3060|4108, https://www.yahoo.com, 
1268|1, 1268|953, 1272|1073, 1640|1283, 1640|1669, 2944|2223, 2576|2400, 2576|2917, 2540|3013, 2480|3096, 2492|3184, 2492|3441, 2860|3583, 2492|3690, 2492|3804, 6172|3920, 6664|4104, https://www.pku.edu.cn, 
1268|1, 1268|1217, 1648|1485, 1648|1958, 2468|2433, 2468|2757, 2652|2869, 2836|2955, 2836|3250, 2884|3362, 2848|3490, 2848|3654, 3128|3879, 3312|4036, https://www.yahoo.com, 
1268|1, 1268|1091, 1636|1312, 1692|1588, 1484|1858, 1484|2292, 2404|2463, 2620|2655, 2620|3486, 2772|3584, 2888|3695, 2704|3819, 2704|3906, 2648|3987, 2648|4061, https://world.taobao.com, 
1268|1, 1268|976, 1280|1129, 1648|1403, 1648|1688, 2592|2116, 2592|2896, 2532|2992, 2488|3088, 2488|3488, 2856|3619, 4144|3754, 4328|3848, 4360|3934, 4296|4019, https://www.apple.com, 
1268|1, 1268|1305, 1692|1546, 1692|2208, 2372|2523, 2372|3056, 2376|3148, 2376|3251, 2448|3334, 2456|3488, 2456|3586, 2704|3730, 2520|4055, http://blogs.360.cn, 
1268|1, 1268|1278, 1636|1467, 1660|1732, 1660|2049, 2352|2477, 2540|2653, 2540|2919, 2724|3003, 2724|3094, 2908|3176, 2932|3314, 2932|3404, 2972|3491, 2844|3620, 2968|4077, https://www.yahoo.com, 
1268|1, 1268|1079, 1452|1328, 1452|1536, 1544|1875, 2280|2376, 2280|2560, 2416|2649, 2432|2743, 2432|3468, 2752|3622, 2696|3743, 5124|4121, https://www.alipay.com, 
1268|1, 1268|1299, 1452|1532, 1452|1768, 1548|2019, 2468|2475, 2468|2858, 2464|2959, 2464|3381, 2648|3554, 3200|3679, 2648|3768, 2832|3854, 2728|3960, 2820|4038, https://www.mit.edu, 
1268|1, 1268|1030, 1612|1257, 1640|1490, 1456|1707, 2448|2185, 2524|2407, 2524|2989, 2708|3088, 2736|3222, 2748|3347, 2748|3442, 2380|3530, 2380|3617, 2356|3714, 2636|3886, 2636|4024, https://www.yahoo.com, 
1268|1, 1268|1271, 1656|1601, 1656|1804, 1840|2212, 2528|2508, 2540|2600, 2540|2890, 2724|2972, 2908|3066, 2908|3328, 2912|3465, 2944|3600, 2948|3680, 3320|3889, 3504|4043, https://www.yahoo.com, 
1268|1, 1268|1297, 1636|1579, 1544|1841, 1544|2309, 2464|2476, 2464|2731, 2416|2810, 2432|2891, 2432|3563, 2616|3695, 2852|3826, 2852|4001, https://www.douyin.com, 
1268|1, 1268|946, 1272|1090, 1272|1231, 1456|1475, 1456|1908, 1956|2319, 2324|2469, 2324|2884, 2404|2972, 2404|3049, 2492|3165, 2492|3264, 2368|3452, 2676|3581, 4700|3749, 4700|3846, 4516|3955, 3660|4054, https://www.apple.com, 
1268|1, 1268|1288, 1708|1443, 1524|1797, 1524|2212, 2532|2551, 2532|3093, 2556|3185, 2556|3359, 2464|3462, 2464|3583, 2648|3701, 2464|4003, https://www.alipay.com, 
1268|1, 1268|1182, 1636|1430, 1488|1682, 1488|2266, 2408|2505, 2548|2631, 2548|3429, 2496|3585, 2536|3679, 2536|3775, 2904|3858, 2904|4027, https://www.ctrip.com, 
1268|1, 1268|1257, 1636|1430, 1636|1657, 1452|1866, 2476|2368, 2476|2813, 2436|2905, 2448|2982, 2448|3355, 2324|3497, 4160|4034, https://www.buaa.edu.cn, 
1268|1, 1268|1119, 1272|1271, 1640|1522, 1456|1753, 1456|2103, 2508|2448, 2508|2867, 2692|2949, 2632|3058, 2632|3141, 2532|3266, 2532|3452, 2780|3605, 2656|3746, 3208|3880, 3392|3975, 3392|4077, https://www.jd.com, 
1268|1, 1268|1145, 1700|1361, 1700|1640, 1516|1773, 2380|2317, 2448|2460, 2448|3223, 2472|3372, 2472|3514, 2720|3637, 3272|3741, 2720|3829, 2720|3907, 2928|3996, 8012|4156, https://www.mit.edu, 
1268|1, 1268|1278, 1600|1560, 1660|1810, 1660|2148, 2580|2467, 2424|2631, 2424|3535, 2536|3689, 2536|4061, https://www.bing.com, 
1268|1, 1268|849, 1272|1003, 1272|1337, 1640|1599, 1640|1765, 1560|2083, 2296|2447, 2296|2858, 2356|2942, 2436|3021, 2440|3095, 2440|3667, 2752|3815, 2568|3918, 2452|4015, https://www.pinduoduo.com, 
1268|1, 1268|1090, 1636|1404, 1472|1739, 1472|2099, 2572|2331, 2612|2426, 2612|2667, 2628|2752, 2628|3186, 2644|3318, 2676|3443, 2676|3701, 2860|3844, 2676|3979, 2676|4062, https://www.baidu.com, 
1268|1, 1268|1099, 1636|1269, 1708|1542, 1480|1796, 2400|2250, 2400|2546, 2424|2655, 2424|3435, 2488|3539, 2524|3642, 2524|3812, 2892|3900, 2892|4151, https://www.bing.com, 
1268|1, 1268|893, 1272|1049, 1272|1176, 1640|1422, 1456|1670, 1656|2044, 2576|2323, 2576|2860, 2580|2948, 2492|3035, 2492|3473, 3044|3595, 3044|3781, 4332|3904, 4376|3992, 4376|4080, https://www.apple.com, 
1268|1, 1268|1123, 1276|1269, 1568|1646, 1568|2038, 2452|2438, 2452|2941, 2440|3019, 2440|3181, 2472|3290, 2480|3419, 2480|3534, 2788|3700, 5732|3876, 3892|4056, https://zhuanlan.zhihu.com, 
1268|1, 1268|1130, 1636|1285, 1664|1585, 1480|1793, 2952|2267, 2400|2428, 2440|2524, 2428|2613, 2428|3270, 2552|3398, 2560|3511, 2580|3617, 3684|4049, https://www.bing.com, 
1268|1, 1268|1281, 1636|1516, 1456|1717, 1488|2052, 2408|2434, 2408|2633, 2448|2731, 2448|3150, 2456|3298, 2456|3561, 2832|3683, 2516|3839, 4172|3969, 3804|4100, https://www.buaa.edu.cn, 
1268|1, 1268|837, 1272|971, 1272|1394, 1640|1781, 1552|2051, 1552|2374, 2288|2633, 2288|2914, 2360|2995, 2448|3077, 2448|3853, 2608|3952, 2676|4049, http://blogs.360.cn, 
1268|1, 1268|1186, 1272|1311, 1456|1632, 1456|1880, 1588|2251, 2508|2452, 2508|3058, 2532|3153, 2640|3244, 3560|4068, https://www.baidu.com, 
1268|1, 1268|1199, 1636|1349, 1660|1670, 1660|2360, 2432|2493, 2452|2583, 2452|3481, 2688|3626, 2688|3741, 3608|3871, 3792|4040, https://www.mit.edu, 
1268|1, 1268|1349, 1452|1600, 1428|1778, 1540|2124, 2460|2459, 2460|2657, 2400|2747, 2440|2838, 2440|3713, 2936|3842, 3488|4089, https://www.douyin.com, 
1268|1, 1268|930, 1272|1028, 1272|1115, 1456|1323, 1456|1904, 1584|2191, 2504|2353, 2688|2460, 2688|2930, 2676|3024, 2644|3112, 2644|3792, 2828|3903, 2612|3998, 2664|4088, https://www.baidu.com, 
1268|1, 1268|1185, 1656|1480, 1656|1909, 1592|2325, 2328|2462, 2328|3186, 2460|3275, 2464|3406, 2464|3847, 2648|3929, 7064|4048, https://www.alipay.com, 
1268|1, 1268|1125, 1636|1278, 1660|1563, 1476|1744, 1476|2147, 2396|2385, 2428|2517, 2444|2606, 2444|3406, 2492|3522, 2492|3882, 2676|3985, 2636|4255, http://blogs.360.cn, 
1268|1, 1268|1138, 1636|1283, 1636|1590, 1596|1811, 1556|2197, 2292|2469, 2292|2725, 2396|2828, 2416|2917, 2416|3491, 2540|3573, 2540|3687, 2460|3811, 2580|3900, 2580|4030, https://www.netflix.com, 
1268|1, 1268|1069, 1272|1180, 1640|1420, 1640|1599, 1456|1902, 2320|2322, 2320|2553, 2504|2653, 2504|2981, 2488|3057, 2508|3150, 2508|3872, 3428|3987, 2856|4219, https://www.bing.com, 
1268|1, 1268|1280, 1552|1495, 1552|2301, 2404|2544, 2588|2638, 2588|3305, 2552|3414, 2560|3567, 2560|3693, 2744|3817, 2928|3925, 2928|4001, https://www.ctrip.com, 
1268|1, 1268|1419, 1644|1682, 1476|1912, 1476|2256, 2356|2640, 2428|2754, 2428|3051, 2612|3159, 2612|3584, 2564|3749, 2748|4129, https://www.ctrip.com, 
1268|1, 1268|1524, 1272|1786, 1272|2157, 1640|2517, 1656|3130, 1568|4038, https://www.netflix.com, 
1268|1, 1268|1927, 1280|2342, 1464|2879, 1464|3112, 1544|3469, 2464|3948, 2436|4247, http://blogs.360.cn, 
1268|1, 1268|2015, 1280|2277, 1464|2846, 1464|3071, 1488|3537, 2408|4042, http://blogs.360.cn, 
1268|1, 1268|1783, 1272|2180, 1640|2754, 1660|3214, 2708|4277, https://www.baidu.com, 
1268|1, 1268|1573, 1272|1967, 1272|2253, 1660|2828, 1476|3287, 1588|4047, https://www.ctrip.com, 
1268|1, 1268|2107, 1464|2672, 1280|3040, 1560|3655, 2408|4219, https://zhuanlan.zhihu.com, 
1268|1, 1268|2068, 1272|2403, 1640|3011, 1544|3261, 2480|4284, https://www.apple.com, 
1268|1, 1268|1806, 1272|2254, 1620|2891, 1476|3336, 1520|3923, 2500|4548, https://www.buaa.edu.cn, 
1268|1, 1268|1586, 1272|1851, 1640|2358, 1660|2782, 1480|3113, 2436|3833, 2592|4087, https://www.baidu.com, 
1268|1, 1268|2422, 1528|3157, 1560|4136, https://www.douyin.com, 
1268|1, 1268|2291, 1640|2844, 1640|3154, 1548|3608, 1548|4078, https://www.buaa.edu.cn, 
1268|1, 1268|1993, 1272|2313, 1456|2721, 1532|3140, 1484|3389, 2528|4439, https://www.baidu.com, 
1268|1, 1268|1676, 1272|2005, 1272|2263, 1700|2701, 1660|2987, 1476|3407, 2508|4144, https://www.baidu.com, 
1268|1, 1268|2399, 1640|2952, 1456|3308, 1560|4107, https://www.netflix.com, 
1268|1, 1268|2060, 1272|2323, 1652|2922, 1468|3210, 2476|4191, https://zhuanlan.zhihu.com, 
1268|1, 1268|1944, 1272|2368, 1456|2871, 1616|3319, 1484|3731, 1604|4499, https://www.bing.com, 
1268|1, 1268|1806, 1272|2259, 1272|2576, 1640|3137, 1484|3416, 2544|4435, https://www.douyin.com, 
1268|1, 1268|2674, 1648|3197, 1464|3572, 1564|4307, https://zhuanlan.zhihu.com, 
1268|1, 1268|1391, 1272|1805, 1272|2104, 1660|2744, 2508|4132, https://zhuanlan.zhihu.com, 
1268|1, 1268|1456, 1272|1871, 1272|2168, 1660|2850, 1476|3108, 1544|3606, 2504|4207, https://www.buaa.edu.cn, 
1268|1, 1268|2162, 1272|2585, 1272|2852, 1456|3421, 1660|3684, 1476|3992, 1488|4512, https://www.netflix.com, 
1268|1, 1268|1747, 1272|2058, 1272|2510, 1608|2936, 1656|3395, 2500|4501, https://www.netflix.com, 
1268|1, 1268|1567, 1272|1841, 1272|2380, 1660|2953, 2512|4318, https://zhuanlan.zhihu.com, 
1268|1, 1268|2461, 1648|3070, 1648|3308, 1564|3810, 2300|4325, https://www.netflix.com, 
