106946|1, 106946|1607, 106956|2229, 106956|3223, 106960|3358, 106980|3506, 106994|3720, 106998|3981, 106998|4078, https://www.jd.com, 
107216|1, 107218|504, 107218|1423, 107249|1995, 107249|3396, 107271|3573, 107281|3676, 107283|4023, https://www.douyin.com, 
107329|1, 107329|739, 107330|917, 107330|1553, 107337|1863, 107341|2187, 107353|2295, 107353|2788, 107358|2902, 107359|3010, 107359|3285, 107362|3441, 107365|3569, 107377|3665, 107378|3754, 107380|3844, 107390|4065, http://www.ox.ac.uk, 
107751|1, 107751|1252, 107752|1507, 107759|1864, 107759|4040, https://www.shodan.io, 
107783|1, 107783|831, 107784|959, 107785|1242, 107785|1453, 107791|1832, 107791|3892, 107793|3987, 107793|4061, https://www.netflix.com, 
107800|1, 107802|368, 107802|1354, 107806|1569, 107825|1943, 107829|2163, 107837|2269, 107839|4043, https://www.linkedin.com, 
107991|1, 107991|1615, 107997|2005, 107997|3589, 108005|3681, 108005|3778, 108006|3870, 108013|4087, http://www.ox.ac.uk, 
108957|1, 108959|333, 108959|1330, 108961|1531, 108978|1913, 108984|2280, 108984|3697, 109013|3837, 109030|3942, 109059|4047, https://www.pinduoduo.com, 
109113|1, 109115|321, 109115|1604, 109138|1962, 109146|2237, 109154|2360, 109158|2445, 109158|2774, 109160|2901, 109161|3017, 109161|3385, 109171|3517, 109171|4071, https://world.taobao.com, 
109391|1, 109391|1609, 109397|1904, 109397|3344, 109399|3487, 109401|3614, 109406|3718, 109407|3820, 109407|4076, http://www.ox.ac.uk, 
109586|1, 109588|333, 109588|1396, 109599|1675, 109611|2012, 109625|2262, 109628|2422, 109628|3549, 109631|3705, 109632|3798, 109632|4054, https://www.ctrip.com, 
109798|1, 109798|272, 109799|403, 109799|1610, 109808|1896, 109839|2293, 109839|3566, 109861|3663, 109873|3815, 109880|3939, 109917|4039, https://www.jd.com, 
110132|1, 110132|300, 110134|461, 110134|1622, 110140|2121, 110140|2337, 110142|2422, 110148|2519, 110153|2609, 110154|2696, 110154|3517, 110156|3639, 110165|3784, 110166|3897, 110170|4022, https://www.alipay.com, 
110204|1, 110204|1423, 110216|1679, 110230|1985, 110238|2245, 110238|3372, 110240|3496, 110240|4047, https://www.ctrip.com, 
110390|1, 110390|1476, 110398|1886, 110398|3621, 110406|3786, 110408|3917, 110408|4081, https://www.yahoo.com, 
110545|1, 110545|1555, 110565|1906, 110585|2308, 110590|2407, 110590|3746, 110600|3866, 110600|4033, https://world.taobao.com, 
110780|1, 110780|1778, 110786|2130, 110786|4092, https://www.netflix.com, 
110794|1, 110794|1595, 110798|2024, 110798|4114, https://www.mit.edu, 
110857|1, 110857|1700, 110863|2105, 110863|3635, 110874|3769, 110875|3860, 110875|4030, https://www.shodan.io, 
110883|1, 110883|1509, 110906|1889, 110914|2179, 110914|3826, 110932|3922, 110946|4035, https://www.douyin.com, 
110991|1, 110991|1581, 111001|1881, 111010|2188, 111016|2298, 111022|2410, 111032|2518, 111032|3515, 111042|3669, 111042|4004, https://world.taobao.com, 
111222|1, 111222|246, 111224|397, 111224|1490, 111247|1845, 111259|2203, 111261|4035, https://www.linkedin.com, 
111402|1, 111402|1702, 111404|1985, 111408|2388, 111408|3378, 111412|3491, 111413|4095, https://www.yahoo.com, 
111551|1, 111551|348, 111553|543, 111553|1536, 111563|1742, 111580|2197, 111580|2357, 111590|2467, 111590|3680, 111604|3823, 111606|3935, 111606|4028, https://www.jianshu.com, 
111725|1, 111725|236, 111727|359, 111727|1567, 111742|1972, 111761|2305, 111764|2420, 111767|2506, 111794|2616, 111794|4012, https://www.bing.com, 
111813|1, 111813|206, 111815|334, 111815|1672, 111819|2210, 111819|4030, https://www.pku.edu.cn, 
111856|1, 111856|1660, 111873|1964, 111886|2338, 111895|2477, 111895|3696, 111905|3801, 111909|3963, 111911|4068, https://www.jianshu.com, 
112049|1, 112049|1351, 112051|1713, 112059|2235, 112066|2383, 112067|2491, 112067|3604, 112069|3698, 112074|3805, 112078|3942, 112078|4027, https://www.alipay.com, 
112114|1, 112114|1500, 112124|1734, 112140|2187, 112150|2401, 112150|3572, 112160|3701, 112164|3796, 112166|3917, 112166|4012, https://www.jianshu.com, 
112290|1, 112290|281, 112292|428, 112292|1482, 112296|1788, 112322|2188, 112322|3319, 112341|3454, 112421|3629, 112427|3732, 112467|3844, 112468|3933, 112468|4019, http://blogs.360.cn, 
112575|1, 112575|466, 112576|624, 112577|824, 112577|1482, 112579|1873, 112583|2242, 112588|4012, https://www.shodan.io, 
112604|1, 112604|1219, 112606|1573, 112608|1900, 112612|2334, 112612|4051, https://www.mit.edu, 
112684|1, 112684|1549, 112712|1946, 112712|3275, 112727|3409, 112727|3613, 112768|3751, 112790|3855, 112804|3960, 112806|4069, http://blogs.360.cn, 
112917|1, 112917|256, 112918|347, 112918|1592, 112930|1800, 112947|2261, 112952|2457, 112961|2569, 112961|2925, 112963|3008, 112964|3112, 112964|3673, 112972|3794, 112974|3894, 112974|4058, https://world.taobao.com, 
113172|1, 113172|1657, 113176|2080, 113176|4057, https://www.mit.edu, 
113244|1, 113244|289, 113246|433, 113246|1487, 113256|1707, 113266|2026, 113281|2383, 113281|3551, 113282|3662, 113283|3791, 113283|4061, https://www.ctrip.com, 
113445|1, 113445|360, 113447|550, 113447|1578, 113457|1759, 113476|2108, 113481|2399, 113481|3449, 113501|3608, 113513|3713, 113515|4109, https://www.douyin.com, 
113559|1, 113559|1760, 113563|2255, 113563|4009, https://www.pku.edu.cn, 
113596|1, 113596|1330, 113598|1506, 113616|1956, 113628|2252, 113631|2346, 113631|2831, 113632|2906, 113632|3481, 113634|3592, 113634|4075, https://www.ctrip.com, 
113781|1, 113781|1693, 113801|2044, 113816|2402, 113816|3558, 113818|3696, 113818|4036, https://www.ctrip.com, 
113974|1, 113974|1428, 113990|1827, 114003|2247, 114014|2379, 114014|3620, 114028|3793, 114030|3925, 114030|4026, https://www.jianshu.com, 
114141|1, 114141|1623, 114153|1857, 114178|2359, 114178|2971, 114179|3067, 114179|4013, https://www.linkedin.com, 
114328|1, 114328|266, 114330|397, 114330|1555, 114342|1796, 114365|2191, 114365|2462, 114366|2551, 114366|3432, 114486|3612, 114600|3738, 114666|3824, 114743|4001, https://www.apple.com, 
114855|1, 114855|390, 114856|589, 114857|793, 114857|1605, 114859|1919, 114863|2266, 114863|4015, https://www.netflix.com, 
114871|1, 114871|1546, 114894|1877, 114906|2247, 114908|4165, https://www.linkedin.com, 
115029|1, 115029|1063, 115033|1320, 115033|1530, 115056|1869, 115071|2264, 115071|3222, 115077|3438, 115077|3584, 115093|3751, 115093|4061, https://www.jianshu.com, 
115225|1, 115225|467, 115227|662, 115227|1699, 115239|1958, 115251|2410, 115252|2492, 115260|2588, 115260|4046, https://www.linkedin.com, 
115369|1, 115369|304, 115371|504, 115371|1673, 115411|2162, 115411|3311, 115414|3450, 115432|3569, 115438|3696, 115458|3830, 115495|4067, https://www.jd.com, 
115766|1, 115766|191, 115767|305, 115767|1331, 115769|1545, 115778|1848, 115797|2237, 115797|3264, 115812|3399, 115812|3604, 115839|3720, 115849|3817, 115858|3927, 115882|4038, http://blogs.360.cn, 
115986|1, 115986|1610, 116002|1923, 116023|2319, 116023|4116, https://www.linkedin.com, 
116155|1, 116155|1536, 116160|1703, 116193|2188, 116193|3445, 116196|3563, 116220|3693, 116237|3817, 116274|4017, https://www.jd.com, 
116499|1, 116499|325, 116501|545, 116501|1546, 116511|1819, 116528|2256, 116538|2472, 116538|3517, 116551|3679, 116568|3804, 116580|4020, https://zhuanlan.zhihu.com, 
116655|1, 116655|286, 116657|383, 116657|1566, 116666|1734, 116676|2036, 116682|2347, 116682|3686, 116689|3831, 116723|3953, 116756|4068, https://www.pinduoduo.com, 
116812|1, 116812|1618, 116837|1938, 116849|2260, 116851|4189, https://www.linkedin.com, 
116987|1, 116987|346, 116989|547, 116989|1653, 117001|1899, 117022|2272, 117033|2444, 117034|2569, 117034|3674, 117044|3815, 117044|4081, https://world.taobao.com, 
117251|1, 117251|283, 117253|446, 117253|1445, 117255|1806, 117257|2156, 117257|4069, https://www.pku.edu.cn, 
117291|1, 117291|1544, 117303|1826, 117322|2300, 117328|2447, 117330|2544, 117339|2640, 117340|2733, 117340|2814, 117342|2901, 117342|3513, 117350|3667, 117352|3763, 117352|4007, https://world.taobao.com, 
117539|1, 117539|282, 117541|419, 117541|1471, 117546|1690, 117581|2046, 117581|3490, 117587|3642, 117603|3768, 117622|3873, 117659|4055, https://www.jd.com, 
117861|1, 117861|1497, 117863|1697, 117873|2006, 117891|2355, 117891|3463, 117904|3598, 117906|3703, 117906|3883, 117942|3980, 117947|4074, http://blogs.360.cn, 
118064|1, 118064|312, 118066|530, 118066|1607, 118082|1888, 118104|2312, 118104|3440, 118330|3608, 118404|3736, 118404|3830, 118406|3922, 118407|4014, https://www.apple.com, 
118507|1, 118507|209, 118508|328, 118508|1328, 118518|1664, 118527|2118, 118533|2346, 118533|3540, 118557|3707, 118578|3815, 118608|3932, 118624|4019, https://www.pinduoduo.com, 
118662|1, 118662|1550, 118678|1846, 118691|2106, 118702|2413, 118702|3413, 118706|3560, 118738|3764, 118758|3873, 118758|4077, https://zhuanlan.zhihu.com, 
118833|1, 118833|188, 118835|350, 118835|1674, 118841|2088, 118841|3870, 118851|3992, 118857|4093, https://www.buaa.edu.cn, 
118892|1, 118892|301, 118893|447, 118893|1724, 118909|2117, 118919|2478, 118919|2582, 118929|2684, 118929|3609, 118939|3763, 118943|3872, 118945|3988, 118945|4076, https://www.jianshu.com, 
119068|1, 119068|1347, 119070|1616, 119079|1950, 119110|2339, 119110|3586, 119134|3700, 119144|3823, 119150|3925, 119158|4014, https://www.jd.com, 
119427|1, 119427|265, 119428|367, 119428|1572, 119442|1888, 119457|2279, 119467|2461, 119472|2559, 119472|3592, 119482|3718, 119482|4099, https://world.taobao.com, 
119656|1, 119656|1634, 119672|1950, 119690|2343, 119690|4021, https://www.linkedin.com, 
119841|1, 119841|414, 119843|577, 119843|1654, 119849|2170, 119857|2428, 119861|2533, 119862|2636, 119862|3148, 119865|3251, 119865|3685, 119872|3817, 119877|3954, 119877|4032, https://www.alipay.com, 
119911|1, 119911|1430, 119913|1712, 119915|2111, 119917|4087, https://www.pku.edu.cn, 
119952|1, 119952|289, 119954|445, 119954|1741, 119971|2154, 119991|2386, 119991|3479, 120001|3603, 120017|3740, 120034|3877, 120071|4096, https://www.jd.com, 
120271|1, 120271|1352, 120283|1637, 120296|2099, 120296|3518, 120300|3639, 120335|3751, 120344|3847, 120370|3938, 120387|4032, https://www.pinduoduo.com, 
120424|1, 120424|357, 120426|595, 120426|1800, 120452|2218, 120456|2433, 120456|3543, 120476|3682, 120488|3780, 120489|4089, https://www.douyin.com, 
120536|1, 120536|1646, 120548|1892, 120562|2195, 120571|2377, 120571|3325, 120597|3505, 120734|3683, 120734|3784, 120736|3873, 120737|3984, 120739|4066, https://www.apple.com, 
120826|1, 120826|310, 120828|437, 120828|1769, 120845|2171, 120862|2419, 120865|2516, 120868|2605, 120894|2702, 120894|3881, 120895|3998, 120899|4159, https://www.bing.com, 
120913|1, 120913|1202, 120914|1422, 120917|1691, 120923|2065, 120925|2313, 120925|2482, 120937|2585, 120937|2905, 120941|2994, 120941|3447, 120943|3583, 120947|3712, 120950|3802, 120951|3890, 120958|4007, http://www.ox.ac.uk, 
121104|1, 121104|293, 121105|483, 121105|1580, 121117|1834, 121121|2218, 121121|3467, 121166|3627, 121365|3766, 121426|3889, 121428|4067, https://www.apple.com, 
121487|1, 121487|293, 121489|519, 121489|1563, 121499|1772, 121516|2227, 121516|2474, 121527|2581, 121527|2979, 121528|3097, 121528|3656, 121538|3804, 121544|3947, 121544|4097, https://www.jianshu.com, 
121672|1, 121672|198, 121673|358, 121674|608, 121674|1702, 121693|2116, 121699|2316, 121699|3545, 121704|3687, 121739|3800, 121773|3916, 121790|4014, https://www.pinduoduo.com, 
121828|1, 121828|276, 121830|435, 121830|1592, 121844|1999, 121857|2288, 121870|2393, 121870|3402, 121877|3561, 121893|3696, 121899|3792, 121911|3897, 121911|4016, https://zhuanlan.zhihu.com, 
121996|1, 121996|1605, 122002|2084, 122004|2355, 122010|2451, 122014|2554, 122015|2651, 122015|3617, 122022|3765, 122027|3906, 122047|4123, https://www.alipay.com, 
122062|1, 122062|1516, 122069|1763, 122087|2257, 122087|3638, 122128|3788, 122149|3893, 122166|3997, 122178|4084, https://www.pinduoduo.com, 
122217|1, 122217|1682, 122221|2042, 122221|3215, 122223|3352, 122223|3723, 122224|3865, 122239|3990, 122239|4101, https://www.buaa.edu.cn, 
122277|1, 122277|272, 122278|424, 122278|1615, 122288|1858, 122312|2313, 122315|2462, 122344|2564, 122348|4051, https://www.bing.com, 
122363|1, 122363|276, 122365|418, 122365|1467, 122383|1720, 122408|2243, 122483|2368, 122483|3524, 122520|3685, 122658|3837, 122703|3935, 122703|4029, https://www.baidu.com, 
122940|1, 122940|556, 122943|715, 122943|1621, 122955|1813, 122963|2090, 122970|2405, 122970|3861, 123006|3994, 123044|4136, https://www.pinduoduo.com, 
123098|1, 123098|337, 123099|571, 123100|744, 123100|1593, 123106|1981, 123106|3785, 123110|3894, 123112|4003, https://www.shodan.io, 
123128|1, 123128|265, 123129|408, 123129|1699, 123159|2173, 123168|2432, 123168|3712, 123178|3846, 123184|3962, 123184|4060, https://www.jianshu.com, 
123321|1, 123321|1447, 123338|1766, 123362|2160, 123362|3145, 123364|3332, 123375|3478, 123391|3605, 123401|3705, 123401|4121, https://zhuanlan.zhihu.com, 
123489|1, 123489|244, 123491|422, 123491|1651, 123495|2016, 123495|4078, https://www.pku.edu.cn, 
123530|1, 123530|1196, 123531|1489, 123534|1750, 123538|2231, 123538|3466, 123542|3578, 123550|3702, 123556|3789, 123556|4073, https://www.mit.edu, 
123630|1, 123630|1522, 123632|1768, 123634|2239, 123634|3440, 123636|3594, 123652|4040, https://www.buaa.edu.cn, 
123691|1, 123691|1702, 123705|2013, 123725|2390, 123728|2499, 123728|2599, 123753|2701, 123758|4086, https://www.bing.com, 
123772|1, 123772|1586, 123786|1931, 123803|2274, 123803|3399, 123807|3531, 123835|3650, 123835|4015, https://www.douyin.com, 
123882|1, 123882|1496, 123903|1815, 123921|2192, 123921|3356, 123935|3497, 123937|3658, 123937|4063, https://www.jianshu.com, 
124063|1, 124063|559, 124065|680, 124069|865, 124069|1451, 124070|1703, 124073|2168, 124073|3559, 124075|3674, 124075|4003, https://www.pku.edu.cn, 
124109|1, 124109|925, 124111|1081, 124111|1601, 124113|1870, 124117|2327, 124117|3446, 124127|3566, 124129|3673, 124129|4078, https://www.shodan.io, 
124137|1, 124137|1510, 124139|1832, 124141|2224, 124141|3355, 124143|3540, 124143|3796, 124159|3920, 124159|4019, https://www.buaa.edu.cn, 
124198|1, 124198|1762, 124204|2030, 124204|3705, 124208|3817, 124212|3903, 124213|3992, 124214|4075, http://www.ox.ac.uk, 
124404|1, 124404|1619, 124408|1927, 124408|4071, https://www.mit.edu, 
124483|1, 124483|1643, 124485|1889, 124489|2300, 124489|3440, 124499|3579, 124501|3671, 124501|4066, https://www.shodan.io, 
124509|1, 124509|1515, 124511|1776, 124513|2116, 124513|4081, https://www.mit.edu, 
124597|1, 124597|346, 124599|467, 124599|1492, 124603|1732, 124625|2202, 124625|3702, 124630|3814, 124669|3961, 124700|4074, https://www.pinduoduo.com, 
124756|1, 124756|1608, 124758|1935, 124762|2221, 124762|3645, 124774|3733, 124774|4108, https://www.shodan.io, 
124782|1, 124782|1684, 124790|2118, 124792|2390, 124792|2480, 124794|2566, 124794|3608, 124800|3730, 124803|3817, 124804|3905, 124805|3991, 124805|4076, http://www.ox.ac.uk, 
124951|1, 124951|603, 124954|735, 124954|1496, 124970|1788, 124983|2233, 124993|2335, 124993|3542, 125009|3708, 125009|4001, https://www.jianshu.com, 
125114|1, 125114|221, 125116|330, 125116|1525, 125129|1970, 125157|2238, 125157|3570, 125172|3675, 125190|3809, 125196|3947, 125234|4079, https://www.jd.com, 
125462|1, 125462|319, 125464|518, 125464|1688, 125466|1995, 125470|2306, 125470|4022, https://www.yahoo.com, 
125574|1, 125574|1667, 125576|1908, 125578|2357, 125578|4089, https://www.pku.edu.cn, 
125611|1, 125611|174, 125613|289, 125615|447, 125615|1768, 125630|2137, 125651|2445, 125651|4076, https://www.linkedin.com, 
125806|1, 125806|406, 125807|608, 125808|836, 125808|1760, 125812|2047, 125814|2395, 125814|3486, 125817|3587, 125817|4087, https://www.shodan.io, 
125837|1, 125837|1621, 125839|1940, 125843|2315, 125843|3770, 125854|3880, 125855|4068, https://www.shodan.io, 
125863|1, 125863|1722, 125865|1944, 125869|2360, 125869|3554, 125871|3709, 125873|3813, 125877|3921, 125879|4023, http://www.ox.ac.uk, 
126069|1, 126069|368, 126071|554, 126071|1798, 126086|2177, 126108|2427, 126111|2573, 126141|2664, 126141|4099, https://www.bing.com, 
126164|1, 126164|295, 126166|466, 126166|1480, 126178|1717, 126197|2146, 126207|4085, https://www.douyin.com, 
126274|1, 126274|1271, 126276|1679, 126280|2102, 126282|2324, 126282|4092, https://www.mit.edu, 
126354|1, 126354|291, 126356|489, 126356|1660, 126368|1867, 126382|2230, 126390|2431, 126390|3615, 126392|3737, 126392|4053, https://www.ctrip.com, 
126541|1, 126541|253, 126542|424, 126542|1659, 126561|2047, 126578|2291, 126578|3301, 126710|3465, 126905|3599, 126905|3699, 126907|3797, 126908|3908, 126910|3999, 126913|4095, https://www.apple.com, 
127019|1, 127019|182, 127020|323, 127020|1709, 127058|2103, 127063|2395, 127063|2505, 127118|2625, 127118|3772, 127142|3909, 127275|4028, https://www.baidu.com, 
127504|1, 127504|417, 127506|584, 127506|1443, 127513|1768, 127545|2246, 127545|3630, 127573|3768, 127587|3952, 127617|4059, https://www.jd.com, 
127882|1, 127882|574, 127883|753, 127884|896, 127884|1808, 127890|2187, 127890|4196, https://www.netflix.com, 
127898|1, 127898|1390, 127928|1762, 127942|2102, 127999|2258, 127999|3600, 128022|3751, 128133|3870, 128188|3980, 128235|4088, https://www.baidu.com, 
128420|1, 128420|287, 128422|428, 128422|1809, 128426|2130, 128426|2812, 128428|2889, 128433|2975, 128437|3072, 128438|3191, 128438|3685, 128445|3826, 128450|3963, 128450|4047, https://www.alipay.com, 
128486|1, 128486|274, 128487|437, 128487|1550, 128512|2092, 128512|3665, 128523|3778, 128554|3908, 128587|4015, https://www.pinduoduo.com, 
128649|1, 128649|295, 128651|486, 128651|1628, 128674|1976, 128684|2252, 128687|2370, 128697|2468, 128698|2551, 128698|2653, 128699|2742, 128700|2831, 128700|3467, 128708|3606, 128710|3698, 128710|4063, https://world.taobao.com, 
128901|1, 128901|329, 128905|459, 128905|1582, 128908|1819, 128914|2289, 128914|3730, 128926|3917, 128926|4058, https://www.yahoo.com, 
129036|1, 129036|324, 129038|439, 129038|1691, 129044|2058, 129044|3522, 129056|3662, 129056|4052, https://www.shodan.io, 
129062|1, 129064|195, 129064|368, 129065|544, 129065|1601, 129076|1800, 129099|2238, 129100|2451, 129100|3520, 129146|3643, 129329|3815, 129331|4014, https://www.apple.com, 
129412|1, 129412|242, 129416|370, 129416|1498, 129418|1866, 129420|2261, 129420|4015, https://www.pku.edu.cn, 
129455|1, 129455|133, 129457|234, 129457|1540, 129461|1929, 129463|2249, 129463|3733, 129465|3876, 129479|3987, 129479|4094, https://www.buaa.edu.cn, 
129515|1, 129515|451, 129518|598, 129518|1757, 129522|2065, 129524|2391, 129536|4061, https://www.yahoo.com, 
129646|1, 129646|1618, 129650|2213, 129650|4037, https://www.pku.edu.cn, 
129682|1, 129682|355, 129684|575, 129684|1613, 129686|1951, 129690|2331, 129698|2539, 129703|2641, 129703|3484, 129706|3613, 129715|3827, 129722|4026, https://www.alipay.com, 
129751|1, 129751|143, 129753|245, 129753|1479, 129755|1765, 129759|2159, 129767|2331, 129771|2428, 129772|2530, 129772|3470, 129783|3645, 129784|3731, 129805|4014, https://www.alipay.com, 
129818|1, 129818|507, 129819|715, 129819|1533, 129827|1779, 129831|2137, 129833|2356, 129833|2484, 129835|2590, 129835|3454, 129837|3638, 129839|3755, 129841|3848, 129845|3951, 129852|4057, http://www.ox.ac.uk, 
130002|1, 130002|1508, 130016|1832, 130031|2263, 130035|2371, 130035|2456, 130046|2600, 130046|3479, 130056|3593, 130056|4058, https://world.taobao.com, 
130279|1, 130279|1598, 130281|1826, 130285|2209, 130285|3612, 130289|3716, 130292|3809, 130293|3893, 130294|3990, 130294|4100, http://www.ox.ac.uk, 
130475|1, 130475|315, 130477|465, 130477|1676, 130481|1917, 130507|2293, 130507|3436, 130534|3589, 130573|3717, 130593|3817, 130617|3921, 130617|4044, http://blogs.360.cn, 
130729|1, 130729|1704, 130735|2049, 130735|3566, 130739|3687, 130742|3783, 130743|3878, 130744|3982, 130748|4072, http://www.ox.ac.uk, 
130929|1, 130929|342, 130933|526, 130933|1655, 130959|2049, 130968|2400, 130968|4082, https://www.linkedin.com, 
131127|1, 131127|1536, 131129|1817, 131145|2318, 131148|2433, 131149|2542, 131153|4104, https://www.yahoo.com, 
131282|1, 131282|1478, 131284|1781, 131293|2281, 131299|2383, 131303|2485, 131303|4092, https://www.pku.edu.cn, 
131339|1, 131339|347, 131340|480, 131340|1746, 131342|2023, 131354|2438, 131357|2552, 131361|2649, 131361|3638, 131367|3902, 131373|4024, https://www.yahoo.com, 
131515|1, 131515|516, 131516|665, 131516|1359, 131520|1604, 131532|1894, 131561|2309, 131570|2452, 131580|2621, 131580|3053, 131581|3138, 131581|3676, 131591|3786, 131591|4026, https://world.taobao.com, 
131789|1, 131789|1434, 131803|1830, 131813|2160, 131819|2256, 131819|2334, 131823|2443, 131823|3195, 131825|3342, 131874|3471, 132156|3604, 132181|3732, 132181|3908, 132183|3997, 132184|4075, https://www.apple.com, 
132289|1, 132289|1526, 132291|1756, 132326|2314, 132332|2473, 132332|2561, 132336|2668, 132336|3435, 132338|3564, 132348|3685, 132348|3787, 132352|3878, 132384|4001, http://blogs.360.cn, 
132518|1, 132518|1640, 132524|2054, 132537|2447, 132541|2559, 132541|3828, 132553|3985, 132553|4154, https://www.yahoo.com, 
132681|1, 132681|1598, 132687|1978, 132701|2366, 132708|2461, 132713|2544, 132717|2634, 132718|2730, 132718|3614, 132725|3739, 132730|3885, 132748|4137, https://www.alipay.com, 
132768|1, 132768|1235, 132769|1502, 132770|1730, 132772|2091, 132780|2438, 132784|2589, 132789|2701, 132793|2803, 132793|4072, https://www.mit.edu, 
132859|1, 132859|1007, 132860|1277, 132860|1504, 132862|1784, 132870|2206, 132879|2378, 132884|2513, 132884|3681, 132894|3865, 132896|4053, https://www.yahoo.com, 
133019|1, 133019|1640, 133021|1852, 133032|2363, 133038|2489, 133038|2582, 133042|2697, 133042|3660, 133051|3874, 133054|4035, https://www.yahoo.com, 
133196|1, 133196|173, 133198|305, 133200|531, 133200|1592, 133214|1943, 133241|2352, 133244|2457, 133244|3017, 133249|3121, 133249|3546, 133253|3692, 133272|3807, 133281|3891, 133281|4078, https://www.douyin.com, 
133328|1, 133328|179, 133329|307, 133329|1582, 133347|2002, 133366|2296, 133376|2433, 133379|2519, 133383|2598, 133383|3437, 133455|3590, 133518|3718, 133520|3820, 133521|3925, 133523|4016, https://www.apple.com, 
133581|1, 133581|1841, 133594|2357, 133603|2543, 133612|2652, 133617|2757, 133617|3698, 133620|3824, 133629|4007, https://www.alipay.com, 
133666|1, 133666|199, 133668|376, 133668|1437, 133678|1681, 133689|1982, 133709|2249, 133721|2471, 133721|3545, 133722|3640, 133723|3734, 133723|4072, https://www.ctrip.com, 
133890|1, 133890|1651, 133892|1991, 133894|2359, 133904|2502, 133907|2588, 133907|2672, 133911|2763, 133911|3596, 133913|3755, 133913|3868, 133917|3992, 133929|4108, https://www.buaa.edu.cn, 
133966|1, 133966|290, 133968|566, 133968|1717, 134006|2187, 134015|2393, 134021|2493, 134021|3090, 134026|3225, 134026|3409, 134031|3566, 134055|3714, 134073|3829, 134110|4020, https://www.jd.com, 
134334|1, 134334|582, 134335|743, 134335|1632, 134337|1869, 134349|2325, 134352|2435, 134356|2516, 134356|4013, https://www.mit.edu, 
134418|1, 134418|319, 134420|468, 134420|1617, 134432|1917, 134455|2255, 134471|2491, 134501|2637, 134501|4046, https://www.bing.com, 
134521|1, 134521|325, 134523|461, 134523|1731, 134542|2132, 134561|2457, 134561|2565, 134565|2650, 134565|3794, 134567|3879, 134612|4063, https://www.pinduoduo.com, 
134694|1, 134694|304, 134696|464, 134696|1434, 134718|1769, 134749|2124, 134808|2302, 134812|2393, 134812|3538, 134847|3669, 134991|3818, 135072|3944, 135072|4024, https://www.baidu.com, 
135269|1, 135269|1563, 135279|1885, 135301|2272, 135318|2437, 135320|2531, 135350|2634, 135355|4158, https://www.bing.com, 
135370|1, 135370|1432, 135384|1742, 135388|2075, 135395|2302, 135401|2400, 135401|2481, 135405|2598, 135405|3455, 135451|3609, 135733|3778, 135735|4074, https://www.apple.com, 
135809|1, 135809|311, 135811|536, 135811|1671, 135846|2233, 135863|2408, 135867|2543, 135867|3521, 135877|3691, 135896|3839, 135906|3927, 135908|4024, https://zhuanlan.zhihu.com, 
135986|1, 135986|1567, 135996|1833, 136027|2274, 136036|2402, 136040|2498, 136068|2585, 136073|4075, https://www.bing.com, 
136088|1, 136088|1675, 136096|2163, 136105|2389, 136105|2475, 136109|2595, 136109|3516, 136111|3665, 136111|3794, 136121|3945, 136127|4051, https://www.buaa.edu.cn, 
136165|1, 136165|378, 136167|526, 136167|1518, 136169|1809, 136171|2073, 136197|2430, 136209|2620, 136210|2709, 136214|2802, 136214|3424, 136229|3584, 136268|3726, 136270|3832, 136288|3931, 136288|4024, http://blogs.360.cn, 
136383|1, 136383|1615, 136409|1915, 136439|2299, 136527|2459, 136527|3702, 136539|3799, 136626|3928, 136714|4035, https://www.baidu.com, 
136907|1, 136907|1876, 136919|2317, 136922|2418, 136926|2509, 136926|3420, 136928|3568, 136934|3685, 136944|3797, 136944|4103, https://www.mit.edu, 
137012|1, 137012|1612, 137022|1802, 137047|2183, 137058|2437, 137062|2526, 137062|3553, 137088|3705, 137094|3802, 137094|4068, https://www.douyin.com, 
137139|1, 137141|179, 137141|1584, 137173|1949, 137192|2221, 137249|2335, 137253|2439, 137253|3595, 137425|3774, 137453|3892, 137453|4067, https://www.baidu.com, 
137655|1, 137655|290, 137657|461, 137657|1648, 137663|1949, 137676|2304, 137680|2437, 137683|2537, 137688|2622, 137693|2712, 137694|2799, 137694|3424, 137697|3549, 137705|3738, 137720|4029, https://www.alipay.com, 
137742|1, 137742|1539, 137746|1784, 137772|2180, 137779|2370, 137785|2489, 137789|2586, 137789|2945, 137791|3021, 137800|3172, 137800|3391, 137802|3523, 137846|3658, 137861|3769, 137863|3853, 137882|3960, 137884|4247, http://blogs.360.cn, 
137975|1, 137975|1605, 137978|1824, 137990|2265, 137996|2435, 137996|2604, 138000|2699, 138000|4072, https://www.netflix.com, 
138011|1, 138011|199, 138013|358, 138013|1560, 138037|2007, 138048|2271, 138063|2413, 138063|2495, 138088|2602, 138088|3000, 138092|3099, 138092|3821, 138097|3998, 138097|4179, https://www.bing.com, 
138112|1, 138112|1664, 138125|1885, 138153|2363, 138160|2463, 138164|2556, 138164|3496, 138166|3618, 138166|4077, https://www.ctrip.com, 
138319|1, 138319|1691, 138323|1901, 138343|2256, 138365|2602, 138371|2702, 138371|3805, 138373|3965, 138373|4082, https://www.ctrip.com, 
138523|1, 138523|3071, 138525|3425, 138533|4136, https://www.netflix.com, 
138554|1, 138554|3043, 138565|3493, 138591|4011, http://blogs.360.cn, 
138782|1, 138782|2937, 138795|3526, 138819|3983, 138825|4129, http://blogs.360.cn, 
139015|1, 139015|2773, 139033|3255, 139061|3827, 139129|4256, https://www.baidu.com, 
139394|1, 139394|344, 139396|521, 139396|2847, 139410|3368, 139439|4043, https://www.ctrip.com, 
139552|1, 139552|2672, 139562|2990, 139601|3737, 139612|4133, https://zhuanlan.zhihu.com, 
139704|1, 139704|366, 139705|592, 139705|2941, 139715|3226, 139733|3817, 139751|4215, https://www.apple.com, 
140188|1, 140194|4024, https://www.buaa.edu.cn, 
140267|1, 140267|223, 140268|679, 140268|2818, 140286|3181, 140375|3934, 140381|4055, https://www.baidu.com, 
140637|1, 140637|512, 140639|1010, 140639|3096, 140655|3663, 140673|4159, https://www.douyin.com, 
140776|1, 140776|3123, 140778|3603, 140787|4187, https://www.buaa.edu.cn, 
140853|1, 140853|3098, 140869|3354, 140887|3909, 140969|4336, https://www.baidu.com, 
141187|1, 141187|2976, 141207|3381, 141319|4103, https://www.baidu.com, 
141564|1, 141564|2971, 141566|3290, 141580|4086, https://www.netflix.com, 
141594|1, 141594|379, 141596|737, 141596|2886, 141610|3331, 141648|4093, https://zhuanlan.zhihu.com, 
141742|1, 141742|603, 141750|1212, 141750|3232, 141775|3893, 141805|4446, https://www.bing.com, 
141851|1, 141851|3105, 141862|3362, 141881|4004, https://www.douyin.com, 
141978|1, 141978|3092, 141990|3523, 142007|4165, https://zhuanlan.zhihu.com, 
142128|1, 142128|2696, 142139|3021, 142177|3788, 142188|4077, https://zhuanlan.zhihu.com, 
142286|1, 142286|3049, 142290|3583, 142300|4078, https://www.buaa.edu.cn, 
142362|1, 142362|952, 142364|1458, 142364|3572, 142366|3858, 142370|4426, https://www.netflix.com, 
142394|1, 142394|3379, 142400|3951, 142410|4480, https://www.netflix.com, 
142424|1, 142424|3154, 142441|3688, 142477|4217, https://zhuanlan.zhihu.com, 
142573|1, 142573|3002, 142575|3294, 142583|3836, 142592|4225, https://www.netflix.com, 
