444300|1, 446464|849, 447936|955, 450976|1119, 453544|1254, 456804|1665, 459344|1827, 460552|2356, 459656|2608, 459720|2688, 459784|2757, 459680|2849, 459748|2941, 459636|3027, 459900|3121, 459900|3339, 459716|3456, 459900|3596, 459716|3743, 460636|3928, 460572|4204, https://www.jd.com, 
455072|1, 455072|1120, 455432|1334, 455460|1596, 455092|2035, 456012|2397, 455936|2488, 456016|2581, 456016|2744, 456200|2829, 456200|3454, 456296|3597, 456544|3756, 456728|3879, 456764|4086, https://www.douyin.com, 
455084|1, 455084|561, 455072|727, 455072|1225, 455596|1438, 455564|1661, 455448|1979, 456368|2327, 456368|2623, 456352|2706, 456376|2783, 456376|3563, 456504|3715, 456548|3817, 456412|3906, 456660|4138, http://www.ox.ac.uk, 
454904|1, 455080|685, 455080|936, 455016|1093, 455016|1195, 455372|1379, 455352|1655, 454980|1945, 455488|2325, 455856|2492, 455856|2761, 456040|2842, 456040|2919, 456212|3004, 456184|3096, 456184|3334, 456736|3581, 456368|3722, 456736|3813, 456736|3893, 459128|3985, 460004|4095, https://www.shodan.io, 
455060|1, 455064|536, 455064|970, 455072|1104, 455416|1372, 455400|1586, 455216|1854, 456128|2251, 456128|2648, 456312|2757, 456312|3036, 456240|3119, 456240|3517, 456056|3628, 456240|3729, 456240|3827, 456264|3921, 456264|4046, https://www.netflix.com, 
455232|1, 455232|1098, 455600|1248, 455628|1476, 455628|1645, 455436|1912, 455428|2249, 456156|2393, 456232|2487, 456232|2668, 456416|2750, 456416|2836, 456444|2913, 456444|3346, 456500|3472, 456688|3589, 456688|3696, 456504|3777, 456504|3867, 456688|3954, 457044|4149, https://www.linkedin.com, 
455300|1, 455300|626, 455360|786, 455360|1158, 455712|1437, 455752|1684, 455400|1958, 456312|2356, 456312|2637, 456400|2712, 456568|2792, 456568|3523, 457120|3654, 457020|3783, 457020|3880, 457032|3968, 457156|4069, http://www.ox.ac.uk, 
456636|1, 456772|370, 456772|868, 456768|1021, 456772|1144, 457112|1360, 457088|1563, 456712|1908, 456892|2340, 457812|2483, 457812|2712, 457996|2819, 457996|2909, 457972|2991, 457936|3078, 457988|4027, https://www.pinduoduo.com, 
456780|1, 456780|1158, 457112|1347, 457152|1542, 456968|1682, 456952|1984, 456952|2312, 458064|2468, 458064|2633, 458068|2710, 458068|2970, 458316|3122, 458316|3333, 458424|3459, 458056|3626, 458056|3798, 458040|3878, 458036|4084, https://world.taobao.com, 
457160|1, 457160|663, 457152|778, 457152|1182, 457336|1322, 457368|1706, 457184|1974, 457176|2287, 458096|2479, 458104|2618, 458156|2703, 458180|2796, 458364|2877, 458364|3458, 459100|3595, 458620|3746, 458620|3849, 458804|3949, 459356|4043, http://www.ox.ac.uk, 
457204|1, 457204|386, 457196|562, 457196|701, 457144|864, 457192|992, 457192|1262, 457524|1444, 457500|1725, 457292|2082, 457292|2339, 458212|2516, 458212|2788, 458488|2863, 458468|2940, 458472|3016, 458472|3795, 458672|3904, 458672|4001, https://www.ctrip.com, 
457360|1, 457360|1050, 457484|1187, 457844|1411, 457796|1665, 457612|1883, 458152|2327, 458704|2503, 458704|2834, 458888|2948, 458888|3025, 458876|3108, 458752|3213, 458752|3477, 459000|3633, 458816|3726, 459552|3861, 459552|4093, https://www.jd.com, 
458104|1, 458100|507, 458100|622, 458092|824, 458092|1305, 458364|1524, 458324|1808, 458124|2206, 459036|2559, 459036|2923, 459208|3007, 459208|3086, 459216|3167, 459216|3393, 459308|3516, 459308|3735, 459492|3854, 459308|3976, 459296|4117, https://www.alipay.com, 
458152|1, 458152|1117, 458512|1346, 458540|1537, 458348|1700, 458156|2074, 459076|2353, 459240|2478, 459212|2632, 459212|2720, 459396|2801, 459396|2976, 459424|3068, 459424|3356, 459476|3486, 459500|3621, 459500|3850, 459684|3942, 459684|4018, https://www.ctrip.com, 
458456|1, 458456|679, 458444|852, 458428|961, 458428|1068, 458756|1347, 458756|1535, 458748|1847, 459616|2227, 459616|2690, 459804|2775, 459720|2876, 459720|2966, 459904|3072, 459904|3199, 460088|3308, 460088|3398, 459536|3486, 459536|3571, 459684|3657, 459792|3844, 459900|3988, 460268|4135, https://www.yahoo.com, 
458660|1, 458660|1088, 458848|1286, 458620|1601, 458424|1910, 459708|2301, 459892|2486, 459892|2644, 460076|2722, 460076|2877, 460084|2954, 460084|3122, 460032|3212, 460032|3545, 460280|3696, 460280|3812, 459908|3943, 459908|4041, https://world.taobao.com, 
458844|1, 458844|429, 458848|587, 458848|1260, 459256|1502, 459036|1794, 458844|2153, 459764|2416, 459804|2545, 459768|2635, 459768|2873, 459952|2959, 459952|3498, 460048|3592, 460048|4040, https://www.netflix.com, 
459436|1, 459436|512, 459488|656, 459492|828, 459492|1117, 459648|1337, 459632|1613, 459576|1979, 460312|2322, 460312|2610, 460432|2695, 460652|2790, 460652|2941, 460680|3027, 460680|3392, 460864|3520, 461232|3649, 461632|3734, 461612|3817, 461616|3910, 465584|4031, https://www.mit.edu, 
459620|1, 459620|1057, 459628|1215, 459628|1320, 459952|1579, 459752|1786, 459568|2007, 460652|2453, 460652|2836, 460836|2919, 460836|3002, 460780|3083, 460800|3183, 460800|3542, 460924|3699, 461108|3849, 461292|3945, 461476|4030, https://www.shodan.io, 
459652|1, 459652|384, 459656|616, 459656|1127, 460084|1335, 460040|1573, 459848|1874, 459656|2228, 460620|2425, 460620|2677, 460804|2761, 460804|3274, 460852|3439, 460852|3543, 461220|3686, 461588|3780, 461404|4024, https://www.douyin.com, 
459684|1, 459684|435, 459676|651, 459676|1158, 460000|1419, 460164|1605, 459980|1851, 460892|2183, 460892|2463, 460940|2576, 461120|2671, 461120|3400, 461344|3561, 461024|3731, 461024|4070, https://world.taobao.com, 
460044|1, 460044|765, 460048|924, 460048|1092, 460416|1242, 460364|1533, 460172|1808, 460144|2275, 461064|2424, 461064|2738, 461248|2820, 461260|2897, 461260|3365, 461444|3473, 461444|3725, 461340|3834, 461348|3912, 461696|4060, https://www.linkedin.com, 
460108|1, 460292|297, 460296|424, 460296|1154, 460324|1268, 460696|1433, 460460|1765, 460268|1990, 461500|2451, 461500|2790, 461684|2886, 461868|2972, 461868|3049, 461944|3128, 461944|3303, 462060|3446, 462060|3562, 461936|3679, 461936|3897, 461948|3984, 462072|4183, https://www.yahoo.com, 
460448|1, 460448|1289, 460848|1568, 460844|1763, 460464|2141, 461384|2435, 461360|2551, 461400|2634, 461400|2832, 461584|2920, 461584|3078, 461616|3161, 461616|3493, 461932|3624, 463220|3756, 463588|3903, 463772|4018, https://www.jianshu.com, 
461028|1, 461028|1121, 461396|1275, 461344|1584, 461132|1890, 462048|2340, 462048|2554, 462060|2657, 462084|2742, 462084|2820, 462268|2900, 462268|3050, 462312|3134, 462312|3484, 462324|3640, 462320|3762, 462688|4025, https://www.bing.com, 
461100|1, 461100|886, 461204|1065, 461204|1205, 461528|1451, 461328|1732, 461392|2119, 462312|2468, 462312|2801, 462496|2880, 462608|2955, 462520|3044, 462520|3567, 462888|3707, 462704|3813, 463072|3907, 466172|4018, https://www.pku.edu.cn, 
461412|1, 461452|387, 461460|529, 461460|1300, 461468|1426, 461608|1634, 461600|1824, 461592|2092, 462508|2510, 462508|2984, 462692|3062, 462692|3139, 462696|3220, 462696|3309, 462664|3403, 462672|3499, 462672|3665, 463776|3783, 463960|3884, 464144|3974, 464696|4130, https://www.jianshu.com, 
462096|1, 462096|419, 462100|569, 462100|1094, 462412|1325, 462308|1569, 462108|2213, 463028|2404, 463064|2526, 463064|2701, 463248|2800, 463248|3381, 463312|3491, 463500|3628, 463500|3727, 463316|3832, 463304|3974, 463304|4060, https://www.alipay.com, 
462128|1, 462128|674, 462124|850, 462124|1278, 462624|1498, 462368|1701, 462216|2162, 463136|2465, 463136|2559, 463140|2661, 463112|2770, 463296|2854, 463296|3008, 463292|3154, 463292|3386, 464764|3542, 464764|3640, 464832|3762, 465200|3859, 465384|3978, 465384|4069, https://www.jianshu.com, 
462504|1, 462504|906, 462500|1054, 462684|1246, 462824|1516, 462812|1730, 462596|2173, 463332|2425, 463332|2744, 463700|2824, 463700|2898, 463724|2977, 463692|3066, 463692|3531, 463876|3703, 463692|3817, 463876|3924, 463992|4021, http://blogs.360.cn, 
462576|1, 462568|218, 462568|1244, 462896|1490, 462880|1832, 462668|2225, 463588|2420, 463588|2810, 463772|2892, 463772|3046, 463796|3136, 463728|3248, 463728|3594, 464348|3736, 464348|3851, 464224|3958, 463976|4049, https://www.shodan.io, 
462576|1, 462576|353, 462588|510, 462588|1255, 463048|1516, 462848|1818, 462840|2274, 463624|2525, 463624|2867, 463808|2946, 463808|3243, 463840|3337, 463856|3482, 463856|3730, 464776|3847, 464224|3925, 464224|4007, https://www.mit.edu, 
462700|1, 462700|519, 462692|677, 462692|1182, 463052|1567, 462820|1914, 463548|2318, 463548|2448, 463704|2556, 463736|2644, 463736|2725, 463920|2806, 463920|3312, 464104|3478, 464184|3581, 464228|3680, 464044|3822, 464044|4018, http://blogs.360.cn, 
463312|1, 463312|742, 463316|892, 463392|1060, 463392|1180, 463760|1352, 463720|1616, 463520|1763, 463468|2131, 464388|2472, 464388|2794, 464344|2875, 464560|2963, 464560|3041, 464744|3141, 464744|3418, 464740|3609, 464924|3708, 464740|3825, 464692|3930, 464552|4013, https://world.taobao.com, 
463676|1, 463676|251, 463680|378, 463680|1097, 463732|1235, 464096|1398, 464044|1703, 463852|2048, 464616|2405, 464616|2804, 464800|2895, 464800|3130, 464844|3234, 464916|3330, 464916|3600, 465040|3730, 465960|3847, 465408|3926, 465328|4018, https://www.mit.edu, 
463768|1, 463768|458, 463772|647, 463772|1240, 464108|1443, 464080|1698, 463880|2028, 463880|2359, 464916|2531, 464956|2616, 464956|2847, 465140|2922, 465144|3016, 465144|3385, 465216|3588, 465216|3711, 465400|3845, 465584|3942, 465584|4029, https://www.ctrip.com, 
464084|1, 464084|541, 464160|726, 464196|897, 464196|1312, 464516|1573, 464444|1750, 464232|2026, 464968|2424, 464968|2643, 465052|2723, 465156|2803, 465340|2881, 465336|2976, 465332|3058, 465332|3446, 465516|3625, 465872|3747, 465912|3834, 465912|4028, https://www.douyin.com, 
464484|1, 464516|239, 464516|496, 464700|721, 464700|1045, 464732|1178, 464732|1269, 465096|1551, 465044|1789, 465040|2227, 465960|2478, 465960|2635, 465972|2710, 465972|3097, 465944|3188, 465944|3593, 466496|3689, 466128|3789, 466680|3888, 469624|3988, 469624|4063, https://www.pku.edu.cn, 
464836|1, 464836|1079, 465164|1281, 465052|1518, 464856|1826, 465592|2241, 465764|2369, 465764|2699, 466132|2780, 466132|2931, 466140|3043, 466140|3253, 466128|3394, 466128|3609, 466312|3735, 466496|3852, 466496|4018, https://www.ctrip.com, 
464932|1, 464932|1282, 465452|1609, 465404|1740, 465216|1995, 465208|2371, 466128|2565, 466220|2646, 466232|2725, 466232|2882, 466416|2962, 466416|3615, 466476|3738, 466660|3858, 466844|3945, 466844|4022, https://www.ctrip.com, 
465344|1, 465344|729, 465356|861, 465348|1028, 465348|1141, 465480|1445, 465472|1742, 465448|2210, 466184|2419, 466184|2755, 466396|2834, 466540|2911, 466540|3524, 468012|3658, 468196|3796, 469260|3939, 470180|4059, https://www.jianshu.com, 
465728|1, 465728|538, 465720|727, 465720|1128, 465724|1251, 466092|1432, 466048|1651, 465856|1869, 465812|2230, 466732|2582, 466732|2905, 466916|2980, 466992|3062, 466936|3141, 466936|3537, 467184|3699, 467184|4004, https://www.linkedin.com, 
465724|1, 465724|1116, 466084|1326, 466088|1577, 466088|1731, 465892|2178, 466812|2405, 466740|2503, 466740|2693, 466924|2780, 466924|3356, 467016|3478, 467200|3632, 468672|3792, 468672|3874, 469224|3982, 468672|4133, https://www.apple.com, 
466104|1, 466104|609, 466100|791, 466100|1212, 466444|1437, 466460|1596, 466124|1868, 466488|2254, 467040|2391, 467040|2482, 467024|2578, 467044|2665, 467044|2741, 467228|2821, 467228|3590, 467284|3662, 467328|3738, 467328|4048, https://www.netflix.com, 
465784|1, 465784|829, 465796|993, 465796|1134, 466120|1373, 465928|1598, 465784|1811, 465872|2188, 466792|2413, 466792|2745, 466988|2822, 467024|2901, 467024|3282, 467020|3483, 467204|3597, 467204|3770, 467096|3877, 468024|4002, https://www.linkedin.com, 
467880|1, 467880|1088, 468248|1260, 468200|1523, 467824|1844, 467992|2247, 468912|2417, 468912|2734, 469096|2817, 469096|3070, 469080|3160, 469080|3262, 469140|3468, 470612|3626, 470612|3751, 470980|3900, 471532|4002, https://www.jianshu.com, 
468016|1, 468016|1249, 468280|1451, 468332|1737, 468332|1928, 469028|2445, 469064|2551, 469064|2812, 469248|2893, 469248|2969, 469244|3048, 469180|3124, 469180|3299, 469236|3443, 469240|3592, 469608|3728, 469424|4010, https://www.linkedin.com, 
468044|1, 468044|519, 468048|754, 468048|1265, 468184|1548, 468436|1719, 468240|2159, 468976|2421, 468976|2508, 468996|2583, 469080|2704, 469080|2800, 469264|2891, 469264|2977, 469296|3054, 469296|3528, 469416|3641, 469996|3769, 469996|4016, https://www.jd.com, 
468128|1, 468128|760, 468120|886, 468124|1062, 468308|1297, 468272|1557, 468268|1769, 469144|2223, 469144|2745, 469328|2828, 469324|2910, 469304|3000, 469304|3402, 469488|3544, 469488|3758, 469304|3859, 469444|3964, 469444|4075, http://blogs.360.cn, 
468224|1, 468220|288, 468220|408, 468212|585, 468212|895, 468216|1042, 468236|1218, 468420|1361, 468560|1648, 468560|1845, 468332|2298, 469252|2474, 469252|2800, 469436|2881, 469436|2955, 469372|3040, 469456|3118, 469456|3597, 469640|3729, 469640|3901, 469456|3990, 470488|4114, https://www.linkedin.com, 
468228|1, 468228|1292, 468588|1567, 468580|1710, 468380|2125, 469384|2405, 469380|2535, 469380|2792, 469556|2877, 469556|2951, 469520|3037, 469520|3306, 469500|3441, 469560|3609, 469560|3725, 470112|3877, 470296|4076, https://www.jd.com, 
468512|1, 468512|1267, 468816|1552, 468864|1816, 468672|2205, 469332|2514, 469488|2597, 469488|2857, 469672|2937, 469672|3376, 469692|3541, 471028|3705, 473236|3839, 471212|4050, https://zhuanlan.zhihu.com, 
468704|1, 468704|762, 468700|873, 468700|1301, 469028|1580, 469016|1743, 468804|1967, 468800|2322, 469536|2524, 469536|2689, 469464|2772, 469528|2850, 469836|2930, 469836|3590, 470204|3716, 469924|3858, 470660|4095, https://www.pinduoduo.com, 
468716|1, 468708|196, 468708|996, 468716|1119, 468892|1334, 468848|1641, 468844|1893, 469956|2280, 469956|2801, 469884|2884, 469884|2975, 469924|3061, 469924|3450, 470108|3542, 470108|3701, 469924|3782, 469924|3874, 470844|3974, 470716|4177, https://www.linkedin.com, 
470236|1, 470240|275, 470240|421, 470232|606, 470232|1107, 470248|1218, 470608|1418, 470560|1655, 470376|1930, 470376|2320, 471296|2498, 471480|2651, 471480|2827, 471664|2938, 471664|3107, 471656|3185, 471660|3274, 471620|3365, 471620|3758, 471436|3895, 471396|4075, https://world.taobao.com, 
472716|1, 472716|472, 472708|629, 472708|1205, 473044|1425, 472752|1792, 472744|2136, 473664|2396, 473664|2485, 473696|2561, 473752|2648, 473752|2722, 473936|2803, 473936|3073, 473932|3231, 473932|3386, 474000|3550, 474336|3654, 474336|3843, 474704|3930, 477832|4033, https://www.pku.edu.cn, 
472840|1, 472840|625, 472828|768, 472896|928, 472896|1223, 473224|1529, 473216|1721, 472964|2137, 473700|2460, 473700|2758, 474064|2842, 474064|2917, 474248|3011, 474248|3406, 474432|3535, 474432|3638, 474040|3785, 474092|3880, 474092|4031, https://world.taobao.com, 
473012|1, 473004|211, 473004|945, 473000|1098, 473004|1225, 473352|1426, 473336|1711, 472960|2029, 473272|2315, 474192|2490, 474192|2754, 474376|2843, 474376|2922, 474332|3004, 474344|3090, 474260|3177, 474260|3806, 474812|3919, 474812|4014, https://www.jd.com, 
473196|1, 473196|381, 473204|512, 473204|1242, 473560|1498, 473552|1719, 473368|1915, 474144|2373, 474152|2471, 474152|2800, 474336|2896, 474336|3048, 474344|3150, 474344|3332, 474392|3494, 474392|3591, 474760|3729, 474576|4008, http://blogs.360.cn, 
473256|1, 473256|517, 473248|695, 473248|1259, 473392|1556, 473336|1859, 473328|2243, 474248|2472, 474248|2558, 474148|2643, 474240|2726, 474240|2802, 474424|2890, 474424|3449, 474756|3618, 475732|3770, 475916|3872, 475860|4050, https://www.apple.com, 
473392|1, 473392|629, 473396|727, 473504|860, 473504|1122, 473872|1260, 473824|1667, 473612|2132, 474532|2371, 474532|2683, 474516|2765, 474636|2845, 474636|3318, 474760|3446, 475008|3560, 474760|3743, 474704|3854, 475624|3982, 475992|4068, https://www.pinduoduo.com, 
473532|1, 473532|891, 473528|1039, 473532|1201, 473532|1296, 473860|1561, 473848|1813, 473888|2066, 474196|2414, 474748|2540, 474748|2791, 474824|2874, 474824|3030, 474780|3108, 474740|3200, 474740|3562, 477500|3759, 478052|3910, 478052|4017, https://zhuanlan.zhihu.com, 
473688|1, 473688|225, 473680|361, 473680|1180, 474052|1384, 473856|1656, 473660|1960, 474768|2376, 474768|2743, 474952|2826, 474952|3250, 474876|3342, 474876|3502, 475244|3636, 475244|3734, 475428|3835, 475060|3921, 475980|4035, https://www.buaa.edu.cn, 
473708|1, 473708|472, 473700|635, 473700|1271, 474056|1568, 474084|1737, 473900|1997, 474444|2483, 474632|2629, 474632|2904, 474816|2983, 474816|3385, 474840|3543, 476056|3646, 476056|4029, https://www.jianshu.com, 
473868|1, 473868|761, 473864|925, 473864|1193, 474232|1365, 474180|1643, 473964|1920, 473956|2334, 474876|2524, 474876|2712, 474924|2787, 475092|2883, 475092|3508, 475340|3627, 475156|3734, 475784|3857, 475760|3966, 475760|4058, https://www.jd.com, 
474112|1, 474112|1120, 474484|1332, 474460|1579, 474452|1823, 474220|2198, 475140|2503, 475324|2605, 475324|2772, 475508|2861, 475508|3019, 475440|3101, 475488|3193, 475488|3288, 475736|3478, 475736|3627, 475552|3755, 475560|4009, https://world.taobao.com, 
474188|1, 474188|1195, 474480|1419, 474520|1665, 474144|1894, 474140|2312, 475040|2501, 475040|2833, 475224|2917, 475224|3345, 475408|3462, 475592|3612, 475408|4044, https://www.linkedin.com, 
474180|1, 474180|1233, 474520|1408, 474504|1717, 474316|2109, 475236|2524, 475236|2898, 475420|2977, 475420|3059, 475444|3139, 475444|3346, 475448|3432, 475380|3515, 475380|3645, 475564|3777, 475552|4052, https://www.alipay.com, 
474212|1, 474212|544, 474204|705, 474204|1155, 474388|1309, 474420|1678, 474232|2066, 475152|2350, 475152|2444, 475180|2535, 475200|2611, 475200|2722, 475384|2807, 475384|2880, 475420|2960, 475420|3445, 475444|3529, 475452|3667, 475820|3805, 475636|3898, 475452|3985, 479316|4118, https://www.pku.edu.cn, 
474296|1, 474296|441, 474288|664, 474300|808, 474300|1303, 474640|1604, 474516|1791, 474324|2144, 475428|2408, 475428|2616, 475424|2695, 475340|2780, 475340|2873, 475524|2964, 475524|3512, 475708|3654, 475720|3759, 476272|3925, 476272|4017, https://www.jd.com, 
474412|1, 474412|938, 474416|1082, 474736|1343, 474552|1555, 474472|1983, 475444|2287, 475444|2641, 475628|2716, 475628|2795, 475568|2873, 475568|2969, 475576|3063, 475576|3390, 475944|3501, 475576|3639, 475576|3764, 476128|3854, 476680|3955, 476800|4041, https://www.pinduoduo.com, 
474432|1, 474432|282, 474428|417, 474424|661, 474424|1230, 474436|1364, 474764|1683, 474576|1860, 474568|2178, 475676|2517, 475676|3167, 475596|3268, 475608|3357, 475608|3619, 475976|3754, 475976|4040, https://www.douyin.com, 
474464|1, 474464|386, 474468|561, 474468|1303, 474868|1495, 474808|1667, 474616|1881, 474608|2202, 475784|2451, 475688|2545, 475688|3392, 475744|3565, 475928|3724, 477584|3863, 477400|4064, https://www.apple.com, 
475036|1, 475036|450, 475028|657, 475028|1210, 475204|1431, 475216|1772, 475024|2094, 475944|2441, 476004|2541, 475956|2633, 475956|2811, 476140|2905, 476140|3422, 476264|3524, 476328|3649, 477432|4003, https://www.bing.com, 
475076|1, 475076|350, 475068|554, 475068|1241, 475592|1457, 475528|1687, 475152|2033, 476072|2361, 476072|2468, 476124|2541, 476060|2647, 476060|2730, 476244|2808, 476316|2893, 476316|3489, 476356|3643, 477092|3763, 476540|3860, 476724|3957, 476908|4063, http://www.ox.ac.uk, 
475124|1, 475120|210, 475116|307, 475116|1113, 475448|1343, 475436|1575, 475064|1782, 475184|2165, 475920|2381, 475920|2728, 476104|2823, 476324|2929, 476324|3464, 476508|3631, 476692|3762, 477532|3899, 477508|3993, 477508|4085, https://www.apple.com, 
474760|1, 474760|511, 474752|707, 474752|970, 474760|1139, 474768|1268, 475088|1601, 474900|1762, 474860|2214, 475596|2451, 475596|2536, 475780|2641, 475780|2888, 476148|2971, 476148|3044, 475992|3155, 475992|3433, 476176|3583, 477280|3713, 477280|3832, 477464|3990, 478468|4130, https://www.jianshu.com, 
474868|1, 474868|1178, 475188|1490, 475176|1695, 474808|2076, 475772|2339, 475772|2743, 475956|2821, 475956|3233, 475848|3364, 475848|3465, 476400|3573, 476216|3725, 476216|3837, 476400|3940, 477136|4054, https://www.pinduoduo.com, 
474984|1, 474984|458, 474988|618, 474980|730, 474980|1161, 475164|1328, 475296|1598, 475200|1881, 476116|2302, 476116|2512, 476120|2590, 476188|2678, 476188|3424, 476436|3563, 479212|3718, 479580|3830, 477004|4050, https://zhuanlan.zhihu.com, 
475028|1, 475028|1167, 475352|1448, 475340|1594, 475172|1923, 476088|2382, 476088|2688, 476032|2773, 476264|2850, 476268|2932, 476268|3501, 476452|3640, 476252|3795, 476328|3944, 476328|4027, https://www.alipay.com, 
475112|1, 475112|1167, 475296|1301, 475440|1546, 475428|1754, 475200|2220, 475936|2484, 475936|2833, 476120|2914, 476120|2987, 476148|3064, 476272|3142, 476272|3441, 476640|3572, 476272|3683, 477380|4051, https://www.pinduoduo.com, 
475120|1, 475120|1092, 475512|1238, 475492|1476, 475300|1680, 475296|2061, 476296|2274, 476296|3115, 476312|3253, 476496|3388, 476496|3532, 476680|3645, 476680|3741, 478152|3906, 478152|4028, https://www.buaa.edu.cn, 
475000|1, 475000|618, 475008|726, 475008|1179, 475376|1332, 475464|1647, 475092|1826, 475088|2320, 476008|2490, 476000|2608, 476024|2699, 476024|2849, 476208|2935, 476208|3013, 476220|3097, 476220|3504, 476356|3641, 476296|3760, 476480|4048, https://www.bing.com, 
475052|1, 475052|608, 475040|798, 475040|1192, 475192|1423, 474988|1678, 475136|2147, 476240|2421, 476240|2672, 476136|2755, 476368|2835, 476368|3572, 476444|3691, 476988|3871, 476616|3987, 476800|4078, https://www.baidu.com, 
475608|1, 475608|430, 475600|553, 475600|905, 475592|1012, 475592|1218, 475940|1439, 475916|1653, 475908|1803, 475676|2046, 476592|2411, 476592|2915, 476780|2992, 476776|3071, 476776|3572, 477144|3686, 476776|3828, 476768|3903, 476712|4012, https://www.pinduoduo.com, 
475616|1, 475612|257, 475612|1048, 475616|1165, 475976|1368, 475948|1603, 475760|1925, 476860|2270, 476860|2555, 476808|2680, 476808|2966, 476812|3052, 476812|3158, 476800|3265, 476800|3429, 477292|3582, 477292|3752, 477044|3851, 477428|4067, https://www.shodan.io, 
475748|1, 475748|429, 475752|617, 475752|1234, 476044|1477, 476156|1705, 475776|2073, 476624|2457, 476660|2560, 476660|2879, 476844|2964, 476844|3043, 476896|3127, 476896|3332, 476908|3471, 476964|3608, 478440|3732, 478440|3844, 478992|3995, 479544|4089, https://www.jianshu.com, 
475848|1, 475848|460, 475840|625, 475872|753, 475872|1019, 476056|1166, 476188|1476, 476012|1760, 476004|2131, 476924|2349, 476924|2538, 476956|2622, 476908|2698, 477092|2773, 477092|3386, 477828|3525, 480368|3659, 480408|3764, 477832|3862, 477832|4036, https://zhuanlan.zhihu.com, 
476104|1, 476104|850, 476108|987, 476108|1232, 476432|1495, 476432|1650, 476180|2011, 476916|2308, 477100|2453, 477100|2716, 477284|2805, 477284|2879, 477348|2966, 477320|3076, 477320|3433, 477812|3609, 477628|3718, 477444|3798, 477996|3894, 481084|3986, 481452|4093, https://www.pku.edu.cn, 
476188|1, 476180|230, 476180|819, 476364|918, 476364|1050, 476308|1203, 476644|1389, 476612|1743, 476400|2179, 477344|2434, 477344|2763, 477528|2836, 477528|3063, 477604|3154, 477496|3259, 477496|3497, 477680|3626, 477680|3739, 478416|3841, 478600|3922, 482936|4114, https://www.mit.edu, 
476364|1, 476364|287, 476480|435, 476480|1096, 476840|1302, 476880|1532, 476696|1675, 476500|2142, 477352|2380, 477440|2456, 477440|2680, 477624|2757, 477624|3316, 477780|3427, 478056|3574, 478056|3719, 478240|3805, 478792|3906, 479896|4062, https://www.buaa.edu.cn, 
476696|1, 476696|575, 476684|725, 476684|1278, 477016|1529, 476904|1747, 476720|1960, 477632|2388, 477632|2557, 477656|2642, 477620|2736, 477620|2914, 477804|2999, 477804|3544, 477888|3661, 477968|3780, 478888|4075, https://www.bing.com, 
476760|1, 476760|752, 476756|879, 476760|1012, 476760|1224, 476904|1548, 476720|1879, 476832|2267, 477752|2472, 477752|2560, 477748|2706, 477748|2786, 478000|2866, 477932|2946, 477932|3562, 478484|3693, 478484|3775, 478368|3848, 478424|3929, 479168|4039, https://www.douyin.com, 
476780|1, 476780|173, 476772|267, 476772|1031, 476864|1158, 477000|1443, 476812|1705, 477892|2172, 477988|2313, 477988|3076, 478256|3232, 479360|3363, 479360|3475, 480096|3670, 481200|3763, 480464|3899, 478808|3987, 479360|4077, https://www.jianshu.com, 
476860|1, 476860|387, 476864|598, 476864|1150, 477204|1435, 477032|1681, 477024|2136, 477908|2416, 477848|2497, 477848|2821, 478032|2906, 478032|3165, 477908|3280, 477908|3375, 477960|3508, 478144|3625, 478328|3725, 478144|3837, 480904|3975, 481640|4062, https://www.pku.edu.cn, 
476944|1, 476944|698, 476984|840, 476984|1090, 477352|1303, 477320|1536, 477552|1842, 477280|2279, 478200|2472, 478200|2693, 478128|2777, 478304|2904, 478304|3328, 478120|3460, 478672|3596, 478488|3711, 478620|3802, 478888|3900, 480124|4080, https://www.shodan.io, 
477212|1, 477212|1072, 477208|1201, 477208|1302, 477344|1532, 477340|1797, 477308|2239, 478044|2468, 478044|2856, 478228|2938, 478228|3023, 478316|3103, 478388|3199, 478388|3424, 478572|3588, 478572|3720, 478940|3828, 480044|3992, 479976|4086, https://www.buaa.edu.cn, 
477264|1, 477264|370, 477268|484, 477268|1386, 477628|1762, 477428|2098, 477428|2364, 478152|2561, 478152|2810, 478336|2891, 478336|3385, 478500|3508, 478500|3761, 479236|3896, 478684|3987, 478684|4076, http://www.ox.ac.uk, 
477300|1, 477300|324, 477292|567, 477292|1216, 477628|1444, 477700|1623, 477328|1858, 478244|2333, 478244|2454, 478256|2562, 478264|2644, 478264|2796, 478448|2877, 478448|3415, 478776|3531, 479696|3635, 479144|3737, 483192|4003, https://www.mit.edu, 
477472|1, 477472|919, 477480|1047, 477480|1276, 477820|1480, 477796|1696, 477792|1897, 477548|2299, 478468|2525, 478468|2846, 478732|2942, 478624|3061, 478624|3500, 478992|3634, 479176|3747, 479360|3825, 479432|3911, 479316|3987, 482260|4118, https://www.shodan.io, 
477496|1, 477488|234, 477488|1163, 477848|1357, 477816|1544, 477808|1726, 477580|2143, 478500|2375, 478500|2817, 478684|2898, 478684|3043, 478672|3131, 478672|3408, 478856|3526, 478856|3637, 479592|3741, 479224|3816, 484300|4105, https://www.mit.edu, 
477636|1, 477636|194, 477628|356, 477628|1205, 477980|1438, 477972|1700, 477784|2157, 477744|2410, 478480|2564, 478480|2874, 478664|2948, 478664|3033, 478676|3112, 478676|3195, 478788|3303, 478804|3412, 478804|3591, 478620|3712, 478620|3823, 478804|3980, 479540|4091, https://www.pinduoduo.com, 
477664|1, 477664|466, 477672|650, 477672|1207, 477996|1449, 478060|1618, 478052|1910, 478784|2227, 478784|2403, 478800|2524, 478808|2603, 478808|2779, 478816|2877, 478816|3223, 478692|3362, 478692|3477, 479196|3562, 479292|3684, 479108|3778, 478924|3864, 478740|3952, 479108|4033, https://www.shodan.io, 
477700|1, 477700|728, 477692|897, 477692|1172, 478040|1426, 477832|1697, 477792|1984, 478704|2441, 478704|2709, 478760|2791, 478892|2881, 478892|3657, 479764|3775, 479240|3872, 479424|4044, http://www.ox.ac.uk, 
477668|1, 477660|200, 477660|471, 477652|619, 477652|912, 477704|1030, 478040|1217, 477992|1495, 477988|1688, 478508|2189, 478508|2718, 478692|2798, 478752|2884, 478752|2976, 478856|3080, 478856|3324, 480144|3471, 480144|3557, 480328|3691, 481800|3847, 482352|3935, 482392|4017, https://www.jianshu.com, 
477700|1, 477700|353, 477704|525, 477700|680, 477700|1067, 478040|1306, 478084|1518, 477708|1953, 478444|2256, 478740|2367, 478740|2703, 478924|2777, 478924|2857, 478928|2932, 478928|3247, 478984|3394, 478984|3515, 479168|3608, 479168|3842, 479720|3981, 479904|4097, https://www.jd.com, 
477856|1, 477856|537, 477860|696, 477852|849, 477852|1246, 478180|1515, 478152|1671, 477900|1923, 478076|2291, 478996|2501, 478996|2595, 478896|2678, 478924|2771, 478924|2865, 479108|2952, 479108|3145, 479292|3236, 479292|3556, 478992|3647, 479100|3734, 479100|4055, https://www.yahoo.com, 
478068|1, 478068|794, 478072|900, 478076|1068, 478076|1190, 478252|1407, 478400|1682, 478224|1912, 479056|2395, 479056|2848, 479224|2933, 479252|3006, 479252|3087, 479288|3187, 479288|3517, 479656|3633, 479472|3765, 479472|3860, 480996|3951, 482984|4038, https://www.pku.edu.cn, 
478156|1, 478156|231, 478188|344, 478188|1118, 478208|1248, 478216|1376, 478364|1571, 478340|1777, 478156|2109, 479040|2448, 479040|2927, 479224|3008, 479224|3162, 479296|3241, 479424|3343, 479424|3676, 479608|3786, 479608|3878, 479424|3960, 479424|4053, https://www.linkedin.com, 
478248|1, 478248|302, 478240|413, 478240|1257, 478628|1474, 478596|1755, 478412|2038, 479296|2436, 479296|2534, 479288|2663, 479288|2837, 479472|2945, 479472|3275, 479440|3363, 479456|3512, 479824|3626, 480008|3745, 479824|3834, 480008|3930, 480192|4012, https://www.shodan.io, 
478420|1, 478420|1378, 478736|1618, 478608|1858, 478416|2363, 478416|2505, 479248|2638, 479336|2723, 479336|2925, 479520|3016, 479520|3602, 480112|3716, 480296|3832, 480112|3940, 479928|4033, https://www.shodan.io, 
478444|1, 478444|782, 478436|944, 478436|1347, 478612|1558, 478560|1795, 478716|1959, 478708|2345, 479628|2574, 479628|2840, 479596|2915, 479444|2999, 479628|3082, 479628|3642, 480364|3786, 479832|3910, 479852|4006, http://www.ox.ac.uk, 
478476|1, 478476|1237, 478532|1360, 478892|1556, 478668|1832, 478660|2173, 479360|2490, 479360|2911, 479544|3003, 479544|3154, 479624|3236, 479764|3328, 479764|4067, https://www.bing.com, 
478564|1, 478564|1290, 478940|1471, 478928|1733, 478552|2119, 479560|2434, 479572|2518, 479572|2852, 479756|2930, 479756|3084, 479684|3160, 479684|3340, 479728|3452, 479728|3689, 480464|3780, 480464|4056, https://www.douyin.com, 
478636|1, 478636|540, 478644|679, 478644|1309, 478852|1698, 478848|2102, 479768|2372, 479768|2478, 479736|2563, 479832|2650, 479832|3385, 480200|3492, 480072|3590, 480916|3700, 480364|3785, 484780|4045, https://www.mit.edu, 
478680|1, 478680|480, 478672|668, 478676|839, 478676|1221, 479044|1390, 479008|1670, 478956|1854, 478764|2158, 479500|2470, 479684|2573, 479684|2746, 479764|2828, 479912|2905, 479912|3065, 479948|3147, 479948|3777, 480120|3933, 480304|4017, https://www.ctrip.com, 
478776|1, 478768|207, 478768|1008, 478792|1105, 479164|1267, 479120|1517, 478936|1662, 478748|2005, 479624|2283, 479624|2704, 479808|2801, 479808|2968, 479820|3062, 480004|3171, 480004|3308, 479880|3509, 480800|3634, 481904|3747, 481904|3849, 481536|3945, 481168|4042, https://www.apple.com, 
478564|1, 478564|1227, 478956|1433, 478944|1690, 478564|2055, 480148|2422, 479596|2540, 479412|2656, 479596|2756, 479596|2840, 479964|2925, 479964|3073, 479932|3158, 479932|3331, 479940|3417, 479940|3686, 480064|3815, 480060|4063, https://www.baidu.com, 
479080|1, 479080|753, 479084|932, 479084|1211, 479440|1393, 479380|1724, 479164|2217, 480084|2456, 480084|2643, 480068|2720, 480124|2811, 480308|2883, 480308|3545, 480492|3655, 480400|3773, 480952|3958, 480952|4094, https://www.jd.com, 
479380|1, 479380|930, 479388|1047, 479384|1161, 479384|1280, 479732|1488, 479684|1801, 479468|2101, 480388|2438, 480388|2909, 480572|2998, 480652|3086, 480536|3169, 480536|3817, 480592|3908, 480592|4006, https://www.netflix.com, 
479660|1, 479660|982, 479844|1149, 480072|1414, 479704|1695, 479688|2086, 480840|2284, 480820|2379, 480820|2631, 481004|2712, 481004|2870, 481008|2952, 481008|3296, 481068|3391, 481068|3764, 481064|3904, 481248|4018, https://www.baidu.com, 
480236|1, 480236|441, 480232|605, 480232|1169, 480380|1451, 480600|1817, 480224|2098, 480960|2414, 481128|2541, 481140|2616, 481140|2847, 481324|2924, 481324|3465, 481448|3594, 481696|3713, 481512|3850, 481492|4000, 481596|4079, https://www.alipay.com, 
480220|1, 480220|622, 480236|777, 480236|1046, 480420|1215, 480540|1507, 480336|2030, 481256|2373, 481256|2582, 481228|2655, 481152|2731, 481372|2819, 481372|3407, 481868|3565, 481384|3697, 481448|3810, 482000|4038, https://www.pinduoduo.com, 
480268|1, 480268|792, 480272|910, 480268|1048, 480268|1203, 480612|1397, 480600|1644, 480612|1899, 481468|2283, 481468|2691, 481652|2781, 481628|2872, 481636|2953, 481636|3361, 481820|3489, 481820|3597, 481452|3742, 481452|3827, 481476|3904, 481464|3975, 481464|4063, https://world.taobao.com, 
480416|1, 480444|257, 480444|1058, 480440|1215, 480440|1323, 480608|1554, 480568|1854, 480680|2314, 481600|2491, 481600|2784, 481784|2864, 482152|2958, 482152|3141, 482176|3222, 482176|3712, 482104|3800, 482412|4109, https://www.yahoo.com, 
480680|1, 480680|1253, 481068|1523, 480876|1708, 480684|2071, 481608|2350, 481604|2499, 481604|2833, 481788|2916, 481788|2995, 481796|3078, 481796|3255, 481836|3405, 481892|3544, 482260|3692, 482812|3789, 482812|3872, 482996|3953, 484652|4067, https://www.shodan.io, 
480724|1, 480724|560, 480728|750, 480728|1247, 480912|1380, 481040|1604, 481028|1804, 480840|2135, 481760|2486, 481760|2651, 481652|2735, 481756|2814, 481756|2889, 481940|2975, 481940|3663, 483032|3839, 483952|3954, 483952|4047, https://www.apple.com, 
481248|1, 481248|781, 481244|912, 481244|1044, 481604|1263, 481564|1491, 481556|1740, 481320|2214, 482240|2371, 482240|2726, 482424|2813, 482440|2894, 482492|2973, 482460|3067, 482460|3232, 482276|3473, 482644|3593, 482460|3698, 482644|3839, 486048|3930, 486600|4032, https://www.pku.edu.cn, 
481340|1, 481340|154, 481332|246, 481332|1112, 481652|1280, 481612|1538, 481424|1876, 481416|2153, 482420|2414, 482420|2733, 482604|2807, 482608|2889, 482608|3161, 482584|3248, 482536|3431, 482536|3752, 483824|3849, 484192|4010, https://www.buaa.edu.cn, 
481368|1, 481368|504, 481416|665, 481416|1375, 481764|1613, 481572|1813, 481388|2015, 482484|2439, 482456|2584, 482456|2919, 482824|3040, 482824|3390, 483072|3531, 482888|3628, 482888|3795, 482988|3864, 483128|4104, https://www.yahoo.com, 
481820|1, 481820|1022, 482188|1184, 482148|1405, 482144|1590, 481916|2042, 482652|2393, 482652|2554, 482744|2631, 482832|2719, 482832|2801, 483004|2878, 483004|3541, 483500|3676, 483220|3792, 483220|3876, 483956|3966, 486532|4065, https://www.pku.edu.cn, 
481924|1, 481924|728, 481916|885, 481916|1178, 482284|1375, 482244|1621, 482200|1889, 482008|2261, 482928|2571, 482928|2684, 482864|2775, 482892|2854, 483076|2945, 483076|3505, 483260|3636, 483240|3862, 483608|4058, https://www.alipay.com, 
481968|1, 481960|153, 481960|915, 481968|1036, 482348|1172, 482292|1433, 482284|1716, 482940|2084, 482940|2701, 483124|2781, 483124|2937, 483132|3032, 483160|3133, 483160|3360, 483344|3476, 483160|3622, 483148|3750, 483188|3829, 488152|4023, https://www.alipay.com, 
482012|1, 482008|455, 481900|691, 481880|881, 481880|1091, 481896|1230, 482484|1506, 482284|1702, 482276|2089, 483048|2342, 483048|2771, 483232|2850, 483232|2923, 483236|2998, 483236|3168, 483292|3251, 483340|3372, 483340|3467, 483892|3629, 483708|3775, 483524|3864, 484076|4072, http://www.ox.ac.uk, 
482136|1, 482136|521, 482140|680, 482140|1114, 482500|1288, 482476|1519, 482352|1716, 483264|2246, 483264|2493, 483100|2602, 483256|2730, 483256|2806, 483440|2884, 483440|3379, 483808|3508, 483344|3629, 483344|3801, 483304|3872, 483304|4039, https://world.taobao.com, 
482328|1, 482328|623, 482320|753, 482316|919, 482316|1203, 482684|1359, 482644|1600, 482716|1797, 482408|2144, 483328|2433, 483328|2679, 483344|2764, 483320|2848, 483504|2927, 483504|3013, 483508|3100, 483508|3511, 484060|3644, 484428|3741, 483752|3837, 483752|4018, http://www.ox.ac.uk, 
482364|1, 482364|904, 482360|1068, 482364|1192, 482712|1411, 482684|1662, 482492|1889, 483368|2273, 483368|2848, 483552|2924, 483552|3003, 483604|3079, 483536|3198, 483536|3439, 483720|3606, 483536|3745, 483720|3842, 483720|4030, http://blogs.360.cn, 
482416|1, 482416|1234, 482796|1420, 482744|1724, 482560|2038, 482616|2330, 483536|2470, 483536|2829, 483720|2903, 483720|3222, 483672|3324, 483672|3413, 484040|3572, 484592|3716, 483856|3825, 484224|4021, http://www.ox.ac.uk, 
482560|1, 482560|1252, 482904|1459, 482952|1675, 482572|1994, 483492|2446, 483492|2558, 483528|2649, 483544|2724, 483544|2797, 483728|2892, 483728|2975, 483768|3063, 483768|3466, 484016|3643, 484024|3745, 484024|3837, 483840|3930, 483840|4019, https://www.linkedin.com, 
482600|1, 482600|621, 482604|759, 482600|910, 482600|1181, 482916|1504, 482868|1779, 483620|2313, 483620|2569, 483804|2656, 484176|2741, 484160|2826, 484344|2901, 484344|2986, 484348|3060, 484348|3445, 484224|3565, 484224|3672, 484228|3746, 484328|3825, 484452|4116, https://www.yahoo.com, 
482812|1, 482816|179, 482816|958, 482820|1077, 483180|1287, 483140|1471, 483140|1672, 484100|2222, 483916|2405, 483916|2760, 484100|2851, 484100|2922, 484052|3017, 483992|3101, 484036|3188, 484036|3439, 484404|3587, 484036|3695, 484036|3808, 487716|3924, 487716|4002, https://www.pku.edu.cn, 
482892|1, 482892|364, 482884|475, 482884|1225, 483276|1479, 483264|1717, 483256|1966, 483904|2440, 483904|2765, 484088|2878, 484272|2962, 484640|3037, 484640|3258, 484688|3361, 484504|3498, 484504|3663, 484784|3886, 484964|4044, https://www.yahoo.com, 
483048|1, 483048|1097, 483592|1316, 483556|1593, 483188|1850, 483180|2298, 484100|2468, 484364|2661, 484364|2845, 484548|2923, 484548|3492, 484740|3589, 484860|3700, 484676|3825, 484676|3912, 484620|3993, 484620|4067, https://world.taobao.com, 
483308|1, 483304|180, 483304|849, 483296|975, 483312|1120, 483652|1404, 483468|1684, 484416|2121, 484416|2673, 484600|2756, 484600|2902, 484584|2997, 484552|3093, 484552|3493, 484736|3624, 485472|3759, 485656|3853, 485744|3940, 485856|4024, https://www.apple.com, 
482932|1, 482932|233, 482924|357, 482924|1184, 482920|1312, 483300|1545, 483288|1764, 482912|2209, 483804|2531, 483804|2894, 483988|2973, 483988|3065, 484032|3156, 484032|3260, 484108|3342, 484116|3497, 484116|3592, 484364|3737, 484180|4064, http://blogs.360.cn, 
483092|1, 483092|1315, 483452|1505, 483296|1771, 483104|2083, 484140|2516, 484208|2692, 484208|2959, 484576|3042, 484576|3134, 484760|3216, 484920|3351, 484920|3444, 484880|3530, 484756|3659, 484756|3865, 484760|3956, 484884|4117, https://www.yahoo.com, 
483844|1, 483844|557, 483848|684, 483848|1091, 483996|1336, 483980|1548, 483936|1886, 484664|2387, 484664|2572, 484848|2660, 484804|2754, 484988|2846, 484988|3480, 485348|3634, 485292|3752, 485096|3909, 487808|4133, https://www.alipay.com, 
483896|1, 483896|510, 483892|733, 483892|898, 483888|1029, 483888|1311, 484228|1533, 484200|1778, 483988|2019, 484904|2488, 484904|2872, 484868|2972, 485052|3053, 485052|3395, 485236|3566, 485788|3693, 485236|3782, 485420|3867, 485360|3974, 485452|4050, https://www.mit.edu, 
483940|1, 483940|183, 484004|268, 484004|1045, 484340|1213, 484320|1504, 484320|1722, 485036|2189, 485096|2421, 485096|2742, 485280|2833, 485280|3004, 485464|3102, 485532|3236, 485544|3361, 485544|3456, 485176|3545, 485176|3632, 485156|3725, 485436|3901, 485436|4033, https://www.yahoo.com, 
484352|1, 484352|1270, 484728|1606, 484716|1811, 484520|2205, 485396|2515, 485412|2597, 485412|2898, 485780|2979, 485964|3074, 485964|3336, 485968|3471, 486048|3606, 486056|3687, 486304|3896, 486672|4051, https://www.yahoo.com, 
484568|1, 484568|733, 484576|902, 484576|1310, 484912|1591, 484856|1839, 484664|2317, 485584|2489, 485584|2744, 485524|2822, 485524|2904, 485708|2983, 485708|3576, 486076|3704, 486176|3834, 486176|4013, https://www.douyin.com, 
484652|1, 484652|956, 484648|1094, 484648|1243, 484804|1474, 484796|1614, 484792|1916, 485336|2329, 485704|2479, 485704|2895, 485788|2983, 485784|3060, 485876|3175, 485876|3275, 485752|3454, 486060|3591, 488084|3759, 488268|3858, 488084|3964, 487228|4064, https://www.apple.com, 
485456|1, 485456|332, 485468|464, 485468|1294, 485900|1449, 485660|1803, 485468|2213, 486500|2557, 486500|2938, 486684|3024, 486684|3100, 486708|3191, 486708|3365, 486660|3465, 486660|3590, 486844|3707, 486844|3822, 486660|3960, 486648|4116, https://www.alipay.com, 
485488|1, 485488|570, 485484|730, 485484|1193, 485816|1432, 485708|1668, 485516|1980, 485512|2273, 486432|2507, 486552|2642, 486552|2802, 486736|2889, 486736|3434, 486808|3595, 486772|3690, 486772|3786, 487140|3868, 487140|4038, https://www.ctrip.com, 
485600|1, 485600|918, 485596|1031, 485596|1269, 485964|1439, 485924|1664, 485732|1875, 486624|2378, 486624|2825, 486580|2916, 486552|2994, 486736|3072, 486780|3172, 486780|3367, 486656|3508, 486656|3807, 486840|3920, 488500|4046, https://www.buaa.edu.cn, 
485632|1, 485624|252, 485624|1136, 485628|1282, 485968|1542, 485752|1773, 485560|2092, 486640|2467, 486640|2888, 487008|2969, 486948|3076, 486948|3161, 486896|3285, 486896|3471, 487144|3617, 487020|3765, 487572|3899, 487756|3995, 487756|4093, https://www.jd.com, 
485728|1, 485728|1163, 486132|1380, 486076|1659, 485892|1791, 486588|2332, 486688|2480, 486688|2816, 486872|2904, 486872|3244, 486940|3390, 486940|3534, 487188|3657, 487740|3760, 487188|3849, 487396|4015, https://www.mit.edu, 
485844|1, 485844|476, 485848|639, 485848|1284, 486136|1564, 486228|1816, 485852|2154, 486772|2472, 486776|2636, 486776|2905, 486960|2981, 486960|3070, 486928|3155, 486928|3540, 487116|3693, 487116|4067, https://www.bing.com, 
485876|1, 485876|1351, 486196|1610, 486004|1778, 485952|2074, 486688|2460, 486688|2872, 486764|2955, 487012|3035, 487016|3109, 487016|3483, 487004|3681, 487316|3829, 487132|3932, 487076|4029, https://www.pinduoduo.com, 
485900|1, 485900|1102, 486260|1414, 486092|1747, 486084|2100, 487196|2347, 487276|2441, 487276|2683, 487268|2766, 487268|3193, 487288|3333, 487320|3459, 487320|3581, 487316|3717, 487500|3859, 487684|3992, 487684|4078, https://www.baidu.com, 
486468|1, 486468|1104, 486836|1272, 486904|1544, 486644|1800, 487372|2254, 487372|2440, 487384|2550, 487372|2660, 487372|2829, 487664|2916, 487664|3543, 487704|3647, 487704|3817, 488072|3901, 488056|4142, https://www.bing.com, 
486472|1, 486472|1191, 486808|1418, 486620|1662, 486644|2055, 487564|2316, 487564|2723, 487748|2801, 487748|2876, 487752|2962, 487712|3049, 487712|3488, 488264|3609, 487896|3794, 489368|3919, 489360|4006, https://www.apple.com, 
485748|1, 485748|218, 485740|345, 485740|1137, 485756|1270, 486020|1649, 485820|2042, 486732|2452, 486732|2876, 486916|2955, 486900|3031, 486900|3195, 486932|3303, 486984|3433, 486984|3548, 487292|3709, 490416|3890, 488576|4070, https://zhuanlan.zhihu.com, 
485880|1, 485880|394, 485884|586, 485884|1144, 486252|1297, 486276|1598, 486084|1788, 487368|2274, 486816|2441, 486864|2538, 486824|2627, 486824|2875, 487008|2948, 487008|3192, 487172|3283, 487172|3410, 487184|3524, 487208|3630, 488312|4062, https://www.bing.com, 
485924|1, 485924|330, 485920|520, 485916|706, 485916|1295, 486244|1529, 486096|1726, 485952|2065, 486872|2447, 486872|2818, 487056|2900, 487056|3164, 487108|3311, 487108|3575, 487484|3697, 487172|3853, 488828|3983, 488460|4110, https://www.buaa.edu.cn, 
485940|1, 485932|178, 485932|850, 485948|984, 485948|1397, 486272|1780, 486144|2060, 486136|2387, 486872|2645, 486872|2927, 486904|3008, 487180|3089, 487180|3867, 487384|3964, 487464|4061, http://blogs.360.cn, 
486080|1, 486080|1197, 486084|1316, 486228|1622, 486220|1875, 486180|2262, 487100|2455, 487100|2907, 487284|2986, 487284|3070, 487308|3165, 487460|3255, 487460|3835, 487640|3952, 488560|4079, https://www.baidu.com, 
486520|1, 486520|1207, 486888|1356, 486888|1677, 486880|1919, 486688|2358, 487496|2500, 487492|2590, 487492|2911, 487676|2998, 487676|3490, 487960|3633, 487960|3749, 488880|3878, 489064|4047, https://www.mit.edu, 
486504|1, 486504|631, 486496|774, 486492|904, 486492|1348, 486660|1600, 486620|1785, 486580|2129, 487500|2457, 487500|2664, 487440|2752, 487444|2845, 487628|2936, 487628|3718, 488172|3848, 488724|4096, https://www.douyin.com, 
486512|1, 486508|219, 486508|951, 486512|1045, 486512|1135, 486680|1326, 486836|1577, 486828|1920, 486828|2210, 487748|2372, 487932|2479, 487932|2740, 487920|2869, 487920|3035, 487888|3132, 487888|3629, 488068|3812, 488252|3922, 488180|4018, https://www.baidu.com, 
487136|1, 487136|196, 487184|309, 487184|1188, 487480|1484, 487480|1627, 487104|1916, 487220|2332, 487956|2469, 487956|2932, 488140|3008, 488140|3194, 488316|3282, 488320|3414, 488320|3575, 488316|3763, 488304|3855, 488488|3935, 492904|4055, https://www.alipay.com, 
487128|1, 487128|465, 487124|626, 487124|1133, 487492|1284, 487508|1570, 487500|1751, 487312|2145, 488232|2392, 488048|2524, 488076|2613, 488076|2789, 488260|2892, 488260|3412, 488368|3529, 488184|3678, 488368|3796, 488368|3890, 488736|3993, 488692|4260, http://blogs.360.cn, 
487176|1, 487176|756, 487192|888, 487192|1151, 487560|1289, 487520|1592, 487300|1793, 487256|2210, 487992|2482, 487992|2738, 488284|2840, 488312|2929, 488312|3012, 488352|3125, 488352|3498, 488476|3585, 488476|3698, 487872|3823, 487916|3913, 487916|4042, https://www.netflix.com, 
487516|1, 487516|1189, 487860|1386, 487840|1608, 487464|1911, 488344|2330, 488344|2563, 488528|2663, 488528|2833, 488712|2917, 488712|2991, 488716|3066, 488772|3160, 488772|3882, 489692|3996, 489136|4221, https://www.bing.com, 
487568|1, 487568|365, 487572|485, 487572|680, 487940|882, 487564|1032, 487564|1289, 487844|1503, 487816|1715, 487624|1921, 487616|2282, 488496|2553, 488680|2647, 488680|2892, 488864|2972, 488864|3314, 488872|3421, 488880|3576, 488880|3699, 489064|3826, 489248|3933, 489248|4010, https://www.ctrip.com, 
487688|1, 487688|619, 487684|800, 487684|1427, 488048|1679, 488088|1900, 487716|2230, 488556|2647, 488624|2763, 488624|3060, 488992|3167, 488992|3381, 488960|3481, 488960|3593, 488988|3757, 489172|4138, https://www.ctrip.com, 
488000|1, 488000|476, 487996|625, 488012|898, 488012|1528, 488016|1783, 488008|2164, 488376|2512, 488928|3135, 488752|4038, https://www.netflix.com, 
488792|1, 488792|931, 488788|1280, 488780|1501, 488780|1943, 488800|2296, 488952|2894, 488944|3118, 488876|3482, 489792|3962, 489728|4263, http://blogs.360.cn, 
488892|1, 488884|469, 488884|701, 488892|1240, 488888|1566, 488884|2025, 488908|2273, 489240|2843, 489232|3081, 488920|3533, 489840|4051, http://blogs.360.cn, 
488952|1, 488944|489, 488944|657, 488956|1198, 488952|1531, 488952|1790, 488960|2185, 489292|2762, 489340|3221, 488964|3788, 490160|4285, https://www.baidu.com, 
489412|1, 489404|496, 489404|607, 489436|1095, 489432|1449, 489428|1623, 489440|2013, 489440|2266, 489824|2874, 489636|3330, 489524|4096, https://www.ctrip.com, 
489492|1, 489496|381, 489496|766, 489508|1190, 489504|1422, 489504|2111, 489656|2647, 489464|3056, 489608|3671, 490408|4235, https://zhuanlan.zhihu.com, 
489552|1, 489552|1456, 489548|1727, 489548|2074, 489556|2409, 489888|3009, 489828|3272, 489640|3726, 490532|4288, https://www.apple.com, 
489360|1, 489356|560, 489356|918, 489364|1367, 489356|1665, 489356|1829, 489376|2274, 489684|2918, 489568|3366, 489560|3953, 490468|4578, https://www.buaa.edu.cn, 
489496|1, 489496|259, 489492|673, 489496|1081, 489496|1853, 489868|2347, 489880|2780, 489712|3107, 490488|3836, 490600|4091, https://www.baidu.com, 
490060|1, 490056|515, 490060|630, 490072|1097, 490072|2457, 490288|3170, 490176|4170, https://www.douyin.com, 
490080|1, 490080|963, 490084|1450, 490064|1763, 490064|2407, 490412|2958, 490408|3267, 490352|3721, 490344|4192, https://www.buaa.edu.cn, 
490088|1, 490080|579, 490080|1169, 490084|1520, 490080|1709, 490080|2062, 490092|2398, 490252|2803, 490520|3222, 490300|3474, 490108|3918, 491112|4522, https://www.baidu.com, 
490328|1, 490320|398, 490320|578, 490336|1079, 490336|1382, 490328|1690, 490340|2020, 490340|2281, 490740|2717, 490720|3004, 490352|3427, 491340|4129, https://www.baidu.com, 
490704|1, 490696|447, 490708|658, 490708|1076, 490704|1444, 490708|1642, 490708|2407, 491036|2935, 490848|3317, 490776|4109, https://www.netflix.com, 
490720|1, 490708|504, 490708|1221, 490712|1483, 490712|2067, 490724|2341, 491064|2940, 490880|3229, 491736|4209, https://zhuanlan.zhihu.com, 
490860|1, 490864|712, 490864|1807, 490860|2062, 490864|2494, 491072|2994, 491240|3446, 490920|3842, 490992|4601, https://www.bing.com, 
490912|1, 490904|520, 490900|697, 490900|858, 490908|1376, 490908|1606, 490904|1831, 490916|2285, 490916|2595, 491240|3158, 491124|3440, 490936|3994, 491952|4462, https://www.douyin.com, 
490916|1, 490912|683, 490912|852, 490916|1075, 490916|2732, 491300|3250, 491296|3626, 491200|4360, https://zhuanlan.zhihu.com, 
490972|1, 490972|329, 490964|444, 490972|788, 490972|1406, 490968|1795, 490968|2098, 491360|2758, 491352|3034, 491164|3625, 491980|4146, https://zhuanlan.zhihu.com, 
490980|1, 490980|372, 490972|552, 490980|985, 490980|1464, 490996|1878, 490996|2148, 491372|2858, 491180|3115, 491060|3600, 492004|4217, https://www.buaa.edu.cn, 
491012|1, 491004|732, 491004|1056, 491008|1600, 491004|1949, 491004|2184, 491132|2609, 491128|2874, 491276|3443, 491524|3708, 491156|4015, https://www.netflix.com, 
491124|1, 491032|654, 491236|1154, 491232|1512, 491232|1761, 491240|2058, 491240|2522, 491580|2950, 491640|3398, 491272|3822, 492260|4512, https://www.netflix.com, 
491256|1, 491248|442, 491248|598, 491264|1028, 491264|1326, 491256|1586, 491268|1850, 491268|2401, 491648|2969, 491648|3217, 491276|3662, 492284|4337, https://zhuanlan.zhihu.com, 
491280|1, 491276|424, 491292|581, 491296|1093, 491288|1452, 491288|1625, 491296|2065, 491296|2454, 491652|3082, 491652|3324, 491356|3815, 492092|4339, https://www.netflix.com, 
