175|1, 175|1657, 176|2211, 178|2422, 178|2566, 179|2662, 179|3562, 181|3776, 181|4039, https://www.jd.com, 
175|1, 175|1489, 177|2042, 179|2271, 179|2357, 180|2452, 180|4086, https://www.douyin.com, 
175|1, 175|1571, 177|1891, 181|2234, 181|2343, 182|2438, 182|3329, 184|3478, 186|3618, 186|4070, http://www.ox.ac.uk, 
175|1, 175|1550, 177|1878, 180|2237, 180|2377, 181|2461, 181|4092, https://www.shodan.io, 
175|1, 175|1509, 176|1829, 180|2161, 180|2274, 181|2358, 182|4048, https://www.netflix.com, 
175|1, 175|1849, 179|2177, 179|2396, 180|2497, 181|4068, https://www.linkedin.com, 
175|1, 175|1425, 177|1647, 176|1993, 178|2305, 178|2417, 179|2499, 179|3614, 182|3727, 182|3825, 183|3917, 186|4026, http://www.ox.ac.uk, 
175|1, 175|1323, 177|1524, 177|1905, 179|2297, 180|2421, 180|3715, 187|3855, 187|4074, https://www.pinduoduo.com, 
175|1, 175|1616, 177|1952, 179|2260, 181|2394, 182|2478, 182|4016, https://world.taobao.com, 
175|1, 175|1656, 176|1931, 178|2230, 178|2398, 179|2537, 179|3518, 180|3665, 180|4042, http://www.ox.ac.uk, 
175|1, 175|1412, 177|1683, 177|2028, 178|2279, 180|2461, 181|2563, 181|4017, https://www.ctrip.com, 
176|1, 176|1627, 178|1857, 179|2295, 180|2463, 180|2544, 181|2630, 181|3683, 183|3822, 182|3954, 182|4062, https://www.jd.com, 
176|1, 176|1630, 178|2063, 180|2358, 181|2444, 181|2539, 182|2629, 182|3657, 183|3777, 185|4040, https://www.alipay.com, 
175|1, 175|1473, 178|1705, 177|2014, 180|2285, 180|2407, 181|2568, 181|4025, https://www.ctrip.com, 
175|1, 175|1483, 177|1870, 179|2200, 179|2293, 180|2371, 180|3632, 182|3793, 185|3935, 184|4088, https://www.yahoo.com, 
175|1, 175|1894, 181|2314, 182|2444, 182|4071, https://world.taobao.com, 
175|1, 175|1766, 177|2133, 178|2373, 179|2494, 179|2584, 180|2667, 180|4114, https://www.netflix.com, 
175|1, 175|1580, 176|2026, 177|2294, 178|2394, 178|2556, 179|2643, 179|4145, https://www.mit.edu, 
175|1, 175|1743, 177|2011, 179|2433, 179|2540, 180|2625, 180|4071, https://www.shodan.io, 
175|1, 175|1876, 178|2199, 179|2367, 179|2449, 180|2531, 180|4067, https://www.douyin.com, 
175|1, 175|1580, 177|1840, 178|2170, 179|2310, 180|2414, 182|2531, 182|4023, https://world.taobao.com, 
175|1, 175|1836, 179|2232, 179|2371, 180|2452, 180|4036, https://www.linkedin.com, 
175|1, 175|1727, 177|1939, 178|2409, 179|2521, 179|2622, 180|2725, 180|4122, https://www.yahoo.com, 
175|1, 175|1731, 177|2168, 178|2393, 179|2507, 179|2590, 180|2696, 180|3716, 181|3862, 181|4067, https://www.jianshu.com, 
175|1, 175|1945, 178|2319, 179|2431, 179|2525, 180|2631, 180|4007, https://www.bing.com, 
175|1, 175|1426, 177|1685, 176|2192, 178|2413, 178|2497, 179|2590, 179|4058, https://www.pku.edu.cn, 
175|1, 175|1973, 178|2345, 179|2462, 179|2613, 180|2729, 180|3707, 181|3811, 181|4078, https://www.jianshu.com, 
175|1, 175|1334, 177|1601, 180|2242, 180|2381, 181|2503, 181|3705, 182|3812, 182|4039, https://www.alipay.com, 
175|1, 175|1687, 177|2138, 179|2432, 180|2525, 180|3604, 181|3730, 181|4036, https://www.jianshu.com, 
175|1, 175|1444, 177|1688, 178|2152, 179|2348, 179|2427, 180|2507, 180|3321, 182|3457, 186|3630, 186|3737, 189|3851, 187|3942, 187|4028, http://blogs.360.cn, 
175|1, 175|1475, 177|1844, 177|2243, 179|2397, 179|2576, 180|2699, 180|4031, https://www.shodan.io, 
175|1, 175|1523, 178|1834, 179|2287, 180|2496, 181|2591, 181|4059, https://www.mit.edu, 
175|1, 175|1554, 177|1932, 179|2293, 179|2420, 180|2513, 180|3271, 181|3437, 181|3638, 185|3781, 187|3882, 185|3980, 186|4095, http://blogs.360.cn, 
175|1, 175|1603, 177|1782, 177|2224, 180|2473, 182|2588, 182|4075, https://world.taobao.com, 
175|1, 175|2022, 178|2410, 178|2583, 179|2674, 179|4076, https://www.mit.edu, 
175|1, 175|1471, 177|1719, 176|2024, 180|2369, 181|2508, 181|4004, https://www.ctrip.com, 
176|1, 176|2055, 180|2408, 180|2521, 181|2618, 181|4006, https://www.douyin.com, 
176|1, 176|1775, 177|2226, 178|2440, 179|2516, 179|2674, 180|2755, 180|4029, https://www.pku.edu.cn, 
176|1, 176|1294, 178|1502, 176|1840, 180|2249, 181|2352, 181|2437, 182|2523, 182|2911, 181|3027, 181|4080, https://www.ctrip.com, 
176|1, 176|1593, 178|1716, 179|1986, 180|2387, 181|2533, 181|2612, 182|2693, 182|4063, https://www.ctrip.com, 
177|1, 177|1429, 180|1782, 180|2244, 181|2394, 181|2477, 182|2567, 182|3632, 183|3800, 183|4032, https://www.jianshu.com, 
177|1, 177|1649, 180|1868, 179|2273, 181|2534, 181|2612, 182|2695, 182|3012, 181|3104, 181|4050, https://www.linkedin.com, 
176|1, 176|1562, 179|1752, 178|2176, 180|2381, 180|2491, 181|2578, 180|2665, 180|4026, https://www.apple.com, 
175|1, 175|1592, 178|1881, 178|2252, 179|2374, 179|2462, 180|2558, 180|4027, https://www.netflix.com, 
175|1, 175|1830, 179|2233, 179|2438, 180|2526, 181|4187, https://www.linkedin.com, 
176|1, 176|1847, 180|2268, 180|2392, 181|2477, 181|3238, 183|3448, 183|3601, 184|3727, 184|4074, https://www.jianshu.com, 
179|1, 179|451, 180|666, 180|1709, 182|1913, 184|2411, 184|2603, 185|2692, 185|3424, 186|3560, 186|4055, https://www.linkedin.com, 
181|1, 181|1690, 183|2155, 185|2370, 185|2535, 186|2654, 186|3723, 187|3855, 187|4080, https://www.jd.com, 
181|1, 181|1543, 184|1768, 184|2235, 185|2357, 185|2439, 186|2565, 186|3284, 187|3399, 187|3623, 191|3737, 193|4054, http://blogs.360.cn, 
181|1, 181|1617, 184|1868, 183|2306, 185|2438, 185|2594, 186|2678, 186|4085, https://www.linkedin.com, 
181|1, 181|1666, 184|2163, 185|2370, 186|2489, 186|3679, 188|3830, 187|3927, 187|4028, https://www.jd.com, 
181|1, 181|1547, 183|1812, 183|2231, 185|2484, 185|2563, 186|2661, 186|3511, 187|3681, 188|3808, 188|4018, https://zhuanlan.zhihu.com, 
181|1, 181|1572, 183|1731, 181|1999, 184|2350, 185|2507, 185|2582, 186|2674, 186|3703, 191|3847, 193|3972, 193|4082, https://www.pinduoduo.com, 
181|1, 181|1912, 184|2278, 185|2388, 185|2478, 186|2556, 187|4170, https://www.linkedin.com, 
181|1, 181|1635, 184|1873, 185|2266, 187|2465, 188|2591, 188|4022, https://world.taobao.com, 
181|1, 181|1421, 184|1802, 182|2147, 184|2378, 184|2458, 185|2537, 185|4009, https://www.pku.edu.cn, 
181|1, 181|1525, 183|1716, 183|2221, 186|2444, 187|2551, 187|2647, 188|2741, 188|4015, https://world.taobao.com, 
181|1, 181|1449, 182|1692, 183|2032, 185|2310, 185|2455, 186|2557, 186|3775, 188|3885, 187|3979, 187|4069, https://www.jd.com, 
181|1, 181|1493, 183|1703, 181|1923, 184|2365, 185|2453, 185|2533, 186|2616, 186|3584, 187|3713, 187|3887, 191|3993, 191|4084, http://blogs.360.cn, 
181|1, 181|1614, 184|1851, 185|2328, 185|2534, 186|2621, 186|3855, 187|3945, 187|4029, https://www.apple.com, 
181|1, 181|1261, 183|1662, 183|2120, 185|2368, 185|2507, 186|2586, 186|3558, 193|3733, 193|4052, https://www.pinduoduo.com, 
181|1, 181|1556, 183|1804, 183|2090, 185|2430, 185|2610, 186|2690, 186|3549, 188|3763, 189|3891, 189|4004, https://zhuanlan.zhihu.com, 
181|1, 181|1399, 183|1640, 183|1964, 185|2354, 185|2466, 186|2555, 187|4012, https://www.buaa.edu.cn, 
181|1, 181|2062, 185|2493, 185|2602, 186|2703, 186|3627, 187|3750, 187|4006, https://www.jianshu.com, 
181|1, 181|1926, 184|2345, 185|2502, 185|2592, 186|2687, 186|3713, 188|3835, 187|3944, 187|4034, https://www.jd.com, 
181|1, 181|1562, 184|1831, 183|2223, 187|2475, 187|2574, 188|2654, 188|4063, https://world.taobao.com, 
181|1, 181|1910, 185|2315, 185|2474, 186|2555, 186|4016, https://www.linkedin.com, 
181|1, 181|1678, 183|2097, 186|2477, 187|2581, 187|2928, 186|3011, 187|3090, 187|3732, 188|3859, 188|4004, https://www.alipay.com, 
181|1, 181|1376, 183|1681, 181|2076, 183|2346, 184|2434, 184|2597, 185|2707, 184|4105, https://www.pku.edu.cn, 
180|1, 180|1755, 182|2153, 183|2405, 184|2490, 184|2658, 185|2746, 185|3744, 186|3892, 186|4090, https://www.jd.com, 
180|1, 180|1351, 183|1605, 183|2038, 184|2278, 185|2389, 185|3517, 186|3632, 192|3754, 192|4031, https://www.pinduoduo.com, 
180|1, 180|1809, 182|2215, 184|2458, 184|2628, 185|2712, 185|4099, https://www.douyin.com, 
180|1, 180|1644, 183|1855, 182|2188, 184|2404, 184|2577, 185|2662, 185|3815, 186|3905, 186|4014, https://www.apple.com, 
180|1, 180|1775, 182|2113, 182|2423, 183|2525, 184|2615, 184|2714, 185|2795, 185|4150, https://www.bing.com, 
180|1, 180|1690, 182|2048, 186|2339, 186|2509, 187|2615, 187|3613, 188|3736, 189|4036, http://www.ox.ac.uk, 
180|1, 180|1570, 183|1818, 181|2197, 182|2370, 182|2454, 183|2547, 184|2626, 184|3470, 189|3628, 187|3759, 188|4074, https://www.apple.com, 
180|1, 180|1567, 182|1749, 182|2218, 184|2400, 184|2480, 185|2589, 185|3661, 186|3807, 186|4089, https://www.jianshu.com, 
180|1, 180|1697, 181|2082, 183|2328, 184|2469, 184|2560, 185|2643, 185|3557, 188|3709, 192|3818, 192|4034, https://www.pinduoduo.com, 
180|1, 180|1595, 182|1934, 182|2291, 183|2407, 184|2495, 184|2661, 185|2742, 185|3412, 186|3561, 187|3710, 187|4035, https://zhuanlan.zhihu.com, 
180|1, 180|1443, 181|1601, 182|2014, 184|2375, 185|2463, 186|2564, 186|3628, 187|3779, 187|4010, https://www.alipay.com, 
180|1, 180|1523, 182|1742, 182|2206, 184|2463, 184|2556, 185|2636, 185|3647, 192|3801, 192|4009, https://www.pinduoduo.com, 
180|1, 180|1478, 182|1672, 181|2050, 182|2248, 182|2332, 183|2409, 183|2507, 184|2597, 184|3229, 189|3366, 190|3514, 191|4004, https://www.buaa.edu.cn, 
180|1, 180|1625, 182|1840, 183|2306, 184|2473, 184|2575, 185|2666, 185|4037, https://www.bing.com, 
180|1, 180|1658, 182|2157, 184|2390, 184|2470, 185|2553, 185|3541, 188|3681, 188|4051, https://www.baidu.com, 
180|1, 180|1635, 182|1795, 182|2097, 183|2393, 184|2562, 184|2650, 185|2732, 185|3874, 192|3994, 192|4147, https://www.pinduoduo.com, 
180|1, 180|1607, 182|1930, 184|2250, 184|2443, 185|2525, 185|4039, https://www.shodan.io, 
180|1, 180|1706, 181|2069, 183|2443, 184|2540, 184|2619, 185|2696, 185|3713, 186|3840, 186|4069, https://www.jianshu.com, 
180|1, 180|1752, 184|2150, 184|2311, 185|2402, 185|3344, 186|3480, 187|3618, 187|4130, https://zhuanlan.zhihu.com, 
180|1, 180|1656, 181|2016, 183|2306, 183|2544, 184|2623, 184|4078, https://www.pku.edu.cn, 
180|1, 180|1448, 182|1752, 182|2187, 185|2416, 185|2579, 186|2663, 186|3480, 187|3607, 187|4097, https://www.mit.edu, 
180|1, 180|1516, 182|1745, 182|2214, 183|2363, 183|2438, 184|2582, 184|3435, 185|3581, 186|4046, https://www.buaa.edu.cn, 
180|1, 180|1720, 182|1952, 184|2392, 184|2608, 185|2718, 185|4101, https://www.bing.com, 
180|1, 180|1903, 183|2282, 184|2459, 184|2536, 185|2683, 185|4028, https://www.douyin.com, 
180|1, 180|1465, 183|1751, 184|2175, 184|2383, 185|2480, 185|3358, 186|3478, 186|4068, https://www.jianshu.com, 
180|1, 180|693, 182|897, 182|1690, 183|2137, 185|2392, 185|2552, 186|2636, 186|3708, 187|3817, 187|4044, https://www.pku.edu.cn, 
184|1, 184|936, 185|1079, 185|1594, 187|1835, 187|2304, 189|2466, 189|2668, 190|2771, 190|4072, https://www.shodan.io, 
185|1, 185|1500, 187|1791, 186|2203, 188|2420, 188|2577, 189|2731, 189|3379, 190|3556, 190|3806, 191|3946, 191|4040, https://www.buaa.edu.cn, 
185|1, 185|1365, 187|1751, 186|2044, 188|2342, 188|2500, 189|2581, 189|3711, 190|3834, 190|4012, http://www.ox.ac.uk, 
185|1, 185|1620, 188|1874, 188|2431, 189|2542, 189|4084, https://www.mit.edu, 
185|1, 185|1645, 188|1861, 189|2273, 189|2472, 190|2555, 190|4072, https://www.shodan.io, 
185|1, 185|1528, 187|1729, 186|2125, 187|2355, 188|2475, 188|2560, 189|2642, 189|4086, https://www.mit.edu, 
185|1, 185|1478, 187|1704, 187|2191, 189|2398, 190|2554, 190|3708, 194|3817, 197|3965, 197|4080, https://www.pinduoduo.com, 
185|1, 185|1615, 188|1913, 187|2227, 188|2373, 189|2496, 189|2575, 190|2665, 190|4007, https://www.shodan.io, 
185|1, 185|1703, 186|2120, 190|2426, 190|2603, 191|2689, 191|3638, 192|3764, 192|4027, http://www.ox.ac.uk, 
185|1, 185|1493, 188|1731, 188|2216, 189|2344, 189|2454, 190|2549, 190|3548, 191|3693, 191|4010, https://www.jianshu.com, 
185|1, 185|1952, 187|2236, 188|2337, 189|2429, 189|2503, 190|2578, 190|2744, 187|2825, 190|2900, 190|3685, 192|3816, 191|4070, https://www.jd.com, 
185|1, 185|1946, 187|2305, 189|2481, 189|2565, 190|2653, 190|4036, https://www.yahoo.com, 
185|1, 185|1669, 188|1894, 187|2368, 188|2493, 188|2568, 189|2648, 189|4095, https://www.pku.edu.cn, 
185|1, 185|1773, 186|2095, 187|2450, 188|2557, 189|2643, 189|2791, 190|2879, 190|4005, https://www.linkedin.com, 
185|1, 185|1757, 187|2045, 188|2420, 189|2516, 189|2646, 190|2738, 190|4002, https://www.shodan.io, 
185|1, 185|1627, 187|1914, 187|2337, 188|2488, 189|2607, 189|2690, 190|2778, 190|4002, https://www.shodan.io, 
185|1, 185|1721, 188|1922, 186|2352, 188|2504, 188|2668, 189|2759, 189|3712, 190|3831, 190|4037, http://www.ox.ac.uk, 
185|1, 185|2142, 187|2446, 189|2584, 189|2775, 190|2863, 190|4020, https://www.bing.com, 
185|1, 185|1714, 187|2134, 189|2408, 189|2488, 190|2571, 190|4026, https://www.douyin.com, 
185|1, 185|1681, 186|2121, 190|2361, 190|2457, 191|2544, 191|4028, https://www.mit.edu, 
185|1, 185|1660, 188|1860, 187|2182, 190|2442, 190|2634, 191|2714, 191|4075, https://www.ctrip.com, 
186|1, 186|2010, 187|2263, 189|2391, 189|2560, 190|2660, 190|3706, 191|3805, 191|4007, https://www.apple.com, 
185|1, 185|1670, 187|2062, 189|2403, 189|2510, 190|2637, 190|3783, 193|3900, 193|4031, https://www.baidu.com, 
185|1, 185|1394, 186|1726, 187|2229, 189|2434, 189|2528, 190|2617, 190|3750, 192|3940, 192|4069, https://www.jd.com, 
185|1, 185|1810, 186|2168, 190|2424, 190|2613, 191|2704, 191|4007, https://www.netflix.com, 
185|1, 185|1723, 188|2067, 189|2259, 190|2344, 190|3607, 192|3734, 193|3875, 193|4083, https://www.baidu.com, 
185|1, 185|1478, 187|1802, 187|2125, 189|2413, 190|2518, 190|2901, 191|2988, 191|3690, 192|3838, 192|4056, https://www.alipay.com, 
185|1, 185|1488, 187|2082, 189|2345, 190|2467, 190|2870, 189|2945, 190|3032, 190|3672, 197|3786, 197|4020, https://www.pinduoduo.com, 
185|1, 185|1957, 187|2274, 190|2398, 191|2496, 191|2580, 192|2679, 192|4055, https://world.taobao.com, 
185|1, 185|1567, 186|1819, 188|2289, 189|2448, 189|2548, 190|2638, 190|3757, 193|3925, 196|4069, https://www.yahoo.com, 
185|1, 185|1687, 187|2058, 189|2346, 189|2552, 190|2638, 190|4047, https://www.shodan.io, 
185|1, 185|1602, 187|1797, 187|2189, 189|2479, 189|2638, 190|2723, 191|4037, https://www.apple.com, 
185|1, 185|1482, 188|1773, 186|2255, 188|2360, 188|2544, 189|2634, 189|4020, https://www.pku.edu.cn, 
185|1, 185|1902, 187|2183, 189|2401, 189|2480, 190|2557, 190|3870, 191|3994, 191|4098, https://www.buaa.edu.cn, 
185|1, 185|2063, 188|2405, 189|2547, 190|2674, 194|4076, https://www.yahoo.com, 
185|1, 185|1585, 186|2085, 188|2367, 188|2526, 189|2608, 189|4040, https://www.pku.edu.cn, 
185|1, 185|1613, 187|1922, 189|2311, 191|2556, 191|3483, 192|3622, 194|4035, https://www.alipay.com, 
185|1, 185|1437, 188|1754, 187|2109, 190|2334, 190|2421, 191|2535, 191|3470, 192|3619, 194|4017, https://www.alipay.com, 
185|1, 185|1719, 186|2097, 190|2346, 190|2491, 191|2596, 191|3627, 192|3760, 192|4060, http://www.ox.ac.uk, 
185|1, 185|1513, 188|1821, 188|2269, 190|2389, 190|2476, 192|2602, 192|4024, https://world.taobao.com, 
185|1, 185|1587, 186|1791, 186|2167, 187|2405, 188|2488, 188|2574, 189|2651, 189|3618, 190|3719, 190|4101, http://www.ox.ac.uk, 
185|1, 185|1668, 188|1871, 188|2273, 189|2431, 189|2519, 190|2594, 190|3431, 193|3593, 196|3725, 198|3823, 197|3931, 196|4014, http://blogs.360.cn, 
185|1, 185|1710, 186|2035, 187|2301, 188|2436, 189|2536, 189|3565, 190|3693, 190|4086, http://www.ox.ac.uk, 
185|1, 185|1664, 187|1977, 189|2421, 190|2522, 190|4090, https://www.linkedin.com, 
185|1, 185|1513, 187|1770, 190|2303, 190|2429, 191|2551, 193|4112, https://www.yahoo.com, 
185|1, 185|1471, 188|1724, 189|2261, 189|2391, 190|2484, 190|4099, https://www.pku.edu.cn, 
185|1, 185|1718, 186|1968, 190|2428, 190|2556, 191|2656, 197|4029, https://www.yahoo.com, 
185|1, 185|1334, 187|1589, 185|1876, 190|2313, 192|2464, 193|2641, 193|4046, https://world.taobao.com, 
188|1, 188|1426, 190|1745, 190|2140, 192|2272, 192|2352, 193|2457, 193|3351, 194|3483, 195|4012, https://www.apple.com, 
190|1, 190|1759, 192|2229, 195|2509, 195|2601, 196|2707, 201|4040, http://blogs.360.cn, 
190|1, 190|2008, 195|2417, 196|2572, 196|3835, 202|3997, 201|4167, https://www.yahoo.com, 
190|1, 190|1552, 191|1937, 195|2373, 196|2471, 197|2554, 197|3621, 198|3741, 200|4120, https://www.alipay.com, 
190|1, 190|1734, 193|2048, 193|2453, 196|2616, 196|2728, 197|2816, 197|4075, https://www.mit.edu, 
190|1, 190|1491, 192|1728, 192|2187, 195|2388, 195|2509, 196|2612, 196|3694, 199|3874, 202|4016, https://www.yahoo.com, 
190|1, 190|1602, 191|1818, 193|2257, 195|2498, 195|2589, 196|2706, 196|3669, 198|3882, 202|4039, https://www.yahoo.com, 
190|1, 190|1582, 192|1862, 195|2358, 195|2551, 196|2639, 196|4088, https://www.douyin.com, 
190|1, 190|1595, 193|1940, 193|2317, 195|2456, 195|2544, 196|2621, 196|3736, 197|3836, 197|4040, https://www.apple.com, 
190|1, 190|1829, 193|2270, 196|2546, 196|2651, 197|2745, 197|3701, 198|3821, 198|4001, https://www.alipay.com, 
190|1, 190|1416, 192|1665, 191|1973, 194|2248, 196|2478, 197|2604, 197|4002, https://www.ctrip.com, 
191|1, 191|1618, 194|1923, 192|2335, 195|2510, 195|2683, 196|2772, 196|3581, 197|3758, 197|3866, 198|3993, 198|4114, https://www.buaa.edu.cn, 
191|1, 191|1727, 193|2111, 196|2416, 196|2520, 197|2600, 197|3732, 199|3850, 198|3945, 198|4046, https://www.jd.com, 
191|1, 191|591, 190|724, 190|1634, 192|1782, 192|2326, 194|2449, 194|2623, 195|2710, 195|4149, https://www.mit.edu, 
190|1, 190|1607, 192|1860, 192|2193, 195|2487, 196|2623, 196|4057, https://www.bing.com, 
190|1, 190|1758, 192|2140, 195|2460, 195|2680, 196|2771, 203|4007, https://www.pinduoduo.com, 
190|1, 190|1401, 193|1733, 194|2122, 195|2316, 195|2407, 196|2502, 196|3551, 199|3683, 199|4042, https://www.baidu.com, 
190|1, 190|1554, 192|1840, 192|2253, 195|2430, 195|2531, 196|2643, 196|4146, https://www.bing.com, 
190|1, 190|1422, 192|1691, 191|2054, 194|2308, 194|2490, 195|2606, 195|3461, 201|3599, 197|3787, 198|4070, https://www.apple.com, 
190|1, 190|1631, 191|2079, 195|2416, 195|2554, 196|2663, 196|3520, 197|3686, 198|3852, 198|4034, https://zhuanlan.zhihu.com, 
190|1, 190|1572, 192|1812, 194|2254, 195|2414, 195|2511, 196|2599, 196|4079, https://www.bing.com, 
190|1, 190|2071, 194|2394, 194|2603, 195|2688, 195|3521, 196|3646, 196|3800, 197|3945, 197|4058, https://www.buaa.edu.cn, 
190|1, 190|1780, 193|2041, 192|2382, 195|2622, 196|2715, 196|3433, 197|3573, 201|3720, 201|3837, 202|3936, 201|4030, http://blogs.360.cn, 
190|1, 190|1632, 193|1916, 193|2277, 195|2451, 196|2600, 196|3809, 199|3930, 199|4051, https://www.baidu.com, 
190|1, 190|1627, 192|1869, 194|2321, 194|2440, 195|2530, 195|3578, 196|3694, 196|4120, https://www.mit.edu, 
190|1, 190|1769, 192|2136, 195|2448, 195|2544, 196|2642, 196|4076, https://www.douyin.com, 
190|1, 190|1927, 193|2219, 195|2348, 195|2538, 196|2618, 196|3606, 199|3788, 199|4082, https://www.baidu.com, 
190|1, 190|1918, 195|2318, 195|2453, 197|2552, 197|3412, 198|3562, 200|4042, https://www.alipay.com, 
190|1, 190|1549, 192|1737, 192|2161, 195|2368, 195|2499, 196|2588, 196|2766, 198|2881, 198|3030, 196|3166, 196|3506, 201|3666, 201|3864, 202|3969, 202|4249, http://blogs.360.cn, 
190|1, 190|1613, 191|1811, 195|2249, 196|2460, 197|2538, 197|4020, https://www.netflix.com, 
190|1, 190|1958, 194|2296, 195|2440, 195|2524, 196|2625, 196|4194, https://www.bing.com, 
190|1, 190|1723, 193|1928, 193|2336, 195|2535, 196|2629, 196|2709, 197|2798, 197|4063, https://www.ctrip.com, 
190|1, 190|1888, 192|2250, 196|2637, 196|2738, 197|2842, 197|4114, https://www.ctrip.com, 
190|1, 190|3087, 193|3421, 195|4038, https://www.netflix.com, 
190|1, 190|3468, 195|3925, 196|4186, http://blogs.360.cn, 
190|1, 195|4012, http://blogs.360.cn, 
190|1, 190|3237, 192|3777, 196|4270, https://www.baidu.com, 
190|1, 190|2850, 193|3360, 195|4079, https://www.ctrip.com, 
190|1, 190|2662, 192|2990, 193|3722, 196|4177, https://zhuanlan.zhihu.com, 
190|1, 190|2993, 192|3259, 190|3710, 195|4276, https://www.apple.com, 
190|1, 190|2847, 192|3251, 196|4443, https://www.buaa.edu.cn, 
190|1, 190|2806, 193|3138, 195|3884, 196|4082, https://www.baidu.com, 
190|1, 190|3096, 193|3606, 193|4098, https://www.douyin.com, 
190|1, 190|3097, 193|3541, 194|4080, https://www.buaa.edu.cn, 
190|1, 190|3128, 192|3328, 196|4378, https://www.baidu.com, 
190|1, 196|4131, https://www.baidu.com, 
190|1, 190|2975, 192|3271, 195|4086, https://www.netflix.com, 
190|1, 190|2920, 192|3233, 195|4155, https://zhuanlan.zhihu.com, 
190|1, 190|650, 192|1176, 198|4470, https://www.bing.com, 
194|1, 194|584, 195|875, 195|3102, 197|3357, 200|4348, https://www.douyin.com, 
195|1, 195|3133, 197|3526, 198|4248, https://zhuanlan.zhihu.com, 
195|1, 195|2735, 197|3013, 201|4137, https://zhuanlan.zhihu.com, 
195|1, 195|2781, 197|3073, 196|3602, 199|4115, https://www.buaa.edu.cn, 
195|1, 195|3623, 198|3930, 199|4482, https://www.netflix.com, 
195|1, 195|3402, 197|3851, 202|4469, https://www.netflix.com, 
195|1, 200|4283, https://zhuanlan.zhihu.com, 
195|1, 195|3045, 197|3291, 202|4279, https://www.netflix.com, 
