154718|1, 154718|1188, 154726|1557, 154728|1976, 154728|2952, 154744|3102, 154762|3280, 154770|3519, 154770|4069, https://www.jd.com, 
154989|1, 154990|361, 154990|1078, 155002|1329, 155021|1909, 155021|3240, 155051|3407, 155053|3501, 155053|3735, 155055|3862, 155068|4146, https://www.douyin.com, 
155102|1, 155102|657, 155103|819, 155103|1267, 155106|1521, 155113|1893, 155114|2067, 155126|2163, 155126|2577, 155131|2664, 155131|2770, 155132|2887, 155132|3165, 155135|3336, 155139|3436, 155150|3535, 155151|3627, 155163|3756, 155167|3964, 155188|4068, http://www.ox.ac.uk, 
155554|1, 155554|1125, 155557|1436, 155565|1857, 155569|2067, 155572|2162, 155575|2251, 155582|2343, 155582|4090, https://www.shodan.io, 
155610|1, 155610|588, 155611|746, 155612|973, 155612|1176, 155614|1424, 155621|1868, 155622|2003, 155626|2107, 155630|2193, 155631|2300, 155632|2408, 155633|2502, 155635|2591, 155635|2773, 155636|2886, 155646|3014, 155646|3132, 155656|3278, 155656|3682, 155658|3795, 155658|4045, https://www.netflix.com, 
155836|1, 155838|277, 155838|1279, 155850|1531, 155861|1872, 155866|2064, 155873|2162, 155873|3759, 155875|3959, 155880|4117, https://www.linkedin.com, 
156027|1, 156027|1316, 156029|1546, 156033|1920, 156033|3465, 156041|3561, 156041|3653, 156042|3747, 156048|3870, 156049|3960, 156049|4044, http://www.ox.ac.uk, 
157015|1, 157017|278, 157017|1280, 157029|1549, 157042|1996, 157042|3487, 157046|3631, 157081|3759, 157117|3877, 157132|4062, https://www.pinduoduo.com, 
157171|1, 157173|260, 157173|1376, 157185|1588, 157202|1988, 157207|2167, 157215|2266, 157216|2351, 157216|2682, 157219|2822, 157219|3305, 157229|3433, 157239|4066, https://world.taobao.com, 
157448|1, 157448|1357, 157450|1560, 157454|1851, 157454|3255, 157458|3413, 157462|3516, 157463|3614, 157464|3715, 157464|4073, http://www.ox.ac.uk, 
157664|1, 157666|245, 157666|1404, 157679|1597, 157697|1945, 157706|2207, 157706|3338, 157708|3458, 157710|3602, 157710|4027, https://www.ctrip.com, 
157876|1, 157876|176, 157877|329, 157877|1349, 157882|1570, 157917|1958, 157917|3455, 157941|3563, 157958|3712, 157958|3829, 157995|3930, 157999|4036, https://www.jd.com, 
158211|1, 158211|231, 158213|413, 158213|1399, 158233|1672, 158252|2119, 158252|2265, 158255|2354, 158263|2448, 158265|2539, 158266|2625, 158266|3454, 158269|3573, 158278|3728, 158300|4011, https://www.alipay.com, 
158317|1, 158317|1351, 158331|1664, 158346|1984, 158351|2176, 158351|3301, 158353|3454, 158353|4054, https://www.ctrip.com, 
158503|1, 158503|1301, 158507|1552, 158524|1953, 158531|2123, 158531|2555, 158542|2649, 158556|2741, 158564|2836, 158580|2952, 158598|3074, 158618|3173, 158624|3266, 158625|3349, 158625|3424, 158659|3608, 158696|3757, 158727|3868, 158757|4039, https://www.yahoo.com, 
159212|1, 159212|1297, 159224|1563, 159241|1961, 159257|2234, 159257|3561, 159267|3690, 159267|4038, https://world.taobao.com, 
159446|1, 159446|1154, 159447|1499, 159449|1741, 159455|2139, 159456|2308, 159460|2407, 159460|2889, 159461|2989, 159461|3089, 159462|3265, 159464|4028, https://www.netflix.com, 
160183|1, 160183|1334, 160199|1636, 160207|2063, 160207|4046, https://www.mit.edu, 
160266|1, 160266|1488, 160267|1678, 160283|2181, 160286|2316, 160286|2836, 160294|2927, 160297|3038, 160297|3421, 160302|3572, 160309|3698, 160309|4099, https://www.shodan.io, 
160321|1, 160321|1448, 160352|1900, 160352|3732, 160384|3843, 160386|3950, 160394|4190, https://www.douyin.com, 
160429|1, 160429|938, 160430|1087, 160430|1368, 160434|1572, 160446|1908, 160449|2132, 160456|2235, 160466|2355, 160471|2451, 160471|3462, 160481|3604, 160481|4027, https://world.taobao.com, 
160659|1, 160659|196, 160661|356, 160661|1229, 160665|1485, 160688|1885, 160696|2182, 160698|4049, https://www.linkedin.com, 
160840|1, 160840|1659, 160858|2139, 160865|2352, 160875|2447, 160923|2559, 160964|2653, 160979|2746, 160979|3328, 160983|3443, 160983|3755, 161056|3921, 161059|4046, https://www.yahoo.com, 
161577|1, 161577|168, 161579|314, 161579|1491, 161591|1745, 161606|2166, 161606|2279, 161616|2388, 161616|3501, 161626|3624, 161632|3754, 161632|4053, https://www.jianshu.com, 
161752|1, 161752|169, 161754|309, 161754|1333, 161764|1587, 161781|2079, 161791|2242, 161794|2350, 161821|2442, 161821|3821, 161826|3991, 161826|4138, https://www.bing.com, 
161840|1, 161840|168, 161842|317, 161842|1134, 161843|1451, 161857|1748, 161861|2244, 161861|4007, https://www.pku.edu.cn, 
161949|1, 161949|1480, 161959|1664, 161979|2098, 161979|2296, 161988|2452, 161988|3642, 161998|3779, 162004|3913, 162004|4019, https://www.jianshu.com, 
162143|1, 162143|1330, 162178|1815, 162191|2224, 162195|2352, 162195|3554, 162198|3649, 162206|3799, 162227|4131, https://www.alipay.com, 
162243|1, 162243|1496, 162257|1824, 162279|2267, 162279|3437, 162289|3536, 162293|3660, 162295|3769, 162295|4061, https://www.jianshu.com, 
162420|1, 162420|146, 162422|246, 162422|1484, 162430|1804, 162452|2202, 162452|3295, 162477|3428, 162552|3594, 162574|3697, 162598|3800, 162600|4024, http://blogs.360.cn, 
162705|1, 162705|279, 162706|459, 162707|638, 162707|937, 162708|1054, 162708|1524, 162716|1947, 162720|2243, 162720|2432, 162722|2529, 162728|2642, 162729|2726, 162735|4001, https://www.shodan.io, 
162754|1, 162754|1029, 162755|1202, 162756|1565, 162774|2013, 162790|2320, 162792|2432, 162792|4031, https://www.mit.edu, 
162864|1, 162864|1201, 162866|1561, 162892|2006, 162892|3113, 162907|3268, 162907|3487, 162922|3606, 162948|3719, 162981|3822, 162986|3940, 162986|4062, http://blogs.360.cn, 
163098|1, 163098|214, 163099|351, 163099|1577, 163113|1821, 163128|2262, 163138|2417, 163142|2541, 163142|2880, 163145|2970, 163145|3643, 163155|3757, 163155|4021, https://world.taobao.com, 
163352|1, 163352|1469, 163356|1736, 163370|2113, 163370|4041, https://www.mit.edu, 
163438|1, 163438|234, 163440|426, 163440|1481, 163452|1721, 163468|2072, 163475|2328, 163475|3501, 163477|3626, 163477|4007, https://www.ctrip.com, 
163640|1, 163640|208, 163642|361, 163642|1564, 163654|1806, 163676|2188, 163676|3426, 163699|3578, 163708|3674, 163710|4085, https://www.douyin.com, 
163755|1, 163755|1547, 163767|1864, 163771|2271, 163771|4070, https://www.pku.edu.cn, 
163865|1, 163865|1357, 163875|1576, 163893|2028, 163898|2214, 163900|2312, 163900|2788, 163901|2891, 163901|3459, 163903|3584, 163903|4040, https://www.ctrip.com, 
164051|1, 164051|1543, 164057|1660, 164081|2143, 164086|2370, 164086|3419, 164088|3520, 164088|4067, https://www.ctrip.com, 
164244|1, 164244|1427, 164273|1905, 164284|2207, 164284|3442, 164285|3569, 164300|3731, 164300|4057, https://www.jianshu.com, 
164412|1, 164412|1586, 164428|1887, 164449|2342, 164449|2906, 164450|3009, 164450|4133, https://www.linkedin.com, 
164599|1, 164599|233, 164601|411, 164601|1532, 164620|1895, 164636|2222, 164636|2427, 164637|2515, 164637|3294, 164638|3411, 164866|3607, 164871|3702, 165014|3795, 165014|4054, https://www.apple.com, 
165127|1, 165127|408, 165128|580, 165129|781, 165129|1621, 165137|2024, 165138|2242, 165138|2333, 165142|2426, 165142|2903, 165143|2998, 165143|3091, 165144|3216, 165146|3352, 165157|4078, https://www.netflix.com, 
165536|1, 165536|1363, 165546|1542, 165562|1917, 165571|2210, 165571|3772, 165573|3977, 165576|4156, https://www.linkedin.com, 
165694|1, 165694|1037, 165698|1327, 165698|1531, 165725|1917, 165736|2252, 165736|3099, 165742|3295, 165742|3428, 165744|3557, 165758|3726, 165758|4032, https://www.jianshu.com, 
165891|1, 165891|270, 165893|494, 165893|1682, 165914|2060, 165918|2373, 165923|2462, 165926|2556, 165926|4034, https://www.linkedin.com, 
166035|1, 166035|153, 166036|283, 166037|490, 166037|1482, 166046|1777, 166077|2170, 166077|2598, 166078|2682, 166078|3295, 166081|3419, 166103|3559, 166117|3683, 166125|3811, 166162|3893, 166166|4081, https://www.jd.com, 
166433|1, 166433|146, 166434|289, 166434|1316, 166436|1525, 166464|1930, 166464|3218, 166479|3353, 166479|3560, 166506|3672, 166523|3779, 166541|3889, 166551|4008, http://blogs.360.cn, 
166653|1, 166653|813, 166654|975, 166654|1381, 166664|1575, 166679|2008, 166691|2259, 166693|4081, https://www.linkedin.com, 
166823|1, 166823|1510, 166831|1754, 166861|2184, 166861|3232, 166864|3410, 166875|3531, 166890|3675, 166905|3781, 166915|3885, 166942|4022, https://www.jd.com, 
167168|1, 167168|167, 167169|323, 167170|559, 167170|1577, 167182|1858, 167207|2310, 167207|3368, 167209|3497, 167220|3652, 167237|3765, 167249|3873, 167249|4047, https://zhuanlan.zhihu.com, 
167337|1, 167337|217, 167339|340, 167339|1510, 167351|1733, 167362|2026, 167364|2329, 167364|3646, 167381|3767, 167409|3899, 167439|4012, https://www.pinduoduo.com, 
167494|1, 167494|1430, 167506|1664, 167523|2044, 167531|2251, 167538|4242, https://www.linkedin.com, 
167670|1, 167670|182, 167672|369, 167672|1389, 167674|1644, 167695|2018, 167707|2255, 167717|2419, 167717|3535, 167727|3672, 167727|4037, https://world.taobao.com, 
167932|1, 167932|262, 167934|424, 167934|1173, 167936|1489, 167952|1882, 167952|4042, https://www.pku.edu.cn, 
168033|1, 168033|1535, 168047|1876, 168065|2320, 168072|2421, 168072|2524, 168081|2614, 168082|2705, 168082|2785, 168084|2875, 168084|3491, 168092|3646, 168094|3745, 168094|4094, https://world.taobao.com, 
168279|1, 168279|250, 168281|417, 168281|1493, 168288|1724, 168321|2080, 168321|3475, 168338|3611, 168345|3728, 168362|3835, 168399|4017, https://www.jd.com, 
168602|1, 168602|1500, 168606|1729, 168632|2110, 168632|3424, 168647|3559, 168647|3750, 168655|3844, 168686|3941, 168699|4040, http://blogs.360.cn, 
168805|1, 168805|162, 168807|313, 168807|1295, 168817|1617, 168844|1972, 168845|2296, 168845|3258, 168871|3416, 169145|3594, 169145|3695, 169147|3795, 169148|3880, 169150|4076, https://www.apple.com, 
169249|1, 169249|166, 169250|290, 169250|1414, 169264|1728, 169275|2136, 169275|3522, 169312|3657, 169350|3779, 169350|3874, 169366|3961, 169368|4077, https://www.pinduoduo.com, 
169404|1, 169404|1554, 169420|1858, 169433|2118, 169444|2369, 169444|3379, 169455|3566, 169494|3736, 169500|3833, 169500|4034, https://zhuanlan.zhihu.com, 
169588|1, 169588|173, 169590|348, 169590|1418, 169602|1667, 169617|2147, 169617|3295, 169619|3436, 169619|3743, 169623|3835, 169640|3952, 169640|4050, https://www.buaa.edu.cn, 
169682|1, 169682|269, 169683|423, 169683|1711, 169709|2222, 169709|2530, 169719|2635, 169719|3568, 169729|3733, 169735|3834, 169735|4037, https://www.jianshu.com, 
169858|1, 169858|1382, 169860|1643, 169878|2021, 169900|2326, 169900|3449, 169910|3550, 169924|3669, 169940|3779, 169940|3883, 169977|3970, 169977|4071, https://www.jd.com, 
170218|1, 170218|238, 170219|370, 170219|1581, 170235|1937, 170250|2317, 170263|2443, 170263|3462, 170269|3578, 170273|3700, 170273|4079, https://world.taobao.com, 
170445|1, 170445|1631, 170468|1967, 170479|2327, 170479|4050, https://www.linkedin.com, 
170631|1, 170631|384, 170633|561, 170633|1470, 170653|1711, 170671|2179, 170679|2380, 170684|2503, 170684|3003, 170687|3107, 170687|3535, 170689|3642, 170699|3812, 170699|3902, 170701|3988, 170718|4142, https://www.alipay.com, 
170734|1, 170734|1454, 170748|1783, 170752|2127, 170752|3826, 170753|3948, 170754|4045, https://www.pku.edu.cn, 
170836|1, 170836|248, 170838|457, 170838|1586, 170845|1804, 170875|2167, 170875|3314, 170878|3460, 170897|3570, 170911|3732, 170918|3834, 170919|3917, 170955|4061, https://www.jd.com, 
171155|1, 171155|1343, 171172|1718, 171180|2138, 171180|3489, 171191|3612, 171219|3718, 171254|3817, 171271|4006, https://www.pinduoduo.com, 
171308|1, 171308|318, 171310|595, 171310|957, 171311|1136, 171311|1596, 171323|1849, 171341|2245, 171341|3389, 171346|3513, 171370|3635, 171373|3727, 171374|4067, https://www.douyin.com, 
171421|1, 171421|1618, 171438|1930, 171456|2191, 171456|3325, 171496|3477, 171619|3637, 171619|3729, 171621|3839, 171622|3930, 171624|4021, https://www.apple.com, 
171711|1, 171711|297, 171713|482, 171713|1163, 171714|1547, 171724|1831, 171741|2247, 171749|2391, 171754|2492, 171779|2584, 171780|2673, 171785|4010, https://www.bing.com, 
171799|1, 171799|1177, 171800|1437, 171803|1745, 171810|2139, 171811|2277, 171811|2359, 171823|2458, 171823|2784, 171825|2867, 171827|2958, 171827|3303, 171829|3446, 171831|3572, 171833|3675, 171836|3767, 171838|3863, 171845|3982, 171845|4063, http://www.ox.ac.uk, 
172020|1, 172020|152, 172021|275, 172021|1579, 172035|1930, 172037|2229, 172037|3306, 172040|3443, 172107|3600, 172342|3731, 172342|3846, 172344|3933, 172344|4024, https://www.apple.com, 
172403|1, 172403|295, 172405|518, 172405|1571, 172419|1869, 172432|2258, 172432|2369, 172443|2462, 172443|2980, 172444|3074, 172444|3641, 172458|3816, 172460|3930, 172460|4089, https://www.jianshu.com, 
172589|1, 172589|153, 172591|351, 172591|1463, 172600|1726, 172615|2120, 172616|2267, 172616|3499, 172631|3627, 172659|3735, 172691|3854, 172707|3947, 172707|4037, https://www.pinduoduo.com, 
172745|1, 172745|253, 172747|433, 172747|1591, 172770|2053, 172781|2258, 172787|2351, 172787|3370, 172800|3537, 172816|3664, 172826|3766, 172828|3875, 172828|4075, https://zhuanlan.zhihu.com, 
172914|1, 172914|1397, 172932|1625, 172957|2189, 172960|2318, 172965|2420, 172970|2525, 172970|3466, 172973|3617, 172982|3782, 172982|3864, 172987|3965, 173002|4110, https://www.alipay.com, 
173018|1, 173018|1515, 173030|1868, 173043|2263, 173043|3488, 173048|3620, 173088|3752, 173118|3861, 173134|3964, 173134|4044, https://www.pinduoduo.com, 
173173|1, 173173|1435, 173187|1812, 173189|2048, 173189|3064, 173192|3188, 173233|3327, 173241|3467, 173241|3553, 173253|3703, 173272|3845, 173282|3946, 173285|4069, https://www.buaa.edu.cn, 
173333|1, 173333|251, 173334|444, 173334|1594, 173358|1981, 173368|2302, 173384|2429, 173400|2539, 173405|4099, https://www.bing.com, 
173419|1, 173419|267, 173421|406, 173421|1477, 173443|1786, 173539|2250, 173539|3499, 173700|3685, 173752|3818, 173759|3905, 173759|4074, https://www.baidu.com, 
173995|1, 173995|528, 173998|702, 173998|1601, 174010|1806, 174025|2153, 174025|3730, 174029|3827, 174066|3984, 174099|4098, https://www.pinduoduo.com, 
174153|1, 174153|331, 174154|550, 174155|706, 174155|1369, 174157|1632, 174164|2015, 174167|2187, 174167|2347, 174169|2446, 174177|2605, 174177|3728, 174182|3855, 174187|3951, 174187|4071, https://www.shodan.io, 
174203|1, 174203|243, 174204|437, 174204|1500, 174216|1763, 174234|2258, 174243|2397, 174243|3684, 174257|3838, 174259|3935, 174259|4027, https://www.jianshu.com, 
174396|1, 174396|1441, 174426|1802, 174437|2152, 174437|3157, 174444|3339, 174460|3464, 174476|3582, 174476|4105, https://zhuanlan.zhihu.com, 
174565|1, 174565|215, 174567|425, 174567|1481, 174578|1706, 174583|2065, 174583|4052, https://www.pku.edu.cn, 
174670|1, 174670|1172, 174672|1482, 174692|1858, 174712|2248, 174713|2343, 174713|2965, 174714|3072, 174714|3293, 174715|3434, 174718|3536, 174731|3652, 174732|3740, 174732|4036, https://www.mit.edu, 
174812|1, 174812|1499, 174825|1816, 174829|2234, 174829|3416, 174839|3573, 174839|3658, 174841|3757, 174851|3902, 174858|4013, https://www.buaa.edu.cn, 
174903|1, 174903|1653, 174927|2055, 174937|2345, 174940|2438, 174940|2536, 174965|2640, 174970|4033, https://www.bing.com, 
174984|1, 174984|1040, 174985|1288, 174992|1642, 175008|1977, 175016|2232, 175016|3377, 175036|3514, 175048|3601, 175048|4110, https://www.douyin.com, 
175095|1, 175095|1495, 175124|1859, 175134|2165, 175134|3320, 175150|3507, 175150|4042, https://www.jianshu.com, 
175277|1, 175277|500, 175281|656, 175283|829, 175283|1435, 175296|1814, 175301|2180, 175301|3499, 175303|3623, 175303|4074, https://www.pku.edu.cn, 
175378|1, 175378|904, 175380|1088, 175380|1590, 175384|1949, 175397|2294, 175400|2439, 175400|2535, 175402|2615, 175409|2745, 175410|2822, 175410|3431, 175422|3542, 175422|4056, https://www.shodan.io, 
175435|1, 175435|1531, 175451|1930, 175451|3347, 175461|3517, 175461|3625, 175462|3782, 175478|3889, 175478|4015, https://www.buaa.edu.cn, 
175523|1, 175523|1433, 175525|1829, 175529|2116, 175529|3540, 175531|3669, 175533|3770, 175537|3859, 175538|3945, 175539|4032, http://www.ox.ac.uk, 
175751|1, 175751|1603, 175769|2048, 175769|4054, https://www.mit.edu, 
175844|1, 175844|1649, 175860|1946, 175864|2308, 175864|2727, 175874|2837, 175875|2930, 175877|3020, 175877|3386, 175889|3530, 175889|4018, https://www.shodan.io, 
175902|1, 175902|1501, 175918|1873, 175920|2147, 175920|4048, https://www.mit.edu, 
176004|1, 176004|167, 176005|318, 176006|482, 176006|1508, 176018|1789, 176032|2214, 176032|3665, 176071|3829, 176080|3926, 176107|4035, https://www.pinduoduo.com, 
176164|1, 176164|1615, 176180|2011, 176181|2216, 176184|2344, 176184|2511, 176186|2604, 176192|2700, 176193|2788, 176193|3506, 176199|3599, 176205|3688, 176205|4070, https://www.shodan.io, 
176217|1, 176217|1468, 176221|1679, 176227|2178, 176227|2424, 176229|2513, 176229|3447, 176233|3564, 176235|3679, 176238|3767, 176239|3850, 176240|3938, 176240|4024, http://www.ox.ac.uk, 
176409|1, 176409|558, 176412|717, 176412|1460, 176440|1896, 176449|2189, 176451|2308, 176451|3405, 176455|3515, 176467|3692, 176467|4047, https://www.jianshu.com, 
176572|1, 176572|195, 176574|327, 176574|1327, 176581|1691, 176615|2067, 176615|3459, 176630|3556, 176634|3660, 176650|3801, 176692|3942, 176692|4073, https://www.jd.com, 
176921|1, 176921|171, 176923|304, 176923|1450, 176926|1688, 176935|2044, 176940|2277, 176940|2492, 176941|2583, 176944|2673, 176951|2769, 176957|2857, 176977|2958, 176997|3046, 177008|3144, 177027|3239, 177027|3356, 177030|3462, 177035|3546, 177038|3634, 177044|3724, 177050|3831, 177067|3988, 177082|4067, https://www.yahoo.com, 
177483|1, 177483|1647, 177501|2075, 177501|4053, https://www.pku.edu.cn, 
177574|1, 177576|162, 177576|290, 177578|449, 177578|1794, 177605|2225, 177614|2428, 177614|4141, https://www.linkedin.com, 
177769|1, 177769|418, 177771|666, 177771|1238, 177772|1505, 177774|1818, 177789|2237, 177792|2375, 177792|2465, 177794|2594, 177795|2678, 177802|2772, 177802|3458, 177805|3582, 177805|4072, https://www.shodan.io, 
177830|1, 177830|1599, 177844|2048, 177847|2286, 177850|2434, 177850|2599, 177853|2699, 177861|2808, 177861|3366, 177862|3513, 177862|3722, 177873|3829, 177874|3916, 177874|4015, https://www.shodan.io, 
177887|1, 177887|1729, 177889|1972, 177893|2344, 177893|3546, 177896|3683, 177901|3785, 177902|3890, 177903|3987, 177903|4079, http://www.ox.ac.uk, 
178116|1, 178116|306, 178118|513, 178118|1573, 178128|1812, 178145|2215, 178155|2366, 178188|2504, 178188|4050, https://www.bing.com, 
178211|1, 178211|277, 178213|468, 178213|1479, 178227|1778, 178244|2175, 178262|4055, https://www.douyin.com, 
178322|1, 178322|1067, 178324|1409, 178340|1774, 178344|2144, 178358|2286, 178360|2372, 178360|4063, https://www.mit.edu, 
178432|1, 178432|254, 178434|457, 178434|1633, 178446|1893, 178462|2235, 178468|2390, 178468|3574, 178470|3723, 178470|4005, https://www.ctrip.com, 
178619|1, 178619|109, 178620|232, 178620|1045, 178621|1298, 178621|1472, 178623|1641, 178644|2052, 178657|2254, 178657|3276, 178893|3438, 178984|3567, 178984|3665, 178986|3760, 178987|3863, 178989|3955, 178992|4057, https://www.apple.com, 
179098|1, 179098|152, 179099|334, 179099|1454, 179117|1767, 179142|2167, 179142|2458, 179197|2582, 179197|3733, 179221|3872, 179360|3988, 179362|4077, https://www.baidu.com, 
179581|1, 179581|251, 179584|386, 179584|1493, 179597|1879, 179623|2239, 179623|3458, 179633|3584, 179661|3762, 179665|3916, 179703|4006, https://www.jd.com, 
179960|1, 179960|422, 179961|572, 179962|741, 179962|1582, 179964|1851, 179970|2221, 179971|2376, 179976|2466, 179976|2550, 179980|2644, 179981|2744, 179982|2836, 179983|2923, 179983|3209, 179985|3340, 179985|3500, 179986|3578, 179986|3655, 179996|3746, 180006|4044, https://www.netflix.com, 
180645|1, 180645|1239, 180661|1421, 180689|1852, 180746|2121, 180746|3587, 180776|3742, 180935|3864, 180937|3957, 180982|4066, https://www.baidu.com, 
181165|1, 181165|274, 181167|435, 181167|1556, 181188|1901, 181203|2208, 181203|2780, 181205|2863, 181211|2957, 181215|3058, 181215|3562, 181217|3681, 181227|3838, 181227|4039, https://www.alipay.com, 
181264|1, 181264|238, 181265|410, 181265|1282, 181279|1683, 181290|2144, 181290|3516, 181292|3619, 181329|3753, 181336|3861, 181365|3980, 181365|4066, https://www.pinduoduo.com, 
181427|1, 181427|142, 181429|321, 181429|1432, 181441|1672, 181453|2051, 181462|2251, 181467|2348, 181476|2437, 181476|2622, 181478|2716, 181478|3439, 181486|3578, 181488|3669, 181488|4037, https://world.taobao.com, 
181678|1, 181678|172, 181682|308, 181682|1599, 181696|1966, 181709|2276, 181711|2382, 181721|2474, 181766|2563, 181806|2665, 181807|2756, 181809|2851, 181809|3433, 181810|3513, 181810|3599, 181827|3691, 181880|3873, 181908|4036, https://www.yahoo.com, 
182378|1, 182378|285, 182380|424, 182380|1522, 182384|1763, 182389|2137, 182392|2335, 182392|2417, 182394|2495, 182394|2580, 182401|2661, 182401|3374, 182411|3500, 182413|3624, 182413|4039, https://www.shodan.io, 
182427|1, 182427|199, 182428|347, 182428|1591, 182440|1850, 182463|2278, 182463|3481, 182524|3641, 182692|3780, 182692|3866, 182694|3978, 182695|4079, https://www.apple.com, 
182775|1, 182775|224, 182779|389, 182779|1516, 182794|1913, 182796|2244, 182796|4014, https://www.pku.edu.cn, 
182875|1, 182877|121, 182877|1378, 182887|1615, 182903|1970, 182903|3630, 182906|3722, 182924|3882, 182924|4088, https://www.buaa.edu.cn, 
182966|1, 182966|405, 182969|605, 182969|1581, 182971|1743, 182982|2119, 182993|2359, 182994|2468, 183008|2585, 183046|2692, 183078|2817, 183079|2904, 183079|3174, 183082|3286, 183085|3404, 183087|3497, 183088|3577, 183088|3653, 183142|3858, 183161|4021, https://www.yahoo.com, 
183644|1, 183644|1424, 183658|1764, 183662|2247, 183662|4018, https://www.pku.edu.cn, 
183729|1, 183729|167, 183731|357, 183731|1611, 183758|2004, 183777|2399, 183779|2495, 183784|2602, 183784|3455, 183791|3603, 183796|3787, 183816|4007, https://www.alipay.com, 
183833|1, 183835|123, 183835|1504, 183861|1815, 183880|2181, 183885|2311, 183890|2403, 183890|3345, 183892|3458, 183902|3626, 183902|3704, 183908|3846, 183925|3990, 183927|4154, https://www.alipay.com, 
183937|1, 183937|514, 183938|723, 183938|1535, 183946|1786, 183950|2141, 183952|2337, 183952|2469, 183954|2554, 183954|3448, 183958|3630, 183960|3719, 183960|3809, 183968|3918, 183969|4026, http://www.ox.ac.uk, 
184142|1, 184142|1524, 184162|1947, 184174|2264, 184175|2364, 184176|2449, 184186|2595, 184186|3473, 184196|3580, 184196|4052, https://world.taobao.com, 
184417|1, 184417|1589, 184419|1843, 184423|2220, 184423|3468, 184425|3574, 184427|3677, 184430|3769, 184431|3855, 184432|3957, 184432|4058, http://www.ox.ac.uk, 
184633|1, 184633|264, 184635|415, 184635|1632, 184659|2014, 184665|2242, 184665|3259, 184666|3398, 184720|3553, 184732|3658, 184761|3765, 184775|3857, 184777|3989, 184777|4127, http://blogs.360.cn, 
184887|1, 184887|1742, 184893|2127, 184893|3407, 184895|3548, 184897|3662, 184900|3761, 184902|3858, 184904|4045, http://www.ox.ac.uk, 
185108|1, 185108|153, 185112|346, 185112|1444, 185124|1670, 185147|2187, 185147|4090, https://www.linkedin.com, 
185306|1, 185306|1531, 185326|1998, 185342|2271, 185356|2407, 185387|2494, 185437|2582, 185437|3744, 185512|3925, 185524|4064, https://www.yahoo.com, 
186063|1, 186063|1484, 186080|1983, 186090|2257, 186093|2349, 186097|2453, 186097|4057, https://www.pku.edu.cn, 
186174|1, 186174|289, 186175|452, 186175|1523, 186176|1750, 186195|2105, 186211|2396, 186212|2490, 186238|2591, 186267|2698, 186317|2792, 186317|3411, 186318|3486, 186327|3589, 186488|3852, 186492|3986, 186509|4108, https://www.yahoo.com, 
186999|1, 186999|482, 187000|642, 187000|1378, 187006|1600, 187022|1969, 187045|2267, 187059|2405, 187064|2564, 187064|3001, 187065|3090, 187065|3499, 187075|3643, 187075|4094, https://world.taobao.com, 
187271|1, 187271|1421, 187287|1894, 187295|2137, 187301|2224, 187301|2302, 187305|2417, 187305|3198, 187320|3331, 187413|3464, 187663|3612, 187663|3798, 187665|3881, 187666|4051, https://www.apple.com, 
187772|1, 187772|1538, 187778|1838, 187809|2304, 187815|2421, 187817|2508, 187819|2615, 187819|3381, 187831|3536, 187831|3732, 187862|3846, 187867|3947, 187881|4054, http://blogs.360.cn, 
188001|1, 188001|1495, 188004|1701, 188026|2185, 188043|2440, 188053|2535, 188062|2621, 188078|2712, 188086|2795, 188094|2882, 188104|2966, 188121|3076, 188131|3197, 188131|3530, 188132|3613, 188132|3694, 188159|3846, 188186|3979, 188224|4145, https://www.yahoo.com, 
188729|1, 188729|1366, 188734|1666, 188782|2209, 188783|2334, 188793|2430, 188797|2518, 188799|2602, 188799|3453, 188801|3601, 188810|3753, 188811|3853, 188813|3975, 188832|4137, https://www.alipay.com, 
188850|1, 188850|1238, 188851|1493, 188852|1715, 188870|2174, 188888|2424, 188901|2561, 188901|2658, 188905|2756, 188905|4045, https://www.mit.edu, 
188971|1, 188971|1013, 188972|1293, 188972|1539, 188981|1864, 188997|2235, 189003|2345, 189009|2486, 189012|2584, 189013|2672, 189021|2759, 189039|2846, 189049|2938, 189067|3039, 189080|3199, 189095|3295, 189102|3387, 189104|3471, 189113|3563, 189120|3688, 189155|3858, 189194|4032, https://www.yahoo.com, 
189718|1, 189718|1638, 189726|1875, 189747|2353, 189754|2440, 189769|2558, 189783|2657, 189783|2739, 189806|2818, 189850|2912, 189850|3295, 189851|3443, 189851|3528, 189935|3693, 190017|3861, 190036|4014, https://www.yahoo.com, 
190481|1, 190481|130, 190483|299, 190485|525, 190485|1604, 190505|1969, 190529|2315, 190529|2889, 190534|2981, 190534|3508, 190544|3656, 190563|3758, 190566|3845, 190566|4040, https://www.douyin.com, 
190613|1, 190613|126, 190614|290, 190614|1422, 190624|1611, 190650|2044, 190655|2280, 190664|2381, 190664|2462, 190668|2548, 190668|3400, 190803|3568, 190803|3670, 190805|3771, 190806|3874, 190808|3960, 190808|4037, https://www.apple.com, 
190867|1, 190867|1586, 190887|1919, 190921|2396, 190928|2509, 190936|2611, 190938|2714, 190938|3666, 190945|3803, 190950|3971, 190950|4058, https://www.alipay.com, 
190988|1, 190988|181, 190990|376, 190990|1441, 191002|1731, 191018|1997, 191039|2283, 191043|2440, 191043|3507, 191045|3609, 191045|4037, https://www.ctrip.com, 
191212|1, 191212|1649, 191228|2126, 191232|2376, 191241|2483, 191241|2573, 191245|2654, 191245|3441, 191252|3610, 191255|3745, 191255|3878, 191266|3978, 191272|4108, https://www.buaa.edu.cn, 
191315|1, 191315|143, 191317|274, 191317|1524, 191324|1734, 191356|2198, 191369|2364, 191370|2447, 191370|2953, 191375|3052, 191375|3382, 191390|3547, 191408|3678, 191422|3785, 191422|3884, 191459|3984, 191463|4103, https://www.jd.com, 
191683|1, 191683|357, 191684|548, 191684|1588, 191702|2010, 191715|2288, 191715|2378, 191719|2470, 191719|4093, https://www.mit.edu, 
191781|1, 191781|292, 191783|463, 191783|1606, 191807|1954, 191818|2255, 191834|2452, 191864|2597, 191864|4018, https://www.bing.com, 
191885|1, 191885|306, 191887|475, 191887|1181, 191888|1390, 191888|1590, 191892|1773, 191915|2176, 191926|2449, 191929|2542, 191930|2631, 191930|3771, 191935|3858, 191979|4040, https://www.pinduoduo.com, 
192059|1, 192059|195, 192061|291, 192061|1513, 192107|1837, 192172|2166, 192173|2275, 192177|2368, 192177|3396, 192193|3546, 192282|3648, 192437|3819, 192437|4084, https://www.baidu.com, 
192633|1, 192633|1570, 192657|2040, 192674|2288, 192684|2415, 192714|2523, 192714|3764, 192718|3925, 192719|4153, https://www.bing.com, 
192734|1, 192734|1472, 192750|1846, 192752|2107, 192762|2286, 192765|2377, 192769|2467, 192769|3433, 192869|3629, 193097|3757, 193097|3862, 193099|3942, 193100|4066, https://www.apple.com, 
193173|1, 193173|273, 193175|517, 193175|1058, 193176|1352, 193186|1688, 193228|2257, 193232|2369, 193232|3482, 193255|3696, 193261|3782, 193273|3877, 193273|4047, https://zhuanlan.zhihu.com, 
193367|1, 193367|1531, 193391|1965, 193411|2245, 193417|2352, 193449|2451, 193454|4060, https://www.bing.com, 
193469|1, 193469|1510, 193480|1723, 193492|2238, 193498|2361, 193498|2449, 193502|2571, 193502|3401, 193504|3501, 193513|3658, 193513|3771, 193530|3928, 193530|4029, https://www.buaa.edu.cn, 
193574|1, 193574|256, 193576|387, 193576|1609, 193578|1836, 193606|2172, 193613|2477, 193619|2606, 193619|2687, 193623|2783, 193623|3423, 193644|3579, 193677|3723, 193689|3818, 193697|3913, 193697|4006, http://blogs.360.cn, 
193792|1, 193792|1592, 193834|1968, 193848|2251, 193936|2416, 193936|3641, 193956|3753, 194123|3877, 194127|3978, 194171|4074, https://www.baidu.com, 
194315|1, 194315|1590, 194331|2006, 194344|2271, 194344|2359, 194348|2451, 194348|3397, 194351|3513, 194359|3638, 194366|3745, 194366|4063, https://www.mit.edu, 
194434|1, 194434|1591, 194446|1843, 194474|2260, 194480|2393, 194484|2492, 194484|3524, 194516|3673, 194516|4038, https://www.douyin.com, 
194561|1, 194563|135, 194563|1121, 194564|1374, 194580|1610, 194601|1937, 194616|2189, 194676|2295, 194676|3438, 194700|3599, 194859|3747, 194876|3847, 194876|4024, https://www.baidu.com, 
195076|1, 195076|314, 195078|446, 195078|1445, 195082|1672, 195113|2019, 195132|2313, 195137|2419, 195143|2508, 195144|2594, 195149|2686, 195150|2769, 195150|3412, 195157|3547, 195161|3708, 195161|3791, 195163|3893, 195180|4019, https://www.alipay.com, 
195199|1, 195199|1512, 195205|1763, 195233|2180, 195239|2321, 195242|2417, 195246|2516, 195246|2868, 195248|2955, 195257|3122, 195257|3339, 195278|3472, 195308|3594, 195318|3697, 195331|3789, 195339|3896, 195341|4184, http://blogs.360.cn, 
195432|1, 195432|1573, 195440|1890, 195458|2308, 195459|2397, 195463|2478, 195464|2572, 195469|2663, 195470|2757, 195470|2836, 195472|2956, 195472|3060, 195473|3167, 195483|3326, 195493|3416, 195493|4040, https://www.netflix.com, 
196211|1, 196211|144, 196213|388, 196213|1518, 196237|2035, 196257|2261, 196263|2350, 196288|2448, 196288|2938, 196292|3048, 196292|3771, 196297|3970, 196298|4137, https://www.bing.com, 
196312|1, 196312|1627, 196329|1973, 196357|2322, 196360|2414, 196364|2506, 196364|3464, 196366|3597, 196366|4031, https://www.ctrip.com, 
196520|1, 196520|1669, 196533|1930, 196556|2362, 196568|2550, 196572|2644, 196572|3653, 196574|3758, 196574|4024, https://www.ctrip.com, 
196724|1, 196724|3082, 196728|3461, 196760|4154, https://www.netflix.com, 
196807|1, 196807|2711, 196811|2971, 196836|3480, 196847|3883, 196850|4023, http://blogs.360.cn, 
197035|1, 197035|2612, 197037|2899, 197064|3481, 197075|3866, 197078|3962, 197082|4075, http://blogs.360.cn, 
197269|1, 197269|2645, 197295|3186, 197377|3875, 197383|4039, https://www.baidu.com, 
197648|1, 197648|196, 197650|580, 197650|2805, 197673|3463, 197695|3913, 197699|4091, https://www.ctrip.com, 
197807|1, 197807|2613, 197823|3056, 197863|3830, 197867|4012, https://zhuanlan.zhihu.com, 
197959|1, 197959|203, 197960|636, 197961|1010, 197961|2818, 197977|3124, 197999|3772, 198010|4052, https://www.apple.com, 
198444|1, 198444|2880, 198458|3334, 198473|4115, https://www.buaa.edu.cn, 
198553|1, 198553|206, 198554|730, 198554|2816, 198600|3500, 198661|3900, 198667|4047, https://www.baidu.com, 
198923|1, 198923|220, 198925|491, 198925|1944, 198926|2650, 198926|3017, 198955|3654, 198967|4112, https://www.douyin.com, 
199063|1, 199063|2711, 199073|3102, 199079|3615, 199092|4067, https://www.buaa.edu.cn, 
199167|1, 199167|3075, 199189|3415, 199206|3926, 199286|4250, https://www.baidu.com, 
199501|1, 199501|2886, 199537|3424, 199633|3959, 199637|4091, https://www.baidu.com, 
199879|1, 199879|2864, 199897|3389, 199915|3960, 199915|4057, https://www.netflix.com, 
199958|1, 199958|225, 199960|663, 199960|2781, 200001|3482, 200012|3911, 200016|4017, https://zhuanlan.zhihu.com, 
200106|1, 200106|296, 200111|605, 200114|1187, 200114|2856, 200122|3121, 200156|3991, 200195|4274, https://www.bing.com, 
200216|1, 200216|3024, 200228|3328, 200254|4008, https://www.douyin.com, 
200344|1, 200344|3009, 200365|3638, 200381|4044, https://zhuanlan.zhihu.com, 
200494|1, 200494|2681, 200510|3145, 200543|3792, 200557|4090, https://zhuanlan.zhihu.com, 
200653|1, 200653|2731, 200665|3123, 200669|3680, 200682|4001, https://www.buaa.edu.cn, 
200756|1, 200756|553, 200757|911, 200758|1412, 200758|3437, 200776|3839, 200789|4390, https://www.netflix.com, 
200840|1, 200840|3185, 200859|3872, 200881|4220, https://www.netflix.com, 
200922|1, 200922|2812, 200934|3200, 200957|3961, 200975|4115, https://zhuanlan.zhihu.com, 
201071|1, 201071|2917, 201075|3313, 201102|3942, 201112|4117, https://www.netflix.com, 
