236644|1, 215816|794, 210704|902, 197320|1066, 193364|1199, 177140|1626, 165920|1778, 156356|2323, 157516|2553, 157268|2631, 156400|2700, 158348|2792, 157532|2885, 158192|2972, 158340|3065, 157348|3160, 152460|3283, 151020|3401, 149652|3540, 148048|3686, 143372|3887, 138020|4148, https://www.jd.com, 
214832|1, 207320|660, 207480|800, 198960|929, 194784|1081, 188696|1297, 175884|1558, 167356|2010, 158788|2359, 159624|2448, 160088|2543, 159344|2625, 159532|2704, 159864|2790, 159156|2866, 159092|2946, 159660|3051, 159416|3155, 156204|3251, 153292|3414, 152564|3561, 149836|3721, 149364|3839, 149660|3925, 149900|4047, https://www.douyin.com, 
212700|1, 207352|525, 204108|689, 203164|829, 199432|999, 190096|1186, 181808|1401, 170624|1623, 167488|1941, 158116|2290, 158120|2403, 158372|2493, 158748|2584, 158500|2668, 157640|2745, 158508|2826, 158384|2904, 157888|3012, 155656|3122, 154168|3221, 151476|3390, 150248|3524, 148388|3677, 148760|3778, 147892|3868, 148828|3959, 146596|4108, http://www.ox.ac.uk, 
208628|1, 203820|641, 200364|758, 201736|893, 192924|1051, 187556|1152, 181156|1337, 166916|1612, 163392|1902, 155080|2288, 151120|2448, 153680|2535, 154256|2627, 154088|2717, 152972|2798, 153400|2875, 154476|2961, 152864|3052, 150108|3161, 148744|3290, 144900|3543, 144032|3678, 143676|3769, 144048|3849, 138360|3944, 120656|4052, https://www.shodan.io, 
206636|1, 199592|515, 196828|674, 198628|815, 189764|948, 185008|1082, 174472|1351, 162196|1563, 160472|1847, 149176|2228, 149284|2346, 148848|2430, 151064|2520, 149948|2625, 149052|2735, 150416|2826, 149672|2914, 150048|3013, 149864|3097, 144980|3234, 144060|3349, 141828|3495, 140836|3606, 130296|3707, 126948|3804, 127196|3901, 126980|4024, https://www.netflix.com, 
201544|1, 195576|457, 192628|621, 193788|740, 190716|906, 181860|1076, 176372|1227, 166156|1454, 158468|1623, 157864|1891, 150516|2227, 147552|2372, 147760|2465, 147016|2561, 147100|2646, 147612|2729, 147896|2814, 147192|2892, 146468|2993, 144756|3097, 143144|3194, 139920|3324, 139672|3456, 137952|3568, 136588|3674, 134976|3756, 135720|3845, 136960|3933, 118236|4128, https://www.linkedin.com, 
199332|1, 195508|417, 193656|607, 190908|770, 188372|923, 180444|1038, 174740|1140, 164040|1434, 158112|1669, 157560|1951, 145412|2338, 144672|2452, 145628|2535, 146136|2618, 145144|2694, 145204|2774, 145420|2854, 145980|2939, 144368|3031, 144496|3128, 141820|3222, 137892|3355, 137540|3504, 135432|3636, 134540|3764, 133300|3861, 131564|3950, 131516|4051, http://www.ox.ac.uk, 
194812|1, 192044|354, 188600|596, 186848|716, 187212|851, 179776|1005, 174952|1129, 166156|1344, 155480|1548, 149056|1892, 144824|2324, 139084|2466, 137748|2585, 137996|2695, 151032|2803, 150412|2892, 151152|2975, 151728|3062, 150624|3144, 151132|3235, 149272|3339, 144912|3478, 144688|3612, 140640|3761, 139332|3888, 139000|4010, https://www.pinduoduo.com, 
196744|1, 191888|381, 191668|540, 190392|684, 189880|816, 185492|968, 175920|1132, 167888|1323, 158136|1517, 154560|1659, 149188|1960, 146228|2288, 140572|2443, 139456|2526, 139568|2607, 140732|2685, 140112|2772, 140652|2858, 140528|2944, 136296|3097, 134952|3206, 133420|3307, 132060|3436, 128108|3600, 127716|3696, 126860|3772, 128400|3852, 127492|3954, 127036|4059, https://world.taobao.com, 
193740|1, 189044|458, 187492|637, 184232|751, 184596|877, 183368|985, 173496|1155, 167560|1367, 151112|1680, 150440|1947, 144708|2262, 139020|2453, 139376|2591, 138756|2677, 138836|2769, 137744|2850, 138004|2926, 138912|3013, 137800|3099, 134952|3202, 133128|3319, 131296|3432, 129968|3571, 128604|3720, 127300|3822, 126308|3923, 125196|4017, http://www.ox.ac.uk, 
190744|1, 184568|367, 182292|544, 179064|682, 182872|848, 180724|975, 170312|1136, 166400|1244, 158000|1453, 146500|1707, 144120|2068, 138268|2320, 132564|2498, 133500|2608, 134372|2692, 134976|2769, 133612|2845, 134060|2921, 134792|2997, 133664|3074, 133984|3157, 131864|3253, 128920|3369, 126744|3501, 125132|3623, 124408|3775, 124112|3886, 122128|3982, 122252|4062, https://www.ctrip.com, 
188200|1, 184264|325, 182712|442, 181764|615, 179248|745, 178920|876, 172196|1036, 167240|1175, 158840|1397, 145808|1651, 141112|1878, 131324|2314, 128596|2490, 129472|2575, 132444|2661, 131452|2737, 131692|2820, 131528|2935, 130660|3011, 131180|3094, 132184|3199, 129084|3294, 125924|3463, 123072|3622, 122576|3712, 121460|3847, 119228|3983, 120344|4079, https://www.jd.com, 
185076|1, 180400|443, 180108|556, 177240|758, 175464|929, 172308|1098, 163052|1239, 154328|1459, 141392|1743, 138492|2144, 127960|2494, 128460|2586, 128712|2680, 127596|2770, 127600|2857, 126484|2942, 126484|3020, 127484|3102, 125872|3194, 124016|3327, 121040|3455, 120916|3545, 120076|3670, 117728|3789, 116868|3915, 116620|4051, https://www.alipay.com, 
180400|1, 176116|428, 174408|583, 171680|706, 172772|861, 164900|980, 159900|1103, 150796|1333, 140496|1523, 135392|1688, 131552|2060, 122504|2341, 123844|2464, 124688|2627, 123820|2706, 124016|2788, 123024|2884, 123640|2962, 124048|3054, 122972|3141, 121152|3222, 119560|3342, 116088|3473, 115724|3607, 113380|3742, 113180|3837, 114076|3928, 113084|4005, https://www.ctrip.com, 
190432|1, 186152|266, 183660|372, 183480|545, 182280|669, 181172|842, 172336|952, 168708|1058, 152892|1361, 147420|1525, 145304|1847, 135792|2220, 136744|2339, 135752|2412, 136748|2499, 137388|2598, 136148|2681, 136536|2767, 137048|2866, 135064|2956, 134084|3062, 130508|3189, 129816|3302, 128580|3388, 129076|3477, 128828|3561, 128344|3648, 128100|3835, 126492|3978, 124140|4125, https://www.yahoo.com, 
188260|1, 183872|308, 181768|481, 181508|648, 180776|795, 174096|930, 167216|1076, 161400|1275, 145336|1589, 142132|1898, 132712|2296, 133084|2475, 132168|2554, 132584|2632, 132880|2710, 132012|2787, 132672|2865, 132332|2948, 131856|3035, 132196|3110, 131284|3201, 129380|3329, 127804|3442, 126192|3533, 125240|3692, 121912|3801, 120688|3932, 120508|4029, https://world.taobao.com, 
185748|1, 182144|310, 180492|412, 178108|570, 178620|713, 176772|831, 178332|972, 169120|1137, 164952|1243, 155000|1488, 141728|1778, 137524|2138, 128924|2401, 129080|2528, 130812|2619, 131532|2703, 130708|2780, 131348|2856, 131972|2942, 131104|3017, 131256|3099, 131348|3201, 127740|3307, 125144|3480, 125024|3576, 124032|3646, 124664|3724, 123992|3803, 124744|3877, 123876|3951, 124272|4024, https://www.netflix.com, 
182980|1, 178072|326, 176704|503, 174788|648, 174772|820, 166680|1006, 162324|1108, 154696|1391, 139096|1604, 137152|1971, 126132|2319, 126772|2436, 127280|2520, 125916|2601, 126316|2686, 126584|2781, 125592|2856, 126096|2932, 125420|3019, 123716|3117, 122244|3212, 119024|3384, 116172|3512, 114568|3640, 113576|3725, 113204|3809, 113072|3903, 89760|4023, https://www.mit.edu, 
180448|1, 179532|311, 175888|412, 174424|571, 173104|742, 170072|886, 168884|1047, 157684|1209, 155140|1310, 144676|1573, 134328|1777, 133400|1998, 123300|2452, 124044|2571, 123924|2655, 124548|2744, 123680|2826, 123808|2910, 124060|2992, 123444|3075, 123948|3174, 122336|3283, 119120|3394, 117884|3532, 115900|3701, 114412|3843, 114288|3936, 114040|4021, https://www.shodan.io, 
175436|1, 171000|363, 169240|600, 166764|730, 167620|868, 159164|1006, 155276|1106, 148660|1315, 137260|1562, 130552|1853, 125512|2207, 120340|2405, 120092|2491, 120840|2577, 120096|2656, 120220|2740, 119476|2826, 120348|2907, 119484|2982, 120068|3064, 118704|3151, 116976|3265, 113904|3419, 113164|3522, 111812|3667, 110324|3760, 110696|3839, 109952|3914, 110448|4004, https://www.douyin.com, 
172772|1, 168308|272, 168176|427, 165764|642, 164996|785, 164268|900, 153540|1053, 149528|1148, 137292|1419, 130224|1596, 125640|1843, 115196|2176, 115088|2348, 114096|2453, 115372|2567, 115776|2662, 116680|2762, 116776|2840, 115908|2914, 117028|2994, 115788|3079, 114832|3183, 112300|3283, 110852|3391, 109068|3552, 104120|3722, 105732|3813, 106228|3893, 105360|3966, 105860|4060, https://world.taobao.com, 
182700|1, 178072|303, 176120|452, 171956|614, 175768|750, 168144|911, 160868|1078, 156088|1229, 142400|1519, 140312|1808, 129912|2264, 127980|2409, 127932|2494, 127064|2571, 127768|2648, 126900|2723, 127436|2806, 128304|2883, 127348|2967, 127932|3046, 124368|3141, 123420|3227, 120532|3355, 120456|3459, 119852|3549, 118268|3634, 117916|3711, 118044|3819, 116948|3897, 100520|4047, https://www.linkedin.com, 
180480|1, 178536|284, 175964|411, 174944|536, 174416|701, 171352|823, 172424|952, 170344|1037, 163328|1142, 159580|1256, 154344|1421, 139008|1752, 134064|1978, 124948|2440, 125068|2566, 126184|2667, 126400|2777, 125288|2874, 125120|2959, 124276|3036, 125668|3116, 124208|3194, 123840|3290, 119452|3435, 117772|3549, 117944|3668, 117324|3758, 118124|3884, 117792|3972, 115188|4171, https://www.yahoo.com, 
178124|1, 174876|302, 173340|405, 171980|594, 168960|778, 168976|927, 166616|1052, 157196|1170, 153524|1285, 139544|1574, 132836|1752, 126816|2130, 121284|2424, 123160|2542, 122704|2624, 121160|2719, 122176|2821, 123052|2909, 122680|2991, 122576|3067, 121784|3151, 120284|3255, 116636|3358, 115944|3482, 113452|3614, 110436|3746, 109228|3892, 107868|4008, https://www.jianshu.com, 
173628|1, 170484|264, 169632|380, 167588|548, 165132|678, 166200|833, 157992|984, 153228|1112, 146032|1269, 132496|1576, 126324|1927, 119048|2334, 116948|2448, 117684|2544, 117288|2649, 118120|2733, 117164|2811, 117376|2891, 116668|2967, 117380|3041, 116200|3126, 116332|3238, 114228|3327, 111376|3475, 109268|3635, 109268|3754, 107780|3852, 108276|3931, 103440|4017, https://www.bing.com, 
171056|1, 165812|257, 165640|388, 163752|550, 161276|720, 162164|862, 151704|1048, 146860|1186, 138384|1428, 127556|1709, 123036|2103, 115400|2445, 114532|2529, 114860|2623, 114148|2699, 114600|2777, 115460|2857, 114744|2931, 115676|3020, 115244|3113, 114896|3201, 111060|3293, 108752|3420, 106644|3543, 106180|3684, 104836|3792, 102856|3883, 100004|3994, 98888|4085, https://www.pku.edu.cn, 
166144|1, 164992|254, 162784|398, 160340|566, 158036|770, 158980|915, 153156|1040, 147308|1167, 140984|1294, 131312|1502, 123412|1694, 120584|1982, 111088|2377, 110200|2504, 111624|2657, 110756|2750, 111144|2852, 111276|2929, 110644|3006, 111716|3088, 109608|3176, 108592|3270, 105024|3366, 103748|3534, 99204|3651, 98700|3751, 97088|3842, 95468|3998, 92368|4119, https://www.jianshu.com, 
163044|1, 160052|207, 158208|295, 157112|413, 154180|564, 152336|667, 149932|811, 141388|988, 137360|1088, 128088|1321, 119056|1564, 108668|2210, 103740|2398, 105344|2520, 104352|2614, 103616|2695, 118948|2794, 117832|2893, 119184|2980, 117576|3055, 118520|3141, 115268|3256, 113532|3375, 113040|3486, 110724|3623, 109704|3721, 108708|3827, 108624|3968, 108968|4055, https://www.alipay.com, 
170796|1, 172164|260, 169644|379, 168072|516, 165876|666, 166292|844, 158248|979, 150968|1104, 146192|1271, 134820|1496, 129852|1695, 121616|2155, 115344|2458, 114968|2551, 113916|2654, 111980|2763, 109632|2847, 108956|2923, 108116|3001, 105712|3146, 104104|3244, 102128|3381, 96676|3535, 95436|3632, 94444|3754, 92584|3852, 89856|3970, 86880|4062, https://www.jianshu.com, 
160040|1, 155984|219, 155940|317, 153948|432, 151568|616, 150084|726, 146020|856, 139196|1001, 130348|1193, 118440|1464, 114640|1677, 112628|2143, 105656|2373, 106200|2459, 105584|2537, 106180|2618, 105188|2691, 105488|2771, 104688|2845, 105652|2925, 104828|3014, 102848|3109, 99624|3223, 98644|3352, 98508|3481, 96172|3651, 96108|3765, 95240|3873, 94788|3972, 94992|4057, http://blogs.360.cn, 
155604|1, 154860|211, 153172|332, 151520|472, 150604|650, 149636|852, 148772|957, 139612|1104, 133208|1235, 123660|1482, 114152|1823, 106488|2229, 100080|2411, 101392|2502, 101556|2591, 100848|2711, 102088|2801, 100600|2884, 101468|2961, 100476|3037, 100972|3127, 97608|3239, 95500|3368, 94508|3462, 92912|3585, 92664|3731, 91672|3842, 92308|3951, 90200|4042, https://www.shodan.io, 
152492|1, 151280|230, 149472|346, 147428|504, 145360|661, 145040|796, 141588|937, 132556|1095, 129436|1248, 116648|1511, 108432|1836, 101304|2268, 98728|2518, 98604|2613, 98984|2699, 97868|2778, 98740|2860, 97872|2940, 98496|3019, 96628|3143, 97128|3235, 93660|3331, 91552|3476, 90932|3610, 87088|3724, 85104|3840, 84484|3919, 85600|4000, 84608|4078, https://www.mit.edu, 
149268|1, 146416|212, 145824|333, 144176|508, 141620|667, 142300|784, 140756|890, 130992|1044, 125296|1172, 116504|1572, 103128|1914, 95236|2312, 94756|2437, 95880|2546, 95268|2633, 95648|2714, 94656|2796, 95160|2869, 94168|2946, 93928|3035, 90704|3124, 90580|3209, 89340|3301, 87620|3469, 87868|3570, 86880|3670, 87516|3811, 86180|3910, 85936|4007, http://blogs.360.cn, 
145296|1, 144232|192, 139976|288, 138736|373, 135860|549, 137896|737, 137396|888, 131640|1055, 126280|1175, 119204|1354, 104696|1612, 102972|1758, 100392|2127, 89668|2468, 87604|2601, 89216|2705, 88472|2789, 89476|2870, 88360|2959, 88992|3036, 88208|3138, 88104|3225, 85004|3319, 84012|3412, 81532|3605, 79548|3704, 77192|3821, 75208|3926, 75456|4008, https://world.taobao.com, 
157264|1, 157032|241, 154180|368, 152800|475, 150760|661, 148596|792, 148600|952, 146568|1092, 136708|1226, 131664|1389, 114304|1693, 110684|2039, 101244|2405, 102308|2528, 102860|2616, 102240|2705, 102176|2794, 101216|2886, 101984|2965, 100992|3037, 100932|3119, 100516|3225, 99172|3321, 95204|3465, 95016|3590, 90800|3721, 89964|3837, 88724|3917, 88012|4009, https://www.mit.edu, 
154420|1, 152152|242, 148420|330, 146092|450, 143544|640, 144784|780, 145528|919, 136184|1107, 131664|1232, 123148|1439, 111976|1691, 107636|2022, 101512|2359, 96964|2524, 96096|2608, 97756|2686, 96892|2761, 97688|2839, 96820|2915, 97768|3008, 97092|3091, 97764|3180, 95028|3286, 93656|3393, 90872|3581, 89560|3703, 88576|3838, 86972|3935, 86848|4021, https://www.ctrip.com, 
150100|1, 148368|189, 144576|278, 142396|379, 140120|536, 141920|720, 141652|891, 137304|1035, 128444|1167, 124468|1309, 110396|1571, 106600|1745, 103256|2021, 93592|2418, 94932|2527, 95896|2637, 95028|2718, 95636|2799, 94924|2876, 95024|2970, 93452|3052, 92796|3148, 89868|3230, 88628|3308, 86108|3440, 85292|3620, 84432|3742, 84600|3828, 83856|3904, 69996|4022, https://www.douyin.com, 
145496|1, 145720|235, 141264|362, 142340|492, 140248|717, 136360|905, 134764|1040, 127684|1174, 123716|1265, 117528|1547, 101656|1784, 94544|2223, 88176|2473, 87308|2549, 91336|2630, 91144|2706, 92304|2788, 91436|2864, 92484|2939, 91492|3010, 91060|3092, 90208|3185, 86984|3271, 85184|3398, 83448|3589, 82084|3685, 80720|3785, 78240|3884, 76760|3983, 75272|4059, https://www.pku.edu.cn, 
143424|1, 140356|198, 140036|296, 138432|411, 138168|553, 133916|660, 134564|794, 124456|945, 119444|1075, 112768|1278, 100984|1515, 95404|1822, 89488|2244, 87640|2366, 88268|2452, 87276|2537, 88028|2619, 87036|2695, 87540|2776, 86548|2851, 87048|2926, 84804|3041, 86068|3133, 81496|3249, 80664|3391, 78556|3496, 78308|3605, 76448|3734, 75332|3849, 73968|3930, 74216|4015, https://www.ctrip.com, 
141104|1, 138092|250, 134012|371, 131072|513, 130824|630, 126628|750, 132180|891, 124216|1029, 119128|1144, 116108|1271, 97632|1599, 97200|1730, 95128|1985, 90316|2365, 84488|2555, 85356|2635, 84364|2714, 85108|2798, 84116|2872, 84488|2951, 83496|3024, 83656|3107, 82788|3191, 81052|3278, 78324|3358, 75596|3496, 75968|3604, 74380|3732, 75272|3848, 73164|3934, 73908|4011, https://www.ctrip.com, 
136996|1, 134352|256, 133484|378, 130820|544, 127656|724, 128896|868, 119472|1024, 116980|1136, 104928|1443, 94884|1739, 93160|2224, 84108|2420, 84512|2504, 83024|2593, 83800|2673, 82932|2750, 83832|2830, 82964|2907, 83484|2986, 83092|3072, 83248|3165, 80212|3258, 77144|3422, 75904|3519, 72328|3654, 70360|3798, 67400|3934, 61820|4055, https://www.jianshu.com, 
135892|1, 134556|273, 130524|387, 130920|525, 143952|722, 140144|902, 136004|1116, 129864|1241, 123764|1420, 111104|1639, 105732|1866, 102388|2229, 92868|2570, 92124|2650, 94880|2731, 93888|2811, 95024|2892, 93908|2969, 94672|3049, 94492|3128, 94260|3235, 91784|3320, 89304|3402, 88700|3524, 85976|3687, 85740|3800, 84624|3901, 84896|3992, 84400|4084, https://www.linkedin.com, 
147200|1, 146264|217, 142944|312, 144128|415, 141720|605, 140460|718, 141356|849, 131040|1005, 126932|1111, 119740|1323, 105760|1572, 103060|1741, 97624|2173, 92464|2401, 91844|2498, 90976|2597, 92844|2688, 91604|2775, 93100|2856, 92312|2938, 92320|3024, 90336|3125, 88732|3216, 85756|3351, 85888|3473, 83408|3636, 81428|3787, 80188|3869, 78084|3978, 74492|4128, https://www.apple.com, 
145100|1, 142012|169, 139232|254, 137820|330, 135128|412, 132412|601, 135884|782, 134764|947, 126284|1080, 121816|1203, 111952|1430, 102032|1588, 99336|1860, 92612|2246, 88644|2383, 89904|2474, 88912|2571, 89800|2656, 88808|2732, 89820|2812, 88952|2885, 89964|2962, 88484|3046, 89636|3150, 86292|3230, 83440|3400, 82200|3498, 83192|3581, 82324|3654, 81588|3729, 82704|3805, 82208|3884, 82952|3965, 82208|4040, https://www.netflix.com, 
142628|1, 137968|220, 136728|309, 134376|409, 133020|544, 129804|670, 134032|820, 124800|985, 120632|1125, 110656|1366, 100588|1590, 96528|1829, 94684|2199, 87160|2404, 86168|2478, 86844|2565, 85976|2650, 86992|2736, 86256|2814, 87172|2894, 86224|2979, 85232|3058, 83072|3148, 81212|3273, 79196|3477, 76964|3589, 77616|3676, 76028|3761, 77340|3869, 61940|4018, https://www.linkedin.com, 
136508|1, 132212|204, 131324|373, 130440|523, 127020|701, 127276|826, 119928|963, 114208|1079, 107760|1280, 96468|1515, 88908|1841, 84420|2239, 79956|2409, 81324|2494, 80332|2570, 81328|2649, 80336|2725, 80336|2811, 80832|2883, 79844|2976, 79104|3062, 76380|3155, 75056|3253, 70120|3461, 67020|3618, 65656|3742, 64796|3896, 63680|3993, 59340|4089, https://www.jianshu.com, 
134348|1, 131348|214, 130116|344, 126712|467, 127008|694, 122936|828, 125136|965, 115588|1111, 111468|1243, 104780|1447, 88512|1732, 87920|1923, 73476|2440, 75584|2546, 76704|2636, 76952|2728, 76084|2806, 77080|2888, 76340|2963, 77212|3042, 76868|3119, 77244|3206, 76004|3293, 69184|3438, 69432|3587, 67820|3722, 68812|3832, 67448|3917, 67572|4005, https://www.linkedin.com, 
134776|1, 134708|231, 130908|352, 130324|503, 128376|738, 127160|880, 127208|982, 117476|1129, 113736|1248, 98012|1532, 90820|1702, 88656|2150, 79364|2404, 80980|2491, 80112|2567, 79144|2688, 78920|2783, 79272|2875, 80668|2960, 80116|3039, 80148|3132, 76676|3230, 72460|3345, 71360|3513, 69268|3627, 69036|3752, 68416|3886, 69168|3999, 67804|4108, https://www.jd.com, 
147744|1, 144088|220, 141264|322, 138312|497, 135368|631, 139972|754, 137000|887, 124856|1057, 119448|1291, 102652|1552, 99492|1765, 89288|2230, 87800|2374, 88624|2455, 88776|2583, 90392|2660, 91712|2739, 91092|2823, 91748|2905, 90136|2995, 90008|3089, 87156|3184, 84896|3303, 84188|3396, 84336|3539, 83716|3641, 83720|3752, 82976|3854, 82860|3959, 81620|4070, http://blogs.360.cn, 
143684|1, 143276|283, 139000|403, 138676|582, 134880|736, 134988|890, 128300|1039, 121696|1213, 116172|1382, 102992|1643, 99404|1847, 89484|2295, 86264|2470, 87504|2549, 89120|2628, 88252|2711, 89620|2795, 88132|2877, 87140|2950, 88264|3035, 87024|3114, 83056|3226, 82836|3324, 80480|3461, 78372|3595, 78248|3725, 77628|3804, 78992|3896, 79364|3989, 64732|4110, https://www.linkedin.com, 
142104|1, 142120|214, 138696|309, 135884|414, 133376|595, 130516|746, 136000|889, 127116|1016, 123284|1140, 117248|1276, 102424|1558, 96968|1695, 96312|2110, 86144|2392, 85028|2520, 87412|2626, 86752|2701, 85884|2776, 87648|2862, 86780|2935, 87172|3022, 86392|3104, 85152|3205, 82920|3290, 79572|3426, 78828|3594, 77216|3710, 74912|3862, 74292|3957, 74664|4061, https://www.jd.com, 
140252|1, 139656|211, 136124|339, 134988|531, 130784|759, 137236|930, 128416|1116, 125836|1254, 109188|1540, 103852|1801, 101968|2205, 92924|2499, 92308|2583, 91688|2678, 92680|2765, 91812|2842, 92804|2923, 91812|2999, 92272|3074, 91740|3168, 90376|3261, 89384|3361, 85788|3527, 79712|3691, 76240|3824, 75496|3924, 72644|4035, https://zhuanlan.zhihu.com, 
145700|1, 143484|239, 139896|323, 138408|401, 135840|572, 136644|759, 137776|870, 130228|1022, 123360|1163, 117720|1297, 103500|1577, 100092|1740, 100208|1964, 91064|2318, 88436|2521, 87568|2596, 89076|2686, 88588|2769, 87596|2846, 88868|2927, 87876|3004, 88916|3087, 87800|3175, 88456|3261, 85248|3341, 82396|3493, 82416|3588, 78944|3715, 76980|3854, 75388|3985, 76380|4092, https://www.pinduoduo.com, 
141896|1, 139980|188, 136152|298, 133308|417, 132084|561, 131928|701, 134076|847, 124952|988, 120864|1111, 112308|1327, 100092|1633, 96552|1886, 88768|2273, 87032|2398, 85756|2488, 86904|2566, 86064|2643, 87168|2719, 86176|2793, 87884|2878, 86964|2967, 85476|3061, 83948|3151, 80744|3272, 79876|3442, 78328|3535, 79504|3693, 78248|3774, 78276|3866, 65876|3967, 58568|4171, https://www.linkedin.com, 
137148|1, 136636|264, 132104|412, 131336|595, 129452|746, 129444|867, 128548|968, 120900|1095, 116064|1210, 109396|1406, 95508|1650, 92884|1919, 87680|2309, 79620|2487, 79524|2640, 78532|2740, 77416|2815, 78288|2927, 92132|3014, 93104|3095, 92240|3174, 93120|3262, 90812|3354, 88396|3516, 86352|3648, 84624|3746, 81012|3885, 81656|3972, 80788|4063, https://world.taobao.com, 
140744|1, 139872|216, 137048|327, 137368|467, 135732|627, 133168|782, 132184|964, 122756|1115, 120068|1200, 110736|1421, 95620|1794, 95000|2133, 85916|2394, 87680|2480, 86780|2557, 88304|2643, 87312|2717, 86196|2799, 87120|2885, 85888|2979, 86340|3068, 85348|3232, 81496|3385, 80384|3546, 78276|3652, 78648|3759, 76788|3839, 75548|3927, 73504|4029, https://www.pku.edu.cn, 
140064|1, 137904|163, 135824|292, 134412|477, 132068|621, 131012|765, 129540|927, 121716|1078, 114816|1221, 104500|1528, 94704|1717, 88644|2157, 80616|2456, 79752|2563, 82876|2660, 82380|2754, 82540|2839, 81548|2913, 80432|3008, 80832|3088, 79592|3177, 78776|3267, 74312|3403, 74684|3532, 71212|3634, 69104|3781, 68360|3877, 68840|3954, 67972|4028, https://world.taobao.com, 
136252|1, 136472|205, 132056|320, 131328|430, 128136|649, 126816|815, 127548|939, 117780|1093, 113560|1221, 105692|1422, 90860|1710, 88424|2024, 88176|2324, 78628|2485, 80256|2585, 79760|2668, 78892|2748, 80260|2837, 79764|2916, 81316|2999, 80324|3085, 80708|3171, 77488|3266, 75380|3361, 73552|3519, 70948|3651, 71584|3800, 67988|3914, 68608|4009, https://www.jd.com, 
132268|1, 130288|190, 126420|288, 124716|379, 122732|519, 122160|703, 124348|854, 115500|1018, 112200|1155, 108116|1239, 96348|1496, 87112|1717, 85500|1913, 75092|2371, 75140|2469, 76660|2549, 78036|2632, 77044|2710, 75972|2797, 76756|2893, 75888|2967, 77096|3046, 76692|3150, 77272|3234, 74552|3329, 72136|3491, 70924|3590, 70304|3727, 68948|3822, 68080|3902, 68832|4006, http://blogs.360.cn, 
145248|1, 142912|219, 140600|340, 137888|509, 135188|686, 136628|843, 131736|968, 125088|1119, 119188|1250, 107696|1566, 98812|1851, 97108|2239, 87684|2464, 89452|2549, 88584|2635, 89732|2718, 88864|2793, 89508|2882, 88516|2954, 87532|3031, 88076|3122, 84236|3211, 83524|3326, 81048|3440, 79812|3610, 75492|3763, 74872|3865, 74004|3959, 72888|4042, https://www.apple.com, 
140788|1, 138144|245, 135192|365, 136216|502, 132556|625, 131316|724, 133564|857, 124128|1006, 120156|1118, 114160|1257, 96180|1664, 91148|2129, 85320|2368, 87344|2522, 86848|2603, 86476|2679, 87716|2762, 86932|2841, 87996|2919, 86952|2999, 85588|3091, 84208|3176, 80628|3314, 80872|3443, 78368|3557, 75900|3740, 75032|3851, 74784|3978, 73668|4064, https://www.pinduoduo.com, 
138040|1, 138552|193, 134508|301, 134836|409, 131732|548, 129764|727, 129064|883, 127956|1036, 119556|1194, 115348|1288, 103108|1554, 93336|1806, 92424|2059, 84952|2408, 85220|2532, 83964|2619, 84444|2704, 83600|2783, 85344|2867, 84352|2941, 85744|3022, 83760|3101, 83264|3192, 81676|3292, 79692|3410, 78140|3554, 68476|3752, 67896|3903, 61488|4009, https://zhuanlan.zhihu.com, 
162692|1, 162296|218, 158068|354, 157280|573, 153132|725, 154676|878, 145660|1030, 140676|1173, 132096|1378, 120756|1650, 118052|1953, 106424|2369, 109316|2488, 109192|2574, 110216|2659, 109224|2736, 107300|2820, 108704|2900, 107836|2973, 108644|3061, 107528|3147, 105736|3245, 102984|3336, 101604|3496, 99628|3631, 98272|3726, 97488|3829, 96496|3914, 94804|4029, https://www.buaa.edu.cn, 
158112|1, 158576|213, 154624|329, 153468|465, 152612|630, 150988|774, 151056|911, 146600|1042, 139260|1166, 134460|1266, 121300|1567, 116368|1737, 112304|1990, 99860|2477, 103728|2623, 104988|2717, 104120|2812, 105252|2897, 104328|2976, 103088|3051, 104184|3148, 99972|3259, 98264|3378, 95164|3537, 92316|3647, 91720|3758, 87508|3912, 85572|4022, https://www.jianshu.com, 
156328|1, 155992|216, 152344|343, 151680|485, 149892|651, 146792|754, 148808|919, 141896|1059, 135704|1187, 127936|1359, 115604|1636, 110944|1914, 103040|2327, 98032|2518, 98988|2598, 100696|2705, 99952|2782, 102168|2876, 101424|2951, 100184|3025, 101316|3111, 98048|3208, 97548|3297, 94132|3501, 93856|3621, 92152|3728, 91396|3850, 89352|3960, 88608|4052, https://www.jd.com, 
169104|1, 169984|205, 165964|303, 163820|390, 163408|554, 159484|694, 161664|840, 153044|985, 148780|1116, 139468|1328, 127228|1575, 124748|1819, 119108|2198, 110124|2499, 113984|2600, 113240|2680, 112624|2767, 113932|2856, 112940|2932, 113968|3014, 113052|3097, 111372|3189, 110480|3283, 105972|3479, 104000|3622, 100904|3751, 101288|3850, 100296|3921, 102680|4006, https://world.taobao.com, 
166624|1, 167360|204, 163556|316, 162808|417, 160756|624, 158236|777, 157140|933, 148168|1082, 142244|1189, 135572|1414, 126472|1660, 122784|1900, 114028|2307, 110964|2497, 111168|2585, 110176|2668, 111432|2751, 110440|2827, 111308|2911, 110440|2986, 109448|3068, 110544|3149, 109196|3230, 107892|3339, 104040|3458, 102592|3609, 101852|3712, 100492|3818, 101176|3930, 98608|4039, https://www.linkedin.com, 
162948|1, 164160|248, 162096|355, 160480|497, 158256|642, 155856|812, 155948|942, 149064|1074, 143820|1223, 136440|1455, 119652|1712, 119048|2099, 107952|2515, 109116|2609, 108620|2726, 107752|2804, 109048|2888, 107684|2967, 106692|3049, 107968|3129, 106480|3238, 105244|3336, 103092|3423, 100860|3506, 98380|3635, 98960|3768, 97100|3897, 98908|4042, https://www.alipay.com, 
160804|1, 158952|193, 154640|292, 151648|398, 151132|546, 147352|708, 151580|864, 141096|1022, 138736|1151, 132252|1354, 116828|1675, 110896|2071, 105232|2350, 103012|2441, 105328|2532, 104384|2608, 106760|2718, 106016|2804, 104820|2876, 105564|2957, 105404|3036, 106272|3121, 105032|3202, 100344|3344, 100428|3441, 99108|3526, 98860|3665, 96016|3802, 95840|3894, 93664|3987, 91060|4115, https://www.pku.edu.cn, 
156440|1, 157248|194, 153140|310, 154108|422, 150168|645, 148932|789, 149848|916, 140544|1132, 134084|1284, 116284|1587, 114376|1773, 111436|2132, 101652|2402, 101948|2509, 100728|2597, 102276|2677, 101904|2762, 102580|2855, 102024|2946, 102512|3032, 102060|3108, 100324|3194, 99384|3283, 96408|3395, 94476|3493, 92880|3636, 91308|3742, 90300|3906, 89680|3998, 88196|4101, https://www.jd.com, 
155292|1, 152736|164, 148808|240, 147072|316, 145048|432, 140876|563, 144740|668, 143424|785, 134832|934, 130604|1078, 118728|1339, 110348|1562, 109976|1979, 99476|2283, 100756|2398, 100104|2474, 98988|2557, 100000|2636, 98884|2712, 99884|2790, 99328|2869, 97592|2964, 99020|3059, 95816|3142, 91228|3288, 92044|3385, 88880|3497, 86896|3634, 86156|3761, 84172|3850, 83432|3950, 82564|4036, https://www.pinduoduo.com, 
151424|1, 151856|270, 147700|414, 146428|651, 142972|821, 142088|998, 132988|1218, 126772|1353, 126032|1671, 119832|1848, 118780|2174, 108916|2506, 108652|2593, 108280|2671, 109580|2762, 108712|2838, 109936|2921, 109068|2994, 108076|3067, 109184|3155, 105960|3257, 105724|3345, 103492|3457, 102212|3607, 99980|3742, 99112|3848, 99912|3936, 96936|4029, https://www.douyin.com, 
162544|1, 162652|266, 158672|382, 156648|561, 154344|722, 155744|867, 152692|983, 145324|1087, 141672|1197, 136976|1300, 127004|1492, 119440|1663, 117620|1877, 114732|2198, 104492|2448, 106076|2541, 105208|2624, 107084|2708, 106872|2787, 106004|2861, 107684|2940, 106820|3018, 107188|3101, 105464|3187, 102140|3270, 101028|3391, 98920|3562, 97260|3721, 93524|3860, 92036|3946, 90472|4060, https://www.apple.com, 
159492|1, 159096|188, 154700|314, 154748|443, 152212|658, 150700|834, 151044|942, 141676|1085, 138624|1203, 130256|1440, 114036|1766, 113900|2087, 102492|2435, 103368|2536, 102748|2627, 103156|2725, 102288|2804, 102824|2898, 101956|2972, 100964|3044, 101652|3127, 101032|3204, 99348|3301, 96136|3418, 94276|3518, 94408|3642, 93548|3739, 94540|3904, 88468|3997, 71976|4150, https://www.bing.com, 
154528|1, 151780|224, 150372|347, 149248|552, 145748|741, 148704|873, 139508|1012, 135620|1135, 131704|1237, 120988|1456, 108984|1684, 111012|2054, 99556|2358, 101384|2463, 100516|2538, 99400|2643, 100452|2726, 99708|2804, 100888|2890, 100540|2970, 98876|3053, 99584|3138, 95988|3225, 94728|3393, 93364|3485, 92308|3640, 89216|3759, 88356|3857, 87756|3953, 86060|4059, http://www.ox.ac.uk, 
152200|1, 150200|209, 146372|306, 143720|463, 141652|618, 138200|745, 142364|939, 131848|1114, 124836|1366, 110216|1573, 105304|1780, 102544|2164, 97100|2378, 96232|2463, 98500|2555, 97756|2636, 97012|2725, 98276|2821, 96348|2927, 96880|3015, 96012|3096, 94524|3179, 90372|3361, 89628|3466, 87152|3629, 84080|3760, 82160|3898, 80300|3990, 79184|4082, https://www.apple.com, 
148640|1, 148372|212, 144400|328, 145224|501, 143532|696, 139800|820, 141988|958, 130148|1128, 126964|1258, 114356|1590, 106548|1750, 100852|2233, 93900|2440, 93300|2524, 92184|2630, 94500|2719, 93508|2793, 93012|2876, 93832|2959, 92964|3032, 92980|3144, 91628|3231, 88280|3319, 88156|3421, 84436|3571, 81960|3701, 80596|3820, 79912|3979, 73488|4119, https://www.jianshu.com, 
146400|1, 144504|228, 142420|351, 141168|598, 136652|793, 137904|926, 128920|1069, 125992|1171, 110168|1485, 101284|1688, 99144|2070, 90368|2333, 88880|2469, 90996|2574, 90004|2656, 89136|2736, 90536|2814, 89668|2887, 90920|2965, 89716|3043, 87980|3142, 87420|3226, 82844|3358, 83332|3457, 80868|3567, 79692|3719, 78576|3830, 76716|3935, 78080|4047, https://www.pinduoduo.com, 
154868|1, 153380|184, 149200|288, 150536|453, 148768|614, 145564|726, 145780|901, 136576|1051, 132828|1156, 124920|1330, 111776|1594, 111888|1876, 98992|2298, 97876|2416, 99272|2507, 98280|2585, 99984|2674, 99004|2755, 98576|2840, 99476|2925, 98484|3004, 98452|3097, 95532|3182, 92308|3304, 92788|3419, 91424|3559, 82044|3715, 82072|3825, 75996|3926, 81228|4045, https://zhuanlan.zhihu.com, 
151428|1, 151824|201, 147728|327, 148196|529, 144268|697, 142560|884, 132600|1043, 128188|1163, 117080|1446, 109028|1603, 107188|1936, 97720|2378, 95984|2474, 97240|2579, 96372|2684, 97116|2770, 96000|2847, 96392|2928, 95524|3011, 94408|3098, 95028|3186, 91804|3270, 90132|3389, 89264|3497, 87172|3637, 87064|3792, 85704|3940, 86200|4024, https://www.alipay.com, 
149508|1, 152068|229, 148044|357, 147740|512, 144492|704, 144556|901, 136200|1050, 131036|1163, 125292|1296, 115008|1543, 106192|1749, 100752|2216, 92940|2479, 92072|2595, 96008|2676, 95140|2753, 94272|2827, 95776|2909, 94784|2981, 95772|3059, 94580|3136, 93464|3226, 92312|3312, 89056|3435, 88148|3567, 84264|3677, 83676|3833, 83552|3941, 82324|4046, https://www.pinduoduo.com, 
149008|1, 144628|199, 142320|351, 143004|526, 139536|678, 141856|807, 132120|951, 127716|1086, 121604|1234, 108124|1471, 104700|1675, 100520|2055, 91724|2269, 93664|2355, 92672|2431, 93768|2517, 92872|2618, 92424|2704, 93668|2783, 92800|2858, 91340|2941, 90924|3025, 88444|3109, 87368|3248, 85228|3383, 83368|3527, 83368|3639, 81880|3735, 75952|3902, 73472|4023, https://www.buaa.edu.cn, 
144564|1, 144480|199, 141072|308, 141624|436, 140112|613, 137008|722, 138344|865, 129544|1015, 124196|1174, 117332|1329, 101592|1643, 101188|1821, 91984|2315, 87768|2487, 86528|2604, 89184|2695, 88320|2771, 87824|2844, 89244|2930, 88376|3008, 89800|3092, 87952|3180, 85224|3273, 83836|3371, 81480|3500, 79620|3638, 81480|3755, 80116|3841, 80984|3930, 68708|4045, https://www.bing.com, 
141980|1, 141612|186, 138164|292, 138068|432, 136464|591, 134096|782, 134004|890, 125516|1063, 118912|1177, 109516|1433, 100308|1663, 95032|2134, 88216|2404, 87348|2486, 87720|2567, 86976|2656, 87976|2739, 87232|2818, 86240|2897, 86492|2977, 85128|3070, 82776|3170, 78932|3320, 77940|3453, 71744|3555, 70132|3678, 68148|3855, 66040|3970, 65792|4066, https://www.baidu.com, 
139356|1, 136648|205, 131864|309, 130164|424, 142224|547, 140208|713, 142744|896, 141216|1010, 132400|1113, 130364|1210, 122456|1431, 108488|1645, 107944|1794, 104720|2037, 94056|2403, 95848|2575, 96400|2668, 95780|2750, 97236|2831, 96368|2910, 95128|2984, 96528|3062, 94548|3141, 93832|3225, 92472|3325, 90116|3458, 90240|3563, 88132|3678, 84628|3820, 84316|3894, 82960|4004, https://www.pinduoduo.com, 
148956|1, 147796|249, 145316|362, 144628|592, 139964|778, 141924|920, 132080|1041, 127448|1158, 121172|1364, 107412|1602, 104300|1938, 95248|2263, 94008|2384, 96144|2466, 94904|2547, 94460|2673, 94900|2803, 94156|2877, 94924|2958, 94292|3044, 90820|3150, 89720|3258, 87124|3422, 86140|3575, 85768|3662, 84788|3745, 85680|3844, 83200|3944, 83448|4060, https://www.shodan.io, 
146796|1, 145808|182, 142120|277, 142564|421, 140740|610, 138076|727, 139440|853, 136740|969, 127880|1125, 123708|1226, 114636|1470, 103660|1702, 97788|2068, 91772|2450, 90408|2553, 92148|2633, 91156|2708, 90164|2793, 91412|2874, 90296|2957, 91420|3035, 89732|3121, 90124|3234, 86776|3324, 83552|3464, 84300|3601, 78844|3726, 76984|3837, 75752|3987, 73148|4082, https://www.jianshu.com, 
143356|1, 138816|204, 136988|288, 136700|448, 132992|614, 134924|741, 125896|867, 119992|1007, 113068|1158, 101296|1476, 99536|1748, 93708|2124, 86144|2338, 86144|2437, 85028|2526, 86144|2611, 85276|2686, 84408|2762, 86096|2843, 85228|2923, 81888|3009, 82392|3094, 81152|3192, 78308|3375, 72608|3514, 70084|3647, 64888|3752, 63152|3851, 63028|3933, 61788|4025, https://zhuanlan.zhihu.com, 
139040|1, 137488|166, 133196|264, 134468|376, 132188|591, 128664|710, 131968|844, 124260|982, 116600|1107, 113536|1226, 98824|1491, 94636|1649, 93828|2006, 84660|2303, 81808|2448, 84200|2557, 83332|2636, 82340|2710, 83488|2799, 82620|2873, 83544|2961, 83052|3070, 79000|3161, 78752|3280, 74784|3442, 74908|3610, 73176|3713, 70820|3792, 70948|3888, 67852|3981, 62024|4087, https://www.pku.edu.cn, 
134724|1, 134736|225, 130744|348, 130432|543, 126688|671, 127708|814, 126932|913, 118016|1045, 114048|1201, 105516|1404, 92104|1738, 88148|2185, 79592|2430, 80460|2522, 79592|2596, 80956|2680, 80088|2758, 79220|2831, 80708|2911, 79716|2981, 78600|3058, 79096|3150, 76120|3255, 74384|3380, 72648|3492, 70416|3622, 68804|3737, 68184|3837, 67192|3917, 66200|3992, 44996|4110, https://www.mit.edu, 
134328|1, 134224|183, 130116|283, 130348|433, 127692|578, 138320|679, 140480|829, 131284|958, 124504|1095, 118776|1299, 108088|1529, 104112|1686, 98480|2145, 92416|2377, 91616|2452, 93296|2596, 92428|2676, 91560|2754, 92420|2834, 91552|2905, 89752|2987, 91480|3076, 88380|3162, 86492|3313, 85872|3424, 84384|3571, 82672|3715, 80316|3801, 80960|3902, 73696|4058, https://www.buaa.edu.cn, 
142196|1, 143264|225, 139688|352, 139480|459, 137824|569, 135780|720, 134412|867, 133076|990, 125724|1156, 120048|1272, 110676|1546, 101180|1742, 96484|1954, 86940|2383, 87892|2551, 87148|2637, 86156|2730, 87480|2834, 86736|2908, 87252|2995, 86756|3070, 85392|3147, 86052|3239, 83468|3317, 79040|3419, 79676|3538, 77816|3657, 78320|3774, 76596|3872, 76976|3958, 60732|4069, https://www.bing.com, 
141284|1, 139268|203, 134916|323, 135988|459, 133492|628, 131564|750, 132572|877, 124992|1015, 120000|1120, 115752|1221, 99144|1546, 94348|1876, 91764|2267, 85736|2469, 85432|2557, 86628|2703, 85760|2783, 84644|2864, 84848|2944, 83360|3022, 83852|3113, 81124|3198, 79580|3296, 78604|3405, 74048|3559, 75944|3691, 73960|3772, 72968|3847, 74488|3926, 60352|4036, https://www.douyin.com, 
137748|1, 135540|170, 134172|265, 132100|361, 130856|485, 129372|615, 128516|738, 119268|912, 116544|1028, 110424|1161, 96416|1453, 92292|1712, 78536|2170, 81876|2310, 81876|2392, 81192|2485, 81940|2562, 81072|2639, 82552|2719, 81560|2797, 79948|2881, 79184|2983, 77076|3073, 72116|3230, 70416|3361, 68536|3472, 66924|3668, 62588|3767, 60608|3897, 59000|3984, 56024|4074, https://www.jianshu.com, 
135212|1, 132976|254, 131300|383, 129292|596, 126352|709, 125840|897, 116940|1039, 113548|1145, 99004|1432, 89580|1680, 86360|2132, 78464|2411, 77720|2492, 79176|2572, 78472|2652, 79664|2742, 78796|2816, 77432|2902, 78340|2980, 77596|3061, 77348|3159, 72780|3276, 71292|3371, 71540|3505, 69804|3620, 67696|3720, 68068|3832, 63852|3970, 61992|4058, https://www.pku.edu.cn, 
129900|1, 130648|184, 126516|301, 126536|478, 121280|693, 124156|836, 121732|950, 111896|1085, 104584|1299, 91220|1544, 84908|1838, 81284|2275, 73596|2468, 75704|2605, 75704|2688, 74716|2773, 75588|2899, 74348|2976, 74600|3061, 73980|3142, 70880|3227, 69392|3323, 66172|3456, 63724|3591, 63880|3706, 62392|3797, 61524|3896, 62536|3979, 60552|4075, https://www.shodan.io, 
127552|1, 128248|228, 124364|326, 122096|439, 118624|574, 117916|680, 114704|786, 120520|924, 116512|1056, 107592|1185, 106492|1285, 95964|1516, 84424|1780, 80132|2227, 73188|2451, 74760|2534, 74016|2609, 74940|2749, 74224|2839, 72612|2922, 73644|3005, 71908|3088, 70420|3182, 70132|3276, 65692|3407, 64388|3573, 61064|3704, 62004|3833, 56588|3975, 55720|4069, https://www.buaa.edu.cn, 
140296|1, 140704|243, 137244|352, 136544|465, 135512|658, 132244|811, 134752|939, 126132|1072, 122800|1211, 116960|1367, 100784|1744, 94888|2079, 93300|2345, 83752|2543, 85172|2628, 84312|2708, 86236|2791, 85244|2873, 84748|2946, 86176|3026, 85184|3102, 86100|3185, 84968|3264, 82364|3366, 80596|3490, 79356|3586, 76504|3743, 74548|3878, 73556|3969, 73556|4058, http://www.ox.ac.uk, 
137524|1, 133008|208, 131180|319, 130672|563, 127692|709, 129788|844, 126388|955, 118148|1118, 114400|1211, 102040|1440, 94548|1619, 91584|1853, 78448|2330, 79584|2449, 81044|2558, 80548|2640, 82056|2718, 81312|2791, 82320|2872, 81452|2943, 79968|3023, 79984|3112, 77876|3195, 73168|3303, 71680|3411, 70324|3527, 67476|3631, 68976|3733, 67984|3809, 66868|3890, 50512|3998, 36872|4101, https://www.mit.edu, 
136040|1, 136256|240, 132900|346, 132816|474, 131308|637, 127404|772, 129512|907, 124712|1036, 115772|1164, 113724|1264, 103600|1469, 92688|1684, 94264|1886, 86332|2288, 79140|2514, 81496|2601, 80504|2676, 81000|2759, 80380|2834, 79016|2931, 80008|3049, 79016|3138, 78272|3232, 75792|3316, 72236|3488, 71492|3626, 69260|3736, 68020|3814, 69168|3899, 68052|3976, 52924|4107, https://www.shodan.io, 
133784|1, 133164|228, 129360|340, 126988|471, 126344|647, 122992|782, 122320|944, 113812|1068, 109472|1159, 104564|1352, 92908|1538, 87700|1722, 82040|2138, 74112|2370, 73368|2490, 75228|2575, 74484|2652, 77588|2738, 76720|2811, 77840|2893, 76848|2963, 76104|3037, 76744|3126, 74180|3214, 72072|3289, 70552|3402, 68328|3521, 66844|3631, 66968|3735, 65620|3811, 66960|3894, 66464|3976, 43912|4099, https://www.mit.edu, 
129816|1, 127664|193, 125160|353, 124556|478, 121312|667, 121004|791, 118688|956, 110932|1108, 107476|1202, 97084|1435, 85260|1696, 78904|2169, 73820|2407, 71688|2560, 73776|2644, 72784|2716, 71792|2789, 73804|2870, 72688|2945, 74136|3029, 73392|3109, 72132|3191, 70880|3300, 68648|3408, 63372|3587, 63392|3712, 60912|3819, 60544|4088, https://www.pinduoduo.com, 
127644|1, 126708|220, 123064|322, 120668|455, 120400|641, 117936|825, 117356|943, 108260|1072, 102208|1196, 91632|1447, 83448|1608, 84052|1900, 72524|2217, 70540|2392, 71412|2514, 71840|2593, 72820|2685, 72452|2768, 71460|2867, 72536|2951, 71308|3029, 68332|3119, 67536|3212, 64312|3352, 64084|3466, 63272|3553, 61164|3673, 62356|3768, 60560|3855, 60616|3941, 59624|4023, https://www.shodan.io, 
122464|1, 127688|259, 126000|384, 127316|553, 123212|720, 135480|891, 130572|1048, 123860|1165, 115504|1419, 100712|1689, 96628|2022, 89664|2434, 90684|2529, 91488|2616, 91896|2701, 90780|2784, 91188|2874, 90320|2948, 89328|3022, 90912|3102, 89796|3184, 86920|3307, 84976|3427, 83736|3525, 82852|3649, 79008|3767, 77644|3865, 77560|3953, 76196|4037, http://www.ox.ac.uk, 
139048|1, 136996|197, 134940|322, 132988|468, 131132|616, 129548|726, 124872|908, 118768|1026, 110208|1214, 98792|1492, 94948|1702, 85692|2186, 86288|2346, 85440|2459, 84076|2554, 86088|2642, 85096|2714, 83980|2795, 86332|2880, 84784|2972, 83328|3077, 82220|3162, 78004|3320, 75024|3468, 73660|3553, 71676|3690, 70576|3843, 66372|3932, 63768|4014, https://www.jianshu.com, 
137268|1, 135624|160, 131716|250, 133664|342, 131852|515, 126860|668, 129260|793, 120220|942, 115752|1055, 107844|1295, 96824|1508, 89784|1944, 85372|2245, 82028|2357, 83624|2443, 82844|2524, 81976|2599, 83192|2691, 81952|2766, 83344|2845, 82476|2921, 80988|3049, 82348|3143, 78752|3235, 75280|3383, 74412|3503, 72696|3597, 71084|3703, 71492|3832, 70380|3970, 67788|4087, https://www.jd.com, 
142856|1, 133596|231, 130812|350, 129648|528, 127076|685, 124532|839, 121800|989, 114136|1130, 109920|1235, 97120|1516, 91428|1662, 90144|1912, 86744|2281, 79488|2490, 78868|2582, 80980|2667, 79864|2760, 80616|2853, 79748|2945, 78756|3030, 78764|3133, 77028|3225, 76036|3317, 73060|3423, 70212|3544, 71204|3636, 70708|3723, 73040|3809, 71800|3899, 71924|4051, https://www.yahoo.com, 
131896|1, 132252|205, 128664|385, 126516|552, 125192|676, 122764|789, 122672|896, 112964|1064, 110880|1185, 103060|1432, 89004|1677, 87084|1910, 73040|2397, 75664|2497, 76904|2605, 76036|2681, 77056|2766, 76312|2843, 77456|2928, 76464|3002, 75472|3082, 75724|3183, 73492|3261, 70152|3393, 70800|3512, 68820|3630, 67216|3760, 67592|3855, 65120|3948, 63880|4034, https://www.pku.edu.cn, 
132220|1, 133400|225, 129104|337, 130080|463, 125780|695, 123692|834, 125732|976, 117096|1109, 112344|1240, 107896|1368, 98596|1582, 86576|1769, 90492|2101, 78960|2443, 76232|2595, 78496|2683, 77504|2757, 76636|2832, 78404|2918, 77196|3000, 78252|3079, 77508|3153, 77068|3233, 76016|3336, 72296|3470, 69196|3668, 70252|3779, 69756|3869, 68144|3952, 68648|4045, https://www.linkedin.com, 
126784|1, 127480|193, 123392|297, 121052|409, 120620|607, 118048|864, 117728|1008, 108060|1145, 103240|1252, 95956|1472, 82316|1756, 81740|2033, 71864|2432, 70500|2529, 68892|2658, 71620|2751, 71000|2832, 71256|2941, 70388|3016, 68900|3102, 69404|3188, 66552|3270, 66680|3359, 62216|3508, 59864|3622, 60988|3740, 59996|3829, 58880|3925, 59388|4008, https://www.shodan.io, 
124928|1, 124608|256, 121460|366, 120896|543, 118028|728, 115832|888, 113896|1078, 105056|1258, 110972|1371, 104456|1612, 98056|1876, 94840|2357, 89632|2502, 83928|2631, 84916|2717, 84172|2803, 84660|2918, 83152|3012, 82220|3091, 83808|3176, 82868|3264, 81292|3368, 79308|3455, 77976|3595, 75276|3710, 73812|3826, 74448|3933, 72712|4027, https://www.shodan.io, 
136860|1, 137208|220, 135556|313, 131868|408, 131536|556, 130024|727, 127600|890, 128388|1000, 121508|1134, 117072|1293, 110072|1504, 96432|1740, 93188|1910, 87376|2291, 81476|2525, 81600|2608, 80980|2694, 81984|2785, 81492|2860, 80500|2945, 81380|3027, 80388|3100, 81416|3192, 80300|3279, 77076|3366, 75340|3494, 74348|3587, 72488|3736, 70264|3856, 68036|3952, 68904|4059, http://www.ox.ac.uk, 
132052|1, 132400|285, 128836|405, 127976|555, 125092|763, 123104|940, 124548|1050, 115760|1211, 111680|1334, 103044|1530, 89664|1805, 83720|2147, 77176|2464, 75192|2589, 74448|2715, 76308|2798, 75440|2884, 76928|2977, 76060|3051, 75316|3128, 76388|3210, 75148|3301, 73536|3402, 70808|3526, 68948|3656, 68328|3841, 67088|3953, 66468|4040, https://www.bing.com, 
128964|1, 128324|235, 124472|348, 125068|489, 120552|702, 121780|871, 118500|1004, 109032|1148, 106696|1284, 97768|1468, 85468|1729, 83516|2120, 72852|2430, 71736|2512, 73116|2595, 72744|2683, 74620|2764, 73504|2846, 72264|2924, 73768|3003, 72900|3077, 72416|3155, 73424|3241, 70696|3334, 66488|3447, 67488|3563, 65640|3683, 63548|3780, 63740|3888, 63120|3967, 64884|4051, https://www.douyin.com, 
124916|1, 123004|222, 120724|348, 120556|536, 116780|677, 119392|835, 112520|981, 105792|1119, 100408|1305, 82220|1696, 76408|2099, 69344|2369, 69220|2474, 68228|2559, 71332|2647, 70588|2725, 72144|2823, 71648|2893, 69788|2978, 70660|3072, 67560|3154, 64460|3268, 64216|3380, 61612|3490, 60124|3591, 57644|3696, 57520|3782, 58636|3868, 57768|3949, 46484|4042, https://www.mit.edu, 
123584|1, 124420|215, 120008|325, 120296|516, 118708|657, 114516|841, 117368|946, 113288|1065, 106280|1210, 99060|1381, 85248|1659, 79224|1849, 79920|2147, 68400|2460, 67416|2562, 68832|2655, 67840|2735, 69512|2818, 68396|2894, 67528|2974, 68556|3054, 68536|3137, 67000|3219, 65944|3309, 63588|3415, 59868|3543, 60192|3652, 59112|3766, 59304|3924, 58188|4007, https://www.ctrip.com, 
119824|1, 118176|176, 114380|261, 115176|417, 114036|565, 109960|680, 110896|840, 101180|977, 97308|1076, 90308|1236, 77784|1487, 75428|1631, 72860|1975, 62816|2253, 66736|2403, 65992|2484, 66512|2569, 65788|2673, 64920|2771, 66168|2855, 65060|2937, 62368|3033, 61504|3147, 58280|3279, 56048|3479, 52328|3604, 48732|3717, 49600|3818, 46996|3916, 45260|4015, https://www.apple.com, 
120236|1, 118148|220, 115688|345, 116688|525, 114304|663, 114988|813, 112112|929, 103916|1098, 101300|1222, 92816|1429, 77196|1689, 75792|2054, 66532|2419, 65044|2535, 80496|2651, 80000|2752, 79012|2835, 80328|2920, 79620|2993, 78632|3068, 80112|3154, 79088|3232, 79380|3327, 76672|3413, 73328|3558, 71228|3681, 64424|3810, 62368|3925, 63120|4058, https://www.baidu.com, 
132876|1, 131028|212, 126288|333, 124548|431, 122060|599, 118248|750, 124256|928, 114016|1074, 109536|1207, 102796|1390, 87052|1721, 84784|2216, 75144|2453, 75164|2551, 77728|2639, 76736|2717, 77308|2807, 76820|2880, 75952|2963, 76540|3054, 75068|3166, 73608|3262, 69508|3428, 67896|3541, 67660|3651, 65428|3770, 60592|3956, 62208|4091, https://www.jd.com, 
129264|1, 130224|193, 129148|322, 127648|451, 126240|592, 122752|766, 124204|930, 120704|1043, 112096|1155, 109188|1273, 101060|1485, 87624|1794, 83904|2096, 76216|2432, 75596|2531, 76228|2626, 75608|2716, 77724|2817, 77232|2902, 75620|2992, 76500|3080, 74852|3163, 75744|3272, 71404|3365, 68180|3542, 68932|3656, 68188|3732, 67196|3810, 69052|3902, 68680|4000, 67696|4229, https://www.netflix.com, 
128540|1, 126344|166, 124288|264, 122672|374, 120384|504, 118912|656, 116588|811, 108640|970, 101448|1138, 87204|1403, 82704|1689, 77476|2075, 71152|2273, 72768|2367, 72024|2451, 73020|2536, 72152|2619, 70788|2700, 71660|2782, 70916|2859, 72160|2941, 70428|3024, 67576|3125, 66100|3284, 64488|3387, 64148|3527, 55984|3632, 54996|3752, 55748|3893, 50420|4007, https://www.baidu.com, 
120892|1, 122076|173, 117900|300, 117656|445, 115832|606, 112944|797, 112544|907, 102592|1057, 99432|1164, 87764|1467, 77184|1813, 73952|2101, 63412|2410, 65404|2537, 64536|2612, 63544|2689, 65412|2770, 64544|2842, 63304|2920, 64552|3007, 64076|3099, 62092|3202, 61356|3304, 57016|3461, 58140|3590, 55912|3708, 53712|3845, 54092|3995, 52852|4075, https://www.alipay.com, 
117784|1, 117320|201, 113732|299, 113020|441, 109720|615, 107308|771, 105480|916, 98492|1039, 92076|1209, 80876|1502, 67364|2025, 62972|2366, 61112|2489, 62148|2575, 61280|2649, 60432|2726, 62212|2812, 61736|2893, 60744|2966, 61376|3055, 59764|3164, 56448|3287, 55580|3400, 52628|3559, 49404|3691, 48040|3803, 49156|3939, 48784|4032, https://www.pinduoduo.com, 
116616|1, 114380|192, 112208|317, 110204|516, 107180|639, 105576|790, 106804|909, 96580|1046, 92208|1200, 83952|1398, 71080|1641, 70244|1898, 60864|2281, 59128|2406, 61112|2504, 60120|2590, 60368|2688, 59500|2779, 58880|2870, 59500|2950, 58264|3031, 55912|3133, 53432|3231, 53436|3361, 51080|3487, 47980|3594, 47884|3739, 46272|3824, 47956|3901, 46964|3972, 46592|4061, https://world.taobao.com, 
111368|1, 108136|244, 104280|374, 101936|513, 114388|654, 110824|797, 109388|900, 111496|1074, 103344|1201, 97952|1310, 88528|1547, 79124|1842, 71596|2301, 67008|2478, 69308|2567, 68760|2665, 69164|2770, 68296|2850, 67184|2945, 68064|3039, 66824|3127, 65832|3209, 64840|3296, 60624|3423, 60980|3540, 60388|3618, 59520|3698, 61776|3787, 60164|3922, 58700|4096, https://www.yahoo.com, 
123296|1, 121320|218, 119608|345, 118792|452, 116572|606, 113232|743, 116176|875, 107980|994, 102904|1129, 99300|1245, 86420|1519, 79112|1701, 76572|2067, 65596|2346, 64376|2493, 68736|2572, 67744|2657, 69128|2741, 68140|2826, 67272|2910, 68288|2988, 67472|3072, 64248|3160, 63928|3248, 60704|3406, 60704|3537, 58472|3686, 57032|3783, 57156|3865, 55544|3947, 36652|4063, https://www.shodan.io, 
129132|1, 127360|218, 125228|394, 122652|556, 122468|746, 118488|891, 117920|1012, 111664|1136, 107320|1242, 100408|1377, 89372|1599, 84668|1800, 82344|2131, 70756|2483, 73052|2573, 72184|2646, 73612|2731, 72620|2809, 71760|2885, 72948|2971, 72080|3044, 71392|3116, 72568|3202, 69860|3290, 67380|3387, 66464|3548, 64732|3658, 60056|3840, 59628|3949, 58416|4043, https://www.apple.com, 
122544|1, 120664|157, 119464|260, 117528|351, 115244|535, 113208|655, 114000|778, 105820|913, 100228|1045, 91952|1277, 80296|1489, 77676|1737, 68624|2212, 62300|2368, 66204|2475, 65336|2545, 64964|2642, 66464|2723, 64852|2811, 65980|2892, 64864|2970, 61984|3064, 62616|3152, 61252|3230, 58400|3472, 57036|3591, 56592|3695, 53740|3837, 51260|3927, 47044|4029, https://www.pku.edu.cn, 
123856|1, 121516|145, 119964|238, 118836|329, 116108|462, 116160|618, 113976|718, 114908|864, 104724|989, 100136|1104, 95396|1271, 82376|1529, 80104|1866, 76136|2145, 66632|2404, 68120|2488, 67128|2564, 68616|2649, 67748|2723, 66508|2797, 67872|2879, 67128|2957, 65960|3038, 64624|3151, 62020|3239, 58672|3424, 59328|3523, 56104|3645, 56476|3743, 54616|3841, 50276|4000, 42712|4092, https://www.buaa.edu.cn, 
127916|1, 120440|244, 116396|372, 116612|492, 114944|653, 111044|862, 112536|1007, 105076|1127, 100116|1241, 96620|1363, 86328|1606, 75200|1802, 75288|2010, 64444|2428, 63228|2573, 64716|2697, 63972|2795, 62980|2907, 64472|3029, 63604|3106, 62736|3188, 64228|3290, 60632|3378, 56044|3522, 55796|3616, 56292|3700, 57412|3782, 57000|3853, 53904|4095, https://www.yahoo.com, 
113404|1, 114072|174, 109720|271, 110072|369, 108008|479, 104804|617, 104324|773, 97952|908, 91752|1016, 88060|1179, 77024|1399, 69484|1584, 68500|2039, 57836|2387, 57092|2467, 58828|2548, 57960|2626, 57092|2713, 58952|2795, 57464|2873, 58084|2957, 58712|3037, 56976|3123, 57596|3216, 54992|3300, 51272|3436, 51400|3536, 48548|3671, 47208|3787, 47732|3870, 45664|3961, 42564|4060, https://www.pku.edu.cn, 
112264|1, 110608|216, 107864|351, 107584|578, 104568|723, 102916|880, 96704|1069, 91872|1172, 83644|1375, 88832|1616, 80676|1888, 77080|2255, 70312|2565, 69196|2678, 70936|2770, 69324|2848, 67836|2940, 68984|3029, 68504|3107, 67140|3190, 67156|3281, 64676|3365, 61204|3499, 60228|3632, 59532|3860, 60796|3955, 55712|4053, https://www.alipay.com, 
122056|1, 120628|148, 116276|250, 117520|362, 114252|531, 111228|637, 112552|771, 104076|911, 100776|1032, 95280|1168, 79284|1432, 76420|1712, 65168|2080, 63200|2339, 62704|2429, 62208|2523, 64756|2620, 64012|2697, 62896|2777, 65508|2856, 64268|2932, 65604|3028, 59832|3129, 58716|3228, 58888|3356, 56112|3472, 55000|3617, 54148|3746, 53164|3827, 33784|4019, https://www.alipay.com, 
117856|1, 139540|453, 137032|687, 138136|876, 136476|975, 128460|1086, 124008|1230, 109292|1505, 101380|1698, 101108|2095, 91008|2339, 90056|2489, 92132|2608, 91584|2689, 90592|2766, 91508|2845, 90640|2918, 89972|2995, 90268|3080, 89028|3163, 87368|3248, 84092|3368, 83224|3462, 81092|3625, 78240|3770, 76876|3859, 76204|3963, 74912|4067, http://www.ox.ac.uk, 
162096|1, 160252|174, 158672|270, 157208|353, 154060|519, 152736|681, 150696|846, 142780|1007, 137996|1111, 130556|1286, 116844|1519, 116292|1740, 104916|2243, 104080|2401, 106608|2490, 105616|2600, 105504|2728, 104760|2803, 103396|2882, 103380|2964, 102140|3055, 101260|3143, 97200|3263, 96208|3376, 94988|3506, 91024|3627, 90996|3724, 90440|3798, 89628|3870, 90864|3962, 89500|4036, https://world.taobao.com, 
159100|1, 157228|186, 153308|291, 153376|439, 151152|606, 148016|737, 150092|902, 139888|1048, 134640|1186, 129176|1349, 117064|1586, 112104|1781, 111920|2142, 102336|2416, 100972|2500, 103816|2587, 102948|2662, 101956|2748, 103400|2832, 102324|2910, 103268|2996, 101984|3083, 100868|3181, 99700|3269, 96640|3397, 94904|3494, 93752|3627, 92060|3725, 89880|3821, 91152|3913, 88672|4003, http://www.ox.ac.uk, 
156176|1, 155396|217, 152652|327, 150988|452, 150856|622, 147528|735, 147532|903, 139596|1067, 133360|1188, 125024|1412, 112904|1664, 109944|1886, 103752|2271, 102064|2436, 103012|2533, 102020|2612, 101324|2690, 102808|2771, 101692|2844, 100576|2920, 101416|2999, 99720|3077, 98768|3195, 97156|3276, 94180|3435, 93684|3603, 93684|3741, 91704|3839, 92576|3946, 92080|4027, http://blogs.360.cn, 
150788|1, 151792|185, 147712|281, 148348|419, 145652|589, 142068|744, 144716|880, 141564|994, 131032|1226, 139032|1413, 123992|1717, 121188|2031, 116988|2323, 110664|2463, 111660|2552, 111512|2655, 109804|2736, 111852|2821, 110864|2895, 109872|2969, 111448|3050, 110248|3131, 108636|3214, 107228|3317, 105024|3405, 101056|3565, 100448|3709, 99852|3820, 100248|3918, 98636|4013, http://www.ox.ac.uk, 
163624|1, 163956|240, 160256|358, 159972|556, 157628|696, 157600|851, 155616|958, 147256|1117, 143472|1238, 134332|1462, 122056|1666, 117660|1981, 108268|2432, 107532|2544, 110148|2636, 109280|2710, 108164|2783, 109792|2879, 108392|2961, 109220|3052, 107808|3142, 106716|3233, 105800|3332, 101872|3453, 101376|3630, 99640|3732, 98648|3823, 99024|3917, 98292|4006, https://www.linkedin.com, 
161116|1, 158508|207, 154696|309, 152692|417, 149892|616, 147724|760, 149740|906, 140452|1030, 134364|1180, 120896|1501, 114392|1775, 103556|2309, 103308|2442, 104656|2564, 104108|2652, 103240|2736, 104968|2821, 104108|2896, 105212|2983, 105304|3056, 103496|3135, 104948|3224, 99748|3344, 97764|3440, 97924|3561, 96344|3667, 95352|3743, 97132|3821, 96380|3894, 92408|4112, https://www.yahoo.com, 
158240|1, 158648|175, 154712|264, 152700|393, 151116|552, 149256|651, 148824|789, 141812|954, 135828|1074, 131152|1284, 117164|1468, 112364|1670, 104392|2224, 103492|2401, 102388|2488, 103416|2599, 102708|2672, 101620|2756, 102572|2847, 101580|2918, 102640|3014, 101548|3097, 98076|3185, 97160|3328, 94432|3442, 94440|3584, 92580|3691, 89936|3805, 87876|3921, 86264|3998, 84240|4105, https://www.pku.edu.cn, 
155100|1, 154908|221, 151500|360, 149696|471, 148136|647, 145656|772, 145452|964, 138764|1101, 132836|1220, 120136|1488, 113332|1712, 108452|1961, 95076|2436, 97640|2564, 99760|2667, 98524|2760, 99548|2873, 98680|2958, 97268|3032, 97656|3143, 94540|3253, 92296|3365, 91160|3493, 90300|3575, 91380|3658, 89324|3882, 85732|4039, https://www.yahoo.com, 
150144|1, 147060|209, 145068|329, 146436|536, 142148|672, 143392|853, 134712|979, 128684|1093, 121648|1313, 108948|1590, 104792|1860, 98684|2294, 96968|2465, 94908|2658, 93916|2735, 96412|2842, 95296|2920, 94304|2997, 95124|3089, 94000|3174, 92888|3272, 90540|3398, 88680|3488, 87040|3586, 85304|3697, 82624|3822, 80888|3908, 83668|3990, 82180|4063, https://world.taobao.com, 
148384|1, 148376|177, 144348|271, 143644|413, 139560|565, 139576|695, 138128|846, 128368|978, 120752|1131, 107988|1401, 102300|1682, 89328|2118, 92576|2283, 93364|2363, 94468|2456, 92984|2564, 92116|2669, 93356|2753, 92368|2823, 90880|2899, 92260|2994, 87804|3090, 85840|3220, 86080|3357, 82428|3490, 82960|3621, 78660|3756, 74692|3850, 75064|3937, 74320|4021, https://www.apple.com, 
159544|1, 158988|226, 155708|355, 153652|489, 154544|662, 151192|767, 153088|933, 146704|1049, 139684|1177, 137784|1307, 127056|1547, 115812|1762, 111992|2209, 102656|2525, 104656|2619, 105472|2724, 104604|2803, 105312|2887, 104320|2967, 103700|3058, 105064|3150, 103616|3253, 100392|3336, 98776|3490, 97908|3585, 96296|3732, 97280|3844, 97100|3924, 97588|4058, http://blogs.360.cn, 
158832|1, 156364|265, 157320|387, 153616|484, 152012|584, 151952|723, 148164|874, 147732|1013, 138960|1193, 133952|1297, 126736|1489, 116956|1754, 112356|2071, 102060|2499, 102284|2675, 101044|2762, 99928|2852, 101464|2941, 100472|3025, 101204|3116, 100088|3198, 98604|3336, 97704|3426, 95596|3513, 92752|3642, 92752|3760, 91884|3847, 93000|3938, 91212|4099, https://www.yahoo.com, 
155352|1, 152952|179, 149072|274, 146880|410, 145588|549, 141948|683, 147444|841, 137336|986, 133060|1083, 124472|1331, 114720|1540, 106440|1879, 100216|2380, 97624|2481, 96508|2564, 97520|2653, 96776|2747, 97704|2840, 97084|2931, 96216|3005, 97044|3103, 95704|3188, 92640|3281, 92440|3365, 90364|3472, 89108|3627, 87248|3746, 87424|3901, 87300|3984, 73112|4125, https://www.alipay.com, 
150496|1, 152268|242, 148428|399, 147104|500, 144772|723, 142096|888, 143840|1019, 134228|1163, 128908|1302, 116656|1524, 106636|1770, 103812|2019, 94060|2479, 95072|2645, 93384|2775, 95736|2862, 94620|2963, 93504|3043, 94368|3130, 92756|3212, 89532|3297, 89020|3385, 85052|3558, 82412|3683, 80924|3772, 79684|3858, 81284|3965, 80448|4041, https://www.mit.edu, 
148188|1, 145668|174, 142292|260, 139488|346, 137868|471, 133732|597, 132368|691, 131320|877, 127648|1036, 120132|1262, 103928|1496, 104120|1713, 91188|2189, 91420|2413, 93380|2532, 92404|2637, 91040|2733, 92424|2825, 91556|2911, 90564|2995, 90940|3094, 86496|3228, 86308|3353, 84204|3447, 84872|3537, 84128|3623, 84840|3720, 83336|3892, 82220|4030, https://www.yahoo.com, 
146080|1, 143316|225, 140016|327, 140576|521, 137404|681, 137248|831, 130328|988, 124956|1110, 117888|1265, 106172|1603, 103964|1807, 97956|2212, 89484|2511, 88764|2593, 86904|2719, 88792|2813, 87924|2893, 86932|2975, 88084|3069, 85976|3155, 82504|3245, 83240|3331, 80164|3468, 79344|3602, 82024|3683, 79668|3892, 78124|4046, https://www.yahoo.com, 
143224|1, 143856|199, 140108|315, 139200|506, 134592|722, 135872|892, 133292|1026, 122848|1166, 118508|1299, 105640|1581, 97208|1830, 95508|2311, 87424|2479, 86184|2565, 87444|2653, 86576|2733, 85708|2812, 87336|2894, 86220|2972, 85228|3045, 86244|3147, 84880|3237, 83272|3337, 80792|3447, 79056|3565, 79428|3697, 78312|3828, 77072|3919, 78064|4003, https://www.douyin.com, 
151188|1, 149052|216, 147300|333, 148956|531, 145764|652, 145096|807, 145128|949, 134860|1087, 130428|1235, 117612|1478, 111476|1607, 110864|1911, 100496|2322, 97264|2472, 99820|2562, 98952|2638, 97092|2726, 99128|2811, 97168|2887, 98084|2975, 97712|3052, 95604|3168, 94316|3267, 90720|3455, 87868|3584, 84288|3752, 81484|3850, 77764|3958, 77812|4057, https://www.apple.com, 
150676|1, 149052|204, 147404|327, 145800|465, 145460|646, 140784|783, 141416|914, 142484|1032, 132920|1160, 128676|1290, 123672|1445, 107040|1799, 102748|2208, 93988|2553, 92812|2652, 91696|2753, 94176|2854, 93308|2933, 93928|3019, 92936|3095, 90916|3187, 92880|3275, 90896|3361, 89236|3464, 87048|3585, 85456|3703, 83100|3818, 83352|4005, https://www.alipay.com, 
145628|1, 144016|231, 141928|363, 140592|564, 138280|731, 140708|875, 130804|1020, 126044|1187, 115424|1429, 103544|1686, 103652|1991, 97524|2271, 89132|2502, 90972|2637, 90600|2712, 89608|2797, 90192|2883, 89696|2958, 88704|3035, 89512|3130, 88156|3216, 87784|3307, 83692|3432, 82580|3590, 82708|3684, 81220|3780, 79360|3863, 79980|3953, 78988|4032, https://www.ctrip.com, 
142020|1, 144324|223, 140136|354, 141008|471, 139176|652, 135680|776, 134828|909, 136472|1022, 126972|1157, 121692|1259, 117028|1432, 103412|1655, 98848|1868, 90536|2370, 88676|2556, 87684|2643, 89916|2729, 88304|2815, 88428|2907, 88056|2984, 86940|3062, 88380|3163, 87016|3258, 82676|3357, 80940|3499, 80072|3619, 77896|3798, 76676|3910, 69112|4037, https://www.buaa.edu.cn, 
142540|1, 142544|242, 138400|350, 137496|602, 135324|736, 136004|861, 131280|1004, 122828|1128, 117320|1280, 106196|1532, 99836|1762, 98172|2082, 86552|2457, 88432|2561, 87564|2642, 86572|2724, 88820|2803, 87952|2877, 86836|2959, 87888|3067, 86544|3150, 82452|3275, 80776|3460, 78420|3613, 78428|3755, 75824|3889, 74832|3984, 75824|4086, https://www.jd.com, 
139576|1, 135352|217, 132956|343, 133684|593, 130528|726, 130272|875, 122000|1051, 117536|1148, 108260|1366, 96360|1645, 94624|1778, 79500|2322, 80724|2466, 82336|2550, 81300|2639, 82864|2727, 81872|2801, 80508|2890, 81596|2967, 81416|3047, 79680|3134, 78224|3228, 75620|3376, 75352|3519, 72008|3642, 69748|3746, 70660|3834, 69792|3912, 69164|4001, https://www.mit.edu, 
138308|1, 136616|202, 134636|331, 133608|472, 130432|636, 129672|801, 129948|946, 120168|1075, 117016|1191, 113096|1280, 98464|1561, 91396|1812, 92488|2150, 81940|2469, 80864|2633, 80384|2743, 79392|2819, 80632|2901, 79888|2977, 79268|3066, 79796|3152, 79176|3230, 75264|3338, 76272|3422, 73792|3536, 73684|3690, 72320|3804, 70848|3907, 71980|3990, 71112|4063, https://www.bing.com, 
148020|1, 146436|204, 145404|355, 143424|473, 141416|718, 138492|849, 136216|1004, 132524|1155, 127776|1238, 124744|1338, 112788|1599, 104664|1766, 100960|2084, 89180|2448, 90620|2602, 91772|2691, 91024|2782, 91720|2859, 92184|2943, 91192|3022, 90076|3096, 91840|3182, 90352|3261, 86548|3355, 86508|3477, 84132|3668, 82876|3816, 79860|3920, 78368|4016, https://www.pinduoduo.com, 
153928|1, 155164|181, 152004|263, 149380|344, 149800|481, 147624|619, 144188|716, 146932|843, 137984|972, 131984|1093, 126632|1406, 108072|1735, 106608|2101, 100116|2334, 99192|2429, 97460|2520, 98580|2599, 97712|2670, 99248|2755, 99008|2827, 96904|2905, 98116|2994, 94416|3090, 92680|3181, 91472|3321, 89476|3446, 80052|3570, 81424|3704, 76960|3847, 76712|3982, 77456|4065, https://www.baidu.com, 
152388|1, 150516|164, 146852|258, 147904|362, 145936|528, 142136|672, 143656|851, 134064|987, 129836|1100, 125068|1269, 110560|1541, 104892|1797, 97004|2251, 95784|2436, 94356|2547, 94800|2656, 94304|2745, 93680|2825, 94188|2913, 93196|2988, 91756|3067, 93308|3156, 89092|3246, 86368|3346, 87176|3436, 86184|3540, 84076|3643, 85868|3739, 85000|3813, 79680|3901, 65620|4152, https://www.bing.com, 
147488|1, 148752|161, 146180|249, 144704|349, 143344|444, 141040|558, 140400|685, 141236|783, 137452|896, 125608|1052, 124576|1179, 113936|1425, 103024|1650, 102760|2047, 92372|2310, 92264|2427, 93872|2511, 92268|2626, 93104|2711, 91864|2790, 90872|2864, 93104|2951, 91660|3038, 90296|3132, 86652|3295, 85616|3376, 84748|3476, 84260|3598, 80912|3784, 76820|3907, 76968|3995, 76476|4083, https://www.apple.com, 
146800|1, 147704|212, 143252|340, 140748|530, 140416|728, 139336|880, 137752|1004, 127408|1131, 122144|1277, 104360|1654, 99980|2040, 91880|2447, 89988|2578, 89244|2696, 90184|2792, 89192|2870, 88200|2950, 87556|3027, 89508|3111, 88392|3189, 87236|3298, 84504|3427, 82520|3542, 80460|3708, 74140|3884, 71536|3968, 68832|4064, https://zhuanlan.zhihu.com, 
144396|1, 139564|232, 139576|385, 137840|577, 136016|718, 136344|843, 126888|1001, 123008|1134, 115476|1288, 100164|1589, 99676|1796, 88936|2271, 86580|2432, 88992|2529, 87256|2618, 86264|2693, 84156|2774, 85700|2865, 84956|2939, 84088|3021, 86252|3104, 85200|3182, 82844|3274, 78628|3401, 79384|3515, 77524|3621, 75664|3731, 76908|3833, 76040|3914, 61132|4053, https://www.bing.com, 
140116|1, 139980|192, 136224|318, 136616|513, 133568|698, 130036|842, 143484|1017, 133180|1172, 130560|1283, 118472|1518, 109560|1719, 106312|2054, 97924|2436, 96436|2528, 96604|2635, 96376|2733, 95512|2807, 94644|2890, 95428|2978, 94808|3060, 96712|3152, 92840|3300, 89368|3440, 89988|3563, 87656|3685, 86576|3842, 82892|3972, 80784|4101, https://www.buaa.edu.cn, 
152020|1, 150900|169, 148508|286, 148196|398, 146976|537, 145484|675, 144524|841, 144836|975, 135376|1148, 132100|1242, 126280|1388, 109932|1772, 111016|2052, 104608|2378, 96196|2637, 97728|2739, 96488|2827, 95372|2918, 96812|3000, 95820|3081, 97408|3172, 94372|3263, 92328|3350, 92164|3454, 89652|3579, 87600|3738, 88200|3858, 87332|3956, 88120|4053, http://blogs.360.cn, 
148524|1, 149180|248, 144768|366, 142388|491, 141864|649, 139576|795, 140924|935, 132640|1069, 126544|1192, 123028|1317, 107900|1635, 101700|1870, 102264|2256, 92716|2450, 89132|2623, 91876|2729, 91032|2811, 91976|2901, 91232|2981, 90612|3064, 91056|3159, 89692|3250, 88052|3342, 84552|3492, 82444|3625, 76344|3739, 75124|3829, 73392|3946, 69996|4074, https://www.baidu.com, 
145392|1, 145256|253, 141768|363, 141344|487, 139384|635, 136156|784, 137776|926, 134180|1056, 126156|1203, 120060|1352, 103224|1673, 100704|1915, 92648|2362, 89052|2496, 90048|2586, 88560|2671, 87568|2745, 89308|2825, 88200|2905, 87332|2993, 88948|3080, 87708|3159, 86096|3248, 85392|3349, 82580|3485, 80260|3629, 79416|3744, 76456|3874, 77240|3966, 76372|4043, https://www.mit.edu, 
143136|1, 141412|215, 137240|324, 137768|471, 136912|628, 133052|771, 134988|902, 125844|1054, 122080|1191, 117148|1353, 104776|1604, 97832|1782, 97644|2127, 85760|2463, 85016|2562, 87012|2661, 86144|2751, 85152|2842, 86268|2933, 85400|3006, 84160|3084, 84904|3182, 82796|3265, 80316|3362, 78956|3474, 77344|3598, 75608|3716, 76352|3846, 75608|3921, 74616|3998, 66556|4093, https://www.douyin.com, 
140376|1, 138428|215, 134304|329, 134032|555, 130956|673, 130724|787, 123756|947, 118176|1042, 114208|1131, 105448|1339, 95900|1573, 93228|1917, 86788|2207, 82696|2369, 81084|2476, 79472|2557, 82556|2640, 81440|2736, 82792|2865, 81304|2947, 82048|3033, 78948|3129, 76220|3245, 75556|3391, 74100|3506, 65448|3625, 65944|3808, 61604|3919, 60488|4014, https://www.baidu.com, 
125996|1, 124576|192, 120692|307, 120868|480, 119012|616, 114728|770, 117344|915, 106416|1065, 99992|1189, 87376|1484, 82416|1623, 80080|1913, 72944|2329, 66372|2466, 66444|2562, 67564|2651, 65952|2739, 65332|2830, 67068|2928, 66324|3005, 64464|3090, 64636|3190, 62536|3279, 60460|3410, 57660|3573, 55552|3760, 55056|3851, 38812|4052, https://www.alipay.com, 
136376|1, 136832|238, 132812|347, 130648|459, 130312|621, 126780|757, 126512|931, 118496|1035, 113976|1127, 110308|1279, 93808|1565, 91224|1746, 88292|2148, 81260|2387, 79400|2519, 81576|2608, 80460|2700, 79468|2784, 77732|2887, 79812|2980, 78820|3050, 79004|3180, 74684|3310, 72700|3407, 73572|3524, 71588|3675, 70472|3790, 71960|3884, 69728|3987, 71156|4258, http://blogs.360.cn, 
130964|1, 130572|212, 127592|327, 125880|594, 123320|745, 123464|878, 117028|1029, 111356|1140, 105564|1285, 94532|1581, 85680|1813, 84924|2199, 77600|2471, 76608|2552, 75988|2640, 77372|2727, 75512|2830, 76288|2919, 75420|3002, 73732|3115, 72376|3221, 69648|3337, 69400|3491, 68944|3575, 67456|3689, 67740|3813, 66132|3902, 53416|4032, https://www.netflix.com, 
130588|1, 128420|252, 126724|362, 125812|615, 121776|765, 120956|914, 113460|1071, 108024|1183, 98924|1399, 90092|1601, 88376|1905, 74744|2325, 76060|2471, 75120|2556, 74376|2657, 75980|2743, 74988|2826, 75764|2912, 75020|2985, 74360|3060, 74352|3153, 69508|3268, 67152|3380, 68020|3468, 66656|3580, 64548|3711, 66196|3800, 65204|3875, 50568|3990, 46384|4221, https://www.bing.com, 
128004|1, 127984|257, 124360|360, 121404|480, 123132|675, 117760|876, 117848|1026, 107392|1162, 102804|1282, 93756|1497, 85476|1711, 81756|1917, 77264|2294, 71928|2546, 70936|2640, 69820|2723, 71204|2810, 70336|2885, 68848|2965, 70728|3044, 69364|3133, 67752|3219, 67112|3307, 63308|3416, 63644|3569, 65660|3695, 63100|3819, 62912|3927, 61176|4003, https://www.ctrip.com, 
124120|1, 125468|256, 121552|379, 120500|616, 118696|797, 115412|981, 116172|1146, 107140|1285, 101240|1423, 89648|1684, 81116|1913, 77404|2233, 66788|2643, 67560|2758, 70788|2868, 70048|2963, 69180|3055, 71064|3163, 70072|3251, 68832|3376, 69700|3476, 66380|3588, 64108|3753, 63572|3867, 61968|3986, 62008|4133, https://www.ctrip.com, 
124468|1, 124692|338, 120528|469, 118216|619, 117940|893, 114912|1311, 116040|1523, 113292|1787, 102440|2158, 96692|2518, 81720|3131, 80604|3453, 72548|4040, https://www.netflix.com, 
132536|1, 128928|395, 126852|560, 126972|920, 124140|1277, 125964|1489, 114452|1930, 108304|2338, 93596|2883, 88260|3115, 89924|3471, 78464|3951, 76888|4251, http://blogs.360.cn, 
127368|1, 125696|461, 123452|702, 123408|1243, 121036|1559, 113428|2017, 106892|2279, 95020|2839, 89128|3073, 84912|3538, 75676|4044, http://blogs.360.cn, 
125096|1, 123012|482, 121176|650, 118876|1196, 117864|1530, 117840|1784, 106492|2182, 94988|2756, 82768|3215, 77480|3784, 67808|4279, https://www.baidu.com, 
120188|1, 118336|463, 116184|574, 116096|1064, 114436|1418, 113420|1590, 105516|1982, 99732|2268, 89920|2844, 77144|3304, 73604|4064, https://www.ctrip.com, 
119456|1, 114532|368, 113408|753, 111412|1182, 111176|1409, 102316|1820, 95008|2098, 84892|2635, 74604|3044, 72580|3659, 64124|4223, https://zhuanlan.zhihu.com, 
116096|1, 111576|476, 110660|621, 109356|1161, 107440|1459, 107500|1721, 97064|2072, 91148|2408, 75892|3006, 72856|3266, 70036|3737, 61296|4282, https://www.apple.com, 
111944|1, 111628|538, 107972|653, 107416|898, 106304|1371, 103672|1644, 104944|1814, 95044|2255, 83784|2900, 69544|3345, 63344|3932, 56520|4556, https://www.buaa.edu.cn, 
124912|1, 120680|255, 117916|671, 116756|1077, 115672|1235, 111072|1587, 103264|1851, 95224|2345, 82580|2783, 81064|3111, 68152|3834, 69168|4088, https://www.baidu.com, 
119188|1, 117264|490, 115172|607, 114940|1072, 113548|1392, 113564|1667, 107060|2027, 94412|2433, 81432|3168, 76868|3596, 68300|4147, https://www.douyin.com, 
115952|1, 116092|539, 112400|669, 112944|894, 110152|1381, 110184|1695, 106992|1981, 95840|2338, 84776|2890, 75388|3199, 71868|3655, 67608|4125, https://www.buaa.edu.cn, 
112440|1, 110128|527, 108480|642, 107668|1119, 106560|1468, 105996|1656, 97480|2010, 89432|2347, 83820|2751, 71916|3170, 71004|3422, 68396|3866, 57980|4472, https://www.baidu.com, 
110872|1, 107156|387, 104296|568, 104448|1069, 102740|1372, 101420|1685, 89996|2010, 85664|2271, 75272|2709, 72732|2995, 68660|3417, 56312|4136, https://www.baidu.com, 
106860|1, 103060|443, 102344|658, 100488|1072, 98676|1441, 98640|1641, 89476|2109, 83580|2403, 72044|2934, 64620|3313, 55444|4110, https://www.netflix.com, 
115176|1, 111368|493, 108652|714, 112148|1209, 109736|1471, 109948|1671, 100408|2065, 95076|2331, 83232|2930, 74280|3218, 62920|4200, https://zhuanlan.zhihu.com, 
112608|1, 113204|592, 108872|733, 108568|1237, 105988|1682, 106628|1942, 97404|2371, 85916|2874, 76020|3322, 70500|3718, 63060|4501, https://www.bing.com, 
110836|1, 108672|499, 104704|674, 101928|835, 99104|1354, 97492|1587, 97044|1808, 93364|2262, 85064|2575, 73044|3140, 66492|3418, 62444|4002, https://www.douyin.com, 
107244|1, 104112|635, 103232|803, 101656|1029, 99384|1535, 99244|1797, 98348|1935, 88812|2360, 84948|2683, 70004|3205, 61076|3581, 53080|4315, https://zhuanlan.zhihu.com, 
101856|1, 99836|315, 98356|430, 97344|775, 95200|1147, 95488|1392, 86636|1792, 80312|2091, 66496|2746, 59312|3020, 54848|3673, 47504|4134, https://zhuanlan.zhihu.com, 
98856|1, 99240|367, 94688|548, 94876|982, 91968|1290, 92400|1460, 83328|1875, 77272|2173, 63712|2855, 56892|3113, 54412|3597, 44488|4212, https://www.buaa.edu.cn, 
105152|1, 95560|712, 92104|846, 90784|1035, 101224|1580, 99868|1933, 99464|2164, 90604|2589, 84032|2855, 73044|3424, 64868|3688, 63136|3995, 56096|4516, https://www.netflix.com, 
103112|1, 131336|643, 128740|1144, 128444|1501, 126920|1750, 123988|2055, 115256|2510, 104316|2939, 94156|3399, 93120|3811, 81396|4505, https://www.netflix.com, 
132936|1, 129680|427, 127624|584, 127572|1015, 126660|1312, 125792|1572, 122204|1846, 112456|2162, 110472|2386, 94860|2957, 89040|3204, 87688|3656, 75932|4323, https://zhuanlan.zhihu.com, 
130020|1, 125900|413, 122920|570, 124324|1079, 121956|1440, 122688|1611, 111620|2059, 103836|2457, 91016|3071, 84940|3310, 82252|3812, 75320|4327, https://www.netflix.com, 
