13816024|1, 13816024|1637, 13817141|2204, 13817201|2398, 13817201|2542, 13817261|2638, 13817261|3251, 13817321|3391, 13818811|3541, 13820917|3756, 13821163|4016, https://www.jd.com, 
13860646|1, 13860766|557, 13860766|1471, 13864517|2031, 13864577|2251, 13864577|2336, 13864637|2432, 13864637|3043, 13864697|3138, 13864697|3307, 13864757|3450, 13866113|3614, 13866763|3731, 13866763|4066, https://www.douyin.com, 
13873407|1, 13873465|452, 13873465|761, 13873523|931, 13873523|1565, 13874079|1882, 13874912|2221, 13875492|2328, 13875656|2424, 13875656|2827, 13875964|2938, 13875964|3046, 13876096|3144, 13876096|3321, 13878298|3466, 13879105|3603, 13882247|3701, 13883147|3790, 13883199|3881, 13886728|4056, http://www.ox.ac.uk, 
13924159|1, 13924218|552, 13924218|1260, 13924277|1533, 13924655|1864, 13924715|2218, 13924715|2353, 13924775|2437, 13924775|3065, 13924835|3194, 13924895|3453, 13925271|3582, 13925271|4070, https://www.shodan.io, 
13926605|1, 13926666|444, 13926666|866, 13926727|989, 13926727|1484, 13927109|1833, 13927169|2137, 13927169|2249, 13927229|2333, 13927229|3001, 13927289|3137, 13927289|3253, 13927477|3402, 13927477|4026, https://www.netflix.com, 
13928147|1, 13928271|390, 13928271|1560, 13930597|1877, 13932299|2181, 13932403|2290, 13932567|2382, 13932567|3108, 13932627|3245, 13932687|3380, 13932809|4057, https://www.linkedin.com, 
13975915|1, 13975915|1412, 13976035|1640, 13976375|2000, 13976435|2295, 13976435|2405, 13976495|2485, 13976495|3184, 13976555|3309, 13976615|3459, 13976857|3601, 13977307|3715, 13977928|3812, 13977988|3905, 13978168|4013, http://www.ox.ac.uk, 
14044120|1, 14044246|316, 14044246|1316, 14044366|1516, 14047335|1904, 14048266|2298, 14048326|2412, 14048326|3086, 14048386|3178, 14048386|3282, 14048446|3423, 14048446|3708, 14053551|3854, 14059292|3960, 14060383|4065, https://www.pinduoduo.com, 
14067372|1, 14067496|328, 14067496|1611, 14070251|1946, 14071472|2252, 14072869|2382, 14073653|2465, 14073653|2888, 14073780|3039, 14073780|3147, 14073840|3248, 14073840|3397, 14074496|3539, 14074496|4006, https://world.taobao.com, 
14104262|1, 14104262|1646, 14104722|1920, 14104782|2220, 14104782|2387, 14104842|2525, 14104842|3138, 14104902|3253, 14104902|3373, 14104962|3511, 14105769|3654, 14106093|3758, 14106145|3860, 14106145|4030, http://www.ox.ac.uk, 
14128556|1, 14128615|340, 14128674|480, 14128674|1399, 14129988|1671, 14131342|2012, 14133243|2278, 14133996|2441, 14134056|2543, 14134056|3184, 14134116|3303, 14134116|3439, 14134314|3559, 14135408|3723, 14135448|3818, 14135448|4075, https://www.ctrip.com, 
14177430|1, 14177430|287, 14177486|414, 14177486|1001, 14177526|1137, 14177526|1621, 14178679|1854, 14181368|2292, 14181428|2453, 14181428|2534, 14181488|2620, 14181488|3259, 14181548|3432, 14181608|3583, 14182600|3674, 14184412|3817, 14186230|3946, 14187722|4054, https://www.jd.com, 
14226038|1, 14226038|301, 14226158|462, 14226158|1622, 14226538|2060, 14226716|2350, 14226776|2436, 14227533|2531, 14228471|2621, 14228471|3306, 14228531|3397, 14228531|3527, 14228711|3650, 14230141|3770, 14230421|3903, 14231981|4033, https://www.alipay.com, 
14237816|1, 14237816|1456, 14239500|1702, 14241351|2012, 14242558|2268, 14242598|2390, 14242658|2551, 14242658|3163, 14242718|3268, 14242718|3409, 14242916|3535, 14242916|4009, https://www.ctrip.com, 
14281467|1, 14281467|216, 14281526|323, 14281526|1474, 14281963|1866, 14282023|2193, 14282023|2284, 14282083|2364, 14282083|3011, 14282143|3142, 14282143|3336, 14282203|3423, 14282203|3624, 14282685|3787, 14282925|3927, 14282925|4083, https://www.yahoo.com, 
14302521|1, 14302521|1569, 14304619|1888, 14307906|2298, 14308765|2428, 14308765|3155, 14308825|3300, 14308825|3394, 14308885|3487, 14308885|3755, 14309481|3885, 14309481|4054, https://world.taobao.com, 
14333942|1, 14333942|1755, 14334324|2125, 14334324|2365, 14334384|2484, 14334384|2573, 14334444|2657, 14334444|3262, 14334504|3444, 14334504|3599, 14334564|3677, 14334564|4104, https://www.netflix.com, 
14335272|1, 14335272|1571, 14335532|2012, 14335532|2279, 14335592|2379, 14335592|2541, 14335652|2628, 14335652|3183, 14335712|3328, 14335712|3452, 14335772|3583, 14335772|4131, https://www.mit.edu, 
14347242|1, 14347242|1724, 14347372|2024, 14347680|2415, 14347680|2520, 14347740|2606, 14347740|3351, 14347800|3477, 14347860|3655, 14348614|3792, 14348614|4052, https://www.shodan.io, 
14349312|1, 14349312|1519, 14351276|1872, 14353063|2184, 14353123|2350, 14353123|2431, 14353183|2513, 14353183|3108, 14353243|3219, 14353243|3357, 14353303|3471, 14353303|3850, 14354139|3945, 14355309|4050, https://www.douyin.com, 
14361828|1, 14361828|1586, 14363512|1855, 14364543|2180, 14365518|2305, 14366224|2409, 14367900|2528, 14367900|3152, 14367960|3240, 14367960|3373, 14368020|3518, 14368616|3679, 14368616|4018, https://world.taobao.com, 
14393335|1, 14393397|260, 14393459|411, 14393459|1481, 14396406|1836, 14397695|2224, 14397695|2361, 14397755|2443, 14397755|3089, 14397815|3177, 14397815|3313, 14397875|3410, 14397875|4028, https://www.linkedin.com, 
14439267|1, 14439267|1719, 14439397|1953, 14439645|2406, 14439705|2521, 14439705|2616, 14439765|2718, 14439765|3396, 14440185|3501, 14440185|3614, 14440245|3698, 14440611|4115, https://www.yahoo.com, 
14458443|1, 14458443|375, 14458565|569, 14458565|1724, 14462239|2183, 14462239|2390, 14462499|2500, 14462499|2593, 14462559|2691, 14462559|3321, 14462619|3440, 14462619|3586, 14462679|3708, 14463978|3855, 14465249|3967, 14465249|4060, https://www.jianshu.com, 
14483308|1, 14483308|245, 14483366|358, 14483424|537, 14483424|1562, 14484769|1966, 14486984|2316, 14487166|2426, 14487454|2519, 14488726|2626, 14488726|3312, 14488786|3455, 14488846|3616, 14488846|4004, https://www.bing.com, 
14491445|1, 14491445|229, 14491565|355, 14491565|1679, 14491825|2201, 14491885|2405, 14491885|2488, 14491945|2582, 14491945|3169, 14492005|3263, 14492005|3381, 14492065|3520, 14492065|4050, https://www.pku.edu.cn, 
14496379|1, 14496379|1660, 14498513|1968, 14500223|2342, 14500443|2469, 14500483|2609, 14500543|2724, 14500543|3352, 14500603|3492, 14500603|3612, 14500663|3703, 14501676|3809, 14501962|3956, 14503233|4074, https://www.jianshu.com, 
14523524|1, 14523524|1329, 14523654|1617, 14524739|2238, 14525695|2376, 14525837|2500, 14525837|3120, 14525897|3235, 14525897|3355, 14525957|3466, 14525957|3611, 14526137|3702, 14527507|3809, 14527707|3948, 14527707|4035, https://www.alipay.com, 
14535034|1, 14535034|1683, 14538668|2140, 14538928|2427, 14538988|2520, 14538988|3220, 14539048|3356, 14539048|3509, 14539108|3598, 14540121|3726, 14540407|3821, 14541678|3938, 14541678|4038, https://www.jianshu.com, 
14561107|1, 14561107|187, 14561165|286, 14561223|421, 14561223|1447, 14561553|1700, 14563346|2163, 14563406|2346, 14563406|2424, 14563466|2505, 14563466|3080, 14563526|3214, 14563526|3317, 14564803|3455, 14573665|3628, 14575332|3736, 14579680|3849, 14579888|3940, 14579888|4027, http://blogs.360.cn, 
14599975|1, 14599975|314, 14600034|453, 14600093|635, 14600093|1489, 14600223|1840, 14600471|2236, 14600531|2390, 14600531|2569, 14600591|2692, 14600591|3222, 14600651|3353, 14600651|3574, 14600711|3713, 14601087|3830, 14601345|4024, https://www.shodan.io, 
14602284|1, 14602284|323, 14602341|506, 14602341|1222, 14602398|1532, 14602528|1845, 14602772|2326, 14602832|2493, 14602892|2588, 14602892|3305, 14602952|3453, 14603012|3594, 14603012|4057, https://www.mit.edu, 
14616603|1, 14616603|1540, 14617898|1919, 14618694|2295, 14618694|2405, 14618754|2499, 14618754|3167, 14618814|3256, 14620503|3424, 14620503|3622, 14627356|3766, 14629353|3867, 14630449|3965, 14630589|4080, http://blogs.360.cn, 
14651720|1, 14651720|270, 14651782|357, 14651782|1602, 14653466|1798, 14655490|2241, 14656296|2470, 14657857|2585, 14657857|2941, 14657984|3025, 14657984|3208, 14658044|3311, 14658044|3464, 14658104|3596, 14658104|3688, 14658700|3808, 14658700|4074, https://world.taobao.com, 
14684439|1, 14684439|1655, 14684699|2060, 14684759|2400, 14684759|2573, 14684819|2665, 14684819|3282, 14684879|3422, 14684879|3550, 14684939|3687, 14684939|4068, https://www.mit.edu, 
14697466|1, 14697466|309, 14697584|433, 14697584|1491, 14699138|1713, 14700058|2028, 14701915|2367, 14702628|2500, 14702628|3153, 14702688|3264, 14702688|3409, 14702748|3560, 14702886|3681, 14702886|4083, https://www.ctrip.com, 
14743711|1, 14743711|365, 14743831|532, 14743831|1019, 14743871|1150, 14743871|1740, 14746992|2068, 14747932|2409, 14747932|2518, 14747992|2615, 14747992|3290, 14748052|3441, 14749082|3613, 14750118|3723, 14750118|4005, https://www.douyin.com, 
14756735|1, 14756735|1762, 14756995|2251, 14756995|2425, 14757055|2502, 14757055|2658, 14757115|2741, 14757115|3372, 14757175|3544, 14757175|3643, 14757235|3737, 14757235|4015, https://www.pku.edu.cn, 
14761418|1, 14761418|1305, 14761658|1503, 14763944|1861, 14766049|2250, 14766802|2350, 14766802|2434, 14766862|2521, 14766862|2908, 14766902|3025, 14766902|3116, 14766962|3251, 14766962|3373, 14767022|3483, 14767160|3589, 14767160|4078, https://www.ctrip.com, 
14805529|1, 14805529|1000, 14805569|1121, 14805569|1582, 14805689|1705, 14807825|1975, 14810583|2377, 14810683|2522, 14810683|2599, 14810743|2681, 14810743|3327, 14810803|3466, 14810803|3572, 14811001|3708, 14811001|4051, https://www.ctrip.com, 
14850851|1, 14850851|1105, 14850891|1423, 14852985|1787, 14854815|2247, 14855115|2387, 14855115|2470, 14855175|2560, 14855175|3235, 14855235|3387, 14855295|3497, 14855295|3625, 14856594|3794, 14857865|3926, 14857865|4026, https://www.jianshu.com, 
14875952|1, 14876032|240, 14876032|1646, 14877836|1869, 14880394|2297, 14880662|2530, 14880662|2607, 14880722|2691, 14880722|3007, 14880762|3101, 14880762|3397, 14880822|3487, 14880822|3649, 14880882|3761, 14880882|4045, https://www.linkedin.com, 
14923946|1, 14923946|283, 14924064|396, 14924064|1564, 14925868|1747, 14928234|2185, 14928294|2375, 14928294|2485, 14928354|2572, 14928394|2660, 14928394|3188, 14928454|3322, 14928454|3450, 14935528|3614, 14938262|3759, 14938418|3842, 14942600|4021, https://www.apple.com, 
14959295|1, 14959295|307, 14959356|394, 14959417|586, 14959417|1599, 14959547|1883, 14959799|2245, 14959859|2368, 14959859|2454, 14959919|2554, 14959919|3207, 14959979|3379, 14959979|3474, 14960039|3557, 14960039|4021, https://www.netflix.com, 
14960753|1, 14960753|1561, 14962889|1858, 14964989|2237, 14964989|2425, 14965049|2514, 14965049|3096, 14965109|3224, 14965169|3433, 14965291|4177, https://www.linkedin.com, 
15004623|1, 15004623|1072, 15004983|1319, 15004983|1523, 15007179|1855, 15008677|2264, 15008889|2386, 15008949|2472, 15008949|3134, 15009009|3232, 15009772|3444, 15009772|3596, 15011071|3722, 15012342|3879, 15012342|4069, https://www.jianshu.com, 
15032227|1, 15032227|307, 15032289|453, 15032411|664, 15032411|1704, 15033903|1912, 15036263|2407, 15036263|2505, 15036471|2599, 15036531|2687, 15036531|3260, 15036591|3423, 15036591|3558, 15036651|3689, 15036651|4052, https://www.linkedin.com, 
15073653|1, 15073653|316, 15073765|489, 15073765|1684, 15077727|2148, 15077787|2361, 15077787|2539, 15077847|2646, 15077847|3323, 15078177|3474, 15079099|3589, 15079950|3717, 15083184|3849, 15084676|4073, https://www.jd.com, 
15125933|1, 15125933|205, 15125991|310, 15125991|1540, 15126321|1770, 15128126|2241, 15128186|2355, 15128186|2437, 15128246|2562, 15128246|3164, 15128306|3281, 15129323|3403, 15129995|3523, 15129995|3621, 15133699|3736, 15136296|3835, 15136616|3940, 15140119|4053, http://blogs.360.cn, 
15158802|1, 15158802|1617, 15161104|1881, 15163268|2327, 15163432|2433, 15163432|2589, 15163492|2673, 15163492|3298, 15163552|3437, 15163552|3567, 15163612|3688, 15163612|4081, https://www.linkedin.com, 
15202840|1, 15202840|1540, 15202900|1675, 15206360|2178, 15206420|2368, 15206480|2487, 15206480|3169, 15206540|3266, 15206540|3426, 15206870|3572, 15208252|3677, 15210326|3828, 15211492|3926, 15212984|4026, https://www.jd.com, 
15249267|1, 15249267|323, 15249395|531, 15249395|1546, 15250829|1811, 15253121|2237, 15253581|2479, 15253581|2558, 15253641|2661, 15253641|3350, 15253701|3507, 15255399|3680, 15256692|3804, 15258086|3909, 15258814|4023, https://zhuanlan.zhihu.com, 
15270547|1, 15270547|307, 15270610|387, 15270673|574, 15270673|1571, 15271987|1731, 15272580|2011, 15274341|2348, 15274401|2505, 15274401|2580, 15274461|2672, 15274461|3334, 15274521|3477, 15274521|3578, 15274581|3702, 15275247|3848, 15280990|3972, 15286478|4083, https://www.pinduoduo.com, 
15293683|1, 15293683|1620, 15296089|1907, 15298253|2267, 15298313|2382, 15298313|2465, 15298373|2542, 15298373|3127, 15298433|3317, 15298433|3422, 15298493|3524, 15298615|4159, https://www.linkedin.com, 
15337823|1, 15337823|363, 15337947|545, 15337947|1637, 15339631|1879, 15341883|2284, 15343893|2462, 15344219|2588, 15344219|3315, 15344279|3462, 15344339|3595, 15344339|3693, 15344935|3834, 15344935|4019, https://world.taobao.com, 
15372372|1, 15372372|300, 15372492|462, 15372492|1421, 15372622|1802, 15372752|2152, 15372812|2367, 15372812|2447, 15372872|2526, 15372872|3202, 15372932|3373, 15372992|3518, 15372992|4080, https://www.pku.edu.cn, 
15377225|1, 15377225|1535, 15378779|1726, 15380366|2259, 15382087|2450, 15382744|2549, 15383477|2645, 15383648|2739, 15383648|2822, 15383723|2902, 15383723|3389, 15383783|3519, 15384087|3651, 15384439|3768, 15384439|4013, https://world.taobao.com, 
15410476|1, 15410476|289, 15410588|411, 15410588|1444, 15411365|1688, 15412966|2032, 15414490|2319, 15414490|2449, 15414550|2552, 15414550|3235, 15414610|3334, 15414610|3492, 15414882|3636, 15416052|3773, 15417880|3880, 15419212|3974, 15420704|4063, https://www.jd.com, 
15456022|1, 15456022|1495, 15456222|1701, 15456512|1947, 15458157|2363, 15458217|2449, 15458217|2528, 15458277|2613, 15458277|3320, 15458337|3475, 15458981|3600, 15460002|3711, 15460002|3886, 15465277|3991, 15466915|4081, http://blogs.360.cn, 
15487679|1, 15487679|322, 15487797|525, 15487797|1618, 15490145|1850, 15492311|2321, 15492311|2526, 15492371|2614, 15492371|3189, 15492431|3304, 15493216|3433, 15496912|3600, 15499148|3752, 15499148|3848, 15499338|3938, 15499935|4023, https://www.apple.com, 
15514926|1, 15514926|224, 15514989|345, 15514989|1277, 15516303|1660, 15517481|2111, 15519009|2364, 15519009|2494, 15519069|2574, 15519069|3148, 15519129|3286, 15519129|3429, 15519189|3553, 15523457|3722, 15525970|3822, 15531286|3952, 15534118|4040, https://www.pinduoduo.com, 
15538337|1, 15538337|1552, 15539891|1801, 15541442|2098, 15542577|2425, 15542577|2604, 15542637|2684, 15542637|3272, 15542697|3412, 15542697|3546, 15545798|3761, 15549287|3885, 15549287|4090, https://zhuanlan.zhihu.com, 
15561025|1, 15561025|200, 15561147|361, 15561147|1655, 15561529|1979, 15561589|2351, 15561589|2462, 15561649|2551, 15561649|3222, 15561709|3322, 15561709|3474, 15561769|3610, 15561985|4011, https://www.buaa.edu.cn, 
15569911|1, 15569911|304, 15569972|444, 15569972|1722, 15571816|2059, 15573666|2486, 15573666|2593, 15573938|2695, 15573938|3351, 15573998|3511, 15573998|3618, 15575071|3751, 15575357|3881, 15576628|3997, 15576628|4085, https://www.jianshu.com, 
15596053|1, 15596053|1623, 15597168|1922, 15599861|2340, 15599921|2496, 15599921|2586, 15599981|2682, 15599981|3273, 15600041|3491, 15600041|3601, 15601483|3717, 15603145|3832, 15604603|3939, 15604603|4029, https://www.jd.com, 
15643893|1, 15643893|274, 15643955|371, 15643955|1561, 15645639|1830, 15647785|2253, 15649248|2469, 15650167|2568, 15650227|2648, 15650227|3250, 15650287|3466, 15650287|3593, 15650943|3721, 15650943|4058, https://world.taobao.com, 
15674583|1, 15674583|1631, 15676595|1915, 15678663|2319, 15678819|2470, 15678879|2549, 15678879|3198, 15678939|3303, 15678939|3423, 15678999|3579, 15678999|4013, https://www.linkedin.com, 
15722295|1, 15722295|343, 15722355|447, 15722415|603, 15722415|1670, 15722795|2110, 15723750|2465, 15724728|2569, 15724728|3186, 15725058|3289, 15725058|3471, 15725118|3585, 15725118|3720, 15726668|3853, 15726868|3992, 15726868|4068, https://www.alipay.com, 
15734095|1, 15734095|1678, 15734355|2112, 15734355|2343, 15734415|2430, 15734415|2593, 15734475|2703, 15734475|3332, 15734535|3425, 15734535|3527, 15734595|3668, 15734675|4100, https://www.pku.edu.cn, 
15738954|1, 15738954|300, 15739066|439, 15739066|1751, 15741072|2152, 15742742|2400, 15742802|2485, 15742802|2653, 15742862|2741, 15742862|3371, 15742922|3482, 15743497|3614, 15744815|3742, 15747827|3888, 15747867|3977, 15749359|4088, https://www.jd.com, 
15783211|1, 15783211|1350, 15784895|1610, 15787171|2065, 15787231|2276, 15787291|2387, 15787291|3130, 15787351|3278, 15787411|3377, 15787411|3518, 15787737|3631, 15793116|3754, 15798628|3848, 15800604|3942, 15802340|4034, https://www.pinduoduo.com, 
15806539|1, 15806539|372, 15806659|601, 15806659|1805, 15810290|2216, 15810430|2452, 15810430|2622, 15810490|2707, 15810490|3290, 15810550|3434, 15810550|3557, 15811842|3694, 15812616|3800, 15812756|4105, https://www.douyin.com, 
15819234|1, 15819234|1648, 15821038|1861, 15822331|2184, 15823483|2389, 15823483|2561, 15823543|2646, 15823543|3332, 15824621|3515, 15829022|3678, 15830686|3800, 15830876|3890, 15831473|4000, 15832076|4081, https://www.apple.com, 
15844544|1, 15844544|315, 15844660|442, 15844660|1773, 15845925|2133, 15848180|2421, 15848382|2524, 15848730|2613, 15849878|2711, 15849938|2793, 15849938|3505, 15849998|3633, 15849998|3730, 15850058|3889, 15851180|4155, https://www.bing.com, 
15852667|1, 15852667|181, 15852725|319, 15852725|1216, 15852783|1419, 15852783|1683, 15853419|2036, 15854224|2329, 15854224|2499, 15854964|2598, 15854964|2923, 15855172|3007, 15855172|3180, 15855232|3355, 15855232|3461, 15855420|3597, 15856227|3729, 15856383|3817, 15856499|3907, 15857242|4021, http://www.ox.ac.uk, 
15878463|1, 15878463|298, 15878522|464, 15878522|1569, 15880326|1817, 15880664|2209, 15880664|2448, 15880724|2541, 15880784|2620, 15880784|3351, 15880844|3465, 15887498|3629, 15898030|3756, 15902606|3895, 15902796|4069, https://www.apple.com, 
15912685|1, 15912685|287, 15912807|506, 15912807|1564, 15914201|1753, 15916441|2217, 15916501|2396, 15916501|2475, 15916773|2585, 15916773|2985, 15916890|3100, 15916890|3278, 15916950|3392, 15916950|3545, 15917010|3657, 15918023|3803, 15919580|3946, 15919580|4088, https://www.jianshu.com, 
15938849|1, 15938849|348, 15938975|608, 15938975|1703, 15941012|2090, 15942643|2329, 15942703|2467, 15942703|2556, 15942763|2639, 15942763|3341, 15942823|3441, 15942823|3552, 15943329|3706, 15948920|3816, 15954740|3935, 15957372|4030, https://www.pinduoduo.com, 
15961803|1, 15961803|277, 15961931|441, 15961931|1590, 15963775|1949, 15965737|2295, 15966101|2403, 15966161|2489, 15966161|2654, 15966221|2735, 15966221|3415, 15967180|3569, 15969072|3706, 15970552|3806, 15971280|3908, 15971280|4029, https://zhuanlan.zhihu.com, 
15984595|1, 15984595|1601, 15984975|2032, 15985153|2364, 15985930|2456, 15986826|2555, 15986908|2661, 15986908|3244, 15986968|3377, 15986968|3486, 15987028|3618, 15988578|3773, 15988858|3915, 15990992|4113, https://www.alipay.com, 
15996150|1, 15996150|1522, 15996270|1744, 15999027|2214, 15999878|2455, 15999878|2546, 15999938|2627, 15999938|3386, 15999998|3526, 16000058|3638, 16006153|3796, 16011075|3894, 16014147|4002, https://www.pinduoduo.com, 
16018844|1, 16018844|1664, 16019104|2040, 16019104|2239, 16019164|2322, 16019164|2497, 16019224|2587, 16019224|3220, 16019406|3357, 16019406|3505, 16019466|3606, 16019466|3871, 16021956|3994, 16021956|4105, https://www.buaa.edu.cn, 
16027659|1, 16027659|277, 16027717|414, 16027717|1619, 16028744|1844, 16030999|2307, 16031468|2468, 16032820|2570, 16032880|2661, 16032880|3351, 16032940|3472, 16033000|3608, 16034081|4054, https://www.bing.com, 
16035568|1, 16035568|277, 16035686|413, 16035686|1651, 16041116|2186, 16045208|2382, 16045208|2461, 16045268|2544, 16045268|3310, 16045328|3433, 16045388|3533, 16048318|3684, 16056379|3839, 16058524|3949, 16058524|4043, https://www.baidu.com, 
16097163|1, 16097163|531, 16097269|711, 16097269|1631, 16098823|1794, 16099781|2098, 16101309|2387, 16101369|2554, 16101369|2642, 16101429|2725, 16101429|3314, 16101489|3446, 16101489|3561, 16101549|3654, 16101549|3867, 16106774|3995, 16112806|4141, https://www.pinduoduo.com, 
16120587|1, 16120587|347, 16120705|572, 16120705|1600, 16121083|1951, 16121143|2252, 16121143|2427, 16121203|2511, 16121203|3112, 16121263|3245, 16121263|3413, 16121323|3541, 16121323|3624, 16121699|3712, 16121699|3807, 16121957|3912, 16122077|4024, https://www.shodan.io, 
16123151|1, 16123151|270, 16123212|412, 16123212|1703, 16126936|2093, 16127436|2439, 16127436|2614, 16127496|2693, 16127496|3313, 16127556|3447, 16127556|3590, 16127616|3713, 16128629|3837, 16130186|3969, 16130186|4066, https://www.jianshu.com, 
16151642|1, 16151642|1448, 16153872|1748, 16156054|2153, 16156054|2311, 16156114|2397, 16156114|3053, 16156174|3152, 16156174|3339, 16157463|3482, 16160405|3616, 16161009|3712, 16161009|4127, https://zhuanlan.zhihu.com, 
16174854|1, 16174854|249, 16174974|416, 16174974|1653, 16175234|2015, 16175294|2303, 16175294|2539, 16175354|2618, 16175354|3262, 16175414|3441, 16175474|3599, 16175474|4073, https://www.pku.edu.cn, 
16179721|1, 16179721|209, 16179778|346, 16179778|1445, 16179965|1759, 16180209|2211, 16180269|2420, 16180269|2576, 16180329|2661, 16180329|3364, 16180389|3478, 16181270|3606, 16182075|3729, 16182440|3817, 16182440|4096, https://www.mit.edu, 
16194882|1, 16194882|1516, 16195012|1758, 16195142|2240, 16195202|2362, 16195202|2436, 16195262|2580, 16195262|3147, 16195322|3302, 16195322|3440, 16195504|3581, 16197914|4045, https://www.buaa.edu.cn, 
16203665|1, 16203665|1717, 16204732|1968, 16207169|2398, 16207457|2518, 16207457|2603, 16208637|2715, 16208637|3286, 16208697|3398, 16208697|3509, 16208757|3631, 16209879|4098, https://www.bing.com, 
16211317|1, 16211317|1578, 16213161|1902, 16215068|2279, 16215128|2454, 16215128|2530, 16215188|2678, 16215188|3274, 16215248|3393, 16215426|3539, 16217314|3665, 16217314|4023, https://www.douyin.com, 
16223862|1, 16223862|1470, 16226036|1759, 16228246|2183, 16228246|2381, 16228306|2478, 16228306|3064, 16228366|3230, 16228366|3356, 16229439|3488, 16230996|3661, 16230996|4067, https://www.jianshu.com, 
16250223|1, 16250223|669, 16250926|878, 16250926|1667, 16251246|2170, 16251306|2368, 16251306|2529, 16251366|2613, 16251366|3332, 16251426|3465, 16251426|3578, 16251551|3686, 16251676|3794, 16251676|4021, https://www.pku.edu.cn, 
16255949|1, 16255949|932, 16256335|1079, 16256335|1590, 16256465|1840, 16256713|2311, 16256773|2461, 16256773|2663, 16256833|2777, 16256833|3036, 16256893|3119, 16256893|3301, 16256953|3448, 16257459|3570, 16257767|3682, 16257767|4069, https://www.shodan.io, 
16258475|1, 16258475|1500, 16258605|1808, 16258735|2217, 16258795|2413, 16258795|2570, 16258855|2725, 16258855|3238, 16258915|3373, 16259037|3557, 16259097|3666, 16259097|3803, 16261547|3941, 16261587|4038, https://www.buaa.edu.cn, 
16267331|1, 16267331|1369, 16267451|1744, 16267791|2037, 16267851|2352, 16267851|2492, 16267911|2573, 16267911|3207, 16267971|3311, 16267971|3439, 16268031|3555, 16268031|3703, 16268838|3827, 16269046|3913, 16269162|4004, http://www.ox.ac.uk, 
16294413|1, 16294413|1622, 16294543|1886, 16294733|2324, 16294733|2421, 16294793|2533, 16294793|3173, 16294853|3284, 16294853|3413, 16294913|3498, 16294913|4076, https://www.mit.edu, 
16307140|1, 16307140|1644, 16307270|1858, 16307578|2288, 16307578|2465, 16307638|2548, 16307638|3180, 16307698|3298, 16307698|3445, 16308392|3586, 16308512|3682, 16308512|4065, https://www.shodan.io, 
16309228|1, 16309228|1732, 16309488|2121, 16309488|2361, 16309548|2469, 16309548|2554, 16309608|2639, 16309608|3266, 16309668|3389, 16309668|3525, 16309728|3618, 16309728|4090, https://www.mit.edu, 
16325858|1, 16325858|344, 16325984|469, 16325984|1477, 16326104|1705, 16329572|2190, 16329712|2394, 16329772|2550, 16329772|3185, 16329832|3285, 16329832|3405, 16329892|3593, 16329892|3703, 16330518|3814, 16336713|3962, 16341909|4076, https://www.pinduoduo.com, 
16349045|1, 16349045|1618, 16349175|1915, 16349423|2226, 16349423|2370, 16349483|2492, 16349483|2570, 16349543|2662, 16349543|3345, 16349603|3444, 16349603|3535, 16349663|3654, 16350417|3745, 16350417|4004, https://www.shodan.io, 
16351119|1, 16351119|381, 16351177|554, 16351177|1692, 16351695|2110, 16351991|2415, 16351991|2506, 16352051|2592, 16352155|2677, 16352155|3284, 16352215|3402, 16352215|3504, 16352275|3629, 16353210|3754, 16353366|3842, 16353482|3931, 16353534|4016, http://www.ox.ac.uk, 
16374836|1, 16374836|725, 16374944|917, 16374944|1491, 16376628|1756, 16378828|2225, 16379088|2342, 16379148|2455, 16379148|3159, 16379208|3315, 16379268|3461, 16379268|3547, 16381798|3694, 16381838|3837, 16381838|4008, https://www.jianshu.com, 
16401091|1, 16401091|229, 16401203|327, 16401203|1521, 16402508|1955, 16405097|2237, 16405097|2334, 16405157|2427, 16405157|2500, 16405217|2577, 16405217|3219, 16405277|3360, 16405277|3480, 16405337|3574, 16406459|3683, 16408381|3818, 16410196|3950, 16411512|4070, https://www.jd.com, 
16452814|1, 16452814|329, 16452932|523, 16452932|1666, 16453062|1955, 16453310|2313, 16453370|2480, 16453370|2560, 16453430|2648, 16453430|3294, 16453490|3401, 16453490|3611, 16453550|3699, 16453662|4033, https://www.yahoo.com, 
16466351|1, 16466351|1666, 16466481|1901, 16466611|2364, 16466671|2489, 16466671|2564, 16466731|2645, 16466731|3354, 16466791|3479, 16466791|3596, 16466851|3731, 16466851|4093, https://www.pku.edu.cn, 
16471044|1, 16471044|184, 16471104|297, 16471166|433, 16471228|667, 16471228|1775, 16473558|2106, 16475722|2447, 16475722|2552, 16475782|2638, 16475782|2787, 16475842|2874, 16475842|3461, 16475902|3627, 16475902|3739, 16475962|3824, 16475962|4001, https://www.linkedin.com, 
16519238|1, 16519238|277, 16519297|412, 16519356|592, 16519356|1759, 16519486|2042, 16519734|2411, 16519794|2506, 16519794|2635, 16519854|2727, 16519854|3337, 16519914|3495, 16520184|3602, 16520244|3716, 16520620|3814, 16520620|4099, https://www.shodan.io, 
16521712|1, 16521712|1906, 16522090|2331, 16522090|2480, 16522150|2599, 16522150|2682, 16522210|2770, 16522210|3421, 16522270|3574, 16522270|3678, 16522330|3792, 16523084|3901, 16523084|4087, https://www.shodan.io, 
16523796|1, 16523796|1719, 16524046|1926, 16524256|2353, 16524316|2503, 16524316|2665, 16524376|2757, 16524376|3339, 16524436|3465, 16524436|3563, 16524622|3715, 16525303|3828, 16525627|3932, 16525679|4035, http://www.ox.ac.uk, 
16549392|1, 16549392|388, 16549508|556, 16549508|1808, 16550853|2141, 16553230|2444, 16553577|2581, 16554981|2688, 16554981|2771, 16555041|2860, 16555041|3516, 16555101|3669, 16555161|3820, 16555161|4019, https://www.bing.com, 
16557956|1, 16557956|309, 16558076|460, 16558076|1473, 16558196|1703, 16561707|2119, 16561767|2386, 16561767|2466, 16561827|2548, 16561827|3192, 16561887|3287, 16561887|3514, 16561947|3637, 16561947|4003, https://www.douyin.com, 
16570530|1, 16570530|190, 16570587|349, 16570587|1274, 16570644|1663, 16570904|2106, 16571078|2349, 16571078|2436, 16571138|2525, 16571138|3236, 16571198|3345, 16571198|3454, 16571258|3559, 16571258|4012, https://www.mit.edu, 
16583318|1, 16583318|305, 16583436|497, 16583436|1655, 16584880|1862, 16586305|2190, 16588138|2440, 16588138|2628, 16588198|2709, 16588198|3395, 16588258|3524, 16588258|3628, 16588456|3749, 16588456|4070, https://www.ctrip.com, 
16627221|1, 16627221|255, 16627280|426, 16627280|1072, 16627320|1227, 16627320|1626, 16629391|2021, 16631549|2272, 16631609|2390, 16631609|2559, 16631669|2659, 16631669|3277, 16635288|3468, 16638857|3599, 16638917|3705, 16639107|3804, 16639704|3902, 16640307|4006, https://www.apple.com, 
16655612|1, 16655612|190, 16655671|318, 16655671|1666, 16659392|2064, 16661161|2401, 16661161|2506, 16663393|2633, 16663393|3294, 16663453|3392, 16663453|3524, 16663513|3664, 16663513|3778, 16666158|3897, 16674679|4028, https://www.baidu.com, 
16701490|1, 16701490|417, 16701602|582, 16701602|1419, 16702389|1726, 16705294|2244, 16705354|2437, 16705354|2525, 16705414|2614, 16705414|3250, 16705474|3423, 16705474|3523, 16705534|3630, 16707333|3748, 16710386|3942, 16710586|4067, https://www.jd.com, 
16754109|1, 16754109|433, 16754170|576, 16754231|756, 16754231|1805, 16754613|2157, 16754673|2412, 16754673|2600, 16754733|2692, 16754733|3350, 16754793|3534, 16754853|3631, 16754981|4207, https://www.netflix.com, 
16755539|1, 16755539|1380, 16758115|1720, 16760961|2091, 16763513|2260, 16763573|2341, 16763573|2996, 16763633|3114, 16763633|3256, 16763693|3365, 16763693|3604, 16765563|3737, 16773209|3872, 16777356|3981, 16779500|4080, https://www.baidu.com, 
16813363|1, 16813363|284, 16813483|432, 16813483|1798, 16813733|2122, 16813911|2409, 16813971|2513, 16813971|2896, 16814748|2985, 16815584|3078, 16815666|3197, 16815726|3280, 16815786|3448, 16815786|3686, 16817336|3835, 16817616|3971, 16817616|4052, https://www.alipay.com, 
16824851|1, 16824851|279, 16824914|436, 16824914|1488, 16828582|2089, 16828642|2341, 16828702|2464, 16828702|3029, 16828762|3139, 16828762|3379, 16828822|3538, 16828822|3669, 16832493|3783, 16835271|3915, 16840919|4019, https://www.pinduoduo.com, 
16848485|1, 16848485|175, 16848547|311, 16848609|505, 16848609|1642, 16850799|1955, 16852665|2268, 16853431|2389, 16854861|2488, 16854972|2571, 16855032|2670, 16855107|2761, 16855107|3238, 16855167|3367, 16855167|3484, 16855227|3587, 16855823|3720, 16855823|4049, https://world.taobao.com, 
16882050|1, 16882050|344, 16882221|474, 16882281|624, 16882281|1580, 16882341|1814, 16882719|2295, 16882779|2440, 16882779|2540, 16882839|2630, 16882839|3257, 16882899|3394, 16882899|3502, 16882959|3579, 16882959|3748, 16883563|3932, 16883681|4061, https://www.yahoo.com, 
16899122|1, 16899122|331, 16899176|439, 16899176|1683, 16899554|2055, 16899614|2342, 16899614|2468, 16899674|2547, 16899674|3224, 16899734|3398, 16899734|3524, 16900548|3671, 16900548|4045, https://www.shodan.io, 
16901209|1, 16901270|198, 16901270|377, 16901329|545, 16901329|1585, 16901449|1780, 16904426|2182, 16905559|2462, 16905559|2620, 16905619|2706, 16905619|3364, 16905679|3527, 16907148|3649, 16911874|3827, 16911978|3923, 16912168|4020, https://www.apple.com, 
16924742|1, 16924742|248, 16924919|350, 16924919|1488, 16925049|1794, 16925179|2260, 16925239|2361, 16925239|2542, 16925299|2631, 16925299|3215, 16925359|3469, 16925419|3586, 16925419|4017, https://www.pku.edu.cn, 
16929683|1, 16929683|137, 16929737|237, 16929737|1541, 16929989|1911, 16930119|2199, 16930179|2401, 16930179|2477, 16930239|2555, 16930239|3230, 16930299|3425, 16930359|3518, 16930359|3878, 16932849|3992, 16932849|4097, https://www.buaa.edu.cn, 
16938549|1, 16938549|466, 16938671|619, 16938671|1777, 16938801|2053, 16939049|2395, 16939109|2537, 16939169|2664, 16939169|3350, 16939229|3489, 16939229|3579, 16939289|3662, 16940011|4071, https://www.yahoo.com, 
16956413|1, 16956413|1595, 16956673|2100, 16956733|2365, 16956733|2523, 16956793|2606, 16956793|3277, 16956853|3413, 16956853|3521, 16956913|3652, 16956913|4038, https://www.pku.edu.cn, 
16961046|1, 16961046|196, 16961106|334, 16961222|557, 16961222|1616, 16961352|1923, 16961662|2313, 16962657|2548, 16963535|2651, 16963535|3253, 16963595|3351, 16963595|3492, 16963835|3615, 16965485|3832, 16967260|4028, https://www.alipay.com, 
16972943|1, 16972943|147, 16973001|245, 16973001|1461, 16973131|1761, 16973381|2123, 16974376|2333, 16975254|2420, 16975314|2534, 16975314|3126, 16975374|3232, 16975374|3349, 16975434|3468, 16976984|3618, 16977264|3736, 16980298|4017, https://www.alipay.com, 
16984523|1, 16984637|476, 16984637|683, 16984695|863, 16984695|1716, 16985327|2100, 16985623|2346, 16985623|2488, 16985787|2594, 16985787|3235, 16985847|3363, 16985847|3456, 16986093|3632, 16986714|3759, 16986818|3848, 16987050|3951, 16987462|4059, http://www.ox.ac.uk, 
17008376|1, 17008376|1512, 17010140|1817, 17012084|2262, 17012850|2382, 17012850|2468, 17014526|2601, 17014526|3240, 17014586|3371, 17014586|3488, 17015242|3605, 17015242|4017, https://world.taobao.com, 
17044947|1, 17044947|1584, 17045067|1793, 17045407|2181, 17045407|2403, 17045467|2486, 17045467|2572, 17045527|2648, 17045527|3383, 17045587|3485, 17045587|3616, 17046454|3717, 17046610|3814, 17046726|3899, 17046778|3992, 17046778|4104, http://www.ox.ac.uk, 
17069500|1, 17069500|306, 17069616|459, 17069616|1664, 17069946|1880, 17071751|2283, 17071811|2428, 17071811|2514, 17071871|2589, 17071871|3264, 17071931|3434, 17074829|3592, 17081546|3722, 17084108|3822, 17085613|3926, 17085613|4010, http://blogs.360.cn, 
17105987|1, 17105987|1709, 17106447|2035, 17106507|2298, 17106507|2433, 17106567|2533, 17106567|3287, 17106627|3404, 17106687|3567, 17107494|3693, 17107650|3791, 17107766|3888, 17107818|3991, 17108050|4083, http://www.ox.ac.uk, 
17131292|1, 17131292|348, 17131476|536, 17131476|1659, 17134579|2006, 17135712|2416, 17135772|2516, 17135772|3208, 17135832|3303, 17135832|3427, 17135892|3604, 17135892|4086, https://www.linkedin.com, 
17179245|1, 17179245|1511, 17179375|1794, 17181395|2310, 17181395|2426, 17181598|2549, 17181598|3209, 17181658|3331, 17181718|3446, 17182322|4110, https://www.yahoo.com, 
17198801|1, 17198801|1478, 17198931|1722, 17200108|2263, 17200833|2387, 17201192|2480, 17201192|3172, 17201252|3317, 17201252|3440, 17201312|3578, 17201312|4095, https://www.pku.edu.cn, 
17205653|1, 17205653|345, 17205712|469, 17205712|1988, 17207007|2427, 17207784|2554, 17208091|2653, 17208091|3238, 17208151|3349, 17208151|3559, 17208211|3641, 17208447|3905, 17208933|4027, https://www.yahoo.com, 
17232188|1, 17232188|524, 17232819|659, 17232819|1326, 17234133|1598, 17234663|1874, 17237386|2307, 17239541|2462, 17241117|2634, 17241117|3065, 17241693|3151, 17241753|3249, 17241753|3374, 17241813|3464, 17241813|3679, 17242409|3797, 17242409|4039, https://world.taobao.com, 
17269451|1, 17269451|1416, 17271359|1736, 17272644|2140, 17273481|2263, 17273481|2341, 17273684|2448, 17273684|3080, 17273744|3200, 17273862|3344, 17282685|3474, 17288517|3607, 17291713|3738, 17291903|4002, https://www.apple.com, 
17308486|1, 17308486|1540, 17308606|1748, 17310621|2247, 17312393|2500, 17312445|2590, 17312752|2696, 17312752|3310, 17312812|3464, 17312812|3568, 17313989|3705, 17314049|3816, 17314494|3898, 17320514|4030, http://blogs.360.cn, 
17341909|1, 17341909|1643, 17342347|2020, 17344171|2424, 17344478|2562, 17344478|3223, 17344538|3308, 17344538|3539, 17344598|3642, 17344598|3826, 17345320|3987, 17345320|4159, https://www.yahoo.com, 
17364319|1, 17364319|1566, 17364699|1939, 17366647|2370, 17367669|2468, 17368022|2550, 17368767|2641, 17368767|3183, 17368827|3268, 17368827|3462, 17368887|3618, 17369784|3739, 17370717|3887, 17372729|4117, https://www.alipay.com, 
17378292|1, 17378292|341, 17378349|453, 17378349|1495, 17378406|1729, 17378536|2032, 17379042|2439, 17379943|2600, 17380604|2711, 17380911|2800, 17380911|3329, 17380971|3513, 17380971|3709, 17381031|3799, 17381031|4059, https://www.mit.edu, 
17392235|1, 17392235|232, 17392294|315, 17392294|1487, 17392424|1757, 17392747|2183, 17394496|2381, 17394703|2514, 17394763|2604, 17394763|3203, 17394823|3320, 17394823|3503, 17394883|3592, 17394883|3686, 17395365|3867, 17395605|4055, https://www.yahoo.com, 
17411651|1, 17411651|1606, 17411781|1832, 17412912|2324, 17413853|2496, 17413853|2586, 17414056|2704, 17414056|3314, 17414116|3450, 17414116|3589, 17414176|3667, 17414658|3881, 17414898|4037, https://www.yahoo.com, 
17437143|1, 17437143|181, 17437198|310, 17437318|529, 17437318|1580, 17439002|1911, 17442232|2357, 17442893|2462, 17442893|2546, 17442953|2635, 17442953|3026, 17443264|3131, 17443264|3323, 17443324|3432, 17443324|3552, 17443561|3686, 17444998|3816, 17445390|3901, 17445390|4085, https://www.douyin.com, 
17451947|1, 17451947|196, 17452006|321, 17452006|1597, 17454042|1936, 17456408|2312, 17458045|2452, 17458232|2539, 17458344|2617, 17458435|2705, 17458435|3246, 17458495|3453, 17461276|3578, 17464287|3732, 17464477|3838, 17465074|3937, 17465677|4036, https://www.apple.com, 
17474662|1, 17474662|1826, 17475873|2326, 17477044|2545, 17478108|2648, 17478986|2742, 17478986|3349, 17479046|3453, 17479046|3576, 17479106|3698, 17479286|3822, 17480936|4001, https://www.alipay.com, 
17488375|1, 17488375|201, 17488434|348, 17488493|549, 17488493|1424, 17489807|1662, 17491057|1971, 17493627|2245, 17495474|2474, 17495534|2600, 17495534|3179, 17495594|3275, 17495594|3406, 17495654|3553, 17495792|3648, 17495792|4079, https://www.ctrip.com, 
17538583|1, 17538583|982, 17538623|1114, 17538623|1634, 17538753|1942, 17538883|2335, 17540520|2508, 17540707|2595, 17540707|2680, 17540910|2770, 17540910|3450, 17540970|3581, 17541152|3756, 17541152|3863, 17541925|3992, 17543642|4112, https://www.buaa.edu.cn, 
17549469|1, 17549469|300, 17549581|560, 17549581|1720, 17553312|2171, 17554489|2403, 17555266|2506, 17555326|2586, 17555326|3104, 17555533|3221, 17555593|3421, 17556084|3576, 17557446|3720, 17560712|3840, 17560752|3936, 17562232|4034, https://www.jd.com, 
17599093|1, 17599093|586, 17599133|722, 17599133|1630, 17599263|1791, 17600634|2321, 17601217|2444, 17601360|2526, 17601360|2617, 17601420|2705, 17601420|3355, 17601480|3510, 17601480|3622, 17601540|3725, 17601540|4150, https://www.mit.edu, 
17612630|1, 17612630|323, 17612746|465, 17612746|1605, 17613773|1857, 17616819|2224, 17618285|2492, 17619624|2625, 17619624|3215, 17619684|3325, 17619684|3528, 17619744|3692, 17619744|4054, https://www.bing.com, 
17622444|1, 17622444|340, 17622507|460, 17622570|704, 17622570|1748, 17624730|2140, 17627927|2451, 17628114|2584, 17628361|2670, 17628421|2762, 17628421|3340, 17628481|3480, 17628481|3661, 17628541|3810, 17628677|3899, 17633646|4008, https://www.pinduoduo.com, 
17647393|1, 17647393|318, 17647511|475, 17647511|1408, 17649435|1730, 17653928|2122, 17656797|2313, 17656940|2404, 17657000|2499, 17657000|3169, 17657060|3300, 17657120|3422, 17657120|3548, 17660300|3681, 17668650|3826, 17673644|3959, 17673644|4039, https://www.baidu.com, 
17710224|1, 17710224|1554, 17711251|1866, 17712632|2260, 17715317|2428, 17715792|2537, 17717131|2641, 17717131|3330, 17717191|3419, 17717191|3525, 17717251|3628, 17718374|4146, https://www.bing.com, 
17719967|1, 17719967|1422, 17721771|1693, 17722445|2063, 17723492|2306, 17724269|2405, 17724269|2487, 17724576|2603, 17724576|3111, 17724636|3271, 17724636|3461, 17730606|3598, 17743030|3784, 17743082|3884, 17743272|4069, https://www.apple.com, 
17755000|1, 17755000|314, 17755128|532, 17755128|1627, 17759841|2138, 17760918|2413, 17761061|2551, 17761121|2660, 17761121|3394, 17761181|3527, 17762140|3690, 17765372|3848, 17765954|3934, 17766140|4031, https://zhuanlan.zhihu.com, 
17778000|1, 17778000|1571, 17779027|1810, 17782229|2253, 17783476|2412, 17783723|2509, 17785071|2597, 17785071|3253, 17785131|3405, 17785131|3495, 17785191|3602, 17786314|4079, https://www.bing.com, 
17787903|1, 17787903|1676, 17788163|2113, 17789935|2393, 17789987|2481, 17790234|2601, 17790294|2685, 17790294|3255, 17790354|3409, 17790354|3519, 17790536|3650, 17790536|3798, 17791549|3946, 17793026|4056, https://www.buaa.edu.cn, 
17798766|1, 17798766|377, 17798882|522, 17798882|1783, 17799212|2041, 17801005|2401, 17802642|2619, 17802889|2712, 17803136|2806, 17803136|3429, 17804317|3572, 17809513|3718, 17811718|3833, 17813819|3932, 17813819|4026, http://blogs.360.cn, 
17832214|1, 17832214|1623, 17834710|1908, 17839101|2281, 17843084|2447, 17843235|2590, 17843235|3309, 17843295|3458, 17843355|3593, 17843355|3706, 17843651|3801, 17850183|3932, 17857619|4042, https://www.baidu.com, 
17883441|1, 17883441|1870, 17884872|2326, 17885395|2434, 17885598|2526, 17885598|3189, 17885658|3288, 17885658|3433, 17885975|3578, 17886812|3695, 17887774|3812, 17887774|4115, https://www.mit.edu, 
17901923|1, 17901923|1767, 17905554|2134, 17907630|2437, 17907630|2531, 17907937|2630, 17907937|3329, 17907997|3441, 17907997|3564, 17909413|3691, 17910063|3813, 17910063|4069, https://www.douyin.com, 
17916611|1, 17916669|193, 17916669|1581, 17919688|1948, 17923184|2224, 17925671|2348, 17925814|2455, 17925814|2538, 17925874|2616, 17925874|3228, 17925934|3381, 17925934|3485, 17925994|3605, 17937494|3787, 17939907|3899, 17940147|3992, 17940147|4082, https://www.baidu.com, 
17976800|1, 17976800|297, 17976920|471, 17976920|1624, 17977050|1918, 17978937|2316, 17979242|2449, 17979609|2550, 17980366|2634, 17981244|2723, 17981244|3263, 17981304|3408, 17981544|3559, 17983154|3751, 17984714|4040, https://www.alipay.com, 
17990492|1, 17990492|1545, 17990822|1745, 17992627|2164, 17993674|2376, 17994451|2496, 17994511|2585, 17994654|2675, 17994654|2764, 17994774|2878, 17994774|2954, 17995631|3027, 17996568|3170, 17996568|3288, 17996628|3395, 17996628|3503, 18002006|3664, 18004938|3775, 18005298|3860, 18007399|3966, 18007539|4247, http://blogs.360.cn, 
18025676|1, 18025676|308, 18025737|580, 18025737|1614, 18025928|1801, 18027167|2248, 18028004|2450, 18028064|2528, 18028064|2617, 18028271|2713, 18028271|3199, 18028331|3323, 18028331|3471, 18028391|3552, 18028391|3670, 18028519|3798, 18028519|4010, https://www.netflix.com, 
18029337|1, 18029337|221, 18029453|362, 18029453|1579, 18030866|1979, 18033566|2295, 18034968|2438, 18034968|2521, 18036124|2623, 18036124|3026, 18036371|3123, 18036371|3239, 18036431|3345, 18036431|3561, 18036491|3681, 18037614|4017, https://www.bing.com, 
18039150|1, 18039206|243, 18039206|1717, 18040942|1932, 18043832|2343, 18045716|2528, 18046063|2622, 18046063|2701, 18046123|2791, 18046123|3412, 18046183|3559, 18046321|3677, 18046381|3801, 18046381|4057, https://www.ctrip.com, 
18085646|1, 18085646|1653, 18085766|1886, 18088447|2250, 18092164|2625, 18092347|2725, 18092407|2830, 18092407|3433, 18092467|3565, 18092467|3712, 18092527|3827, 18092665|3972, 18092665|4102, https://www.ctrip.com, 
18128232|1, 18128232|3095, 18128362|3419, 18128674|4030, https://www.netflix.com, 
18131479|1, 18131479|3053, 18132315|3449, 18134661|3973, 18135498|4172, http://blogs.360.cn, 
18163964|1, 18163964|2964, 18164454|3468, 18167118|3995, 18167955|4170, http://blogs.360.cn, 
18197129|1, 18197129|2789, 18197249|3248, 18202491|3823, 18206635|4263, https://www.baidu.com, 
18223990|1, 18223990|398, 18224108|536, 18224108|2838, 18225792|3341, 18229861|4067, https://www.ctrip.com, 
18247526|1, 18247526|2662, 18249080|2996, 18252665|3730, 18253969|4165, https://zhuanlan.zhihu.com, 
18266247|1, 18266247|407, 18266306|586, 18266306|2974, 18267980|3231, 18268832|3721, 18271871|4250, https://www.apple.com, 
18300067|1, 18300067|3276, 18300449|3917, 18301400|4433, https://www.buaa.edu.cn, 
18310795|1, 18310795|248, 18310854|687, 18310854|2831, 18312778|3158, 18319183|3906, 18320020|4077, https://www.baidu.com, 
18338705|1, 18338705|528, 18338825|1023, 18338825|3098, 18340999|3634, 18342878|4123, https://www.douyin.com, 
18354363|1, 18354363|3082, 18354493|3570, 18355670|4110, https://www.buaa.edu.cn, 
18365026|1, 18365026|3109, 18366340|3326, 18368255|3902, 18374725|4364, https://www.baidu.com, 
18391498|1, 18391498|2950, 18393542|3385, 18401857|4125, https://www.baidu.com, 
18419708|1, 18421137|4088, https://www.netflix.com, 
18422791|1, 18422791|427, 18422919|721, 18422919|2911, 18424473|3249, 18428757|4146, https://zhuanlan.zhihu.com, 
18440978|1, 18440978|637, 18441797|1198, 18441797|1881, 18441857|2302, 18441857|3242, 18443318|3845, 18447730|4470, https://www.bing.com, 
18452110|1, 18452110|2589, 18452170|3099, 18452370|3346, 18455881|4019, https://www.douyin.com, 
18466802|1, 18466802|3117, 18468356|3521, 18470620|4219, https://zhuanlan.zhihu.com, 
18485379|1, 18485379|2723, 18486933|3036, 18489711|3750, 18491574|4120, https://zhuanlan.zhihu.com, 
18504601|1, 18504601|3062, 18504861|3592, 18506498|4105, https://www.buaa.edu.cn, 
18515210|1, 18515210|736, 18515271|933, 18515332|1490, 18515332|3590, 18515462|3895, 18515714|4452, https://www.netflix.com, 
18518437|1, 18518437|3383, 18518819|3901, 18519926|4480, https://www.netflix.com, 
18521644|1, 18521644|3182, 18523488|3669, 18527486|4261, https://zhuanlan.zhihu.com, 
18539889|1, 18539889|3298, 18540271|3819, 18542155|4263, https://www.netflix.com, 
