17477000|1, 17477000|1112, 17477937|1561, 17478157|1904, 17478157|2063, 17478217|2145, 17478217|2520, 17478297|2616, 17478297|2757, 17478377|2880, 17478437|3028, 17480463|3213, 17480543|3458, 17480543|4071, https://www.jd.com, 
17518504|1, 17518504|1004, 17520298|1348, 17522175|1832, 17522175|1936, 17522235|2022, 17522235|2431, 17522315|2532, 17522315|2625, 17522395|2733, 17522455|2901, 17522515|3020, 17522515|3650, 17523372|3793, 17526016|4092, https://www.douyin.com, 
17529043|1, 17529043|1231, 17529243|1518, 17530236|1878, 17530348|2029, 17530980|2122, 17531040|2215, 17531040|2536, 17531428|2632, 17531428|2731, 17531580|2847, 17531640|3016, 17531880|3135, 17533842|3300, 17536409|3407, 17538449|3493, 17538565|3586, 17542146|3719, 17542250|3928, 17543548|4036, http://www.ox.ac.uk, 
17571833|1, 17571833|1129, 17571913|1421, 17573150|1816, 17574617|2019, 17574921|2105, 17575252|2195, 17575492|2287, 17575492|2529, 17575572|2622, 17575572|2723, 17575712|2859, 17575712|3052, 17575772|3245, 17575772|4038, https://www.shodan.io, 
17576818|1, 17576818|1144, 17577058|1389, 17578219|1829, 17578880|1937, 17579294|2040, 17579768|2126, 17580415|2233, 17580415|2340, 17580487|2438, 17580639|2523, 17581991|2613, 17581991|2708, 17582131|2834, 17582491|2948, 17582911|3076, 17582911|3624, 17582991|3728, 17582991|3812, 17583071|3892, 17583792|4064, https://www.netflix.com, 
17597336|1, 17597336|1259, 17599090|1514, 17601160|1881, 17601272|2034, 17601428|2129, 17601488|2224, 17601488|2555, 17601568|2655, 17601568|2761, 17601648|2856, 17601708|2962, 17601708|3089, 17601768|3227, 17601768|3755, 17601848|3933, 17603624|4087, https://www.linkedin.com, 
17633524|1, 17633524|1301, 17633724|1548, 17633964|1956, 17634024|2112, 17634024|2199, 17634084|2286, 17634084|2607, 17634164|2689, 17634164|2880, 17634304|3004, 17634304|3163, 17634364|3297, 17634364|3427, 17635165|3526, 17635225|3616, 17635345|3712, 17637246|3835, 17637362|3922, 17637362|4007, http://www.ox.ac.uk, 
17689674|1, 17689674|1256, 17691308|1552, 17693548|1995, 17693548|2197, 17693608|2303, 17693608|2625, 17693688|2707, 17693688|2878, 17693768|2966, 17693828|3070, 17693828|3192, 17693888|3335, 17693888|3474, 17694725|3616, 17699825|3732, 17705559|3851, 17707911|3947, 17708231|4035, https://www.pinduoduo.com, 
17712544|1, 17712544|1347, 17714258|1582, 17716190|1967, 17716870|2148, 17718431|2234, 17718431|2654, 17718638|2799, 17718638|2909, 17718778|3008, 17718778|3138, 17718838|3295, 17719735|4036, https://world.taobao.com, 
17742868|1, 17742868|1325, 17743068|1541, 17743308|1891, 17743368|2113, 17743428|2248, 17743428|2591, 17743508|2675, 17743508|2763, 17743588|2861, 17743648|2980, 17743648|3091, 17743708|3222, 17744389|3377, 17744597|3478, 17744713|3577, 17744765|3676, 17744765|4034, http://www.ox.ac.uk, 
17755015|1, 17755015|1382, 17757033|1646, 17759110|1934, 17760085|2187, 17760085|2304, 17760145|2384, 17760145|2771, 17760225|2851, 17760225|2945, 17760305|3052, 17760365|3184, 17760365|3311, 17760951|3455, 17761559|3579, 17761559|4073, https://www.ctrip.com, 
17795432|1, 17795432|753, 17795472|890, 17795472|1334, 17796495|1552, 17799102|1946, 17799242|2214, 17799242|2300, 17799302|2383, 17799302|2734, 17799382|2813, 17799382|3017, 17799522|3179, 17799522|3325, 17799582|3432, 17799582|3556, 17802674|3689, 17802714|3804, 17804206|3908, 17804206|4014, https://www.jd.com, 
17840778|1, 17840778|1377, 17843316|1698, 17845639|2119, 17845699|2235, 17846476|2328, 17847372|2417, 17847454|2508, 17847454|2845, 17847534|2954, 17847534|3090, 17847674|3196, 17847674|3312, 17847734|3426, 17848391|3547, 17849444|3703, 17849444|3798, 17852232|3997, 17854735|4167, https://www.alipay.com, 
17856677|1, 17856677|1320, 17858531|1643, 17860394|1958, 17861207|2139, 17861267|2239, 17861267|2636, 17861347|2730, 17861347|2817, 17861427|2898, 17861487|3005, 17861487|3131, 17861547|3277, 17861547|4017, https://www.ctrip.com, 
17892116|1, 17892116|1287, 17892937|1549, 17895599|1958, 17896129|2106, 17896129|2186, 17896189|2269, 17896189|2538, 17896909|2635, 17897637|2727, 17898789|2832, 17900021|2949, 17901089|3060, 17902241|3157, 17902839|3249, 17902839|3406, 17903991|3597, 17905543|3744, 17909699|3877, 17911774|4026, https://www.yahoo.com, 
17965967|1, 17965967|1298, 17967601|1581, 17969573|1965, 17971881|2213, 17971941|2296, 17971941|2685, 17972021|2773, 17972021|2852, 17972101|2938, 17972161|3045, 17972161|3181, 17972221|3273, 17972221|4020, https://world.taobao.com, 
17991160|1, 17991160|1495, 17991400|1762, 17991680|2125, 17992481|2284, 17992697|2377, 17992955|2465, 17992955|2859, 17993682|2960, 17993682|3066, 17993822|3237, 17993822|3411, 17993882|3488, 17993882|3788, 17993954|3890, 17995306|4003, https://www.netflix.com, 
18038195|1, 18038195|1309, 18040477|1615, 18041441|2037, 18041581|2174, 18041581|2338, 18041641|2424, 18041641|2758, 18041721|2855, 18041721|2949, 18041801|3119, 18041861|3251, 18041861|3360, 18041921|3463, 18041921|4016, https://www.mit.edu, 
18045354|1, 18045354|1478, 18045594|1694, 18048225|2164, 18048405|2293, 18049055|2395, 18049115|2485, 18049115|2811, 18050176|2908, 18050248|3013, 18050328|3113, 18050388|3272, 18050388|3399, 18050448|3552, 18050448|4078, https://www.shodan.io, 
18051433|1, 18051433|1228, 18053067|1491, 18054964|1887, 18055104|2110, 18055104|2213, 18055164|2291, 18055164|2704, 18055244|2781, 18055244|2970, 18055384|3128, 18055384|3222, 18055444|3366, 18055444|3826, 18055524|3936, 18058244|4211, https://www.douyin.com, 
18061845|1, 18061845|1354, 18063239|1570, 18064216|1916, 18064476|2114, 18065391|2220, 18066848|2337, 18067647|2433, 18067647|2764, 18067727|2851, 18067727|2943, 18067807|3052, 18067867|3152, 18067927|3317, 18067927|4009, https://world.taobao.com, 
18087242|1, 18087242|1217, 18088996|1497, 18091118|1964, 18091334|2156, 18091394|2242, 18091394|2628, 18091474|2711, 18091474|2888, 18091554|2971, 18091614|3080, 18091614|3202, 18091674|3296, 18091754|4033, https://www.linkedin.com, 
18121530|1, 18121530|1505, 18121610|1654, 18124183|2129, 18125387|2328, 18126107|2422, 18129623|2538, 18132287|2629, 18133367|2721, 18133367|2953, 18133447|3053, 18133447|3157, 18133587|3306, 18133587|3422, 18133783|3521, 18133783|3729, 18138095|3914, 18138311|4029, https://www.yahoo.com, 
18194820|1, 18194820|1468, 18196614|1773, 18198272|2151, 18198612|2259, 18198612|2450, 18198672|2553, 18198672|2884, 18198752|2988, 18198752|3077, 18198832|3216, 18198892|3328, 18198892|3474, 18199849|3614, 18201406|3724, 18201406|4030, https://www.jianshu.com, 
18219433|1, 18219433|1324, 18220410|1602, 18221705|2067, 18223039|2217, 18223213|2324, 18224425|2428, 18224485|2514, 18224485|2824, 18224565|2901, 18224565|3104, 18224705|3249, 18224705|3376, 18224765|3526, 18224765|3797, 18225888|3966, 18225888|4136, https://www.bing.com, 
18227350|1, 18227350|1449, 18230172|1788, 18230392|2227, 18230392|2317, 18230452|2408, 18230452|2803, 18230532|2892, 18230532|2987, 18230612|3077, 18230672|3207, 18230672|3312, 18230732|3456, 18230732|4079, https://www.pku.edu.cn, 
18249730|1, 18249730|1469, 18251284|1690, 18253352|2109, 18253432|2283, 18253692|2446, 18253752|2541, 18253752|2967, 18253832|3061, 18253832|3150, 18253972|3313, 18253972|3438, 18254032|3536, 18254032|3627, 18254929|3769, 18256486|3903, 18256486|4010, https://www.jianshu.com, 
18276743|1, 18276743|1353, 18281284|1848, 18283239|2217, 18283499|2341, 18283499|2711, 18283579|2800, 18283579|2879, 18283659|2962, 18283719|3064, 18283719|3192, 18283779|3299, 18283779|3541, 18284556|3638, 18285409|3788, 18285409|3873, 18285469|3980, 18288197|4121, https://www.alipay.com, 
18292588|1, 18292588|1473, 18295239|1891, 18296340|2241, 18296340|2339, 18296400|2437, 18296400|2785, 18296480|2925, 18296480|3023, 18296620|3142, 18296620|3302, 18296680|3411, 18297577|3517, 18297863|3635, 18299134|3744, 18299134|4036, https://www.jianshu.com, 
18318509|1, 18318509|1461, 18319588|1830, 18320556|2178, 18320556|2264, 18320616|2344, 18320616|2727, 18320696|2816, 18320696|2917, 18320776|3010, 18320836|3160, 18320836|3270, 18323534|3415, 18331924|3570, 18335250|3674, 18336346|3775, 18336426|4013, http://blogs.360.cn, 
18348171|1, 18348171|1522, 18348691|1980, 18349588|2237, 18350238|2334, 18350238|2418, 18350449|2517, 18350629|2629, 18350629|2869, 18350709|2955, 18350709|3058, 18350789|3167, 18350849|3295, 18350849|3406, 18350909|3547, 18350909|4090, https://www.shodan.io, 
18351951|1, 18351951|1232, 18352111|1571, 18354457|1999, 18357179|2287, 18357323|2400, 18357383|2493, 18357383|2816, 18357463|2924, 18357463|3031, 18357543|3114, 18357603|3266, 18357603|3386, 18357663|3514, 18357663|4003, https://www.mit.edu, 
18363332|1, 18363332|1204, 18363612|1607, 18365227|2062, 18365287|2244, 18365347|2350, 18365347|2754, 18365427|2841, 18365427|2932, 18365507|3015, 18365567|3104, 18367196|3265, 18367256|3373, 18367256|3478, 18372185|3607, 18373811|3713, 18376624|3814, 18376704|3932, 18376704|4057, http://blogs.360.cn, 
18388901|1, 18388901|1574, 18390695|1882, 18392525|2261, 18393922|2409, 18394706|2532, 18394706|2870, 18394913|2965, 18394913|3059, 18394993|3151, 18395053|3246, 18395113|3431, 18395113|4014, https://world.taobao.com, 
18415444|1, 18415444|1472, 18417582|1745, 18417950|2139, 18418090|2317, 18418090|2403, 18418150|2483, 18418150|2905, 18418230|3001, 18418230|3106, 18418370|3253, 18418370|3367, 18418430|3499, 18418430|4030, https://www.mit.edu, 
18422908|1, 18422908|1181, 18422968|1470, 18425074|1726, 18426937|2084, 18427690|2315, 18427750|2403, 18427750|2710, 18427830|2800, 18427830|2974, 18427970|3077, 18427970|3171, 18428030|3356, 18428030|4068, https://www.ctrip.com, 
18460888|1, 18460888|997, 18460928|1127, 18460928|1563, 18462687|1809, 18464789|2238, 18464849|2355, 18464849|2470, 18464909|2555, 18464909|2890, 18464989|2981, 18464989|3147, 18465129|3263, 18465129|3424, 18465189|3573, 18465269|4081, https://www.douyin.com, 
18471670|1, 18471670|1536, 18473952|1893, 18474112|2254, 18474172|2347, 18474172|2505, 18474232|2586, 18474232|2973, 18474312|3068, 18474312|3181, 18474452|3366, 18474452|3477, 18474512|3574, 18474512|4049, https://www.pku.edu.cn, 
18494822|1, 18494822|1341, 18496828|1591, 18498831|2035, 18499604|2201, 18499644|2292, 18499704|2376, 18499704|2767, 18499824|2874, 18499824|2974, 18499904|3079, 18499964|3229, 18500024|3331, 18500024|4021, https://www.ctrip.com, 
18530408|1, 18530408|803, 18530448|943, 18530448|1529, 18532082|1741, 18534417|2142, 18535310|2357, 18535310|2440, 18535370|2517, 18535370|2906, 18535450|2992, 18535450|3160, 18535590|3276, 18535590|3405, 18535650|3511, 18535650|4052, https://www.ctrip.com, 
18567535|1, 18567535|913, 18567575|1181, 18568889|1444, 18571277|1923, 18571657|2190, 18571657|2290, 18571717|2375, 18571717|2767, 18571797|2854, 18571797|2934, 18571877|3035, 18571937|3205, 18571937|3285, 18571997|3429, 18572894|3558, 18574411|3709, 18574451|3838, 18574451|4039, https://www.jianshu.com, 
18592576|1, 18592576|1339, 18592696|1592, 18594932|1909, 18597062|2323, 18597062|2412, 18597122|2487, 18597122|2805, 18597162|2886, 18597242|2991, 18597242|3163, 18597322|3281, 18597382|3405, 18597442|3558, 18597442|4118, https://www.linkedin.com, 
18627873|1, 18627873|1516, 18630752|1890, 18631965|2211, 18631965|2300, 18632025|2407, 18632065|2497, 18632065|2837, 18632145|2936, 18632145|3018, 18632285|3158, 18632285|3280, 18635303|3421, 18642093|3597, 18642093|3682, 18646301|3778, 18646301|4035, https://www.apple.com, 
18662566|1, 18662566|1433, 18662726|1617, 18663086|2034, 18663887|2230, 18663887|2323, 18664301|2415, 18664361|2506, 18664361|2814, 18664441|2892, 18665088|2987, 18665088|3080, 18665300|3246, 18666652|3340, 18666712|3425, 18668424|4069, https://www.netflix.com, 
18698384|1, 18698384|1360, 18700058|1549, 18702128|1943, 18702476|2202, 18702476|2283, 18702536|2367, 18702536|2692, 18702616|2776, 18702616|2950, 18702696|3055, 18702756|3273, 18702816|3389, 18702896|4001, https://www.linkedin.com, 
18730753|1, 18730753|1336, 18732267|1579, 18734245|2006, 18734517|2241, 18734577|2331, 18734577|2721, 18734657|2805, 18734657|2892, 18734737|2982, 18734797|3090, 18735365|3288, 18735365|3450, 18736262|3552, 18737819|3717, 18737819|4024, https://www.jianshu.com, 
18757676|1, 18757676|265, 18757736|487, 18757816|638, 18757816|1470, 18757896|1670, 18760599|2145, 18761604|2359, 18761812|2449, 18761872|2540, 18761872|2931, 18761952|3021, 18761952|3100, 18762032|3230, 18762092|3399, 18762312|3508, 18762312|4023, https://www.linkedin.com, 
18788307|1, 18788307|1484, 18789550|1831, 18792137|2175, 18792197|2289, 18792197|2370, 18792257|2489, 18792257|2674, 18792337|2756, 18792337|2840, 18792417|2929, 18792417|3026, 18792497|3128, 18792557|3291, 18792617|3420, 18792948|3550, 18795068|3679, 18796074|3803, 18797566|3895, 18797743|4083, https://www.jd.com, 
18837035|1, 18837035|1304, 18837235|1532, 18838954|1963, 18839094|2170, 18839094|2258, 18839154|2387, 18839154|2794, 18839234|2894, 18839234|2977, 18839374|3101, 18839374|3193, 18841063|3334, 18841063|3543, 18846906|3656, 18847226|3759, 18850211|3865, 18850555|3986, 18850555|4118, http://blogs.360.cn, 
18861082|1, 18861082|1398, 18862756|1564, 18865078|2018, 18865568|2240, 18865568|2475, 18865628|2566, 18865628|2886, 18865708|2997, 18865708|3087, 18865848|3231, 18865848|3359, 18865908|3490, 18865988|4080, https://www.linkedin.com, 
18893670|1, 18893670|1497, 18894607|1794, 18897118|2182, 18897118|2332, 18897178|2431, 18897178|2748, 18897258|2822, 18897258|3006, 18897338|3101, 18897398|3215, 18897458|3401, 18897458|3517, 18899012|3660, 18900590|3766, 18901642|3869, 18902082|4009, https://www.jd.com, 
18936607|1, 18936607|1605, 18938401|1910, 18940585|2293, 18940645|2411, 18940645|2504, 18940705|2593, 18940705|2904, 18940785|2993, 18940785|3185, 18940925|3350, 18941702|3498, 18943512|3646, 18945072|3749, 18945072|4031, https://zhuanlan.zhihu.com, 
18958519|1, 18958519|1367, 18958639|1504, 18960153|1736, 18961170|2030, 18962101|2321, 18962101|2401, 18962161|2481, 18962161|2893, 18962241|2974, 18962241|3146, 18962381|3295, 18962381|3385, 18962441|3513, 18962441|3642, 18967880|3784, 18973354|3890, 18976464|4002, https://www.pinduoduo.com, 
18981257|1, 18981257|1460, 18983011|1675, 18985395|2059, 18985743|2243, 18985743|2411, 18985803|2490, 18985803|2812, 18985883|2896, 18985883|3087, 18986023|3280, 18986023|3380, 18986083|3538, 18986750|4245, https://www.linkedin.com, 
19013372|1, 19013372|1374, 19014686|1644, 19016898|2046, 19017658|2234, 19019314|2398, 19019374|2496, 19019374|2869, 19019454|2944, 19019454|3119, 19019594|3287, 19019594|3402, 19019654|3513, 19019654|4045, https://world.taobao.com, 
19041539|1, 19041539|1189, 19043453|1502, 19044441|1920, 19044581|2182, 19044581|2363, 19044641|2446, 19044641|2787, 19044721|2876, 19044721|2953, 19044861|3158, 19044861|3339, 19044921|3453, 19044921|4029, https://www.pku.edu.cn, 
19062930|1, 19062930|1530, 19064910|1873, 19066902|2312, 19068179|2411, 19068179|2512, 19069083|2604, 19069083|2773, 19069158|2864, 19069158|2945, 19069238|3027, 19069238|3244, 19069378|3377, 19069378|3481, 19069438|3637, 19069438|4084, https://world.taobao.com, 
19088703|1, 19088703|1496, 19089806|1761, 19092333|2098, 19092473|2291, 19092473|2398, 19092533|2488, 19092533|2817, 19092613|2902, 19092613|3085, 19092693|3176, 19092753|3327, 19092813|3468, 19092813|3603, 19094127|3720, 19095865|3827, 19097357|4010, https://www.jd.com, 
19130915|1, 19130915|1514, 19131195|1727, 19132914|2154, 19132974|2304, 19132974|2387, 19133034|2469, 19133034|2883, 19133114|2974, 19133114|3071, 19133194|3159, 19133254|3325, 19133254|3424, 19134919|3552, 19134919|3740, 19137503|3837, 19141254|3934, 19143091|4032, http://blogs.360.cn, 
19153826|1, 19153826|1323, 19155500|1619, 19158010|1972, 19158202|2279, 19158202|2366, 19158262|2452, 19158262|2850, 19158342|2940, 19158342|3029, 19158422|3145, 19158482|3251, 19161455|3412, 19165199|3576, 19165199|3677, 19165259|3776, 19165856|3861, 19166459|3968, 19166459|4061, https://www.apple.com, 
19180691|1, 19180691|1412, 19182817|1739, 19184565|2145, 19184565|2296, 19184625|2399, 19184625|2795, 19184705|2875, 19184705|3075, 19184845|3225, 19184845|3342, 19184965|3513, 19190510|3644, 19196736|3767, 19199088|3859, 19199568|3946, 19199648|4067, https://www.pinduoduo.com, 
19203777|1, 19203777|1575, 19205837|1857, 19207489|2115, 19207869|2357, 19207869|2442, 19207929|2529, 19207929|2924, 19208009|3016, 19208009|3200, 19208149|3373, 19209968|3571, 19212337|3724, 19213897|3820, 19213897|4021, https://zhuanlan.zhihu.com, 
19227303|1, 19227303|1446, 19229297|1667, 19232143|2168, 19232143|2308, 19232203|2385, 19232203|2792, 19232283|2875, 19232283|2958, 19232363|3056, 19232423|3147, 19232423|3293, 19233056|3434, 19233056|3543, 19233557|3642, 19233557|3734, 19234763|3829, 19237169|3947, 19237209|4044, https://www.buaa.edu.cn, 
19244419|1, 19244419|1704, 19247911|2232, 19247971|2415, 19247971|2515, 19248243|2622, 19248243|2957, 19248323|3067, 19248323|3159, 19248463|3303, 19248463|3447, 19248523|3557, 19249586|3721, 19250977|3820, 19250977|4024, https://www.jianshu.com, 
19270356|1, 19270356|1417, 19271261|1646, 19273952|2120, 19274092|2337, 19274092|2421, 19274152|2526, 19274152|2931, 19274232|3026, 19274232|3119, 19274312|3233, 19274372|3441, 19274432|3545, 19274432|3663, 19277404|3771, 19277444|3873, 19278936|3963, 19278936|4064, https://www.jd.com, 
19314972|1, 19314972|1382, 19315729|1584, 19317623|1986, 19319338|2320, 19320914|2423, 19320914|2505, 19320974|2593, 19320974|2922, 19321054|3013, 19321054|3100, 19321134|3226, 19321194|3445, 19321254|3568, 19321254|4056, https://world.taobao.com, 
19339420|1, 19339420|1442, 19340782|1617, 19342299|2009, 19343512|2308, 19343572|2404, 19343572|2808, 19343652|2888, 19343652|3051, 19343732|3157, 19343792|3263, 19343852|3398, 19343852|4036, https://www.linkedin.com, 
19375701|1, 19375701|1465, 19378199|1762, 19380702|2236, 19382197|2372, 19382397|2495, 19382397|2737, 19382477|2816, 19382477|2994, 19382557|3099, 19382617|3192, 19382617|3273, 19382677|3389, 19382677|3531, 19383334|3639, 19384307|3809, 19384307|3891, 19384427|3998, 19386992|4135, https://www.alipay.com, 
19391390|1, 19391390|1455, 19394212|1803, 19394292|2128, 19394432|2277, 19394432|2445, 19394492|2550, 19394492|2952, 19394572|3038, 19394572|3182, 19394712|3274, 19394712|3494, 19394772|3633, 19394772|3817, 19394852|3947, 19394852|4036, https://www.pku.edu.cn, 
19412288|1, 19412288|1582, 19413225|1866, 19415752|2166, 19415892|2333, 19415892|2504, 19415952|2584, 19415952|2935, 19416032|3017, 19416032|3218, 19416172|3308, 19416515|3453, 19416575|3563, 19418295|3728, 19419627|3825, 19420719|3915, 19421119|4056, https://www.jd.com, 
19453219|1, 19453219|1342, 19455485|1750, 19457093|2139, 19457153|2257, 19457153|2651, 19457233|2731, 19457233|2915, 19457313|3005, 19457373|3138, 19457373|3236, 19457433|3349, 19457433|3491, 19462112|3606, 19463782|3711, 19469144|3811, 19471656|3898, 19472096|4000, 19472176|4083, https://www.pinduoduo.com, 
19476305|1, 19476305|1581, 19477939|1826, 19479876|2227, 19479936|2353, 19479936|2431, 19479996|2519, 19479996|2911, 19480076|3012, 19480076|3100, 19480156|3195, 19480216|3357, 19480216|3487, 19480276|3603, 19480356|4055, https://www.douyin.com, 
19486764|1, 19486764|1607, 19489487|1951, 19490815|2195, 19490875|2303, 19490875|2388, 19490935|2467, 19490935|2865, 19491015|2949, 19491015|3147, 19491155|3314, 19493817|3467, 19498238|3618, 19498238|3706, 19498895|3821, 19498895|3908, 19499498|3999, 19500432|4079, https://www.apple.com, 
19511796|1, 19511796|1541, 19512773|1845, 19514068|2270, 19515382|2374, 19515616|2474, 19516764|2568, 19516764|2654, 19516824|2736, 19516824|3054, 19516904|3141, 19516904|3357, 19517044|3486, 19517044|3582, 19517104|3680, 19517104|3838, 19518226|3993, 19518226|4151, https://www.bing.com, 
19519687|1, 19519687|1448, 19519887|1741, 19520940|2128, 19520992|2264, 19520992|2340, 19521732|2441, 19521732|2765, 19522020|2852, 19522020|3025, 19522160|3183, 19522160|3286, 19522348|3432, 19522408|3556, 19523029|3658, 19523301|3749, 19523465|3856, 19523956|3966, 19523956|4046, http://www.ox.ac.uk, 
19536465|1, 19536465|1408, 19536585|1574, 19538427|1942, 19538587|2216, 19538587|2303, 19538647|2386, 19538647|2476, 19538707|2564, 19538707|3019, 19538867|3175, 19538867|3293, 19541090|3440, 19551419|3591, 19560571|3727, 19560571|3832, 19560631|3920, 19561228|4010, https://www.apple.com, 
19570352|1, 19570352|1557, 19572286|1932, 19573904|2244, 19573904|2341, 19574116|2436, 19574176|2534, 19574176|2849, 19574333|2953, 19574373|3047, 19574373|3133, 19574453|3222, 19574513|3372, 19574573|3513, 19574573|3615, 19575756|3791, 19577027|3922, 19577027|4064, https://www.jianshu.com, 
19596256|1, 19596256|1461, 19597890|1785, 19599698|2111, 19599838|2258, 19599838|2376, 19599898|2451, 19599898|2845, 19599978|2941, 19599978|3119, 19600118|3243, 19600118|3362, 19600178|3493, 19605017|3618, 19610891|3728, 19614121|3848, 19614601|3937, 19614601|4027, https://www.pinduoduo.com, 
19618810|1, 19618810|1406, 19618930|1600, 19622388|2099, 19622700|2251, 19622832|2342, 19622892|2420, 19622892|2509, 19622952|2589, 19622952|3019, 19623032|3104, 19623032|3255, 19623172|3366, 19624768|3540, 19627165|3656, 19627205|3760, 19627205|4067, https://zhuanlan.zhihu.com, 
19640136|1, 19640136|1400, 19642740|1671, 19645563|2207, 19646220|2308, 19647118|2411, 19647318|2516, 19647318|2838, 19647398|2930, 19647398|3015, 19647478|3103, 19647538|3184, 19647538|3320, 19647598|3464, 19648255|3613, 19649308|3773, 19649308|3858, 19650836|3961, 19652044|4105, https://www.alipay.com, 
19656448|1, 19656448|1510, 19658242|1892, 19659970|2249, 19660030|2389, 19660030|2469, 19660090|2546, 19660090|2930, 19660170|3012, 19660170|3105, 19660250|3227, 19660310|3332, 19660310|3467, 19661267|3601, 19667553|3732, 19672389|3838, 19674673|3939, 19674673|4021, https://www.pinduoduo.com, 
19678894|1, 19678894|1426, 19681176|1843, 19681256|2064, 19681336|2176, 19681396|2252, 19681396|2333, 19681456|2436, 19681456|2845, 19681536|2929, 19681536|3063, 19683314|3185, 19692479|3324, 19697284|3456, 19699042|3549, 19706698|3708, 19715164|3836, 19715348|3939, 19716870|4059, https://www.buaa.edu.cn, 
19727363|1, 19727363|1589, 19729808|2118, 19730864|2299, 19732216|2433, 19732276|2524, 19732276|2922, 19732356|3010, 19732356|3102, 19732436|3197, 19732496|3328, 19732496|3465, 19732556|3573, 19733677|4097, https://www.bing.com, 
19735096|1, 19735096|1473, 19738279|1844, 19744480|2244, 19744480|2409, 19744540|2490, 19744540|2904, 19744620|2999, 19744700|3149, 19744760|3278, 19744760|3395, 19744820|3493, 19754287|3678, 19757370|3809, 19757370|4064, https://www.baidu.com, 
19794816|1, 19794816|1458, 19794936|1593, 19796450|1813, 19798630|2155, 19798770|2378, 19798770|2488, 19798830|2569, 19798830|2959, 19798910|3043, 19798910|3130, 19798990|3264, 19799050|3371, 19799050|3498, 19799110|3612, 19799110|3716, 19799450|3817, 19805831|3972, 19810781|4085, https://www.pinduoduo.com, 
19817874|1, 19817874|1366, 19818114|1646, 19819111|2021, 19819941|2173, 19819941|2251, 19820001|2334, 19820212|2435, 19820392|2592, 19820392|2743, 19820472|2834, 19820472|2932, 19820552|3028, 19820612|3188, 19820672|3354, 19820672|4060, https://www.shodan.io, 
19821598|1, 19821598|1513, 19823232|1787, 19825340|2256, 19825680|2385, 19825680|2555, 19825740|2636, 19825740|2960, 19825820|3053, 19825820|3169, 19825900|3308, 19825960|3412, 19825960|3566, 19826020|3673, 19827203|3828, 19828474|3924, 19828474|4016, https://www.jianshu.com, 
19849884|1, 19849884|1241, 19851438|1462, 19853676|1818, 19854148|2131, 19854148|2247, 19854208|2334, 19854208|2655, 19854288|2735, 19854288|2905, 19854368|3003, 19854428|3142, 19855390|3322, 19858341|3443, 19858421|3561, 19858421|4088, https://zhuanlan.zhihu.com, 
19871854|1, 19871854|1479, 19873848|1785, 19874216|2074, 19874356|2300, 19874356|2410, 19874416|2490, 19874416|2804, 19874496|2901, 19874496|3111, 19874636|3247, 19874636|3431, 19874696|3566, 19874696|4047, https://www.pku.edu.cn, 
19894289|1, 19894289|1160, 19894449|1493, 19897347|1870, 19901012|2234, 19901084|2328, 19901084|2403, 19901144|2481, 19901144|2863, 19901296|2950, 19901296|3059, 19901376|3154, 19901436|3285, 19901436|3424, 19902385|3525, 19903347|3636, 19903347|4025, https://www.mit.edu, 
19909783|1, 19909783|1503, 19912589|1862, 19912729|2228, 19912729|2383, 19912789|2530, 19912789|2838, 19912869|2924, 19912869|3017, 19912949|3139, 19913009|3258, 19913149|3416, 19914797|3567, 19915298|3651, 19915370|3752, 19916900|3902, 19918409|4006, https://www.buaa.edu.cn, 
19925706|1, 19925706|1531, 19925766|1653, 19927700|2091, 19929248|2346, 19929248|2428, 19929308|2526, 19930428|2631, 19930428|2870, 19930508|2944, 19930508|3116, 19930588|3215, 19930648|3327, 19930648|3446, 19930708|3567, 19931830|4059, https://www.bing.com, 
19933250|1, 19933250|1300, 19934804|1649, 19936701|1970, 19936921|2252, 19936921|2373, 19936981|2456, 19936981|2837, 19937061|2924, 19937061|3091, 19937201|3198, 19937201|3365, 19937261|3503, 19937261|4106, https://www.douyin.com, 
19943697|1, 19943697|1224, 19945251|1523, 19947399|1922, 19947939|2171, 19947939|2249, 19947999|2338, 19947999|2738, 19948079|2843, 19948079|2924, 19948219|3051, 19948219|3217, 19948339|3320, 19950733|3515, 19950733|4039, https://www.jianshu.com, 
19969932|1, 19969932|483, 19970440|655, 19970440|1427, 19973298|1823, 19973458|2174, 19973518|2268, 19973518|2425, 19973578|2512, 19973578|2839, 19973658|2917, 19973658|3137, 19973798|3255, 19973798|3388, 19973858|3493, 19973998|3605, 19973998|4060, https://www.pku.edu.cn, 
19990594|1, 19990594|898, 19991060|1086, 19991060|1610, 19992774|2011, 19993931|2293, 19994761|2434, 19994761|2524, 19994972|2607, 19995152|2735, 19995152|2979, 19995292|3062, 19995292|3154, 19995372|3275, 19995432|3423, 19995432|3537, 19995492|3629, 19995492|4083, https://www.shodan.io, 
19996709|1, 19996709|244, 19996789|365, 19996789|1552, 19999151|1971, 19999291|2258, 19999291|2416, 19999351|2503, 19999351|2895, 19999431|2986, 19999431|3074, 19999511|3199, 19999651|3344, 20001359|3506, 20001359|3609, 20002889|3777, 20004438|3875, 20004438|4002, https://www.buaa.edu.cn, 
20011824|1, 20011824|1466, 20012024|1842, 20012264|2119, 20012324|2337, 20012384|2422, 20012384|2822, 20012464|2896, 20012464|3060, 20012544|3160, 20012604|3276, 20012604|3382, 20012664|3533, 20012724|3664, 20013425|3764, 20013749|3851, 20013801|4026, http://www.ox.ac.uk, 
20025236|1, 20025236|1412, 20025396|1606, 20027742|2060, 20027882|2267, 20027882|2368, 20027942|2460, 20027942|2765, 20028022|2841, 20028022|3017, 20028102|3108, 20028162|3222, 20028162|3346, 20028222|3440, 20028222|4039, https://www.mit.edu, 
20032391|1, 20032391|1459, 20032551|1648, 20035182|2005, 20036092|2298, 20036152|2387, 20036152|2716, 20037285|2831, 20037357|2921, 20037357|3011, 20037437|3102, 20037497|3268, 20037557|3375, 20037557|4032, https://www.shodan.io, 
20038602|1, 20038602|1485, 20041028|1885, 20041188|2173, 20041248|2302, 20041248|2393, 20041308|2472, 20041308|2936, 20041388|3033, 20041388|3110, 20041468|3216, 20041528|3319, 20041528|3450, 20041588|3552, 20041588|4035, https://www.mit.edu, 
20046862|1, 20046862|1508, 20048736|1847, 20050444|2217, 20050504|2393, 20050504|2793, 20050584|2871, 20050584|3040, 20050664|3141, 20050724|3256, 20050784|3415, 20050784|3663, 20056555|3824, 20062335|3933, 20065007|4034, https://www.pinduoduo.com, 
20069663|1, 20069663|1417, 20069823|1626, 20071817|2011, 20072534|2209, 20073364|2334, 20073364|2419, 20073484|2501, 20073575|2595, 20073755|2689, 20073755|2945, 20073835|3032, 20073835|3173, 20073975|3280, 20073975|3377, 20074035|3497, 20074035|4061, https://www.shodan.io, 
20074960|1, 20074960|1470, 20075160|1710, 20075520|2202, 20075580|2328, 20075580|2412, 20075744|2504, 20075744|2906, 20075824|2987, 20075824|3105, 20075964|3230, 20075964|3444, 20076212|3561, 20076833|3668, 20077105|3757, 20077105|3839, 20077157|3928, 20077157|4013, http://www.ox.ac.uk, 
20088880|1, 20088880|1478, 20092542|1938, 20092882|2189, 20092882|2302, 20092942|2399, 20092942|2817, 20093022|2918, 20093022|3007, 20093102|3160, 20093162|3308, 20093222|3398, 20094119|3518, 20095676|3685, 20095676|4040, https://www.jianshu.com, 
20114763|1, 20114763|1348, 20115620|1731, 20118445|2076, 20118525|2209, 20118585|2297, 20118585|2454, 20118645|2545, 20118645|2904, 20118725|2989, 20118725|3080, 20118805|3232, 20118865|3319, 20118865|3451, 20118925|3554, 20118925|3662, 20122172|3801, 20123610|3938, 20123610|4088, https://www.jd.com, 
20163156|1, 20163156|1461, 20163977|1704, 20165158|2055, 20165514|2288, 20165514|2476, 20166747|2568, 20166929|2663, 20167073|2753, 20167721|2843, 20169593|2943, 20170537|3035, 20171329|3128, 20172777|3223, 20172837|3341, 20173303|3448, 20173579|3533, 20173795|3618, 20174227|3710, 20174659|3827, 20176027|3974, 20176891|4054, https://www.yahoo.com, 
20225457|1, 20225457|1479, 20225761|1650, 20228359|2118, 20228499|2317, 20228499|2501, 20228559|2585, 20228559|2901, 20228639|3000, 20228639|3204, 20228779|3304, 20228779|3436, 20228839|3574, 20228839|4044, https://www.pku.edu.cn, 
20244986|1, 20244986|1561, 20246660|1808, 20249048|2229, 20249336|2416, 20249396|2506, 20249396|2656, 20249456|2740, 20249456|3156, 20249536|3282, 20249676|3482, 20249676|3691, 20249736|3774, 20249736|4147, https://www.linkedin.com, 
20281549|1, 20281549|1530, 20281789|1812, 20284420|2245, 20284600|2363, 20285250|2453, 20285521|2581, 20285521|2666, 20285701|2763, 20285701|3018, 20285781|3102, 20285781|3183, 20285921|3324, 20285921|3448, 20285981|3571, 20285981|4065, https://www.shodan.io, 
20286906|1, 20286906|1599, 20289060|2074, 20289697|2272, 20290607|2417, 20290607|2506, 20290667|2585, 20290998|2699, 20290998|2962, 20291078|3051, 20291078|3234, 20291218|3357, 20291218|3497, 20291278|3603, 20291278|4081, https://www.shodan.io, 
20292263|1, 20292263|1724, 20292623|2014, 20292763|2340, 20292763|2522, 20292823|2610, 20292823|3005, 20292903|3103, 20292903|3189, 20293043|3320, 20293043|3541, 20293784|3677, 20293992|3776, 20294108|3881, 20294160|3977, 20294160|4076, http://www.ox.ac.uk, 
20305785|1, 20305785|1560, 20306762|1844, 20309089|2209, 20309371|2351, 20311008|2487, 20311008|2571, 20311068|2647, 20311068|3065, 20311148|3159, 20311148|3276, 20311288|3414, 20311288|3600, 20311348|3721, 20311348|4043, https://www.bing.com, 
20314123|1, 20314123|1465, 20316654|1838, 20317674|2205, 20317674|2391, 20317734|2481, 20317734|2802, 20317814|2876, 20317814|3040, 20317894|3129, 20317954|3215, 20317954|3362, 20318014|3475, 20318014|4054, https://www.douyin.com, 
20324467|1, 20324467|1451, 20326893|1802, 20327273|2154, 20329695|2273, 20329899|2358, 20329899|2779, 20329979|2869, 20329979|2954, 20330059|3063, 20330119|3181, 20330119|3281, 20330179|3380, 20330179|4051, https://www.mit.edu, 
20334344|1, 20334344|1620, 20336138|1924, 20338041|2248, 20338794|2378, 20338794|2471, 20338854|2546, 20338854|2945, 20338934|3032, 20338934|3124, 20339014|3225, 20339074|3356, 20339074|3458, 20339134|3563, 20339134|4070, https://www.ctrip.com, 
20369772|1, 20369772|1046, 20369812|1322, 20369812|1469, 20371486|1675, 20373440|2057, 20373903|2247, 20373963|2329, 20373963|2409, 20374023|2510, 20374023|2877, 20374103|2979, 20374103|3107, 20374243|3279, 20381007|3440, 20381431|3561, 20381431|3662, 20381491|3759, 20382088|3855, 20382691|3948, 20383625|4051, https://www.apple.com, 
20397846|1, 20397846|1446, 20399720|1776, 20403138|2199, 20403198|2345, 20403198|2445, 20405430|2562, 20405430|2879, 20405510|2962, 20405510|3123, 20405650|3222, 20405650|3369, 20405710|3471, 20405710|3712, 20408776|3856, 20418142|3970, 20418734|4068, https://www.baidu.com, 
20442353|1, 20442353|1501, 20444147|1910, 20445973|2243, 20445973|2367, 20446033|2453, 20446033|2780, 20446113|2869, 20446113|3059, 20446253|3210, 20446253|3357, 20446313|3455, 20446313|3579, 20448294|3757, 20449565|3907, 20450881|4000, 20450881|4144, https://www.jd.com, 
20491522|1, 20491522|1582, 20491762|1866, 20492202|2245, 20492923|2367, 20493800|2459, 20494058|2550, 20494472|2636, 20495119|2738, 20495119|2827, 20495191|2914, 20495191|2997, 20495271|3083, 20495271|3200, 20495483|3334, 20496835|3493, 20496895|3569, 20497111|3646, 20497255|3738, 20497615|4054, https://www.netflix.com, 
20528748|1, 20528748|1241, 20530828|1459, 20533892|1877, 20536584|2115, 20536584|2219, 20536644|2302, 20536644|2635, 20536724|2710, 20536724|2877, 20536804|2975, 20536864|3131, 20536924|3215, 20536924|3476, 20537024|3590, 20540350|3734, 20550233|3857, 20552185|4058, https://www.baidu.com, 
20585038|1, 20585038|1242, 20585198|1579, 20587596|1911, 20589899|2231, 20589959|2382, 20589959|2768, 20590696|2853, 20591534|2945, 20591814|3046, 20591874|3150, 20591874|3236, 20591934|3415, 20591934|3550, 20592591|3676, 20593644|3826, 20593764|4038, https://www.alipay.com, 
20600743|1, 20600743|1290, 20603274|1736, 20604325|2154, 20604385|2300, 20604385|2638, 20604465|2715, 20604465|2957, 20604605|3088, 20604605|3227, 20604665|3363, 20604665|3512, 20604785|3614, 20610270|3759, 20615656|3855, 20618848|3974, 20618848|4058, https://www.pinduoduo.com, 
20624064|1, 20624064|1437, 20625698|1713, 20626941|2059, 20628036|2239, 20629313|2336, 20630157|2425, 20630217|2521, 20630217|2607, 20630292|2704, 20630292|2868, 20630372|2963, 20630372|3056, 20630452|3180, 20630512|3321, 20630512|3426, 20630572|3567, 20630572|4027, https://world.taobao.com, 
20651366|1, 20651366|1292, 20651446|1594, 20652779|2017, 20655367|2266, 20655367|2367, 20656795|2460, 20659387|2548, 20662267|2650, 20662411|2742, 20662483|2837, 20662563|2922, 20662563|3095, 20662643|3196, 20662703|3332, 20662839|3416, 20662899|3499, 20662899|3584, 20666571|3685, 20667699|3864, 20672117|4023, https://www.yahoo.com, 
20731240|1, 20731240|1513, 20731600|1766, 20732477|2131, 20733307|2309, 20733307|2389, 20733518|2469, 20733518|2553, 20733698|2637, 20733758|2725, 20733758|2805, 20733838|2884, 20733838|3064, 20733978|3192, 20733978|3350, 20734038|3483, 20734038|4017, https://www.shodan.io, 
20735280|1, 20735280|1595, 20737138|1875, 20739312|2275, 20739372|2389, 20739372|2465, 20739432|2541, 20739432|3018, 20739512|3109, 20739512|3201, 20739652|3362, 20739850|3469, 20742732|3634, 20745951|3765, 20745951|3850, 20746608|3976, 20747211|4065, https://www.apple.com, 
20758486|1, 20758486|1321, 20759968|1523, 20761316|1990, 20761396|2235, 20761456|2339, 20761456|2416, 20761516|2507, 20761516|2931, 20761596|3018, 20761596|3098, 20761736|3325, 20761736|3443, 20761796|3560, 20761796|4017, https://www.pku.edu.cn, 
20779368|1, 20779368|1382, 20781362|1659, 20784068|1972, 20784280|2288, 20784280|2373, 20784340|2448, 20784340|2921, 20784420|3034, 20784420|3112, 20784560|3269, 20784560|3403, 20785121|3519, 20785121|3626, 20785766|3720, 20788845|3882, 20788845|4085, https://www.buaa.edu.cn, 
20796160|1, 20796160|1567, 20796981|1750, 20798162|2136, 20800161|2346, 20800305|2471, 20801013|2570, 20803821|2678, 20806053|2802, 20806125|2888, 20806205|2968, 20806205|3158, 20806561|3277, 20806921|3394, 20807117|3481, 20807117|3635, 20810877|3859, 20813828|4009, https://www.yahoo.com, 
20871339|1, 20871339|1420, 20874161|1761, 20874381|2239, 20874381|2402, 20874441|2478, 20874441|2885, 20874521|2974, 20874521|3056, 20874601|3151, 20874661|3276, 20874661|3385, 20874721|3516, 20874721|4010, https://www.pku.edu.cn, 
20889939|1, 20889939|1376, 20891373|1586, 20894480|2032, 20895717|2371, 20896613|2466, 20896695|2571, 20896695|2837, 20896775|2914, 20896775|3088, 20896915|3171, 20896915|3277, 20896975|3432, 20898405|3581, 20898685|3756, 20898685|3844, 20900706|3983, 20903845|4089, https://www.alipay.com, 
20905820|1, 20905820|1278, 20905980|1500, 20909661|1883, 20912024|2199, 20912860|2303, 20913002|2394, 20913002|2731, 20913082|2803, 20913082|2988, 20913222|3099, 20913222|3336, 20913939|3468, 20914992|3617, 20914992|3695, 20917024|3872, 20920203|3981, 20920283|4181, https://www.alipay.com, 
20922161|1, 20922161|1528, 20922361|1833, 20922521|2143, 20922781|2332, 20922841|2460, 20922945|2545, 20922945|2846, 20923025|2933, 20923025|3099, 20923105|3210, 20923165|3316, 20923225|3462, 20923906|3621, 20924010|3712, 20924242|3801, 20924422|3914, 20924474|4018, http://www.ox.ac.uk, 
20935129|1, 20935129|1346, 20935249|1527, 20937780|2013, 20939333|2260, 20939333|2357, 20940090|2445, 20941009|2590, 20941009|2830, 20941089|2908, 20941089|3004, 20941169|3122, 20941229|3218, 20941229|3360, 20941289|3487, 20941289|4047, https://world.taobao.com, 
20965546|1, 20965546|1593, 20965746|1851, 20965986|2242, 20966046|2345, 20966046|2512, 20966106|2592, 20966106|2930, 20966186|3018, 20966186|3214, 20966326|3337, 20966326|3466, 20966446|3566, 20967067|3669, 20967339|3759, 20967339|3847, 20967391|3949, 20967391|4060, http://www.ox.ac.uk, 
20977662|1, 20977662|1463, 20977862|1631, 20979581|2048, 20979721|2236, 20979721|2428, 20979781|2507, 20979781|2892, 20979861|3004, 20979861|3090, 20980001|3248, 20980585|3396, 20987999|3552, 20989802|3649, 20992313|3755, 20992965|3844, 20993045|3980, 20993045|4128, http://blogs.360.cn, 
21004962|1, 21004962|1532, 21005162|1761, 21005402|2139, 21005462|2297, 21005462|2374, 21005522|2488, 21005522|2879, 21005602|2967, 21005602|3049, 21005682|3150, 21005742|3232, 21005742|3396, 21005862|3537, 21006483|3652, 21006755|3752, 21006807|3846, 21006807|4033, http://www.ox.ac.uk, 
21018326|1, 21018326|1432, 21020080|1687, 21022418|2203, 21022418|2330, 21022478|2430, 21022478|2758, 21022558|2838, 21022558|3020, 21022698|3128, 21022698|3225, 21022758|3350, 21022758|4082, https://www.linkedin.com, 
21054260|1, 21054260|1258, 21054340|1534, 21057830|2073, 21059823|2258, 21060242|2389, 21063050|2475, 21066146|2564, 21066146|2725, 21066226|2803, 21066226|2965, 21066306|3051, 21066366|3168, 21066366|3269, 21066426|3382, 21066562|3487, 21066562|3724, 21070946|3919, 21072199|4047, https://www.yahoo.com, 
21129892|1, 21129892|1495, 21132698|1991, 21134400|2251, 21134452|2340, 21134759|2449, 21134759|2772, 21134839|2853, 21134839|3036, 21134979|3154, 21134979|3282, 21135039|3416, 21135039|4049, https://www.pku.edu.cn, 
21151210|1, 21151210|1522, 21151951|1754, 21154409|2190, 21156817|2380, 21156877|2473, 21157772|2575, 21160436|2683, 21163532|2775, 21163532|2851, 21163612|2945, 21163612|3063, 21163692|3160, 21163752|3293, 21163888|3394, 21163948|3475, 21166180|3594, 21169740|3844, 21171294|3974, 21174174|4093, https://www.yahoo.com, 
21226339|1, 21226339|1388, 21227733|1606, 21229551|1983, 21231659|2260, 21234162|2476, 21234162|2740, 21234242|2816, 21234242|2992, 21234322|3084, 21234382|3212, 21234382|3309, 21234442|3393, 21234442|4086, https://world.taobao.com, 
21255257|1, 21255257|250, 21255337|415, 21255337|1422, 21257379|1938, 21258674|2130, 21259197|2217, 21259197|2294, 21259480|2411, 21259480|2752, 21259560|2839, 21259560|2941, 21259640|3064, 21259700|3205, 21263997|3331, 21271435|3460, 21277551|3607, 21277551|3790, 21277611|3874, 21278208|3959, 21278208|4043, https://www.apple.com, 
21293770|1, 21293770|563, 21293850|722, 21293850|1528, 21294370|1866, 21297416|2316, 21297603|2409, 21297910|2516, 21297910|2855, 21297990|2939, 21297990|3130, 21298130|3272, 21298130|3372, 21299307|3525, 21299367|3636, 21299367|3718, 21304028|3846, 21305374|3935, 21305814|4053, http://blogs.360.cn, 
21318522|1, 21318522|1491, 21319703|1735, 21322890|2193, 21324269|2431, 21324792|2523, 21325224|2612, 21326376|2702, 21326952|2785, 21327528|2872, 21328832|2958, 21329552|3067, 21330352|3186, 21330412|3273, 21330412|3392, 21330608|3521, 21330608|3681, 21333080|3846, 21335362|3969, 21340343|4139, https://www.yahoo.com, 
21402731|1, 21402731|1376, 21405109|1695, 21409470|2215, 21409530|2323, 21410554|2419, 21411390|2507, 21411472|2591, 21411472|2784, 21411552|2860, 21411552|3045, 21411632|3135, 21411692|3219, 21411692|3324, 21411752|3459, 21411812|3594, 21413462|3744, 21413462|3841, 21414776|3969, 21416250|4126, https://www.alipay.com, 
21420745|1, 21420745|1519, 21420905|1715, 21423251|2194, 21426286|2416, 21427679|2548, 21427791|2645, 21428038|2744, 21428038|2997, 21428118|3079, 21428118|3168, 21428198|3316, 21428258|3461, 21428258|3556, 21428318|3640, 21428318|4035, https://www.mit.edu, 
21431598|1, 21431598|1540, 21432931|1910, 21435455|2244, 21435642|2335, 21437082|2477, 21437408|2574, 21437408|2663, 21438632|2750, 21439280|2836, 21440080|2929, 21441376|3039, 21442392|3190, 21443532|3286, 21444286|3377, 21444346|3460, 21444994|3555, 21446146|3692, 21447634|3854, 21453577|4024, https://www.yahoo.com, 
21516323|1, 21516323|1615, 21517504|1868, 21521425|2330, 21521866|2416, 21522357|2533, 21523005|2634, 21523005|2713, 21524661|2794, 21527829|2888, 21527909|2975, 21527909|3152, 21528185|3285, 21528185|3418, 21528245|3505, 21533285|3708, 21536226|3856, 21539263|3991, 21540789|4118, https://www.yahoo.com, 
21591708|1, 21591708|1317, 21591828|1625, 21595119|2028, 21596941|2305, 21596993|2396, 21597053|2479, 21597053|2877, 21597444|2974, 21597444|3153, 21597584|3277, 21597584|3396, 21597644|3500, 21597644|4032, https://www.douyin.com, 
21604097|1, 21604097|1409, 21605851|1642, 21608281|2081, 21609258|2276, 21610035|2370, 21610095|2446, 21610238|2533, 21610238|2859, 21610318|2969, 21610318|3073, 21610458|3204, 21610973|3388, 21616250|3555, 21616250|3655, 21616310|3761, 21616907|3861, 21617510|3944, 21617510|4024, https://www.apple.com, 
21626337|1, 21626337|1612, 21628955|1988, 21632900|2388, 21633885|2499, 21634872|2599, 21634954|2702, 21634954|2944, 21635034|3022, 21635034|3210, 21635114|3291, 21635174|3426, 21635174|3522, 21635234|3656, 21636664|3801, 21636944|3959, 21637064|4057, https://www.alipay.com, 
21644221|1, 21644221|1436, 21646267|1723, 21648749|2039, 21650657|2299, 21650860|2415, 21650860|2844, 21650940|2939, 21650940|3026, 21651020|3107, 21651080|3227, 21651080|3383, 21651140|3490, 21651140|4012, https://www.ctrip.com, 
21684442|1, 21684442|839, 21684482|970, 21684482|1643, 21686844|2136, 21687821|2374, 21688598|2467, 21688598|2556, 21688801|2639, 21688801|2986, 21688881|3077, 21688881|3183, 21688961|3324, 21689021|3429, 21690809|3609, 21690953|3732, 21690953|3862, 21693952|3974, 21694032|4097, https://www.buaa.edu.cn, 
21701427|1, 21701427|1527, 21702284|1742, 21705845|2219, 21706830|2349, 21706890|2431, 21706890|2834, 21706970|2937, 21707177|3037, 21707317|3227, 21707317|3382, 21707680|3534, 21709479|3670, 21710986|3771, 21710986|3868, 21712466|3987, 21712466|4114, https://www.jd.com, 
21747567|1, 21747567|379, 21747607|530, 21747607|1572, 21750113|2039, 21751807|2265, 21751867|2355, 21752010|2449, 21752070|2537, 21752070|2936, 21752150|3035, 21752150|3184, 21752290|3314, 21752290|3451, 21752350|3554, 21752350|4078, https://www.mit.edu, 
21755394|1, 21755394|1620, 21757388|1975, 21759583|2270, 21760533|2444, 21761872|2589, 21761872|2826, 21761952|2911, 21761952|3079, 21762032|3176, 21762092|3268, 21762092|3380, 21762152|3513, 21762152|4013, https://www.bing.com, 
21764838|1, 21764838|1582, 21766472|1790, 21769089|2205, 21770086|2435, 21770333|2526, 21770393|2615, 21770393|2931, 21770473|3015, 21770473|3191, 21770553|3293, 21770613|3482, 21770673|3644, 21770673|3755, 21771570|3847, 21781424|4026, https://www.pinduoduo.com, 
21789249|1, 21789249|1089, 21790563|1512, 21794461|1869, 21798247|2166, 21798247|2263, 21798450|2359, 21798450|2744, 21798530|2832, 21798530|2924, 21798610|3015, 21798670|3120, 21798670|3285, 21798730|3387, 21800364|3539, 21809781|3671, 21814668|3811, 21814668|4075, https://www.baidu.com, 
21850154|1, 21850154|1574, 21852148|2066, 21854229|2283, 21855322|2407, 21856661|2516, 21856661|2926, 21856741|3013, 21856741|3106, 21856821|3205, 21856821|3295, 21856881|3398, 21856881|3497, 21856941|3600, 21856941|3755, 21858064|3918, 21858064|4146, https://www.bing.com, 
21859631|1, 21859631|1224, 21859751|1481, 21861929|1846, 21862089|2111, 21863576|2279, 21863763|2370, 21864070|2467, 21864070|2796, 21864150|2890, 21864150|2977, 21864230|3147, 21864290|3236, 21864290|3329, 21864470|3429, 21877678|3627, 21882618|3752, 21882618|3854, 21882678|3934, 21883275|4061, https://www.apple.com, 
21894238|1, 21894238|1399, 21895872|1714, 21899630|2248, 21899873|2368, 21899873|2484, 21899933|2593, 21899933|2917, 21900013|2994, 21900013|3099, 21900093|3216, 21900153|3339, 21900153|3474, 21902666|3687, 21904146|3772, 21904146|4037, https://zhuanlan.zhihu.com, 
21917724|1, 21917724|1527, 21919718|1996, 21922574|2245, 21922800|2335, 21924395|2434, 21924395|2840, 21924475|2922, 21924475|3003, 21924555|3087, 21924615|3216, 21924615|3324, 21924675|3429, 21925798|4054, https://www.bing.com, 
21927363|1, 21927363|1516, 21929357|1767, 21930642|2247, 21931479|2354, 21931726|2450, 21931786|2562, 21931786|2891, 21931866|2980, 21931866|3121, 21931946|3246, 21932006|3392, 21932158|3494, 21933938|3651, 21933938|3766, 21936977|3921, 21937017|4026, https://www.buaa.edu.cn, 
21944331|1, 21944331|1609, 21944611|1882, 21946238|2176, 21947215|2473, 21947992|2594, 21948052|2674, 21948299|2773, 21948299|3024, 21948379|3115, 21948379|3308, 21948519|3419, 21950368|3576, 21956463|3712, 21958300|3807, 21958564|3905, 21958644|4110, http://blogs.360.cn, 
21969089|1, 21969089|1362, 21970883|1600, 21974862|1984, 21976371|2233, 21979762|2407, 21979822|2524, 21979822|2860, 21979902|2952, 21979902|3129, 21980042|3259, 21980042|3417, 21980102|3531, 21980102|3623, 21982553|3736, 21994012|3858, 21995469|3967, 21996269|4060, https://www.baidu.com, 
22018766|1, 22018766|1424, 22018926|1618, 22021941|2073, 22022934|2260, 22022994|2351, 22023137|2441, 22023137|2763, 22023217|2848, 22023217|3017, 22023357|3112, 22023357|3245, 22023494|3386, 22024215|3506, 22025051|3629, 22025333|3733, 22025333|4056, https://www.mit.edu, 
22030009|1, 22030009|1584, 22031723|1841, 22035239|2262, 22035426|2377, 22035733|2476, 22035733|2900, 22035813|2991, 22035813|3082, 22035893|3174, 22035953|3280, 22035953|3413, 22036013|3514, 22036013|4030, https://www.douyin.com, 
22042501|1, 22042501|1375, 22044375|1683, 22047902|1957, 22048915|2181, 22051358|2297, 22051358|2387, 22051418|2467, 22051418|2860, 22051498|2955, 22051498|3055, 22051638|3203, 22051638|3331, 22051698|3435, 22054559|3599, 22064840|3745, 22065265|3840, 22065265|4017, https://www.baidu.com, 
22100788|1, 22100788|1435, 22103022|1688, 22105958|2092, 22107463|2308, 22107770|2408, 22108547|2496, 22109383|2583, 22109465|2675, 22109465|2850, 22109545|2933, 22109545|3025, 22109625|3123, 22109685|3218, 22109745|3412, 22110522|3550, 22111415|3696, 22111415|3777, 22111535|3887, 22114112|4008, https://www.alipay.com, 
22118613|1, 22118613|1525, 22119153|1863, 22121293|2171, 22122286|2316, 22122346|2407, 22122489|2501, 22122489|2583, 22122609|2688, 22122609|2853, 22124323|2942, 22124563|3111, 22124623|3201, 22124623|3323, 22126288|3462, 22132475|3589, 22132715|3684, 22134552|3776, 22134816|3882, 22134896|4176, http://blogs.360.cn, 
22145286|1, 22145286|1566, 22145526|1931, 22149096|2299, 22149096|2384, 22150217|2470, 22150217|2560, 22150496|2652, 22150496|2824, 22152000|2945, 22152000|3048, 22152140|3157, 22152500|3315, 22152920|3405, 22152920|4029, https://www.netflix.com, 
22196319|1, 22196319|1508, 22198591|2053, 22201209|2242, 22201434|2328, 22202590|2427, 22202590|2831, 22202670|2917, 22202917|3029, 22203057|3152, 22203057|3352, 22203117|3473, 22203117|3752, 22204240|3957, 22204417|4119, https://www.bing.com, 
22205806|1, 22205806|1451, 22205926|1634, 22207712|1995, 22211261|2315, 22212014|2402, 22212261|2496, 22212321|2581, 22212321|2988, 22212401|3078, 22212401|3168, 22212481|3310, 22212541|3459, 22212601|3588, 22212601|4022, https://www.ctrip.com, 
22243896|1, 22243896|1655, 22245662|1939, 22248462|2361, 22250052|2531, 22250255|2638, 22250255|3024, 22250335|3110, 22250335|3251, 22250415|3351, 22250475|3486, 22250535|3635, 22250535|4005, https://www.ctrip.com, 
22278250|1, 22278250|3072, 22280396|3521, 22284505|4132, https://www.netflix.com, 
22288930|1, 22288930|2711, 22289210|3018, 22290877|3500, 22292476|3867, 22292663|4003, http://blogs.360.cn, 
22313088|1, 22313088|2608, 22313288|2960, 22314995|3565, 22316606|3850, 22316793|3947, 22316936|4060, http://blogs.360.cn, 
22337853|1, 22337853|2620, 22340379|3134, 22346824|3812, 22347071|3966, 22347214|4072, https://www.baidu.com, 
22363812|1, 22363812|2320, 22363932|2824, 22367329|3528, 22370119|3893, 22370119|4063, https://www.ctrip.com, 
22386210|1, 22386210|2603, 22388350|3185, 22392295|3866, 22392355|4008, https://zhuanlan.zhihu.com, 
22403681|1, 22403681|2568, 22403801|2807, 22405875|3158, 22407997|3816, 22409548|4018, https://www.apple.com, 
22436862|1, 22436862|2860, 22439540|3393, 22442407|4090, https://www.buaa.edu.cn, 
22455155|1, 22455155|2785, 22460247|3499, 22463786|3853, 22464033|3999, 22464176|4156, https://www.baidu.com, 
22481820|1, 22481820|2654, 22481880|2975, 22485573|3646, 22487220|4051, https://www.douyin.com, 
22494242|1, 22494242|2717, 22496156|3119, 22497000|3601, 22498814|4045, https://www.buaa.edu.cn, 
22510930|1, 22510930|3012, 22512964|3381, 22516471|3924, 22520528|4186, https://www.baidu.com, 
22536326|1, 22536326|2613, 22538200|2982, 22541086|3500, 22546584|3954, 22546831|4089, https://www.baidu.com, 
22563384|1, 22563384|2861, 22565730|3461, 22568619|3932, 22568619|4029, https://www.netflix.com, 
22573617|1, 22573617|2755, 22578104|3511, 22579157|3870, 22579300|3976, 22579300|4078, https://zhuanlan.zhihu.com, 
22590534|1, 22590534|254, 22590654|680, 22591042|1157, 22591042|1418, 22591102|1796, 22591102|2823, 22591999|3102, 22595625|3975, 22598042|4242, https://www.bing.com, 
22601089|1, 22601089|409, 22601249|822, 22601249|1385, 22601329|1756, 22601329|2093, 22601389|2653, 22601389|2996, 22603183|3337, 22606001|4021, https://www.douyin.com, 
22613925|1, 22613925|2079, 22614005|2586, 22614005|2977, 22616760|3673, 22619586|4096, https://zhuanlan.zhihu.com, 
22631434|1, 22631434|1722, 22631514|2331, 22631514|2695, 22633574|3180, 22636562|3776, 22638188|4073, https://zhuanlan.zhihu.com, 
22649760|1, 22649760|2755, 22651952|3164, 22652658|3726, 22654332|3993, 22654475|4116, https://www.buaa.edu.cn, 
22666556|1, 22666556|3053, 22666716|3332, 22668822|3831, 22671557|4256, https://www.netflix.com, 
22677000|1, 22677000|2847, 22677240|3158, 22680908|3870, 22683390|4157, https://www.netflix.com, 
22687548|1, 22687548|2798, 22689102|3171, 22692825|3940, 22693092|4071, https://zhuanlan.zhihu.com, 
22704529|1, 22704529|2902, 22706235|3314, 22709470|3940, 22710919|4079, https://www.netflix.com, 
