11214|1, 11214|1429, 11215|1611, 11218|2210, 11219|2330, 11219|2473, 11220|2571, 11220|3341, 11221|3486, 11222|3701, 11222|4059, https://www.jd.com, 
11241|1, 11241|1396, 11247|1971, 11248|2159, 11248|2243, 11249|2341, 11251|4186, https://www.douyin.com, 
11254|1, 11254|1548, 11259|1852, 11263|2175, 11263|2280, 11264|2371, 11264|3270, 11267|3427, 11268|3554, 11268|4050, http://www.ox.ac.uk, 
11295|1, 11295|1483, 11300|1860, 11303|2182, 11303|2285, 11304|2373, 11304|4012, https://www.shodan.io, 
11304|1, 11304|1449, 11309|1838, 11312|2088, 11312|2197, 11313|2281, 11313|3879, 11314|3973, 11314|4047, https://www.netflix.com, 
11316|1, 11316|1330, 11319|1565, 11321|1926, 11323|2141, 11323|2245, 11324|2332, 11325|4024, https://www.linkedin.com, 
11338|1, 11338|1414, 11340|1605, 11342|2001, 11344|2250, 11344|2357, 11345|2440, 11345|3579, 11348|3670, 11348|3766, 11349|3859, 11352|3968, 11352|4076, http://www.ox.ac.uk, 
11362|1, 11362|1319, 11364|1527, 11367|1908, 11369|2284, 11370|2380, 11370|3690, 11377|3826, 11377|4035, https://www.pinduoduo.com, 
11381|1, 11381|1428, 11383|1599, 11386|1994, 11389|2227, 11390|2348, 11391|2434, 11391|4059, https://world.taobao.com, 
11406|1, 11406|1400, 11408|1606, 11410|1895, 11412|2213, 11412|2333, 11413|2470, 11413|3332, 11414|3476, 11414|4063, http://www.ox.ac.uk, 
11424|1, 11424|1408, 11426|1663, 11429|2002, 11432|2261, 11432|2409, 11433|2508, 11433|4042, https://www.ctrip.com, 
11450|1, 11450|1414, 11451|1601, 11452|1919, 11456|2300, 11456|2423, 11457|2503, 11457|3653, 11459|3803, 11459|4023, https://www.jd.com, 
11477|1, 11477|1416, 11479|1622, 11481|2156, 11483|2330, 11484|2418, 11484|2512, 11485|2602, 11485|3512, 11486|3633, 11488|4017, https://www.alipay.com, 
11488|1, 11488|1414, 11491|1668, 11493|1998, 11496|2234, 11497|2338, 11497|4036, https://www.ctrip.com, 
11511|1, 11511|1469, 11515|1893, 11517|2176, 11517|2263, 11518|2343, 11518|3616, 11520|3793, 11523|3910, 11523|4075, https://www.yahoo.com, 
11541|1, 11541|1551, 11546|1914, 11550|2300, 11551|2397, 11551|4024, https://world.taobao.com, 
11563|1, 11563|1536, 11565|1772, 11568|2126, 11570|2357, 11570|2554, 11571|2638, 11571|4087, https://www.netflix.com, 
11573|1, 11573|1359, 11575|1607, 11577|2026, 11579|2270, 11579|2432, 11580|2519, 11580|4106, https://www.mit.edu, 
11581|1, 11581|1691, 11586|2137, 11588|2381, 11588|2487, 11589|2573, 11589|4024, https://www.shodan.io, 
11589|1, 11589|1500, 11594|1886, 11596|2169, 11596|2395, 11597|2477, 11597|4024, https://www.douyin.com, 
11602|1, 11602|1581, 11605|1878, 11608|2188, 11609|2289, 11611|2403, 11612|2510, 11612|4084, https://world.taobao.com, 
11624|1, 11624|1478, 11629|1852, 11631|2201, 11631|2326, 11632|2408, 11633|4061, https://www.linkedin.com, 
11644|1, 11644|1696, 11646|1993, 11650|2382, 11650|2603, 11651|2697, 11651|4089, https://www.yahoo.com, 
11673|1, 11673|1537, 11675|1736, 11678|2197, 11679|2349, 11680|2459, 11680|2551, 11681|2650, 11681|3679, 11682|3815, 11682|4019, https://www.jianshu.com, 
11694|1, 11694|1564, 11696|1973, 11699|2300, 11700|2416, 11700|2501, 11701|2610, 11701|4016, https://www.bing.com, 
11701|1, 11701|1428, 11704|1690, 11707|2226, 11707|2372, 11708|2470, 11708|4030, https://www.pku.edu.cn, 
11721|1, 11721|1659, 11724|1958, 11727|2334, 11728|2474, 11729|2600, 11729|3690, 11730|3795, 11730|4063, https://www.jianshu.com, 
11744|1, 11744|1366, 11747|1730, 11752|2238, 11753|2377, 11753|3598, 11754|3693, 11754|4021, https://www.alipay.com, 
11756|1, 11756|1512, 11758|1745, 11762|2210, 11763|2396, 11764|2502, 11764|3566, 11765|3696, 11765|4007, https://www.jianshu.com, 
11778|1, 11778|1477, 11781|1781, 11785|2182, 11785|2330, 11786|2408, 11786|3313, 11788|3448, 11792|3623, 11795|3725, 11795|4011, http://blogs.360.cn, 
11805|1, 11805|1489, 11808|1883, 11811|2251, 11812|2373, 11812|2466, 11813|2559, 11813|4008, https://www.shodan.io, 
11813|1, 11813|1571, 11816|1937, 11821|2330, 11821|2482, 11822|2575, 11822|4049, https://www.mit.edu, 
11825|1, 11825|1546, 11830|1958, 11832|2287, 11833|2384, 11833|3270, 11834|3405, 11834|3616, 11838|3747, 11840|3852, 11841|4064, http://blogs.360.cn, 
11851|1, 11851|1584, 11854|1792, 11857|2258, 11860|2449, 11861|2561, 11861|4051, https://world.taobao.com, 
11874|1, 11874|1663, 11878|2078, 11880|2376, 11880|2544, 11881|2637, 11881|4050, https://www.mit.edu, 
11883|1, 11883|1489, 11885|1725, 11887|2017, 11890|2375, 11891|2465, 11891|4052, https://www.ctrip.com, 
11907|1, 11907|1573, 11909|1755, 11912|2168, 11914|2395, 11914|2500, 11915|2598, 11916|4104, https://www.douyin.com, 
11920|1, 11920|1760, 11924|2254, 11925|2403, 11926|2482, 11926|2637, 11927|2720, 11927|4005, https://www.pku.edu.cn, 
11941|1, 11941|1333, 11943|1504, 11945|1983, 11948|2249, 11948|2343, 11949|2426, 11949|4071, https://www.ctrip.com, 
11963|1, 11963|1578, 11965|1695, 11968|2080, 11971|2401, 11971|2578, 11972|2662, 11972|4037, https://www.ctrip.com, 
11987|1, 11987|1430, 11990|1823, 11994|2236, 11994|2442, 11995|2534, 11995|3608, 11996|3780, 11996|4012, https://www.jianshu.com, 
12008|1, 12008|1613, 12011|1867, 12014|2364, 12015|2483, 12015|2560, 12016|2644, 12016|4003, https://www.linkedin.com, 
12027|1, 12027|1541, 12030|1782, 12033|2187, 12034|2340, 12034|2448, 12035|2535, 12035|4066, https://www.apple.com, 
12038|1, 12038|1606, 12041|1947, 12045|2262, 12045|2448, 12046|2543, 12046|4011, https://www.netflix.com, 
12048|1, 12048|1371, 12050|1553, 12053|1880, 12055|2244, 12055|2328, 12056|2405, 12057|4164, https://www.linkedin.com, 
12067|1, 12067|1530, 12072|1871, 12074|2271, 12075|2372, 12075|3225, 12077|3453, 12077|3580, 12078|3749, 12078|4062, https://www.jianshu.com, 
12092|1, 12092|474, 12093|659, 12093|1696, 12096|1989, 12100|2404, 12100|2492, 12101|2583, 12101|3443, 12102|3539, 12102|4054, https://www.linkedin.com, 
12112|1, 12112|1487, 12114|1709, 12116|2172, 12118|2336, 12118|2417, 12119|2513, 12119|3693, 12121|3828, 12121|4065, https://www.jd.com, 
12138|1, 12138|1326, 12140|1540, 12142|1892, 12145|2227, 12145|2409, 12146|2534, 12146|3254, 12147|3391, 12147|3595, 12151|3713, 12151|3808, 12154|3922, 12154|4028, http://blogs.360.cn, 
12164|1, 12164|1591, 12167|1942, 12170|2309, 12171|2398, 12171|2553, 12172|2639, 12172|4111, https://www.linkedin.com, 
12184|1, 12184|1535, 12185|1712, 12189|2188, 12190|2355, 12191|2475, 12191|3698, 12193|3814, 12193|4013, https://www.jd.com, 
12209|1, 12209|1544, 12211|1837, 12214|2271, 12216|2468, 12216|2547, 12217|2650, 12217|3519, 12218|3677, 12219|3800, 12219|4017, https://zhuanlan.zhihu.com, 
12226|1, 12226|1550, 12229|1746, 12231|2032, 12233|2330, 12233|2540, 12234|2634, 12234|3670, 12241|3814, 12241|4052, https://www.pinduoduo.com, 
12245|1, 12245|1612, 12250|1963, 12252|2254, 12252|2444, 12253|2519, 12254|4198, https://www.linkedin.com, 
12267|1, 12267|1662, 12270|1901, 12274|2271, 12276|2434, 12277|2559, 12277|4072, https://world.taobao.com, 
12291|1, 12291|1455, 12294|1812, 12296|2165, 12297|2342, 12297|2423, 12298|2502, 12298|4067, https://www.pku.edu.cn, 
12311|1, 12311|1546, 12314|1833, 12316|2314, 12320|2445, 12320|2542, 12321|2638, 12321|4005, https://world.taobao.com, 
12336|1, 12336|1472, 12337|1702, 12340|2049, 12342|2323, 12342|2435, 12343|2533, 12343|3761, 12345|3866, 12345|4048, https://www.jd.com, 
12361|1, 12361|1491, 12363|1692, 12365|2016, 12368|2346, 12368|2508, 12369|2593, 12369|3454, 12370|3590, 12370|3875, 12374|3972, 12376|4070, http://blogs.360.cn, 
12386|1, 12386|1250, 12388|1606, 12391|1948, 12393|2311, 12393|2422, 12394|2509, 12394|3830, 12395|3917, 12395|4008, https://www.apple.com, 
12396|1, 12396|1320, 12399|1667, 12401|2115, 12403|2345, 12403|2461, 12404|2537, 12404|3532, 12411|3696, 12411|4006, https://www.pinduoduo.com, 
12415|1, 12415|1547, 12418|1865, 12420|2101, 12422|2407, 12422|2585, 12423|2663, 12423|3410, 12424|3554, 12425|3761, 12426|3870, 12426|4072, https://zhuanlan.zhihu.com, 
12433|1, 12433|1415, 12435|1662, 12438|2083, 12440|2334, 12441|2430, 12441|3858, 12442|3980, 12442|4083, https://www.buaa.edu.cn, 
12451|1, 12451|1720, 12456|2146, 12458|2474, 12458|2575, 12459|2678, 12459|3603, 12460|3760, 12460|4072, https://www.jianshu.com, 
12473|1, 12473|1608, 12475|1972, 12478|2338, 12479|2468, 12479|2558, 12480|2654, 12480|3693, 12482|3815, 12482|4005, https://www.jd.com, 
12499|1, 12499|1576, 12502|1891, 12505|2302, 12508|2459, 12508|2556, 12509|2641, 12509|4099, https://world.taobao.com, 
12521|1, 12521|1627, 12525|1944, 12528|2349, 12528|2453, 12529|2531, 12529|4020, https://www.linkedin.com, 
12543|1, 12543|1468, 12545|1650, 12549|2185, 12551|2421, 12552|2528, 12552|3682, 12553|3816, 12553|4025, https://www.alipay.com, 
12555|1, 12555|1432, 12558|1732, 12559|2113, 12560|2322, 12561|2414, 12561|2571, 12562|2681, 12562|4079, https://www.pku.edu.cn, 
12575|1, 12575|1746, 12579|2159, 12580|2384, 12581|2469, 12581|2556, 12582|2639, 12582|3742, 12584|3875, 12584|4094, https://www.jd.com, 
12599|1, 12599|1351, 12602|1661, 12605|2108, 12606|2297, 12607|2380, 12607|3518, 12614|3638, 12614|4029, https://www.pinduoduo.com, 
12618|1, 12618|1609, 12620|1814, 12623|2219, 12625|2425, 12625|2595, 12626|2678, 12626|4086, https://www.douyin.com, 
12631|1, 12631|1646, 12634|1891, 12636|2200, 12638|2374, 12638|2537, 12639|2623, 12639|3778, 12640|3868, 12640|4061, https://www.apple.com, 
12641|1, 12641|1765, 12644|2184, 12645|2416, 12647|2513, 12647|2699, 12648|2780, 12648|4012, https://www.bing.com, 
12648|1, 12648|1416, 12651|1697, 12654|2064, 12657|2303, 12657|2388, 12658|2473, 12658|3580, 12659|3702, 12659|3881, 12661|3999, 12661|4090, http://www.ox.ac.uk, 
12672|1, 12672|1587, 12675|1862, 12676|2227, 12677|2350, 12678|2438, 12678|2529, 12679|2611, 12679|3466, 12687|3622, 12688|4061, https://www.apple.com, 
12689|1, 12689|1568, 12692|1813, 12694|2235, 12696|2390, 12696|2478, 12697|2578, 12697|3653, 12698|3805, 12698|4097, https://www.jianshu.com, 
12711|1, 12711|1698, 12716|2121, 12718|2307, 12718|2521, 12719|2606, 12719|3534, 12726|3679, 12726|4003, https://www.pinduoduo.com, 
12730|1, 12730|1594, 12734|2006, 12735|2280, 12736|2385, 12737|2465, 12737|2631, 12738|2720, 12738|3393, 12739|3555, 12740|3688, 12740|4007, https://zhuanlan.zhihu.com, 
12747|1, 12747|1417, 12749|1594, 12752|2102, 12755|2345, 12755|2440, 12756|2543, 12756|3471, 12757|3632, 12759|4118, https://www.alipay.com, 
12759|1, 12759|1504, 12762|1773, 12765|2245, 12766|2435, 12766|2521, 12767|2599, 12767|3625, 12774|3776, 12774|4068, https://www.pinduoduo.com, 
12778|1, 12778|1459, 12780|1702, 12782|2043, 12783|2227, 12784|2307, 12784|2485, 12785|2572, 12785|3212, 12790|3351, 12791|3505, 12791|3861, 12792|3986, 12792|4096, https://www.buaa.edu.cn, 
12800|1, 12800|1611, 12802|1872, 12805|2314, 12806|2456, 12806|2558, 12807|2648, 12807|4048, https://www.bing.com, 
12807|1, 12807|1470, 12810|1728, 12813|2255, 12814|2364, 12814|2445, 12815|2527, 12815|3522, 12818|3702, 12818|4026, https://www.baidu.com, 
12836|1, 12836|1620, 12839|1813, 12841|2103, 12843|2411, 12843|2541, 12844|2626, 12851|4001, https://www.pinduoduo.com, 
12855|1, 12855|1594, 12860|2010, 12862|2230, 12862|2320, 12863|2400, 12863|4097, https://www.shodan.io, 
12863|1, 12863|1696, 12868|2196, 12870|2428, 12870|2601, 12871|2680, 12871|3708, 12872|3852, 12872|4056, https://www.jianshu.com, 
12887|1, 12887|1449, 12892|1781, 12894|2167, 12894|2291, 12895|2376, 12895|3145, 12896|3326, 12897|3475, 12897|4116, https://zhuanlan.zhihu.com, 
12904|1, 12904|1654, 12908|2026, 12910|2322, 12910|2444, 12911|2530, 12911|4076, https://www.pku.edu.cn, 
12925|1, 12925|1491, 12928|1747, 12932|2235, 12933|2389, 12933|2542, 12934|2629, 12934|3467, 12935|3575, 12935|4070, https://www.mit.edu, 
12937|1, 12937|1520, 12940|1767, 12943|2251, 12943|2423, 12944|2568, 12944|3439, 12945|3596, 12946|4035, https://www.buaa.edu.cn, 
12955|1, 12955|1691, 12958|2002, 12961|2379, 12961|2488, 12962|2587, 12962|4074, https://www.bing.com, 
12962|1, 12962|1583, 12965|1937, 12969|2271, 12969|2435, 12970|2512, 12970|4011, https://www.douyin.com, 
12975|1, 12975|1491, 12980|1825, 12982|2191, 12982|2291, 12983|2374, 12983|3352, 12984|3498, 12984|4062, https://www.jianshu.com, 
12997|1, 12997|555, 12999|689, 12999|1450, 13001|1710, 13003|2184, 13005|2344, 13005|2504, 13006|2588, 13006|3553, 13007|3669, 13007|4116, https://www.pku.edu.cn, 
13020|1, 13020|924, 13021|1087, 13021|1600, 13024|1887, 13026|2326, 13028|2471, 13028|2649, 13029|2775, 13029|4076, https://www.shodan.io, 
13029|1, 13029|1504, 13032|1879, 13034|2231, 13035|2389, 13035|2465, 13036|2546, 13036|3351, 13037|3536, 13037|3792, 13038|3916, 13038|4015, https://www.buaa.edu.cn, 
13047|1, 13047|1420, 13050|1756, 13051|2031, 13053|2338, 13053|2461, 13054|2542, 13054|3689, 13055|3801, 13055|4058, http://www.ox.ac.uk, 
13066|1, 13066|1615, 13070|1948, 13072|2300, 13072|2414, 13073|2510, 13073|4070, https://www.mit.edu, 
13075|1, 13075|1632, 13079|1918, 13082|2297, 13082|2444, 13083|2522, 13083|4054, https://www.shodan.io, 
13083|1, 13083|1508, 13086|1809, 13087|2109, 13089|2353, 13089|2531, 13090|2618, 13090|4073, https://www.mit.edu, 
13093|1, 13093|1504, 13096|1730, 13099|2203, 13100|2426, 13101|2540, 13101|3698, 13108|3811, 13108|4070, https://www.pinduoduo.com, 
13112|1, 13112|1609, 13115|1948, 13117|2215, 13119|2373, 13119|2549, 13120|2641, 13120|4100, https://www.shodan.io, 
13120|1, 13120|1679, 13124|2139, 13128|2382, 13128|2472, 13129|2559, 13129|3600, 13130|3723, 13130|4069, http://www.ox.ac.uk, 
13141|1, 13141|1492, 13144|1802, 13147|2223, 13148|2322, 13149|2445, 13149|3531, 13150|3696, 13150|4082, https://www.jianshu.com, 
13162|1, 13162|1533, 13165|1981, 13167|2239, 13168|2322, 13168|2489, 13169|2577, 13169|3675, 13171|3808, 13171|4082, https://www.jd.com, 
13190|1, 13190|1682, 13192|1995, 13195|2297, 13196|2455, 13196|2537, 13197|2624, 13197|4011, https://www.yahoo.com, 
13214|1, 13214|1663, 13217|1925, 13219|2353, 13220|2476, 13220|2551, 13221|2632, 13221|4086, https://www.pku.edu.cn, 
13233|1, 13233|1772, 13237|2164, 13238|2445, 13239|2536, 13240|2623, 13240|2695, 13241|2777, 13241|4075, https://www.linkedin.com, 
13255|1, 13255|1760, 13258|2060, 13261|2396, 13262|2485, 13263|2620, 13263|4088, https://www.shodan.io, 
13263|1, 13263|1616, 13266|1954, 13268|2310, 13270|2465, 13270|2651, 13271|2742, 13271|4063, https://www.shodan.io, 
13271|1, 13271|1723, 13274|1941, 13276|2355, 13277|2483, 13277|2559, 13278|2648, 13278|3549, 13279|3704, 13279|4018, http://www.ox.ac.uk, 
13290|1, 13290|1800, 13294|2209, 13294|2427, 13296|2570, 13296|2743, 13297|2836, 13297|4096, https://www.bing.com, 
13297|1, 13297|1483, 13300|1749, 13302|2153, 13304|2365, 13304|2445, 13305|2526, 13305|4082, https://www.douyin.com, 
13310|1, 13310|1295, 13313|1734, 13314|2103, 13318|2318, 13318|2407, 13319|2499, 13319|4088, https://www.mit.edu, 
13321|1, 13321|1662, 13324|1884, 13326|2239, 13329|2431, 13329|2606, 13330|2688, 13330|4049, https://www.ctrip.com, 
13344|1, 13344|1466, 13346|1652, 13349|2042, 13350|2277, 13351|2368, 13351|2541, 13352|2639, 13352|3684, 13353|3782, 13353|4079, https://www.apple.com, 
13355|1, 13355|1701, 13360|2109, 13362|2386, 13362|2495, 13363|2616, 13363|3762, 13366|3905, 13366|4019, https://www.baidu.com, 
13381|1, 13381|1459, 13383|1791, 13386|2254, 13387|2431, 13388|2518, 13388|3781, 13390|3951, 13390|4056, https://www.jd.com, 
13410|1, 13410|1558, 13413|1810, 13415|2199, 13418|2398, 13418|2578, 13419|2669, 13419|4187, https://www.netflix.com, 
13421|1, 13421|1388, 13426|1790, 13428|2113, 13428|2256, 13429|2336, 13429|3605, 13432|3759, 13432|4087, https://www.baidu.com, 
13450|1, 13450|1538, 13452|1818, 13455|2144, 13457|2408, 13457|2807, 13458|2887, 13458|3684, 13459|3862, 13459|4045, https://www.alipay.com, 
13461|1, 13461|1250, 13463|1557, 13468|2136, 13468|2322, 13469|2449, 13469|3657, 13476|3769, 13476|4006, https://www.pinduoduo.com, 
13480|1, 13480|1637, 13485|2015, 13486|2271, 13488|2371, 13489|2464, 13490|2547, 13490|4061, https://world.taobao.com, 
13503|1, 13503|1580, 13505|1861, 13509|2298, 13509|2515, 13510|2605, 13510|3724, 13516|3912, 13516|4070, https://www.yahoo.com, 
13531|1, 13531|1547, 13533|1691, 13536|2074, 13538|2350, 13538|2452, 13539|2527, 13539|4056, https://www.shodan.io, 
13539|1, 13539|1600, 13541|1806, 13544|2243, 13546|2445, 13546|2598, 13547|2684, 13548|4008, https://www.apple.com, 
13549|1, 13549|1508, 13552|1870, 13554|2261, 13555|2365, 13555|2536, 13556|2624, 13556|4017, https://www.pku.edu.cn, 
13568|1, 13568|1540, 13572|1936, 13574|2248, 13575|2394, 13575|2468, 13576|2547, 13576|3731, 13577|3875, 13577|4092, https://www.buaa.edu.cn, 
13586|1, 13586|1567, 13587|1734, 13590|2079, 13592|2368, 13592|2494, 13593|2617, 13599|4043, https://www.yahoo.com, 
13612|1, 13612|1406, 13614|1619, 13617|2224, 13618|2356, 13618|2433, 13619|2515, 13619|4035, https://www.pku.edu.cn, 
13632|1, 13632|1619, 13636|1983, 13639|2327, 13641|2534, 13641|3480, 13642|3611, 13644|4023, https://www.alipay.com, 
13644|1, 13644|1483, 13647|1767, 13651|2165, 13652|2328, 13653|2425, 13653|3470, 13654|3643, 13656|4010, https://www.alipay.com, 
13656|1, 13656|1538, 13659|1777, 13660|2141, 13664|2353, 13664|2490, 13665|2587, 13665|3452, 13666|3643, 13667|4053, http://www.ox.ac.uk, 
13676|1, 13676|1507, 13679|1881, 13683|2262, 13684|2368, 13684|2460, 13686|2598, 13686|4057, https://world.taobao.com, 
13704|1, 13704|1595, 13707|1835, 13708|2236, 13710|2393, 13710|2562, 13711|2639, 13711|3608, 13712|3712, 13712|4096, http://www.ox.ac.uk, 
13722|1, 13722|1674, 13725|1918, 13728|2291, 13729|2418, 13729|2504, 13730|2580, 13730|3439, 13736|3588, 13736|3715, 13738|3816, 13738|4041, http://blogs.360.cn, 
13749|1, 13749|1712, 13753|2070, 13755|2316, 13755|2417, 13756|2523, 13756|3562, 13757|3684, 13758|4068, http://www.ox.ac.uk, 
13768|1, 13768|1647, 13773|2073, 13775|2389, 13776|2492, 13776|4071, https://www.linkedin.com, 
13791|1, 13791|1542, 13793|1840, 13798|2316, 13799|2441, 13801|4103, https://www.yahoo.com, 
13822|1, 13822|1483, 13825|1799, 13829|2289, 13829|2389, 13830|2483, 13830|4092, https://www.pku.edu.cn, 
13843|1, 13843|1554, 13844|1749, 13845|2044, 13849|2442, 13849|2550, 13850|2647, 13850|3636, 13851|3900, 13856|4030, https://www.yahoo.com, 
13873|1, 13873|1364, 13875|1598, 13878|1911, 13881|2308, 13884|2448, 13884|4018, https://world.taobao.com, 
13900|1, 13900|1438, 13903|1832, 13906|2157, 13907|2253, 13907|2330, 13908|2440, 13908|3194, 13911|3341, 13914|3470, 13914|3908, 13915|3994, 13915|4072, https://www.apple.com, 
13918|1, 13918|1527, 13920|1761, 13925|2313, 13926|2470, 13926|2557, 13927|2664, 13927|3782, 13930|3877, 13932|3997, 13932|4081, http://blogs.360.cn, 
13944|1, 13944|1639, 13949|2078, 13951|2453, 13952|2556, 13952|3829, 13958|3986, 13958|4155, https://www.yahoo.com, 
13974|1, 13974|1377, 13975|1603, 13980|2140, 13982|2364, 13983|2459, 13984|2544, 13984|3614, 13985|3745, 13987|4136, https://www.alipay.com, 
13987|1, 13987|1723, 13990|2089, 13995|2431, 13996|2585, 13997|2689, 13997|4066, https://www.mit.edu, 
13998|1, 13998|1509, 14000|1791, 14003|2213, 14005|2377, 14005|2513, 14006|2598, 14006|3679, 14009|3866, 14012|4054, https://www.yahoo.com, 
14030|1, 14030|1636, 14032|1851, 14036|2359, 14037|2484, 14037|2578, 14038|2693, 14038|3674, 14041|3871, 14044|4039, https://www.yahoo.com, 
14060|1, 14060|1595, 14063|1951, 14068|2354, 14068|2532, 14069|2621, 14069|4074, https://www.douyin.com, 
14074|1, 14074|1581, 14078|2008, 14082|2295, 14082|2510, 14083|2594, 14083|3712, 14084|3811, 14084|4007, https://www.apple.com, 
14085|1, 14085|1549, 14088|1867, 14092|2367, 14094|2531, 14095|2636, 14095|3686, 14096|3810, 14096|4079, https://www.alipay.com, 
14098|1, 14098|1435, 14100|1697, 14103|1979, 14106|2246, 14107|2472, 14108|2584, 14108|4066, https://www.ctrip.com, 
14124|1, 14124|1654, 14127|1990, 14130|2362, 14131|2499, 14131|2593, 14132|2670, 14132|3601, 14133|3753, 14133|3864, 14134|3989, 14134|4107, https://www.buaa.edu.cn, 
14143|1, 14143|1524, 14144|1731, 14148|2213, 14150|2390, 14150|2488, 14151|2569, 14151|3709, 14153|3825, 14153|4015, https://www.jd.com, 
14169|1, 14169|1626, 14172|1884, 14175|2319, 14176|2429, 14176|2510, 14177|2605, 14177|4016, https://www.mit.edu, 
14178|1, 14178|1612, 14180|1914, 14184|2252, 14185|2484, 14186|2630, 14186|4040, https://www.bing.com, 
14186|1, 14186|1728, 14191|2139, 14194|2452, 14194|2561, 14195|2646, 14195|3791, 14196|3876, 14202|4060, https://www.pinduoduo.com, 
14206|1, 14206|1454, 14209|1781, 14213|2134, 14214|2300, 14215|2391, 14215|3549, 14218|3668, 14218|4021, https://www.baidu.com, 
14236|1, 14236|1561, 14238|1941, 14242|2276, 14243|2434, 14243|2533, 14244|2630, 14244|4160, https://www.bing.com, 
14244|1, 14244|1443, 14247|1748, 14248|2070, 14251|2296, 14251|2394, 14252|2483, 14252|3449, 14259|3612, 14260|4068, https://www.apple.com, 
14261|1, 14261|1668, 14267|2231, 14269|2402, 14269|2536, 14270|2655, 14270|3516, 14271|3695, 14272|3831, 14272|4017, https://zhuanlan.zhihu.com, 
14279|1, 14279|1563, 14281|1876, 14286|2277, 14286|2399, 14287|2495, 14287|4072, https://www.bing.com, 
14287|1, 14287|1675, 14292|2198, 14294|2386, 14294|2472, 14295|2594, 14295|3514, 14296|3665, 14296|3790, 14297|3947, 14297|4048, https://www.buaa.edu.cn, 
14306|1, 14306|1521, 14308|1817, 14309|2099, 14312|2432, 14314|2617, 14315|2705, 14315|3420, 14316|3582, 14320|3726, 14322|3828, 14322|4021, http://blogs.360.cn, 
14332|1, 14332|1609, 14335|1911, 14339|2293, 14340|2458, 14341|2594, 14341|3698, 14343|3798, 14344|3924, 14344|4028, https://www.baidu.com, 
14359|1, 14359|1615, 14361|1885, 14365|2307, 14365|2404, 14366|2496, 14366|3556, 14367|3679, 14367|4091, https://www.mit.edu, 
14369|1, 14369|1609, 14371|1802, 14375|2193, 14377|2430, 14377|2523, 14378|2612, 14378|4063, https://www.douyin.com, 
14383|1, 14383|1578, 14387|1950, 14390|2222, 14391|2328, 14391|2433, 14392|2515, 14392|3466, 14394|3598, 14395|3774, 14395|4060, https://www.baidu.com, 
14413|1, 14413|1647, 14418|1950, 14421|2306, 14421|2441, 14423|2530, 14423|3418, 14424|3544, 14426|4023, https://www.alipay.com, 
14426|1, 14426|1536, 14429|1783, 14431|2180, 14434|2368, 14434|2485, 14435|2582, 14435|2663, 14436|2761, 14437|2866, 14437|3391, 14438|3530, 14442|3656, 14442|3765, 14444|3851, 14445|4243, http://blogs.360.cn, 
14454|1, 14454|1599, 14455|1852, 14461|2259, 14461|2429, 14462|2509, 14462|4065, https://www.netflix.com, 
14464|1, 14464|1567, 14468|2015, 14471|2266, 14471|2489, 14472|2597, 14472|4176, https://www.bing.com, 
14472|1, 14472|1658, 14475|1896, 14479|2358, 14481|2457, 14481|2628, 14482|2718, 14482|4072, https://www.ctrip.com, 
14496|1, 14496|1687, 14499|1921, 14501|2286, 14505|2597, 14505|2696, 14506|2805, 14506|4076, https://www.ctrip.com, 
14521|1, 14521|3052, 14524|3414, 14531|4144, https://www.netflix.com, 
14531|1, 14531|2780, 14533|3048, 14536|3492, 14540|3997, 14540|4125, http://blogs.360.cn, 
14556|1, 14556|2945, 14561|3525, 14565|3991, 14565|4117, http://blogs.360.cn, 
14582|1, 14582|2755, 14585|3266, 14589|3826, 14591|4220, https://www.baidu.com, 
14594|1, 14594|2845, 14597|3354, 14604|4034, https://www.ctrip.com, 
14616|1, 14616|2681, 14618|3007, 14624|3762, 14625|4117, https://zhuanlan.zhihu.com, 
14632|1, 14632|2941, 14634|3240, 14637|3821, 14640|4199, https://www.apple.com, 
14643|1, 14643|2885, 14645|3314, 14649|4061, https://www.buaa.edu.cn, 
14662|1, 14662|2821, 14665|3212, 14670|3921, 14671|4043, https://www.baidu.com, 
14675|1, 14675|3088, 14678|3651, 14683|4173, https://www.douyin.com, 
14689|1, 14689|2807, 14691|3117, 14692|3648, 14696|4177, https://www.buaa.edu.cn, 
14708|1, 14708|3099, 14711|3345, 14713|3918, 14717|4322, https://www.baidu.com, 
14721|1, 14721|2961, 14724|3399, 14730|4081, https://www.baidu.com, 
14734|1, 14734|2963, 14737|3295, 14743|4073, https://www.netflix.com, 
14744|1, 14744|2883, 14747|3412, 14753|4080, https://zhuanlan.zhihu.com, 
14760|1, 14760|585, 14762|1219, 14762|2855, 14763|3212, 14767|3932, 14771|4419, https://www.bing.com, 
14772|1, 14772|530, 14773|910, 14773|3093, 14775|3356, 14779|3992, 14782|4297, https://www.douyin.com, 
14787|1, 14787|3055, 14789|3541, 14794|4141, https://zhuanlan.zhihu.com, 
14803|1, 14803|2678, 14805|3016, 14810|3780, 14812|4054, https://zhuanlan.zhihu.com, 
14819|1, 14819|2786, 14821|3070, 14823|3632, 14827|4071, https://www.buaa.edu.cn, 
14838|1, 14838|3562, 14841|3928, 14845|4418, https://www.netflix.com, 
14848|1, 14848|3348, 14853|3973, 14858|4432, https://www.netflix.com, 
14858|1, 14858|2865, 14860|3151, 14864|3758, 14866|4205, https://zhuanlan.zhihu.com, 
14874|1, 14874|3008, 14877|3320, 14882|3918, 14884|4219, https://www.netflix.com, 
