77996|1, 77996|1327, 78004|1413, 78004|1578, 78052|1729, 78052|1872, 78064|2020, 78064|3046, 78068|3120, 78068|3322, 78076|3367, 78076|4042, https://www.baidu.com, 
78232|1, 78240|636, 78240|818, 78248|890, 78248|960, 78308|1071, 78316|1273, 78316|1388, 78332|1527, 78332|1772, 78336|1811, 78336|3730, 78340|3822, 78340|4004, https://www.pku.edu.cn, 
78376|1, 78376|779, 78380|823, 78380|891, 78416|1055, 78424|1175, 78424|1290, 78436|1378, 78436|1788, 78440|1853, 78440|4050, https://www.mit.edu, 
78488|1, 78488|706, 78496|778, 78516|879, 78560|1034, 78560|1123, 78576|1283, 78576|1776, 78580|1832, 78580|4030, https://www.mit.edu, 
78620|1, 78620|777, 78628|874, 78684|1013, 78692|1057, 78692|1151, 78708|1258, 78708|1831, 78716|1858, 78716|2902, 78720|2941, 78720|3010, 78724|3052, 78724|4003, https://www.jd.com, 
78776|1, 78776|786, 78780|836, 78780|940, 78828|1088, 78836|1165, 78836|1253, 78844|1347, 78844|1838, 78852|1866, 78852|4006, https://www.pku.edu.cn, 
78888|1, 78888|811, 78896|858, 78916|975, 78940|1081, 78944|1140, 78944|1199, 78960|1328, 78960|1818, 78968|1849, 78968|3137, 78972|3203, 78972|4032, https://www.pku.edu.cn, 
79012|1, 79012|623, 79016|653, 79020|682, 79020|722, 79072|830, 79072|926, 79080|992, 79080|1052, 79084|1153, 79084|1756, 79092|1802, 79092|2122, 79096|2163, 79096|4012, https://www.yahoo.com, 
79268|1, 79268|687, 79272|732, 79276|812, 79292|906, 79336|1006, 79344|1088, 79344|1148, 79360|1242, 79360|1749, 79368|1782, 79368|4027, https://www.yahoo.com, 
79932|1, 79932|680, 79944|758, 80004|918, 80008|999, 80008|1069, 80020|1189, 80020|1807, 80028|1832, 80028|3416, 80036|3480, 80036|4002, https://www.pku.edu.cn, 
80088|1, 80088|656, 80092|693, 80092|727, 80152|846, 80156|966, 80164|1085, 80164|3048, 80168|3115, 80168|4039, https://www.pku.edu.cn, 
80220|1, 80220|727, 80224|772, 80224|877, 80268|985, 80280|1091, 80288|1172, 80304|1291, 80304|1772, 80312|1796, 80312|4005, https://www.yahoo.com, 
80472|1, 80472|814, 80480|852, 80480|1073, 80528|1177, 80528|1227, 80532|1259, 80536|1330, 80548|1444, 80548|1839, 80556|1861, 80556|2918, 80560|2971, 80568|3024, 80580|3063, 80580|4024, https://www.jd.com, 
80636|1, 80636|622, 80644|653, 80644|758, 80716|835, 80716|884, 80724|996, 80736|1098, 80736|1729, 80744|1775, 80744|2946, 80748|3010, 80748|4053, https://www.pku.edu.cn, 
80820|1, 80820|712, 80828|779, 80828|867, 80880|982, 80880|1077, 80896|1222, 80896|1769, 80904|1807, 80904|4023, https://www.yahoo.com, 
81040|1, 81040|958, 81064|1063, 81064|1160, 81072|1210, 81072|1276, 81080|1387, 81080|1835, 81088|1859, 81088|2960, 81092|3012, 81092|3041, 81104|3065, 81104|4047, https://www.jd.com, 
81144|1, 81144|785, 81152|822, 81152|943, 81188|1042, 81200|1144, 81200|1246, 81216|1330, 81216|1782, 81224|1828, 81224|3510, 81228|3550, 81228|4032, https://www.mit.edu, 
81260|1, 81260|690, 81268|746, 81268|862, 81304|961, 81324|1035, 81324|1096, 81328|1200, 81332|1336, 81332|1759, 81336|1786, 81336|4022, https://www.pku.edu.cn, 
81380|1, 81380|728, 81388|793, 81388|903, 81412|1010, 81432|1117, 81440|1183, 81440|1240, 81448|1330, 81456|1396, 81456|1813, 81460|1855, 81460|4003, https://www.mit.edu, 
81536|1, 81536|822, 81544|882, 81580|1061, 81580|1144, 81584|1244, 81584|1288, 81592|1393, 81592|1824, 81600|1875, 81600|4012, https://www.yahoo.com, 
81788|1, 81788|787, 81792|824, 81792|936, 81852|1065, 81860|1159, 81864|1300, 81864|1796, 81872|1835, 81872|2965, 81888|3009, 81888|4016, https://www.jd.com, 
81932|1, 81932|690, 81936|739, 81936|930, 81992|1038, 81992|1115, 81996|1172, 81996|1213, 82008|1308, 82008|1757, 82016|1793, 82024|4027, https://www.mit.edu, 
82052|1, 82052|303, 82060|363, 82060|707, 82064|747, 82068|778, 82068|873, 82124|1058, 82128|1171, 82132|1282, 82132|1819, 82136|1860, 82136|4037, https://www.pku.edu.cn, 
82248|1, 82248|772, 82252|809, 82252|1017, 82280|1111, 82284|1182, 82288|1257, 82288|1345, 82296|1499, 82296|1788, 82304|1821, 82304|2488, 82308|2575, 82308|4033, https://www.baidu.com, 
82368|1, 82368|687, 82376|776, 82380|830, 82380|880, 82416|968, 82428|1016, 82432|1113, 82432|1190, 82440|1320, 82440|1817, 82448|1860, 82448|2890, 82452|2933, 82456|2967, 82456|3541, 82460|3584, 82460|4037, https://www.jd.com, 
82496|1, 82496|665, 82500|730, 82504|786, 82504|921, 82524|1040, 82532|1225, 82548|1341, 82548|1799, 82556|1824, 82556|3139, 82560|3184, 82560|3231, 82564|3272, 82564|4009, https://www.jd.com, 
82608|1, 82608|1022, 82640|1091, 82652|1197, 82652|1262, 82656|1348, 82656|1775, 82664|1801, 82664|4033, https://www.mit.edu, 
82720|1, 82720|791, 82728|861, 82728|1096, 82788|1197, 82788|1252, 82796|1313, 82796|1389, 82812|1514, 82812|1779, 82820|1820, 82820|2651, 82824|2722, 82824|4014, https://www.baidu.com, 
82864|1, 82864|913, 82912|1044, 82912|1185, 82920|1277, 82924|1364, 82924|1834, 82928|1870, 82928|2221, 82944|2253, 82944|2380, 82948|2452, 82948|4007, https://www.baidu.com, 
83004|1, 83004|745, 83012|799, 83020|888, 83048|1006, 83052|1069, 83052|1119, 83064|1199, 83064|1781, 83072|1805, 83072|4015, https://www.mit.edu, 
83128|1, 83128|756, 83132|808, 83132|881, 83156|1018, 83160|1092, 83168|1169, 83176|1304, 83176|1846, 83184|1885, 83184|2403, 83188|2455, 83188|4010, https://www.baidu.com, 
83296|1, 83296|673, 83304|742, 83304|886, 83340|1014, 83340|1103, 83344|1176, 83348|1291, 83360|1355, 83360|1819, 83368|1861, 83368|4020, https://www.yahoo.com, 
83564|1, 83564|760, 83572|850, 83572|929, 83592|1026, 83632|1119, 83636|1243, 83644|1337, 83644|1806, 83652|1845, 83652|4025, https://www.yahoo.com, 
83824|1, 83824|851, 83832|946, 83832|1142, 83880|1280, 83884|1373, 83884|1439, 83892|1630, 83892|1750, 83896|1847, 83896|4037, https://www.yahoo.com, 
83968|1, 83968|835, 84032|1036, 84032|1162, 84040|1246, 84040|1802, 84044|1846, 84044|3193, 84048|3247, 84048|3285, 84056|3309, 84056|4001, https://www.jd.com, 
84096|1, 84096|850, 84100|945, 84100|1020, 84140|1167, 84148|1271, 84148|1349, 84152|1396, 84164|1496, 84164|1819, 84172|1846, 84172|4004, https://www.yahoo.com, 
84212|1, 84212|763, 84216|833, 84216|972, 84260|1123, 84260|1231, 84268|1316, 84276|1443, 84276|2805, 84280|2880, 84280|4042, https://www.baidu.com, 
84440|1, 84440|302, 84448|361, 84448|806, 84452|908, 84452|1122, 84504|1349, 84504|1423, 84516|1523, 84516|1728, 84524|1840, 84524|3832, 84536|3889, 84544|3929, 84544|4011, https://www.yahoo.com, 
84620|1, 84620|906, 84624|1015, 84624|1199, 84680|1290, 84680|1375, 84688|1424, 84688|1493, 84696|1634, 84696|1762, 84704|1865, 84704|3001, 84708|3102, 84708|4049, https://www.baidu.com, 
84740|1, 84740|884, 84744|1006, 84744|1105, 84780|1193, 84788|1337, 84788|1456, 84796|1565, 84796|1693, 84804|1781, 84804|3867, 84808|3933, 84808|4045, https://www.pku.edu.cn, 
84832|1, 84832|890, 84836|950, 84840|1015, 84840|1074, 84888|1200, 84892|1337, 84892|1440, 84904|1589, 84904|1819, 84912|1855, 84912|4033, https://www.pku.edu.cn, 
84956|1, 84956|791, 84960|855, 84960|1010, 85016|1191, 85016|1263, 85024|1395, 85036|1634, 85036|1730, 85040|1781, 85040|4055, https://www.mit.edu, 
85096|1, 85096|958, 85104|1043, 85156|1197, 85156|1377, 85172|1504, 85172|1770, 85176|1862, 85176|4053, https://www.mit.edu, 
85216|1, 85216|862, 85220|1010, 85220|1255, 85276|1363, 85276|1427, 85280|1494, 85280|1645, 85300|1848, 85300|3750, 85304|3786, 85304|3923, 85312|3977, 85312|4031, https://www.jd.com, 
85336|1, 85336|837, 85340|940, 85340|1023, 85356|1159, 85376|1284, 85376|1387, 85392|1532, 85392|1695, 85400|1808, 85400|3790, 85408|3838, 85408|4029, https://www.jd.com, 
85432|1, 85432|931, 85440|1017, 85440|1153, 85488|1244, 85492|1360, 85492|1438, 85508|1562, 85508|1821, 85512|1924, 85512|3552, 85516|3593, 85516|4011, https://www.jd.com, 
85560|1, 85560|873, 85568|966, 85568|1082, 85628|1224, 85632|1319, 85632|1407, 85636|1554, 85636|1816, 85640|1880, 85640|4001, https://www.mit.edu, 
85684|1, 85684|812, 85688|903, 85688|1053, 85744|1207, 85772|1344, 85772|1414, 85776|1584, 85776|1760, 85780|1809, 85780|2990, 85784|3086, 85784|4003, https://www.baidu.com, 
85828|1, 85828|522, 85836|553, 85836|784, 85844|928, 85844|1060, 85888|1231, 85892|1356, 85908|1534, 85908|1745, 85912|1798, 85912|2661, 85920|2695, 85920|2899, 85924|2983, 85924|4012, https://www.baidu.com, 
85976|1, 85976|571, 85980|617, 85980|972, 85988|1068, 85988|1237, 86024|1369, 86028|1469, 86028|1595, 86036|1768, 86036|1855, 86040|1940, 86040|2926, 86060|2993, 86080|3055, 86080|3242, 86084|3285, 86084|4022, https://www.baidu.com, 
