232|1, 230|695, 230|910, 229|979, 227|1095, 227|1222, 226|1266, 225|1360, 223|1447, 223|1755, 229|1898, 233|2055, 233|2168, 234|2244, 234|3081, 244|3154, 246|3211, 249|3299, 249|4035, https://www.baidu.com, 
219|1, 218|667, 218|849, 217|909, 217|1102, 218|1300, 218|1419, 222|1556, 222|1670, 223|1740, 223|2219, 221|2251, 221|2440, 220|2478, 220|2595, 219|2668, 219|3759, 224|3851, 224|4035, https://www.pku.edu.cn, 
212|1, 212|752, 211|808, 211|1204, 213|1309, 217|1407, 217|1495, 216|1566, 214|1648, 215|1720, 215|1883, 214|1935, 214|2582, 216|2655, 216|2702, 217|2752, 216|2829, 216|2990, 214|3036, 213|3095, 212|3147, 212|3344, 211|3377, 211|3750, 195|3809, 191|3863, 188|3899, 185|3942, 183|4005, https://www.mit.edu, 
181|1, 178|534, 178|723, 176|788, 176|873, 178|1047, 178|1135, 180|1300, 182|1380, 182|1448, 183|1511, 178|1619, 177|1682, 177|1751, 173|1792, 173|1966, 172|2004, 172|2056, 166|2115, 165|2157, 165|2493, 167|2576, 168|2642, 168|3586, 170|3636, 168|3697, 168|3848, 167|3891, 165|3938, 165|4045, https://www.mit.edu, 
160|1, 161|448, 161|664, 159|727, 159|1075, 162|1170, 166|1277, 166|1428, 167|1491, 167|2163, 160|2198, 158|2223, 158|2250, 159|2318, 169|2394, 170|2438, 170|2664, 172|2699, 172|2806, 174|2882, 174|4023, https://www.jd.com, 
196|1, 196|367, 197|396, 197|615, 196|651, 196|853, 195|892, 195|1178, 199|1270, 203|1363, 203|1578, 204|1644, 204|2075, 203|2100, 203|2612, 202|2684, 202|2880, 201|2938, 201|3462, 206|3507, 206|3773, 208|3833, 208|3898, 210|3958, 210|4023, https://www.pku.edu.cn, 
204|1, 204|448, 203|489, 203|698, 201|752, 201|798, 200|831, 200|1101, 202|1155, 202|1219, 206|1347, 206|1434, 207|1526, 207|1869, 206|1908, 206|2563, 205|2628, 205|2832, 204|2857, 204|3154, 209|3223, 209|3414, 211|3452, 213|3504, 213|3658, 214|3711, 214|4047, https://www.pku.edu.cn, 
209|1, 210|314, 210|484, 209|534, 203|571, 196|606, 195|636, 195|835, 194|938, 196|1004, 194|1064, 198|1165, 198|1350, 199|1397, 199|2466, 198|2503, 198|2557, 200|2618, 210|2670, 210|2740, 209|2800, 209|2868, 210|2919, 210|2951, 209|2987, 208|3031, 209|3077, 215|3114, 219|3142, 219|3355, 218|3411, 217|3461, 217|3600, 216|3643, 216|3745, 213|3773, 213|4025, https://www.yahoo.com, 
231|1, 231|722, 230|761, 230|1080, 231|1161, 231|1207, 235|1317, 235|1448, 236|1512, 236|2078, 235|2113, 235|2223, 234|2269, 234|2824, 241|2879, 246|2937, 246|3042, 247|3106, 248|3141, 248|3227, 258|3284, 259|3339, 259|3820, 260|3857, 260|4008, https://www.yahoo.com, 
274|1, 274|695, 273|752, 273|932, 275|1005, 276|1084, 280|1189, 280|1396, 281|1423, 281|1711, 280|1740, 279|1773, 279|2835, 280|2862, 284|2902, 284|3161, 286|3215, 286|3288, 288|3344, 288|3387, 289|3430, 289|4016, https://www.pku.edu.cn, 
273|1, 273|470, 272|507, 270|563, 270|858, 271|964, 265|1096, 269|1151, 269|1227, 267|1303, 267|1346, 268|1377, 268|1433, 264|1475, 258|1507, 256|1544, 256|2583, 255|2610, 255|2677, 254|2711, 254|2748, 255|2787, 259|2818, 259|2998, 260|3025, 261|3059, 263|3124, 263|3244, 264|3274, 264|3316, 263|3383, 263|3590, 262|3665, 262|3767, 260|3837, 260|4003, https://www.pku.edu.cn, 
242|1, 242|454, 240|481, 240|991, 234|1099, 235|1178, 239|1300, 238|1337, 238|1454, 232|1492, 228|1527, 228|2046, 227|2088, 227|2325, 226|2383, 226|2477, 225|2531, 228|2608, 236|2680, 236|2909, 239|2940, 244|2982, 249|3019, 249|3111, 236|3152, 235|3193, 232|3231, 230|3256, 230|3283, 227|3332, 222|3387, 222|3568, 223|3619, 223|4014, https://www.yahoo.com, 
235|1, 235|329, 236|359, 236|779, 235|826, 235|1270, 238|1342, 234|1456, 233|1551, 232|1610, 233|1655, 233|2224, 234|2266, 234|2311, 240|2348, 245|2381, 245|2421, 247|2478, 247|2766, 249|2829, 249|4036, https://www.jd.com, 
262|1, 261|171, 262|201, 262|342, 261|381, 261|574, 260|630, 260|892, 262|991, 268|1107, 268|1164, 267|1212, 266|1250, 266|1307, 260|1375, 260|2954, 265|3018, 265|3240, 269|3307, 269|3469, 270|3526, 270|4061, https://www.pku.edu.cn, 
259|1, 259|326, 260|390, 260|574, 258|620, 258|887, 252|987, 252|1099, 253|1236, 245|1339, 245|1438, 246|1510, 246|1680, 245|1720, 245|1881, 244|1921, 244|2773, 256|2817, 256|3104, 255|3136, 256|3193, 258|3267, 258|3340, 266|3373, 269|3403, 269|4045, https://www.yahoo.com, 
276|1, 276|308, 277|354, 277|484, 276|522, 275|562, 266|603, 265|651, 264|715, 263|750, 263|964, 261|1073, 261|1152, 262|1217, 262|1286, 266|1397, 266|2280, 267|2354, 278|2415, 280|2454, 280|2615, 279|2668, 279|2739, 278|2790, 277|2826, 279|2888, 278|2971, 278|3022, 277|3051, 276|3075, 276|3346, 275|3379, 274|3415, 274|3507, 273|3557, 273|3615, 271|3640, 270|3665, 270|4002, https://www.jd.com, 
278|1, 278|308, 279|356, 279|1151, 282|1249, 285|1340, 285|1375, 284|1431, 276|1530, 275|1588, 275|1710, 274|1748, 274|2235, 276|2282, 276|2317, 277|2380, 277|2928, 278|2988, 278|3164, 280|3223, 280|3659, 282|3691, 284|4040, https://www.mit.edu, 
272|1, 271|224, 271|609, 269|671, 269|889, 263|963, 263|1118, 265|1226, 267|1363, 259|1440, 256|1510, 248|1546, 249|1587, 249|2656, 248|2694, 248|3154, 251|3189, 253|3242, 253|3422, 252|3449, 252|3487, 254|3540, 256|3624, 256|3741, 257|3785, 257|4047, https://www.pku.edu.cn, 
239|1, 239|478, 238|509, 238|540, 232|575, 227|610, 226|652, 226|697, 224|751, 224|1029, 222|1132, 224|1207, 226|1260, 226|1350, 229|1419, 222|1485, 222|1567, 223|1621, 223|2277, 225|2318, 225|2390, 226|2468, 226|2611, 225|2651, 225|2813, 224|2845, 224|2918, 223|2971, 221|3049, 221|3188, 223|3239, 223|3274, 221|3323, 221|3456, 220|3488, 220|3570, 217|3619, 217|3714, 219|3763, 219|4026, https://www.mit.edu, 
211|1, 211|349, 212|386, 212|489, 211|544, 211|744, 209|774, 209|1079, 207|1162, 207|1301, 211|1403, 207|1526, 207|1588, 203|1641, 202|1673, 202|1936, 201|1962, 201|2252, 200|2313, 200|2801, 199|2882, 211|2969, 211|3211, 215|3305, 215|3767, 225|3854, 224|4030, https://www.yahoo.com, 
238|1, 238|340, 239|383, 239|789, 238|825, 238|1162, 240|1303, 244|1396, 244|1535, 240|1582, 239|1629, 239|1750, 238|1775, 238|1833, 237|1874, 237|2208, 238|2272, 249|2326, 251|2413, 251|2702, 250|2744, 250|2777, 252|2865, 252|3772, 251|3810, 251|4021, https://www.jd.com, 
261|1, 261|451, 260|493, 260|1069, 259|1148, 261|1202, 261|1247, 260|1341, 258|1380, 257|1419, 257|1564, 258|1656, 258|1902, 257|1948, 257|2194, 256|2229, 256|2312, 258|2356, 258|2421, 259|2501, 259|3376, 261|3418, 261|3519, 260|3557, 260|4011, https://www.mit.edu, 
254|1, 254|260, 255|323, 256|370, 256|677, 254|727, 254|890, 253|1077, 250|1178, 255|1302, 248|1342, 248|1401, 246|1467, 246|1990, 241|2016, 236|2043, 236|2748, 235|2782, 235|3051, 238|3124, 240|3174, 240|3375, 242|3448, 242|3570, 244|3631, 245|3696, 245|4002, https://www.pku.edu.cn, 
227|1, 227|362, 228|395, 228|426, 227|472, 224|516, 216|557, 215|605, 215|641, 213|684, 213|966, 211|1015, 211|1181, 212|1260, 214|1349, 213|1502, 207|1593, 207|1641, 208|1686, 208|2428, 213|2489, 214|2579, 213|2656, 213|2693, 215|2724, 215|2835, 214|2875, 214|2977, 213|3005, 213|3062, 211|3104, 211|3363, 210|3402, 209|3442, 209|3537, 208|3563, 208|3662, 205|3702, 205|4037, https://www.baidu.com, 
222|1, 222|247, 223|277, 223|618, 222|688, 222|1118, 223|1188, 224|1317, 219|1386, 219|1516, 220|1574, 220|1653, 219|1687, 219|2172, 220|2221, 230|2295, 230|2397, 232|2457, 232|2577, 231|2633, 231|2719, 233|2766, 233|4041, https://www.jd.com, 
239|1, 239|276, 240|340, 240|1045, 242|1223, 245|1343, 239|1440, 239|1558, 240|1606, 240|1665, 239|1706, 239|1829, 238|1855, 238|2224, 239|2302, 245|2368, 250|2414, 252|2462, 252|2984, 254|3041, 254|4014, https://www.jd.com, 
269|1, 269|320, 270|380, 270|736, 267|773, 267|934, 266|982, 265|1028, 265|1089, 264|1195, 265|1268, 265|1354, 267|1438, 267|1504, 261|1550, 261|1654, 262|1698, 262|2278, 264|2344, 264|2428, 265|2469, 265|2985, 262|3027, 262|3053, 260|3079, 260|3361, 262|3409, 262|3459, 261|3495, 261|3541, 260|3599, 260|3702, 259|3732, 259|3850, 261|3906, 261|4039, https://www.mit.edu, 
246|1, 246|343, 247|413, 247|470, 246|545, 246|573, 239|598, 235|629, 235|706, 233|738, 233|800, 231|879, 231|971, 230|1046, 229|1114, 229|1331, 222|1391, 224|1525, 225|1585, 225|1703, 226|1757, 226|2533, 225|2562, 225|2619, 226|2669, 229|2734, 232|2819, 231|2878, 231|2919, 230|2949, 230|2973, 229|3009, 228|3049, 228|3301, 227|3345, 226|3380, 226|3504, 225|3529, 225|3615, 222|3655, 222|4031, https://www.baidu.com, 
237|1, 237|543, 236|605, 236|638, 225|686, 225|721, 224|755, 224|827, 222|914, 222|1137, 224|1278, 225|1369, 225|1559, 226|1600, 226|2342, 228|2378, 232|2453, 234|2523, 234|2859, 233|2891, 233|3121, 232|3168, 232|3255, 231|3280, 231|3341, 229|3378, 229|3670, 228|3710, 227|3749, 227|3830, 226|3863, 226|3940, 223|3974, 223|4012, https://www.baidu.com, 
228|1, 228|548, 227|584, 225|645, 225|1068, 227|1122, 229|1202, 231|1310, 230|1373, 231|1445, 224|1503, 224|1610, 223|1646, 223|2132, 222|2160, 222|2209, 224|2288, 225|2354, 225|2447, 224|2506, 224|3281, 226|3327, 226|3826, 228|3859, 228|4014, https://www.mit.edu, 
215|1, 215|330, 216|370, 216|520, 215|567, 214|606, 214|819, 213|887, 209|1015, 209|1102, 211|1179, 213|1295, 217|1382, 217|1611, 218|1656, 219|1694, 219|2374, 224|2411, 225|2465, 225|2601, 227|2660, 227|3143, 225|3183, 225|3262, 224|3301, 224|3326, 222|3350, 222|3744, 221|3770, 221|3851, 220|3893, 219|3929, 219|4020, https://www.baidu.com, 
232|1, 232|316, 233|358, 233|542, 231|582, 228|654, 228|696, 226|769, 226|1128, 227|1199, 227|1304, 231|1382, 231|1420, 229|1450, 229|1504, 224|1573, 224|2655, 222|2688, 222|2739, 229|2817, 233|2868, 232|2901, 232|2935, 231|2988, 232|3075, 233|3140, 233|3224, 243|3268, 244|3318, 243|3351, 243|3389, 242|3446, 241|3497, 241|4045, https://www.yahoo.com, 
245|1, 245|495, 244|529, 244|784, 242|871, 242|1143, 245|1260, 248|1359, 248|1426, 239|1476, 239|2087, 238|2138, 238|2393, 237|2425, 237|2850, 241|2894, 249|2967, 249|3210, 250|3257, 250|3320, 252|3382, 252|3443, 260|3473, 263|3505, 263|3831, 262|3863, 262|4009, https://www.yahoo.com, 
265|1, 265|576, 262|606, 262|732, 261|781, 259|855, 259|1287, 258|1378, 259|1446, 265|1626, 264|1753, 265|1851, 265|2332, 264|2374, 264|2900, 262|2961, 262|3031, 261|3056, 261|3083, 259|3135, 271|3190, 271|3248, 270|3302, 270|3546, 269|3579, 273|3664, 278|3721, 279|3787, 279|4043, https://www.yahoo.com, 
279|1, 279|268, 280|311, 280|835, 273|1023, 274|1163, 273|1234, 269|1348, 266|1436, 258|1494, 259|1575, 259|2085, 258|2128, 258|2294, 259|2373, 266|2423, 270|2460, 272|2528, 272|2901, 271|2973, 271|3008, 273|3070, 273|4034, https://www.jd.com, 
275|1, 275|718, 274|850, 274|949, 273|1024, 267|1170, 267|1275, 266|1352, 265|1396, 268|1496, 267|1584, 256|1661, 257|1724, 257|2349, 256|2396, 256|2816, 255|2859, 256|2913, 257|2969, 257|3041, 267|3089, 269|3140, 269|3252, 268|3310, 268|3362, 270|3418, 270|3589, 282|3650, 282|3799, 281|3876, 281|4008, https://www.yahoo.com, 
278|1, 278|338, 279|400, 279|838, 278|893, 278|1206, 271|1317, 265|1399, 269|1521, 269|1714, 270|1790, 270|1835, 261|1875, 259|1921, 258|1973, 258|2511, 257|2596, 257|2738, 261|2808, 265|2881, 265|3202, 264|3252, 264|4047, https://www.baidu.com, 
263|1, 263|308, 264|368, 264|526, 263|582, 256|632, 252|680, 251|714, 251|752, 250|816, 248|902, 248|1122, 238|1361, 240|1436, 242|1532, 244|1606, 244|1736, 245|1848, 245|2997, 244|3054, 244|3122, 256|3248, 256|3339, 255|3397, 255|3559, 253|3646, 254|3709, 255|3790, 261|3844, 266|3901, 266|3941, 265|3985, 264|4023, https://www.yahoo.com, 
260|1, 260|895, 259|1020, 259|1107, 257|1204, 251|1295, 251|1381, 253|1429, 252|1490, 255|1639, 255|1767, 244|1868, 244|2423, 243|2455, 243|2946, 245|3001, 249|3095, 249|3184, 251|3249, 251|3480, 250|3529, 250|4054, https://www.baidu.com, 
243|1, 243|326, 244|374, 244|810, 242|882, 238|1011, 236|1108, 230|1199, 230|1317, 232|1461, 232|1566, 236|1690, 236|1787, 237|1883, 237|3540, 235|3569, 235|3666, 234|3719, 234|3766, 233|3820, 233|3873, 237|3936, 237|4002, https://www.pku.edu.cn, 
224|1, 224|417, 223|515, 225|634, 225|685, 224|715, 224|1011, 223|1077, 218|1203, 215|1340, 213|1443, 217|1593, 216|1707, 217|1783, 217|1858, 216|1894, 216|1942, 211|2002, 205|2051, 205|3294, 204|3348, 204|3827, 208|3896, 209|3979, 209|4036, https://www.pku.edu.cn, 
205|1, 205|287, 206|328, 206|794, 205|855, 205|1013, 202|1191, 200|1265, 203|1398, 207|1623, 207|1784, 208|1829, 208|2651, 210|2721, 211|2776, 211|3845, 213|3925, 213|4057, https://www.mit.edu, 
203|1, 203|507, 202|582, 202|777, 201|812, 199|902, 193|1039, 193|1323, 195|1374, 197|1494, 201|1668, 201|1768, 202|1862, 202|2368, 201|2408, 201|2528, 200|2618, 202|2716, 203|2794, 203|3834, 205|3878, 205|4051, https://www.mit.edu, 
205|1, 205|361, 206|416, 206|802, 204|859, 203|1003, 201|1105, 198|1186, 197|1255, 197|1493, 198|1546, 198|1650, 202|1845, 202|2214, 201|2247, 201|2628, 200|2664, 200|2887, 201|3010, 211|3079, 212|3130, 213|3184, 213|3551, 214|3637, 214|4036, https://www.jd.com, 
220|1, 220|308, 221|404, 221|771, 220|849, 219|951, 217|1035, 212|1168, 212|1295, 213|1395, 218|1542, 218|1702, 219|1820, 219|1991, 218|2040, 218|2565, 217|2646, 218|2702, 222|2755, 222|2824, 224|2877, 224|2949, 227|3028, 229|3097, 230|3176, 230|3265, 229|3300, 229|3490, 231|3605, 231|4041, https://www.jd.com, 
244|1, 244|426, 245|476, 245|756, 244|790, 244|850, 243|926, 243|1013, 238|1139, 236|1245, 236|1358, 237|1442, 237|1554, 241|1674, 241|1819, 242|1921, 241|1999, 241|2682, 240|2727, 245|2829, 253|2891, 253|3190, 254|3261, 253|3353, 255|3423, 255|4015, https://www.jd.com, 
279|1, 279|787, 277|879, 267|972, 267|1085, 261|1220, 254|1325, 258|1413, 262|1544, 262|1644, 260|1729, 261|1820, 260|1886, 260|2776, 263|2897, 262|2984, 262|3452, 261|3502, 261|3729, 260|3820, 259|4007, https://www.mit.edu, 
248|1, 248|368, 249|429, 249|807, 244|905, 235|1057, 229|1208, 229|1338, 230|1411, 233|1586, 235|1684, 235|1814, 236|1909, 236|2903, 242|2992, 244|3091, 245|3165, 245|3538, 244|3586, 244|3892, 243|3927, 243|4007, https://www.baidu.com, 
245|1, 245|611, 241|647, 240|685, 240|726, 239|788, 226|930, 226|1236, 227|1360, 229|1538, 229|1659, 230|1748, 230|2904, 234|2986, 238|3060, 238|3370, 237|3432, 237|3680, 236|3714, 236|3809, 235|3862, 234|3914, 233|3964, 233|4012, https://www.baidu.com, 
233|1, 233|622, 232|681, 231|717, 228|769, 228|807, 225|844, 224|911, 223|978, 223|1373, 225|1474, 225|1600, 231|1769, 231|2639, 230|2683, 230|2932, 229|2994, 229|3057, 235|3161, 235|3244, 236|3291, 236|4024, https://www.baidu.com, 
