740406|1, 740406|1429, 740341|1545, 728659|1735, 721373|1829, 721373|1945, 721313|2023, 721313|2125, 652989|2202, 652989|2564, 652929|2610, 652929|2691, 652869|2743, 652869|2809, 652585|2859, 630155|2926, 489055|3002, 457489|3083, 454806|3126, 454806|4017, https://www.baidu.com, 
343699|1, 343699|582, 343647|666, 343647|935, 334853|1135, 333485|1244, 331031|1370, 330979|1418, 330979|1484, 330919|1549, 330919|2249, 330859|2289, 330859|2349, 330295|2414, 329981|2492, 329921|2540, 329921|2749, 328987|2791, 328987|2988, 328459|3021, 327113|3079, 325028|3141, 324976|3179, 324976|3581, 315449|3667, 309649|3750, 309419|4051, https://www.pku.edu.cn, 
288931|1, 288728|382, 288728|1058, 287040|1168, 277303|1263, 272040|1346, 271041|1418, 270257|1507, 270257|2241, 270197|2285, 270197|2436, 267755|2503, 264615|2551, 262869|2603, 259137|2693, 227148|2760, 226432|2798, 226432|3317, 225645|3382, 225645|3453, 225328|3502, 225328|3657, 223590|3710, 223590|3745, 218614|3791, 217975|3864, 216163|3932, 216115|4018, https://www.mit.edu, 
178478|1, 178418|381, 178418|789, 178298|896, 178298|986, 177635|1167, 177369|1230, 176576|1295, 171934|1380, 170989|1466, 170317|1529, 170317|2001, 170265|2046, 170265|2134, 170205|2193, 170205|2292, 170145|2340, 167817|2435, 162931|2492, 162931|2588, 141167|2643, 129470|2702, 127926|2740, 127926|2767, 125767|2817, 125767|2867, 125715|2902, 125099|2928, 125099|2955, 125047|2993, 125047|3117, 124260|3161, 123883|3223, 123883|3395, 123813|3433, 122145|3479, 118547|3555, 116530|3656, 113443|3693, 113339|3738, 113339|3782, 113288|3835, 113288|3896, 112574|3931, 112574|4044, https://www.mit.edu, 
76510|1, 76454|329, 76454|461, 76280|556, 76280|910, 76220|970, 71004|1055, 69899|1170, 65738|1248, 52006|1309, 38594|1372, 38594|2135, 36905|2219, 34124|2279, 32153|2321, 26810|2358, 26129|2389, 26037|2451, 26037|2539, 0|2576, 0|4014, https://www.jd.com, 
2095008|1, 2095008|267, 2094851|298, 2094851|1088, 2093059|1181, 2085212|1264, 2084531|1319, 2080875|1400, 2079635|1483, 2079373|1544, 2079321|1575, 2079321|2217, 2079261|2261, 2079261|2308, 2078697|2366, 2078383|2429, 2078383|2471, 2078323|2534, 2078323|2676, 2077704|2709, 2077389|2742, 2077389|2885, 2076861|2912, 2076861|2937, 2075515|2976, 2074221|3020, 2073430|3066, 2073430|3097, 2073378|3127, 2073378|3364, 2072553|3419, 2065104|3479, 2061889|3514, 2058368|3548, 2058160|3577, 2058056|3629, 2057312|3679, 2044077|3732, 2043762|3765, 2043762|3797, 2041030|3869, 2035863|3934, 2035096|3987, 2031971|4040, https://www.pku.edu.cn, 
2023767|1, 2023767|743, 2023727|785, 2023727|1012, 2023607|1066, 2022984|1175, 2018647|1262, 2018469|1352, 2017145|1443, 2017093|1497, 2017093|1623, 2017033|1660, 2017033|2103, 2016409|2160, 2016095|2198, 2016095|2361, 2016035|2387, 2015416|2421, 2015101|2478, 2015101|2588, 2014573|2614, 2013730|2657, 2013227|2703, 2011933|2734, 2011933|2760, 2011142|2789, 2011090|2829, 2011090|3013, 2010385|3068, 2005360|3127, 2002549|3163, 1999601|3195, 1996080|3227, 1995768|3272, 1995253|3324, 1984597|3362, 1984221|3408, 1981248|3460, 1976089|3513, 1974494|3569, 1970858|3620, 1970754|3654, 1970754|3904, 1969822|3972, 1969822|4035, https://www.pku.edu.cn, 
1963815|1, 1963631|219, 1963631|842, 1963365|903, 1963365|964, 1962815|1071, 1962815|1152, 1962134|1202, 1962134|1255, 1962074|1301, 1962074|1381, 1957748|1416, 1956708|1451, 1956708|1624, 1955954|1670, 1955902|1719, 1955902|1788, 1952479|1837, 1944863|1892, 1944653|1921, 1944653|1996, 1930957|2031, 1921849|2073, 1918709|2099, 1918709|2125, 1918657|2148, 1918657|2193, 1886233|2258, 1883085|2297, 1878453|2322, 1878453|2368, 1876909|2405, 1815149|2466, 1801164|2531, 1800395|2567, 1800395|2593, 1764993|2649, 1725293|2716, 1722569|2767, 1721613|2817, 1721613|2896, 1720017|2931, 1704589|2981, 1698742|3012, 1697112|3039, 1697112|3063, 1692958|3097, 1692842|3139, 1691960|3171, 1690974|3196, 1690111|3223, 1685822|3255, 1685090|3316, 1685090|3406, 1684156|3435, 1684104|3462, 1684104|3501, 1681966|3545, 1681966|3816, 1681914|3843, 1681914|4016, https://www.yahoo.com, 
1349316|1, 1349316|936, 1349256|1012, 1348806|1107, 1348706|1168, 1348706|1275, 1347965|1312, 1347965|1537, 1343639|1576, 1342599|1602, 1342599|1768, 1341556|1794, 1341504|1824, 1341504|1967, 1328942|1996, 1327398|2022, 1327398|2047, 1327338|2076, 1327338|2188, 1304126|2220, 1304126|2274, 1304066|2310, 1302522|2361, 1294802|2399, 1257746|2448, 1257746|2534, 1253114|2575, 1165106|2637, 1165106|2686, 1163579|2733, 1154255|2787, 1114688|2852, 1114688|2899, 1111577|2958, 1111008|2993, 1111008|3087, 1092260|3147, 1087080|3188, 1082488|3215, 1082488|3313, 1081606|3348, 1081554|3379, 1076104|3411, 1074060|3442, 1073956|3476, 1073956|3630, 1072034|3669, 1071793|3708, 1071733|3755, 1071733|3886, 1071681|3915, 1071681|3955, 1071641|3998, 1071641|4036, https://www.yahoo.com, 
775354|1, 775354|703, 775294|886, 775114|948, 772084|1026, 765120|1140, 761464|1202, 761286|1257, 761286|1286, 760284|1324, 760224|1352, 759910|1395, 759910|2004, 759346|2054, 758972|2110, 758972|2272, 758293|2333, 757978|2374, 757978|2486, 757450|2522, 756607|2550, 756104|2579, 756104|2626, 754810|2666, 754019|2700, 753967|2736, 753967|2764, 753380|2793, 750958|2836, 746628|2886, 739966|2950, 738513|2994, 738409|3021, 738409|3063, 737890|3095, 722414|3150, 720621|3190, 720621|3217, 718330|3276, 717963|3318, 712186|3360, 710881|3424, 708280|3458, 708228|3486, 708228|3588, 707296|3655, 706679|3700, 706416|3729, 706364|3763, 705747|3798, 704815|3852, 703935|3905, 703569|3949, 703569|4014, https://www.pku.edu.cn, 
701297|1, 701297|799, 701177|918, 692141|1029, 691864|1079, 691752|1107, 687527|1176, 687349|1242, 687349|1275, 686287|1305, 686287|1330, 686025|1365, 685973|1403, 685973|1789, 685409|1855, 685095|1906, 685095|1985, 685035|2032, 684416|2083, 684101|2118, 684101|2256, 683513|2296, 682670|2329, 682107|2356, 682107|2379, 681316|2401, 680813|2442, 680022|2479, 679970|2515, 679970|2677, 679204|2717, 676961|2747, 674237|2778, 669455|2810, 664957|2871, 664749|2899, 664645|2925, 664415|2954, 664415|2988, 662214|3059, 660134|3109, 655645|3144, 654469|3173, 654253|3202, 650369|3253, 650317|3319, 650317|3437, 649700|3480, 649385|3544, 649385|3723, 646917|3777, 645658|3842, 645658|3932, 645598|3983, 645598|4028, https://www.pku.edu.cn, 
643470|1, 643470|1052, 643410|1131, 642960|1251, 642860|1303, 642860|1411, 642119|1447, 642119|1615, 637793|1651, 637793|1683, 636753|1707, 636753|1877, 635762|1911, 635658|1939, 635658|1994, 635448|2042, 632566|2083, 620162|2125, 617074|2154, 617074|2200, 617014|2231, 604610|2278, 603066|2339, 573730|2370, 573730|2396, 573670|2431, 548966|2489, 503037|2570, 502416|2633, 502416|2687, 465651|2726, 452971|2775, 450928|2820, 450247|2859, 449549|2899, 448064|2933, 441782|2979, 437340|3019, 422249|3061, 422017|3104, 421336|3150, 421336|3205, 419695|3234, 418435|3291, 417397|3340, 417345|3387, 413382|3423, 412702|3462, 412702|3520, 412453|3578, 412453|3666, 410272|3689, 410272|4038, https://www.yahoo.com, 
113899|1, 113899|226, 113843|256, 113709|315, 113709|1141, 113649|1182, 108433|1244, 103167|1357, 76265|1465, 76265|1515, 76205|1551, 76205|2128, 76141|2166, 74787|2209, 72521|2248, 71726|2279, 70413|2322, 63918|2382, 63878|2426, 63878|2509, 26038|2541, 10880|2603, 10880|2668, 10007|2729, 9967|2759, 9967|2797, 8446|2828, 8160|2887, 8120|2942, 8120|3236, 8060|3275, 8060|4003, https://www.jd.com, 
2097036|1, 2097036|116, 2096879|146, 2096879|606, 2096819|641, 2096819|842, 2096493|956, 2086499|1078, 2086499|1110, 2082843|1158, 2082665|1203, 2081663|1266, 2081341|1329, 2081289|1366, 2081289|1899, 2080725|1941, 2080411|2003, 2080351|2052, 2080351|2164, 2079732|2199, 2079417|2242, 2079357|2282, 2079357|2419, 2078829|2458, 2078829|2493, 2077483|2532, 2077483|2557, 2076692|2580, 2076189|2609, 2075398|2640, 2075346|2684, 2075346|2858, 2074700|2905, 2070862|2968, 2068670|3003, 2064929|3031, 2061408|3076, 2061252|3102, 2061148|3143, 2060563|3190, 2045395|3266, 2043367|3316, 2038877|3353, 2037701|3385, 2037282|3419, 2033842|3484, 2033790|3534, 2033790|3622, 2033173|3656, 2033173|3700, 2032858|3743, 2032858|3895, 2030883|3952, 2028938|4015, https://www.pku.edu.cn, 
2025129|1, 2025129|195, 2025070|237, 2024945|306, 2024945|930, 2024885|1045, 2024435|1168, 2024335|1248, 2024335|1346, 2023594|1430, 2023594|1530, 2023542|1553, 2019268|1587, 2018228|1627, 2018228|1858, 2017133|1943, 2014407|2000, 2014197|2042, 2014197|2090, 2002001|2122, 1989797|2167, 1989797|2216, 1989745|2256, 1989745|2295, 1971529|2336, 1953313|2370, 1953253|2398, 1953253|2474, 1925929|2522, 1898605|2581, 1898605|2653, 1897965|2684, 1857550|2730, 1818082|2801, 1818082|2849, 1816039|2902, 1788325|2959, 1788325|3013, 1788107|3052, 1771796|3118, 1762545|3191, 1762429|3221, 1762045|3247, 1760167|3282, 1759140|3317, 1756939|3364, 1756180|3420, 1754934|3463, 1754934|3550, 1754882|3589, 1750290|3661, 1750230|3701, 1750230|3907, 1748131|3960, 1748048|4018, https://www.yahoo.com, 
1438961|1, 1438961|248, 1438771|292, 1438771|1109, 1438619|1170, 1433861|1239, 1428515|1349, 1401544|1448, 1401544|1507, 1401484|1550, 1401484|1605, 1401424|1636, 1401424|2162, 1401360|2226, 1399372|2302, 1396725|2357, 1395362|2393, 1390693|2425, 1389137|2456, 1389097|2501, 1389037|2556, 1389037|2607, 1335776|2645, 1335776|2731, 1335715|2764, 1333136|2852, 1333056|2916, 1333056|4035, https://www.jd.com, 
1209477|1, 1209477|254, 1209274|302, 1209274|1021, 1209214|1108, 1208699|1226, 1208230|1290, 1208230|1324, 1207549|1385, 1202022|1499, 1201962|1551, 1201608|1575, 1201608|1605, 1201556|1630, 1201556|1976, 1201238|2037, 1201238|2186, 1198910|2227, 1198850|2269, 1193551|2338, 1193499|2389, 1188341|2428, 1158791|2462, 1157797|2491, 1157637|2523, 1157637|2885, 1157577|2936, 1156896|2972, 1156896|3035, 1155714|3072, 1155644|3123, 1152826|3178, 1148306|3246, 1148254|3290, 1148254|3321, 1146497|3349, 1146441|3381, 1146441|3420, 1146393|3470, 1145685|3509, 1145685|3548, 1145637|3571, 1144524|3606, 1142871|3637, 1142642|3666, 1139786|3719, 1137867|3773, 1137867|3854, 1135874|3899, 1135874|3940, 1135442|3997, 1135442|4038, https://www.mit.edu, 
1102013|1, 1102013|1063, 1100427|1163, 1092580|1302, 1088243|1379, 1088065|1437, 1088005|1470, 1087003|1511, 1086741|1552, 1086689|1595, 1086689|2098, 1086125|2154, 1085811|2192, 1085751|2227, 1085751|2348, 1085132|2394, 1084817|2451, 1084757|2495, 1084757|2586, 1084229|2622, 1084229|2664, 1082883|2712, 1082883|2738, 1081589|2767, 1081589|2795, 1080798|2821, 1080746|2868, 1080746|3077, 1079981|3115, 1077057|3168, 1072943|3219, 1066979|3278, 1065578|3313, 1065422|3342, 1065422|3371, 1064904|3410, 1050762|3480, 1048878|3562, 1042571|3622, 1042192|3668, 1040916|3706, 1039819|3750, 1037150|3790, 1037046|3859, 1037046|4001, https://www.pku.edu.cn, 
1028926|1, 1028926|750, 1028866|793, 1028866|1074, 1028746|1140, 1027178|1195, 1017353|1303, 1017353|1352, 1016672|1422, 1012090|1505, 1011085|1558, 1011085|1599, 1010731|1628, 1010413|1668, 1010413|2213, 1008085|2251, 1008085|2285, 1005145|2331, 1002674|2409, 997452|2455, 967119|2513, 966959|2550, 966959|2610, 966639|2656, 966639|2752, 966579|2776, 966579|2917, 965792|2989, 965740|3043, 965740|3084, 965423|3127, 963685|3175, 963685|3210, 958709|3260, 958387|3305, 956626|3352, 956522|3389, 956205|3433, 956157|3475, 956157|3509, 955451|3562, 955403|3602, 954288|3655, 952635|3695, 952635|3745, 949831|3773, 948329|3823, 947852|3866, 946474|3905, 945859|3959, 945427|4025, https://www.mit.edu, 
919428|1, 919428|297, 919244|339, 919244|1126, 919184|1218, 919184|1276, 918634|1408, 918634|1479, 917953|1544, 917893|1592, 917893|1732, 912527|1796, 912527|1974, 911565|2042, 911565|2109, 907060|2158, 904024|2204, 894864|2267, 894864|2308, 894804|2344, 864234|2409, 864234|2513, 845966|2567, 818530|2622, 818530|2709, 817038|2751, 751624|2852, 751572|2918, 751572|2946, 713121|2989, 683680|3051, 682318|3107, 681228|3178, 664693|3262, 664461|3297, 659933|3325, 659755|3351, 659755|3375, 655601|3414, 654804|3468, 651813|3525, 651487|3568, 651435|3602, 651435|3669, 647218|3726, 643590|3806, 643530|3863, 643530|3945, 642348|3985, 642296|4034, https://www.yahoo.com, 
329557|1, 329557|308, 329367|352, 329367|1053, 328658|1151, 323715|1299, 305193|1377, 291746|1456, 291746|1504, 291686|1555, 291686|2117, 291622|2185, 290228|2242, 287107|2301, 279942|2386, 279299|2440, 279299|2528, 279239|2577, 226039|2640, 226039|2713, 225435|2756, 224578|2833, 223581|2892, 223541|2939, 223541|4043, https://www.jd.com, 
99613|1, 99613|1067, 99493|1122, 99293|1167, 99228|1258, 98824|1295, 98143|1348, 98143|1400, 92616|1491, 91884|1594, 91884|2229, 89496|2273, 89496|2309, 86356|2351, 83877|2422, 78655|2469, 48819|2519, 48155|2550, 48103|2585, 48103|3018, 47316|3069, 47316|3123, 46999|3163, 46999|3297, 45261|3338, 45261|3377, 42505|3404, 41663|3434, 39963|3481, 37937|3554, 37833|3617, 37785|3655, 37785|3807, 37077|3845, 37077|3887, 35849|3932, 34263|3978, 34263|4004, https://www.mit.edu, 
0|1, 0|257, 2097076|322, 2097076|1016, 2095284|1128, 2087437|1238, 2086756|1277, 2083100|1348, 2082922|1401, 2081486|1452, 2081172|1499, 2081172|2054, 2080608|2118, 2080294|2178, 2080234|2214, 2080234|2347, 2079615|2391, 2079240|2445, 2079240|2559, 2078712|2594, 2077869|2635, 2077366|2679, 2076072|2718, 2075281|2749, 2075229|2784, 2075229|2999, 2074464|3058, 2069498|3109, 2066201|3141, 2063675|3178, 2060102|3221, 2059790|3266, 2059790|3310, 2045611|3398, 2045611|3438, 2045348|3471, 2045226|3509, 2043712|3565, 2037660|3635, 2035744|3729, 2033117|3773, 2033065|3808, 2033065|4032, https://www.pku.edu.cn, 
2025120|1, 2025120|310, 2024943|343, 2024943|685, 2024883|728, 2024883|1160, 2014254|1222, 2013785|1316, 2005919|1468, 2005919|1545, 2005859|1592, 2005859|2025, 1938742|2090, 1938742|2336, 1938682|2376, 1927238|2448, 1800981|2546, 1707155|2608, 1706982|2641, 1693367|2673, 1651434|2709, 1651434|4026, https://www.baidu.com, 
1561853|1, 1561853|203, 1561663|235, 1561663|978, 1561603|1089, 1556647|1161, 1555362|1300, 1550179|1347, 1524256|1390, 1524216|1427, 1524216|1484, 1524156|1536, 1524156|2133, 1522885|2182, 1520737|2252, 1519577|2285, 1519222|2316, 1518364|2360, 1511464|2427, 1511424|2485, 1511364|2540, 1458187|2592, 1458187|2677, 1457314|2723, 1455647|2798, 1455607|2852, 1455607|4008, https://www.jd.com, 
1327508|1, 1327508|251, 1327318|312, 1327318|1033, 1322242|1215, 1321017|1322, 1298688|1418, 1289955|1473, 1289955|1539, 1289895|1583, 1289895|2197, 1289342|2274, 1285884|2345, 1285066|2393, 1284143|2431, 1283454|2469, 1279124|2501, 1277508|2553, 1277508|2788, 1241220|2834, 1224480|2898, 1224480|2959, 1223689|3020, 1223607|3054, 1223607|3084, 1223066|3114, 1221818|3160, 1221738|3211, 1221738|4010, https://www.jd.com, 
1096696|1, 1096696|285, 1096493|348, 1096493|1067, 1096313|1172, 1096313|1237, 1085779|1336, 1085126|1400, 1085126|1435, 1084445|1477, 1084445|1511, 1079863|1571, 1078858|1621, 1078858|1657, 1078186|1710, 1078186|2250, 1075858|2308, 1075858|2352, 1072598|2388, 1070231|2432, 1070179|2464, 1066476|2498, 1035070|2551, 1034354|2601, 1034294|2685, 1034294|3012, 1033507|3053, 1033507|3100, 1033190|3132, 1033190|3281, 1031452|3331, 1031452|3391, 1028632|3418, 1026154|3455, 1025837|3504, 1024024|3565, 1024024|3607, 1023976|3666, 1023976|3717, 1023606|3746, 1023269|3777, 1023269|3812, 1020455|3868, 1020455|3910, 1017651|3960, 1017587|4001, https://www.mit.edu, 
987762|1, 987762|196, 987585|287, 987585|1200, 986151|1258, 976832|1348, 971163|1466, 969103|1514, 969103|1593, 969043|1639, 969043|1767, 902552|1814, 902512|1842, 902512|2376, 902452|2426, 902452|2545, 902002|2604, 895968|2669, 836915|2750, 705975|2807, 653598|2847, 653598|4039, https://www.baidu.com, 
563776|1, 563776|1023, 563656|1142, 553124|1264, 547455|1325, 545395|1389, 545395|1515, 545335|1556, 545335|1693, 478642|1746, 478642|2266, 478582|2293, 477391|2339, 371588|2415, 351296|2480, 270757|2543, 270757|4007, https://www.baidu.com, 
179683|1, 179683|990, 179563|1046, 179563|1085, 178894|1193, 178213|1279, 173631|1349, 173401|1433, 172626|1470, 172626|1497, 171954|1536, 171954|2122, 171894|2193, 169566|2258, 163999|2325, 163947|2376, 137667|2426, 128401|2471, 128301|2508, 128301|3004, 127514|3054, 127514|3084, 127197|3120, 127197|3246, 125459|3293, 124681|3345, 121925|3391, 119844|3437, 119844|3498, 118031|3543, 117983|3601, 117983|3691, 117275|3735, 117275|3759, 116112|3789, 114459|3821, 114459|3846, 114411|3885, 111591|3937, 109735|3981, 109735|4021, https://www.mit.edu, 
79675|1, 79675|240, 79616|265, 79498|306, 79498|1052, 68926|1127, 61190|1277, 59296|1317, 59296|1433, 59236|1498, 59236|1552, 0|1595, 0|4008, https://www.baidu.com, 
2067429|1, 2067429|257, 2067245|292, 2067245|1069, 2067185|1142, 2066920|1272, 2066635|1323, 2066635|1463, 2065894|1511, 2065894|1658, 2061568|1688, 2060528|1726, 2060528|2012, 2059433|2046, 2057444|2088, 2057182|2125, 2057182|2204, 2041690|2246, 2032366|2299, 2029226|2339, 2029226|2414, 1979818|2478, 1973582|2550, 1973582|2626, 1874766|2685, 1860947|2755, 1860827|2804, 1860827|2833, 1829605|2868, 1828924|2930, 1826606|3030, 1825925|3076, 1820223|3116, 1820107|3157, 1802711|3216, 1801674|3251, 1801674|3289, 1797520|3322, 1796522|3386, 1794829|3436, 1789754|3476, 1789754|3591, 1788924|3631, 1788872|3687, 1786765|3745, 1786765|3845, 1786576|3882, 1786576|3929, 1786524|3982, 1786524|4036, https://www.yahoo.com, 
1492783|1, 1492783|563, 1490829|604, 1490829|1104, 1490563|1204, 1490113|1310, 1490013|1366, 1490013|1430, 1489332|1490, 1489272|1557, 1489272|1669, 1484946|1727, 1483906|1766, 1483906|2028, 1482811|2082, 1480085|2157, 1479875|2217, 1479875|2243, 1467679|2271, 1455475|2303, 1455475|2366, 1455423|2410, 1434119|2489, 1418879|2538, 1418879|2643, 1391555|2674, 1364231|2704, 1364231|2791, 1362764|2845, 1283708|2915, 1283708|2990, 1283027|3031, 1254204|3078, 1254204|3150, 1253986|3199, 1237673|3268, 1228600|3320, 1228306|3352, 1228306|3378, 1226344|3412, 1225899|3448, 1224965|3497, 1221345|3562, 1218961|3615, 1218961|3696, 1218909|3727, 1214317|3768, 1214317|3799, 1214257|3827, 1214257|3953, 1212159|3994, 1212159|4041, https://www.yahoo.com, 
921074|1, 921074|827, 917166|912, 917166|1338, 916900|1421, 916350|1603, 916350|1733, 915609|1817, 915609|1958, 911283|2006, 910243|2055, 910243|2217, 909333|2252, 909281|2282, 909281|2367, 893402|2428, 893402|2531, 893342|2566, 877902|2601, 853198|2634, 852988|2678, 852988|2765, 794604|2867, 794500|2910, 794500|3006, 790081|3045, 766716|3088, 765223|3148, 765223|3197, 727034|3265, 725672|3332, 724991|3379, 724310|3418, 684769|3454, 677049|3497, 671295|3532, 658597|3622, 653238|3675, 647812|3743, 645859|3804, 645859|3901, 645178|3936, 645178|4004, https://www.yahoo.com, 
345309|1, 345309|233, 345119|281, 345119|346, 343165|407, 343165|809, 342416|1057, 338175|1137, 338175|1230, 332743|1329, 305947|1397, 305907|1470, 305847|1540, 305847|2200, 305787|2264, 300568|2337, 298359|2384, 296289|2442, 291294|2494, 289512|2558, 289512|2780, 274392|2809, 236256|2862, 236256|2940, 235813|2974, 235383|3045, 235343|3103, 233514|3163, 233474|3217, 233474|4024, https://www.jd.com, 
112286|1, 112286|1251, 112020|1325, 112020|1375, 111470|1495, 111470|1648, 110729|1699, 110729|1848, 106403|1883, 105363|1914, 105363|2085, 100649|2153, 100649|2243, 96542|2277, 90418|2325, 90418|2414, 90358|2456, 68948|2511, 68896|2542, 68896|2630, 50368|2681, 36412|2744, 34868|2791, 34868|2831, 0|2891, 0|4068, https://www.yahoo.com, 
2077319|1, 2077319|276, 2077142|354, 2077142|1185, 2066570|1274, 2064810|1397, 2059206|1477, 2057146|1538, 2057146|1595, 2057086|1660, 2057086|1820, 2025826|1861, 1989858|1914, 1989858|2402, 1989798|2457, 1989798|2614, 1989738|2683, 1978983|2762, 1853496|2831, 1837633|2875, 1837593|2913, 1837593|4024, https://www.baidu.com, 
1703252|1, 1703252|263, 1703068|329, 1703068|1154, 1702802|1329, 1702802|1397, 1702252|1487, 1702252|1622, 1701571|1707, 1701511|1810, 1701459|1861, 1696633|1934, 1696633|2064, 1695723|2119, 1695671|2186, 1695671|2235, 1691564|2290, 1691564|2343, 1686227|2382, 1686227|2459, 1674023|2508, 1663423|2589, 1658843|2645, 1658633|2697, 1640357|2752, 1640357|2787, 1619105|2832, 1619053|2883, 1591729|2946, 1585175|3003, 1572838|3080, 1527121|3207, 1480147|3292, 1469050|3358, 1469050|3457, 1468868|3509, 1448774|3602, 1448205|3675, 1448205|3742, 1445130|3795, 1442980|3851, 1441105|3890, 1441105|4035, https://www.yahoo.com, 
1216203|1, 1216203|1304, 1210757|1354, 1204959|1436, 1198267|1599, 1196110|1710, 1196050|1809, 1196050|1950, 1129354|2031, 1129354|2477, 1129294|2532, 1129294|2744, 1129234|2781, 1129234|2880, 1128135|2932, 997217|3040, 949994|3109, 913777|3172, 913737|3208, 913737|4033, https://www.baidu.com, 
852451|1, 852451|282, 852294|326, 852294|1317, 843500|1410, 842982|1549, 838250|1669, 836934|1752, 836874|1842, 836874|2498, 836814|2540, 836814|2693, 835876|2791, 835876|2954, 834942|2991, 834942|3228, 833068|3297, 830983|3384, 830931|3424, 830931|3821, 818915|3899, 815662|3955, 815558|4003, https://www.pku.edu.cn, 
779567|1, 779567|504, 779347|628, 779347|1206, 777813|1331, 770241|1441, 765243|1595, 763867|1702, 763867|2426, 763807|2482, 763807|2610, 763243|2654, 762869|2712, 762869|3012, 761935|3075, 761935|3238, 761407|3273, 760061|3329, 757976|3387, 757924|3445, 757924|3491, 757864|3548, 757864|3813, 752891|3886, 742589|3967, 742485|4017, https://www.pku.edu.cn, 
721364|1, 721364|236, 721161|280, 721161|1228, 710253|1383, 704521|1601, 703576|1685, 703516|1734, 703110|1783, 702792|1830, 702792|2459, 702732|2531, 700404|2616, 700352|2671, 696411|2742, 694673|2802, 690970|2836, 658977|2906, 658877|2969, 658877|3542, 658090|3599, 658038|3643, 658038|3812, 656019|3885, 653199|3948, 650669|4013, https://www.mit.edu, 
599184|1, 599184|1215, 599124|1267, 597702|1330, 587759|1520, 582496|1622, 580931|1720, 580871|1809, 580871|2487, 580811|2582, 578215|2667, 572856|2741, 572804|2791, 537859|2839, 537143|2889, 537091|2925, 537091|3420, 536304|3495, 535987|3579, 535987|3739, 535917|3775, 534249|3820, 534249|3852, 528951|3919, 526821|4011, https://www.mit.edu, 
477344|1, 477344|308, 477154|368, 477154|1447, 476445|1506, 472164|1615, 439887|1823, 439787|1917, 439787|2666, 439727|2728, 439727|2855, 437984|2977, 435716|3028, 434633|3080, 429122|3134, 427440|3174, 427400|3218, 427400|3327, 374868|3414, 374425|3512, 373995|3600, 372452|3660, 372452|4043, https://www.jd.com, 
273189|1, 272841|110, 272841|297, 272785|343, 272437|394, 272303|455, 272303|1246, 271529|1348, 261740|1504, 261740|1573, 234639|1657, 234579|1760, 234579|2444, 234519|2512, 234455|2594, 234455|2644, 233553|2691, 233493|2728, 233493|2760, 232466|2837, 231489|2895, 229810|2983, 227823|3044, 221693|3126, 221693|3308, 206573|3353, 169047|3475, 168174|3550, 167546|3632, 167344|3686, 166305|3741, 166305|4039, https://www.jd.com, 
70860|1, 70860|316, 70804|376, 70804|424, 70670|498, 70670|1216, 70610|1323, 65800|1398, 65027|1530, 58739|1630, 32700|1719, 32700|1776, 32640|1882, 32640|2551, 32580|2585, 32580|2629, 32027|2676, 29875|2778, 27685|2847, 22015|2939, 20213|3004, 20213|3105, 5093|3135, 0|3220, 0|4036, https://www.jd.com, 
2077702|1, 2077702|186, 2077650|220, 2077650|417, 2077598|509, 2077598|854, 2077546|955, 2077546|1222, 2077426|1305, 2075858|1381, 2065913|1536, 2060538|1618, 2058921|1713, 2058861|1798, 2058809|1859, 2058809|2283, 2058769|2341, 2058769|2479, 2058709|2517, 2058709|2659, 2056321|2775, 2051435|2877, 2049247|2953, 2015610|3016, 2014946|3055, 2014894|3091, 2014894|3645, 2014842|3716, 2013738|3803, 2013738|3908, 2013678|3981, 2013678|4024, https://www.mit.edu, 
1954565|1, 1954565|327, 1954388|392, 1954388|1192, 1954328|1316, 1943756|1393, 1937681|1583, 1935541|1651, 1935541|1788, 1935481|1889, 1867821|1976, 1867821|2528, 1867761|2617, 1867761|2786, 1867701|2821, 1867701|2861, 1823086|2978, 1745476|3055, 1661474|3133, 1661434|3188, 1661014|3237, 1661014|4026, https://www.baidu.com, 
1578109|1, 1578109|1231, 1566865|1341, 1560173|1502, 1558113|1554, 1558113|1635, 1558053|1709, 1558053|1763, 1490254|1844, 1490254|2431, 1490194|2483, 1490194|2656, 1490134|2725, 1490134|2863, 1479604|2946, 1375114|3024, 1357146|3065, 1279403|3116, 1279363|3150, 1279363|4021, https://www.baidu.com, 
1196200|1, 1196200|1360, 1185628|1451, 1184790|1520, 1183998|1604, 1176269|1755, 1176269|1932, 1109263|2057, 1109263|2697, 1109203|2745, 1109143|2803, 1109143|2914, 1109083|2977, 1109083|3058, 1090986|3139, 955651|3222, 952857|3266, 892606|3310, 892566|3345, 892566|4011, https://www.baidu.com, 
