365011|1, 365011|1107, 365031|1259, 365048|1424, 365048|1540, 365049|1604, 365049|1729, 365052|1785, 365074|1854, 365074|2161, 365075|2210, 365075|2341, 365076|2394, 365076|2451, 365094|2521, 365134|2580, 365203|2661, 365225|2728, 365225|4034, https://www.baidu.com, 
365419|1, 365419|214, 365420|281, 365420|474, 365422|667, 365433|772, 365447|923, 365448|980, 365448|1038, 365449|1110, 365449|1813, 365450|1850, 365450|1964, 365452|2038, 365453|2101, 365453|2312, 365454|2352, 365455|2403, 365455|2587, 365457|2635, 365459|2694, 365459|2744, 365460|2778, 365460|3131, 365474|3221, 365497|3313, 365498|3358, 365498|3560, 365499|3613, 365500|3693, 365506|3758, 365510|3808, 365515|3846, 365520|3916, 365520|4021, https://www.pku.edu.cn, 
365551|1, 365551|709, 365554|802, 365569|903, 365576|1000, 365578|1071, 365580|1142, 365581|1225, 365581|1901, 365582|1936, 365582|2085, 365583|2157, 365585|2207, 365586|2256, 365588|2330, 365592|2416, 365592|2454, 365593|2494, 365593|3033, 365594|3112, 365595|3161, 365595|3405, 365596|3444, 365597|3505, 365597|3885, 365598|3920, 365598|4049, https://www.mit.edu, 
365637|1, 365637|539, 365639|605, 365639|815, 365646|891, 365646|964, 365650|1025, 365656|1132, 365658|1196, 365658|1671, 365659|1719, 365659|1800, 365660|1853, 365660|1958, 365661|2008, 365662|2083, 365664|2157, 365664|2261, 365666|2307, 365666|2373, 365667|2410, 365667|2442, 365670|2475, 365670|2630, 365671|2661, 365671|2822, 365674|2889, 365674|3149, 365675|3211, 365676|3314, 365676|3816, 365677|3851, 365678|4031, https://www.mit.edu, 
365712|1, 365712|257, 365713|319, 365713|668, 365721|762, 365723|854, 365730|946, 365733|1021, 365745|1083, 365746|1123, 365746|1842, 365749|1908, 365756|1985, 365758|2028, 365768|2073, 365773|2106, 365774|2152, 365774|2257, 365786|2288, 365791|2326, 365792|2399, 365792|2472, 365793|2515, 365798|2555, 365798|3297, 365799|3333, 365799|3826, 365800|3875, 365806|3911, 365814|3952, 365815|4037, https://www.jd.com, 
366018|1, 366018|875, 366020|962, 366035|1052, 366039|1110, 366042|1173, 366043|1273, 366046|1340, 366047|1373, 366047|2015, 366048|2049, 366048|2143, 366050|2221, 366050|2261, 366051|2303, 366051|2473, 366052|2504, 366053|2538, 366053|2679, 366054|2710, 366054|2736, 366055|2766, 366056|2814, 366057|2856, 366057|2893, 366058|2923, 366058|3159, 366062|3199, 366076|3269, 366091|3313, 366091|3341, 366092|3374, 366096|3419, 366097|3469, 366108|3529, 366109|3560, 366109|3593, 366113|3653, 366118|3720, 366123|3777, 366125|3822, 366128|3873, 366128|4010, https://www.pku.edu.cn, 
366162|1, 366162|560, 366163|608, 366163|883, 366167|948, 366171|1064, 366175|1156, 366178|1240, 366179|1319, 366179|1482, 366180|1517, 366180|1929, 366182|1983, 366183|2021, 366183|2185, 366184|2213, 366185|2242, 366186|2286, 366186|2415, 366187|2440, 366187|2480, 366189|2521, 366190|2560, 366190|2614, 366191|2648, 366191|2882, 366201|2948, 366209|2986, 366224|3022, 366224|3049, 366228|3094, 366229|3139, 366231|3181, 366240|3232, 366243|3279, 366249|3327, 366254|3386, 366257|3439, 366261|3480, 366261|3729, 366262|3771, 366263|3858, 366263|3946, 366266|3999, 366269|4053, https://www.pku.edu.cn, 
366293|1, 366293|657, 366295|724, 366295|784, 366297|882, 366298|958, 366298|1013, 366300|1071, 366301|1119, 366301|1236, 366307|1277, 366307|1448, 366309|1486, 366309|1613, 366312|1649, 366314|1706, 366316|1747, 366316|1815, 366321|1856, 366324|1898, 366325|1923, 366327|1950, 366327|2009, 366339|2062, 366350|2122, 366354|2147, 366354|2223, 366377|2270, 366403|2335, 366411|2392, 366411|2419, 366434|2461, 366457|2519, 366476|2589, 366479|2639, 366481|2673, 366481|2749, 366494|2798, 366499|2836, 366503|2864, 366503|2915, 366507|2961, 366507|3022, 366512|3047, 366513|3076, 366517|3133, 366520|3183, 366520|3260, 366521|3287, 366521|3318, 366527|3362, 366528|3417, 366528|3840, 366529|3867, 366529|4020, https://www.yahoo.com, 
366866|1, 366866|686, 366867|763, 366867|814, 366869|921, 366870|968, 366870|1054, 366873|1113, 366873|1288, 366876|1328, 366879|1359, 366879|1549, 366885|1580, 366885|1719, 366887|1751, 366894|1779, 366895|1804, 366895|1826, 366896|1875, 366896|1945, 366909|1975, 366911|2004, 366911|2062, 366913|2106, 366913|2154, 366942|2197, 366942|2284, 366945|2327, 366954|2376, 367002|2430, 367003|2483, 367014|2538, 367040|2598, 367040|2644, 367046|2710, 367051|2746, 367051|2834, 367055|2884, 367066|2944, 367075|2972, 367076|2995, 367076|3134, 367080|3167, 367085|3197, 367085|3226, 367087|3271, 367087|3384, 367090|3425, 367091|3463, 367092|3503, 367092|3707, 367093|3750, 367093|3818, 367094|3853, 367094|4019, https://www.yahoo.com, 
367417|1, 367417|641, 367420|755, 367425|824, 367437|939, 367439|997, 367442|1079, 367443|1108, 367445|1147, 367446|1174, 367446|1212, 367447|1253, 367447|1820, 367448|1870, 367450|1922, 367450|2085, 367451|2126, 367453|2194, 367453|2308, 367454|2338, 367454|2373, 367455|2401, 367456|2424, 367456|2445, 367457|2481, 367457|2520, 367458|2554, 367458|2586, 367459|2612, 367464|2653, 367474|2695, 367493|2762, 367495|2811, 367498|2844, 367498|2912, 367511|2965, 367512|3002, 367513|3039, 367517|3094, 367519|3137, 367524|3173, 367529|3242, 367534|3280, 367534|3405, 367535|3453, 367537|3514, 367537|3549, 367538|3585, 367538|3616, 367539|3661, 367541|3713, 367542|3766, 367544|3801, 367544|3908, 367546|3959, 367546|4021, https://www.pku.edu.cn, 
367566|1, 367566|741, 367580|884, 367584|942, 367584|969, 367586|1012, 367589|1094, 367590|1137, 367593|1168, 367593|1223, 367594|1266, 367594|1698, 367596|1766, 367596|1881, 367597|1935, 367598|1981, 367599|2008, 367599|2107, 367600|2153, 367601|2193, 367603|2220, 367604|2244, 367604|2265, 367605|2298, 367605|2339, 367606|2374, 367606|2539, 367608|2578, 367612|2609, 367622|2640, 367628|2672, 367639|2731, 367640|2763, 367644|2788, 367644|2816, 367645|2845, 367650|2913, 367653|2969, 367656|3004, 367660|3035, 367660|3064, 367663|3107, 367666|3171, 367666|3296, 367667|3336, 367668|3379, 367668|3557, 367672|3626, 367676|3694, 367676|3794, 367677|3837, 367677|3890, 367678|3931, 367678|4004, https://www.pku.edu.cn, 
367697|1, 367697|878, 367698|986, 367698|1088, 367700|1143, 367701|1228, 367701|1262, 367702|1300, 367704|1334, 367704|1504, 367707|1540, 367710|1564, 367710|1732, 367715|1770, 367715|1797, 367716|1826, 367716|1854, 367718|1896, 367723|1935, 367731|1977, 367733|2013, 367733|2059, 367734|2083, 367738|2129, 367742|2190, 367762|2229, 367762|2286, 367763|2318, 367779|2404, 367815|2488, 367815|2576, 367851|2625, 367851|2672, 367859|2711, 367859|2748, 367860|2789, 367864|2825, 367865|2869, 367877|2911, 367883|2959, 367883|3000, 367885|3038, 367885|3091, 367889|3138, 367890|3191, 367892|3246, 367895|3281, 367898|3318, 367898|3423, 367899|3495, 367899|3548, 367907|3576, 367907|4017, https://www.yahoo.com, 
368270|1, 368270|1015, 368280|1085, 368285|1194, 368300|1290, 368300|1352, 368301|1398, 368301|2010, 368305|2053, 368307|2088, 368309|2125, 368315|2165, 368321|2221, 368326|2269, 368326|2380, 368344|2438, 368345|2505, 368347|2571, 368347|2641, 368350|2673, 368354|2723, 368354|3077, 368355|3110, 368355|4004, https://www.jd.com, 
368564|1, 368564|498, 368565|537, 368565|734, 368567|831, 368584|947, 368586|1005, 368589|1053, 368589|1088, 368590|1135, 368593|1214, 368594|1258, 368594|1830, 368595|1886, 368596|1934, 368597|1979, 368597|2091, 368598|2136, 368599|2173, 368600|2208, 368600|2349, 368601|2385, 368602|2427, 368603|2455, 368603|2477, 368604|2504, 368604|2534, 368605|2580, 368605|2785, 368612|2856, 368621|2899, 368634|2928, 368634|2965, 368635|2998, 368639|3032, 368640|3077, 368650|3142, 368656|3206, 368660|3245, 368664|3281, 368664|3309, 368670|3366, 368672|3422, 368672|3552, 368673|3594, 368674|3634, 368674|3786, 368677|3838, 368681|3898, 368685|3945, 368686|3976, 368687|4006, https://www.pku.edu.cn, 
368709|1, 368709|887, 368710|1025, 368713|1130, 368713|1231, 368716|1295, 368716|1440, 368719|1472, 368722|1513, 368722|1793, 368730|1882, 368730|1921, 368732|1954, 368732|1977, 368736|2007, 368740|2047, 368741|2096, 368741|2182, 368747|2221, 368753|2255, 368753|2284, 368754|2314, 368754|2400, 368772|2455, 368772|2566, 368778|2609, 368804|2676, 368804|2775, 368823|2834, 368823|2982, 368845|3059, 368846|3106, 368847|3133, 368847|3196, 368851|3245, 368858|3299, 368864|3350, 368864|3469, 368867|3532, 368870|3584, 368871|3622, 368871|3833, 368879|3895, 368879|4034, https://www.yahoo.com, 
369188|1, 369188|1050, 369194|1118, 369200|1227, 369213|1317, 369217|1400, 369218|1447, 369218|1529, 369219|1573, 369219|2114, 369224|2180, 369228|2248, 369230|2286, 369239|2323, 369244|2353, 369244|2394, 369245|2448, 369245|2503, 369257|2540, 369263|2572, 369263|2660, 369265|2715, 369272|2804, 369272|4020, https://www.jd.com, 
369481|1, 369481|976, 369483|1070, 369487|1173, 369487|1208, 369489|1256, 369493|1348, 369496|1421, 369496|1463, 369497|1492, 369497|1907, 369498|1972, 369498|2068, 369499|2110, 369499|2150, 369501|2206, 369503|2267, 369507|2313, 369507|2377, 369508|2408, 369509|2458, 369509|2758, 369510|2818, 369510|2857, 369512|2896, 369512|2923, 369515|2956, 369515|2998, 369516|3054, 369517|3122, 369517|3596, 369518|3647, 369518|3822, 369519|3869, 369519|4018, https://www.mit.edu, 
369572|1, 369572|893, 369574|1017, 369589|1143, 369592|1229, 369595|1308, 369596|1344, 369599|1384, 369599|1421, 369600|1468, 369600|1961, 369601|2026, 369602|2064, 369602|2100, 369603|2136, 369603|2267, 369605|2323, 369606|2367, 369606|2492, 369607|2539, 369608|2583, 369609|2616, 369610|2643, 369610|2740, 369611|2784, 369611|2951, 369614|2985, 369617|3033, 369629|3088, 369644|3136, 369644|3191, 369649|3219, 369649|3247, 369650|3283, 369661|3337, 369664|3420, 369669|3487, 369672|3537, 369677|3582, 369679|3621, 369680|3656, 369686|3722, 369686|3954, 369687|3998, 369688|4050, https://www.pku.edu.cn, 
369725|1, 369725|650, 369726|683, 369726|966, 369728|1027, 369729|1078, 369735|1154, 369747|1249, 369749|1308, 369753|1383, 369756|1454, 369756|1499, 369757|1529, 369758|1569, 369758|2110, 369759|2148, 369759|2186, 369760|2219, 369763|2299, 369767|2351, 369767|2443, 369769|2484, 369769|2549, 369770|2606, 369770|2646, 369771|2678, 369771|2802, 369772|2880, 369772|3020, 369773|3070, 369773|3155, 369774|3198, 369774|3321, 369775|3371, 369775|3675, 369776|3722, 369776|3856, 369777|3922, 369777|4021, https://www.mit.edu, 
369814|1, 369814|1038, 369815|1126, 369815|1176, 369816|1277, 369818|1396, 369818|1464, 369821|1516, 369821|1654, 369824|1713, 369827|1769, 369827|1901, 369832|1956, 369832|2073, 369835|2127, 369839|2186, 369839|2227, 369840|2269, 369846|2322, 369852|2381, 369852|2484, 369862|2543, 369868|2577, 369868|2671, 369886|2752, 369897|2844, 369897|2872, 369909|2906, 369944|2967, 369952|3025, 369954|3081, 369955|3173, 369968|3224, 369972|3252, 369974|3279, 369974|3336, 369978|3388, 369988|3446, 369992|3494, 369992|3526, 369993|3563, 369993|3594, 369996|3642, 370002|3723, 370003|3780, 370003|3871, 370008|3904, 370008|4011, https://www.yahoo.com, 
370303|1, 370303|1058, 370311|1194, 370319|1291, 370334|1377, 370334|1431, 370335|1478, 370335|2103, 370341|2161, 370343|2221, 370356|2303, 370362|2358, 370362|2458, 370363|2491, 370381|2564, 370381|2671, 370385|2758, 370387|2811, 370388|2866, 370388|4017, https://www.jd.com, 
370600|1, 370600|986, 370602|1041, 370602|1086, 370604|1180, 370606|1218, 370606|1259, 370608|1313, 370612|1389, 370615|1488, 370617|1559, 370617|2152, 370618|2193, 370619|2235, 370619|2262, 370623|2339, 370623|2389, 370627|2438, 370628|2474, 370629|2509, 370629|2941, 370630|2988, 370630|3051, 370631|3086, 370631|3358, 370632|3396, 370633|3457, 370633|4030, https://www.mit.edu, 
370675|1, 370675|917, 370677|1005, 370694|1140, 370696|1182, 370699|1241, 370700|1307, 370704|1352, 370704|1404, 370705|1445, 370705|1951, 370706|2009, 370707|2076, 370708|2121, 370708|2250, 370709|2291, 370710|2339, 370711|2396, 370711|2469, 370712|2498, 370712|2537, 370714|2580, 370715|2621, 370715|2693, 370716|2720, 370716|2889, 370719|2963, 370727|3012, 370734|3046, 370747|3085, 370749|3122, 370754|3171, 370754|3215, 370756|3286, 370766|3344, 370766|3377, 370767|3409, 370771|3465, 370774|3533, 370781|3628, 370787|3676, 370787|4035, https://www.pku.edu.cn, 
370820|1, 370820|608, 370821|643, 370821|1052, 370823|1129, 370843|1218, 370857|1366, 370858|1460, 370858|1511, 370859|1551, 370859|1942, 370903|2005, 370906|2059, 370906|2258, 370907|2294, 370909|2352, 370953|2443, 371062|2522, 371064|2563, 371067|2593, 371108|2631, 371108|4012, https://www.baidu.com, 
371282|1, 371282|981, 371285|1050, 371291|1162, 371298|1247, 371306|1286, 371310|1333, 371311|1378, 371312|1437, 371312|2035, 371314|2083, 371318|2158, 371321|2191, 371323|2223, 371327|2260, 371333|2312, 371338|2385, 371339|2439, 371351|2494, 371357|2553, 371357|2583, 371358|2622, 371362|2685, 371366|2756, 371366|4035, https://www.jd.com, 
371579|1, 371579|912, 371586|1096, 371588|1222, 371598|1308, 371608|1377, 371609|1434, 371610|1484, 371610|2170, 371617|2245, 371621|2289, 371624|2335, 371626|2375, 371631|2409, 371636|2451, 371637|2519, 371637|2733, 371655|2796, 371655|2861, 371656|2916, 371657|2961, 371657|3023, 371661|3059, 371664|3115, 371664|4030, https://www.jd.com, 
371881|1, 371881|931, 371882|1032, 371884|1109, 371890|1195, 371902|1279, 371902|1348, 371904|1392, 371904|1432, 371910|1497, 371911|1540, 371913|1589, 371913|2179, 371914|2234, 371916|2267, 371917|2311, 371919|2347, 371919|2380, 371923|2429, 371923|2477, 371925|2562, 371925|2923, 371926|2978, 371926|3011, 371927|3067, 371927|3301, 371928|3335, 371928|3382, 371929|3439, 371929|4008, https://www.mit.edu, 
371970|1, 371970|1142, 371989|1208, 371992|1352, 372003|1412, 372004|1457, 372004|1532, 372005|1584, 372005|1666, 372028|1716, 372028|1745, 372029|1773, 372029|2325, 372030|2360, 372030|2447, 372031|2492, 372036|2556, 372073|2640, 372121|2695, 372167|2745, 372167|4025, https://www.baidu.com, 
372342|1, 372342|971, 372362|1080, 372372|1203, 372375|1259, 372375|1393, 372376|1433, 372376|1566, 372400|1620, 372400|2149, 372401|2175, 372401|2209, 372430|2280, 372482|2351, 372532|2423, 372533|2451, 372533|4005, https://www.baidu.com, 
372715|1, 372715|963, 372717|1017, 372718|1073, 372721|1201, 372723|1268, 372727|1338, 372730|1395, 372730|1431, 372731|1457, 372732|1504, 372732|2086, 372734|2181, 372736|2241, 372738|2305, 372741|2341, 372743|2393, 372743|2441, 372744|2473, 372744|2932, 372745|2982, 372745|3016, 372746|3050, 372746|3217, 372747|3270, 372747|3320, 372748|3369, 372748|4036, https://www.mit.edu, 
372795|1, 372795|925, 372813|1002, 372827|1121, 372840|1207, 372840|1373, 372841|1438, 372864|1482, 372865|1520, 372865|2146, 372866|2173, 372866|2202, 372867|2234, 372888|2285, 372924|2353, 372993|2426, 373022|2481, 373023|2530, 373023|4024, https://www.baidu.com, 
373200|1, 373200|984, 373201|1048, 373201|1159, 373204|1236, 373204|1357, 373206|1423, 373207|1479, 373207|1582, 373210|1610, 373212|1648, 373213|1674, 373213|1934, 373219|1966, 373221|2010, 373222|2046, 373224|2087, 373224|2161, 373241|2215, 373243|2261, 373243|2361, 373280|2458, 373280|2544, 373298|2592, 373354|2667, 373358|2722, 373358|2756, 373368|2785, 373379|2840, 373387|2930, 373390|2994, 373390|3035, 373395|3078, 373403|3122, 373410|3172, 373411|3206, 373411|3244, 373415|3298, 373416|3348, 373424|3397, 373428|3428, 373428|3549, 373429|3601, 373432|3660, 373434|3713, 373434|4001, https://www.yahoo.com, 
373741|1, 373741|1004, 373743|1108, 373745|1224, 373746|1298, 373746|1404, 373749|1485, 373749|1598, 373752|1656, 373755|1698, 373755|1959, 373761|2009, 373763|2079, 373763|2145, 373765|2180, 373769|2206, 373774|2238, 373774|2401, 373786|2468, 373787|2519, 373787|2580, 373796|2609, 373796|2638, 373805|2679, 373805|2764, 373824|2838, 373837|2892, 373837|2960, 373853|3010, 373856|3044, 373856|3128, 373860|3188, 373877|3253, 373879|3285, 373880|3315, 373880|3422, 373892|3486, 373894|3545, 373894|3661, 373897|3701, 373900|3734, 373900|3760, 373901|3803, 373901|3921, 373906|3976, 373906|4024, https://www.yahoo.com, 
374197|1, 374197|1203, 374198|1262, 374199|1426, 374202|1569, 374204|1674, 374205|1757, 374205|1834, 374208|1879, 374211|1928, 374211|2093, 374216|2128, 374216|2240, 374220|2294, 374228|2358, 374228|2401, 374229|2438, 374239|2476, 374239|2506, 374255|2551, 374257|2590, 374257|2630, 374276|2721, 374296|2786, 374296|2909, 374325|2959, 374328|3012, 374331|3069, 374347|3128, 374358|3201, 374362|3253, 374364|3294, 374364|3325, 374404|3371, 374408|3404, 374418|3488, 374423|3546, 374428|3612, 374433|3679, 374437|3724, 374437|3808, 374439|3868, 374443|3929, 374448|4046, https://www.yahoo.com, 
374715|1, 374715|903, 374721|1041, 374723|1114, 374730|1223, 374744|1317, 374745|1372, 374746|1456, 374746|2175, 374753|2251, 374755|2300, 374757|2340, 374764|2402, 374773|2469, 374773|2730, 374791|2781, 374791|2889, 374792|2949, 374793|3019, 374797|3075, 374800|3131, 374800|4015, https://www.jd.com, 
375013|1, 375013|1144, 375015|1223, 375015|1268, 375016|1366, 375018|1455, 375018|1533, 375020|1591, 375021|1645, 375021|1749, 375024|1782, 375027|1815, 375027|1980, 375029|2048, 375029|2144, 375031|2176, 375033|2220, 375033|2352, 375040|2402, 375042|2443, 375043|2471, 375043|2569, 375064|2640, 375066|2688, 375066|2731, 375067|2778, 375106|2840, 375110|2875, 375110|2913, 375112|2955, 375172|3011, 375174|3071, 375174|3125, 375178|3176, 375182|3230, 375183|3289, 375183|3352, 375192|3410, 375197|3459, 375206|3518, 375206|3613, 375207|3665, 375219|3747, 375219|3874, 375221|3953, 375229|4022, https://www.yahoo.com, 
375521|1, 375521|999, 375539|1109, 375543|1192, 375555|1311, 375565|1393, 375565|1499, 375566|1577, 375566|1715, 375590|1765, 375590|2253, 375591|2304, 375591|2462, 375592|2526, 375596|2598, 375641|2673, 375685|2730, 375686|2767, 375686|4023, https://www.baidu.com, 
375891|1, 375891|966, 375892|1205, 375893|1269, 375893|1363, 375896|1447, 375896|1513, 375898|1577, 375899|1686, 375899|1753, 375905|1829, 375905|2007, 375910|2069, 375910|2181, 375912|2230, 375915|2276, 375915|2392, 375920|2473, 375925|2540, 375927|2591, 375934|2648, 375934|2683, 375941|2726, 375941|2772, 375950|2841, 375950|2891, 375962|2964, 375998|3087, 376038|3183, 376046|3238, 376052|3314, 376052|3394, 376065|3486, 376070|3554, 376072|3633, 376072|3686, 376078|3738, 376087|3784, 376089|3829, 376096|4065, https://www.yahoo.com, 
376357|1, 376357|1213, 376359|1256, 376375|1317, 376389|1465, 376401|1599, 376402|1698, 376402|1861, 376426|1930, 376427|1992, 376427|2384, 376428|2434, 376428|2650, 376429|2690, 376429|2832, 376450|2923, 376538|3013, 376565|3081, 376566|3119, 376566|4016, https://www.baidu.com, 
376691|1, 376691|1160, 376697|1302, 376707|1385, 376714|1522, 376717|1626, 376719|1726, 376719|2435, 376720|2472, 376720|2576, 376722|2665, 376723|2747, 376723|2851, 376724|2884, 376725|2927, 376725|3114, 376726|3170, 376729|3271, 376730|3317, 376730|3717, 376743|3774, 376765|3845, 376769|3893, 376769|4036, https://www.pku.edu.cn, 
376834|1, 376834|357, 376835|470, 376835|1042, 376837|1177, 376847|1283, 376859|1427, 376863|1543, 376864|1627, 376864|2288, 376865|2339, 376865|2515, 376867|2574, 376868|2627, 376868|2870, 376870|2933, 376870|3139, 376872|3190, 376874|3248, 376875|3304, 376875|3354, 376876|3402, 376876|3672, 376883|3739, 376910|3823, 376915|3880, 376915|4016, https://www.pku.edu.cn, 
376970|1, 376970|1106, 376972|1229, 376991|1452, 376995|1572, 376997|1625, 376999|1669, 377000|1719, 377000|2329, 377001|2405, 377001|2489, 377002|2556, 377003|2615, 377007|2690, 377011|2729, 377011|2784, 377012|2849, 377012|3423, 377013|3487, 377013|3764, 377014|3833, 377015|3890, 377015|4008, https://www.mit.edu, 
377076|1, 377076|1148, 377078|1199, 377091|1303, 377097|1484, 377104|1592, 377105|1687, 377105|2354, 377106|2427, 377107|2534, 377109|2619, 377112|2672, 377116|2719, 377116|2811, 377117|2868, 377117|3368, 377119|3455, 377119|3739, 377120|3792, 377121|3864, 377121|4009, https://www.mit.edu, 
377180|1, 377180|1383, 377187|1493, 377196|1666, 377210|1801, 377211|1868, 377211|2558, 377212|2614, 377212|2731, 377219|2849, 377219|2924, 377223|2975, 377233|3028, 377238|3072, 377238|3222, 377255|3284, 377256|3396, 377258|3475, 377262|3555, 377262|4014, https://www.jd.com, 
377431|1, 377431|1140, 377432|1236, 377439|1370, 377446|1474, 377452|1540, 377462|1659, 377462|2343, 377463|2408, 377463|2598, 377467|2637, 377467|2670, 377469|2712, 377470|2794, 377474|2867, 377476|2941, 377491|3020, 377491|3257, 377508|3334, 377509|3446, 377512|3532, 377513|3588, 377518|3646, 377518|4003, https://www.jd.com, 
377682|1, 377682|1191, 377688|1272, 377693|1380, 377697|1493, 377714|1585, 377714|1653, 377715|1738, 377715|2441, 377716|2474, 377716|2554, 377721|2658, 377725|2723, 377735|2817, 377743|2892, 377743|3025, 377761|3092, 377761|3249, 377763|3328, 377763|3391, 377767|3430, 377770|3476, 377770|4050, https://www.jd.com, 
377977|1, 377977|46, 377978|76, 377978|255, 377979|339, 377979|690, 377980|792, 377980|1145, 377986|1235, 378001|1368, 378005|1468, 378010|1548, 378013|1643, 378014|1707, 378014|2130, 378015|2191, 378015|2337, 378016|2373, 378016|2595, 378019|2712, 378022|2803, 378026|2866, 378026|2912, 378027|2949, 378027|3499, 378028|3546, 378029|3643, 378030|3710, 378030|3762, 378031|3828, 378031|4002, https://www.mit.edu, 
378098|1, 378098|1048, 378099|1194, 378100|1268, 378121|1441, 378131|1539, 378136|1613, 378136|1672, 378137|1763, 378185|1863, 378185|2419, 378186|2504, 378186|2683, 378187|2719, 378187|2761, 378188|2811, 378269|2944, 378310|3021, 378311|3083, 378311|3129, 378312|3185, 378312|3916, 378313|3983, 378313|4032, https://www.baidu.com, 
378475|1, 378475|1065, 378493|1183, 378507|1361, 378519|1429, 378519|1497, 378520|1580, 378520|1631, 378534|1702, 378547|1776, 378547|2309, 378548|2358, 378548|2538, 378549|2585, 378549|2742, 378559|2818, 378581|2888, 378630|2944, 378667|2997, 378668|3033, 378668|4008, https://www.baidu.com, 
378832|1, 378832|1218, 378834|1318, 378850|1381, 378858|1445, 378865|1603, 378874|1686, 378874|1769, 378875|1890, 378898|1992, 378898|2566, 378899|2615, 378900|2655, 378900|2778, 378901|2838, 378901|2903, 378918|3005, 379006|3088, 379008|3135, 379052|3183, 379053|3219, 379053|4041, https://www.baidu.com, 
