17666|1, 17666|1649, 17667|1715, 17667|2750, 17668|2814, 17677|2894, 17685|2974, 17685|4034, https://www.baidu.com, 
17700|1, 17700|973, 17701|1097, 17701|3540, 17702|3586, 17702|4025, https://www.pku.edu.cn, 
17706|1, 17706|2587, 17707|2639, 17707|4070, https://www.mit.edu, 
17710|1, 17710|1269, 17711|1345, 17711|2743, 17712|2773, 17712|4014, https://www.mit.edu, 
17715|1, 17715|2008, 17716|2090, 17716|2140, 17719|2183, 17721|2219, 17721|2625, 17722|2663, 17722|4019, https://www.jd.com, 
17744|1, 17744|1361, 17745|1436, 17745|3525, 17746|3577, 17746|3884, 17748|3936, 17749|3988, 17750|4021, https://www.pku.edu.cn, 
17750|1, 17750|1298, 17751|1395, 17751|3176, 17752|3221, 17752|3458, 17754|3522, 17755|3567, 17756|3601, 17756|4014, https://www.pku.edu.cn, 
17756|1, 17756|1728, 17757|1785, 17757|2015, 17758|2040, 17758|2065, 17759|2089, 17759|3081, 17760|3113, 17761|3137, 17761|3165, 17762|3207, 17762|3317, 17763|3348, 17763|3757, 17764|3790, 17764|4025, https://www.yahoo.com, 
17780|1, 17780|1911, 17781|1940, 17781|2103, 17782|2134, 17782|3261, 17783|3295, 17783|3326, 17785|3357, 17787|3386, 17787|3832, 17788|3866, 17788|4007, https://www.yahoo.com, 
17803|1, 17803|1232, 17804|1266, 17804|2895, 17805|2937, 17805|3261, 17807|3326, 17807|3372, 17808|3399, 17809|3427, 17809|4030, https://www.pku.edu.cn, 
17809|1, 17809|1231, 17810|1260, 17810|2854, 17811|2880, 17811|3099, 17812|3129, 17813|3160, 17814|3227, 17815|3282, 17815|4021, https://www.pku.edu.cn, 
17815|1, 17815|1832, 17816|1863, 17816|2033, 17817|2077, 17817|2181, 17818|2244, 17818|3154, 17820|3191, 17822|3241, 17823|3297, 17823|4026, https://www.yahoo.com, 
17847|1, 17847|1328, 17848|1416, 17848|2118, 17850|2158, 17851|2198, 17851|2237, 17854|2281, 17855|2333, 17855|2677, 17856|2712, 17856|2744, 17858|2777, 17859|2840, 17860|2892, 17860|4031, https://www.jd.com, 
17881|1, 17881|1172, 17882|1239, 17882|3354, 17884|3393, 17886|3458, 17886|4019, https://www.pku.edu.cn, 
17887|1, 17887|1837, 17888|1923, 17888|2065, 17889|2099, 17889|2191, 17890|2239, 17890|3258, 17891|3296, 17893|3355, 17894|3402, 17895|3440, 17895|3883, 17896|3946, 17896|4017, https://www.yahoo.com, 
17909|1, 17909|1333, 17910|1438, 17910|2206, 17911|2283, 17912|2331, 17914|2368, 17915|2399, 17917|2430, 17917|2738, 17921|2836, 17922|2898, 17922|4010, https://www.jd.com, 
17943|1, 17943|1522, 17944|1548, 17944|2402, 17945|2435, 17945|4012, https://www.mit.edu, 
17947|1, 17947|3279, 17948|3308, 17948|3636, 17950|3676, 17950|3715, 17951|3767, 17952|3831, 17952|4015, https://www.pku.edu.cn, 
17952|1, 17952|1576, 17953|1607, 17953|2440, 17954|2490, 17954|4004, https://www.mit.edu, 
17957|1, 17957|2193, 17958|2251, 17958|2502, 17960|2556, 17960|3461, 17963|3517, 17963|3653, 17964|3735, 17964|4024, https://www.yahoo.com, 
17979|1, 17979|1294, 17980|1377, 17980|2172, 17981|2238, 17983|2302, 17987|2375, 17987|2825, 17990|2879, 17990|4031, https://www.jd.com, 
18015|1, 18015|1503, 18016|1589, 18016|2457, 18017|2506, 18017|4019, https://www.mit.edu, 
18019|1, 18019|1392, 18020|1440, 18020|3166, 18021|3212, 18022|3257, 18022|3648, 18024|3721, 18026|3764, 18026|4027, https://www.pku.edu.cn, 
18026|1, 18026|1353, 18027|1459, 18027|2445, 18035|2530, 18036|2590, 18036|4015, https://www.baidu.com, 
18052|1, 18052|1333, 18053|1378, 18053|2122, 18054|2183, 18054|2239, 18055|2271, 18056|2302, 18059|2352, 18060|2425, 18060|2717, 18063|2794, 18063|4004, https://www.jd.com, 
18085|1, 18085|1327, 18086|1422, 18086|2263, 18087|2334, 18089|2380, 18091|2418, 18092|2457, 18092|3070, 18093|3103, 18094|3157, 18096|3197, 18096|4028, https://www.jd.com, 
18118|1, 18118|1637, 18119|1688, 18119|2480, 18120|2532, 18120|4016, https://www.mit.edu, 
18120|1, 18120|1449, 18121|1493, 18121|2661, 18129|2733, 18130|2787, 18130|4019, https://www.baidu.com, 
18145|1, 18145|1255, 18146|1321, 18146|2333, 18151|2405, 18154|2492, 18154|4039, https://www.baidu.com, 
18169|1, 18169|1482, 18170|1523, 18170|2363, 18171|2415, 18171|4014, https://www.mit.edu, 
18174|1, 18174|1126, 18176|1261, 18176|2337, 18180|2391, 18184|2459, 18185|2529, 18185|4032, https://www.baidu.com, 
18202|1, 18202|2000, 18203|2036, 18203|2192, 18204|2237, 18204|2297, 18205|2327, 18205|3277, 18206|3320, 18206|3379, 18208|3432, 18209|3466, 18209|3584, 18210|3626, 18211|3683, 18211|3924, 18212|3981, 18212|4028, https://www.yahoo.com, 
18222|1, 18222|2013, 18223|2092, 18223|2228, 18224|2257, 18224|2351, 18226|2400, 18226|3398, 18227|3439, 18227|3497, 18230|3553, 18230|3938, 18231|3985, 18231|4033, https://www.yahoo.com, 
18245|1, 18245|2335, 18246|2403, 18246|2829, 18248|2874, 18248|3652, 18249|3717, 18250|3776, 18250|3908, 18251|3973, 18251|4028, https://www.yahoo.com, 
18264|1, 18264|1315, 18265|1391, 18265|2252, 18266|2323, 18266|2365, 18269|2422, 18270|2474, 18271|2545, 18271|3028, 18272|3086, 18275|3152, 18276|3196, 18276|4006, https://www.jd.com, 
18297|1, 18297|2014, 18298|2067, 18298|2246, 18299|2295, 18299|2599, 18300|2659, 18301|2716, 18301|3646, 18303|3688, 18306|3765, 18308|4044, https://www.yahoo.com, 
18323|1, 18323|1235, 18324|1343, 18325|1435, 18325|2711, 18333|2771, 18334|2813, 18334|4025, https://www.baidu.com, 
18349|1, 18349|2324, 18350|2369, 18350|2819, 18351|2863, 18351|3725, 18353|3780, 18354|3833, 18355|3876, 18355|4024, https://www.yahoo.com, 
18366|1, 18366|1342, 18367|1446, 18368|1604, 18368|2928, 18375|3036, 18376|3107, 18376|4020, https://www.baidu.com, 
18388|1, 18388|1662, 18389|1740, 18389|4026, https://www.pku.edu.cn, 
18393|1, 18393|1443, 18394|1574, 18394|3866, 18395|3940, 18395|4014, https://www.pku.edu.cn, 
18399|1, 18399|1673, 18400|1723, 18400|2822, 18401|2892, 18401|4010, https://www.mit.edu, 
18407|1, 18407|1601, 18408|1693, 18408|2806, 18409|2853, 18409|4041, https://www.mit.edu, 
18415|1, 18415|2840, 18416|2954, 18416|2999, 18419|3058, 18421|3105, 18422|3146, 18422|3589, 18425|3631, 18425|4016, https://www.jd.com, 
18442|1, 18442|1562, 18443|1667, 18443|2879, 18448|2963, 18450|3028, 18451|3106, 18451|3541, 18452|3615, 18454|3666, 18456|3725, 18456|4023, https://www.jd.com, 
18473|1, 18473|1608, 18474|1692, 18474|2661, 18475|2755, 18477|2825, 18479|2917, 18480|2973, 18480|3350, 18481|3429, 18481|3471, 18483|3518, 18484|3554, 18485|3589, 18485|4008, https://www.jd.com, 
18500|1, 18500|1605, 18501|1693, 18501|2924, 18502|2982, 18502|4068, https://www.mit.edu, 
18506|1, 18506|1566, 18507|1632, 18507|2839, 18513|2969, 18516|3051, 18516|4014, https://www.baidu.com, 
18531|1, 18531|1201, 18532|1333, 18532|1473, 18533|1537, 18533|2929, 18540|2996, 18542|3047, 18542|4024, https://www.baidu.com, 
18556|1, 18556|1420, 18558|1483, 18558|1603, 18559|1721, 18559|3026, 18563|3112, 18568|3185, 18568|4035, https://www.baidu.com, 
