373090|1, 373090|1500, 373111|1711, 373123|1779, 373123|2077, 373175|2156, 373175|2812, 373204|2877, 373341|2955, 373380|3035, 373380|4007, https://www.baidu.com, 
373564|1, 373564|896, 373574|1071, 373578|1194, 373583|1305, 373583|2351, 373584|2425, 373584|2681, 373585|2725, 373585|2952, 373586|3012, 373588|3075, 373588|3514, 373613|3626, 373615|3683, 373616|4075, https://www.pku.edu.cn, 
373645|1, 373645|978, 373647|1087, 373658|1196, 373663|1262, 373663|1338, 373666|1427, 373666|2424, 373667|2467, 373668|2524, 373672|2620, 373674|2676, 373674|3305, 373675|3376, 373675|3710, 373676|3780, 373676|4034, https://www.mit.edu, 
373709|1, 373709|932, 373713|1101, 373713|1164, 373715|1233, 373720|1323, 373720|1402, 373722|1462, 373722|2368, 373723|2424, 373723|2527, 373724|2578, 373725|2635, 373726|2672, 373726|2699, 373728|2755, 373728|2799, 373729|2834, 373730|2860, 373730|3098, 373731|3159, 373731|3491, 373732|3589, 373732|4040, https://www.mit.edu, 
373766|1, 373766|920, 373773|1023, 373774|1120, 373778|1198, 373789|1258, 373798|1322, 373798|2091, 373801|2170, 373803|2229, 373809|2271, 373814|2308, 373817|2341, 373819|2404, 373819|2488, 373854|2526, 373854|2713, 373858|2750, 373860|2790, 373860|4026, https://www.jd.com, 
374033|1, 374033|1058, 374035|1156, 374045|1235, 374046|1299, 374050|1380, 374051|1460, 374052|1515, 374052|2334, 374053|2399, 374053|2677, 374054|2711, 374054|2905, 374055|2946, 374056|2992, 374057|3034, 374057|3332, 374059|3392, 374068|3452, 374074|3482, 374083|3516, 374083|3546, 374084|3598, 374090|3655, 374093|3700, 374094|3733, 374094|3765, 374097|3844, 374101|3904, 374104|3957, 374111|4011, https://www.pku.edu.cn, 
374125|1, 374125|1044, 374127|1160, 374132|1253, 374132|1328, 374134|1424, 374134|2135, 374135|2173, 374135|2397, 374136|2456, 374136|2594, 374137|2634, 374137|2680, 374138|2708, 374138|2734, 374139|2764, 374139|3050, 374145|3101, 374152|3140, 374156|3169, 374165|3205, 374166|3247, 374166|3298, 374174|3337, 374175|3390, 374177|3434, 374182|3487, 374185|3546, 374193|3594, 374194|3628, 374194|3878, 374195|3957, 374195|4011, https://www.pku.edu.cn, 
374206|1, 374206|947, 374207|1061, 374207|1128, 374208|1183, 374208|1357, 374212|1394, 374212|1606, 374216|1649, 374217|1696, 374217|1764, 374223|1817, 374229|1873, 374229|1972, 374238|2008, 374244|2050, 374246|2076, 374246|2102, 374247|2125, 374247|2170, 374268|2236, 374273|2275, 374273|2345, 374274|2383, 374314|2444, 374324|2510, 374324|2547, 374326|2570, 374347|2626, 374386|2699, 374390|2749, 374391|2795, 374391|2873, 374396|2912, 374406|2959, 374410|2989, 374411|3016, 374411|3039, 374415|3075, 374415|3116, 374419|3149, 374424|3173, 374428|3200, 374433|3234, 374433|3351, 374438|3384, 374438|3478, 374445|3528, 374445|3792, 374446|3820, 374446|4019, https://www.yahoo.com, 
374767|1, 374767|1085, 374768|1149, 374768|1246, 374769|1286, 374769|1508, 374773|1548, 374773|1739, 374778|1767, 374779|1796, 374779|1938, 374788|1968, 374789|1994, 374789|2131, 374790|2160, 374805|2192, 374805|2285, 374806|2333, 374811|2373, 374835|2420, 374835|2507, 374838|2548, 374895|2609, 374895|2707, 374901|2761, 374927|2824, 374927|2871, 374932|2932, 374932|3058, 374947|3126, 374954|3161, 374956|3187, 374956|3285, 374960|3319, 374960|3352, 374972|3383, 374978|3414, 374978|3601, 374985|3646, 374985|3859, 374986|3888, 374986|4009, https://www.yahoo.com, 
375284|1, 375284|915, 375294|1014, 375297|1111, 375301|1173, 375301|1250, 375302|1289, 375303|1323, 375303|2025, 375304|2077, 375304|2304, 375305|2339, 375305|2486, 375306|2515, 375306|2590, 375307|2631, 375308|2666, 375308|2758, 375310|2804, 375318|2857, 375332|2915, 375337|2960, 375337|3066, 375347|3115, 375349|3155, 375349|3192, 375350|3244, 375353|3284, 375360|3347, 375362|3389, 375367|3423, 375368|3451, 375368|3555, 375369|3621, 375369|3665, 375370|3694, 375370|3767, 375371|3818, 375372|3871, 375373|3914, 375373|4014, https://www.pku.edu.cn, 
375380|1, 375380|903, 375392|1024, 375392|1059, 375393|1089, 375397|1155, 375397|1255, 375398|1284, 375398|1309, 375399|1344, 375399|1835, 375400|1885, 375400|2062, 375401|2097, 375401|2275, 375402|2308, 375402|2357, 375403|2381, 375403|2421, 375404|2458, 375404|2696, 375406|2727, 375410|2759, 375419|2789, 375430|2849, 375430|2878, 375431|2904, 375431|2970, 375432|3042, 375435|3088, 375439|3123, 375439|3152, 375442|3182, 375450|3238, 375451|3299, 375451|3459, 375452|3528, 375452|3702, 375455|3763, 375456|3821, 375456|4014, https://www.pku.edu.cn, 
375463|1, 375463|1221, 375464|1284, 375464|1382, 375465|1418, 375465|1585, 375469|1623, 375469|1852, 375474|1882, 375475|1909, 375475|2011, 375480|2053, 375489|2097, 375491|2125, 375491|2201, 375500|2263, 375520|2312, 375520|2403, 375536|2472, 375566|2548, 375566|2657, 375598|2698, 375607|2749, 375610|2790, 375611|2834, 375611|2869, 375612|2904, 375617|2951, 375621|2990, 375636|3031, 375636|3080, 375637|3120, 375637|3175, 375645|3206, 375650|3261, 375655|3311, 375655|3360, 375659|3396, 375659|3636, 375666|3660, 375666|4008, https://www.yahoo.com, 
376009|1, 376009|1112, 376010|1159, 376016|1235, 376021|1347, 376041|1439, 376041|2141, 376045|2181, 376048|2220, 376048|2250, 376052|2294, 376060|2354, 376061|2397, 376061|2479, 376096|2515, 376096|2643, 376097|2700, 376098|2733, 376098|2767, 376103|2799, 376104|2862, 376105|2912, 376105|4007, https://www.jd.com, 
376278|1, 376278|938, 376291|1059, 376291|1091, 376295|1140, 376295|1185, 376296|1251, 376297|1310, 376297|1927, 376298|1984, 376298|2180, 376299|2223, 376299|2480, 376300|2514, 376300|2538, 376301|2562, 376301|2590, 376302|2622, 376302|2890, 376307|2952, 376308|2985, 376316|3012, 376325|3057, 376325|3171, 376335|3249, 376338|3297, 376342|3336, 376342|3367, 376346|3406, 376353|3466, 376354|3515, 376354|3684, 376355|3732, 376355|3877, 376356|3935, 376359|3998, 376361|4029, https://www.pku.edu.cn, 
376370|1, 376370|1183, 376371|1238, 376371|1305, 376372|1344, 376372|1518, 376373|1543, 376376|1576, 376376|1851, 376382|1936, 376387|1990, 376387|2078, 376396|2112, 376404|2157, 376404|2205, 376405|2249, 376405|2292, 376417|2326, 376429|2359, 376429|2472, 376447|2512, 376465|2578, 376465|2677, 376491|2719, 376517|2790, 376517|2840, 376520|2892, 376540|2949, 376540|3046, 376555|3112, 376563|3180, 376563|3271, 376567|3309, 376576|3362, 376577|3411, 376582|3453, 376582|3538, 376586|3584, 376586|3896, 376593|3949, 376593|4007, https://www.yahoo.com, 
376884|1, 376884|1096, 376885|1160, 376889|1232, 376895|1340, 376915|1438, 376915|2219, 376919|2291, 376921|2343, 376925|2380, 376930|2411, 376934|2442, 376935|2490, 376935|2542, 376936|2593, 376971|2631, 376971|2750, 376977|2844, 376979|2909, 376979|4022, https://www.jd.com, 
377153|1, 377153|1111, 377155|1217, 377155|1311, 377156|1373, 377161|1488, 377161|1537, 377162|1562, 377162|1592, 377163|1618, 377163|1971, 377164|2025, 377164|2256, 377166|2326, 377167|2378, 377170|2415, 377171|2449, 377172|2478, 377172|2930, 377173|2960, 377173|3022, 377175|3060, 377176|3110, 377177|3171, 377177|3235, 377178|3278, 377178|3624, 377179|3653, 377179|4026, https://www.mit.edu, 
377218|1, 377218|1058, 377220|1150, 377231|1297, 377235|1368, 377235|1456, 377236|1497, 377237|1538, 377237|2141, 377238|2179, 377238|2381, 377239|2438, 377239|2653, 377240|2698, 377240|2724, 377241|2754, 377241|2781, 377242|2807, 377242|3104, 377246|3159, 377253|3206, 377266|3271, 377268|3299, 377269|3328, 377269|3396, 377279|3467, 377282|3549, 377286|3611, 377287|3655, 377290|3696, 377293|3736, 377297|3783, 377299|3851, 377299|4011, https://www.pku.edu.cn, 
377314|1, 377314|1129, 377316|1188, 377328|1300, 377328|1337, 377329|1411, 377334|1493, 377334|1585, 377335|1614, 377336|1654, 377336|2323, 377339|2399, 377342|2446, 377344|2499, 377344|2599, 377345|2645, 377345|2977, 377346|3037, 377346|3071, 377347|3115, 377347|3291, 377348|3341, 377348|3377, 377349|3420, 377349|4012, https://www.mit.edu, 
377380|1, 377380|1267, 377381|1408, 377381|1479, 377382|1539, 377382|1672, 377383|1723, 377386|1790, 377386|1967, 377391|2040, 377391|2103, 377397|2155, 377405|2196, 377406|2257, 377406|2334, 377426|2400, 377426|2507, 377440|2561, 377458|2612, 377458|2699, 377459|2743, 377503|2849, 377503|2935, 377543|2990, 377553|3051, 377554|3101, 377555|3179, 377571|3255, 377572|3287, 377575|3315, 377575|3365, 377579|3409, 377580|3464, 377592|3518, 377593|3559, 377593|3659, 377597|3726, 377600|3800, 377600|3935, 377604|3980, 377605|4025, https://www.yahoo.com, 
377898|1, 377898|1051, 377899|1160, 377904|1295, 377919|1374, 377928|1467, 377928|2179, 377932|2244, 377934|2296, 377944|2383, 377947|2435, 377947|2522, 377950|2573, 377983|2634, 377983|2751, 377986|2830, 377990|2888, 377990|4036, https://www.jd.com, 
378164|1, 378164|1120, 378166|1168, 378166|1290, 378167|1345, 378167|1395, 378172|1504, 378174|1590, 378174|2302, 378175|2348, 378177|2423, 378180|2463, 378182|2514, 378182|3092, 378183|3123, 378183|3477, 378184|3557, 378184|4027, https://www.mit.edu, 
378220|1, 378220|1010, 378222|1145, 378233|1234, 378233|1274, 378237|1343, 378237|1396, 378239|1447, 378240|1497, 378240|2113, 378241|2177, 378241|2386, 378242|2444, 378242|2588, 378243|2631, 378243|2676, 378244|2717, 378245|2743, 378245|3055, 378251|3103, 378259|3137, 378263|3172, 378273|3215, 378274|3264, 378274|3307, 378283|3396, 378283|3432, 378284|3465, 378284|3504, 378286|3562, 378291|3641, 378296|3725, 378303|3772, 378303|4028, https://www.pku.edu.cn, 
378316|1, 378316|1151, 378332|1213, 378336|1337, 378350|1458, 378350|2013, 378397|2082, 378397|2364, 378415|2445, 378542|2535, 378601|2597, 378601|2629, 378623|2662, 378644|2704, 378644|4015, https://www.baidu.com, 
378803|1, 378803|1087, 378808|1157, 378810|1296, 378814|1340, 378833|1383, 378833|2130, 378836|2181, 378837|2246, 378839|2278, 378840|2310, 378844|2356, 378852|2424, 378853|2483, 378853|2533, 378889|2587, 378889|2670, 378890|2724, 378895|2794, 378895|4004, https://www.jd.com, 
379071|1, 379071|1070, 379076|1224, 379078|1321, 379095|1411, 379101|1471, 379101|2268, 379105|2338, 379108|2386, 379110|2424, 379112|2461, 379116|2499, 379120|2545, 379120|2780, 379144|2828, 379156|2890, 379156|2951, 379157|3012, 379157|3076, 379158|3108, 379163|3152, 379165|3203, 379165|4003, https://www.jd.com, 
379339|1, 379339|1230, 379353|1332, 379353|1420, 379354|1463, 379354|1497, 379359|1556, 379359|1649, 379361|1695, 379361|2337, 379362|2375, 379363|2417, 379364|2449, 379367|2487, 379368|2537, 379369|2590, 379369|3085, 379370|3118, 379370|3441, 379371|3495, 379371|4016, https://www.mit.edu, 
379402|1, 379402|1195, 379404|1250, 379419|1340, 379427|1459, 379432|1505, 379432|1757, 379481|1804, 379481|2595, 379488|2664, 379556|2743, 379674|2799, 379703|2837, 379703|4030, https://www.baidu.com, 
379864|1, 379864|1142, 379880|1263, 379888|1329, 379893|1388, 379893|1686, 379943|1740, 379943|2286, 379946|2338, 380048|2409, 380081|2485, 380139|2536, 380139|4006, https://www.baidu.com, 
380303|1, 380303|1081, 380305|1212, 380306|1282, 380311|1349, 380311|1489, 380313|1529, 380313|2251, 380315|2319, 380316|2369, 380319|2419, 380321|2471, 380321|3078, 380322|3114, 380322|3387, 380323|3432, 380323|4015, https://www.mit.edu, 
380357|1, 380357|1042, 380373|1133, 380393|1273, 380397|1316, 380397|1542, 380447|1586, 380447|2299, 380460|2345, 380468|2399, 380567|2470, 380611|2538, 380649|2591, 380649|4044, https://www.baidu.com, 
380813|1, 380813|1271, 380814|1318, 380814|1460, 380815|1508, 380815|1653, 380819|1684, 380819|2007, 380825|2042, 380830|2083, 380830|2199, 380841|2243, 380847|2295, 380850|2334, 380850|2409, 380882|2478, 380886|2548, 380886|2625, 380950|2682, 380958|2752, 380958|2827, 380979|2869, 380980|2930, 380983|3026, 380984|3075, 380989|3111, 380989|3158, 381003|3213, 381004|3247, 381004|3284, 381011|3326, 381011|3385, 381019|3436, 381024|3472, 381024|3585, 381027|3631, 381032|3687, 381035|3740, 381035|3931, 381036|3987, 381036|4033, https://www.yahoo.com, 
381326|1, 381326|1304, 381327|1367, 381327|1425, 381328|1490, 381328|1630, 381329|1668, 381332|1720, 381332|2021, 381338|2076, 381343|2157, 381343|2235, 381352|2264, 381360|2296, 381360|2359, 381362|2403, 381376|2483, 381386|2531, 381386|2635, 381404|2667, 381422|2698, 381422|2842, 381474|2908, 381474|2986, 381475|3025, 381497|3072, 381497|3196, 381512|3262, 381520|3313, 381520|3405, 381521|3442, 381525|3500, 381540|3556, 381540|3689, 381544|3721, 381544|3946, 381552|3992, 381552|4035, https://www.yahoo.com, 
381841|1, 381841|1423, 381842|1587, 381842|1730, 381843|1812, 381843|1931, 381847|1985, 381847|2193, 381851|2227, 381852|2256, 381852|2303, 381853|2342, 381867|2412, 381867|2540, 381877|2576, 381893|2608, 381893|2691, 381911|2762, 381931|2841, 381933|2888, 381933|2980, 381942|3020, 381962|3062, 381962|3178, 381987|3250, 381989|3313, 381990|3354, 381991|3393, 382026|3429, 382031|3471, 382044|3515, 382046|3605, 382051|3651, 382058|3723, 382066|3778, 382066|3875, 382067|3920, 382071|3982, 382071|4040, https://www.yahoo.com, 
382317|1, 382317|804, 382322|1066, 382323|1137, 382323|1233, 382328|1321, 382347|1394, 382347|2261, 382351|2331, 382352|2373, 382357|2432, 382363|2484, 382367|2550, 382367|2771, 382377|2799, 382403|2852, 382403|2964, 382404|3037, 382405|3096, 382412|3155, 382413|3206, 382413|4014, https://www.jd.com, 
382581|1, 382581|1362, 382582|1484, 382582|1634, 382583|1688, 382583|1833, 382587|1869, 382587|2083, 382592|2139, 382592|2228, 382598|2263, 382603|2312, 382603|2398, 382611|2447, 382617|2498, 382617|2617, 382631|2672, 382639|2733, 382639|2820, 382667|2878, 382683|2929, 382683|3000, 382712|3057, 382741|3115, 382741|3217, 382745|3277, 382745|3408, 382747|3437, 382760|3504, 382765|3555, 382765|3663, 382772|3705, 382790|3780, 382790|3932, 382792|3981, 382801|4055, https://www.yahoo.com, 
383074|1, 383074|1158, 383090|1266, 383101|1377, 383114|1469, 383114|1798, 383141|1842, 383165|1887, 383165|2657, 383177|2743, 383292|2806, 383308|2849, 383308|4029, https://www.baidu.com, 
383506|1, 383506|1386, 383507|1492, 383507|1613, 383508|1706, 383508|1804, 383512|1857, 383512|2059, 383516|2115, 383517|2176, 383517|2225, 383523|2281, 383523|2333, 383531|2374, 383531|2448, 383539|2501, 383549|2583, 383549|2691, 383561|2742, 383567|2780, 383575|2823, 383576|2872, 383594|2942, 383599|2993, 383615|3110, 383647|3202, 383681|3282, 383691|3349, 383691|3447, 383696|3509, 383710|3600, 383710|3731, 383713|3787, 383722|3841, 383728|3883, 383728|4027, https://www.yahoo.com, 
383993|1, 383993|1298, 384002|1347, 384020|1446, 384032|1601, 384034|1701, 384034|1941, 384086|2027, 384086|2871, 384087|2927, 384214|3040, 384253|3108, 384284|3164, 384284|4026, https://www.baidu.com, 
384402|1, 384402|1311, 384412|1401, 384414|1564, 384419|1663, 384421|1747, 384421|2692, 384422|2790, 384422|2943, 384423|2982, 384423|3218, 384424|3294, 384426|3374, 384426|3813, 384445|3897, 384453|3948, 384453|4035, https://www.pku.edu.cn, 
384495|1, 384495|1202, 384505|1330, 384507|1444, 384513|1591, 384514|1695, 384514|2598, 384515|2648, 384515|3001, 384516|3073, 384516|3261, 384517|3326, 384519|3377, 384519|3804, 384528|3882, 384545|3956, 384546|4006, https://www.pku.edu.cn, 
384578|1, 384578|1244, 384590|1383, 384596|1606, 384596|1680, 384597|1732, 384598|1777, 384599|1824, 384599|2616, 384600|2667, 384602|2749, 384603|2796, 384606|2831, 384608|2900, 384608|3595, 384609|3637, 384609|3806, 384610|3882, 384611|4011, https://www.mit.edu, 
384659|1, 384659|1260, 384661|1322, 384671|1522, 384677|1622, 384679|1713, 384679|2582, 384680|2659, 384681|2734, 384682|2781, 384685|2830, 384687|2879, 384687|3494, 384688|3574, 384689|4005, https://www.mit.edu, 
384734|1, 384734|1432, 384736|1503, 384740|1636, 384764|1814, 384764|2845, 384768|2964, 384768|3011, 384771|3064, 384779|3119, 384782|3159, 384783|3207, 384783|3310, 384818|3416, 384818|3502, 384819|3593, 384825|3644, 384825|4029, https://www.jd.com, 
384958|1, 384958|1234, 384959|1349, 384970|1495, 384970|1570, 384990|1676, 384990|2827, 384994|2888, 385001|2973, 385006|3035, 385015|3116, 385015|3297, 385033|3352, 385050|3470, 385051|3542, 385054|3622, 385055|3676, 385059|3730, 385059|4029, https://www.jd.com, 
385187|1, 385187|1301, 385192|1376, 385195|1512, 385202|1610, 385220|1701, 385220|2606, 385223|2666, 385224|2760, 385227|2827, 385235|2921, 385239|2981, 385239|3081, 385249|3113, 385275|3199, 385275|3288, 385276|3355, 385277|3438, 385277|3480, 385283|3524, 385284|3564, 385285|3599, 385285|4016, https://www.jd.com, 
385442|1, 385442|1303, 385445|1381, 385456|1539, 385463|1621, 385465|1711, 385465|2775, 385467|2874, 385471|2948, 385472|3007, 385473|3045, 385473|3713, 385474|3795, 385474|4015, https://www.mit.edu, 
385523|1, 385523|1317, 385539|1403, 385549|1576, 385554|1644, 385554|1883, 385602|1969, 385602|2852, 385654|2976, 385731|3056, 385793|3129, 385793|3180, 385794|3229, 385794|4019, https://www.baidu.com, 
385947|1, 385947|1216, 385967|1343, 385982|1487, 385987|1547, 385987|1748, 386039|1830, 386039|2851, 386051|2936, 386166|3011, 386184|3062, 386232|3101, 386232|4006, https://www.baidu.com, 
386386|1, 386386|1386, 386402|1448, 386406|1515, 386410|1622, 386423|1753, 386423|1927, 386470|2053, 386470|3055, 386500|3140, 386613|3217, 386669|3266, 386669|4006, https://www.baidu.com, 
