6|1, 6|1204, 13|1380, 10|1549, 9|1601, 9|1898, 10|1983, 10|2582, 13|2638, 28|2701, 41|2787, 28|2857, 22|2891, 21|2935, 20|2967, 20|3012, 10|3050, 10|4023, https://www.baidu.com, 
7|1, 7|753, 10|892, 9|1015, 8|1109, 8|1157, 9|1231, 9|2088, 10|2163, 10|2334, 9|2406, 9|2444, 10|2481, 10|2685, 9|2717, 10|2756, 10|3026, 9|3069, 9|3240, 13|3339, 12|3443, 12|3578, 10|3625, 9|3659, 9|3692, 10|3735, 11|3805, 13|3884, 14|3935, 15|4035, https://www.pku.edu.cn, 
7|1, 7|793, 9|875, 7|984, 9|1091, 10|1161, 10|1219, 9|1322, 9|2175, 10|2250, 10|2306, 11|2350, 11|2553, 10|2592, 10|3124, 11|3195, 11|3333, 10|3405, 10|3505, 11|3540, 11|3779, 10|3814, 10|4014, https://www.mit.edu, 
7|1, 7|594, 9|689, 9|729, 7|844, 9|970, 9|1037, 10|1103, 12|1209, 12|1490, 9|1529, 9|2087, 10|2160, 10|2236, 11|2285, 11|2390, 10|2450, 10|2528, 11|2558, 11|2716, 10|2742, 10|2908, 11|2963, 11|3185, 10|3230, 10|3276, 11|3377, 11|3580, 10|3636, 10|4055, https://www.mit.edu, 
8|1, 8|722, 10|802, 8|909, 10|986, 11|1076, 13|1141, 11|1183, 11|1301, 10|1333, 10|1904, 12|1959, 12|2088, 14|2132, 14|2167, 12|2206, 12|2346, 15|2385, 10|2455, 10|2526, 11|2573, 13|2610, 10|2645, 10|3936, 11|3969, 13|4010, https://www.jd.com, 
8|1, 8|931, 10|991, 8|1086, 10|1158, 11|1221, 11|1313, 12|1380, 11|1431, 11|1561, 10|1602, 10|2196, 11|2268, 11|2483, 10|2530, 11|2560, 11|3113, 10|3150, 10|3216, 12|3249, 16|3318, 20|3369, 20|3431, 13|3470, 13|3521, 16|3580, 15|3616, 14|3651, 15|3693, 13|3769, 15|3832, 15|3927, 14|3960, 13|4012, https://www.pku.edu.cn, 
8|1, 8|919, 10|970, 10|1096, 11|1192, 12|1270, 11|1359, 11|1488, 10|1527, 10|1973, 11|2013, 11|2229, 10|2257, 11|2286, 11|2847, 10|2874, 10|2922, 16|2983, 16|3028, 20|3066, 20|3133, 12|3179, 14|3224, 17|3268, 15|3322, 16|3365, 17|3424, 16|3478, 17|3522, 15|3555, 15|3588, 14|3634, 14|3683, 13|3725, 12|3750, 12|3774, 13|3805, 14|4039, https://www.pku.edu.cn, 
8|1, 8|681, 10|769, 10|1111, 11|1163, 11|1280, 12|1317, 12|1864, 13|1899, 13|1935, 12|1972, 12|2057, 13|2103, 13|2373, 19|2436, 19|2468, 18|2501, 26|2560, 17|2630, 17|2685, 18|2718, 18|2797, 21|2838, 22|2883, 22|2964, 23|3007, 23|3095, 21|3123, 21|3333, 20|3364, 20|3399, 19|3461, 19|4021, https://www.yahoo.com, 
8|1, 8|777, 9|856, 8|906, 10|1001, 10|1150, 11|1204, 11|1381, 12|1416, 12|1845, 14|1874, 12|1899, 12|2247, 19|2288, 19|2379, 10|2412, 11|2461, 29|2522, 29|2571, 35|2631, 35|2787, 36|2839, 36|2976, 40|3038, 42|3067, 42|3229, 41|3260, 42|3291, 39|3321, 37|3362, 37|3515, 36|3554, 36|4007, https://www.yahoo.com, 
8|1, 8|808, 11|871, 10|976, 10|1051, 11|1130, 11|1195, 12|1229, 12|1265, 11|1306, 11|1441, 10|1476, 10|1870, 11|1915, 11|2141, 10|2178, 11|2247, 11|2667, 13|2700, 16|2744, 20|2806, 20|2864, 15|2899, 12|2923, 12|2964, 15|3012, 15|3054, 14|3093, 15|3148, 15|3189, 16|3227, 17|3292, 17|3363, 14|3389, 14|3455, 13|3499, 13|3762, 14|3818, 13|4002, https://www.pku.edu.cn, 
8|1, 8|758, 10|857, 10|1040, 11|1108, 11|1170, 12|1200, 12|1256, 11|1291, 11|1439, 10|1467, 10|1724, 11|1788, 11|2529, 10|2569, 12|2610, 16|2641, 16|2703, 20|2757, 20|2796, 15|2821, 12|2849, 13|2877, 16|2936, 14|2995, 15|3035, 15|3096, 16|3131, 14|3201, 14|3304, 13|3329, 13|3586, 15|3652, 16|3723, 16|3864, 12|3922, 12|4012, https://www.pku.edu.cn, 
8|1, 8|882, 9|1008, 8|1093, 10|1166, 10|1322, 11|1359, 11|1526, 12|1565, 12|1758, 13|1793, 13|1824, 12|1850, 12|1919, 13|1959, 13|2216, 15|2252, 15|2426, 22|2503, 23|2542, 23|2567, 16|2602, 21|2643, 17|2694, 17|2812, 18|2846, 19|2894, 20|2934, 23|2981, 23|3116, 22|3156, 21|3210, 19|3264, 20|3302, 20|4018, https://www.yahoo.com, 
8|1, 8|1117, 10|1222, 14|1312, 10|1378, 10|1428, 11|1460, 11|1505, 10|1539, 10|2042, 12|2086, 12|2200, 13|2248, 13|2298, 10|2343, 10|2415, 16|2466, 11|2532, 12|2598, 12|2676, 13|2708, 13|2747, 12|2808, 12|2951, 11|2993, 11|4034, https://www.jd.com, 
8|1, 8|827, 10|938, 10|1060, 11|1108, 11|1156, 12|1229, 11|1276, 11|1424, 10|1460, 10|1844, 11|1897, 11|2766, 10|2806, 16|2868, 16|2921, 18|2948, 20|2978, 20|3020, 15|3052, 12|3093, 14|3141, 16|3223, 16|3331, 17|3371, 15|3438, 15|3538, 14|3569, 15|3611, 14|3651, 14|3852, 15|3910, 16|3964, 16|4025, https://www.pku.edu.cn, 
8|1, 8|1035, 10|1154, 10|1312, 11|1389, 11|1503, 12|1540, 12|1826, 13|1903, 11|1953, 12|1987, 12|2035, 14|2072, 12|2125, 12|2215, 16|2252, 16|2315, 11|2344, 11|2433, 13|2476, 11|2543, 11|2598, 17|2637, 24|2702, 17|2758, 17|3009, 23|3087, 25|3139, 25|3267, 23|3327, 23|3379, 22|3414, 22|3499, 23|3554, 21|3614, 21|3682, 20|3707, 20|3859, 19|3926, 19|4017, https://www.yahoo.com, 
8|1, 8|1064, 9|1128, 9|1224, 11|1323, 10|1415, 11|1464, 11|1528, 10|1553, 10|2128, 12|2192, 11|2262, 12|2308, 14|2345, 15|2376, 11|2413, 11|2520, 13|2561, 15|2595, 11|2632, 11|2684, 12|2730, 12|2984, 11|3023, 11|4017, https://www.jd.com, 
8|1, 8|254, 7|307, 7|985, 9|1072, 8|1186, 9|1230, 9|1353, 11|1441, 11|1689, 9|1725, 9|1930, 10|1985, 10|2223, 11|2284, 11|2334, 12|2368, 12|2400, 11|2428, 10|2478, 10|2773, 11|2835, 11|2946, 12|2976, 12|3064, 11|3139, 11|3367, 10|3415, 10|3573, 11|3609, 11|3843, 12|3887, 12|4030, https://www.mit.edu, 
7|1, 7|921, 9|1027, 8|1154, 9|1251, 9|1375, 10|1407, 10|1643, 9|1675, 9|1991, 10|2046, 10|2246, 9|2290, 10|2346, 10|2917, 9|2943, 9|2979, 11|3013, 15|3062, 15|3111, 19|3163, 19|3221, 15|3249, 13|3278, 11|3305, 13|3351, 12|3435, 13|3512, 14|3566, 15|3610, 15|3687, 14|3744, 14|3804, 13|3862, 13|3935, 10|3959, 11|4022, https://www.pku.edu.cn, 
8|1, 8|1046, 11|1106, 10|1168, 10|1326, 11|1399, 11|1482, 12|1529, 12|1736, 10|1774, 10|2173, 11|2214, 11|2242, 12|2320, 12|2376, 13|2423, 12|2472, 11|2513, 11|2579, 12|2628, 12|3137, 11|3173, 12|3227, 12|3475, 11|3521, 11|3878, 12|3929, 12|4009, https://www.mit.edu, 
6|1, 6|1057, 7|1117, 7|1190, 6|1257, 8|1399, 8|1482, 9|1532, 9|1663, 10|1723, 10|2091, 11|2143, 11|2183, 9|2244, 9|2284, 11|2332, 11|2390, 10|2440, 10|2495, 9|2554, 10|2593, 9|2620, 9|2689, 13|2756, 15|2842, 15|2890, 16|2922, 21|2982, 21|3033, 14|3091, 14|3172, 18|3240, 18|3351, 19|3398, 19|3611, 20|3646, 20|3735, 19|3795, 19|3839, 18|3864, 18|4018, https://www.yahoo.com, 
6|1, 6|1063, 9|1177, 9|1293, 11|1380, 9|1443, 9|1478, 10|1531, 9|1573, 9|2107, 11|2167, 11|2229, 12|2296, 12|2362, 9|2419, 9|2499, 17|2568, 10|2610, 10|2682, 12|2749, 12|2815, 11|2868, 11|3031, 10|3055, 10|4022, https://www.jd.com, 
7|1, 7|990, 9|1044, 9|1098, 7|1188, 9|1232, 9|1379, 11|1498, 11|1678, 9|1719, 9|2202, 10|2248, 10|2279, 11|2343, 11|2400, 12|2445, 11|2490, 10|2523, 10|2999, 11|3040, 11|3272, 10|3318, 10|3374, 11|3407, 11|3632, 10|3664, 10|4007, https://www.mit.edu, 
7|1, 7|904, 9|990, 9|1206, 10|1254, 10|1376, 11|1425, 10|1469, 10|1597, 9|1623, 9|2871, 8|2908, 8|2973, 14|3026, 14|3071, 18|3107, 18|3142, 14|3193, 11|3236, 12|3298, 15|3369, 14|3400, 10|3432, 11|3484, 11|3550, 13|3640, 13|3699, 12|3743, 12|3795, 11|3826, 11|3919, 10|3961, 10|4011, https://www.pku.edu.cn, 
6|1, 6|1140, 7|1229, 10|1356, 8|1461, 8|1523, 9|1568, 8|1602, 8|1997, 15|2071, 15|2352, 24|2448, 61|2527, 32|2580, 32|2610, 37|2648, 36|2688, 21|2722, 21|2799, 15|2836, 15|4004, https://www.baidu.com, 
6|1, 6|1015, 7|1075, 6|1148, 9|1284, 9|1322, 10|1372, 8|1414, 8|1471, 9|1519, 8|1553, 8|2196, 10|2228, 10|2344, 8|2420, 8|2473, 10|2517, 14|2586, 9|2623, 9|2653, 11|2717, 11|2784, 10|2836, 10|2961, 9|2989, 9|4033, https://www.jd.com, 
6|1, 6|938, 9|1111, 6|1232, 9|1321, 10|1405, 8|1459, 9|1511, 9|1555, 8|1609, 8|2193, 10|2260, 10|2364, 11|2404, 10|2438, 10|2476, 8|2526, 8|2760, 15|2817, 9|2882, 10|2939, 10|3050, 11|3085, 11|3309, 9|3333, 9|4014, https://www.jd.com, 
6|1, 6|1068, 8|1138, 8|1216, 7|1307, 8|1353, 8|1464, 9|1529, 10|1574, 10|1794, 8|1838, 8|2210, 9|2271, 9|2303, 10|2346, 10|2412, 11|2459, 10|2512, 9|2579, 9|2959, 10|3010, 10|3239, 9|3287, 9|3338, 10|3371, 10|3614, 9|3640, 9|4018, https://www.mit.edu, 
6|1, 6|1154, 10|1216, 6|1346, 9|1424, 9|1466, 8|1509, 8|1543, 9|1592, 9|1641, 8|1681, 26|1729, 26|1761, 9|1789, 9|2506, 11|2562, 18|2640, 24|2706, 25|2759, 25|2794, 12|2818, 12|2893, 9|2928, 9|4013, https://www.baidu.com, 
6|1, 6|1000, 10|1109, 8|1231, 10|1295, 8|1351, 8|1428, 9|1468, 8|1508, 8|1650, 9|1705, 9|2244, 16|2302, 17|2382, 36|2460, 19|2489, 19|2603, 9|2638, 9|4009, https://www.baidu.com, 
5|1, 5|978, 7|1028, 5|1069, 7|1210, 7|1275, 9|1344, 10|1409, 10|1659, 7|1694, 7|2099, 8|2188, 8|2248, 9|2310, 9|2353, 10|2406, 9|2454, 8|2486, 8|2940, 9|2991, 9|3225, 8|3282, 9|3329, 9|3531, 8|3584, 8|4008, https://www.mit.edu, 
5|1, 5|953, 7|1013, 11|1115, 9|1237, 7|1286, 7|1470, 19|1508, 8|1552, 8|2260, 17|2315, 18|2375, 41|2453, 41|2505, 22|2560, 10|2588, 10|2705, 8|2744, 8|4012, https://www.baidu.com, 
5|1, 5|1003, 6|1062, 5|1164, 7|1257, 7|1443, 8|1499, 8|1630, 9|1665, 9|1988, 10|2031, 10|2062, 9|2105, 9|2182, 12|2232, 12|2387, 14|2466, 14|2603, 16|2680, 22|2743, 22|2807, 13|2861, 13|2929, 14|3013, 14|3058, 15|3093, 18|3143, 19|3196, 19|3266, 20|3313, 19|3365, 18|3421, 18|3677, 16|3728, 15|3767, 15|3821, 14|3863, 14|4021, https://www.yahoo.com, 
5|1, 5|1219, 7|1301, 7|1414, 8|1488, 8|1656, 9|1708, 9|1965, 10|2009, 10|2082, 8|2153, 9|2191, 13|2216, 13|2277, 9|2302, 9|2476, 8|2523, 8|2591, 9|2619, 9|2683, 8|2728, 8|2770, 17|2841, 17|2900, 14|2931, 13|2966, 13|3011, 18|3054, 14|3093, 14|3134, 15|3188, 19|3261, 20|3296, 20|3550, 19|3603, 19|3672, 20|3707, 20|3772, 18|3812, 17|3851, 16|3889, 16|3930, 17|3979, 15|4032, https://www.yahoo.com, 
5|1, 5|1438, 7|1571, 7|1693, 8|1780, 8|1861, 9|1897, 9|2657, 10|2731, 15|2809, 15|2936, 16|2982, 16|3023, 22|3090, 22|3269, 13|3319, 13|3350, 15|3389, 16|3429, 17|3499, 17|3565, 19|3628, 18|3693, 19|3749, 19|4012, https://www.yahoo.com, 
5|1, 5|896, 7|1054, 5|1128, 7|1216, 9|1308, 7|1384, 7|1441, 8|1516, 7|1544, 7|2191, 9|2250, 8|2314, 9|2353, 9|2414, 10|2478, 7|2547, 7|2746, 14|2793, 8|2866, 8|2906, 9|2949, 9|3020, 10|3077, 9|3142, 9|3313, 8|3358, 8|4027, https://www.jd.com, 
5|1, 5|1155, 6|1227, 7|1278, 5|1360, 7|1468, 7|1602, 8|1657, 8|1766, 9|1795, 9|2228, 8|2279, 8|2368, 9|2416, 10|2458, 9|2488, 9|2578, 11|2647, 11|2783, 13|2853, 13|2965, 28|3026, 28|3082, 13|3131, 13|3243, 14|3299, 14|3368, 15|3407, 17|3473, 18|3525, 18|3627, 17|3674, 17|3761, 15|3812, 15|3892, 16|3952, 14|4029, https://www.yahoo.com, 
5|1, 5|1002, 7|1103, 9|1204, 6|1314, 8|1405, 7|1446, 7|1506, 8|1581, 7|1639, 7|1729, 22|1777, 8|1816, 8|2596, 22|2684, 28|2742, 18|2780, 11|2816, 11|2864, 9|2914, 8|2962, 8|4030, https://www.baidu.com, 
5|1, 5|991, 6|1224, 7|1297, 5|1387, 7|1469, 7|1588, 8|1698, 8|1780, 9|1846, 9|2259, 8|2303, 8|2497, 9|2558, 9|2617, 10|2674, 9|2714, 12|2753, 9|2800, 16|2869, 8|2919, 9|2972, 18|3105, 15|3201, 16|3264, 14|3331, 14|3419, 15|3493, 18|3578, 19|3656, 19|3707, 18|3766, 18|4016, https://www.yahoo.com, 
5|1, 5|1278, 10|1333, 5|1458, 8|1605, 8|1704, 9|1793, 7|1825, 7|1884, 25|1943, 8|2009, 8|2849, 15|2934, 24|3031, 19|3100, 18|3141, 18|3173, 17|3207, 17|3277, 8|3330, 8|4006, https://www.baidu.com, 
5|1, 5|1275, 7|1380, 7|1536, 8|1634, 8|1797, 7|1845, 7|2587, 8|2673, 8|2826, 7|2870, 8|2902, 8|3074, 7|3129, 8|3186, 8|3474, 7|3527, 7|3735, 11|3781, 18|3863, 8|3911, 8|4005, https://www.pku.edu.cn, 
5|1, 5|375, 6|468, 6|1187, 10|1280, 9|1434, 9|1723, 8|1760, 8|2536, 9|2589, 9|2718, 8|2783, 8|2888, 9|2942, 9|3127, 8|3160, 9|3199, 9|3471, 8|3502, 8|3686, 11|3752, 18|3831, 10|3901, 10|4004, https://www.pku.edu.cn, 
6|1, 6|1217, 8|1419, 9|1576, 9|1640, 10|1687, 10|1830, 8|1877, 8|2502, 9|2571, 9|2623, 10|2709, 10|2748, 11|2792, 9|2863, 9|3438, 10|3504, 10|3699, 9|3764, 10|3845, 10|4025, https://www.mit.edu, 
6|1, 6|1163, 8|1210, 11|1286, 8|1491, 9|1581, 9|1806, 8|1838, 8|2433, 9|2543, 10|2620, 10|2825, 9|2871, 9|3371, 10|3454, 10|3637, 9|3674, 9|3799, 10|3868, 10|4019, https://www.mit.edu, 
6|1, 6|1397, 8|1492, 8|1809, 9|1877, 9|1928, 8|1979, 8|2742, 10|2839, 8|2940, 10|2983, 11|3040, 10|3087, 11|3127, 8|3179, 8|3237, 13|3288, 9|3408, 10|3478, 12|3569, 10|3614, 10|3735, 9|3783, 9|4029, https://www.jd.com, 
6|1, 6|1144, 7|1244, 6|1369, 9|1488, 9|1754, 8|1799, 8|2607, 10|2655, 10|2690, 11|2725, 11|3030, 9|3091, 9|3130, 8|3163, 8|3273, 15|3344, 9|3456, 11|3541, 10|3605, 11|3655, 10|3711, 9|3750, 9|4013, https://www.jd.com, 
6|1, 6|1200, 7|1288, 8|1369, 8|1503, 10|1596, 8|1673, 9|1745, 8|1850, 8|2578, 10|2652, 10|2736, 11|2821, 11|2900, 8|2954, 8|3049, 16|3100, 9|3198, 9|3263, 10|3338, 10|3412, 11|3452, 11|3678, 9|3729, 9|4062, https://www.jd.com, 
8|1, 8|1144, 10|1236, 15|1326, 10|1474, 11|1561, 12|1651, 12|1777, 10|1822, 10|2615, 11|2716, 12|2817, 12|2882, 11|2932, 11|3562, 12|3651, 12|3895, 11|3949, 11|4021, https://www.mit.edu, 
8|1, 8|1429, 11|1562, 11|1703, 12|1781, 24|1889, 24|2827, 43|2967, 36|3040, 27|3108, 26|3158, 26|3215, 24|3252, 24|4004, https://www.baidu.com, 
8|1, 8|1067, 13|1184, 8|1323, 11|1439, 10|1504, 11|1590, 11|1642, 10|1700, 11|1784, 11|2752, 12|2814, 20|2892, 32|2957, 34|3009, 14|3045, 14|3108, 12|3163, 11|3219, 11|4019, https://www.baidu.com, 
8|1, 8|1339, 13|1400, 13|1457, 8|1605, 10|1700, 10|1892, 11|2006, 11|2923, 13|3006, 27|3095, 28|3157, 46|3206, 33|3243, 33|3313, 18|3362, 11|3414, 11|4010, https://www.baidu.com, 
