516|1, 736|570, 736|672, 780|726, 804|788, 804|1507, 1100|1639, 1284|1789, 1284|2296, 1504|2348, 1504|2706, 1700|2745, 1712|2781, 1932|2839, 1932|2898, 680|2954, 680|3022, 900|3079, 1120|3169, 1120|3223, 1048|3269, 1048|3629, 1164|3678, 1164|3725, 1308|3760, 1308|4029, https://www.baidu.com, 
340|1, 624|548, 624|870, 772|983, 772|1309, 920|1440, 948|1488, 996|1553, 996|1957, 1216|2020, 1216|2485, 1388|2558, 1388|2733, 356|2786, 356|2861, 576|2915, 576|3443, 584|3482, 680|3517, 680|4033, https://www.pku.edu.cn, 
236|1, 456|431, 456|706, 604|759, 604|830, 632|1001, 632|1216, 780|1312, 780|1783, 828|1837, 920|1874, 920|1938, 1140|1989, 1140|2106, 548|2148, 548|2809, 628|2846, 760|2890, 760|3795, 772|3840, 808|3906, 808|4035, https://www.mit.edu, 
248|1, 436|440, 436|697, 584|833, 584|1223, 928|1284, 928|1525, 484|1588, 484|1697, 852|1752, 852|2189, 848|2245, 748|2303, 748|3218, 940|3281, 940|4021, https://www.mit.edu, 
252|1, 472|363, 472|640, 548|670, 548|1002, 104|1091, 252|1197, 252|1616, 368|1642, 800|1691, 800|1791, 824|1815, 824|2135, 1044|2170, 1044|2612, 1088|2650, 1120|2726, 1120|3620, 1168|3654, 1220|3690, 1220|4002, https://www.jd.com, 
500|1, 636|309, 636|520, 120|559, 120|745, 268|797, 268|904, 416|1052, 792|1130, 784|1223, 784|1825, 1004|1852, 1004|2116, 1136|2167, 1136|2403, 1356|2471, 1356|3108, 1320|3139, 1344|3170, 1344|4029, https://www.pku.edu.cn, 
352|1, 56|236, 56|524, 112|563, 232|639, 232|772, 380|815, 380|1042, 528|1099, 528|1527, 788|1564, 788|1774, 1008|1810, 1008|2510, 1208|2567, 1208|3493, 1256|3543, 1344|3598, 1344|4066, https://www.pku.edu.cn, 
76|1, 296|247, 296|666, 444|784, 488|870, 644|937, 644|1414, 864|1449, 864|1821, 936|1869, 1060|1920, 1060|2182, 1064|2225, 1064|2493, 1212|2564, 1212|2851, 1228|2886, 1252|2923, 1252|3875, 1264|3922, 1264|4024, https://www.yahoo.com, 
144|1, 364|295, 364|344, 380|398, 448|442, 448|683, 596|765, 596|958, 744|1039, 744|1333, 896|1396, 900|1434, 900|1604, 1120|1630, 1120|2337, 1128|2387, 1168|2426, 1168|2709, 1316|2759, 1316|3375, 1348|3406, 1348|3884, 244|3913, 464|4021, https://www.yahoo.com, 
204|1, 204|729, 740|898, 888|976, 888|1495, 1108|1526, 1108|1807, 1140|1846, 1244|1882, 1244|2686, 1464|2727, 1464|2820, 1424|2859, 1464|2907, 1464|3387, 800|3451, 800|3822, 748|3877, 748|4010, https://www.pku.edu.cn, 
112|1, 332|177, 332|263, 408|297, 408|821, 556|939, 556|1267, 804|1301, 804|1519, 1024|1545, 1024|2231, 1184|2281, 1240|2321, 1240|2836, 576|2897, 576|3228, 604|3279, 772|3344, 772|4006, https://www.pku.edu.cn, 
172|1, 392|172, 392|662, 448|714, 488|748, 488|853, 636|966, 636|1147, 784|1267, 784|1632, 1004|1666, 1092|1699, 1104|1723, 1104|2294, 592|2350, 592|2502, 740|2578, 740|2673, 572|2702, 712|2742, 712|3659, 716|3682, 716|3706, 768|3735, 768|4016, https://www.yahoo.com, 
700|1, 840|233, 840|741, 1060|781, 1060|1049, 1104|1147, 1136|1195, 1136|1754, 1356|1784, 544|1806, 692|1829, 692|2110, 828|2147, 840|2183, 840|2267, 1060|2304, 1060|3132, 1228|3170, 1228|4017, https://www.jd.com, 
340|1, 560|134, 560|437, 536|476, 548|508, 548|730, 696|808, 696|858, 916|972, 1064|1096, 472|1128, 472|1435, 396|1459, 644|1493, 644|1701, 792|1749, 792|2437, 944|2471, 956|2511, 956|3437, 1108|3491, 1108|4032, https://www.pku.edu.cn, 
312|1, 560|164, 560|621, 264|666, 412|734, 412|951, 628|1052, 628|1652, 848|1692, 848|1883, 976|1962, 1052|2025, 1052|2923, 1220|2980, 1220|3927, 1248|3979, 1248|4042, https://www.yahoo.com, 
688|1, 244|133, 244|371, 344|409, 348|445, 348|778, 496|835, 496|935, 644|1037, 644|1129, 792|1189, 792|1364, 892|1463, 892|1828, 1112|1852, 1112|2185, 1332|2247, 1332|2321, 1380|2378, 1380|3338, 1428|3375, 1548|3418, 1548|4019, https://www.jd.com, 
108|1, 108|738, 368|765, 556|803, 556|1235, 704|1313, 704|1725, 756|1767, 1084|1808, 1084|2451, 1304|2485, 1304|2736, 1280|2760, 1308|2787, 1308|3737, 1360|3788, 1360|4019, https://www.mit.edu, 
124|1, 356|166, 356|832, 504|941, 504|1083, 792|1170, 792|1727, 1012|1755, 1012|2065, 1020|2114, 1280|2171, 1280|3096, 1320|3132, 1336|3186, 1336|3874, 1116|3932, 232|3991, 232|4021, https://www.pku.edu.cn, 
104|1, 324|123, 324|565, 404|604, 404|879, 552|997, 552|1212, 700|1314, 700|1522, 720|1574, 844|1616, 844|1747, 1064|1790, 1064|2472, 1284|2530, 1216|2565, 1280|2602, 1280|3451, 396|3489, 616|3525, 652|3570, 668|3618, 964|4041, https://www.mit.edu, 
112|1, 472|101, 472|809, 620|870, 696|1058, 696|1136, 844|1230, 844|1864, 1064|1902, 1064|1991, 1160|2055, 1188|2124, 1188|2767, 1408|2853, 596|2934, 596|2962, 604|3003, 648|3065, 648|3961, 652|3996, 796|4049, https://www.yahoo.com, 
672|1, 892|94, 892|439, 976|480, 976|1386, 1304|1466, 1304|1782, 1524|1821, 1524|2308, 564|2394, 812|2448, 812|2951, 960|2994, 960|3392, 976|3428, 1168|3478, 1168|4003, https://www.jd.com, 
324|1, 544|107, 544|715, 676|777, 676|1087, 824|1146, 824|1683, 380|1706, 444|1730, 560|1771, 780|1812, 780|2705, 976|2751, 996|2791, 996|3749, 1028|3774, 1028|4027, https://www.mit.edu, 
296|1, 516|155, 516|180, 612|216, 612|1148, 508|1258, 508|1626, 728|1658, 728|1836, 876|1880, 876|2132, 884|2198, 944|2236, 944|3201, 1008|3242, 1008|4016, https://www.pku.edu.cn, 
376|1, 596|110, 596|616, 652|661, 356|708, 356|751, 504|785, 504|1183, 652|1231, 652|1339, 800|1490, 800|1797, 1020|1837, 1020|2399, 1240|2468, 1240|2557, 1440|2631, 1472|2664, 1472|2696, 1692|2732, 1692|2918, 1628|2950, 1628|3632, 1648|3675, 1648|4012, https://www.baidu.com, 
616|1, 176|133, 176|671, 324|765, 324|867, 472|963, 472|999, 720|1104, 720|1178, 868|1316, 868|1735, 1088|1768, 1088|2031, 1144|2066, 1148|2112, 1148|2200, 1368|2272, 1368|3036, 1496|3066, 1500|3096, 1500|4024, https://www.jd.com, 
76|1, 296|111, 296|718, 444|785, 444|906, 592|1026, 592|1211, 740|1327, 740|1420, 804|1480, 912|1545, 912|1784, 1132|1809, 1132|2442, 1172|2478, 1384|2511, 1384|3468, 1536|3514, 1536|4020, https://www.jd.com, 
140|1, 288|144, 288|821, 368|917, 516|969, 516|1011, 664|1083, 664|1248, 812|1344, 812|1860, 1032|1904, 1100|1945, 1168|1985, 1168|2888, 1200|2926, 1376|2966, 1376|3929, 1416|3977, 1440|4020, https://www.mit.edu, 
124|1, 344|123, 344|291, 404|366, 404|1082, 552|1160, 552|1215, 700|1276, 796|1364, 796|1912, 1016|1944, 1016|2299, 1096|2341, 1180|2391, 1180|2617, 1400|2686, 1400|3332, 1668|3372, 1668|3503, 784|3530, 784|4017, https://www.baidu.com, 
300|1, 520|141, 520|724, 588|810, 664|889, 664|1157, 812|1259, 812|1758, 1104|1807, 1324|1843, 1324|2429, 1544|2494, 1544|2741, 1676|2787, 1612|2827, 1740|2860, 1740|2961, 856|3009, 856|3756, 824|3801, 824|4021, https://www.baidu.com, 
396|1, 616|104, 616|167, 700|235, 700|910, 848|990, 848|1096, 1008|1201, 1064|1290, 1064|1757, 1284|1781, 1284|2134, 1344|2195, 1344|2436, 532|2481, 532|3162, 768|3201, 768|4029, https://www.mit.edu, 
268|1, 488|133, 488|556, 564|583, 564|846, 712|979, 712|1504, 876|1560, 928|1608, 928|1723, 1148|1763, 1148|1805, 704|1846, 704|2125, 924|2179, 924|2486, 972|2557, 1032|2609, 1032|3509, 1160|3570, 1168|3617, 1168|4020, https://www.baidu.com, 
724|1, 944|111, 944|866, 1088|1008, 1088|1269, 424|1331, 424|1741, 644|1767, 644|1927, 852|1968, 852|2699, 1000|2766, 1000|2941, 1016|3036, 1016|3936, 1044|3996, 1044|4043, https://www.yahoo.com, 
544|1, 764|91, 764|415, 848|453, 848|751, 480|843, 480|1100, 628|1224, 628|1386, 864|1445, 864|1689, 1084|1743, 1084|2429, 1124|2507, 1124|2809, 1344|2859, 1344|3399, 1304|3431, 1304|4010, https://www.yahoo.com, 
616|1, 172|161, 172|710, 192|769, 324|845, 472|934, 472|1147, 620|1279, 620|1434, 768|1622, 768|1754, 876|1839, 876|2121, 1096|2161, 1096|2745, 1148|2790, 1156|2888, 1156|3769, 1352|3832, 1352|4030, https://www.yahoo.com, 
244|1, 464|119, 464|169, 408|210, 408|821, 704|1041, 704|1148, 800|1248, 800|1832, 1020|1882, 1020|2112, 1032|2166, 1152|2220, 1372|2285, 1372|3120, 1420|3180, 1428|3233, 1428|4016, https://www.jd.com, 
108|1, 328|122, 328|592, 404|622, 404|1027, 552|1159, 700|1262, 700|1579, 896|1655, 896|1926, 1116|1964, 1116|2583, 1136|2611, 1156|2642, 1156|3580, 1328|3639, 224|4072, https://www.yahoo.com, 
212|1, 432|175, 432|940, 728|1097, 728|1281, 876|1414, 876|1878, 996|1933, 1064|1967, 1064|2041, 1284|2095, 1284|2776, 1504|2850, 1504|2896, 1560|2933, 1620|2972, 1652|3019, 1652|3428, 768|3491, 768|3905, 640|3955, 700|4011, https://www.baidu.com, 
272|1, 492|126, 492|340, 676|423, 676|1099, 824|1330, 980|1410, 980|2078, 1200|2126, 1200|2298, 1296|2356, 1312|2396, 1312|2894, 296|2960, 444|3017, 444|3092, 592|3215, 592|3306, 620|3367, 724|3434, 724|3809, 872|3865, 872|4039, https://www.yahoo.com, 
320|1, 540|116, 540|686, 572|736, 628|851, 628|1145, 776|1232, 776|1719, 972|1811, 972|2199, 1192|2245, 1192|2321, 308|2359, 308|2708, 628|2755, 628|2942, 848|3046, 848|3121, 1068|3185, 1068|3696, 1032|3739, 1112|3801, 1112|4046, https://www.baidu.com, 
572|1, 756|138, 756|1086, 884|1198, 884|1771, 292|1857, 292|2088, 276|2119, 292|2152, 292|2187, 396|2232, 616|2284, 616|3084, 760|3130, 792|3187, 792|4022, https://www.pku.edu.cn, 
456|1, 676|154, 676|507, 756|634, 756|1083, 904|1196, 460|1329, 460|1440, 628|1596, 628|2187, 848|2222, 848|2488, 904|2560, 1124|2613, 1124|3500, 1072|3553, 1072|3624, 1088|3658, 1088|4024, https://www.pku.edu.cn, 
352|1, 572|135, 572|492, 276|540, 276|760, 448|826, 448|986, 596|1161, 596|1369, 744|1607, 744|1750, 824|1797, 816|1845, 816|2046, 1036|2118, 1036|2748, 1224|2818, 1224|3757, 1256|3816, 1268|3897, 1268|4024, https://www.mit.edu, 
108|1, 328|139, 224|179, 300|214, 300|920, 448|1005, 640|1157, 708|1224, 708|2099, 928|2148, 1048|2198, 1048|2250, 1144|2284, 1144|2805, 1364|2853, 1364|3120, 1336|3171, 1348|3230, 1348|4013, https://www.mit.edu, 
112|1, 332|135, 332|476, 316|534, 352|583, 352|1237, 500|1345, 500|1470, 708|1528, 788|1634, 788|2381, 1008|2426, 1008|2483, 1060|2520, 1164|2558, 1164|3350, 1384|3419, 1388|3525, 1428|3616, 1428|4012, https://www.jd.com, 
132|1, 352|117, 352|814, 480|912, 504|998, 652|1142, 652|1356, 800|1498, 800|1897, 924|1946, 924|2103, 1144|2140, 1144|2843, 1288|2906, 1312|2998, 1312|3701, 428|3755, 944|3804, 944|3892, 1040|3943, 1040|4049, https://www.jd.com, 
128|1, 348|134, 348|284, 396|331, 396|1125, 544|1220, 800|1328, 800|2197, 1020|2228, 1020|2279, 1168|2332, 1168|2602, 1388|2643, 1388|3152, 504|3231, 788|3320, 788|3519, 936|3559, 936|4013, https://www.jd.com, 
276|1, 496|163, 496|690, 560|724, 560|1073, 708|1210, 708|1624, 900|1718, 960|1805, 960|2112, 1180|2144, 1180|2614, 368|2668, 516|2773, 736|2886, 736|3654, 776|3716, 800|3804, 800|4031, https://www.mit.edu, 
240|1, 544|136, 544|896, 628|1063, 628|1198, 776|1334, 776|1897, 332|1990, 488|2051, 488|2155, 708|2203, 708|2714, 928|2768, 928|2979, 952|3073, 1172|3151, 1172|3832, 1184|3872, 1160|4038, https://www.baidu.com, 
724|1, 944|146, 944|298, 1008|332, 1008|1230, 372|1354, 520|1518, 520|2127, 740|2157, 740|2287, 944|2342, 944|2538, 1164|2594, 1164|3303, 1408|3356, 1408|4039, https://www.baidu.com, 
580|1, 580|606, 328|665, 328|970, 476|1064, 476|1369, 624|1460, 624|1588, 796|1763, 796|2274, 1016|2306, 1016|2621, 1188|2668, 1188|2917, 1628|2987, 1408|3062, 1408|3635, 1640|3681, 1640|4011, https://www.baidu.com, 
