35865|1, 35865|1343, 35866|1465, 35869|1677, 35869|2724, 35871|2778, 35875|2843, 35875|2920, 35878|3000, 35878|4027, https://www.baidu.com, 
35891|1, 35891|1145, 35893|1256, 35893|3877, 35894|3942, 35895|4026, https://www.pku.edu.cn, 
35901|1, 35902|278, 35902|957, 35903|1069, 35905|1176, 35905|2338, 35907|2404, 35908|2447, 35910|2504, 35911|2600, 35922|2656, 35922|3554, 35924|3606, 35924|3641, 35926|3689, 35927|3760, 35929|3828, 35929|4014, https://www.mit.edu, 
35949|1, 35949|916, 35951|1082, 35951|2264, 35953|2349, 35956|2406, 35956|2471, 35957|2507, 35964|2559, 35969|2615, 35969|3308, 35970|3346, 35971|3395, 35972|3484, 35974|3570, 35976|3606, 35977|3651, 35977|3810, 35979|3844, 35983|4021, https://www.mit.edu, 
35997|1, 35998|243, 35998|883, 35999|987, 36001|1083, 36001|2054, 36005|2139, 36014|2191, 36014|2450, 36016|2489, 36016|2610, 36018|2676, 36018|4026, https://www.jd.com, 
36039|1, 36039|223, 36040|256, 36040|1046, 36041|1145, 36043|1223, 36043|3586, 36044|3644, 36044|3722, 36045|3753, 36045|4032, https://www.pku.edu.cn, 
36052|1, 36052|1029, 36054|1145, 36054|3231, 36055|3282, 36055|3322, 36056|3374, 36056|4028, https://www.pku.edu.cn, 
36062|1, 36063|175, 36063|794, 36064|857, 36064|922, 36066|1036, 36066|2419, 36072|2487, 36072|2725, 36073|2771, 36073|2888, 36077|2935, 36083|2965, 36085|2992, 36085|4035, https://www.yahoo.com, 
36146|1, 36146|967, 36148|1067, 36148|2640, 36154|2690, 36154|2854, 36155|2915, 36155|3041, 36166|3109, 36166|3629, 36167|3663, 36167|4016, https://www.yahoo.com, 
36210|1, 36210|1003, 36212|1100, 36212|3016, 36213|3055, 36213|3143, 36214|3181, 36214|4003, https://www.pku.edu.cn, 
36220|1, 36220|892, 36222|1013, 36222|2893, 36223|2922, 36224|2958, 36224|4003, https://www.pku.edu.cn, 
36230|1, 36230|1099, 36232|1213, 36232|2464, 36238|2541, 36238|2825, 36241|2861, 36248|2895, 36250|2943, 36250|3483, 36251|3548, 36251|4036, https://www.yahoo.com, 
36297|1, 36297|186, 36298|217, 36298|1149, 36299|1225, 36301|1336, 36301|2091, 36302|2130, 36302|2170, 36311|2210, 36313|2239, 36314|2285, 36314|2574, 36315|2633, 36316|2690, 36316|4042, https://www.jd.com, 
36338|1, 36338|90, 36339|121, 36339|832, 36340|932, 36342|1053, 36342|3121, 36343|3164, 36344|3243, 36344|4024, https://www.pku.edu.cn, 
36350|1, 36350|181, 36351|226, 36351|1039, 36353|1176, 36353|2635, 36356|2671, 36359|2713, 36359|2996, 36360|3039, 36361|3106, 36361|3203, 36364|3231, 36372|3265, 36372|4001, https://www.yahoo.com, 
36430|1, 36430|229, 36431|292, 36431|1227, 36433|1337, 36433|2145, 36434|2214, 36440|2287, 36446|2339, 36446|2712, 36448|2746, 36448|4017, https://www.jd.com, 
36468|1, 36468|232, 36469|296, 36469|1102, 36470|1209, 36472|1268, 36472|2165, 36474|2208, 36474|2247, 36477|2317, 36477|2368, 36478|2406, 36489|2440, 36489|3050, 36491|3104, 36491|3162, 36494|3225, 36494|3297, 36495|3328, 36496|3358, 36496|3448, 36498|3486, 36498|3550, 36500|3584, 36503|3614, 36503|3699, 36506|3750, 36506|3835, 36508|3878, 36508|3919, 36509|3975, 36509|4017, https://www.mit.edu, 
36516|1, 36516|1161, 36518|1286, 36518|3383, 36520|3455, 36520|4023, https://www.pku.edu.cn, 
36528|1, 36528|1060, 36529|1125, 36529|1186, 36531|1295, 36531|2194, 36533|2237, 36533|2267, 36534|2334, 36536|2395, 36537|2442, 36548|2494, 36548|3111, 36550|3158, 36550|3195, 36553|3246, 36553|3286, 36554|3337, 36555|3372, 36555|3493, 36557|3544, 36557|3589, 36559|3638, 36562|3677, 36562|3727, 36563|3761, 36565|3813, 36565|3891, 36568|3943, 36568|4008, https://www.mit.edu, 
36575|1, 36575|284, 36576|332, 36576|1264, 36578|1406, 36578|2740, 36584|2846, 36584|3097, 36586|3176, 36587|3252, 36587|3726, 36597|3797, 36597|4026, https://www.yahoo.com, 
36653|1, 36653|302, 36654|342, 36654|1046, 36655|1155, 36657|1292, 36658|1379, 36658|2112, 36659|2174, 36662|2241, 36670|2292, 36671|2379, 36671|2703, 36673|2766, 36673|4032, https://www.jd.com, 
36693|1, 36693|1164, 36695|1250, 36695|2221, 36697|2264, 36697|2298, 36698|2344, 36700|2418, 36701|2460, 36712|2509, 36712|3286, 36714|3333, 36714|3394, 36715|3426, 36717|3472, 36718|3556, 36719|3609, 36719|3796, 36721|3835, 36721|3880, 36724|3927, 36726|3967, 36726|4023, https://www.mit.edu, 
36740|1, 36740|151, 36741|194, 36741|253, 36742|313, 36742|1007, 36743|1142, 36745|1231, 36745|3304, 36746|3393, 36746|3462, 36747|3501, 36747|4024, https://www.pku.edu.cn, 
36754|1, 36754|294, 36755|329, 36755|1147, 36756|1210, 36756|1334, 36758|1455, 36758|2361, 36761|2444, 36761|2593, 36762|2626, 36763|2659, 36763|4017, https://www.baidu.com, 
36782|1, 36782|192, 36783|226, 36783|1084, 36784|1154, 36786|1294, 36786|2126, 36787|2184, 36797|2243, 36798|2275, 36798|2306, 36799|2353, 36799|2636, 36800|2666, 36801|2721, 36801|4001, https://www.jd.com, 
36821|1, 36821|240, 36822|304, 36822|1072, 36823|1222, 36825|1320, 36825|2201, 36826|2265, 36837|2335, 36838|2383, 36838|2950, 36840|3010, 36840|4031, https://www.jd.com, 
36861|1, 36861|267, 36862|332, 36862|1329, 36864|1382, 36864|2236, 36866|2293, 36866|2333, 36867|2373, 36869|2414, 36869|2484, 36881|2538, 36881|3266, 36883|3315, 36883|3371, 36884|3401, 36886|3437, 36886|3492, 36888|3547, 36888|3699, 36889|3728, 36890|3758, 36890|3799, 36895|3854, 36895|3942, 36896|3983, 36898|4013, https://www.mit.edu, 
36908|1, 36908|188, 36909|276, 36909|1338, 36911|1458, 36911|2539, 36913|2595, 36914|2663, 36916|2741, 36916|4028, https://www.baidu.com, 
36935|1, 36935|1256, 36937|1324, 36937|2279, 36940|2336, 36940|2403, 36942|2479, 36942|4040, https://www.baidu.com, 
36961|1, 36961|1077, 36963|1210, 36963|2112, 36965|2191, 36965|2247, 36968|2316, 36968|2366, 36976|2416, 36980|2468, 36980|3235, 36982|3290, 36982|3384, 36985|3429, 36985|3487, 36987|3535, 36987|3640, 36988|3685, 36989|3725, 36989|3748, 36991|3780, 36994|3811, 36994|3876, 36995|3934, 36997|3976, 36997|4011, https://www.mit.edu, 
37007|1, 37007|223, 37008|249, 37008|1127, 37011|1267, 37011|1535, 37013|1580, 37013|2293, 37016|2340, 37016|2464, 37017|2532, 37018|2585, 37018|4038, https://www.baidu.com, 
37038|1, 37038|248, 37039|286, 37039|1146, 37041|1269, 37041|2680, 37047|2750, 37047|2927, 37048|3022, 37048|3154, 37059|3210, 37059|3836, 37060|3877, 37060|4030, https://www.yahoo.com, 
37100|1, 37100|1093, 37101|1194, 37103|1300, 37103|2780, 37109|2839, 37109|3138, 37110|3191, 37110|3258, 37111|3309, 37111|3340, 37113|3369, 37121|3401, 37122|3438, 37122|4031, https://www.yahoo.com, 
37154|1, 37154|1308, 37155|1417, 37157|1581, 37157|3056, 37163|3123, 37163|3509, 37173|3598, 37174|3645, 37175|3716, 37175|4033, https://www.yahoo.com, 
37214|1, 37214|216, 37215|279, 37215|1226, 37217|1315, 37217|2185, 37218|2255, 37219|2325, 37228|2367, 37230|2426, 37230|2922, 37232|2957, 37232|4007, https://www.jd.com, 
37252|1, 37252|1240, 37253|1307, 37253|1358, 37255|1485, 37255|2815, 37257|2874, 37257|2964, 37258|2995, 37263|3053, 37263|3273, 37264|3328, 37264|3550, 37276|3616, 37276|4055, https://www.yahoo.com, 
37315|1, 37315|239, 37316|338, 37316|1256, 37317|1367, 37318|1459, 37318|2647, 37321|2733, 37323|2796, 37323|4019, https://www.baidu.com, 
37342|1, 37342|252, 37343|323, 37343|1200, 37344|1317, 37344|1382, 37346|1488, 37346|2988, 37349|3106, 37352|3205, 37352|3442, 37353|3506, 37353|3595, 37354|3666, 37354|3726, 37365|3783, 37365|4023, https://www.yahoo.com, 
37378|1, 37378|1443, 37380|1606, 37380|2867, 37382|2925, 37383|3037, 37385|3104, 37385|4023, https://www.baidu.com, 
37402|1, 37402|266, 37403|318, 37403|1396, 37405|1559, 37405|4031, https://www.pku.edu.cn, 
37413|1, 37413|389, 37414|503, 37414|1321, 37415|1438, 37416|1579, 37416|4024, https://www.pku.edu.cn, 
37424|1, 37424|225, 37425|276, 37425|1240, 37426|1379, 37428|1602, 37428|2534, 37430|2612, 37430|2663, 37433|2745, 37433|2827, 37445|2896, 37445|3801, 37447|3878, 37448|3942, 37450|4007, https://www.mit.edu, 
37472|1, 37472|1318, 37475|1518, 37475|2579, 37477|2655, 37480|2731, 37480|2777, 37492|2827, 37492|3725, 37493|3761, 37494|3806, 37494|3837, 37497|3907, 37499|4002, https://www.mit.edu, 
37520|1, 37520|286, 37521|352, 37521|1637, 37523|1810, 37523|2840, 37527|2961, 37535|3007, 37536|3061, 37536|3413, 37538|3499, 37538|4025, https://www.jd.com, 
37551|1, 37551|286, 37552|331, 37552|1231, 37553|1346, 37555|1494, 37555|2510, 37556|2583, 37556|2630, 37560|2678, 37560|2744, 37563|2824, 37563|2885, 37566|2970, 37568|3032, 37568|3470, 37570|3539, 37570|4028, https://www.jd.com, 
37589|1, 37589|289, 37590|349, 37590|1508, 37592|1606, 37592|2601, 37593|2663, 37601|2756, 37605|2825, 37605|3109, 37606|3195, 37606|3283, 37608|3352, 37608|4012, https://www.jd.com, 
37630|1, 37630|1290, 37631|1369, 37633|1526, 37633|2650, 37635|2762, 37638|2861, 37639|2934, 37650|2994, 37650|4004, https://www.mit.edu, 
37677|1, 37677|311, 37678|380, 37678|1396, 37681|1569, 37681|2845, 37684|2969, 37687|3049, 37687|4012, https://www.baidu.com, 
37706|1, 37706|1337, 37708|1481, 37708|2794, 37709|2844, 37711|2930, 37713|3005, 37713|4032, https://www.baidu.com, 
37734|1, 37734|1507, 37735|1620, 37737|1746, 37737|3047, 37740|3134, 37740|3210, 37742|3259, 37742|4049, https://www.baidu.com, 
