12332|1, 3312|532, 3312|690, 3184|752, 3184|1602, 3396|1753, 3396|2183, 3616|2258, 3616|2668, 3676|2706, 3780|2742, 3780|3041, 4000|3130, 4000|3590, 3980|3640, 3980|3686, 3940|3721, 3940|4034, https://www.baidu.com, 
3184|1, 3184|844, 3624|957, 3624|1414, 3620|1461, 3564|1526, 3564|2458, 3992|2535, 4212|2584, 4212|2627, 4872|2706, 3772|2759, 3992|2792, 5092|2835, 7292|2888, 8832|2958, 9272|3000, 9272|3416, 9188|3455, 9436|3490, 9436|3622, 12296|3710, 13396|3795, 13176|3838, 13176|4006, https://www.pku.edu.cn, 
3184|1, 3184|817, 3276|993, 3276|1093, 3496|1201, 3496|1539, 3716|1608, 3716|1768, 3652|1822, 3720|1860, 3720|2637, 4820|2726, 4600|2794, 4612|2832, 4696|2875, 8656|2921, 8656|2979, 8216|3029, 8216|3780, 8212|3825, 8260|3891, 8260|4020, https://www.mit.edu, 
3184|1, 3184|679, 3624|813, 3624|1203, 3484|1264, 3484|1419, 3704|1505, 3704|2172, 3676|2230, 3724|2283, 3724|2377, 4824|2467, 3724|2530, 4604|2568, 4604|2682, 6584|2740, 9444|2778, 9444|2806, 8344|2856, 8124|2906, 8124|3198, 8304|3261, 8304|4001, https://www.mit.edu, 
3184|1, 3184|629, 3196|660, 3196|700, 3416|818, 3416|935, 3196|991, 3196|1334, 3416|1397, 4296|1433, 3856|1472, 3856|1605, 3728|1631, 3844|1680, 3844|1780, 3792|1804, 3792|2238, 4012|2302, 4012|2346, 4452|2383, 4452|2565, 4672|2601, 4572|2639, 4336|2719, 4556|2788, 4776|2824, 5216|2865, 5216|2897, 5436|2940, 5436|2998, 5216|3027, 5216|3195, 9396|3238, 11596|3273, 11596|3353, 12476|3405, 12696|3429, 11376|3460, 11376|3608, 11656|3644, 12084|3679, 12084|3817, 13404|3848, 13404|4013, https://www.jd.com, 
3184|1, 3184|889, 3404|1045, 3516|1116, 3452|1208, 3452|2110, 3752|2157, 3752|2389, 3972|2457, 4192|2497, 4192|2557, 3972|2621, 3752|2670, 4412|2704, 5732|2736, 7052|2770, 7492|2812, 9252|2867, 9252|3093, 9380|3125, 9392|3155, 9392|3356, 13352|3391, 13352|3443, 13132|3507, 13132|3656, 12692|3704, 12692|3760, 13132|3793, 13572|4014, https://www.pku.edu.cn, 
3184|1, 3184|803, 3404|946, 3404|1371, 3844|1452, 3624|1515, 3744|1551, 3744|2179, 4184|2218, 4184|2261, 3964|2303, 3964|2342, 4184|2380, 4404|2407, 5064|2436, 7484|2497, 9060|2554, 9280|2583, 9280|2677, 9500|2723, 9500|3033, 13680|3084, 13680|3146, 13460|3183, 13460|3292, 13020|3343, 12800|3377, 12800|3479, 12252|3531, 12932|3585, 13372|3640, 14252|4054, https://www.pku.edu.cn, 
3184|1, 3184|655, 3404|773, 3360|859, 3452|925, 3452|1219, 3672|1277, 3672|1810, 3796|1858, 3852|1910, 3852|2170, 3732|2215, 3732|2666, 3952|2727, 4172|2789, 4172|2840, 4404|2875, 4672|2912, 4892|2953, 4452|3002, 4452|3391, 7532|3427, 7752|3457, 7752|3642, 7972|3665, 7972|3838, 7968|3864, 7976|3911, 7976|3948, 7756|3989, 7536|4013, https://www.yahoo.com, 
3184|1, 3184|755, 3404|885, 3404|1029, 3624|1123, 3624|1323, 5020|1386, 3736|1424, 3736|2326, 3744|2377, 3648|2416, 3728|2464, 3728|2645, 3876|2702, 3876|2805, 4096|2865, 4096|2974, 4316|3010, 4316|3055, 5636|3104, 4316|3160, 4316|3256, 4536|3288, 7176|3330, 7176|3365, 7096|3396, 7096|3725, 7316|3772, 7096|3819, 7096|4011, https://www.yahoo.com, 
3184|1, 3184|642, 3404|721, 3568|893, 3568|1487, 3788|1518, 3788|1799, 3812|1839, 3756|1874, 3756|2073, 4196|2129, 3976|2162, 3976|2215, 3756|2252, 4196|2289, 4856|2349, 8596|2393, 9036|2419, 9036|2441, 9256|2471, 9476|2505, 9476|2811, 9240|2851, 8960|2901, 8740|2965, 12700|3014, 12700|3337, 12920|3379, 13360|3443, 13360|3672, 14240|3718, 15120|3748, 15120|3813, 14928|3869, 15148|3922, 14708|3968, 15588|4002, https://www.pku.edu.cn, 
3184|1, 3184|685, 3624|809, 3624|1179, 4504|1256, 3608|1289, 3608|1868, 4048|1920, 4048|1999, 3828|2041, 4488|2096, 6908|2132, 7348|2159, 7568|2183, 9328|2219, 9496|2269, 9312|2309, 9312|2489, 9532|2529, 9532|2654, 9312|2691, 13492|2731, 13492|2761, 13272|2792, 13272|2939, 12612|2968, 12612|3073, 13052|3122, 13052|3158, 13272|3185, 13272|3216, 13676|3267, 13832|3332, 13832|3494, 13392|3536, 14272|3608, 14272|3737, 13612|3791, 15592|3846, 17132|3890, 16252|3919, 16472|3946, 15592|3994, 15152|4042, https://www.pku.edu.cn, 
3184|1, 3184|656, 3188|709, 3188|964, 3408|1063, 3408|1313, 4288|1389, 3848|1421, 3848|1661, 3776|1694, 3800|1718, 3800|2289, 3824|2350, 3824|2578, 4044|2644, 4044|2668, 4080|2697, 4092|2737, 4312|2786, 4532|2831, 4532|3112, 6072|3160, 7172|3193, 7172|3580, 6952|3654, 6964|3677, 7052|3700, 7148|3730, 7148|4011, https://www.yahoo.com, 
3184|1, 3184|981, 3404|1039, 3468|1146, 3572|1188, 3572|1505, 4892|1563, 3792|1601, 3792|2101, 3796|2138, 3808|2174, 3808|2216, 4028|2257, 3808|2295, 4028|2327, 4028|2370, 4468|2431, 4468|2647, 4908|2716, 4908|2778, 5128|2808, 5128|2877, 5348|2934, 5568|2991, 5568|3049, 5348|3073, 5348|3123, 5396|3161, 5396|3279, 6936|3319, 12876|3365, 12876|3434, 11556|3479, 11556|3711, 11996|3764, 11996|3870, 11776|3912, 11996|3946, 12656|3983, 13316|4008, https://www.jd.com, 
3184|1, 3184|470, 3188|502, 3188|723, 3408|811, 3408|854, 3188|967, 3188|1270, 3848|1335, 3848|1429, 3696|1453, 3748|1487, 3748|1953, 4188|2010, 4188|2145, 3968|2170, 4408|2211, 7048|2252, 7488|2294, 7708|2325, 8808|2361, 9248|2402, 9248|2431, 9224|2466, 9316|2505, 9316|2835, 9536|2865, 11956|2913, 13276|2976, 13276|3155, 12836|3202, 12836|3279, 13056|3328, 13056|3363, 13276|3397, 13276|3431, 13848|3496, 13848|3712, 13408|3755, 14068|3810, 14068|4026, https://www.pku.edu.cn, 
3184|1, 3184|813, 3404|937, 3568|1039, 3568|1357, 4008|1437, 4008|1869, 3780|1948, 3816|2011, 3816|2741, 4036|2811, 4036|2912, 4436|2968, 4436|3022, 5756|3060, 4656|3127, 4656|3202, 4436|3232, 4436|3774, 5316|3802, 7296|3837, 7296|3914, 7276|3965, 7276|4029, https://www.yahoo.com, 
3184|1, 3184|926, 3404|1027, 3404|1180, 3624|1245, 3624|1354, 3488|1454, 3488|1519, 3708|1561, 3708|2237, 3928|2311, 3816|2369, 3928|2405, 4148|2437, 4368|2468, 4368|2568, 4148|2619, 4368|2657, 4368|2743, 4588|2776, 4588|2853, 4808|2928, 5028|2975, 5028|3238, 6348|3266, 10968|3296, 12508|3328, 12592|3366, 12656|3408, 11336|3456, 11336|3796, 11776|3824, 11996|4009, https://www.jd.com, 
3184|1, 3184|734, 3188|761, 3188|1233, 3408|1309, 3408|1397, 4288|1511, 3848|1570, 3848|1721, 3740|1763, 3668|1804, 3668|2282, 4548|2349, 4548|2510, 4108|2542, 5208|2598, 5208|2673, 3888|2709, 3888|2731, 3804|2756, 3816|2783, 3816|3054, 4036|3090, 4036|3263, 8436|3308, 10636|3339, 10856|3368, 10856|3733, 10716|3784, 10648|3832, 10648|4015, https://www.mit.edu, 
3184|1, 3184|824, 3404|934, 3404|1075, 3452|1162, 3452|1388, 3672|1446, 3672|2057, 3752|2106, 3812|2163, 4032|2204, 4252|2239, 4252|2360, 4692|2402, 7112|2462, 7332|2506, 8872|2539, 9092|2564, 9092|2595, 9312|2634, 9312|3050, 12172|3088, 13556|3126, 13540|3178, 13100|3229, 13100|3383, 12660|3421, 12660|3569, 13100|3634, 13320|3680, 13320|3718, 13540|3762, 13760|3802, 13760|4013, https://www.pku.edu.cn, 
3184|1, 3184|873, 3404|991, 3404|1433, 3624|1516, 3684|1568, 3668|1610, 3668|2338, 4548|2416, 4768|2466, 4768|2524, 4792|2559, 5576|2596, 5576|2621, 5356|2667, 4036|2723, 4036|3137, 8436|3186, 10636|3221, 10636|3520, 10644|3564, 10672|3612, 10640|3664, 10640|4035, https://www.mit.edu, 
3184|1, 3184|865, 3564|1054, 3564|1488, 3784|1555, 3784|1985, 3776|2051, 3804|2119, 3804|2762, 4024|2859, 4024|2998, 4320|3061, 4540|3117, 4540|3179, 4100|3272, 4100|3737, 4980|3817, 6960|3874, 6960|3956, 7004|3991, 7160|4044, https://www.yahoo.com, 
3184|1, 3184|924, 3404|1058, 3404|1386, 3608|1464, 3608|1513, 3828|1564, 3828|2251, 3608|2304, 4268|2390, 4480|2446, 4480|2686, 4700|2721, 4480|2764, 4920|2842, 5140|2898, 5360|2948, 5580|2990, 5580|3047, 5360|3073, 5360|3215, 10420|3266, 12840|3304, 12840|3388, 12232|3425, 11672|3475, 11672|3670, 11892|3709, 11892|3836, 12112|3876, 12112|3901, 13212|3936, 13212|4050, https://www.jd.com, 
3184|1, 3184|712, 3188|766, 3188|892, 3408|1002, 3408|1605, 3628|1647, 3628|1695, 3560|1719, 3716|1760, 3716|2356, 4596|2435, 4596|2482, 4816|2532, 4816|2563, 8556|2598, 9876|2630, 9876|2694, 8340|2740, 8340|3708, 8324|3738, 8352|3763, 8352|4016, https://www.mit.edu, 
3184|1, 3184|1143, 3480|1253, 3480|1362, 3700|1417, 3700|2127, 4056|2193, 4176|2231, 4176|2323, 4616|2365, 5716|2409, 7476|2460, 7476|2506, 7696|2530, 7696|2653, 7916|2697, 8136|2736, 8136|2954, 9456|3012, 9456|3075, 9236|3125, 9236|3159, 12240|3196, 13332|3239, 13332|3328, 12892|3412, 12672|3456, 13112|3486, 13112|3652, 14212|3747, 14212|4012, https://www.pku.edu.cn, 
3184|1, 3184|608, 3188|654, 3188|993, 3408|1090, 3408|1482, 3628|1560, 3628|1603, 3672|1650, 3672|2036, 3892|2104, 3892|2550, 3952|2623, 3876|2656, 3876|2688, 4096|2725, 4096|2910, 4028|2942, 4028|3628, 4036|3670, 4036|4004, https://www.baidu.com, 
3184|1, 3184|857, 3404|952, 3404|988, 3572|1093, 3572|2020, 3656|2063, 3796|2105, 3796|2370, 4236|2431, 4236|2550, 4456|2600, 4676|2657, 4676|2687, 4456|2733, 5336|2807, 5556|2862, 5776|2909, 5776|3025, 5732|3055, 5508|3085, 5508|3293, 6388|3323, 8148|3351, 12988|3390, 12988|3470, 11668|3517, 11668|3678, 11888|3722, 12108|3766, 12108|3869, 12328|3903, 13428|3934, 13428|4014, https://www.jd.com, 
3184|1, 3184|903, 3404|1023, 3404|1221, 3624|1329, 3624|1425, 3592|1477, 3612|1545, 3612|2280, 4052|2352, 4052|2438, 4624|2475, 4460|2508, 4460|2836, 4680|2902, 4680|3026, 4900|3061, 4900|3090, 5120|3120, 5340|3167, 5560|3218, 5560|3289, 5340|3326, 5340|3465, 6300|3511, 12680|3571, 12680|3658, 11580|3693, 11580|3961, 12020|3992, 12020|4017, https://www.jd.com, 
3184|1, 3184|816, 3192|911, 3196|963, 3196|1008, 3636|1076, 3416|1185, 3416|1524, 4736|1578, 3416|1634, 3416|1897, 3468|1938, 3724|1978, 3724|2401, 4824|2444, 4824|2614, 8344|2698, 8564|2724, 8564|2750, 8344|2781, 8344|2881, 8448|2919, 8252|2959, 8252|3879, 8280|3922, 8352|3970, 8368|4013, https://www.mit.edu, 
3184|1, 3184|982, 3404|1073, 3404|1265, 3456|1353, 3456|1521, 3676|1561, 3676|2287, 3804|2329, 3896|2380, 3896|2755, 4116|2813, 4116|3319, 4036|3360, 4036|4005, https://www.baidu.com, 
3184|1, 3184|720, 3192|807, 3188|886, 3408|1035, 3408|1401, 3628|1450, 3628|1758, 3892|1805, 3892|2350, 4112|2426, 4112|2491, 3892|2554, 3892|2744, 3864|2784, 3864|2824, 3928|2857, 3928|3828, 4368|3856, 4588|3881, 4588|4018, https://www.baidu.com, 
3184|1, 3184|781, 3404|908, 3404|1094, 3476|1201, 3476|1358, 4796|1430, 3476|1479, 3476|2132, 3776|2194, 3776|2326, 4656|2385, 4656|2435, 5976|2480, 4656|2517, 7076|2561, 8396|2599, 9716|2642, 10596|2684, 10596|3160, 10500|3199, 10500|4027, https://www.mit.edu, 
3184|1, 3184|843, 3404|980, 3404|1503, 3496|1561, 3892|1605, 3892|2412, 3672|2483, 3868|2555, 3896|2606, 3896|3506, 4004|3568, 4004|4017, https://www.baidu.com, 
3184|1, 3184|868, 3560|1019, 3560|1455, 3780|1520, 3780|1925, 3808|1967, 3808|2463, 3680|2560, 3680|2640, 3828|2697, 3976|2765, 3976|2846, 4196|2881, 4196|2941, 4312|3034, 4532|3086, 5632|3129, 4312|3170, 4312|3335, 5852|3399, 6952|3449, 6952|3895, 6884|3935, 7132|3994, 7132|4043, https://www.yahoo.com, 
3184|1, 3184|899, 3404|999, 3624|1090, 3624|1376, 3620|1437, 3620|2419, 3740|2497, 3740|2850, 3960|2925, 3960|2999, 4180|3038, 4400|3087, 4620|3123, 4620|3276, 4400|3330, 4400|3388, 4392|3421, 4392|4050, https://www.yahoo.com, 
3184|1, 3184|763, 3188|839, 3188|1140, 3408|1273, 3408|1426, 3628|1622, 3628|1746, 3664|1832, 3664|2653, 3884|2697, 3664|2737, 3736|2782, 3744|2880, 3744|3217, 3964|3283, 3964|3438, 4184|3473, 4404|3517, 4404|3695, 4348|3762, 4428|3824, 4428|4022, https://www.yahoo.com, 
3184|1, 3184|167, 3180|208, 3180|820, 3620|1070, 3620|1146, 3468|1247, 3468|1486, 3688|1559, 3688|2110, 3828|2164, 3792|2218, 3792|2283, 4012|2354, 3792|2402, 3792|2461, 4452|2513, 4452|2576, 4232|2638, 4232|2881, 4892|2959, 4452|2992, 4892|3059, 5112|3117, 5356|3178, 5512|3231, 5512|3321, 5292|3364, 5292|3614, 7052|3651, 12552|3700, 12992|3727, 12992|3787, 11672|3845, 11672|4014, https://www.jd.com, 
3184|1, 3184|1381, 3404|1500, 3404|1576, 3856|1654, 3856|2580, 3728|2608, 3740|2639, 3740|3072, 4180|3129, 4180|3347, 4400|3402, 4620|3433, 4620|3460, 5940|3526, 4448|3577, 4564|3636, 4564|3799, 4784|3870, 4784|4073, https://www.yahoo.com, 
3184|1, 3184|934, 3420|1091, 3420|1607, 4520|1674, 3420|1743, 3420|1872, 3604|1927, 3888|1961, 3888|2770, 4108|2845, 4108|2890, 4072|2927, 4060|2966, 4128|3013, 4128|4006, https://www.baidu.com, 
3184|1, 3184|1002, 3404|1115, 3404|1324, 3460|1404, 3460|1705, 3900|1819, 3900|2292, 3896|2350, 3820|2390, 3820|2888, 3840|2954, 3840|3211, 4060|3301, 4128|3362, 4436|3428, 4436|3517, 5756|3610, 4436|3682, 4436|3898, 4656|3944, 4656|4037, https://www.yahoo.com, 
3184|1, 3184|1040, 3404|1142, 3404|1720, 3732|1809, 3732|1960, 3952|2041, 3952|2705, 3968|2753, 3968|2834, 3748|2883, 3748|3048, 3968|3118, 3748|3182, 3748|3693, 3784|3737, 3856|3799, 3856|4043, https://www.baidu.com, 
3184|1, 3184|1083, 3572|1192, 3572|1765, 3792|1851, 3792|2082, 3736|2114, 3672|2146, 3672|2181, 3748|2227, 3748|2707, 4188|2794, 4848|2878, 3968|2935, 4188|2969, 4848|3005, 7268|3047, 7268|3078, 7628|3125, 9292|3182, 9292|3242, 9072|3305, 9292|3391, 10172|4016, https://www.pku.edu.cn, 
3184|1, 3184|1080, 3404|1204, 3624|1326, 3624|1445, 3488|1593, 3488|1699, 4808|1771, 3708|1807, 3708|2485, 3644|2558, 3760|2611, 3760|2717, 4200|2780, 3760|2855, 3760|2912, 3980|2963, 4200|3017, 6620|3080, 8600|3145, 8820|3179, 9040|3212, 9040|3393, 9260|3451, 9260|3497, 9388|3552, 9388|3620, 9532|3656, 9532|3696, 12172|3757, 13712|3816, 13712|3891, 13492|3973, 13492|4021, https://www.pku.edu.cn, 
3184|1, 3184|755, 3188|823, 3188|981, 3408|1163, 3408|1745, 3588|1793, 3672|1841, 3672|2682, 4992|2750, 4492|2813, 4492|2848, 4712|2910, 4712|2980, 9772|3038, 9772|3133, 11752|3168, 10432|3203, 10432|3752, 10452|3812, 10500|3896, 10500|4024, https://www.mit.edu, 
3184|1, 3184|1001, 3344|1150, 3568|1220, 3568|2140, 3648|2191, 3648|2242, 3724|2277, 3724|2586, 3944|2670, 3944|2747, 4604|2797, 4604|2846, 4384|2895, 4384|2999, 8344|3059, 8344|3115, 8304|3171, 8288|3222, 8288|4005, https://www.mit.edu, 
3184|1, 3184|1231, 3624|1340, 3624|1464, 3512|1523, 3456|1628, 3456|1839, 3676|1934, 3676|2477, 3632|2515, 3764|2552, 3764|2594, 3784|2639, 3784|2868, 4444|2990, 3784|3045, 3784|3095, 4224|3151, 4224|3236, 4444|3299, 4444|3413, 4732|3519, 4668|3617, 4888|3677, 5108|3719, 5548|3757, 5328|4006, https://www.jd.com, 
3184|1, 3184|812, 3188|910, 3188|995, 3628|1139, 3628|1658, 3848|1772, 3848|1894, 3788|1944, 3788|2772, 4888|2842, 3456|2904, 3852|2996, 3852|3050, 4512|3138, 4512|3180, 4292|3214, 4292|3365, 4512|3481, 4732|3563, 5172|3640, 5392|3698, 5612|3752, 5832|3802, 5832|3889, 5728|3941, 5508|3996, 5508|4046, https://www.jd.com, 
3184|1, 3184|986, 3624|1123, 3624|1226, 3572|1327, 3572|2273, 3788|2327, 3788|2785, 4008|2855, 3788|2949, 4228|3014, 4228|3146, 4448|3225, 4896|3317, 4456|3382, 5116|3461, 5116|3513, 5336|3554, 5556|3598, 5776|3633, 5776|3731, 5336|3784, 5996|4009, https://www.jd.com, 
3184|1, 3184|1069, 3404|1207, 3404|1621, 3484|1715, 3508|1802, 3508|2665, 3784|2773, 3784|2882, 4444|2959, 4444|3023, 4664|3062, 4664|3132, 8624|3172, 9724|3222, 9724|3272, 8404|3334, 8404|3652, 8200|3715, 8204|3800, 8204|4027, https://www.mit.edu, 
3184|1, 3184|893, 3196|1061, 3416|1197, 3416|1332, 3196|1402, 3196|1801, 3636|1898, 3856|1988, 3892|2048, 3892|2982, 3716|3071, 3936|3149, 3936|3829, 4000|3869, 3992|4035, https://www.baidu.com, 
3184|1, 3184|1068, 3404|1234, 3452|1349, 3452|1645, 3672|1723, 3672|1779, 3892|1856, 3892|2281, 3896|2337, 3896|2962, 3676|3036, 3896|3081, 3896|3298, 3996|3352, 3996|4035, https://www.baidu.com, 
3184|1, 3184|1144, 3404|1227, 3624|1365, 3404|1457, 3404|1587, 3480|1759, 3480|1935, 3700|2052, 3920|2140, 3920|2621, 3900|2664, 3900|3145, 4120|3228, 4120|3271, 3900|3317, 3900|3631, 3836|3685, 3836|4015, https://www.baidu.com, 
