6|1, 6|1200, 13|1350, 10|1517, 9|1568, 9|1865, 10|1950, 10|2549, 13|2615, 28|2677, 41|2754, 28|2825, 22|2859, 21|2902, 20|2934, 20|2979, 10|3019, 10|4017, https://www.baidu.com, 
7|1, 7|718, 10|853, 9|974, 8|1064, 8|1111, 9|1191, 9|2043, 10|2120, 10|2295, 9|2364, 9|2398, 10|2435, 10|2639, 9|2671, 10|2711, 10|2986, 9|3023, 9|3197, 13|3302, 12|3397, 12|3532, 10|3579, 9|3613, 9|3646, 10|3695, 11|3767, 13|3840, 14|3889, 14|3931, 15|3999, 13|4067, https://www.pku.edu.cn, 
7|1, 7|789, 9|877, 7|975, 9|1076, 10|1145, 10|1217, 9|1305, 9|2163, 10|2235, 10|2287, 11|2335, 11|2535, 10|2574, 10|3106, 11|3189, 11|3323, 10|3391, 10|3486, 11|3523, 11|3761, 10|3796, 10|4032, https://www.mit.edu, 
7|1, 7|592, 9|669, 9|710, 7|854, 9|951, 9|1024, 10|1084, 12|1192, 12|1473, 9|1510, 9|2071, 10|2140, 10|2216, 11|2266, 11|2369, 10|2431, 10|2508, 11|2537, 11|2694, 10|2721, 10|2887, 11|2944, 11|3167, 10|3210, 10|3256, 11|3360, 11|3560, 10|3617, 10|4039, https://www.mit.edu, 
8|1, 8|718, 10|804, 8|898, 10|986, 11|1070, 13|1130, 11|1172, 11|1289, 10|1322, 10|1892, 12|1947, 12|2076, 14|2121, 14|2155, 12|2198, 12|2334, 15|2374, 10|2449, 10|2518, 11|2561, 13|2599, 10|2634, 10|3924, 11|3958, 13|4000, 14|4026, https://www.jd.com, 
8|1, 8|922, 10|999, 8|1080, 10|1151, 11|1214, 11|1321, 12|1385, 11|1421, 11|1554, 10|1592, 10|2191, 11|2265, 11|2474, 10|2521, 11|2551, 11|3104, 10|3141, 10|3207, 12|3241, 16|3313, 20|3360, 20|3421, 13|3461, 13|3516, 16|3571, 15|3607, 14|3641, 15|3684, 13|3762, 15|3823, 15|3919, 14|3952, 13|4011, https://www.pku.edu.cn, 
8|1, 8|920, 10|980, 10|1096, 11|1191, 12|1273, 11|1355, 11|1483, 10|1520, 10|1966, 11|2019, 11|2222, 10|2249, 11|2278, 11|2839, 10|2867, 10|2914, 16|2983, 16|3020, 20|3058, 20|3125, 12|3173, 14|3217, 17|3268, 15|3314, 16|3358, 17|3420, 16|3475, 17|3514, 15|3547, 15|3579, 14|3626, 14|3676, 13|3717, 12|3742, 12|3766, 13|3797, 14|4033, https://www.pku.edu.cn, 
8|1, 8|674, 10|761, 10|1102, 11|1158, 11|1274, 12|1308, 12|1854, 13|1890, 13|1929, 12|1962, 12|2048, 13|2098, 13|2369, 19|2430, 19|2458, 18|2498, 26|2553, 17|2625, 17|2676, 18|2710, 18|2788, 21|2832, 22|2873, 22|2955, 23|2998, 23|3086, 21|3114, 21|3325, 20|3357, 20|3398, 19|3453, 19|4014, https://www.yahoo.com, 
8|1, 8|755, 9|831, 8|883, 10|987, 10|1124, 11|1180, 11|1355, 12|1396, 12|1819, 14|1847, 12|1872, 12|2221, 19|2263, 19|2353, 10|2386, 11|2439, 29|2496, 29|2546, 35|2605, 35|2774, 36|2813, 36|2950, 40|3012, 42|3041, 42|3203, 41|3234, 42|3265, 39|3295, 37|3336, 37|3488, 36|3530, 36|4018, https://www.yahoo.com, 
8|1, 8|800, 11|866, 10|973, 10|1042, 11|1123, 11|1185, 12|1220, 12|1256, 11|1298, 11|1432, 10|1468, 10|1861, 11|1911, 11|2132, 10|2171, 11|2238, 11|2658, 13|2698, 16|2736, 20|2801, 20|2856, 15|2890, 12|2913, 12|2955, 15|3003, 15|3047, 14|3084, 15|3139, 15|3182, 16|3219, 17|3287, 17|3354, 14|3381, 14|3449, 13|3491, 13|3756, 14|3811, 14|3954, 13|3997, 12|4035, https://www.pku.edu.cn, 
8|1, 8|767, 10|869, 10|1032, 11|1111, 11|1162, 12|1192, 12|1247, 11|1283, 11|1431, 10|1459, 10|1720, 11|1787, 11|2521, 10|2561, 12|2602, 16|2633, 16|2695, 20|2755, 20|2788, 15|2813, 12|2841, 13|2869, 16|2930, 14|2987, 15|3028, 15|3088, 16|3130, 14|3194, 14|3296, 13|3321, 13|3578, 15|3646, 16|3717, 16|3856, 12|3914, 12|4005, https://www.pku.edu.cn, 
8|1, 8|897, 9|1002, 8|1090, 10|1160, 10|1320, 11|1353, 11|1524, 12|1559, 12|1752, 13|1787, 13|1818, 12|1844, 12|1916, 13|1953, 13|2209, 15|2246, 15|2421, 22|2500, 23|2537, 23|2561, 16|2596, 21|2639, 17|2689, 17|2807, 18|2841, 19|2888, 20|2929, 23|2976, 23|3111, 22|3155, 21|3208, 19|3258, 20|3297, 20|4012, https://www.yahoo.com, 
8|1, 8|1113, 10|1218, 14|1314, 10|1379, 10|1426, 11|1455, 11|1507, 10|1537, 10|2037, 12|2081, 12|2194, 13|2244, 13|2297, 10|2348, 10|2411, 16|2462, 11|2534, 12|2594, 12|2670, 13|2703, 13|2742, 12|2807, 12|2945, 11|2988, 11|4029, https://www.jd.com, 
8|1, 8|835, 10|940, 10|1060, 11|1105, 11|1151, 12|1229, 11|1275, 11|1419, 10|1455, 10|1840, 11|1895, 11|2761, 10|2802, 16|2867, 16|2915, 18|2944, 20|2973, 20|3015, 15|3048, 12|3090, 14|3137, 16|3221, 16|3326, 17|3373, 15|3438, 15|3533, 14|3564, 15|3610, 14|3646, 14|3854, 15|3907, 16|3961, 16|4020, https://www.pku.edu.cn, 
8|1, 8|1044, 10|1156, 10|1313, 11|1384, 11|1498, 12|1536, 12|1821, 13|1901, 11|1949, 12|1982, 12|2030, 14|2067, 12|2121, 12|2210, 16|2247, 16|2311, 11|2340, 11|2428, 13|2475, 11|2538, 11|2594, 17|2635, 24|2697, 17|2754, 17|3005, 23|3082, 25|3134, 25|3266, 23|3324, 23|3376, 22|3409, 22|3497, 23|3552, 21|3609, 21|3676, 20|3702, 20|3862, 19|3921, 19|4012, https://www.yahoo.com, 
8|1, 8|1058, 9|1135, 9|1236, 11|1323, 10|1410, 11|1462, 11|1522, 10|1547, 10|2131, 12|2186, 11|2264, 12|2302, 14|2340, 15|2370, 11|2409, 11|2515, 13|2556, 15|2589, 11|2626, 11|2678, 12|2724, 12|2977, 11|3017, 11|4012, https://www.jd.com, 
8|1, 8|250, 7|306, 7|980, 9|1084, 8|1189, 9|1226, 9|1362, 11|1436, 11|1688, 9|1720, 9|1925, 10|1984, 10|2221, 11|2279, 11|2330, 12|2364, 12|2395, 11|2424, 10|2475, 10|2771, 11|2835, 11|2941, 12|2972, 12|3070, 11|3135, 11|3365, 10|3410, 10|3568, 11|3611, 11|3838, 12|3882, 12|4029, https://www.mit.edu, 
7|1, 7|913, 9|1036, 8|1155, 9|1241, 9|1364, 10|1397, 10|1632, 9|1664, 9|1981, 10|2038, 10|2237, 9|2287, 10|2337, 10|2906, 9|2933, 9|2969, 11|3003, 15|3052, 15|3100, 19|3153, 19|3210, 15|3238, 13|3267, 11|3294, 13|3344, 12|3439, 13|3503, 14|3556, 15|3599, 15|3676, 14|3739, 14|3795, 13|3853, 13|3924, 10|3949, 11|4012, https://www.pku.edu.cn, 
8|1, 8|1041, 11|1091, 10|1154, 10|1313, 11|1397, 11|1468, 12|1515, 12|1721, 10|1760, 10|2158, 11|2201, 11|2227, 12|2306, 12|2361, 13|2408, 12|2457, 11|2498, 11|2564, 12|2617, 12|3122, 11|3160, 12|3212, 12|3461, 11|3507, 11|3863, 12|3915, 12|4032, https://www.mit.edu, 
6|1, 6|1054, 7|1115, 7|1188, 6|1269, 8|1402, 8|1480, 9|1529, 9|1665, 10|1721, 10|2088, 11|2139, 11|2180, 9|2241, 9|2281, 11|2330, 11|2391, 10|2443, 10|2497, 9|2552, 10|2591, 9|2617, 9|2686, 13|2755, 15|2856, 15|2887, 16|2919, 21|2981, 21|3039, 14|3089, 14|3174, 18|3238, 18|3348, 19|3399, 19|3608, 20|3646, 20|3736, 19|3792, 19|3836, 18|3861, 18|4019, https://www.yahoo.com, 
6|1, 6|1068, 9|1189, 9|1291, 11|1382, 9|1441, 9|1482, 10|1531, 9|1571, 9|2107, 11|2165, 11|2227, 12|2305, 12|2361, 9|2418, 9|2499, 17|2571, 10|2607, 10|2679, 12|2757, 12|2816, 11|2869, 11|3028, 10|3052, 10|4021, https://www.jd.com, 
7|1, 7|992, 9|1042, 9|1100, 7|1191, 9|1230, 9|1393, 11|1497, 11|1677, 9|1716, 9|2203, 10|2244, 10|2276, 11|2341, 11|2402, 12|2449, 11|2487, 10|2521, 10|2999, 11|3037, 11|3268, 10|3317, 10|3371, 11|3406, 11|3632, 10|3662, 10|4004, https://www.mit.edu, 
7|1, 7|913, 9|988, 9|1197, 10|1248, 10|1367, 11|1420, 10|1461, 10|1587, 9|1615, 9|2863, 8|2901, 8|2970, 14|3022, 14|3062, 18|3099, 18|3133, 14|3187, 11|3231, 12|3297, 15|3360, 14|3392, 10|3424, 11|3479, 11|3545, 13|3642, 13|3690, 12|3734, 12|3760, 11|3787, 11|3911, 10|3952, 10|4003, https://www.pku.edu.cn, 
6|1, 6|1136, 7|1225, 10|1364, 8|1470, 8|1519, 9|1564, 8|1598, 8|2000, 15|2068, 15|2359, 24|2452, 61|2525, 32|2576, 32|2606, 37|2644, 36|2684, 21|2718, 21|2798, 15|2832, 15|4024, https://www.baidu.com, 
6|1, 6|1014, 7|1074, 6|1147, 9|1279, 9|1317, 10|1365, 8|1408, 8|1469, 9|1512, 8|1546, 8|2190, 10|2222, 10|2337, 8|2417, 8|2468, 10|2515, 14|2579, 9|2616, 9|2648, 11|2717, 11|2783, 10|2831, 10|2954, 9|2982, 9|4026, https://www.jd.com, 
6|1, 6|935, 9|1109, 6|1231, 9|1325, 10|1401, 8|1455, 9|1509, 9|1560, 8|1606, 8|2192, 10|2257, 10|2359, 11|2399, 10|2433, 10|2475, 8|2527, 8|2756, 15|2815, 9|2884, 10|2934, 10|3045, 11|3080, 11|3304, 9|3328, 9|4009, https://www.jd.com, 
6|1, 6|1059, 8|1137, 8|1218, 7|1298, 8|1344, 8|1456, 9|1524, 10|1569, 10|1788, 8|1834, 8|2203, 9|2262, 9|2294, 10|2339, 10|2403, 11|2451, 10|2503, 9|2584, 9|2952, 10|3002, 10|3234, 9|3278, 9|3329, 10|3362, 10|3605, 9|3631, 9|4010, https://www.mit.edu, 
6|1, 6|1153, 10|1215, 6|1362, 9|1419, 9|1467, 8|1504, 8|1538, 9|1588, 9|1637, 8|1676, 26|1724, 26|1756, 9|1784, 9|2501, 11|2563, 18|2646, 24|2703, 25|2755, 25|2789, 12|2813, 12|2889, 9|2927, 9|4009, https://www.baidu.com, 
6|1, 6|995, 10|1100, 8|1218, 10|1281, 8|1339, 8|1417, 9|1454, 8|1494, 8|1637, 9|1692, 9|2230, 16|2296, 17|2371, 36|2446, 19|2475, 19|2589, 9|2632, 9|4027, https://www.baidu.com, 
5|1, 5|974, 7|1027, 5|1079, 7|1207, 7|1275, 9|1345, 10|1406, 10|1658, 7|1690, 7|2094, 8|2185, 8|2248, 9|2308, 9|2350, 10|2402, 9|2451, 8|2482, 8|2936, 9|2989, 9|3226, 8|3278, 9|3331, 9|3530, 8|3584, 8|4004, https://www.mit.edu, 
5|1, 5|947, 7|1011, 11|1107, 9|1230, 7|1283, 7|1461, 19|1502, 8|1543, 8|2251, 17|2307, 18|2371, 41|2446, 41|2498, 22|2553, 10|2579, 10|2696, 8|2741, 8|4004, https://www.baidu.com, 
5|1, 5|998, 6|1057, 5|1170, 7|1251, 7|1436, 8|1496, 8|1623, 9|1666, 9|1981, 10|2027, 10|2055, 9|2104, 9|2178, 12|2226, 12|2380, 14|2465, 14|2599, 16|2680, 22|2737, 22|2800, 13|2855, 13|2926, 14|3007, 14|3054, 15|3092, 18|3137, 19|3189, 19|3262, 20|3310, 19|3362, 18|3414, 18|3670, 16|3726, 15|3760, 15|3814, 14|3859, 14|4018, https://www.yahoo.com, 
5|1, 5|1227, 7|1303, 7|1412, 8|1488, 8|1653, 9|1705, 9|1966, 10|2013, 10|2082, 8|2153, 9|2188, 13|2213, 13|2274, 9|2304, 9|2474, 8|2520, 8|2588, 9|2616, 9|2684, 8|2726, 8|2767, 17|2838, 17|2899, 14|2929, 13|2964, 13|3009, 18|3051, 14|3090, 14|3131, 15|3191, 19|3260, 20|3293, 20|3551, 19|3600, 19|3669, 20|3705, 20|3769, 18|3810, 17|3848, 16|3890, 16|3927, 17|3981, 15|4030, https://www.yahoo.com, 
5|1, 5|1439, 7|1577, 7|1691, 8|1776, 8|1856, 9|1893, 9|2653, 10|2729, 15|2804, 15|2931, 16|2978, 16|3022, 22|3086, 22|3269, 13|3314, 13|3345, 15|3391, 16|3425, 17|3495, 17|3562, 19|3628, 18|3695, 19|3745, 19|4007, https://www.yahoo.com, 
5|1, 5|908, 7|1051, 5|1124, 7|1221, 9|1311, 7|1383, 7|1468, 8|1511, 7|1539, 7|2187, 9|2248, 8|2309, 9|2350, 9|2412, 10|2479, 7|2543, 7|2742, 14|2789, 8|2865, 8|2901, 9|2947, 9|3022, 10|3077, 9|3137, 9|3309, 8|3354, 8|4023, https://www.jd.com, 
5|1, 5|1156, 6|1224, 7|1278, 5|1371, 7|1465, 7|1599, 8|1654, 8|1762, 9|1793, 9|2186, 8|2228, 8|2364, 9|2414, 10|2454, 9|2484, 9|2574, 11|2648, 11|2782, 13|2850, 13|2962, 28|3023, 28|3078, 13|3130, 13|3239, 14|3299, 14|3364, 15|3421, 17|3469, 18|3525, 18|3623, 17|3670, 17|3758, 15|3808, 15|3888, 16|3955, 14|4028, https://www.yahoo.com, 
5|1, 5|1000, 7|1115, 9|1201, 6|1313, 8|1402, 7|1445, 7|1510, 8|1582, 7|1636, 7|1726, 22|1774, 8|1813, 8|2601, 22|2682, 28|2740, 18|2777, 11|2813, 11|2861, 9|2914, 8|2962, 8|4028, https://www.baidu.com, 
5|1, 5|989, 6|1228, 7|1293, 5|1389, 7|1469, 7|1588, 8|1701, 8|1779, 9|1842, 9|2254, 8|2300, 8|2494, 9|2561, 9|2613, 10|2671, 9|2710, 12|2749, 9|2795, 16|2865, 8|2917, 9|2977, 18|3108, 15|3197, 16|3262, 14|3338, 14|3419, 15|3499, 18|3579, 19|3653, 19|3704, 18|3762, 18|4013, https://www.yahoo.com, 
5|1, 5|1274, 10|1331, 5|1472, 8|1606, 8|1704, 9|1789, 7|1821, 7|1880, 25|1943, 8|2009, 8|2847, 15|2934, 24|3030, 19|3096, 18|3138, 17|3169, 17|3233, 9|3275, 8|3331, 8|4002, https://www.baidu.com, 
5|1, 5|1299, 7|1382, 7|1533, 8|1630, 8|1797, 7|1845, 7|2590, 8|2672, 8|2822, 7|2866, 8|2898, 8|3070, 7|3125, 8|3184, 8|3473, 7|3524, 7|3733, 11|3783, 18|3859, 8|3907, 8|4001, https://www.pku.edu.cn, 
5|1, 5|373, 6|464, 6|1192, 10|1284, 9|1435, 9|1718, 8|1755, 8|2531, 9|2584, 9|2715, 8|2781, 8|2883, 9|2942, 9|3122, 8|3155, 9|3204, 9|3465, 8|3497, 8|3688, 11|3752, 18|3833, 10|3896, 10|4030, https://www.pku.edu.cn, 
6|1, 6|1223, 8|1437, 9|1577, 9|1637, 10|1682, 10|1825, 8|1872, 8|2501, 9|2567, 9|2618, 10|2704, 10|2743, 11|2790, 9|2858, 9|3434, 10|3499, 10|3695, 9|3760, 10|3840, 10|4021, https://www.mit.edu, 
6|1, 6|1160, 8|1208, 11|1284, 8|1493, 9|1587, 9|1803, 8|1835, 8|2435, 9|2542, 10|2624, 10|2821, 9|2875, 9|3379, 10|3456, 10|3634, 9|3671, 9|3796, 10|3870, 10|4019, https://www.mit.edu, 
6|1, 6|1393, 8|1489, 8|1813, 9|1880, 9|1930, 8|1976, 8|2741, 10|2846, 8|2936, 10|2982, 11|3039, 10|3083, 11|3123, 8|3178, 8|3236, 13|3290, 9|3407, 10|3475, 12|3567, 10|3613, 10|3731, 9|3784, 9|4026, https://www.jd.com, 
6|1, 6|1150, 7|1244, 6|1367, 9|1484, 9|1749, 8|1798, 8|2602, 10|2650, 10|2684, 11|2720, 11|3033, 9|3087, 9|3124, 8|3158, 8|3268, 15|3339, 9|3453, 11|3541, 10|3600, 11|3651, 10|3706, 9|3745, 9|4012, https://www.jd.com, 
6|1, 6|1207, 7|1286, 8|1368, 8|1506, 10|1591, 8|1668, 9|1750, 8|1849, 8|2573, 10|2658, 10|2734, 11|2822, 11|2906, 8|2949, 8|3044, 16|3103, 9|3203, 9|3265, 10|3337, 10|3407, 11|3447, 11|3676, 9|3724, 9|4058, https://www.jd.com, 
8|1, 8|1156, 10|1241, 15|1370, 10|1477, 11|1561, 12|1652, 12|1777, 10|1821, 10|2611, 11|2716, 12|2813, 12|2877, 11|2927, 11|3558, 12|3652, 12|3891, 11|3947, 11|4016, https://www.mit.edu, 
8|1, 8|1434, 11|1563, 11|1699, 12|1782, 24|1889, 24|2825, 43|2964, 36|3042, 27|3104, 26|3154, 26|3211, 24|3248, 24|4004, https://www.baidu.com, 
8|1, 8|1071, 13|1189, 8|1348, 11|1437, 10|1506, 11|1588, 11|1641, 10|1701, 11|1784, 11|2749, 12|2818, 20|2894, 32|2954, 34|3006, 14|3042, 14|3105, 12|3161, 11|3218, 11|4016, https://www.baidu.com, 
8|1, 8|1337, 13|1400, 13|1456, 8|1604, 10|1700, 10|1897, 11|2004, 11|2921, 13|3011, 27|3101, 28|3154, 46|3203, 33|3239, 33|3310, 18|3360, 11|3412, 11|4007, https://www.baidu.com, 
