117639|1, 117639|1466, 117646|1634, 117648|1701, 117648|1997, 117692|2085, 117692|2735, 117707|2800, 117800|2880, 117813|2960, 117813|4020, https://www.baidu.com, 
117851|1, 117851|795, 117852|960, 117852|4012, https://www.pku.edu.cn, 
117853|1, 117853|934, 117856|1047, 117859|1159, 117861|1219, 117861|2483, 117862|2577, 117862|4060, https://www.mit.edu, 
117876|1, 117876|1161, 117879|1262, 117879|2627, 117880|2688, 117880|4004, https://www.mit.edu, 
117893|1, 117893|1113, 117900|1182, 117900|2130, 117901|2174, 117902|2209, 117902|2388, 117915|2428, 117915|2615, 117916|2653, 117916|4009, https://www.jd.com, 
117945|1, 117945|1269, 117946|1353, 117946|3573, 117952|3627, 117952|3814, 117953|3876, 117953|3928, 117955|3981, 117955|4013, https://www.pku.edu.cn, 
117955|1, 117955|1124, 117956|1218, 117956|3261, 117961|3300, 117961|3397, 117962|3450, 117962|3514, 117965|3559, 117965|4006, https://www.pku.edu.cn, 
117965|1, 117965|1318, 117966|1354, 117966|1565, 117968|1613, 117968|1723, 117970|1781, 117970|1933, 117973|1973, 117974|2010, 117975|2035, 117975|2137, 117988|2199, 117988|2348, 117998|2408, 118003|2471, 118003|2530, 118024|2591, 118042|2660, 118042|2832, 118043|2874, 118047|2919, 118049|2949, 118049|2998, 118050|3035, 118050|3077, 118053|3108, 118057|3132, 118059|3160, 118061|3202, 118061|3312, 118065|3344, 118065|3437, 118067|3492, 118067|4020, https://www.yahoo.com, 
118185|1, 118185|1703, 118188|1731, 118188|1904, 118191|1932, 118191|2095, 118193|2127, 118197|2157, 118197|2301, 118199|2339, 118221|2385, 118221|2514, 118263|2578, 118263|2672, 118266|2732, 118275|2792, 118275|3025, 118282|3096, 118285|3126, 118285|3253, 118288|3288, 118288|3318, 118295|3350, 118299|3378, 118299|3565, 118301|3612, 118301|4046, https://www.yahoo.com, 
118398|1, 118398|1082, 118399|1147, 118399|3037, 118402|3086, 118402|3255, 118403|3320, 118404|3366, 118406|3394, 118406|4024, https://www.pku.edu.cn, 
118406|1, 118406|1060, 118407|1132, 118407|3017, 118409|3060, 118409|3155, 118411|3223, 118411|4017, https://www.pku.edu.cn, 
118411|1, 118411|1559, 118412|1598, 118412|1826, 118414|1857, 118414|1985, 118415|2028, 118418|2071, 118418|2177, 118420|2239, 118434|2286, 118434|2377, 118441|2451, 118467|2527, 118467|2633, 118491|2673, 118494|2727, 118494|2879, 118496|2926, 118497|2965, 118500|3011, 118500|3149, 118505|3186, 118508|3240, 118512|3291, 118512|3335, 118513|3371, 118513|3610, 118518|3634, 118518|4021, https://www.yahoo.com, 
118652|1, 118652|1226, 118653|1316, 118665|1405, 118665|2225, 118666|2269, 118669|2321, 118669|2444, 118693|2486, 118693|2732, 118695|2765, 118695|4019, https://www.jd.com, 
118736|1, 118736|1075, 118737|1124, 118737|3154, 118741|3233, 118741|3281, 118742|3321, 118742|3390, 118745|3454, 118745|4015, https://www.pku.edu.cn, 
118745|1, 118745|1832, 118749|1919, 118749|2060, 118752|2094, 118755|2145, 118755|2276, 118764|2309, 118766|2340, 118766|2458, 118776|2498, 118782|2562, 118782|2660, 118800|2711, 118821|2779, 118821|2874, 118836|2932, 118836|3028, 118843|3099, 118846|3163, 118846|3253, 118849|3292, 118855|3350, 118855|3397, 118859|3436, 118859|3520, 118861|3573, 118861|3878, 118866|3942, 118866|4012, https://www.yahoo.com, 
118979|1, 118979|1148, 118980|1237, 118982|1330, 118990|1435, 118990|2329, 118992|2365, 118992|2396, 118994|2428, 118994|2582, 119012|2616, 119012|2735, 119013|2833, 119013|4008, https://www.jd.com, 
119056|1, 119056|1358, 119058|1463, 119058|2356, 119059|2391, 119059|4001, https://www.mit.edu, 
119069|1, 119069|3366, 119073|3443, 119073|3530, 119075|3586, 119075|3706, 119078|3759, 119078|4007, https://www.pku.edu.cn, 
119078|1, 119078|1402, 119079|1486, 119079|2388, 119080|2436, 119080|4001, https://www.mit.edu, 
119092|1, 119092|1725, 119093|1788, 119093|1959, 119094|2039, 119094|2098, 119097|2149, 119099|2191, 119099|2336, 119109|2395, 119109|2503, 119118|2554, 119124|2603, 119124|2694, 119134|2744, 119153|2842, 119153|2926, 119183|2988, 119183|3171, 119186|3248, 119186|3359, 119187|3406, 119187|3459, 119195|3516, 119195|3651, 119198|3733, 119198|3927, 119200|3972, 119200|4023, https://www.yahoo.com, 
119314|1, 119314|1148, 119316|1291, 119326|1378, 119326|2169, 119327|2236, 119327|2300, 119330|2373, 119330|2508, 119335|2571, 119354|2621, 119354|4028, https://www.jd.com, 
119397|1, 119397|1390, 119399|1501, 119399|2415, 119400|2456, 119400|4018, https://www.mit.edu, 
119418|1, 119418|1270, 119419|1347, 119419|3303, 119426|3386, 119426|3558, 119427|3647, 119428|3719, 119430|3761, 119430|4028, https://www.pku.edu.cn, 
119430|1, 119430|1141, 119437|1210, 119437|1351, 119442|1466, 119442|2003, 119474|2076, 119474|2363, 119483|2443, 119572|2529, 119619|2588, 119619|2620, 119625|2655, 119639|2696, 119639|4013, https://www.baidu.com, 
119675|1, 119675|1081, 119676|1155, 119676|1291, 119677|1333, 119686|1378, 119686|2121, 119687|2183, 119687|2351, 119690|2424, 119690|2524, 119713|2580, 119713|2716, 119714|2793, 119714|4004, https://www.jd.com, 
119753|1, 119753|1086, 119754|1233, 119755|1326, 119764|1421, 119764|2261, 119765|2333, 119765|2455, 119768|2493, 119768|2772, 119785|2828, 119794|2886, 119794|3102, 119795|3156, 119795|4030, https://www.jd.com, 
119840|1, 119840|1487, 119842|1550, 119842|2435, 119843|2478, 119843|4014, https://www.mit.edu, 
119854|1, 119854|1238, 119857|1322, 119858|1442, 119860|1487, 119860|1698, 119879|1747, 119903|1785, 119903|2580, 119909|2656, 119942|2727, 120020|2781, 120040|2819, 120040|4012, https://www.baidu.com, 
120075|1, 120075|1141, 120081|1253, 120088|1320, 120088|1673, 120133|1732, 120133|2273, 120138|2331, 120196|2403, 120232|2490, 120257|2523, 120257|4038, https://www.baidu.com, 
120294|1, 120294|1278, 120297|1341, 120297|2361, 120298|2414, 120298|4012, https://www.mit.edu, 
120313|1, 120313|1028, 120318|1126, 120325|1259, 120325|1526, 120370|1574, 120370|2284, 120376|2334, 120382|2389, 120450|2456, 120484|2527, 120502|2577, 120502|4030, https://www.baidu.com, 
120540|1, 120540|1644, 120541|1676, 120541|1999, 120543|2035, 120544|2075, 120544|2191, 120552|2235, 120554|2296, 120554|2400, 120572|2472, 120573|2546, 120573|2616, 120609|2679, 120610|2746, 120610|2819, 120616|2862, 120616|3068, 120618|3103, 120618|3149, 120623|3205, 120623|3275, 120626|3319, 120626|3377, 120632|3431, 120633|3464, 120633|3582, 120635|3629, 120639|3682, 120639|4027, https://www.yahoo.com, 
120746|1, 120746|2012, 120750|2091, 120750|2226, 120756|2256, 120761|2286, 120761|2400, 120766|2479, 120766|2625, 120770|2658, 120777|2689, 120777|2778, 120792|2843, 120807|2905, 120807|3016, 120814|3062, 120814|3187, 120820|3259, 120824|3304, 120824|3396, 120827|3437, 120830|3496, 120838|3551, 120838|3679, 120839|3713, 120839|3936, 120843|3983, 120843|4032, https://www.yahoo.com, 
120961|1, 120961|1914, 120962|1972, 120962|2146, 120965|2176, 120965|2285, 120966|2331, 120968|2400, 120968|2489, 120971|2527, 120971|2558, 120974|2597, 120974|2677, 120981|2750, 120993|2828, 120993|2962, 120999|3004, 121014|3046, 121014|3161, 121025|3240, 121025|3376, 121034|3412, 121034|3453, 121038|3499, 121038|3588, 121040|3649, 121043|3714, 121049|3772, 121049|3904, 121052|3970, 121052|4025, https://www.yahoo.com, 
121158|1, 121158|863, 121159|1056, 121159|1222, 121160|1314, 121168|1390, 121168|2250, 121169|2321, 121169|2420, 121170|2472, 121171|2543, 121171|2759, 121180|2789, 121198|2839, 121198|3085, 121200|3150, 121200|4005, https://www.jd.com, 
121240|1, 121240|1809, 121241|1846, 121241|2008, 121243|2066, 121243|2205, 121246|2240, 121246|2379, 121248|2425, 121250|2475, 121250|2594, 121258|2654, 121261|2711, 121261|2798, 121266|2862, 121277|2906, 121277|2979, 121305|3037, 121307|3093, 121307|3414, 121312|3483, 121314|3537, 121314|3640, 121319|3684, 121331|3761, 121331|3909, 121332|3963, 121337|4038, https://www.yahoo.com, 
121474|1, 121474|1121, 121480|1228, 121482|1335, 121487|1428, 121487|1754, 121533|1801, 121533|2621, 121539|2704, 121622|2765, 121634|2805, 121634|4018, https://www.baidu.com, 
121697|1, 121697|1794, 121698|1855, 121698|2048, 121700|2105, 121700|2217, 121704|2274, 121704|2321, 121706|2366, 121706|2436, 121707|2496, 121712|2573, 121712|2627, 121716|2683, 121716|2732, 121725|2769, 121725|2861, 121740|2932, 121742|2988, 121767|3111, 121773|3209, 121781|3272, 121784|3338, 121784|3435, 121786|3501, 121791|3591, 121791|3723, 121797|3777, 121800|3831, 121804|3874, 121804|4022, https://www.yahoo.com, 
121912|1, 121912|1291, 121917|1339, 121922|1444, 121927|1604, 121927|1899, 121934|1935, 121973|2021, 121973|2861, 121976|2928, 122062|3034, 122093|3104, 122110|3155, 122110|4018, https://www.baidu.com, 
122132|1, 122132|1301, 122136|1390, 122136|1554, 122137|1659, 122137|4024, https://www.pku.edu.cn, 
122148|1, 122148|1210, 122150|1309, 122150|1440, 122151|1577, 122151|4011, https://www.pku.edu.cn, 
122156|1, 122156|1232, 122159|1396, 122161|1596, 122161|2784, 122162|2819, 122162|4008, https://www.mit.edu, 
122179|1, 122179|1294, 122183|1504, 122184|1599, 122184|2753, 122185|2803, 122185|4039, https://www.mit.edu, 
122194|1, 122194|1415, 122195|1489, 122195|1625, 122207|1813, 122207|2837, 122208|2955, 122208|3055, 122210|3103, 122211|3143, 122211|3297, 122229|3406, 122229|3586, 122231|3630, 122231|4014, https://www.jd.com, 
122268|1, 122268|1343, 122270|1492, 122270|1561, 122283|1666, 122283|2818, 122285|2877, 122285|2962, 122287|3027, 122288|3104, 122288|3285, 122315|3348, 122315|4021, https://www.jd.com, 
122350|1, 122350|1300, 122351|1365, 122351|1503, 122352|1606, 122360|1689, 122360|2823, 122362|2915, 122364|2971, 122364|3068, 122382|3109, 122386|3196, 122386|3468, 122388|3516, 122388|4006, https://www.jd.com, 
122420|1, 122420|1262, 122423|1357, 122426|1507, 122427|1590, 122427|4053, https://www.mit.edu, 
122439|1, 122439|1306, 122448|1424, 122452|1564, 122453|1631, 122453|1889, 122490|1961, 122490|2837, 122517|2967, 122577|3050, 122608|3115, 122608|4012, https://www.baidu.com, 
122643|1, 122643|1212, 122653|1330, 122654|1470, 122656|1535, 122656|1733, 122703|1820, 122703|2836, 122709|2927, 122782|2993, 122830|3046, 122830|4022, https://www.baidu.com, 
122867|1, 122867|1354, 122874|1417, 122878|1481, 122878|1600, 122883|1719, 122883|1902, 122925|2023, 122925|3024, 122955|3110, 123014|3183, 123055|3232, 123055|4033, https://www.baidu.com, 
