11080|1, 11080|600, 11112|656, 11024|722, 11024|1569, 11368|1738, 11368|2635, 11480|2674, 11488|2709, 11488|3557, 11496|3612, 11496|3652, 11504|3689, 11504|4002, https://www.baidu.com, 
10896|1, 11032|503, 11032|1395, 11360|1442, 11408|1507, 11408|2439, 11496|2516, 11496|3396, 11504|3437, 11496|3472, 11496|4019, https://www.pku.edu.cn, 
10896|1, 10896|489, 11096|548, 11096|798, 11240|975, 11240|1749, 11288|1803, 11440|1840, 11440|2813, 11496|2856, 11496|3806, 11488|3877, 11488|4001, https://www.mit.edu, 
10896|1, 11080|404, 11080|1188, 11432|1253, 11432|2156, 11424|2216, 11448|2269, 11448|3183, 11512|3246, 11512|4015, https://www.mit.edu, 
10896|1, 10896|615, 11136|647, 11136|1591, 11224|1618, 11248|1667, 11248|1766, 11424|1791, 11424|2588, 11464|2633, 11520|2707, 11520|3595, 11528|3631, 11528|4026, https://www.jd.com, 
10896|1, 10968|284, 10968|1035, 11072|1105, 11384|1199, 11384|2100, 11432|2148, 11432|3084, 11504|3114, 11512|3145, 11512|4004, https://www.pku.edu.cn, 
10896|1, 10896|501, 10976|544, 11032|616, 11032|1505, 11440|1541, 11440|2487, 11504|2544, 11504|3469, 11512|3521, 11504|3575, 11504|4044, https://www.pku.edu.cn, 
10920|1, 10920|648, 11120|764, 11312|851, 11360|916, 11360|1800, 11392|1849, 11480|1901, 11480|2161, 11488|2205, 11488|2830, 11504|2866, 11512|2903, 11512|3855, 11504|3902, 11504|4005, https://www.yahoo.com, 
10888|1, 10888|328, 10928|381, 11008|426, 11008|1317, 11360|1385, 11416|1417, 11416|2410, 11496|2458, 11496|3358, 11488|3390, 11488|4008, https://www.yahoo.com, 
10928|1, 10928|712, 11360|885, 11360|1790, 11424|1829, 11440|1865, 11440|2802, 11504|2846, 11504|3804, 11520|3860, 11520|4023, https://www.pku.edu.cn, 
10904|1, 10904|244, 10984|279, 10984|1249, 11432|1283, 11432|2213, 11448|2263, 11504|2303, 11504|3261, 11496|3326, 11496|4036, https://www.pku.edu.cn, 
10912|1, 10912|651, 11040|704, 11152|738, 11152|1655, 11416|1688, 11432|1712, 11432|2662, 11512|2692, 11520|2732, 11520|3648, 11528|3672, 11528|4006, https://www.yahoo.com, 
10904|1, 11024|194, 11024|1015, 11240|1116, 11352|1159, 11352|2070, 11440|2107, 11488|2146, 11488|3093, 11528|3134, 11528|4022, https://www.jd.com, 
10904|1, 10904|426, 11056|465, 11136|497, 11136|1423, 11256|1448, 11424|1482, 11424|2425, 11496|2461, 11496|4021, https://www.pku.edu.cn, 
10896|1, 10928|146, 10928|934, 11344|1046, 11344|1866, 11488|1948, 11496|2008, 11496|2909, 11520|2965, 11520|3911, 11512|3964, 11512|4025, https://www.yahoo.com, 
10896|1, 10896|356, 10912|395, 11048|430, 11048|1349, 11416|1453, 11416|2306, 11488|2363, 11496|2399, 11496|3361, 11520|3403, 11520|4004, https://www.jd.com, 
10912|1, 10912|730, 11080|757, 11144|795, 11144|1716, 11288|1760, 11432|1800, 11432|2727, 11512|2752, 11520|2778, 11520|4011, https://www.mit.edu, 
10896|1, 10976|154, 10976|1070, 11368|1158, 11368|2052, 11416|2104, 11504|2159, 11504|4009, https://www.pku.edu.cn, 
10912|1, 10912|555, 11040|594, 11040|1513, 11312|1565, 11440|1606, 11440|2556, 11512|2593, 11512|3565, 11504|3609, 11504|4032, https://www.mit.edu, 
10904|1, 10944|91, 10944|860, 11344|1051, 11344|1980, 11376|2047, 11440|2114, 11440|2951, 11504|2993, 11536|3056, 11528|4039, https://www.yahoo.com, 
10904|1, 10904|384, 10960|432, 11048|472, 11048|1380, 11416|1459, 11416|2385, 11520|2441, 11520|3383, 11536|3420, 11520|3471, 11520|4046, https://www.jd.com, 
10920|1, 10920|710, 11152|764, 11152|1693, 11216|1717, 11432|1757, 11432|2692, 11512|2738, 11512|3736, 11504|3761, 11504|4014, https://www.mit.edu, 
10904|1, 10904|166, 11040|211, 11040|1136, 11432|1246, 11432|2124, 11440|2185, 11512|2223, 11512|4004, https://www.pku.edu.cn, 
10968|1, 10968|600, 11136|647, 11136|1600, 11488|1643, 11488|2616, 11576|2649, 11576|3620, 11568|3663, 11568|4033, https://www.baidu.com, 
10960|1, 10976|118, 10976|983, 11424|1089, 11424|2015, 11552|2059, 11552|3020, 11592|3051, 11592|4010, https://www.jd.com, 
10960|1, 10960|446, 11024|485, 11152|537, 11152|1422, 11224|1476, 11472|1542, 11472|2435, 11480|2472, 11576|2504, 11576|4014, https://www.jd.com, 
10976|1, 10976|806, 11016|900, 11208|953, 11208|1886, 11376|1928, 11480|1968, 11480|2870, 11488|2910, 11560|2949, 11560|4003, https://www.mit.edu, 
10952|1, 10952|287, 11080|353, 11080|1070, 11280|1145, 11280|1262, 11424|1350, 11424|2283, 11504|2326, 11544|2379, 11544|3316, 11552|3357, 11552|4002, https://www.baidu.com, 
10952|1, 10952|735, 11176|805, 11200|884, 11200|1756, 11480|1802, 11480|2742, 11528|2782, 11512|2822, 11536|2855, 11536|3750, 11528|3796, 11528|4016, https://www.baidu.com, 
10912|1, 10912|189, 11016|228, 11016|1089, 11352|1197, 11392|1283, 11392|2127, 11512|2194, 11512|4025, https://www.mit.edu, 
10912|1, 10912|518, 11016|549, 11040|583, 11040|1500, 11328|1559, 11432|1602, 11432|2480, 11496|2552, 11512|2603, 11512|3565, 11504|3610, 11504|4014, https://www.baidu.com, 
10944|1, 10944|860, 11304|1012, 11304|1918, 11456|1965, 11456|2935, 11536|3027, 11536|3932, 11528|3988, 11528|4036, https://www.yahoo.com, 
10904|1, 10904|364, 11008|402, 11072|440, 11072|1373, 11424|1436, 11424|2416, 11512|2494, 11512|3385, 11520|3418, 11520|4047, https://www.yahoo.com, 
10920|1, 10920|696, 10936|753, 11048|834, 11048|1740, 11432|1824, 11432|2727, 11448|2772, 11512|2870, 11512|3752, 11520|3814, 11520|4013, https://www.yahoo.com, 
10904|1, 10904|157, 11000|199, 11000|1145, 11376|1238, 11376|2101, 11384|2155, 11496|2209, 11496|3108, 11528|3169, 11528|4005, https://www.jd.com, 
10904|1, 10904|586, 11056|616, 11056|1021, 11256|1155, 11256|1575, 11432|1650, 11432|2575, 11520|2604, 11520|3522, 11528|3573, 11528|4069, https://www.yahoo.com, 
10896|1, 10896|928, 11232|1090, 11232|1866, 11288|1921, 11432|1955, 11432|2884, 11496|2921, 11496|2961, 11512|3007, 11512|3949, 11504|4000, 11504|4031, https://www.baidu.com, 
10888|1, 10888|334, 11040|433, 11040|1154, 11240|1320, 11360|1401, 11360|2288, 11384|2347, 11416|2386, 11416|3297, 11504|3360, 11504|4034, https://www.yahoo.com, 
10904|1, 10904|676, 10960|726, 11024|845, 11024|1713, 11400|1810, 11400|2697, 11480|2746, 11480|3730, 11472|3793, 11472|4036, https://www.baidu.com, 
10888|1, 10944|130, 10944|978, 11144|1080, 11240|1189, 11240|2079, 11392|2111, 11392|2178, 11416|2224, 11416|3074, 11496|3122, 11496|4013, https://www.pku.edu.cn, 
10896|1, 10896|506, 11088|629, 11088|1443, 11408|1595, 11408|2483, 11472|2556, 11488|2610, 11488|3495, 11496|3550, 11496|3618, 11504|3654, 11504|4020, https://www.pku.edu.cn, 
10920|1, 10920|748, 11144|816, 11144|1738, 11368|1786, 11440|1834, 11440|2745, 11520|2806, 11520|3745, 11512|3805, 11512|4017, https://www.mit.edu, 
10904|1, 10904|128, 11008|169, 11016|204, 11016|998, 11096|1147, 11344|1218, 11344|2137, 11384|2188, 11384|2239, 11440|2274, 11440|3112, 11472|3169, 11512|3219, 11512|4010, https://www.mit.edu, 
10904|1, 10904|457, 10856|515, 11040|565, 11040|1451, 11272|1510, 11384|1615, 11384|2464, 11392|2502, 11400|2539, 11400|2580, 11448|2626, 11448|3400, 11512|3515, 11544|3604, 11544|4047, https://www.jd.com, 
10936|1, 10936|807, 11072|905, 11160|990, 11160|1652, 11360|1767, 11360|1889, 11432|1939, 11432|2837, 11520|2902, 11520|3884, 11536|3937, 11536|4042, https://www.jd.com, 
10912|1, 10912|274, 10976|322, 10976|1222, 11360|1326, 11360|2269, 11440|2327, 11440|3222, 11536|3318, 11536|4005, https://www.jd.com, 
10912|1, 10912|683, 10968|717, 10968|1066, 11168|1204, 11168|1621, 11424|1715, 11440|1799, 11440|2662, 11520|2773, 11520|3649, 11528|3715, 11520|3805, 11520|4026, https://www.mit.edu, 
10912|1, 10928|127, 10928|910, 11200|1055, 11200|1986, 11432|2043, 11432|2976, 11512|3065, 11504|4035, https://www.baidu.com, 
10912|1, 10912|282, 11016|316, 11016|1057, 11216|1223, 11384|1338, 11384|2270, 11440|2327, 11440|3287, 11512|3342, 11512|4024, https://www.baidu.com, 
10912|1, 10912|602, 11064|659, 11064|1585, 11400|1757, 11400|2618, 11448|2661, 11448|3628, 11512|3683, 11512|4014, https://www.baidu.com, 
