27188|1, 20824|492, 20824|592, 20880|650, 20956|714, 20808|789, 20956|900, 20956|1010, 21252|1060, 21548|1162, 21548|1309, 21844|1427, 21992|1560, 22232|1732, 22232|1903, 22380|1957, 22380|2535, 22528|2577, 22528|2626, 22644|2666, 22628|2701, 22628|3006, 22776|3091, 22776|3141, 22924|3187, 22924|3548, 22824|3603, 22824|3643, 22876|3680, 22876|4032, https://www.baidu.com, 
20556|1, 20944|494, 21240|535, 21388|599, 21388|771, 21536|819, 21832|934, 22128|1137, 22276|1259, 22276|1434, 22312|1499, 22312|1902, 22460|1965, 22460|2232, 22608|2265, 22608|2430, 22688|2508, 22688|3388, 22736|3429, 22844|3463, 22844|4010, https://www.pku.edu.cn, 
20336|1, 20928|393, 20928|484, 21224|551, 21372|611, 21372|794, 21904|971, 22052|1069, 22200|1178, 22348|1273, 22348|1429, 22496|1515, 22496|1585, 22644|1638, 22644|1745, 22620|1799, 22516|1836, 22516|2703, 22664|2770, 22712|2809, 22804|2852, 22804|3756, 22904|3801, 23000|3874, 23000|4029, https://www.mit.edu, 
20360|1, 21052|394, 21200|473, 21496|505, 21496|653, 21644|802, 22236|909, 22236|997, 22384|1177, 22304|1242, 22304|2145, 22480|2206, 22672|2259, 22672|2830, 22820|2880, 22820|3172, 22916|3235, 22916|4004, https://www.mit.edu, 
20464|1, 20908|336, 20908|469, 21352|563, 21500|612, 21496|644, 21644|687, 21644|811, 22088|918, 22088|1063, 22236|1169, 22236|1587, 22324|1614, 22432|1663, 22432|1762, 22480|1787, 22480|2052, 22628|2081, 22628|2226, 22776|2285, 22776|2584, 22820|2630, 22796|2703, 22796|3413, 23092|3443, 23092|3591, 23064|3628, 23052|3662, 23052|4022, https://www.jd.com, 
20204|1, 20680|274, 20680|524, 20828|558, 21124|596, 21272|654, 21568|716, 21568|875, 21864|1025, 22036|1095, 22260|1188, 22260|1407, 22408|1485, 22408|2089, 22468|2138, 22468|2223, 22616|2261, 22616|2539, 22764|2600, 22764|3073, 22836|3104, 22928|3134, 22928|4030, https://www.pku.edu.cn, 
20252|1, 20548|210, 20548|325, 20844|373, 20844|498, 20840|542, 21192|615, 21488|664, 21488|789, 21932|949, 21932|1073, 22080|1165, 22080|1269, 22228|1358, 22376|1439, 22376|1502, 22396|1539, 22396|2038, 22544|2078, 22544|2110, 22692|2166, 22692|2484, 22800|2541, 22800|3466, 22896|3520, 22996|3572, 22996|4042, https://www.pku.edu.cn, 
20296|1, 20888|224, 20740|259, 20740|338, 20888|365, 21184|395, 21332|441, 21480|478, 21480|603, 21628|645, 21924|761, 21956|851, 22264|912, 22264|1608, 22412|1633, 22412|1752, 22560|1774, 22560|1797, 22592|1845, 22680|1897, 22680|2157, 22692|2202, 22692|2261, 22792|2305, 22792|2826, 22864|2864, 22836|2901, 22836|3825, 22884|3852, 23028|3898, 23028|4001, https://www.yahoo.com, 
20448|1, 20892|273, 20892|323, 20968|377, 20920|421, 20920|467, 21068|492, 21216|543, 21364|578, 21512|621, 21512|744, 21808|874, 21956|941, 21956|1113, 22252|1174, 22252|1256, 22400|1281, 22400|1312, 22488|1380, 22456|1413, 22456|1855, 22604|1893, 22604|1973, 22752|2001, 22752|2315, 22760|2366, 22812|2405, 22748|2453, 22748|3093, 22896|3149, 22896|3354, 22944|3385, 22944|4003, https://www.yahoo.com, 
20388|1, 20684|205, 20684|255, 20832|293, 20832|433, 21128|474, 21276|506, 21424|531, 21572|572, 21572|632, 21720|709, 22076|883, 22076|1208, 22372|1263, 22372|1570, 22520|1614, 22520|1787, 22444|1830, 22440|1862, 22440|1921, 22588|1943, 22588|2240, 22736|2277, 22736|2459, 22884|2492, 22884|2799, 22868|2843, 22876|2890, 22876|3801, 23008|3858, 23008|4021, https://www.pku.edu.cn, 
20348|1, 20792|155, 20792|210, 20940|240, 20876|275, 20876|401, 21320|450, 21320|538, 21468|571, 21468|675, 21764|799, 21912|917, 22208|1032, 22208|1246, 22388|1279, 22388|1656, 22536|1682, 22536|2209, 22856|2260, 22808|2299, 22808|2751, 22956|2782, 22956|3206, 22984|3257, 22992|3323, 22992|4032, https://www.pku.edu.cn, 
20248|1, 20692|159, 20692|184, 20840|214, 20840|308, 20988|352, 20840|382, 20840|515, 21284|578, 21284|613, 21432|649, 21600|702, 21592|736, 21592|868, 21888|957, 22036|1056, 22184|1135, 22184|1654, 22316|1687, 22380|1711, 22380|1915, 22528|1942, 22528|1998, 22676|2045, 22676|2282, 22688|2343, 22688|2660, 22744|2691, 22744|3238, 22892|3294, 22892|3646, 22976|3670, 22948|3693, 23008|3723, 23008|4004, https://www.yahoo.com, 
20348|1, 20684|192, 20684|273, 20832|328, 20832|642, 21276|704, 21424|744, 21572|784, 21572|1014, 21968|1115, 22024|1157, 22024|1259, 22320|1373, 22320|1867, 22468|1902, 22468|2032, 22616|2068, 22648|2106, 22668|2145, 22668|2615, 22816|2684, 22816|3091, 22796|3133, 22796|3679, 22944|3732, 23092|3756, 23092|4020, https://www.jd.com, 
20304|1, 20748|120, 20748|423, 21232|462, 21376|494, 21376|680, 21672|716, 21968|808, 21968|959, 22116|1082, 22116|1261, 22264|1327, 22264|1420, 22296|1445, 22444|1479, 22444|1810, 22592|1837, 22592|1945, 22740|2006, 22740|2353, 22888|2394, 22888|2423, 22896|2458, 22856|2497, 22856|3423, 22968|3488, 22968|4018, https://www.pku.edu.cn, 
20428|1, 20752|145, 20752|369, 20900|436, 20900|489, 21492|553, 21640|601, 21640|809, 21936|932, 22032|1044, 22180|1166, 22328|1253, 22328|1321, 22476|1352, 22476|1864, 22580|1946, 22664|2006, 22664|2907, 22800|2964, 22800|3832, 22948|3868, 22948|3913, 22968|3965, 22968|4024, https://www.yahoo.com, 
20360|1, 20804|117, 20804|154, 20952|206, 20952|355, 20964|394, 20956|430, 20956|545, 21252|617, 21400|657, 21400|761, 21548|827, 21696|924, 21844|1030, 21992|1115, 21992|1174, 22140|1239, 22288|1348, 22372|1452, 22372|1984, 22520|2036, 22520|2168, 22668|2231, 22668|2305, 22604|2363, 22704|2399, 22704|3289, 22852|3322, 22856|3360, 22904|3402, 22904|4003, https://www.jd.com, 
20276|1, 20720|137, 20720|315, 20868|372, 20720|414, 20720|440, 20868|465, 20868|538, 21164|591, 21312|643, 21460|692, 21608|728, 21600|755, 21572|794, 21572|916, 22016|1026, 22016|1117, 22164|1227, 22312|1303, 22312|1714, 22360|1758, 22400|1799, 22400|2049, 22548|2108, 22548|2627, 22696|2667, 22844|2703, 22844|2725, 22876|2750, 22864|2777, 22864|3727, 22944|3785, 23008|3825, 23008|4009, https://www.mit.edu, 
20408|1, 20708|149, 20708|185, 20856|213, 20856|503, 21152|537, 21448|600, 21596|648, 21596|815, 21744|926, 21892|986, 21892|1066, 22136|1157, 22432|1292, 22432|1969, 22580|2002, 22580|2048, 22616|2100, 22712|2155, 22712|2453, 22860|2497, 22860|3079, 22912|3117, 22916|3169, 22916|4004, https://www.pku.edu.cn, 
20364|1, 20660|109, 20660|135, 20808|161, 20808|264, 20956|350, 20956|551, 21004|591, 21300|653, 21596|692, 21596|866, 21892|985, 22188|1078, 22188|1144, 22336|1199, 22336|1509, 22360|1561, 22404|1603, 22404|2010, 22552|2050, 22552|2516, 22564|2553, 22696|2589, 22696|2660, 22844|2716, 22844|3512, 22908|3561, 22952|3606, 22992|3658, 22992|4028, https://www.mit.edu, 
20464|1, 20680|90, 20680|144, 20828|176, 20828|635, 21272|671, 21420|698, 21420|798, 21568|858, 21984|1049, 22132|1130, 22132|1411, 22280|1481, 22428|1548, 22428|1978, 22396|2045, 22476|2113, 22476|2208, 22624|2271, 22624|2950, 22688|2992, 22828|3055, 22828|3867, 22976|3897, 22976|3949, 22928|3984, 23032|4038, https://www.yahoo.com, 
20364|1, 20364|83, 20660|113, 20660|167, 20808|209, 20808|382, 21048|430, 20792|470, 20792|522, 20940|577, 21236|648, 21236|712, 21680|764, 21680|916, 21976|1051, 22124|1153, 22124|1300, 22272|1378, 22324|1457, 22324|2041, 22472|2077, 22620|2117, 22768|2186, 22768|2384, 22724|2440, 22724|3381, 22776|3419, 22940|3470, 22940|3894, 23088|3929, 23088|4044, https://www.jd.com, 
20232|1, 20824|94, 20824|265, 20972|306, 20824|378, 20824|538, 20972|576, 21120|648, 21564|705, 21564|894, 21860|995, 21860|1073, 22156|1128, 22156|1171, 22304|1263, 22304|1688, 22400|1712, 22468|1753, 22468|2020, 22616|2067, 22616|2687, 22872|2733, 22872|3701, 23008|3731, 23012|3757, 23012|4010, https://www.mit.edu, 
20456|1, 20900|136, 20900|161, 20956|206, 20956|324, 20808|380, 20808|510, 21252|563, 21548|613, 21548|843, 21992|1021, 22140|1131, 22380|1242, 22380|1926, 22528|1954, 22528|2119, 22616|2180, 22720|2218, 22720|2640, 22868|2684, 22868|3146, 22880|3183, 22900|3225, 22900|4037, https://www.pku.edu.cn, 
20312|1, 20608|92, 20608|119, 20756|142, 20756|194, 20904|220, 20904|599, 20928|645, 21224|691, 21372|733, 21372|769, 21520|809, 21520|921, 21372|987, 21816|1082, 22112|1165, 22260|1226, 22260|1598, 22404|1642, 22404|2144, 22552|2193, 22552|2541, 22700|2614, 22760|2647, 22760|2900, 22752|2933, 22752|3618, 22800|3661, 22800|4032, https://www.baidu.com, 
20460|1, 20776|114, 20924|153, 20924|277, 20776|326, 20776|533, 21220|583, 21220|654, 21516|746, 21516|850, 21960|944, 21960|979, 22104|1086, 22252|1159, 22400|1301, 22400|1924, 22548|1954, 22548|2011, 22660|2056, 22656|2097, 22656|2799, 22804|2854, 22804|3017, 22816|3048, 22824|3080, 22824|3425, 22972|3461, 22972|4007, https://www.jd.com, 
20312|1, 20756|106, 20756|314, 20904|369, 20904|444, 20868|483, 20908|536, 20908|580, 21352|648, 21352|897, 21796|1018, 22092|1216, 22240|1324, 22240|1420, 22232|1474, 22324|1541, 22324|2048, 22472|2075, 22620|2100, 22620|2433, 22720|2470, 22748|2503, 22748|3460, 22880|3506, 22880|3892, 23028|3926, 23028|4012, https://www.jd.com, 
20412|1, 20860|126, 20860|562, 21008|608, 21304|660, 21304|740, 21452|806, 21428|900, 21612|952, 21612|996, 21908|1066, 22056|1174, 22056|1239, 22204|1332, 22352|1402, 22352|1513, 22500|1572, 22500|1885, 22464|1928, 22488|1967, 22488|2090, 22636|2117, 22636|2801, 22784|2837, 22784|2869, 22820|2909, 22904|2948, 22904|3867, 22940|3911, 22960|3962, 23024|4002, https://www.mit.edu, 
20364|1, 20660|106, 20660|199, 20808|286, 20892|352, 20892|741, 21336|831, 21336|978, 21632|1069, 21928|1144, 22076|1199, 22224|1261, 22240|1349, 22240|1517, 22388|1558, 22388|2211, 22536|2242, 22536|2282, 22568|2326, 22612|2378, 22612|2607, 22760|2671, 22760|3315, 22840|3357, 22840|4001, https://www.baidu.com, 
20364|1, 20808|134, 20956|176, 20956|567, 21252|608, 21400|647, 21400|682, 21548|735, 21580|806, 21572|884, 21868|1032, 21868|1151, 22164|1271, 22460|1332, 22460|1755, 22464|1802, 22464|1931, 22612|1956, 22612|2489, 22760|2551, 22760|2741, 22792|2782, 22792|2822, 22856|2855, 22856|4015, https://www.baidu.com, 
20368|1, 20664|97, 20812|130, 20812|189, 20884|228, 20884|513, 21328|561, 21476|612, 21476|782, 21624|920, 21920|984, 22068|1050, 22068|1089, 22176|1196, 22240|1283, 22240|1353, 22388|1437, 22388|1976, 22536|2014, 22536|2126, 22696|2193, 22696|2594, 22844|2637, 22844|3086, 22992|3123, 22992|3155, 22996|3205, 22996|4025, https://www.mit.edu, 
20468|1, 20764|123, 20764|513, 20876|545, 20872|578, 21316|622, 21316|655, 21464|709, 21464|836, 21908|972, 22056|1053, 22204|1119, 22352|1279, 22352|1496, 22424|1554, 22464|1597, 22464|1995, 22612|2040, 22612|2476, 22884|2548, 22868|2598, 22868|3498, 22860|3560, 22860|4010, https://www.baidu.com, 
20456|1, 20900|100, 20900|296, 21048|337, 20900|380, 20900|527, 21344|598, 21492|663, 21492|858, 21940|1010, 21940|1073, 22088|1146, 22236|1257, 22236|1391, 22384|1446, 22384|1916, 22452|1964, 22600|1992, 22600|2457, 22748|2551, 22748|2933, 22832|3029, 22832|3886, 22876|3930, 23032|3986, 23032|4034, https://www.yahoo.com, 
20364|1, 20364|105, 20808|141, 20808|246, 20956|272, 20956|359, 21056|397, 21000|436, 21000|603, 21148|669, 21592|733, 21592|891, 21888|1003, 22036|1090, 22184|1206, 22332|1304, 22332|1368, 22380|1431, 22380|2028, 22528|2084, 22676|2159, 22676|2411, 22736|2491, 22736|3380, 22884|3414, 22884|4043, https://www.yahoo.com, 
20240|1, 20388|141, 20388|175, 20832|215, 20832|695, 20864|751, 21384|833, 21532|918, 21532|1128, 21828|1261, 21976|1345, 22124|1428, 22272|1610, 22272|1740, 22460|1823, 22460|2493, 22608|2539, 22608|2641, 22756|2685, 22756|2725, 22736|2772, 22744|2869, 22744|3682, 22756|3750, 22940|3812, 22940|4011, https://www.yahoo.com, 
20368|1, 20664|107, 20664|157, 20860|199, 20860|572, 21304|637, 21452|696, 21452|813, 21896|1066, 22044|1145, 22156|1238, 22304|1334, 22304|1476, 22452|1549, 22452|2056, 22600|2100, 22544|2154, 22688|2209, 22688|2983, 22836|3049, 22836|3107, 22860|3172, 22872|3221, 22872|3743, 23020|3777, 23020|4004, https://www.jd.com, 
20356|1, 20652|114, 20800|154, 20800|584, 20824|614, 20824|647, 21120|706, 21564|840, 21564|1019, 21860|1154, 21860|1253, 22008|1327, 22008|1375, 22304|1494, 22452|1574, 22464|1651, 22464|2280, 22612|2328, 22612|2458, 22760|2514, 22760|2573, 22732|2603, 22736|2633, 22736|3521, 22792|3571, 22928|3631, 22928|4068, https://www.yahoo.com, 
20412|1, 20708|163, 20856|202, 20856|490, 21004|573, 21004|619, 21300|667, 21300|789, 21448|845, 21448|929, 21852|1089, 21852|1189, 22148|1268, 22148|1864, 22244|1920, 22456|1954, 22456|2369, 22604|2403, 22604|2882, 22696|2919, 22732|2959, 22800|3006, 22800|3948, 22844|3999, 22844|4030, https://www.baidu.com, 
20456|1, 20900|115, 20900|333, 20932|433, 20932|665, 21228|709, 21376|778, 21672|884, 21672|997, 21820|1154, 21968|1320, 22140|1400, 22140|1490, 22288|1570, 22288|2287, 22400|2346, 22472|2385, 22472|2512, 22620|2592, 22620|2836, 22768|2886, 22776|2950, 22776|3296, 22800|3360, 22804|3424, 22804|4037, https://www.yahoo.com, 
20456|1, 20604|105, 20604|182, 20752|214, 20752|305, 20900|360, 20900|675, 20948|726, 21384|849, 21532|958, 21532|1135, 21976|1222, 21976|1356, 22124|1438, 22272|1601, 22272|1712, 22388|1812, 22388|2480, 22684|2530, 22684|2697, 22712|2746, 22712|3685, 22760|3729, 22852|3792, 22852|4036, https://www.baidu.com, 
20208|1, 20676|128, 20676|335, 20824|395, 20824|676, 21120|716, 21268|778, 21416|859, 21416|1079, 21804|1188, 21952|1326, 22100|1420, 22100|1552, 22248|1676, 22248|2077, 22280|2110, 22356|2141, 22356|2176, 22452|2222, 22452|2471, 22600|2507, 22748|2549, 22748|3073, 22788|3125, 22788|4012, https://www.pku.edu.cn, 
20360|1, 20360|150, 20804|203, 20804|505, 20824|628, 20824|695, 21268|746, 21416|789, 21416|825, 21564|876, 21564|1076, 21860|1205, 22156|1331, 22304|1441, 22308|1594, 22308|2376, 22456|2427, 22456|2481, 22608|2555, 22696|2608, 22696|3493, 22820|3549, 22820|3616, 22872|3653, 22872|4018, https://www.pku.edu.cn, 
20404|1, 20996|126, 20996|354, 20848|401, 20848|529, 20996|565, 20996|598, 21440|650, 21440|747, 21560|822, 21560|976, 22004|1156, 22004|1231, 22152|1356, 22300|1597, 22448|1688, 22448|1737, 22396|1786, 22468|1833, 22468|2392, 22616|2462, 22616|2522, 22764|2618, 22764|2744, 22796|2805, 22796|3351, 22944|3415, 22944|3744, 23008|3805, 23008|4016, https://www.mit.edu, 
20360|1, 20804|127, 20772|168, 20760|203, 20760|381, 20908|471, 20908|623, 21204|677, 21352|721, 21352|761, 21500|914, 21500|997, 21888|1146, 22028|1217, 22028|1269, 22176|1332, 22176|1505, 22324|1624, 22324|1723, 22472|1811, 22472|2136, 22524|2188, 22524|2238, 22480|2274, 22480|2386, 22628|2425, 22628|2488, 22776|2582, 22776|3111, 22880|3171, 22892|3219, 22892|4009, https://www.mit.edu, 
20360|1, 20508|115, 20656|146, 20656|457, 20732|514, 20816|565, 20816|824, 21408|974, 21556|1061, 21556|1221, 22000|1326, 22000|1450, 22216|1510, 22196|1615, 22196|2463, 22288|2502, 22396|2539, 22396|2580, 22480|2625, 22580|2669, 22580|3399, 22744|3515, 22812|3603, 22812|4047, https://www.jd.com, 
20376|1, 20672|117, 20672|399, 20820|462, 20820|668, 20968|719, 21264|806, 21480|905, 21540|998, 21984|1147, 21984|1251, 22132|1354, 22280|1511, 22280|1652, 22428|1766, 22428|1888, 22456|1939, 22456|2390, 22604|2446, 22604|2836, 22760|2901, 22784|2990, 22784|3883, 22820|3940, 22820|4041, https://www.jd.com, 
20220|1, 20220|155, 20664|201, 20664|273, 20776|321, 20776|658, 20924|706, 20924|742, 21368|803, 21516|895, 21516|1118, 21812|1221, 22044|1328, 22044|1402, 22192|1524, 22192|1720, 22340|1781, 22340|2268, 22460|2327, 22460|2433, 22608|2488, 22608|2852, 22756|2944, 22756|3222, 22808|3317, 22808|4005, https://www.jd.com, 
20368|1, 20664|155, 20664|221, 20812|259, 20960|301, 20960|510, 20812|555, 20812|681, 20864|716, 20864|767, 21308|855, 21308|1065, 21900|1202, 21900|1307, 22196|1382, 22344|1536, 22344|1714, 22392|1797, 22392|2518, 22540|2553, 22540|2660, 22660|2771, 22660|2877, 22808|2955, 22808|3647, 22940|3713, 22940|4024, https://www.mit.edu, 
20368|1, 20796|120, 20796|723, 21092|779, 21536|902, 21604|1048, 21900|1194, 22048|1318, 22048|1395, 22196|1572, 22196|1791, 22492|1886, 22492|1978, 22464|2035, 22464|2479, 22612|2530, 22612|2864, 22760|2968, 22804|3057, 22860|4028, https://www.baidu.com, 
20516|1, 20812|127, 20812|194, 20960|247, 20960|279, 20984|314, 20984|405, 20836|448, 20836|647, 21132|685, 21280|773, 21428|913, 21576|1054, 21872|1221, 22180|1336, 22180|1634, 22328|1710, 22328|2268, 22488|2325, 22488|2384, 22636|2427, 22636|2723, 22784|2816, 22784|3025, 22932|3067, 22932|3284, 22852|3341, 22852|4022, https://www.baidu.com, 
20224|1, 20224|176, 20372|234, 20372|264, 20668|300, 20816|351, 20964|384, 20964|601, 20844|657, 20844|819, 21288|895, 21288|962, 21436|1068, 21436|1229, 21880|1360, 22028|1452, 22028|1584, 22364|1756, 22364|2616, 22516|2660, 22664|2698, 22664|3626, 22848|3681, 22848|4012, https://www.baidu.com, 
