415|1, 415|361, 416|369, 416|1202, 409|1209, 409|1486, 415|1493, 415|1580, 409|1592, 415|1609, 415|1699, long_press_character, 
415|1, 415|70, 417|75, 415|81, 415|475, 416|482, 416|822, 411|829, 409|837, 409|1700, 415|1708, 415|1796, 409|1813, 415|1821, 415|1919, short_swipe, 
415|1, 415|455, 416|461, 416|1058, 409|1071, 409|1699, 415|1706, 415|1902, long_swipe, 
415|1, 415|436, 416|444, 416|652, 418|660, 416|667, 416|705, 409|713, 409|720, 415|726, 415|1275, 416|1281, 416|1501, 418|1509, 416|1516, 416|1572, 409|1582, 409|1705, 415|1718, 415|1780, 409|1787, 415|1794, 415|1875, tap_shift, 
415|1, 415|17, 417|23, 417|501, 418|507, 418|792, 411|800, 411|805, 417|813, 417|1347, 418|1355, 418|1644, 411|1651, 411|1718, 417|1724, 417|1789, 411|1798, 417|1807, 417|1908, tap_shift, 
417|1, 417|487, 418|494, 418|758, 411|764, 411|769, 417|775, 417|1289, 418|1296, 418|1568, 411|1574, 411|1694, 417|1699, 417|1763, 411|1778, 419|1787, 417|1895, tap_shift, 
417|1, 417|427, 418|434, 418|710, 413|718, 411|726, 417|732, 417|1244, 415|1250, 415|1261, 416|1268, 416|1568, 409|1577, 409|1688, 415|1703, 415|1749, 409|1760, 415|1769, 415|1836, tap_regular_character, 
415|1, 415|494, 416|501, 416|760, 409|767, 409|773, 415|778, 415|1358, 416|1364, 416|1654, 409|1661, 409|1726, 415|1732, 415|1792, 409|1810, 415|1822, 415|1895, tap_shift, 
415|1, 415|478, 416|484, 416|698, 418|705, 416|711, 416|1226, 418|1234, 416|1240, 416|1307, 409|1314, 409|1723, 415|1732, 415|1771, 409|1803, 415|1814, 415|1906, long_press_character, 
415|1, 415|588, 416|596, 416|1198, 409|1207, 409|1697, 415|1706, 415|1757, 409|1777, 415|1805, 415|1886, long_swipe, 
415|1, 415|463, 416|470, 416|1040, 409|1058, 409|1693, 415|1699, 415|1759, 409|1785, 415|1795, 415|1891, long_swipe, 
415|1, 415|462, 416|469, 416|758, 409|766, 409|774, 415|780, 415|1376, 416|1383, 416|1654, 409|1662, 409|1688, 415|1695, 415|1779, 409|1792, 417|1802, 415|1811, 415|1880, tap_regular_character, 
415|1, 415|470, 416|476, 416|874, 409|888, 409|1620, 411|1625, 409|1630, 409|1714, 415|1721, 415|1778, 409|1793, 415|1807, 415|1874, short_swipe, 
415|1, 415|532, 416|544, 416|1120, 411|1129, 409|1135, 409|1723, 415|1730, 415|1837, 409|1852, 415|1916, long_swipe, 
415|1, 415|478, 416|485, 416|1084, 409|1096, 409|1742, 415|1749, 415|1931, long_swipe, 
415|1, 415|577, 416|591, 416|950, 409|961, 409|1705, 415|1712, 415|1772, 409|1794, 415|1806, 415|1896, short_swipe, 
415|1, 415|475, 416|481, 416|1069, 409|1077, 409|1696, 415|1702, 415|1875, long_swipe, 
415|1, 415|470, 416|483, 416|1063, 409|1077, 409|1704, 415|1710, 415|1783, 413|1791, 409|1800, 415|1860, long_swipe, 
415|1, 415|514, 416|527, 416|837, 418|846, 416|854, 416|937, 418|946, 416|953, 416|1102, 409|1110, 409|1737, 411|1741, 415|1749, 415|1825, 409|1840, 415|1848, 417|1873, 415|1953, long_swipe, 
415|1, 415|477, 416|485, 416|692, 418|697, 416|704, 416|860, 409|866, 409|1684, 415|1696, 415|1865, short_swipe, 
415|1, 415|490, 416|496, 416|1304, 409|1312, 409|1701, 415|1713, 415|1776, 409|1800, 415|1890, long_press_character, 
415|1, 415|490, 416|501, 416|1342, 409|1348, 409|1705, 415|1712, 415|1798, 409|1821, 415|1909, long_press_character, 
415|1, 415|437, 416|444, 416|831, 409|840, 409|1715, 415|1722, 415|1780, 409|1796, 415|1806, 415|1892, short_swipe, 
415|1, 415|499, 416|506, 416|1346, 409|1352, 409|1706, 415|1712, 415|1917, long_press_character, 
415|1, 415|406, 416|413, 416|682, 409|688, 415|695, 415|1197, 416|1203, 416|1478, 409|1485, 409|1688, 415|1694, 415|1865, tap_shift, 
415|1, 415|463, 416|469, 416|1294, 409|1301, 409|1712, 415|1719, 415|1778, 409|1804, 415|1812, 415|1944, long_press_character, 
415|1, 415|413, 416|421, 416|837, 418|843, 416|849, 416|1258, 409|1266, 409|1663, 415|1677, 415|1820, long_press_character, 
415|1, 415|486, 416|493, 416|788, 409|793, 409|799, 415|806, 415|1313, 416|1319, 416|1589, 409|1597, 409|1742, 415|1749, 415|1812, 409|1819, 415|1825, 415|1899, tap_shift, 
415|1, 415|474, 416|483, 416|1308, 409|1316, 409|1717, 415|1732, 415|1784, 417|1789, 409|1809, 415|1829, 415|1917, long_press_character, 
415|1, 415|566, 416|572, 416|874, 409|883, 409|889, 415|897, 415|1390, 416|1397, 416|1683, 409|1691, 409|1698, 415|1705, 415|1769, 409|1779, 415|1790, 415|1857, tap_regular_character, 
415|1, 415|464, 416|471, 416|745, 409|751, 411|756, 415|762, 415|1265, 416|1278, 416|1533, 411|1541, 409|1548, 409|1721, 415|1729, 415|1783, 409|1797, 417|1805, 415|1868, tap_shift, 
415|1, 415|511, 416|523, 416|1356, 409|1362, 409|1737, 415|1747, 415|1834, 409|1848, 415|1869, 415|1935, long_press_character, 
415|1, 415|467, 416|475, 416|1298, 409|1305, 409|1710, 415|1716, 415|1774, 409|1803, 415|1878, long_press_character, 
415|1, 415|464, 416|471, 416|689, 418|699, 416|707, 416|742, 409|748, 409|753, 415|758, 415|1242, 416|1248, 416|1516, 409|1522, 409|1726, 415|1733, 415|1808, 411|1825, 415|1902, tap_shift, 
415|1, 415|510, 416|515, 416|728, 418|735, 416|744, 416|791, 409|798, 409|803, 415|808, 415|1302, 416|1314, 416|1573, 409|1581, 409|1720, 415|1726, 415|1865, tap_shift, 
415|1, 415|520, 416|534, 416|812, 409|818, 415|828, 415|1392, 416|1402, 416|1673, 411|1679, 409|1685, 409|1737, 415|1742, 415|1808, 409|1820, 415|1827, 415|1885, tap_shift, 
415|1, 415|107, 417|112, 415|117, 415|518, 416|524, 416|748, 418|756, 416|768, 416|819, 409|826, 415|835, 415|1398, 416|1406, 416|1687, 409|1694, 409|1736, 415|1742, 415|1802, 409|1814, 409|1823, 415|1830, 415|1876, tap_regular_character, 
415|1, 415|512, 416|518, 416|878, 409|886, 409|1744, 415|1750, 415|1820, 409|1838, 415|1847, 415|1937, short_swipe, 
415|1, 415|87, 417|92, 415|98, 415|496, 416|510, 416|878, 409|887, 409|1707, 415|1716, 415|1767, 417|1779, 415|1790, 415|1880, short_swipe, 
415|1, 415|471, 416|478, 416|693, 418|701, 416|707, 416|1063, 409|1074, 409|1717, 417|1723, 415|1729, 415|1784, 409|1804, 415|1892, long_swipe, 
415|1, 415|515, 416|521, 416|1136, 409|1146, 409|1715, 415|1723, 415|1786, 409|1802, 409|1814, 415|1820, 415|1930, long_swipe, 
415|1, 415|453, 416|460, 416|833, 411|842, 409|856, 409|1680, 415|1687, 415|1748, 409|1769, 415|1780, 415|1834, short_swipe, 
415|1, 415|470, 416|476, 416|872, 409|883, 409|1734, 415|1744, 415|1921, short_swipe, 
415|1, 415|557, 416|565, 416|842, 409|849, 415|856, 415|1412, 416|1425, 416|1723, 409|1739, 415|1750, 415|1890, tap_regular_character, 
415|1, 415|506, 416|513, 416|785, 411|792, 409|797, 415|802, 415|1327, 416|1333, 416|1549, 418|1557, 416|1567, 416|1616, 418|1633, 418|1667, 411|1675, 411|1745, 417|1754, 417|1769, 415|1775, 415|1846, 409|1858, 415|1870, 415|1945, tap_regular_character, 
415|1, 415|55, 417|61, 415|78, 415|497, 416|503, 416|865, 409|873, 409|1721, 415|1731, 415|1801, 409|1808, 415|1879, short_swipe, 
415|1, 415|470, 416|479, 416|690, 418|699, 416|708, 416|753, 409|759, 409|767, 415|773, 415|1311, 416|1317, 416|1619, 409|1629, 409|1725, 415|1733, 415|1887, tap_regular_character, 
415|1, 415|589, 416|596, 416|865, 409|876, 415|886, 415|1410, 416|1418, 416|1633, 418|1640, 416|1650, 416|1697, 411|1702, 409|1708, 409|1726, 415|1732, 415|1796, 409|1813, 415|1823, 415|1887, tap_regular_character, 
415|1, 415|448, 416|454, 416|734, 409|745, 409|756, 415|768, 415|1279, 416|1286, 416|1578, 409|1584, 409|1727, 415|1735, 415|1795, 409|1805, 415|1812, 415|1863, tap_regular_character, 
415|1, 415|489, 416|496, 416|785, 409|793, 409|800, 415|807, 415|1340, 416|1354, 416|1664, 409|1670, 409|1741, 415|1748, tap_regular_character, 
