567|1, 567|366, 568|373, 568|1206, 561|1213, 561|1491, 567|1498, 567|1585, 562|1596, 567|1611, 567|1700, long_press_character, 
567|1, 567|479, 568|485, 568|832, 561|840, 561|1581, 562|1593, 561|1598, 561|1710, 567|1719, 567|1919, short_swipe, 
567|1, 567|458, 568|465, 568|1061, 561|1074, 561|1703, 567|1709, 567|1803, 561|1822, 567|1900, long_swipe, 
567|1, 567|442, 568|450, 568|657, 569|665, 568|673, 568|711, 562|718, 561|726, 567|731, 567|1281, 568|1286, 568|1507, 569|1515, 568|1522, 568|1576, 561|1588, 561|1718, 567|1729, 567|1785, 561|1792, 561|1800, 567|1814, 567|1875, tap_shift, 
567|1, 567|23, 571|28, 571|304, 570|310, 571|316, 571|507, 572|513, 572|541, 571|546, 572|553, 572|792, 571|797, 564|806, 564|811, 570|819, 570|1353, 571|1360, 571|1581, 572|1588, 571|1595, 571|1656, 564|1663, 564|1724, 570|1730, 570|1795, 564|1804, 564|1812, 570|1818, 570|1911, tap_shift, 
570|1, 570|490, 571|497, 571|761, 564|767, 564|772, 570|777, 570|1292, 571|1298, 571|1571, 564|1577, 564|1697, 570|1702, 570|1892, tap_shift, 
570|1, 570|432, 571|439, 571|716, 566|723, 564|732, 570|738, 570|1229, 571|1234, 571|1245, 569|1250, 567|1255, 567|1267, 568|1274, 568|1574, 561|1582, 561|1693, 567|1708, 567|1754, 561|1765, 567|1774, 567|1838, tap_regular_character, 
567|1, 567|497, 568|505, 568|764, 562|770, 561|777, 567|782, 567|1368, 568|1374, 568|1658, 561|1665, 561|1730, 567|1736, 567|1796, 561|1812, 567|1825, 567|1887, tap_shift, 
567|1, 567|490, 568|496, 568|710, 569|716, 568|723, 568|1318, 561|1326, 561|1735, 567|1743, 567|1782, 561|1813, 567|1826, 567|1914, long_press_character, 
567|1, 567|600, 568|608, 568|819, 569|826, 568|832, 568|1114, 569|1128, 568|1148, 568|1202, 561|1211, 561|1708, 567|1723, 567|1761, 561|1781, 567|1808, 567|1887, long_swipe, 
567|1, 567|466, 568|473, 568|1042, 561|1057, 561|1696, 567|1702, 567|1761, 561|1783, 567|1798, 567|1890, long_swipe, 
567|1, 567|466, 568|473, 568|761, 561|770, 561|777, 567|784, 567|1386, 568|1394, 568|1658, 561|1665, 561|1691, 568|1697, 567|1707, 567|1782, 561|1795, 567|1805, 567|1879, tap_regular_character, 
567|1, 567|475, 568|481, 568|879, 561|888, 561|1719, 567|1725, 567|1875, short_swipe, 
567|1, 567|535, 568|548, 568|1132, 561|1139, 561|1727, 568|1733, 567|1739, 567|1840, 563|1853, 567|1916, long_swipe, 
567|1, 567|488, 568|498, 568|703, 569|711, 568|723, 568|1087, 561|1099, 561|1746, 567|1752, 567|1932, long_swipe, 
567|1, 567|580, 568|588, 568|809, 569|815, 568|822, 568|953, 561|964, 561|1708, 567|1714, 567|1775, 561|1792, 567|1809, 567|1895, short_swipe, 
567|1, 567|479, 568|484, 568|1072, 562|1080, 561|1088, 561|1700, 568|1705, 567|1712, 567|1876, long_swipe, 
567|1, 567|88, 568|93, 567|98, 567|473, 568|485, 568|1064, 561|1080, 561|1707, 567|1712, 567|1794, 561|1802, 567|1856, long_swipe, 
567|1, 567|521, 568|529, 568|742, 569|749, 568|755, 568|843, 569|852, 568|860, 568|1108, 561|1116, 561|1748, 567|1755, 567|1824, 561|1846, 567|1854, 567|1955, long_swipe, 
567|1, 567|482, 568|489, 568|865, 561|871, 561|1700, 567|1709, 567|1864, short_swipe, 
567|1, 567|496, 568|502, 568|1223, 569|1228, 568|1235, 568|1310, 561|1318, 561|1707, 567|1714, 567|1781, 561|1798, 567|1893, long_press_character, 
567|1, 567|493, 568|503, 568|1243, 569|1248, 568|1253, 568|1345, 563|1350, 561|1356, 561|1708, 567|1715, 567|1801, 561|1823, 567|1909, long_press_character, 
567|1, 567|446, 568|454, 568|834, 561|842, 561|1718, 567|1724, 567|1782, 561|1799, 567|1808, 567|1892, short_swipe, 
567|1, 567|502, 568|508, 568|1349, 563|1355, 561|1361, 561|1709, 567|1715, 567|1917, long_press_character, 
567|1, 567|409, 568|415, 568|685, 561|691, 563|697, 567|704, 567|1200, 568|1205, 568|1481, 563|1487, 561|1494, 561|1697, 567|1704, 567|1758, 561|1782, 567|1798, 567|1865, tap_shift, 
567|1, 567|466, 568|471, 568|669, 569|676, 568|681, 568|1297, 561|1304, 561|1376, 562|1383, 561|1390, 561|1715, 567|1721, 567|1942, long_press_character, 
567|1, 567|418, 568|426, 568|1263, 561|1271, 561|1668, 567|1682, 567|1822, long_press_character, 
567|1, 567|489, 568|495, 568|791, 561|796, 561|802, 567|808, 567|1316, 568|1322, 568|1591, 561|1600, 561|1745, 567|1751, 567|1814, 561|1821, 567|1827, 567|1899, tap_shift, 
567|1, 567|476, 568|485, 568|1308, 563|1319, 561|1325, 561|1727, 567|1742, 567|1792, 561|1812, 567|1831, 567|1917, long_press_character, 
567|1, 567|569, 568|575, 568|877, 561|885, 561|891, 567|900, 567|1400, 568|1408, 568|1686, 561|1693, 561|1700, 567|1708, 567|1772, 561|1781, 567|1792, 567|1857, tap_regular_character, 
567|1, 567|467, 568|473, 568|748, 561|753, 561|759, 567|764, 567|1268, 568|1280, 568|1544, 561|1551, 561|1724, 567|1731, 567|1784, 565|1798, 567|1808, 567|1866, tap_shift, 
567|1, 567|515, 568|523, 568|1359, 561|1367, 561|1742, 567|1752, 567|1836, 561|1852, 567|1869, 567|1938, long_press_character, 
567|1, 567|469, 568|476, 568|698, 569|704, 568|711, 568|1300, 561|1307, 561|1712, 567|1718, 567|1775, 561|1802, 567|1877, long_press_character, 
567|1, 567|467, 568|473, 568|692, 569|702, 568|710, 568|745, 561|751, 561|756, 567|761, 567|899, 568|904, 567|909, 567|1245, 568|1251, 568|1519, 561|1525, 561|1729, 567|1735, 567|1808, 561|1826, 567|1902, tap_shift, 
567|1, 567|512, 568|518, 568|794, 561|800, 561|806, 567|811, 567|1305, 568|1317, 568|1576, 561|1583, 561|1723, 569|1729, 567|1736, 567|1865, tap_shift, 
567|1, 567|523, 568|536, 568|814, 561|821, 567|831, 567|1392, 568|1405, 568|1676, 567|1682, 561|1688, 561|1745, 567|1751, 567|1810, 561|1822, 567|1830, 567|1883, tap_shift, 
567|1, 567|523, 568|529, 568|753, 569|760, 568|773, 568|823, 561|830, 567|839, 567|1403, 568|1410, 568|1632, 569|1640, 568|1651, 568|1691, 561|1699, 561|1741, 567|1746, 567|1817, 561|1826, 567|1835, 567|1878, tap_regular_character, 
567|1, 567|515, 568|521, 568|881, 562|889, 561|896, 561|1747, 567|1753, 567|1823, 561|1839, 567|1848, 567|1937, short_swipe, 
567|1, 567|498, 568|511, 568|880, 561|890, 561|1710, 567|1719, 567|1770, 568|1781, 567|1793, 567|1881, short_swipe, 
567|1, 567|473, 568|479, 568|695, 569|701, 568|709, 568|907, 569|913, 568|933, 568|1064, 563|1075, 561|1086, 561|1719, 567|1724, 567|1792, 561|1813, 567|1890, long_swipe, 
567|1, 567|518, 568|525, 568|1140, 561|1150, 561|1719, 567|1726, 567|1806, 561|1813, 567|1824, 567|1930, long_swipe, 
567|1, 567|457, 568|463, 568|845, 561|859, 561|1684, 567|1691, 567|1836, short_swipe, 
567|1, 567|472, 568|478, 568|873, 561|884, 561|1742, 567|1753, 567|1803, 561|1825, 567|1921, short_swipe, 
567|1, 567|558, 568|565, 568|777, 569|783, 568|788, 568|844, 561|850, 561|858, 567|865, 567|1414, 568|1426, 568|1724, 561|1740, 567|1751, 567|1888, tap_regular_character, 
567|1, 567|510, 568|516, 568|789, 563|796, 561|801, 563|806, 567|816, 567|1331, 568|1337, 568|1607, 571|1637, 572|1651, 572|1670, 565|1679, 565|1749, 571|1757, 571|1773, 568|1779, 568|1849, 562|1861, 568|1872, 568|1946, tap_regular_character, 
568|1, 568|378, 567|384, 568|391, 568|506, 569|513, 569|644, 568|650, 568|868, 561|876, 561|1723, 567|1733, 567|1796, 561|1811, 567|1879, short_swipe, 
567|1, 567|473, 568|481, 568|755, 562|762, 561|770, 567|776, 567|1320, 568|1326, 568|1622, 561|1631, 561|1734, 567|1749, 567|1886, tap_regular_character, 
567|1, 567|593, 568|600, 568|869, 561|879, 567|889, 567|1414, 568|1421, 568|1706, 561|1712, 561|1729, 563|1735, 567|1751, 567|1800, 561|1816, 567|1827, 567|1885, tap_regular_character, 
567|1, 567|460, 568|466, 568|739, 563|749, 561|756, 561|762, 567|773, 567|1285, 568|1291, 568|1583, 561|1590, 561|1733, 567|1741, 567|1801, 561|1810, 567|1818, 567|1866, tap_regular_character, 
567|1, 567|492, 568|499, 568|788, 562|795, 561|802, 567|810, 567|1357, 568|1363, 568|1667, 561|1673, 561|1743, 567|1750, 567|1819, 561|1839, 567|1850, tap_regular_character, 
