33800|1, 33800|1079, 33816|1089, 33816|1470, 33808|1477, 33808|1696, long_press_character, 
33808|1, 33808|386, 33804|392, 33804|1073, 33824|1083, 33824|1394, 33808|1400, 33808|1429, 33804|1435, 33804|1921, short_swipe, 
33804|1, 33804|1465, 33824|1473, 33808|1486, 33808|1895, long_swipe, 
33808|1, 33808|1555, 33816|1563, 33816|1571, 33820|1578, 33820|1882, tap_shift, 
33820|1, 33820|690, 33816|696, 33816|1910, tap_shift, 
33816|1, 33816|779, 33820|784, 33820|789, 33836|796, 33836|1771, 33820|1777, 33816|1787, 33812|1799, 33812|1864, tap_shift, 
33812|1, 33812|919, 33804|925, 33852|931, 33852|1867, tap_regular_character, 
33852|1, 33852|43, 33868|49, 33860|55, 33860|60, 33856|66, 33856|392, 33852|403, 33852|1049, 33856|1055, 33856|1880, tap_shift, 
33856|1, 33856|173, 33860|178, 33852|185, 33852|1180, 33860|1188, 33860|1923, long_press_character, 
33860|1, 33860|255, 33852|261, 33852|332, 33884|348, 33884|1260, 33888|1267, 33888|1283, 33884|1289, 33884|1887, long_swipe, 
33884|1, 33884|1353, 33880|1367, 33864|1374, 33912|1381, 33912|1888, long_swipe, 
33912|1, 33912|477, 33888|483, 33888|1468, 33884|1478, 33900|1484, 33900|1489, 33892|1494, 33892|1876, tap_regular_character, 
33892|1, 33892|300, 33896|309, 33896|594, 33904|600, 33908|606, 33908|611, 33904|617, 33904|1206, 33896|1216, 33896|1602, 33892|1608, 33892|1875, short_swipe, 
33892|1, 33892|709, 33920|720, 33920|726, 33924|733, 33924|1379, 33900|1386, 33900|1726, 33892|1731, 33892|1736, 33888|1741, 33888|1915, long_swipe, 
33888|1, 33888|818, 33884|830, 33920|837, 33920|1812, 33904|1819, 33896|1834, 33896|1938, long_swipe, 
33896|1, 33896|1894, short_swipe, 
33896|1, 33892|25, 33892|38, 33888|45, 33888|936, 33960|943, 33960|1592, 33892|1597, 33892|1877, long_swipe, 
33892|1, 33892|1095, 33896|1102, 33896|1114, 33892|1124, 33912|1133, 33912|1351, 33904|1361, 33904|1855, long_swipe, 
33904|1, 33904|251, 33900|258, 33900|289, 33896|303, 33896|1250, 33912|1257, 33912|1955, long_swipe, 
33912|1, 33912|298, 33908|303, 33908|1288, 33904|1294, 33904|1313, 33900|1318, 33904|1323, 33904|1859, short_swipe, 
33904|1, 33904|1427, 33916|1433, 33916|1448, 33940|1456, 33928|1463, 33928|1898, long_press_character, 
33928|1, 33928|544, 33920|549, 33920|555, 33916|562, 33916|1530, 33956|1535, 33956|1545, 33944|1550, 33944|1555, 33912|1561, 33912|1911, long_press_character, 
33912|1, 33912|636, 33904|643, 33904|655, 33908|661, 33908|1133, 33932|1144, 33932|1642, 33904|1649, 33904|1891, short_swipe, 
33904|1, 33904|743, 33924|749, 33924|1047, 33944|1055, 33944|1747, 33912|1764, 33912|1917, long_press_character, 
33912|1, 33912|1857, tap_shift, 
33912|1, 33908|29, 33908|973, 33940|981, 33940|1944, long_press_character, 
33940|1, 33940|41, 33928|51, 33928|1524, 33912|1538, 33912|1824, long_press_character, 
33912|1, 33912|216, 33904|223, 33904|1904, tap_shift, 
33904|1, 33904|296, 33936|303, 33936|1294, 33940|1301, 33948|1308, 33948|1916, long_press_character, 
33948|1, 33948|413, 33944|419, 33944|1857, tap_regular_character, 
33944|1, 33944|1543, 33912|1552, 33912|1858, tap_shift, 
33912|1, 33912|1707, 33880|1714, 33880|1947, long_press_character, 
33880|1, 33880|1876, long_press_character, 
33880|1, 33880|1750, 33884|1761, 33884|1903, tap_shift, 
33884|1, 33880|24, 33880|1862, tap_shift, 
33880|1, 33880|1880, tap_shift, 
33880|1, 33880|1883, tap_regular_character, 
33880|1, 33880|1322, 33884|1328, 33884|1333, 33880|1338, 33880|1936, short_swipe, 
33880|1, 33880|1874, short_swipe, 
33880|1, 33880|1901, long_swipe, 
33880|1, 33880|1901, long_swipe, 
33880|1, 33880|723, 33892|732, 33892|1741, 33880|1753, 33880|1857, short_swipe, 
33880|1, 33880|1928, short_swipe, 
33880|1, 33880|1883, tap_regular_character, 
33880|1, 33880|1070, 33884|1076, 33884|1944, tap_regular_character, 
33884|1, 33884|114, 33880|129, 33880|1110, 33884|1122, 33880|1129, 33880|1880, short_swipe, 
33880|1, 33880|1887, tap_regular_character, 
33880|1, 33880|338, 33872|344, 33872|362, 33880|370, 33880|1342, 33876|1347, 33876|1353, 33884|1359, 33884|1881, tap_regular_character, 
33884|1, 33884|482, 33880|488, 33880|1487, 33884|1493, 33884|1875, tap_regular_character, 
33884|1, 33884|1586, 33888|1592, 33888|1609, 33884|1616, tap_regular_character, 
