143873446|1, 143873620|333, 143873620|3820, com.android.chrome/org.chromium.chrome.browser.firstrun.FirstRunActivity, 
143873620|1, 143873620|742, 143873794|809, 143873968|884, 143878421|1035, 143879193|1082, 143879328|1123, 143879328|1220, 143880328|1252, 143880328|3002, 143880380|3160, 143880380|4008, com.android.chrome/org.chromium.chrome.browser.customtabs.CustomTabActivity, 
143880380|1, 143880380|714, 143880554|792, 143880554|4010, com.android.chrome/org.chromium.chrome.browser.firstrun.FirstRunActivity, 
143880554|1, 143880554|697, 143880728|798, 143880902|876, 143881285|936, 143885355|1046, 143885511|1121, 143886262|1214, 143886262|2054, 143887263|2119, 143887263|2960, 143887315|3155, 143887315|4025, com.android.chrome/org.chromium.chrome.browser.customtabs.PaymentHandlerActivity, 
143887315|1, 143887315|1121, 143887489|1209, 143887663|1304, 143887663|1436, 143892117|1554, 143892273|1635, 143893188|1702, 143893188|2184, 143894279|2216, 143894279|3123, 143894331|3167, 143894331|4006, com.android.chrome/org.chromium.chrome.browser.incognito.IncognitoTabLauncher, 
143894331|1, 143894331|836, 143894505|950, 143895062|1056, 143899134|1164, 143900041|1303, 143901041|1414, 143901041|3003, 143901093|3196, 143901093|4014, com.android.chrome/org.chromium.chrome.browser.customtabs.CustomTabActivity, 
143901093|1, 143901093|352, 143901441|482, 143901441|4023, com.android.chrome/org.chromium.chrome.browser.sync.ui.PassphraseActivity, 
143901441|1, 143901441|777, 143901615|906, 143902172|1040, 143906242|1130, 143907149|1248, 143908151|1341, 143908151|3126, 143908203|3157, 143908203|4017, com.android.chrome/org.chromium.chrome.browser.customtabs.PaymentHandlerActivity, 
143908203|1, 143908203|1168, 143908377|1273, 143908551|1407, 143908551|1536, 143913005|1623, 143913169|1717, 143913325|1772, 143914076|1807, 143914076|1870, 143915077|1924, 143915077|3112, 143915129|3199, 143915129|4007, com.android.chrome/org.chromium.chrome.browser.incognito.IncognitoTabLauncher, 
143915129|1, 143915129|1024, 143915303|1112, 143915477|1308, 143919930|1513, 143920949|1694, 143921001|1728, 143921001|3090, 143921948|3133, 143921948|4008, com.android.chrome/org.chromium.chrome.browser.incognito.IncognitoTabLauncher, 
143921948|1, 143921948|992, 143922122|1093, 143922122|1135, 143922679|1228, 143927971|1358, 143928878|1434, 143928878|1524, 143929876|1559, 143929876|3189, 143929928|3238, 143929928|4022, com.android.chrome/org.chromium.chrome.browser.customtabs.CustomTabActivity, 
143929928|1, 143929928|434, 143930102|521, 143930276|604, 143930276|4016, com.android.chrome/org.chromium.chrome.browser.sync.ui.PassphraseActivity, 
143930276|1, 143930276|835, 143930624|1025, 143935077|1166, 143935984|1309, 143936985|1397, 143936985|3075, 143937037|3188, 143937037|4015, com.android.chrome/org.chromium.chrome.browser.customtabs.PaymentHandlerActivity, 
143937037|1, 143937037|897, 143937385|1053, 143937768|1099, 143941838|1154, 143941838|1217, 143942693|1267, 143942745|1354, 143942745|1393, 143943836|1459, 143943836|3173, 143943888|3287, 143943888|4010, com.android.chrome/org.chromium.chrome.browser.customtabs.CustomTabActivity, 
143943888|1, 143943888|883, 143944062|1013, 143944236|1140, 143944619|1227, 143948845|1355, 143949596|1413, 143949596|1489, 143950544|1529, 143950596|1573, 143950596|3099, 143950648|3243, 143950648|4008, com.android.chrome/org.chromium.chrome.browser.customtabs.PaymentHandlerActivity, 
143950648|1, 143950648|842, 143950822|1016, 143950822|4004, com.android.chrome/org.chromium.chrome.browser.firstrun.FirstRunActivity, 
143950822|1, 143950822|564, 143950996|603, 143950996|4012, com.android.chrome/org.chromium.chrome.browser.sync.ui.PassphraseActivity, 
143950996|1, 143950996|1215, 143951170|1349, 143951675|1487, 143955798|1609, 143956653|1706, 143956705|1822, 143957706|1866, 143957706|3141, 143957758|3307, 143957758|4022, com.android.chrome/org.chromium.chrome.browser.customtabs.PaymentHandlerActivity, 
143957758|1, 143957758|1538, 143957932|1641, 143958106|1865, 143958106|2031, 143958489|2186, 143962879|2387, 143963630|2445, 143963630|2622, 143964631|2693, 143964631|3017, 143964683|3075, 143964683|4059, com.android.chrome/org.chromium.chrome.browser.incognito.IncognitoTabLauncher, 
143964683|1, 143964683|1267, 143964857|1459, 143965414|1671, 143969640|1827, 143970391|1958, 143970391|2220, 143971483|2279, 143971483|2981, 143971535|3082, 143971535|4003, com.android.chrome/org.chromium.chrome.browser.customtabs.CustomTabActivity, 
143971535|1, 143971535|1812, 143971709|2032, 143971883|2236, 143971883|2348, 143976337|2472, 143977356|2626, 143977408|2694, 143977408|2746, 143978408|2817, 143978408|3066, 143978460|3132, 143978460|4037, com.android.chrome/org.chromium.chrome.browser.incognito.IncognitoTabLauncher, 
143978460|1, 143978460|1089, 143978634|1366, 143978634|4030, com.android.chrome/org.chromium.chrome.browser.firstrun.FirstRunActivity, 
143978634|1, 143978634|1882, 143978982|2133, 143978982|2203, 143979365|2298, 143984559|2521, 143984559|2604, 143985560|2673, 143985560|3056, 143985612|3135, 143985612|4017, com.android.chrome/org.chromium.chrome.browser.incognito.IncognitoTabLauncher, 
143985612|1, 143985612|1765, 143985786|1957, 143985960|2185, 143986343|2416, 143990578|2560, 143991433|2659, 143991433|2751, 143992435|2814, 143992435|3170, 143992487|3235, 143992487|4008, com.android.chrome/org.chromium.chrome.browser.incognito.IncognitoTabLauncher, 
143992487|1, 143992487|1289, 143992661|1384, 143997115|1597, 143997271|1671, 143998022|1728, 143998022|1817, 143999022|1864, 143999022|3095, 143999074|3289, 143999074|4004, com.android.chrome/org.chromium.chrome.browser.customtabs.PaymentHandlerActivity, 
143999074|1, 143999074|1282, 143999248|1406, 143999422|1465, 143999422|1523, 144003875|1643, 144004730|1793, 144004782|1862, 144004782|1908, 144005784|1959, 144005784|3144, 144005836|3288, 144005836|4027, com.android.chrome/org.chromium.chrome.browser.customtabs.PaymentHandlerActivity, 
144005836|1, 144005836|1444, 144006184|1641, 144010637|1829, 144011544|2002, 144011544|2095, 144012543|2183, 144012543|3133, 144012595|3310, 144012595|4004, com.android.chrome/org.chromium.chrome.browser.customtabs.CustomTabActivity, 
144012595|1, 144012595|868, 144012769|1021, 144012769|2006, 144012811|2067, 144012811|4031, com.android.chrome/org.chromium.chrome.browser.sync.ui.PassphraseActivity, 
144012811|1, 144012811|1895, 144013340|2166, 144013514|2304, 144013514|2468, 144019353|2628, 144020260|2732, 144020260|2936, 144021354|3034, 144021354|3192, 144021406|3281, 144021406|4031, com.android.chrome/org.chromium.chrome.browser.incognito.IncognitoTabLauncher, 
144021406|1, 144021406|1762, 144021580|1900, 144021754|2195, 144022137|2424, 144027279|2677, 144027279|2858, 144028226|2904, 144028226|3094, 144028278|3226, 144028278|4028, com.android.chrome/org.chromium.chrome.browser.incognito.IncognitoTabLauncher, 
144028278|1, 144028278|1639, 144028452|1780, 144028626|1978, 144028626|2195, 144033244|2411, 144034151|2546, 144034151|2647, 144035152|2720, 144035152|3224, 144035204|3424, 144035204|4041, com.android.chrome/org.chromium.chrome.browser.incognito.IncognitoTabLauncher, 
144035204|1, 144035204|899, 144035378|1018, 144035378|4011, com.android.chrome/org.chromium.chrome.browser.sync.ui.PassphraseActivity, 
144035378|1, 144035378|917, 144035552|1242, 144035552|4037, com.android.chrome/org.chromium.chrome.browser.firstrun.FirstRunActivity, 
144035552|1, 144035552|794, 144035726|941, 144035726|4033, com.android.chrome/org.chromium.chrome.browser.sync.ui.PassphraseActivity, 
144035726|1, 144035726|1283, 144035900|1441, 144036074|1677, 144036074|4009, com.android.chrome/org.chromium.chrome.browser.firstrun.FirstRunActivity, 
144036074|1, 144036074|1341, 144036248|1498, 144036422|1622, 144040876|1760, 144041783|1943, 144041783|2012, 144042783|2073, 144042783|3059, 144042835|3248, 144042835|4015, com.android.chrome/org.chromium.chrome.browser.customtabs.CustomTabActivity, 
144042835|1, 144042835|1320, 144043009|1442, 144043009|4008, com.android.chrome/org.chromium.chrome.browser.firstrun.FirstRunActivity, 
144043009|1, 144043009|1429, 144043357|1596, 144047811|1746, 144048718|1901, 144048718|1999, 144049666|2046, 144049666|3090, 144049718|3270, 144049718|4042, com.android.chrome/org.chromium.chrome.browser.customtabs.CustomTabActivity, 
144049718|1, 144049718|1384, 144050275|1515, 144054346|1629, 144055253|1697, 144056202|1846, 144056202|3129, 144056254|3267, 144056254|4021, com.android.chrome/org.chromium.chrome.browser.customtabs.PaymentHandlerActivity, 
144056254|1, 144056254|891, 144056428|1017, 144056428|4022, com.android.chrome/org.chromium.chrome.browser.sync.ui.PassphraseActivity, 
144056428|1, 144056428|613, 144056602|706, 144056776|810, 144056776|4023, com.android.chrome/org.chromium.chrome.browser.sync.ui.PassphraseActivity, 
144056776|1, 144056776|1374, 144056950|1541, 144061404|1725, 144062311|1905, 144063311|2057, 144063311|3180, 144063363|3389, 144063363|4014, com.android.chrome/org.chromium.chrome.browser.customtabs.CustomTabActivity, 
144063363|1, 144063363|1234, 144063537|1462, 144067991|1577, 144067991|1670, 144068898|1809, 144069897|1951, 144069897|3057, 144069949|3247, 144069949|4025, com.android.chrome/org.chromium.chrome.browser.customtabs.CustomTabActivity, 
144069949|1, 144069949|772, 144070123|875, 144070123|964, 144070297|1043, 144070297|4024, com.android.chrome/org.chromium.chrome.browser.sync.ui.PassphraseActivity, 
144070297|1, 144070297|872, 144070471|982, 144070471|4034, com.android.chrome/org.chromium.chrome.browser.sync.ui.PassphraseActivity, 
144070471|1, 144070471|1289, 144070645|1384, 144071202|1543, 144075272|1725, 144076179|1837, 144076179|1892, 144077179|1948, 144077179|3131, 144077231|3372, 144077231|4007, com.android.chrome/org.chromium.chrome.browser.customtabs.PaymentHandlerActivity, 
144077231|1, 144077231|1206, 144077405|1374, 144082032|1514, 144082939|1652, 144083939|1779, 144083939|3080, 144083991|3219, 144083991|4005, com.android.chrome/org.chromium.chrome.browser.customtabs.PaymentHandlerActivity, 
144083991|1, 144083991|1015, 144084165|1284, 144084339|1457, 144084339|4001, com.android.chrome/org.chromium.chrome.browser.firstrun.FirstRunActivity, 
144084339|1, 144084339|1201, 144084513|1461, 144084513|4012, com.android.chrome/org.chromium.chrome.browser.firstrun.FirstRunActivity, 
144084513|1, 144084513|1199, 144084687|1504, 144084687|4017, com.android.chrome/org.chromium.chrome.browser.firstrun.FirstRunActivity, 
