365312|1, 365568|585, 365444|643, 365444|768, 365692|826, 365692|903, 365760|934, 365996|967, 366060|996, 366164|1027, 366164|1671, 366140|1702, 366140|1874, 366132|1896, 366132|2018, 366140|2042, 366140|2649, 365972|2747, 365972|2972, 365960|3002, 365880|3024, 365880|3934, com.android.chrome/org.chromium.chrome.browser.firstrun.FirstRunActivity, 
365880|1, 365880|612, 366128|682, 366128|885, 365880|936, 365752|1030, 365784|1136, 365984|1228, 366484|1273, 366584|1313, 366584|1975, 366588|1999, 366588|2046, 366652|2070, 366652|2096, 366684|2120, 366684|3038, 366696|3071, 366688|3116, 365704|3288, 365620|3355, 365620|4013, com.android.chrome/org.chromium.chrome.browser.customtabs.CustomTabActivity, 
365592|1, 365592|541, 365768|591, 365928|718, 365928|1207, 366300|1265, 366300|1521, 366424|1557, 366484|1594, 366388|1627, 366472|1668, 366472|2200, 366444|2226, 366444|3103, 366192|3190, 366192|3586, 366152|3612, 366148|3637, 366148|4015, com.android.chrome/org.chromium.chrome.browser.firstrun.FirstRunActivity, 
366148|1, 366132|191, 366132|514, 366380|607, 366380|770, 366132|865, 366132|1081, 366756|1186, 366924|1294, 366924|2067, 366940|2094, 366940|2141, 366992|2176, 367000|2237, 367000|3044, 365808|3232, 365808|3556, 365812|3599, 365812|4005, com.android.chrome/org.chromium.chrome.browser.customtabs.PaymentHandlerActivity, 
365832|1, 365832|707, 365828|738, 365828|774, 365952|839, 366076|1013, 366076|1065, 366176|1152, 366276|1201, 366152|1296, 366152|1495, 366752|1636, 366812|1726, 366884|1795, 366884|2625, 367196|2668, 367312|2705, 367420|2738, 367420|3126, 366656|3211, 366488|3264, 366488|3730, 366372|3761, 366188|3791, 366216|4002, com.android.chrome/org.chromium.chrome.browser.incognito.IncognitoTabLauncher, 
366240|1, 366444|304, 366444|745, 366692|870, 366692|1065, 366748|1191, 366748|1287, 367548|1436, 367548|2011, 367796|2038, 367796|2068, 367844|2097, 367916|2128, 367920|2164, 367920|2226, 367916|2255, 367916|2655, 367924|2692, 367924|3110, 367968|3153, 366228|3343, 366228|4027, com.android.chrome/org.chromium.chrome.browser.customtabs.CustomTabActivity, 
365984|1, 365984|347, 366108|381, 366232|452, 366084|538, 366160|643, 366160|840, 366096|873, 366096|1002, 366348|1059, 366348|1296, 366360|1336, 366360|1548, 366448|1594, 366448|2541, 366444|2568, 366440|2598, 366440|3123, 366272|3150, 366272|3545, 366312|3572, 366312|3621, 366216|3649, 366216|4013, com.android.chrome/org.chromium.chrome.browser.sync.ui.PassphraseActivity, 
366232|1, 366216|222, 366216|577, 366340|634, 366464|799, 366464|943, 366084|1098, 366256|1181, 366256|1321, 367056|1420, 367056|2033, 367076|2063, 367076|2094, 367100|2128, 367116|2159, 367124|2185, 367124|2294, 367136|2325, 367136|3059, 366320|3211, 366196|3246, 366196|3404, 366192|3438, 366192|4005, com.android.chrome/org.chromium.chrome.browser.customtabs.PaymentHandlerActivity, 
365960|1, 365960|660, 365952|705, 365952|862, 366076|933, 366076|1471, 366768|1652, 366992|1731, 366992|2344, 366996|2378, 366996|2661, 367020|2687, 367076|2716, 367076|3131, 366532|3173, 366144|3255, 366144|3623, 366140|3661, 366060|3691, 366076|3719, 366076|3949, 366080|3978, 366080|4024, com.android.chrome/org.chromium.chrome.browser.incognito.IncognitoTabLauncher, 
366092|1, 366108|299, 366108|757, 366232|848, 366356|943, 366464|1006, 366568|1045, 366624|1094, 366500|1173, 366500|1316, 367100|1545, 367100|1959, 367012|1991, 367072|2023, 367116|2061, 367156|2089, 367156|2261, 367356|2300, 367356|2330, 367456|2366, 367456|2642, 367464|2674, 367472|2711, 367472|2996, 367484|3069, 366912|3166, 366592|3215, 366592|4015, com.android.chrome/org.chromium.chrome.browser.incognito.IncognitoTabLauncher, 
366532|1, 366532|425, 366528|475, 366528|729, 366776|802, 366776|1096, 366576|1174, 366576|1298, 367476|1460, 367372|1529, 367372|2161, 367396|2205, 367396|2410, 367424|2442, 367436|2490, 367456|2519, 367456|3141, 366556|3283, 366432|3349, 366432|3440, 366328|3472, 366444|3501, 366444|3651, 366400|3683, 366400|4013, com.android.chrome/org.chromium.chrome.browser.customtabs.CustomTabActivity, 
366388|1, 366388|478, 366512|517, 366636|576, 366636|942, 366724|981, 366604|1020, 366672|1052, 366672|1207, 366924|1253, 366924|1981, 366932|2024, 367004|2063, 367004|2999, 366992|3025, 367000|3053, 367000|3161, 366832|3190, 366832|4011, com.android.chrome/org.chromium.chrome.browser.sync.ui.PassphraseActivity, 
366860|1, 366860|614, 366780|647, 367028|802, 367028|913, 366780|1098, 366780|1372, 367580|1496, 367580|1536, 367608|1562, 367652|1590, 367720|1628, 367660|1655, 367660|2575, 367696|2602, 367696|2634, 367716|2666, 367716|3109, 366648|3287, 366648|3441, 366580|3475, 366580|3628, 366512|3656, 366512|4003, com.android.chrome/org.chromium.chrome.browser.customtabs.PaymentHandlerActivity, 
366512|1, 366512|717, 366760|845, 366760|1033, 366872|1171, 366872|1472, 367572|1542, 367672|1602, 367672|2033, 367692|2072, 367704|2102, 367716|2137, 367740|2175, 367740|2369, 367748|2396, 367748|2819, 367764|2845, 367764|3113, 366988|3198, 366752|3431, 366752|4003, com.android.chrome/org.chromium.chrome.browser.customtabs.CustomTabActivity, 
366616|1, 366616|665, 366864|714, 366864|939, 366964|1042, 366964|1267, 367664|1415, 367760|1480, 367948|1558, 367840|1593, 367840|2517, 367868|2541, 367892|2570, 367892|3117, 366756|3309, 366756|3554, 366688|3581, 366688|4021, com.android.chrome/org.chromium.chrome.browser.customtabs.PaymentHandlerActivity, 
366688|1, 366696|197, 366696|676, 366944|741, 366944|889, 367048|1025, 367108|1194, 367108|1469, 367308|1507, 367308|1650, 368292|1688, 368864|1719, 368864|1780, 370368|1835, 370368|2005, 370524|2039, 370544|2080, 370576|2113, 370576|2171, 370548|2213, 370548|3066, 370552|3095, 370552|3172, 368872|3245, 368872|3421, 369040|3448, 369040|4011, com.android.chrome/org.chromium.chrome.browser.firstrun.FirstRunActivity, 
368964|1, 368964|401, 369212|521, 369108|606, 368908|683, 368908|898, 368888|936, 368888|1020, 369140|1064, 369140|1315, 369072|1341, 369072|1539, 369184|1577, 369184|2548, 369180|2572, 369180|3042, 367836|3099, 367584|3185, 367584|3532, 367572|3558, 367540|3588, 367540|4019, com.android.chrome/org.chromium.chrome.browser.sync.ui.PassphraseActivity, 
367556|1, 367552|276, 367552|864, 367800|1026, 367944|1174, 367944|1435, 367696|1554, 367696|1690, 368496|1796, 368496|2053, 368500|2092, 368364|2133, 368376|2171, 368376|3095, 368424|3135, 367524|3222, 367272|3415, 367272|3538, 367216|3582, 367216|4029, com.android.chrome/org.chromium.chrome.browser.customtabs.PaymentHandlerActivity, 
366996|1, 366996|397, 367008|479, 367008|1149, 367256|1263, 367456|1468, 367440|1523, 367440|1610, 367316|1732, 367316|2087, 367916|2280, 368044|2480, 368044|3097, 367320|3179, 367320|3352, 367176|3481, 367176|4031, com.android.chrome/org.chromium.chrome.browser.incognito.IncognitoTabLauncher, 
367172|1, 367172|594, 367156|677, 367228|791, 367228|881, 367476|1053, 367476|1466, 367512|1739, 367512|1905, 368312|2068, 368312|2614, 368336|2667, 368652|2712, 368652|2848, 368752|2898, 368752|3142, 367704|3319, 367704|3619, 367720|3669, 367668|3714, 367668|4013, com.android.chrome/org.chromium.chrome.browser.customtabs.CustomTabActivity, 
367668|1, 367680|220, 367680|385, 367672|438, 367672|1115, 367680|1197, 367680|1282, 367804|1360, 367928|1529, 367928|1862, 367680|2070, 367748|2294, 368348|2435, 368348|2534, 368448|2705, 368448|3064, 368544|3106, 368540|3146, 367664|3221, 367540|3294, 367540|4019, com.android.chrome/org.chromium.chrome.browser.incognito.IncognitoTabLauncher, 
367392|1, 367392|311, 367368|417, 367368|878, 367616|990, 367616|1128, 367752|1395, 367752|2202, 367760|2301, 367820|2372, 367820|2602, 368068|2659, 368068|2783, 368040|2821, 368040|3086, 367832|3186, 367832|3225, 367828|3265, 367828|3306, 367872|3345, 367824|3386, 367824|3785, 367908|3822, 367908|4017, com.android.chrome/org.chromium.chrome.browser.firstrun.FirstRunActivity, 
367844|1, 367844|762, 367856|836, 367840|917, 367840|1178, 368088|1340, 368088|1660, 368188|1748, 368204|1820, 368104|1907, 367856|2191, 368456|2262, 368456|2748, 368624|2819, 368580|2896, 368580|3133, 367856|3202, 367732|3270, 367732|3522, 367856|3586, 367856|3756, 367816|3797, 367708|3847, 367880|3890, 367880|4024, com.android.chrome/org.chromium.chrome.browser.incognito.IncognitoTabLauncher, 
367884|1, 367912|209, 367912|964, 367908|1020, 367896|1096, 367888|1147, 367888|1256, 368136|1410, 368136|1989, 368292|2169, 368992|2427, 368992|3011, 368984|3051, 368984|3089, 368988|3125, 368988|3202, 368140|3287, 368140|4031, com.android.chrome/org.chromium.chrome.browser.incognito.IncognitoTabLauncher, 
368056|1, 368056|291, 368048|339, 368044|382, 368044|812, 368292|912, 368292|1200, 368280|1310, 368352|1441, 368352|1645, 369052|1724, 369152|1791, 369152|2280, 369188|2317, 369228|2365, 369252|2401, 369252|2439, 369452|2485, 369452|2528, 369552|2569, 369552|3059, 369572|3109, 368640|3348, 368452|3403, 368452|3551, 368404|3588, 368404|4027, com.android.chrome/org.chromium.chrome.browser.customtabs.PaymentHandlerActivity, 
368416|1, 368416|639, 368408|713, 368408|916, 368656|1095, 368656|1449, 368356|1534, 368404|1593, 368400|1648, 368492|1781, 369292|1935, 369292|2501, 369296|2550, 369296|2605, 369324|2654, 369332|2712, 369332|3101, 369344|3199, 368528|3356, 368280|3408, 368280|3557, 368212|3599, 368180|3642, 368180|4029, com.android.chrome/org.chromium.chrome.browser.customtabs.PaymentHandlerActivity, 
368180|1, 368196|227, 368196|940, 368204|990, 368192|1050, 368440|1221, 368440|1828, 369344|2049, 369392|2166, 369392|2391, 369396|2427, 369396|2976, 369408|3051, 369428|3119, 369428|3202, 368504|3355, 368504|3609, 368376|3647, 368376|3796, 368428|3835, 368512|3923, 368428|3965, 368428|4016, com.android.chrome/org.chromium.chrome.browser.customtabs.CustomTabActivity, 
368264|1, 368264|760, 368512|921, 368512|1350, 368532|1396, 368520|1445, 368804|1528, 368804|2431, 368880|2464, 368880|3173, 368712|3268, 368712|3426, 368672|3458, 368656|3495, 368656|4006, com.android.chrome/org.chromium.chrome.browser.sync.ui.PassphraseActivity, 
368656|1, 368656|813, 368732|899, 368716|958, 368716|1290, 368964|1439, 368964|1810, 369088|1904, 368796|2096, 369396|2332, 369396|2453, 369496|2626, 369496|2835, 369504|2896, 369488|2948, 369488|3038, 369496|3150, 369496|3197, 368884|3248, 368564|3332, 368564|3889, 368560|3932, 368560|4013, com.android.chrome/org.chromium.chrome.browser.incognito.IncognitoTabLauncher, 
368572|1, 368592|186, 368592|991, 368588|1105, 368580|1171, 368580|1285, 368828|1419, 368828|1940, 368980|2167, 369580|2416, 369580|2987, 369572|3027, 369684|3087, 369688|3129, 369688|3176, 369088|3224, 368840|3395, 368892|4033, com.android.chrome/org.chromium.chrome.browser.incognito.IncognitoTabLauncher, 
368748|1, 368748|171, 368740|227, 368748|309, 368748|1157, 369016|1325, 369016|1988, 369020|2177, 369756|2421, 369756|3047, 369956|3096, 370056|3141, 369432|3207, 369268|3276, 369268|4016, com.android.chrome/org.chromium.chrome.browser.incognito.IncognitoTabLauncher, 
369180|1, 369180|482, 369168|588, 369168|674, 369416|793, 369416|947, 369216|1056, 369216|1385, 369108|1431, 369460|1524, 369464|1564, 369464|2552, 369456|2588, 369456|3244, 369288|3294, 369288|3515, 369236|3553, 369236|4032, com.android.chrome/org.chromium.chrome.browser.sync.ui.PassphraseActivity, 
369244|1, 369244|893, 369252|953, 369340|1215, 369092|1550, 369092|1878, 369644|1973, 369676|2015, 369676|2909, 369680|2942, 369656|2978, 369656|3058, 369672|3093, 369672|3260, 369420|3323, 369420|3508, 369416|3547, 369416|3950, 369420|3990, 369420|4026, com.android.chrome/org.chromium.chrome.browser.firstrun.FirstRunActivity, 
369380|1, 369380|699, 369628|853, 369628|931, 369380|1082, 369380|1292, 369224|1352, 369476|1434, 369540|1471, 369540|1593, 369584|1629, 369584|2406, 369576|2444, 369572|2483, 369572|3223, 369488|3349, 369488|3388, 369420|3425, 369360|3465, 369360|4029, com.android.chrome/org.chromium.chrome.browser.sync.ui.PassphraseActivity, 
369356|1, 369356|779, 369348|852, 369348|923, 369596|1158, 369596|1325, 369472|1430, 369224|1757, 369364|1809, 369460|1962, 369460|2159, 369708|2256, 369708|2571, 370608|2685, 370608|2733, 370592|2784, 370720|2859, 370872|2926, 370872|3194, 370748|3289, 370748|3441, 370676|3480, 370676|3845, 370592|3879, 370576|3914, 370576|4024, com.android.chrome/org.chromium.chrome.browser.firstrun.FirstRunActivity, 
370576|1, 370576|222, 370580|304, 370568|384, 370568|984, 370816|1126, 370836|1262, 370928|1427, 370556|1594, 370556|1986, 371356|2119, 371356|2179, 371412|2228, 371420|2270, 371420|2310, 371392|2349, 371396|2387, 371396|3165, 370500|3338, 370276|3408, 370276|4029, com.android.chrome/org.chromium.chrome.browser.customtabs.CustomTabActivity, 
370268|1, 370268|685, 370332|774, 370328|858, 370328|912, 370576|1098, 370576|1681, 370620|1752, 371056|1912, 371056|2654, 371084|2701, 371124|2756, 371100|2799, 371100|2881, 371096|2918, 371096|3137, 371012|3291, 370844|3332, 370844|3488, 370836|3524, 370836|3739, 370808|3772, 370808|4003, com.android.chrome/org.chromium.chrome.browser.firstrun.FirstRunActivity, 
370808|1, 370808|176, 370816|253, 370816|944, 371064|1096, 371144|1295, 371144|1417, 370720|1619, 370720|1933, 371520|2053, 371520|2105, 371604|2146, 371620|2201, 371632|2251, 371632|3142, 370772|3297, 370648|3385, 370648|3504, 370564|3550, 370564|4024, com.android.chrome/org.chromium.chrome.browser.customtabs.CustomTabActivity, 
370504|1, 370504|904, 370752|1037, 370752|1561, 370836|1645, 370860|1757, 370860|1987, 371484|2060, 371484|2212, 371584|2246, 371688|2287, 371688|2552, 371704|2594, 371740|2640, 371720|2687, 371720|3184, 370940|3259, 370648|3410, 370648|3554, 370600|3598, 370640|3634, 370576|3673, 370576|4016, com.android.chrome/org.chromium.chrome.browser.customtabs.PaymentHandlerActivity, 
370580|1, 370580|665, 370704|791, 370828|851, 370876|924, 370840|1061, 370840|1259, 370856|1312, 370856|1412, 371108|1505, 371108|1939, 371204|2000, 371204|2932, 371208|2965, 371196|3001, 371196|3114, 371028|3213, 371028|3938, 371032|3971, 370976|4010, com.android.chrome/org.chromium.chrome.browser.sync.ui.PassphraseActivity, 
370976|1, 370976|467, 370972|504, 370972|561, 371220|688, 370972|771, 370972|1051, 371000|1094, 371000|1199, 371032|1246, 371032|1308, 371188|1438, 371288|1481, 371256|1519, 371256|3132, 371088|3176, 371088|3471, 371040|3509, 371040|4015, com.android.chrome/org.chromium.chrome.browser.sync.ui.PassphraseActivity, 
371040|1, 371040|826, 371044|885, 371040|925, 371044|967, 371044|1076, 371292|1216, 371292|1560, 371044|1788, 371024|1950, 371868|2130, 371868|2871, 371900|2930, 371920|2980, 371920|3232, 370936|3484, 370936|3807, 370840|3843, 370840|3923, 370852|3958, 370776|3994, 370776|4043, com.android.chrome/org.chromium.chrome.browser.customtabs.CustomTabActivity, 
370776|1, 370776|183, 370796|254, 370796|948, 371044|1117, 371228|1257, 371104|1500, 371104|2088, 371912|2131, 371940|2174, 371976|2213, 371976|3108, 371200|3302, 371076|3389, 371076|3716, 371032|3761, 371032|4030, com.android.chrome/org.chromium.chrome.browser.customtabs.CustomTabActivity, 
370872|1, 370872|654, 371004|706, 371140|780, 371140|1290, 371176|1338, 371176|1389, 371428|1476, 371428|1708, 371496|1746, 371496|2693, 371484|2728, 371484|3227, 371316|3270, 371316|3712, 371268|3748, 371268|4006, com.android.chrome/org.chromium.chrome.browser.sync.ui.PassphraseActivity, 
371268|1, 371268|141, 371256|239, 371256|713, 371380|804, 371504|900, 371256|963, 371256|1100, 371136|1167, 371300|1227, 371300|1324, 371216|1376, 371216|1469, 371468|1545, 371468|2163, 371548|2207, 371548|3150, 371544|3189, 371548|3365, 371464|3408, 371464|4001, com.android.chrome/org.chromium.chrome.browser.sync.ui.PassphraseActivity, 
372084|1, 372084|550, 372160|601, 372160|961, 372408|1069, 372408|1429, 372168|1590, 372156|1749, 372956|1889, 372956|2491, 373000|2532, 373024|2578, 373028|2620, 373028|3082, 373112|3121, 373140|3162, 373140|3204, 372172|3404, 372048|3510, 372048|3580, 372036|3623, 372036|3660, 371960|3695, 371960|4028, com.android.chrome/org.chromium.chrome.browser.customtabs.PaymentHandlerActivity, 
371972|1, 371972|408, 373212|517, 373708|600, 373708|661, 373800|720, 373808|767, 373824|818, 373824|867, 374072|1058, 374072|1660, 374904|1797, 375000|1911, 375000|2197, 375024|2235, 375024|2773, 375040|2898, 375040|3080, 374340|3122, 374240|3204, 374116|3319, 374116|3424, 374016|3470, 374016|3803, 373884|3837, 373968|3909, 373884|3943, 373884|4012, com.android.chrome/org.chromium.chrome.browser.customtabs.PaymentHandlerActivity, 
373884|1, 373884|234, 373908|289, 373908|869, 374156|1003, 374324|1230, 374248|1510, 374248|1721, 374596|1912, 374596|2147, 375160|2203, 375228|2260, 375832|2311, 375832|2364, 375560|2411, 375204|2464, 375204|2902, 375216|2941, 375216|3223, 375052|3303, 375052|3448, 374964|3483, 374964|4029, com.android.chrome/org.chromium.chrome.browser.firstrun.FirstRunActivity, 
374964|1, 374964|555, 374952|628, 374956|700, 374956|1014, 375204|1142, 375204|1247, 374956|1470, 374728|1609, 374888|1682, 375008|1764, 375008|1851, 375208|1962, 375208|2375, 373388|2452, 373388|2578, 373544|2658, 373556|2712, 373556|2996, 373548|3031, 373548|3220, 373296|3262, 373296|3441, 373268|3484, 373268|3667, 373260|3703, 373272|3741, 373272|4026, com.android.chrome/org.chromium.chrome.browser.firstrun.FirstRunActivity, 
373272|1, 373272|186, 373276|271, 373276|885, 373524|1001, 373524|1228, 373308|1534, 373308|1770, 373556|1873, 373556|2149, 373572|2208, 373712|2282, 373712|3104, 373708|3157, 373708|3194, 373612|3306, 373444|3362, 373444|4009, com.android.chrome/org.chromium.chrome.browser.firstrun.FirstRunActivity, 
