2022996|1, 2022856|133, 2022856|322, 2022796|361, 2022796|826, 2022716|878, 2022716|1035, 2022636|1072, 2022636|1108, 2022576|1133, 2022576|1341, 2022516|1368, 2022516|2472, 2022436|2499, 2022436|3672, com.android.chrome/org.chromium.chrome.browser.firstrun.FirstRunActivity, 
2022436|1, 2022436|691, 2022052|759, 2020454|851, 2015483|982, 2014597|1029, 2014465|1068, 2014405|1131, 2013106|1166, 2013106|1305, 2013046|1395, 2013046|1761, 2012906|1785, 2012906|2002, 2012826|2058, 2012766|2098, 2012766|2308, 2012706|2330, 2012706|2989, 2012550|3112, 2012550|4009, com.android.chrome/org.chromium.chrome.browser.customtabs.CustomTabActivity, 
2012550|1, 2012550|372, 2012490|498, 2012360|592, 2012106|693, 2012106|772, 2012026|831, 2012026|939, 2011966|987, 2011966|1110, 2011906|1146, 2011906|1656, 2011826|1708, 2011826|1795, 2011746|1832, 2011746|1940, 2011686|1962, 2011686|2108, 2011626|2133, 2011626|3375, 2011546|3398, 2011546|4023, com.android.chrome/org.chromium.chrome.browser.firstrun.FirstRunActivity, 
2011546|1, 2011546|672, 2010878|794, 2009280|853, 2005054|917, 2005054|1018, 2003231|1143, 2003231|1267, 2003159|1292, 2003087|1318, 2003087|1344, 2003027|1371, 2003027|1793, 2002947|1814, 2002947|1997, 2001803|2027, 2001723|2092, 2001663|2226, 2001663|2341, 2001603|2369, 2001603|3068, 2001447|3124, 2001447|4020, com.android.chrome/org.chromium.chrome.browser.customtabs.PaymentHandlerActivity, 
2001447|1, 2001447|1035, 2001063|1120, 2001063|1183, 2000679|1311, 1999465|1451, 1995098|1539, 1993023|1611, 1992971|1668, 1992971|1751, 1992911|1781, 1992911|1822, 1992831|1852, 1992831|1886, 1992771|1920, 1992771|2117, 1992711|2147, 1991465|2181, 1991465|2211, 1991385|2267, 1991385|2460, 1991305|2489, 1991245|2539, 1991245|2568, 1991165|2622, 1991165|2763, 1991105|2803, 1991025|2849, 1991025|2888, 1990965|2917, 1990965|3093, 1990809|3132, 1990809|4022, com.android.chrome/org.chromium.chrome.browser.incognito.IncognitoTabLauncher, 
1990749|1, 1990749|703, 1990619|777, 1989981|922, 1984539|1015, 1983794|1130, 1982716|1278, 1981573|1377, 1981573|1417, 1981513|1460, 1981513|1878, 1981433|1912, 1981433|2133, 1981353|2175, 1981293|2213, 1981293|2432, 1981233|2469, 1981233|2892, 1981077|3084, 1981077|4011, com.android.chrome/org.chromium.chrome.browser.customtabs.CustomTabActivity, 
1981077|1, 1981077|222, 1980543|317, 1980159|443, 1980159|649, 1980079|678, 1980079|711, 1980019|739, 1980019|946, 1979959|974, 1979959|1402, 1979879|1439, 1979879|1628, 1979799|1667, 1979799|1713, 1979739|1764, 1979739|1945, 1979679|1974, 1979679|4216, com.android.chrome/org.chromium.chrome.browser.sync.ui.PassphraseActivity, 
1979679|1, 1979679|739, 1979295|860, 1973471|1000, 1971840|1121, 1971648|1214, 1970347|1306, 1970347|1405, 1970287|1435, 1970287|1861, 1970207|1893, 1970207|2125, 1970127|2154, 1970127|2185, 1970067|2223, 1970067|2411, 1970007|2438, 1970007|3036, 1969851|3074, 1969851|4020, com.android.chrome/org.chromium.chrome.browser.customtabs.PaymentHandlerActivity, 
1969851|1, 1969851|1082, 1969467|1146, 1969467|1243, 1969083|1423, 1967869|1511, 1963138|1632, 1962393|1697, 1961455|1740, 1961455|1801, 1961375|1843, 1960111|1895, 1960111|2132, 1960051|2163, 1960051|2286, 1959971|2327, 1959971|2534, 1959891|2572, 1959811|2608, 1959751|2638, 1959751|2802, 1959671|2832, 1959611|2882, 1959551|2918, 1959551|2952, 1959499|3035, 1959499|3075, 1959395|3220, 1959395|4026, com.android.chrome/org.chromium.chrome.browser.incognito.IncognitoTabLauncher, 
1959395|1, 1959395|1021, 1959011|1109, 1958627|1363, 1952611|1584, 1950908|1668, 1950856|1700, 1950856|1734, 1950776|1771, 1950716|1811, 1950656|1844, 1950656|2056, 1950596|2086, 1950596|2222, 1950516|2264, 1950516|2447, 1950436|2472, 1950436|2499, 1950296|2528, 1950296|2754, 1950156|2791, 1950096|2845, 1950096|3022, 1949984|3067, 1948877|3124, 1948877|4007, com.android.chrome/org.chromium.chrome.browser.incognito.IncognitoTabLauncher, 
1948877|1, 1948877|904, 1948493|967, 1948493|1055, 1948363|1103, 1941383|1238, 1940638|1330, 1939560|1431, 1939104|1479, 1938419|1523, 1938419|1651, 1938359|1690, 1938359|2104, 1938279|2141, 1938279|2331, 1938199|2362, 1938199|2398, 1938139|2425, 1938139|2632, 1938079|2676, 1938079|3047, 1937923|3154, 1937923|4005, com.android.chrome/org.chromium.chrome.browser.customtabs.CustomTabActivity, 
1937923|1, 1937923|394, 1937389|473, 1937005|547, 1937005|745, 1936925|785, 1936925|817, 1936865|861, 1936865|1052, 1936805|1079, 1936805|1484, 1936725|1519, 1936725|1744, 1936645|1789, 1936585|1826, 1936585|2052, 1936525|2079, 1936525|4116, com.android.chrome/org.chromium.chrome.browser.sync.ui.PassphraseActivity, 
1936525|1, 1936525|731, 1936141|876, 1934543|1037, 1929572|1158, 1927194|1316, 1927194|1490, 1927134|1519, 1927134|1930, 1927054|1966, 1927054|2181, 1926974|2213, 1926974|2244, 1926914|2285, 1926914|2469, 1926854|2499, 1926854|2944, 1926698|3119, 1926698|4003, com.android.chrome/org.chromium.chrome.browser.customtabs.PaymentHandlerActivity, 
1926698|1, 1926698|809, 1926164|902, 1924566|1016, 1920340|1060, 1920340|1135, 1919595|1179, 1918577|1244, 1918517|1317, 1917219|1371, 1917219|1491, 1917159|1525, 1917159|1953, 1917079|2005, 1917079|2176, 1916999|2205, 1916999|2237, 1916939|2265, 1916939|2497, 1916879|2524, 1916879|2919, 1916723|3192, 1916723|4003, com.android.chrome/org.chromium.chrome.browser.customtabs.CustomTabActivity, 
1916723|1, 1916723|880, 1916209|1023, 1914793|1131, 1910515|1242, 1908744|1347, 1908692|1427, 1908692|1462, 1907549|1501, 1907549|1576, 1907489|1604, 1907489|2021, 1907409|2053, 1907409|2269, 1907269|2352, 1907269|2573, 1907209|2870, 1907209|2988, 1907157|3148, 1907053|3218, 1907053|4001, com.android.chrome/org.chromium.chrome.browser.customtabs.PaymentHandlerActivity, 
1907053|1, 1907053|837, 1906669|1023, 1906589|1141, 1906589|1180, 1906529|1219, 1906529|1413, 1906325|1453, 1906325|1867, 1906245|1901, 1906245|2107, 1906165|2135, 1906165|2167, 1906105|2201, 1906105|2415, 1906045|2441, 1906045|4007, com.android.chrome/org.chromium.chrome.browser.firstrun.FirstRunActivity, 
1906045|1, 1906045|441, 1905915|520, 1905661|562, 1905661|767, 1905581|821, 1905521|857, 1905521|1073, 1905461|1101, 1905461|1523, 1905381|1573, 1905381|1731, 1905301|1775, 1905301|1821, 1905241|1847, 1905241|2043, 1905181|2079, 1905181|4073, com.android.chrome/org.chromium.chrome.browser.sync.ui.PassphraseActivity, 
1905181|1, 1905181|1176, 1904797|1330, 1898972|1476, 1898227|1581, 1897209|1669, 1896005|1764, 1896005|1882, 1895945|1919, 1895945|2369, 1895865|2408, 1895865|2600, 1895785|2669, 1895725|2717, 1895441|2803, 1895441|2885, 1895381|2922, 1895381|2977, 1895225|3199, 1895225|4029, com.android.chrome/org.chromium.chrome.browser.customtabs.PaymentHandlerActivity, 
1895225|1, 1895225|1529, 1894841|1652, 1894457|1874, 1894317|2064, 1888877|2221, 1886822|2355, 1886770|2400, 1886770|2451, 1886690|2524, 1885382|2588, 1885330|2648, 1885330|2739, 1885250|2775, 1885190|2817, 1885190|2974, 1885034|3035, 1885034|4013, com.android.chrome/org.chromium.chrome.browser.incognito.IncognitoTabLauncher, 
1885034|1, 1885034|1228, 1884266|1467, 1878826|1652, 1877055|1783, 1877003|1896, 1877003|1949, 1876943|2040, 1876943|2113, 1875488|2161, 1875488|2399, 1875408|2448, 1875408|2630, 1875328|2678, 1875268|2728, 1875268|2916, 1875052|3057, 1875052|4009, com.android.chrome/org.chromium.chrome.browser.customtabs.CustomTabActivity, 
1875052|1, 1875052|1667, 1874668|1858, 1874284|2052, 1874284|2250, 1874204|2320, 1868339|2481, 1866596|2598, 1866596|2711, 1865313|2796, 1865313|3040, 1865077|3109, 1865077|4042, com.android.chrome/org.chromium.chrome.browser.incognito.IncognitoTabLauncher, 
1865077|1, 1865077|926, 1864866|1166, 1864693|1323, 1864693|1397, 1864553|1508, 1864553|1669, 1864493|1712, 1864493|1917, 1864349|1982, 1864349|2163, 1864269|2235, 1864269|2397, 1864189|2460, 1864129|2503, 1864129|2704, 1864069|2750, 1864069|4085, com.android.chrome/org.chromium.chrome.browser.firstrun.FirstRunActivity, 
1864069|1, 1864069|1735, 1863151|1983, 1863151|2095, 1862558|2191, 1857466|2309, 1855419|2504, 1855359|2571, 1853919|2643, 1853919|2875, 1853859|2915, 1853859|2965, 1853779|3030, 1853623|3098, 1853623|4009, com.android.chrome/org.chromium.chrome.browser.incognito.IncognitoTabLauncher, 
1853623|1, 1853623|1585, 1853239|1803, 1853239|1964, 1852855|2187, 1847274|2397, 1846105|2551, 1845271|2600, 1845219|2647, 1845139|2695, 1843778|2769, 1843778|2963, 1843638|3025, 1843586|3119, 1843482|3178, 1843482|4026, com.android.chrome/org.chromium.chrome.browser.incognito.IncognitoTabLauncher, 
1843482|1, 1843482|1271, 1837657|1474, 1837577|1574, 1835834|1653, 1835834|1718, 1834691|1788, 1834691|1833, 1834631|1897, 1834631|2303, 1834551|2345, 1834551|2514, 1834471|2560, 1834411|2629, 1834411|2840, 1834351|2881, 1834351|3180, 1834195|3264, 1834195|4007, com.android.chrome/org.chromium.chrome.browser.customtabs.PaymentHandlerActivity, 
1834195|1, 1834195|1272, 1833357|1385, 1833277|1450, 1832684|1498, 1827757|1632, 1826014|1767, 1826014|1832, 1824921|1882, 1824809|1932, 1824809|2360, 1824729|2407, 1824729|2571, 1824649|2635, 1824649|2690, 1824589|2772, 1824589|2918, 1824529|2957, 1824529|3160, 1824373|3262, 1824373|4040, com.android.chrome/org.chromium.chrome.browser.customtabs.PaymentHandlerActivity, 
1824373|1, 1824373|1339, 1823989|1481, 1823605|1614, 1817240|1880, 1816198|2004, 1816198|2047, 1814840|2138, 1814840|2504, 1814760|2544, 1814760|2763, 1814680|2811, 1814620|2887, 1814620|3037, 1814560|3127, 1814404|3272, 1814404|4006, com.android.chrome/org.chromium.chrome.browser.customtabs.CustomTabActivity, 
1814404|1, 1814404|729, 1814020|893, 1814020|1027, 1813940|1075, 1813940|1122, 1813880|1171, 1813880|1352, 1813820|1400, 1813820|1830, 1813740|1896, 1813656|1963, 1813656|2035, 1813576|2093, 1813516|2150, 1813516|2361, 1813456|2404, 1813456|4015, com.android.chrome/org.chromium.chrome.browser.sync.ui.PassphraseActivity, 
1813456|1, 1813456|1757, 1812166|1928, 1811782|2179, 1811782|2293, 1810428|2457, 1803807|2625, 1802809|2692, 1802809|2745, 1802729|2803, 1802669|2853, 1801392|2895, 1801340|3008, 1801340|3105, 1801104|3182, 1801104|4023, com.android.chrome/org.chromium.chrome.browser.incognito.IncognitoTabLauncher, 
1801024|1, 1800944|85, 1800944|945, 1800864|1008, 1800864|1737, 1800196|1927, 1799812|2218, 1792184|2540, 1792124|2642, 1792124|2682, 1792044|2731, 1791984|2781, 1791037|2822, 1790894|2867, 1790894|2971, 1790814|3013, 1790674|3063, 1790518|3196, 1790518|4032, com.android.chrome/org.chromium.chrome.browser.incognito.IncognitoTabLauncher, 
1790438|1, 1790438|1531, 1790373|1648, 1790054|1813, 1789670|1995, 1783949|2246, 1782780|2453, 1781842|2519, 1781842|2563, 1781762|2618, 1780558|2703, 1780558|2869, 1780418|2917, 1780418|3072, 1780366|3146, 1780366|3206, 1780202|3420, 1780202|4011, com.android.chrome/org.chromium.chrome.browser.incognito.IncognitoTabLauncher, 
1780202|1, 1780202|306, 1780142|417, 1780142|464, 1780082|503, 1780082|770, 1779871|847, 1779698|970, 1779698|1069, 1779618|1113, 1779558|1165, 1779558|1354, 1779498|1396, 1779438|1440, 1779438|1818, 1779358|1881, 1779214|1961, 1779214|2083, 1779134|2155, 1779074|2236, 1779074|2384, 1779014|2420, 1779014|2457, 1778934|2506, 1778934|3386, 1778874|3432, 1778874|4012, com.android.chrome/org.chromium.chrome.browser.sync.ui.PassphraseActivity, 
1778814|1, 1778814|809, 1778734|1020, 1778270|1354, 1778210|1474, 1778210|1600, 1778150|1661, 1778150|2043, 1778070|2092, 1778070|2266, 1777990|2330, 1777930|2408, 1777930|2591, 1777870|2644, 1777870|2874, 1777810|2914, 1777810|4080, com.android.chrome/org.chromium.chrome.browser.firstrun.FirstRunActivity, 
1777810|1, 1777810|762, 1777426|920, 1777426|1041, 1777346|1089, 1777346|1142, 1777286|1203, 1777286|1367, 1777226|1410, 1777226|1786, 1777146|1867, 1777146|1983, 1777066|2082, 1777006|2190, 1777006|2373, 1776946|2408, 1776946|3423, 1776886|3463, 1776886|4031, com.android.chrome/org.chromium.chrome.browser.sync.ui.PassphraseActivity, 
1776886|1, 1776886|1252, 1776118|1443, 1776118|1642, 1775978|1757, 1775918|1886, 1775918|1947, 1775858|2075, 1775858|2395, 1775778|2517, 1775778|2616, 1775698|2688, 1775638|2757, 1775638|2951, 1775578|2988, 1775578|4005, com.android.chrome/org.chromium.chrome.browser.firstrun.FirstRunActivity, 
1775578|1, 1775578|306, 1775498|419, 1775498|1256, 1775368|1381, 1774899|1491, 1773366|1627, 1768366|1793, 1767316|1941, 1766173|2001, 1766113|2056, 1766113|2489, 1766033|2529, 1766033|2702, 1765953|2760, 1765893|2846, 1765893|2994, 1765833|3052, 1765597|3235, 1765597|4038, com.android.chrome/org.chromium.chrome.browser.customtabs.CustomTabActivity, 
1765597|1, 1765597|1094, 1765213|1288, 1765213|1462, 1765133|1532, 1765073|1682, 1765073|1769, 1765013|1817, 1765013|1875, 1764869|1949, 1764869|2228, 1764789|2269, 1764789|2484, 1764709|2538, 1764649|2584, 1764649|2775, 1764589|2814, 1764589|4031, com.android.chrome/org.chromium.chrome.browser.firstrun.FirstRunActivity, 
1764589|1, 1764589|1131, 1764529|1259, 1764145|1422, 1762599|1586, 1758320|1740, 1756497|1908, 1755406|1963, 1755406|2061, 1755346|2109, 1755346|2496, 1755266|2546, 1755266|2765, 1755126|2830, 1755126|3003, 1755066|3093, 1754910|3242, 1754910|4007, com.android.chrome/org.chromium.chrome.browser.customtabs.CustomTabActivity, 
1754850|1, 1754850|1220, 1754466|1415, 1753252|1512, 1748200|1625, 1747254|1681, 1746006|1842, 1745946|1931, 1745946|2355, 1745866|2391, 1745866|2563, 1745786|2603, 1745786|2649, 1745726|2706, 1745726|2860, 1745666|2894, 1745666|3126, 1745510|3281, 1745510|4037, com.android.chrome/org.chromium.chrome.browser.customtabs.PaymentHandlerActivity, 
1745510|1, 1745510|905, 1745126|1009, 1745126|1134, 1745046|1185, 1744986|1240, 1744986|1455, 1744926|1493, 1744926|1870, 1744846|1942, 1744846|2117, 1744766|2192, 1744706|2262, 1744706|2446, 1744646|2487, 1744646|4031, com.android.chrome/org.chromium.chrome.browser.sync.ui.PassphraseActivity, 
1744646|1, 1744646|586, 1744262|681, 1743878|785, 1743878|967, 1743798|1024, 1743738|1072, 1743738|1266, 1743678|1309, 1743678|1715, 1743598|1768, 1743598|1959, 1743518|2024, 1743458|2094, 1743458|2275, 1743398|2311, 1743398|4028, com.android.chrome/org.chromium.chrome.browser.sync.ui.PassphraseActivity, 
1743398|1, 1743398|1359, 1743014|1531, 1736748|1727, 1734451|1916, 1734391|2023, 1734391|2176, 1734247|2217, 1734247|2402, 1734167|2440, 1734167|2635, 1734087|2673, 1734087|2721, 1734027|2785, 1734027|2887, 1733967|3031, 1733811|3288, 1733811|4021, com.android.chrome/org.chromium.chrome.browser.customtabs.CustomTabActivity, 
1733811|1, 1733811|1094, 1733427|1321, 1732946|1458, 1727906|1561, 1726215|1674, 1724865|1845, 1724805|1927, 1724805|2272, 1724725|2312, 1724725|2538, 1724645|2577, 1724585|2631, 1724585|2835, 1724525|2884, 1724525|3088, 1724369|3242, 1724369|4041, com.android.chrome/org.chromium.chrome.browser.customtabs.CustomTabActivity, 
1724369|1, 1724369|747, 1723944|845, 1723944|933, 1723560|1007, 1723560|1195, 1723480|1246, 1723420|1314, 1723420|1487, 1723360|1530, 1723360|1907, 1723280|1950, 1723280|2144, 1723200|2189, 1723200|2242, 1723140|2283, 1723140|2475, 1723080|2508, 1723080|2736, 1722796|2770, 1722796|4010, com.android.chrome/org.chromium.chrome.browser.sync.ui.PassphraseActivity, 
1722796|1, 1722796|860, 1722412|990, 1722412|1122, 1722332|1174, 1722272|1219, 1722272|1362, 1722212|1440, 1722212|1840, 1722132|1899, 1722132|2104, 1722052|2155, 1721992|2222, 1721992|2405, 1721932|2441, 1721932|4013, com.android.chrome/org.chromium.chrome.browser.sync.ui.PassphraseActivity, 
1721932|1, 1721932|1263, 1721398|1366, 1715574|1558, 1714749|1708, 1713751|1818, 1713751|1861, 1712452|1921, 1712452|1969, 1712392|2012, 1712392|2412, 1712312|2452, 1712312|2629, 1712232|2689, 1712172|2764, 1712172|2955, 1712112|2992, 1712112|3173, 1711956|3341, 1711956|4009, com.android.chrome/org.chromium.chrome.browser.customtabs.PaymentHandlerActivity, 
1711956|1, 1711956|1099, 1711422|1243, 1709824|1398, 1704853|1538, 1703835|1677, 1702332|1787, 1702332|1839, 1702272|1882, 1702272|2356, 1702192|2396, 1702192|2526, 1702112|2573, 1702112|2659, 1702052|2781, 1702052|2846, 1701992|2880, 1701992|3083, 1701836|3199, 1701836|4013, com.android.chrome/org.chromium.chrome.browser.customtabs.PaymentHandlerActivity, 
1701836|1, 1701836|830, 1701532|1047, 1701068|1340, 1701068|1428, 1700988|1552, 1700928|1763, 1700928|1831, 1700868|1883, 1700868|2259, 1700788|2316, 1700788|2518, 1700708|2566, 1700648|2605, 1700648|2799, 1700588|2835, 1700588|4033, com.android.chrome/org.chromium.chrome.browser.firstrun.FirstRunActivity, 
1700588|1, 1700588|1075, 1700204|1247, 1700204|1443, 1700124|1504, 1700064|1593, 1700064|1767, 1700004|1851, 1700004|2210, 1699924|2282, 1699924|2413, 1699844|2490, 1699784|2545, 1699784|2754, 1699724|2792, 1699724|4010, com.android.chrome/org.chromium.chrome.browser.firstrun.FirstRunActivity, 
1699724|1, 1699724|1068, 1699340|1359, 1699260|1493, 1699200|1561, 1699200|1731, 1699140|1787, 1699140|2141, 1699060|2200, 1699060|2371, 1698980|2439, 1698980|2485, 1698920|2532, 1698920|2695, 1698860|2736, 1698860|4023, com.android.chrome/org.chromium.chrome.browser.firstrun.FirstRunActivity, 
