11448|1, 11464|534, 11464|847, 11560|880, 11704|911, 11712|942, 11856|986, 11856|1613, 11848|1647, 11848|1916, 11896|1938, 11760|1960, 11760|2622, 11352|2689, 11352|2914, 11408|2945, 11288|2967, 11288|3945, com.android.chrome/org.chromium.chrome.browser.firstrun.FirstRunActivity, 
11288|1, 11344|283, 11344|867, 11632|965, 11872|1075, 11872|1906, 11888|1930, 11888|1977, 11912|2002, 11912|2026, 11968|2051, 11968|2143, 11832|2170, 11832|2968, 11888|3010, 11888|3078, 11480|3225, 11344|3287, 11344|3970, 11296|3994, 11280|4020, com.android.chrome/org.chromium.chrome.browser.customtabs.CustomTabActivity, 
11280|1, 11280|472, 11592|559, 11744|649, 11744|1452, 11752|1491, 11776|1524, 11840|1564, 11816|1600, 11816|2129, 11864|2156, 11864|2543, 11720|2567, 11720|3037, 11448|3121, 11448|3515, 11344|3543, 11224|3567, 11224|4009, com.android.chrome/org.chromium.chrome.browser.firstrun.FirstRunActivity, 
11224|1, 11320|152, 11320|1051, 11720|1149, 11880|1255, 11880|2028, 11904|2055, 11904|2100, 11944|2142, 11936|2200, 11936|3004, 11288|3194, 11288|3411, 11272|3440, 11272|4018, com.android.chrome/org.chromium.chrome.browser.customtabs.PaymentHandlerActivity, 
11224|1, 11224|623, 11296|661, 11416|692, 11416|1596, 11832|1683, 11912|1751, 11912|2578, 11904|2627, 11928|2659, 12008|2692, 12008|3125, 11464|3176, 11328|3218, 11328|3686, 11400|3715, 11392|3745, 11392|3909, 11384|3956, 11368|3983, 11368|4012, com.android.chrome/org.chromium.chrome.browser.incognito.IncognitoTabLauncher, 
11368|1, 11392|243, 11392|998, 11848|1128, 11848|1999, 11872|2030, 11864|2060, 11904|2096, 11904|2156, 11920|2188, 11920|3042, 11896|3086, 11488|3275, 11488|3529, 11344|3556, 11344|4026, com.android.chrome/org.chromium.chrome.browser.customtabs.CustomTabActivity, 
11320|1, 11320|398, 11296|511, 11448|589, 11448|778, 11616|813, 11616|1233, 11608|1276, 11608|1486, 11504|1534, 11504|2478, 11496|2507, 11504|2536, 11504|3061, 11368|3089, 11368|3483, 11296|3511, 11296|3559, 11256|3589, 11256|4018, com.android.chrome/org.chromium.chrome.browser.sync.ui.PassphraseActivity, 
11256|1, 11424|185, 11424|920, 11560|1073, 11880|1155, 11880|1994, 11896|2025, 11896|2055, 11944|2094, 11960|2121, 11960|3047, 11352|3174, 11352|3365, 11368|3401, 11368|4018, com.android.chrome/org.chromium.chrome.browser.customtabs.PaymentHandlerActivity, 
11248|1, 11448|162, 11448|567, 11392|615, 11448|694, 11448|849, 11648|1004, 11648|1405, 11720|1571, 11904|1643, 11904|2249, 11912|2294, 11912|2566, 11960|2593, 11936|2623, 11936|3094, 11528|3162, 11528|3217, 11392|3361, 11392|3528, 11368|3567, 11336|3597, 11360|3625, 11360|4008, com.android.chrome/org.chromium.chrome.browser.incognito.IncognitoTabLauncher, 
11360|1, 11384|264, 11384|908, 11448|970, 11552|1013, 11816|1066, 11816|1921, 11840|1954, 11848|1986, 11912|2024, 11912|2605, 11976|2638, 11976|2752, 11840|2796, 11840|2958, 11896|3044, 11512|3129, 11376|3178, 11392|4008, com.android.chrome/org.chromium.chrome.browser.incognito.IncognitoTabLauncher, 
11296|1, 11296|381, 11440|432, 11544|490, 11544|1257, 11696|1417, 11872|1496, 11872|2121, 11880|2162, 11880|2365, 11896|2399, 11936|2446, 11936|3096, 11528|3240, 11528|3395, 11424|3429, 11400|3456, 11400|3606, 11392|3639, 11392|4001, com.android.chrome/org.chromium.chrome.browser.customtabs.CustomTabActivity, 
11368|1, 11336|216, 11336|863, 11440|905, 11456|941, 11608|977, 11608|1903, 11560|1947, 11496|1985, 11496|3082, 11360|3112, 11360|3956, 11256|3983, 11256|4012, com.android.chrome/org.chromium.chrome.browser.sync.ui.PassphraseActivity, 
11256|1, 11256|524, 11280|567, 11424|602, 11424|767, 11624|881, 11624|1488, 11768|1516, 11848|1542, 11888|1581, 11904|1608, 11904|2527, 11984|2560, 11984|2585, 11912|2619, 11912|3084, 11504|3240, 11504|3393, 11352|3429, 11352|3580, 11256|3610, 11256|4012, com.android.chrome/org.chromium.chrome.browser.customtabs.PaymentHandlerActivity, 
11256|1, 11344|183, 11344|622, 11544|763, 11544|939, 11848|1085, 11848|1938, 11896|1979, 11904|2007, 11912|2042, 11920|2085, 11920|2274, 11936|2302, 11936|2724, 12024|2752, 12024|2830, 11888|2859, 11888|3135, 11480|3339, 11480|4021, com.android.chrome/org.chromium.chrome.browser.customtabs.CustomTabActivity, 
11312|1, 11312|482, 11376|531, 11480|571, 11480|1386, 11600|1453, 11872|1529, 11904|1566, 11904|2338, 11952|2381, 11952|2486, 11920|2512, 11856|2541, 11856|3089, 11448|3280, 11448|3498, 11296|3526, 11320|3551, 11320|4017, com.android.chrome/org.chromium.chrome.browser.customtabs.PaymentHandlerActivity, 
11320|1, 11376|175, 11376|870, 11464|1042, 11848|1202, 11848|2019, 11840|2062, 11856|2092, 11856|2149, 11880|2191, 11880|3018, 11840|3044, 11760|3079, 11760|3176, 11488|3225, 11488|4013, com.android.chrome/org.chromium.chrome.browser.firstrun.FirstRunActivity, 
11248|1, 11248|529, 11512|607, 11512|867, 11584|909, 11584|1286, 11536|1313, 11536|1509, 11472|1549, 11472|3069, 11336|3156, 11336|3501, 11264|3529, 11216|3558, 11216|4014, com.android.chrome/org.chromium.chrome.browser.sync.ui.PassphraseActivity, 
11216|1, 11368|246, 11368|988, 11768|1138, 11768|2012, 11808|2053, 11856|2093, 11864|2132, 11864|3054, 11928|3096, 11888|3183, 11480|3375, 11480|3498, 11416|3544, 11416|4022, com.android.chrome/org.chromium.chrome.browser.customtabs.PaymentHandlerActivity, 
11216|1, 11216|347, 11312|430, 11312|1097, 11512|1272, 11720|1419, 11768|1477, 11768|2232, 11912|2436, 11912|3327, 11376|3453, 11376|4018, com.android.chrome/org.chromium.chrome.browser.incognito.IncognitoTabLauncher, 
11288|1, 11288|558, 11360|649, 11576|754, 11576|1469, 11856|1711, 11856|2576, 11872|2633, 11872|3105, 11672|3284, 11672|3584, 11512|3634, 11368|3678, 11368|4023, com.android.chrome/org.chromium.chrome.browser.customtabs.CustomTabActivity, 
11368|1, 11432|194, 11432|359, 11456|418, 11456|1090, 11464|1172, 11464|1347, 11664|1508, 11664|2063, 11880|2285, 11880|3036, 11896|3080, 11896|3124, 11928|3198, 11928|3305, 11728|3439, 11584|4031, com.android.chrome/org.chromium.chrome.browser.incognito.IncognitoTabLauncher, 
11312|1, 11312|212, 11304|284, 11392|472, 11392|551, 11592|625, 11592|1113, 11832|1392, 11832|2169, 11856|2275, 11864|2342, 11864|3071, 11456|3154, 11456|3192, 11384|3234, 11368|3274, 11376|3313, 11368|3353, 11368|4023, com.android.chrome/org.chromium.chrome.browser.firstrun.FirstRunActivity, 
11312|1, 11312|725, 11464|803, 11496|890, 11496|1627, 11696|1714, 11808|1789, 11880|1872, 11880|2711, 11928|2788, 11944|2858, 11944|3718, 11752|3761, 11576|3810, 11368|3853, 11368|4025, com.android.chrome/org.chromium.chrome.browser.incognito.IncognitoTabLauncher, 
11392|1, 11336|177, 11336|931, 11344|989, 11504|1065, 11600|1114, 11600|1959, 11888|2162, 11888|2978, 11904|3019, 11912|3056, 11912|3432, 11712|3519, 11464|4035, com.android.chrome/org.chromium.chrome.browser.incognito.IncognitoTabLauncher, 
11368|1, 11368|263, 11344|311, 11456|354, 11456|1173, 11584|1300, 11832|1414, 11832|2251, 11856|2292, 11896|2336, 11896|3030, 11952|3109, 11328|3322, 11384|3375, 11384|3522, 11376|3560, 11376|4037, com.android.chrome/org.chromium.chrome.browser.customtabs.PaymentHandlerActivity, 
11264|1, 11264|609, 11584|678, 11584|1496, 11656|1556, 11760|1636, 11888|1745, 11888|2462, 11872|2513, 11872|2566, 11912|2627, 11848|2673, 11848|3168, 11440|3319, 11440|3518, 11472|3562, 11456|3603, 11344|3642, 11344|4028, com.android.chrome/org.chromium.chrome.browser.customtabs.PaymentHandlerActivity, 
11344|1, 11376|197, 11376|907, 11368|971, 11576|1020, 11680|1223, 11680|1802, 11840|2026, 11888|2134, 11888|2357, 11880|2395, 11880|2944, 11904|3021, 11864|3120, 11864|3341, 11664|3404, 11664|3576, 11520|3616, 11520|3697, 11384|3729, 11288|4032, com.android.chrome/org.chromium.chrome.browser.customtabs.CustomTabActivity, 
11240|1, 11240|352, 11312|420, 11360|484, 11360|1328, 11512|1377, 11608|1426, 11592|1507, 11592|2408, 11488|2443, 11488|3150, 11352|3246, 11352|3402, 11248|3437, 11240|3474, 11240|4018, com.android.chrome/org.chromium.chrome.browser.sync.ui.PassphraseActivity, 
11256|1, 11256|787, 11328|876, 11496|930, 11496|1783, 11800|1892, 11864|2106, 11864|2805, 11912|2867, 11920|2918, 11920|3006, 11944|3126, 11944|3168, 11672|3219, 11536|3302, 11536|3858, 11376|3907, 11376|4020, com.android.chrome/org.chromium.chrome.browser.incognito.IncognitoTabLauncher, 
11368|1, 11360|153, 11360|968, 11592|1071, 11608|1136, 11608|1905, 11880|2162, 11880|2950, 11912|2999, 11912|3053, 11896|3093, 11896|3962, 11776|3999, 11640|4034, com.android.chrome/org.chromium.chrome.browser.incognito.IncognitoTabLauncher, 
11376|1, 11376|153, 11344|213, 11296|296, 11296|781, 11496|875, 11496|1164, 11704|1316, 11704|1989, 11792|2207, 11912|2430, 11912|3122, 11928|3200, 11816|3258, 11816|4034, com.android.chrome/org.chromium.chrome.browser.incognito.IncognitoTabLauncher, 
11312|1, 11312|467, 11424|574, 11424|1369, 11568|1421, 11640|1509, 11568|1550, 11568|2455, 11560|2493, 11560|2535, 11512|2573, 11512|3229, 11376|3279, 11376|3499, 11256|3539, 11256|4018, com.android.chrome/org.chromium.chrome.browser.sync.ui.PassphraseActivity, 
11256|1, 11320|147, 11320|869, 11472|933, 11656|1224, 11656|1885, 11824|1952, 11840|1995, 11840|2919, 11864|2955, 11872|2993, 11872|3033, 11880|3069, 11856|3110, 11856|3240, 11448|3300, 11448|3926, 11336|3967, 11336|4003, com.android.chrome/org.chromium.chrome.browser.firstrun.FirstRunActivity, 
11240|1, 11240|391, 11352|507, 11352|1264, 11520|1332, 11568|1408, 11568|1564, 11544|1601, 11544|2378, 11528|2417, 11544|2456, 11544|3196, 11408|3322, 11408|3360, 11304|3399, 11240|3438, 11240|4002, com.android.chrome/org.chromium.chrome.browser.sync.ui.PassphraseActivity, 
11256|1, 11256|732, 11400|801, 11528|869, 11528|1283, 11728|1401, 11728|1702, 11752|1755, 11824|1918, 11824|2729, 11856|2815, 11840|2871, 11840|3383, 11576|3426, 11440|3462, 11440|3788, 11336|3823, 11240|3858, 11240|4034, com.android.chrome/org.chromium.chrome.browser.firstrun.FirstRunActivity, 
11240|1, 11240|180, 11384|265, 11416|344, 11416|1109, 11640|1228, 11792|1383, 11792|2132, 11848|2183, 11896|2224, 11896|2263, 11880|2304, 11880|3118, 11624|3298, 11480|3364, 11480|3684, 11384|3729, 11384|4032, com.android.chrome/org.chromium.chrome.browser.customtabs.CustomTabActivity, 
11312|1, 11312|654, 11416|740, 11456|819, 11456|1647, 11816|1720, 11880|1883, 11880|2613, 11864|2664, 11840|2717, 11840|3058, 11856|3123, 11448|3252, 11448|3486, 11312|3524, 11312|3698, 11304|3734, 11232|3771, 11232|4031, com.android.chrome/org.chromium.chrome.browser.firstrun.FirstRunActivity, 
11232|1, 11232|164, 11352|243, 11352|1094, 11752|1298, 11752|2089, 11824|2133, 11824|2187, 11840|2236, 11840|3128, 11792|3305, 11792|3488, 11608|3537, 11608|4018, com.android.chrome/org.chromium.chrome.browser.customtabs.CustomTabActivity, 
11264|1, 11264|529, 11320|584, 11456|659, 11456|1551, 11792|1657, 11848|1737, 11848|2224, 11880|2266, 11880|2575, 11856|2620, 11792|2666, 11792|3167, 11656|3268, 11520|3390, 11520|3532, 11424|3578, 11264|3613, 11288|3654, 11288|4027, com.android.chrome/org.chromium.chrome.browser.customtabs.PaymentHandlerActivity, 
11328|1, 11328|835, 11480|907, 11552|1045, 11552|1239, 11568|1294, 11568|1922, 11512|1983, 11512|2911, 11496|2946, 11456|2983, 11456|3917, 11328|3952, 11208|3991, 11208|4028, com.android.chrome/org.chromium.chrome.browser.sync.ui.PassphraseActivity, 
11208|1, 11208|239, 11408|287, 11408|991, 11504|1038, 11504|1139, 11472|1188, 11472|1379, 11440|1423, 11456|1461, 11456|3072, 11320|3119, 11320|3410, 11208|3451, 11208|4025, com.android.chrome/org.chromium.chrome.browser.sync.ui.PassphraseActivity, 
11232|1, 11232|785, 11360|839, 11456|879, 11552|921, 11552|1750, 11856|1917, 11880|2085, 11880|2824, 11888|2885, 11856|2934, 11856|3205, 11584|3439, 11584|3564, 11560|3612, 11424|3648, 11424|3684, 11272|3727, 11272|3760, 11352|3799, 11352|3876, 11336|3913, 11208|3949, 11208|4035, com.android.chrome/org.chromium.chrome.browser.customtabs.CustomTabActivity, 
11208|1, 11216|147, 11352|219, 11352|831, 11552|924, 11552|1090, 11768|1251, 11768|2053, 11784|2096, 11808|2139, 11856|2177, 11856|3073, 11424|3276, 11424|3679, 11416|3729, 11416|4003, com.android.chrome/org.chromium.chrome.browser.customtabs.CustomTabActivity, 
11264|1, 11264|637, 11384|692, 11504|795, 11504|1274, 11536|1324, 11536|1657, 11544|1693, 11512|1731, 11512|2524, 11536|2562, 11536|2711, 11456|2748, 11456|3086, 11320|3211, 11320|3368, 11312|3404, 11312|3694, 11208|3734, 11208|4026, com.android.chrome/org.chromium.chrome.browser.sync.ui.PassphraseActivity, 
11208|1, 11208|123, 11304|229, 11304|1084, 11528|1155, 11584|1209, 11584|1672, 11552|1710, 11552|2142, 11504|2192, 11504|2485, 11536|2524, 11536|3179, 11352|3348, 11352|4016, com.android.chrome/org.chromium.chrome.browser.sync.ui.PassphraseActivity, 
11208|1, 11208|473, 11376|525, 11376|831, 11576|884, 11576|1352, 11776|1536, 11840|1680, 11840|2413, 11848|2456, 11848|2501, 11856|2543, 11856|3004, 11848|3044, 11912|3085, 11912|3136, 11368|3356, 11368|3467, 11288|3504, 11336|3546, 11336|3583, 11312|3619, 11312|4020, com.android.chrome/org.chromium.chrome.browser.customtabs.PaymentHandlerActivity, 
11232|1, 11232|650, 11248|708, 11360|755, 11544|807, 11544|1386, 11744|1501, 11744|1646, 11832|1787, 11840|1899, 11840|2714, 11848|2766, 11800|2886, 11800|3418, 11456|3459, 11320|3494, 11320|3788, 11200|3826, 11200|4038, com.android.chrome/org.chromium.chrome.browser.customtabs.PaymentHandlerActivity, 
11200|1, 11200|214, 11280|271, 11280|1006, 11704|1222, 11776|1490, 11776|2126, 11792|2187, 11792|2239, 11800|2291, 11800|2880, 11824|2920, 11824|3241, 11344|3284, 11344|3426, 11264|3462, 11264|4008, com.android.chrome/org.chromium.chrome.browser.firstrun.FirstRunActivity, 
11216|1, 11216|530, 11360|628, 11448|677, 11448|1475, 11576|1586, 11728|1660, 11800|1749, 11800|2564, 11808|2638, 11832|2690, 11832|3196, 11424|3237, 11288|3274, 11288|3416, 11312|3461, 11312|3642, 11224|3680, 11200|3716, 11200|4003, com.android.chrome/org.chromium.chrome.browser.firstrun.FirstRunActivity, 
11200|1, 11200|177, 11240|264, 11240|619, 11440|683, 11440|1032, 11664|1224, 11760|1519, 11760|2133, 11800|2199, 11792|2272, 11792|3087, 11840|3141, 11840|3177, 11480|3301, 11344|3346, 11344|4029, com.android.chrome/org.chromium.chrome.browser.firstrun.FirstRunActivity, 
