105|1, 105|639, 106|695, 106|879, 107|921, 107|3968, com.android.chrome/org.chromium.chrome.browser.firstrun.FirstRunActivity, 
107|1, 107|701, 105|777, 105|951, 110|1041, 114|1129, 114|1246, 115|1294, 115|1329, 116|1393, 116|1566, 117|1659, 115|4034, com.android.chrome/org.chromium.chrome.browser.customtabs.CustomTabActivity, 
115|1, 115|771, 117|880, 116|966, 116|1044, 115|1112, 115|1214, 114|1263, 114|1323, 112|1355, 113|1389, 113|2567, 111|2587, 111|4031, com.android.chrome/org.chromium.chrome.browser.firstrun.FirstRunActivity, 
111|1, 111|595, 109|624, 105|714, 105|943, 109|1057, 114|1119, 114|1277, 116|1402, 116|1598, 117|1626, 117|4057, com.android.chrome/org.chromium.chrome.browser.customtabs.PaymentHandlerActivity, 
117|1, 117|323, 115|371, 113|426, 111|460, 111|1245, 114|1339, 114|1395, 117|1538, 120|1672, 122|1769, 125|1833, 125|1961, 126|1999, 126|2032, 127|2064, 127|2096, 128|2132, 128|2328, 129|2360, 129|4001, com.android.chrome/org.chromium.chrome.browser.incognito.IncognitoTabLauncher, 
127|1, 127|1020, 129|1088, 136|1244, 136|1339, 137|1494, 138|1593, 138|1728, 139|1781, 139|4021, com.android.chrome/org.chromium.chrome.browser.customtabs.CustomTabActivity, 
137|1, 137|443, 139|566, 142|667, 142|869, 143|901, 143|931, 144|962, 144|1166, 145|1196, 145|3885, 143|3911, 143|4014, com.android.chrome/org.chromium.chrome.browser.sync.ui.PassphraseActivity, 
143|1, 143|930, 149|1096, 152|1198, 153|1335, 154|1436, 154|1593, 155|1626, 155|4024, com.android.chrome/org.chromium.chrome.browser.customtabs.PaymentHandlerActivity, 
149|1, 149|1384, 152|1472, 152|1541, 155|1735, 158|1813, 163|1932, 163|2097, 165|2144, 166|2194, 166|2427, 167|2460, 167|3940, 165|3968, 165|4001, com.android.chrome/org.chromium.chrome.browser.incognito.IncognitoTabLauncher, 
165|1, 165|1202, 168|1343, 173|1557, 179|1779, 179|1907, 181|1947, 180|1989, 181|2020, 181|2229, 182|2261, 182|3752, 180|3779, 180|3862, 178|3892, 176|3918, 176|4020, com.android.chrome/org.chromium.chrome.browser.incognito.IncognitoTabLauncher, 
176|1, 176|339, 175|373, 175|1115, 178|1189, 178|1265, 180|1316, 184|1466, 184|1544, 186|1652, 186|1860, 187|1900, 187|4005, com.android.chrome/org.chromium.chrome.browser.customtabs.CustomTabActivity, 
181|1, 179|317, 179|662, 181|749, 184|808, 184|1005, 185|1046, 185|1077, 186|1122, 186|1311, 187|1340, 187|2923, 186|2951, 186|3936, 184|3960, 184|4014, com.android.chrome/org.chromium.chrome.browser.sync.ui.PassphraseActivity, 
179|1, 179|928, 182|1116, 188|1261, 188|1384, 190|1523, 189|1565, 189|1685, 190|1716, 190|3556, 188|3582, 188|3658, 186|3685, 186|4003, com.android.chrome/org.chromium.chrome.browser.customtabs.PaymentHandlerActivity, 
186|1, 186|1051, 188|1167, 194|1259, 194|1423, 195|1489, 196|1558, 196|1731, 197|1767, 197|3944, 195|3990, 195|4022, com.android.chrome/org.chromium.chrome.browser.customtabs.CustomTabActivity, 
191|1, 191|1033, 196|1195, 199|1282, 200|1418, 201|1495, 201|1693, 202|1721, 202|4004, com.android.chrome/org.chromium.chrome.browser.customtabs.PaymentHandlerActivity, 
198|1, 194|204, 194|885, 196|1021, 197|1192, 198|1289, 198|1327, 199|1366, 199|1559, 200|1605, 200|4021, com.android.chrome/org.chromium.chrome.browser.firstrun.FirstRunActivity, 
196|1, 192|256, 192|668, 194|745, 195|788, 195|962, 196|993, 196|1046, 197|1083, 197|1268, 198|1296, 198|4030, com.android.chrome/org.chromium.chrome.browser.sync.ui.PassphraseActivity, 
194|1, 192|306, 192|1431, 195|1583, 201|1722, 201|1826, 203|1943, 203|2124, 204|2164, 204|3238, 200|3446, 200|3654, 199|3687, 199|3795, 197|3829, 197|3903, 195|3936, 192|4027, com.android.chrome/org.chromium.chrome.browser.customtabs.PaymentHandlerActivity, 
190|1, 190|1873, 193|2092, 196|2281, 200|2484, 200|2661, 201|2740, 202|2806, 202|2986, 203|3030, 203|3813, 201|3849, 201|3886, 200|3927, 198|3975, 196|4012, com.android.chrome/org.chromium.chrome.browser.incognito.IncognitoTabLauncher, 
196|1, 196|901, 195|1040, 195|1254, 194|1369, 194|1473, 199|1744, 201|1921, 202|2047, 202|2135, 203|2205, 203|3331, 202|3394, 202|3640, 200|3684, 200|3735, 196|3785, 196|4033, com.android.chrome/org.chromium.chrome.browser.customtabs.CustomTabActivity, 
196|1, 196|819, 193|923, 193|1130, 192|1213, 192|1864, 195|2081, 198|2260, 198|2449, 202|2534, 206|2717, 207|2796, 207|2855, 208|2918, 209|2993, 209|3607, 207|3691, 207|3772, 205|3811, 205|3851, 203|3888, 203|4001, com.android.chrome/org.chromium.chrome.browser.incognito.IncognitoTabLauncher, 
203|1, 202|271, 202|446, 200|613, 200|817, 199|902, 199|1162, 202|1430, 202|1634, 204|1757, 204|1903, 205|1960, 205|3264, 203|3297, 203|4010, com.android.chrome/org.chromium.chrome.browser.firstrun.FirstRunActivity, 
203|1, 203|505, 200|582, 200|851, 198|912, 198|1138, 194|1192, 194|1922, 198|2195, 198|2277, 201|2386, 206|2521, 207|2691, 207|2755, 209|2834, 209|2982, 207|3018, 207|3059, 208|3099, 208|4038, com.android.chrome/org.chromium.chrome.browser.incognito.IncognitoTabLauncher, 
206|1, 206|268, 204|314, 204|1709, 203|1826, 206|2045, 209|2222, 210|2470, 215|2639, 218|2779, 218|2870, 219|2918, 220|2995, 220|3184, 221|3259, 221|3410, 215|3608, 215|4018, com.android.chrome/org.chromium.chrome.browser.incognito.IncognitoTabLauncher, 
211|1, 211|1200, 210|1323, 212|1454, 216|1653, 217|1728, 218|1806, 218|1985, 219|2050, 219|3122, 217|3360, 217|3486, 216|3531, 216|3641, 214|3678, 214|3796, 213|3840, 211|3880, 211|4008, com.android.chrome/org.chromium.chrome.browser.customtabs.PaymentHandlerActivity, 
207|1, 207|1446, 212|1552, 212|1613, 215|1666, 216|1800, 217|1954, 217|2050, 218|2095, 218|2970, 215|3003, 215|3463, 213|3501, 213|3577, 210|3618, 210|3661, 208|3700, 208|4013, com.android.chrome/org.chromium.chrome.browser.customtabs.PaymentHandlerActivity, 
208|1, 208|1522, 211|1690, 217|1845, 219|2069, 219|2227, 220|2323, 220|2828, 217|2870, 217|3141, 216|3223, 216|3855, 214|3902, 214|4036, com.android.chrome/org.chromium.chrome.browser.customtabs.CustomTabActivity, 
208|1, 208|928, 211|1109, 211|1229, 212|1278, 212|1320, 213|1370, 213|1549, 214|1600, 214|2095, 215|2169, 215|2709, 212|2745, 212|3044, 211|3085, 211|3337, 210|3371, 210|3480, 208|3517, 208|4028, com.android.chrome/org.chromium.chrome.browser.sync.ui.PassphraseActivity, 
208|1, 207|193, 207|1927, 212|2114, 214|2359, 214|2471, 219|2641, 219|2810, 220|2864, 220|2923, 221|2976, 222|3025, 222|4004, com.android.chrome/org.chromium.chrome.browser.incognito.IncognitoTabLauncher, 
214|1, 214|1914, 216|2172, 216|2414, 223|2716, 224|2809, 224|2846, 225|2898, 226|2947, 226|3135, 227|3182, 227|3847, 225|3888, 225|4001, com.android.chrome/org.chromium.chrome.browser.incognito.IncognitoTabLauncher, 
218|1, 218|1688, 221|1814, 219|1975, 222|2167, 227|2411, 226|2598, 226|2709, 228|2777, 228|2886, 227|2929, 227|3008, 228|3059, 228|3216, 227|3288, 225|3361, 223|3566, 223|3759, 222|3797, 222|4028, com.android.chrome/org.chromium.chrome.browser.incognito.IncognitoTabLauncher, 
222|1, 222|973, 225|1071, 225|1262, 226|1309, 227|1360, 227|1548, 228|1590, 228|1710, 226|1743, 226|2011, 224|2080, 224|2363, 223|2430, 223|3358, 221|3391, 219|3437, 219|3509, 217|3542, 217|3627, 216|3660, 216|4021, com.android.chrome/org.chromium.chrome.browser.sync.ui.PassphraseActivity, 
216|1, 216|1192, 220|1554, 220|1625, 217|1695, 217|1752, 218|1820, 218|3482, 216|3514, 216|3601, 214|3638, 214|3715, 212|3749, 212|4032, com.android.chrome/org.chromium.chrome.browser.firstrun.FirstRunActivity, 
212|1, 212|926, 215|1082, 215|1197, 216|1245, 216|1297, 217|1358, 217|1520, 218|1564, 216|1599, 216|1882, 214|1948, 214|2146, 213|2259, 213|2962, 211|2996, 211|3506, 210|3538, 210|4035, com.android.chrome/org.chromium.chrome.browser.sync.ui.PassphraseActivity, 
209|1, 209|1434, 215|1664, 215|1816, 216|1968, 216|2061, 213|2155, 213|2414, 210|2482, 210|2740, 209|2790, 209|3487, 208|3527, 208|3922, 206|3958, 204|3998, 204|4031, com.android.chrome/org.chromium.chrome.browser.firstrun.FirstRunActivity, 
200|1, 198|250, 198|1457, 200|1609, 203|1729, 205|1841, 206|2004, 203|2147, 203|2208, 204|2258, 204|2379, 201|2418, 201|2689, 200|2732, 200|4020, com.android.chrome/org.chromium.chrome.browser.customtabs.CustomTabActivity, 
196|1, 194|274, 192|333, 192|1351, 195|1551, 195|1645, 194|1709, 195|1777, 196|1936, 193|2013, 194|2064, 194|2299, 193|2354, 193|3627, 192|3660, 192|4031, com.android.chrome/org.chromium.chrome.browser.firstrun.FirstRunActivity, 
188|1, 188|184, 186|256, 186|409, 184|486, 184|1081, 181|1283, 181|1429, 184|1616, 190|1756, 190|1939, 191|2062, 191|2213, 192|2263, 192|3657, 190|3700, 190|4035, com.android.chrome/org.chromium.chrome.browser.customtabs.CustomTabActivity, 
190|1, 190|1154, 188|1259, 188|1374, 191|1552, 194|1646, 195|1763, 193|1851, 193|1986, 194|2066, 194|3190, 193|3261, 193|3823, 191|3861, 191|4021, com.android.chrome/org.chromium.chrome.browser.customtabs.PaymentHandlerActivity, 
191|1, 191|931, 194|1054, 194|1321, 195|1375, 195|1589, 193|1630, 193|3124, 192|3221, 192|3514, 190|3550, 190|4019, com.android.chrome/org.chromium.chrome.browser.sync.ui.PassphraseActivity, 
190|1, 190|688, 192|772, 193|871, 196|970, 196|1148, 197|1207, 198|1255, 196|1316, 196|1448, 197|1491, 197|1612, 195|1650, 195|1951, 194|2023, 194|3185, 193|3236, 193|4024, com.android.chrome/org.chromium.chrome.browser.sync.ui.PassphraseActivity, 
189|1, 189|899, 188|939, 188|1573, 191|1777, 193|1958, 193|2134, 194|2231, 194|4009, com.android.chrome/org.chromium.chrome.browser.customtabs.CustomTabActivity, 
188|1, 188|599, 185|670, 185|1261, 187|1510, 190|1630, 191|1728, 192|1845, 192|2008, 193|2100, 193|3899, 191|3956, 191|4047, com.android.chrome/org.chromium.chrome.browser.customtabs.CustomTabActivity, 
191|1, 191|905, 193|1024, 193|1090, 196|1166, 196|1305, 195|1352, 195|1404, 196|1489, 196|1607, 194|1642, 195|1688, 195|1918, 194|1961, 194|2857, 193|2891, 193|4020, com.android.chrome/org.chromium.chrome.browser.sync.ui.PassphraseActivity, 
187|1, 187|974, 190|1110, 190|1235, 191|1289, 192|1335, 192|1475, 193|1555, 193|1888, 191|1955, 191|2174, 189|2217, 189|2517, 185|2555, 185|2913, 184|2951, 184|3162, 183|3200, 183|4013, com.android.chrome/org.chromium.chrome.browser.sync.ui.PassphraseActivity, 
179|1, 179|1464, 181|1600, 187|1769, 185|1916, 186|2021, 186|2062, 185|2132, 185|2172, 186|2215, 186|2387, 185|2451, 185|3079, 184|3117, 184|3659, 182|3694, 182|4030, com.android.chrome/org.chromium.chrome.browser.customtabs.PaymentHandlerActivity, 
182|1, 182|1266, 184|1411, 190|1558, 190|1704, 191|1841, 191|1997, 192|2041, 192|2128, 190|2163, 190|2436, 188|2474, 188|2773, 185|2817, 184|2942, 184|3079, 182|3125, 182|3239, 180|3362, 180|4022, com.android.chrome/org.chromium.chrome.browser.customtabs.PaymentHandlerActivity, 
180|1, 180|985, 183|1238, 185|1519, 185|1587, 186|1719, 186|1922, 187|1991, 187|2038, 185|2080, 185|3932, 183|3966, 183|4003, com.android.chrome/org.chromium.chrome.browser.firstrun.FirstRunActivity, 
181|1, 181|1285, 184|1498, 184|1645, 185|1719, 186|1801, 186|1885, 187|1993, 187|2242, 186|2299, 186|2553, 181|2616, 181|2921, 180|2956, 180|3036, 179|3070, 179|3225, 178|3300, 178|3922, 176|3961, 176|4030, com.android.chrome/org.chromium.chrome.browser.firstrun.FirstRunActivity, 
174|1, 174|1229, 177|1539, 178|1652, 179|1713, 179|1878, 180|1938, 180|2293, 179|2350, 179|2590, 176|2632, 176|2926, 175|2959, 175|3206, 172|3317, 172|3412, 169|3446, 169|3554, 168|3589, 166|3630, 166|4020, com.android.chrome/org.chromium.chrome.browser.firstrun.FirstRunActivity, 
