267124|1, 278640|555, 278640|793, 281748|831, 285744|868, 288108|901, 288824|933, 288984|962, 289028|1007, 289028|1348, 289212|1376, 289212|1635, 289216|1668, 289216|1838, 289116|1862, 289116|1938, 289084|1959, 289084|1982, 289036|2007, 289036|2572, 288312|2626, 272084|2711, 272084|2936, 271996|2966, 271968|2989, 271968|3671, 272216|3696, 272216|3720, 272092|3800, 272340|3948, com.android.chrome/org.chromium.chrome.browser.firstrun.FirstRunActivity, 
272340|1, 266460|302, 267644|353, 267940|403, 268308|439, 269824|469, 271304|499, 272192|530, 273412|570, 277108|633, 277884|715, 278920|786, 279364|838, 279808|887, 280988|984, 281844|1093, 283396|1183, 285024|1224, 285208|1267, 285208|1701, 285356|1739, 285356|1769, 285504|1804, 286132|1834, 286724|1863, 287020|1899, 287020|1925, 286912|1949, 286912|1996, 287236|2021, 287236|2045, 287424|2070, 287424|2162, 287924|2189, 288148|2255, 288248|2287, 288248|2988, 288420|3028, 284812|3097, 269084|3239, 262140|3305, 262148|4013, com.android.chrome/org.chromium.chrome.browser.customtabs.CustomTabActivity, 
262304|1, 265408|236, 266000|279, 266740|333, 267108|407, 269956|441, 270400|479, 272028|508, 274888|559, 276932|686, 277524|803, 278152|877, 278300|920, 278300|970, 278448|1021, 278448|1128, 278596|1174, 278964|1234, 279112|1265, 283996|1298, 286808|1327, 288584|1351, 289028|1378, 289028|1489, 289104|1527, 289012|1561, 289072|1600, 289040|1637, 289040|2167, 289044|2194, 289044|2581, 289048|2604, 289048|3022, 289296|3044, 288448|3070, 271996|3158, 271996|3552, 271992|3579, 271976|3604, 271976|4002, com.android.chrome/org.chromium.chrome.browser.firstrun.FirstRunActivity, 
262424|1, 265556|165, 266148|195, 267332|233, 267924|265, 268256|317, 268440|383, 271104|419, 272176|458, 273360|489, 277204|584, 278608|684, 279348|745, 280052|849, 281160|924, 281492|987, 282268|1064, 283776|1162, 285300|1268, 285300|1354, 285484|1384, 285300|1410, 285300|1490, 285484|1517, 285484|1758, 285928|1783, 287148|1818, 287148|2041, 287308|2068, 287308|2113, 287796|2155, 288016|2211, 288116|2344, 288116|2970, 288488|3017, 262216|3206, 262216|4007, com.android.chrome/org.chromium.chrome.browser.customtabs.PaymentHandlerActivity, 
262180|1, 264100|173, 264284|208, 264728|251, 265468|301, 265764|351, 266208|384, 267724|445, 268020|480, 268316|520, 268648|581, 270792|638, 271900|675, 272168|707, 273500|742, 275348|893, 279044|982, 279340|1033, 280856|1124, 281632|1170, 282260|1265, 282704|1363, 284220|1467, 287844|1611, 289356|1697, 289404|1766, 289404|1858, 289552|1886, 289552|2317, 289996|2351, 291512|2404, 291956|2464, 291956|2593, 291272|2642, 291376|2673, 291428|2706, 291428|3052, 289128|3094, 261868|3180, 261868|3233, 262052|3307, 261868|3366, 261868|3475, 263708|3508, 267388|3541, 270148|3587, 271804|3617, 271804|3701, 271716|3730, 271656|3760, 271656|3924, 271668|3970, 271720|3998, 271720|4027, com.android.chrome/org.chromium.chrome.browser.incognito.IncognitoTabLauncher, 
271844|1, 263488|254, 264708|309, 265484|347, 265928|385, 267444|455, 267924|527, 270772|579, 271696|625, 274064|691, 276836|828, 278832|914, 279868|1010, 280996|1140, 281660|1234, 284656|1382, 284804|1489, 284804|1580, 284988|1614, 284804|1669, 284804|2013, 284944|2044, 284984|2073, 284980|2110, 284980|2171, 285536|2201, 285836|2231, 286760|2259, 286860|2303, 286860|2333, 287460|2377, 287684|2412, 287684|2600, 287752|2637, 287752|3056, 287880|3099, 261804|3289, 261804|3509, 261796|3543, 261796|4011, com.android.chrome/org.chromium.chrome.browser.customtabs.CustomTabActivity, 
261652|1, 266900|219, 268528|249, 269268|278, 270784|310, 273224|344, 274296|423, 276292|530, 276668|612, 276668|803, 276560|837, 276560|1259, 276624|1301, 276624|1511, 276644|1558, 276644|2504, 276632|2532, 276644|2561, 276644|2973, 276892|2999, 262132|3086, 261784|3114, 261784|3508, 261776|3536, 261776|3584, 261724|3614, 261724|4019, com.android.chrome/org.chromium.chrome.browser.sync.ui.PassphraseActivity, 
261664|1, 265372|201, 266888|262, 267628|301, 267776|352, 267960|394, 270660|457, 270660|486, 271732|515, 273248|556, 275688|617, 278016|780, 278756|835, 279052|922, 280596|1088, 281264|1170, 282188|1309, 284704|1399, 285072|1455, 284888|1493, 284888|1950, 285332|1977, 285776|2010, 286524|2040, 286672|2071, 286808|2109, 286932|2137, 286988|2163, 286988|2188, 286996|2220, 286996|2303, 287396|2331, 287596|2380, 287596|2993, 287020|3063, 261740|3189, 261740|3381, 261736|3416, 261736|4008, com.android.chrome/org.chromium.chrome.browser.customtabs.PaymentHandlerActivity, 
261800|1, 263448|215, 263448|252, 264224|298, 264224|345, 264852|390, 265592|453, 266776|506, 267516|552, 267664|582, 268144|620, 268176|667, 269708|742, 271372|778, 272260|822, 275476|902, 277916|1057, 278840|1121, 279876|1184, 281132|1267, 281760|1348, 282352|1458, 286492|1622, 287048|1691, 287824|1807, 288488|1872, 288304|1912, 288304|1973, 288636|2019, 288784|2070, 288784|2302, 288748|2337, 288852|2395, 288852|2456, 289476|2502, 290500|2541, 290900|2619, 290984|2646, 291032|2675, 291032|2865, 291132|2900, 291132|3056, 291380|3090, 278968|3146, 262096|3215, 262220|3270, 262096|3414, 264304|3490, 268352|3522, 270376|3553, 271848|3581, 271888|3620, 271936|3650, 271928|3678, 271928|3907, 271884|3939, 271884|4010, com.android.chrome/org.chromium.chrome.browser.incognito.IncognitoTabLauncher, 
262336|1, 265024|273, 265764|329, 266652|377, 267428|424, 267872|469, 268020|504, 268352|568, 270792|628, 271716|669, 272456|699, 273492|729, 276708|821, 278224|917, 278820|979, 278976|1021, 279820|1076, 281040|1145, 282592|1296, 286880|1549, 288284|1724, 288284|1817, 288432|1855, 288432|1931, 288500|1964, 288392|1995, 288460|2034, 288496|2062, 288496|2302, 288940|2341, 290308|2397, 290752|2457, 290752|2615, 290796|2647, 290912|2685, 290912|2837, 291036|2870, 291036|2968, 291088|3054, 262116|3139, 262116|3277, 261932|3355, 266716|3423, 268740|3473, 270948|3505, 271868|3536, 271992|4018, com.android.chrome/org.chromium.chrome.browser.incognito.IncognitoTabLauncher, 
272104|1, 262464|197, 263904|254, 264828|289, 265568|323, 266012|358, 267196|394, 267656|445, 267952|503, 268136|544, 272464|698, 274940|771, 277676|944, 278712|1023, 279340|1064, 280080|1153, 280856|1214, 281040|1270, 284504|1429, 284820|1503, 284820|1810, 284968|1849, 284968|2070, 285116|2100, 285596|2134, 286500|2174, 287000|2206, 287100|2236, 287100|2378, 287616|2412, 287820|2459, 287892|2488, 287892|3053, 288016|3081, 288140|3109, 262024|3253, 262024|3408, 261988|3441, 261944|3469, 261944|4008, com.android.chrome/org.chromium.chrome.browser.customtabs.CustomTabActivity, 
262028|1, 263992|238, 265212|294, 268356|333, 268948|368, 270428|423, 272572|464, 274568|520, 275900|585, 276640|688, 276640|886, 276680|928, 276844|964, 276756|998, 276756|1970, 276784|2007, 276784|3024, 263444|3105, 261900|3135, 261852|4005, com.android.chrome/org.chromium.chrome.browser.sync.ui.PassphraseActivity, 
261728|1, 263500|167, 264128|200, 265312|238, 265608|284, 266976|321, 267420|361, 267568|407, 267752|464, 268860|501, 270968|536, 271548|580, 273148|614, 275884|779, 278472|893, 280652|1066, 281612|1217, 282720|1336, 285124|1461, 285124|1500, 285204|1527, 285224|1554, 285148|1593, 285096|1620, 285096|2100, 285620|2134, 286444|2171, 286944|2199, 286944|2346, 287444|2374, 287544|2416, 287644|2455, 287644|2539, 287732|2571, 287732|2597, 287792|2631, 287792|3044, 287216|3096, 261900|3252, 261900|3592, 261812|3621, 261812|4023, com.android.chrome/org.chromium.chrome.browser.customtabs.PaymentHandlerActivity, 
262060|1, 263800|207, 264428|241, 265500|281, 266092|345, 267572|396, 267868|451, 268052|501, 269864|547, 271048|590, 271676|618, 272564|646, 275448|781, 277628|855, 278664|921, 279292|963, 280540|1101, 281020|1175, 281352|1232, 281832|1288, 281980|1341, 282312|1426, 284680|1472, 284680|1962, 284836|2002, 284956|2031, 285024|2066, 286048|2109, 286640|2156, 286640|2230, 286788|2262, 286788|2298, 286864|2326, 286864|2388, 287188|2426, 287488|2465, 287712|2502, 287588|2536, 287588|2748, 287576|2775, 287576|3042, 282500|3158, 261652|3361, 261652|3579, 261648|3613, 261648|4011, com.android.chrome/org.chromium.chrome.browser.customtabs.CustomTabActivity, 
261908|1, 261540|146, 262980|180, 263460|219, 264532|260, 265272|300, 265568|337, 267232|384, 267380|440, 267564|491, 270356|540, 271036|580, 272368|611, 273108|644, 274956|695, 277248|843, 278136|919, 279172|1035, 280392|1174, 281204|1248, 284384|1395, 284596|1461, 284668|1538, 284788|1573, 284788|1919, 284912|1951, 284912|2013, 285436|2044, 286360|2099, 286884|2131, 286884|2347, 287352|2389, 287452|2470, 287452|2495, 287560|2521, 287608|2549, 287608|3070, 287856|3097, 261616|3289, 261616|3507, 261652|3534, 261608|3560, 261608|4001, com.android.chrome/org.chromium.chrome.browser.customtabs.PaymentHandlerActivity, 
261732|1, 261632|183, 262924|216, 263404|255, 264476|304, 265400|371, 266288|423, 266472|505, 269616|567, 269764|600, 270356|630, 271540|664, 273424|783, 276752|876, 277592|1047, 278000|1182, 278148|1268, 278148|1456, 278444|1494, 280552|1537, 284252|1581, 286324|1610, 287952|1636, 287440|1675, 287256|1705, 287256|1766, 286924|1822, 286924|1991, 286600|2026, 286660|2070, 286716|2100, 286716|3026, 286720|3052, 286720|3082, 286844|3184, 269768|3233, 269768|4021, com.android.chrome/org.chromium.chrome.browser.firstrun.FirstRunActivity, 
260004|1, 261776|181, 262848|222, 263144|274, 266400|314, 266696|342, 268508|388, 272908|543, 274036|615, 274480|668, 274480|883, 274576|924, 274700|969, 274700|1301, 274684|1327, 274684|1525, 274680|1563, 274680|3027, 274804|3084, 259672|3171, 259672|3517, 259608|3544, 259608|4004, com.android.chrome/org.chromium.chrome.browser.sync.ui.PassphraseActivity, 
259608|1, 261728|258, 262652|314, 263540|366, 264132|421, 265500|498, 265648|551, 266016|598, 266496|658, 268828|739, 269124|790, 270492|837, 273412|1000, 275588|1150, 276032|1205, 276476|1285, 277216|1410, 278732|1533, 279876|1669, 282760|1775, 282908|1905, 283056|1950, 283056|2026, 283064|2066, 283124|2106, 283148|2145, 283148|2685, 283348|2730, 283848|2791, 283972|2861, 285420|2931, 285820|2987, 285820|3068, 286064|3109, 267880|3196, 260004|3389, 260004|3511, 259936|3556, 259936|4002, com.android.chrome/org.chromium.chrome.browser.customtabs.PaymentHandlerActivity, 
260052|1, 261640|193, 261788|245, 261788|295, 262564|355, 262904|438, 263644|513, 263940|574, 264976|627, 265420|675, 265568|738, 265864|801, 266012|858, 266380|938, 266564|978, 269412|1046, 270300|1106, 273812|1227, 276508|1427, 276836|1481, 278056|1603, 279756|1696, 280680|1860, 281456|2048, 285004|2240, 285888|2443, 286220|2510, 286220|3017, 286588|3054, 260272|3137, 260272|3336, 260152|3461, 265120|3526, 268248|3586, 269904|3627, 270088|3677, 270088|4026, com.android.chrome/org.chromium.chrome.browser.incognito.IncognitoTabLauncher, 
260364|1, 261768|266, 262692|336, 263764|393, 264060|459, 265096|519, 265984|571, 266236|662, 269240|767, 269388|812, 270276|857, 274232|1030, 276264|1248, 277004|1324, 277596|1476, 279300|1724, 280296|1881, 282996|2045, 282996|2160, 283144|2233, 283144|2305, 283292|2366, 283292|2590, 283228|2645, 283220|2689, 283220|2824, 283848|2876, 284440|2920, 285032|2963, 285624|3029, 285624|3070, 285808|3118, 260004|3296, 260004|3598, 260000|3646, 259944|3691, 259944|4036, com.android.chrome/org.chromium.chrome.browser.customtabs.CustomTabActivity, 
260128|1, 259952|205, 260432|249, 261392|314, 262056|370, 262136|428, 262536|503, 263060|614, 263908|696, 264504|794, 265688|894, 265984|956, 266280|1021, 266612|1101, 269680|1183, 269976|1225, 271160|1266, 273192|1354, 275856|1520, 276484|1622, 277148|1692, 278664|1868, 280252|2074, 281572|2293, 284716|2421, 285640|2522, 286784|2696, 287264|2769, 287264|2827, 287412|2893, 287412|3048, 287332|3091, 287508|3131, 260228|3210, 260412|3284, 260228|3450, 261148|3521, 265748|3584, 268876|3660, 270164|3700, 270164|4004, com.android.chrome/org.chromium.chrome.browser.incognito.IncognitoTabLauncher, 
260408|1, 261516|222, 262484|296, 263728|484, 264912|557, 266428|637, 267760|696, 268980|762, 271384|858, 272900|992, 274416|1125, 275856|1404, 276004|1506, 276336|1592, 276632|1738, 276632|1969, 280664|2041, 282736|2102, 285696|2182, 286716|2283, 286720|2354, 286720|2763, 286776|2803, 286776|3015, 287024|3082, 269848|3167, 269848|3205, 269840|3247, 269768|3287, 269768|4035, com.android.chrome/org.chromium.chrome.browser.firstrun.FirstRunActivity, 
260084|1, 259900|190, 261376|242, 262004|298, 262188|353, 262816|409, 262816|466, 263408|543, 264000|595, 264148|668, 265480|735, 266176|811, 266208|899, 266724|993, 269572|1046, 270016|1096, 271348|1156, 275192|1315, 275932|1433, 277188|1525, 278260|1637, 278852|1724, 279408|1794, 279856|1881, 282444|2175, 284516|2240, 285920|2344, 286584|2511, 287284|2652, 287100|2721, 287168|2799, 287168|3057, 287536|3106, 260404|3182, 260404|3371, 260220|3497, 260220|3571, 260404|3634, 262612|3689, 265188|3729, 267260|3771, 269768|3821, 270188|3863, 270188|4035, com.android.chrome/org.chromium.chrome.browser.incognito.IncognitoTabLauncher, 
270188|1, 260028|186, 261024|232, 261984|296, 262132|347, 262760|416, 262908|505, 263796|618, 264388|692, 265424|746, 265868|793, 266164|873, 266348|940, 266596|999, 268988|1075, 269664|1124, 270552|1166, 271736|1244, 275432|1410, 275912|1471, 276800|1581, 277464|1644, 278832|1754, 280384|1969, 281596|2169, 285516|2429, 286476|2574, 286956|2697, 286956|2836, 287104|2912, 287104|2987, 287288|3028, 287384|3065, 287268|3102, 287452|3179, 260320|3264, 260320|3442, 260136|3527, 262528|3604, 265656|3655, 267864|3699, 269520|3734, 270072|3782, 270072|4007, com.android.chrome/org.chromium.chrome.browser.incognito.IncognitoTabLauncher, 
270412|1, 260552|154, 261252|194, 261880|233, 262804|272, 263868|321, 265056|363, 265796|402, 266092|453, 266092|536, 267164|627, 268792|670, 269124|712, 270048|754, 271084|794, 274004|911, 275372|1006, 275704|1060, 276924|1181, 277856|1309, 278980|1423, 280420|1629, 282676|1705, 282824|1772, 282824|1909, 283156|1951, 283304|2017, 283304|2261, 283104|2300, 283236|2346, 283368|2382, 283368|2630, 284108|2679, 285032|2754, 286104|2806, 286104|3040, 286252|3118, 260080|3331, 260084|3384, 260084|3532, 260080|3570, 260080|4008, com.android.chrome/org.chromium.chrome.browser.customtabs.PaymentHandlerActivity, 
260204|1, 260020|142, 260020|184, 261644|226, 262568|274, 263012|318, 263788|368, 264380|439, 265712|504, 266044|560, 266192|623, 268412|692, 268968|733, 269412|787, 271668|899, 274884|1074, 275364|1127, 276140|1233, 277028|1314, 277620|1425, 278988|1511, 279272|1570, 279488|1647, 280540|1759, 282944|1911, 282944|2275, 283092|2323, 283092|2477, 283096|2527, 283096|2580, 283248|2634, 283876|2688, 284800|2755, 285600|2810, 285924|2891, 285924|3034, 286048|3077, 283312|3182, 260008|3333, 260008|3533, 260040|3576, 260104|3618, 260012|3657, 260012|4006, com.android.chrome/org.chromium.chrome.browser.customtabs.PaymentHandlerActivity, 
260196|1, 259988|207, 259988|270, 261280|316, 261760|384, 263276|460, 264496|573, 265828|651, 266160|728, 266160|817, 268748|876, 269340|918, 270120|979, 271540|1030, 273708|1207, 275964|1340, 276740|1420, 277332|1480, 278736|1673, 279512|1810, 283096|2037, 283128|2145, 283128|2368, 283224|2405, 283224|2899, 283348|2955, 284048|3032, 284644|3130, 286172|3179, 260036|3349, 260036|3587, 259992|3626, 259992|3773, 260052|3815, 259980|4042, com.android.chrome/org.chromium.chrome.browser.customtabs.CustomTabActivity, 
260164|1, 259980|187, 259980|248, 260164|300, 261604|356, 262472|426, 263220|490, 266032|595, 266920|632, 267844|677, 269916|752, 273540|908, 274612|1081, 274944|1140, 274944|1335, 275016|1383, 274960|1431, 274832|1513, 274832|1672, 274856|1712, 274856|2415, 274864|2449, 274864|3118, 275112|3156, 260080|3253, 260080|3444, 260048|3479, 260048|4023, com.android.chrome/org.chromium.chrome.browser.sync.ui.PassphraseActivity, 
259952|1, 260136|146, 260136|267, 261908|325, 262056|374, 262204|429, 262868|511, 263164|569, 263756|666, 264200|726, 265236|796, 265960|884, 266172|939, 266320|1016, 266688|1105, 269684|1175, 270128|1222, 271348|1273, 275156|1441, 276116|1581, 277004|1661, 278556|1789, 278976|1900, 280168|2077, 283460|2318, 284420|2452, 286268|2647, 286932|2768, 286748|2814, 287052|2876, 287196|2927, 287196|3016, 287248|3135, 284524|3178, 270164|3228, 260336|3311, 260336|3664, 262912|3754, 266408|3797, 268248|3833, 269904|3867, 270100|3916, 270100|4029, com.android.chrome/org.chromium.chrome.browser.incognito.IncognitoTabLauncher, 
270140|1, 260024|158, 260024|218, 261168|271, 261944|318, 261944|373, 262092|421, 262388|489, 263016|558, 263608|646, 264384|718, 265272|763, 265716|853, 266160|913, 266492|967, 266800|1078, 268724|1143, 269612|1188, 271424|1256, 275048|1396, 276600|1535, 277228|1631, 278780|1808, 279704|1911, 280680|2151, 284488|2421, 287000|2720, 287148|2773, 287148|2957, 287224|3005, 287300|3059, 287456|3100, 287640|3147, 283684|3262, 260656|3371, 260472|3489, 263784|3577, 267096|3634, 268936|3680, 270224|3718, 270216|4005, com.android.chrome/org.chromium.chrome.browser.incognito.IncognitoTabLauncher, 
260500|1, 260132|163, 261156|222, 262312|304, 262460|374, 262756|418, 263052|513, 263940|589, 264384|633, 265752|700, 266196|778, 266564|884, 268448|973, 269928|1019, 270520|1070, 272148|1172, 275508|1325, 276432|1451, 277688|1558, 279056|1667, 280164|1800, 280756|1983, 282752|2194, 286232|2439, 286896|2583, 286896|2759, 287044|2826, 287228|2864, 287412|2913, 287412|3038, 287560|3088, 287744|3132, 260440|3208, 260524|3268, 260524|3410, 261444|3551, 265124|3612, 267516|3656, 269356|3700, 270276|3738, 270276|4008, com.android.chrome/org.chromium.chrome.browser.incognito.IncognitoTabLauncher, 
260588|1, 260220|201, 261512|308, 262288|386, 263360|471, 267144|577, 267440|619, 268772|662, 272912|783, 273504|857, 274872|940, 275020|1050, 275020|1373, 275000|1424, 274948|1512, 275048|1552, 275048|2458, 275052|2497, 275052|2539, 275048|2576, 275048|3126, 260636|3232, 260264|3283, 260264|3503, 260232|3543, 260232|4020, com.android.chrome/org.chromium.chrome.browser.sync.ui.PassphraseActivity, 
260320|1, 260312|154, 260312|233, 261604|322, 262232|376, 262972|428, 264968|592, 265448|703, 267816|773, 268112|825, 269444|877, 270412|940, 275288|1225, 276140|1540, 276472|1613, 276988|1677, 276988|1733, 277136|1864, 277192|1959, 277180|2002, 281028|2051, 283396|2091, 285320|2132, 286504|2171, 286948|2254, 286948|2545, 287132|2613, 287096|2667, 287096|2894, 287100|2928, 287148|2963, 287096|3001, 287096|3119, 284924|3249, 270044|3309, 270044|3493, 270040|3533, 270040|3934, 270036|3976, 270036|4011, com.android.chrome/org.chromium.chrome.browser.firstrun.FirstRunActivity, 
270004|1, 259904|180, 260348|258, 261380|332, 262156|409, 263396|524, 266836|585, 267428|629, 269720|692, 273196|847, 274380|921, 274860|1077, 274860|1135, 274824|1181, 274824|1282, 274840|1346, 275072|1426, 275044|1462, 275044|3160, 275292|3215, 260036|3340, 260036|3378, 260032|3417, 259948|3456, 259948|4020, com.android.chrome/org.chromium.chrome.browser.sync.ui.PassphraseActivity, 
259832|1, 259832|207, 261308|284, 262416|374, 263304|452, 264412|569, 265004|645, 266520|742, 268180|811, 269676|878, 273632|1112, 273632|1293, 274556|1410, 276184|1711, 276404|1763, 276676|1927, 276676|2013, 276824|2113, 276972|2211, 276972|2264, 277564|2322, 281708|2366, 284224|2432, 285000|2538, 286220|2639, 287256|2687, 287256|2738, 287144|2824, 287144|3107, 287328|3147, 270028|3243, 270028|3393, 269956|3435, 269956|3798, 269960|3832, 269944|3867, 269944|4010, com.android.chrome/org.chromium.chrome.browser.firstrun.FirstRunActivity, 
270128|1, 260064|186, 261448|274, 262500|351, 263720|475, 265348|558, 265792|599, 266088|657, 266088|743, 269156|825, 269600|875, 271228|951, 274924|1109, 275840|1231, 277500|1392, 278352|1558, 279128|1665, 279792|1810, 280936|1954, 283156|2084, 283156|2142, 283296|2192, 283412|2233, 283412|2273, 283428|2313, 283496|2351, 283496|2386, 283500|2429, 283500|2839, 284024|2906, 285572|3002, 286072|3084, 286440|3128, 259932|3306, 260104|3373, 260104|3694, 260204|3738, 260204|4039, com.android.chrome/org.chromium.chrome.browser.customtabs.CustomTabActivity, 
260196|1, 260196|229, 260492|277, 261008|332, 261784|393, 262892|442, 263964|550, 265000|667, 265308|750, 268060|832, 268652|886, 273864|1085, 274752|1197, 275492|1337, 276120|1499, 276416|1590, 276712|1656, 276744|1731, 276904|1892, 277052|1959, 281196|2011, 284748|2076, 286968|2145, 286968|2626, 287000|2676, 287064|2729, 287076|2772, 287076|3071, 287080|3135, 270276|3265, 270276|3461, 270240|3498, 270240|3711, 270212|3746, 270240|3783, 270240|4011, com.android.chrome/org.chromium.chrome.browser.firstrun.FirstRunActivity, 
260360|1, 260176|167, 261460|247, 262384|319, 263160|386, 263936|467, 264232|540, 265860|612, 266008|678, 266340|756, 269224|820, 269668|885, 271184|934, 274844|1099, 276416|1301, 277304|1417, 279300|1621, 279484|1738, 281368|1925, 283440|2043, 283440|2094, 283460|2137, 283424|2192, 283488|2241, 283488|2355, 283496|2395, 283496|2854, 284020|2893, 285644|2979, 286092|3052, 286092|3095, 286276|3133, 260356|3304, 260356|3494, 260332|3542, 260332|4017, com.android.chrome/org.chromium.chrome.browser.customtabs.CustomTabActivity, 
260208|1, 260208|209, 261980|270, 262904|322, 263644|373, 263940|429, 264384|494, 266048|542, 266272|596, 266324|671, 268320|737, 269208|786, 269800|835, 270836|896, 274828|1041, 275752|1141, 276936|1262, 277564|1385, 278932|1564, 279432|1664, 280232|1749, 280860|1898, 281156|1979, 283264|2052, 283264|2237, 283344|2279, 283344|2543, 283364|2587, 283484|2631, 283532|2678, 283532|2770, 284880|2848, 285280|2888, 285480|2937, 285480|3017, 285980|3068, 286080|3138, 286328|3175, 260412|3278, 260164|3402, 260164|3545, 260128|3590, 260248|3625, 260196|3665, 260196|4007, com.android.chrome/org.chromium.chrome.browser.customtabs.PaymentHandlerActivity, 
260464|1, 260280|138, 260280|224, 261720|314, 262200|373, 263124|426, 263604|512, 266564|565, 267304|605, 268376|656, 272296|785, 273368|843, 274256|913, 274812|1052, 274812|1247, 274896|1301, 274896|1400, 275008|1495, 275008|1930, 275056|1990, 275056|2523, 275052|2558, 275052|2919, 275056|2953, 275056|3066, 275304|3101, 260296|3202, 260296|3925, 260224|3960, 260200|3998, 260200|4035, com.android.chrome/org.chromium.chrome.browser.sync.ui.PassphraseActivity, 
260508|1, 260324|172, 261616|228, 262096|279, 263316|328, 263464|372, 266424|412, 267016|448, 268036|486, 270108|544, 273360|670, 274100|768, 274692|847, 274988|944, 274988|1032, 275056|1077, 275056|1180, 275068|1228, 275068|1420, 275108|1463, 275136|1501, 275136|3005, 275384|3041, 260624|3113, 260276|3159, 260276|3451, 260172|3491, 260172|4032, com.android.chrome/org.chromium.chrome.browser.sync.ui.PassphraseActivity, 
260424|1, 260300|234, 261408|305, 262036|369, 263256|453, 264180|559, 265808|610, 265956|660, 266104|726, 266620|819, 269488|873, 269432|914, 270332|956, 271368|1012, 272292|1070, 275324|1211, 276248|1325, 277468|1439, 278208|1556, 279500|1778, 280540|1947, 282276|2119, 283312|2204, 283312|2859, 283464|2919, 283544|2969, 284068|3010, 285392|3066, 285240|3220, 260248|3473, 260248|3795, 260204|3833, 260204|3911, 260260|3947, 260216|3983, 260216|4032, com.android.chrome/org.chromium.chrome.browser.customtabs.CustomTabActivity, 
260400|1, 260904|163, 261976|236, 263344|322, 264232|438, 265748|497, 266192|571, 266376|656, 268484|721, 269408|762, 269408|803, 271072|847, 271960|938, 275472|1106, 276752|1250, 278712|1484, 279340|1598, 279820|1693, 280300|1813, 280744|1983, 280892|2069, 283088|2112, 283248|2154, 283476|2194, 283476|2800, 284200|2867, 285100|2912, 285200|2956, 285200|3011, 285324|3048, 285848|3088, 260260|3291, 260260|4019, com.android.chrome/org.chromium.chrome.browser.customtabs.CustomTabActivity, 
260336|1, 260152|177, 260152|282, 262108|347, 262884|404, 263476|462, 266880|555, 267656|604, 268988|644, 271444|697, 273016|789, 274644|882, 274792|1006, 274792|1280, 274952|1330, 274952|1379, 275076|1467, 275076|1664, 275044|1699, 275132|1737, 275132|2531, 275128|2568, 275128|2683, 275132|2718, 275132|3093, 260248|3217, 260248|3701, 260200|3740, 260200|4032, com.android.chrome/org.chromium.chrome.browser.sync.ui.PassphraseActivity, 
260260|1, 260260|131, 260784|236, 261632|319, 262444|383, 263184|466, 265108|533, 267068|601, 268696|653, 270064|702, 272984|820, 274204|899, 274944|961, 274944|1092, 275136|1162, 274964|1217, 274964|1313, 274976|1365, 274976|1681, 274992|1719, 274992|2151, 275004|2199, 275004|3139, 275256|3188, 260328|3355, 260328|4024, com.android.chrome/org.chromium.chrome.browser.sync.ui.PassphraseActivity, 
260192|1, 260192|193, 261336|253, 262776|338, 263960|411, 264552|480, 266020|533, 266168|575, 266168|640, 266500|692, 269200|779, 270124|838, 271160|891, 274228|1009, 275892|1209, 277260|1299, 277704|1360, 279240|1543, 279996|1688, 283176|1822, 283176|1957, 283508|2028, 283508|2284, 283692|2346, 283692|2421, 283664|2463, 283560|2509, 283560|2684, 284336|2730, 285668|2786, 286184|2865, 286184|3012, 286244|3051, 286224|3092, 286224|3134, 260308|3362, 260308|3474, 260300|3511, 260280|3553, 260280|3591, 260284|3626, 260284|4027, com.android.chrome/org.chromium.chrome.browser.customtabs.PaymentHandlerActivity, 
260544|1, 260360|126, 261100|180, 261984|238, 262760|284, 263832|331, 264720|402, 266384|511, 266532|594, 268084|656, 269624|715, 270156|761, 271148|813, 271776|861, 275068|1053, 277248|1222, 278728|1389, 279540|1507, 280648|1653, 283564|1792, 283796|1905, 283796|2190, 283772|2229, 283772|2721, 284272|2772, 286148|2892, 286248|2950, 286248|3031, 286432|3073, 282032|3119, 260700|3224, 260516|3312, 260516|3419, 260596|3464, 260596|3795, 260432|3831, 260432|4006, com.android.chrome/org.chromium.chrome.browser.customtabs.PaymentHandlerActivity, 
260740|1, 260556|164, 260852|224, 261856|281, 262484|348, 263556|401, 264148|508, 265036|574, 265516|633, 266996|720, 268364|768, 269104|814, 269992|861, 273208|1017, 275984|1228, 276556|1501, 276704|1599, 277036|1712, 277184|1905, 277516|1973, 280216|2017, 283620|2062, 286432|2137, 287132|2195, 287208|2251, 287292|2302, 287292|2353, 286556|2402, 286556|3146, 285584|3222, 269364|3295, 269364|3438, 269360|3474, 269360|4019, com.android.chrome/org.chromium.chrome.browser.firstrun.FirstRunActivity, 
259760|1, 259512|241, 261356|316, 262704|414, 263428|539, 264436|636, 264364|685, 267100|779, 267396|853, 267544|895, 267840|946, 269172|998, 272536|1145, 274052|1232, 275272|1479, 275912|1593, 275860|1668, 275884|1753, 276216|1836, 276216|2090, 278140|2133, 281544|2189, 283320|2249, 284800|2308, 285984|2359, 285948|2438, 286132|2501, 286096|2573, 286084|2644, 286120|2699, 286120|3060, 286368|3099, 270012|3205, 269068|3246, 269068|3425, 269088|3470, 269088|3688, 269108|3725, 269108|4011, com.android.chrome/org.chromium.chrome.browser.firstrun.FirstRunActivity, 
269108|1, 259008|184, 259156|271, 261112|361, 262184|457, 263108|561, 263996|626, 263996|690, 266992|787, 267324|830, 268656|876, 271688|1036, 274332|1231, 274992|1526, 275288|1637, 275288|1696, 275768|1763, 275952|1866, 275952|1919, 276544|1971, 280540|2034, 283684|2098, 285164|2141, 286156|2202, 286116|2279, 286116|3149, 286364|3185, 269236|3305, 269236|4035, com.android.chrome/org.chromium.chrome.browser.firstrun.FirstRunActivity, 
