722192|1, 723008|594, 723008|776, 723000|834, 723000|912, 723016|943, 723116|976, 723184|1005, 723160|1036, 723160|1680, 723132|1711, 723132|2028, 723148|2051, 723148|2658, 722896|2751, 722896|2982, 722928|3011, 722888|3034, 722888|3936, com.android.chrome/org.chromium.chrome.browser.firstrun.FirstRunActivity, 
722888|1, 722888|615, 723052|690, 723032|765, 723032|843, 723024|893, 723024|938, 723064|1035, 723188|1143, 723332|1235, 723924|1281, 723924|1560, 723916|1645, 723916|1921, 724064|1957, 724064|1982, 724068|2006, 724068|2054, 724148|2078, 724148|2103, 724088|2127, 724088|3045, 724108|3079, 724112|3123, 723980|3287, 722832|3363, 722832|3944, 722828|3992, 722824|4021, com.android.chrome/org.chromium.chrome.browser.customtabs.CustomTabActivity, 
723040|1, 722916|275, 722916|547, 723328|596, 723108|719, 723092|841, 723080|914, 723080|958, 723076|1007, 723028|1060, 723028|1212, 723204|1271, 723204|1527, 723340|1562, 723396|1600, 723284|1633, 723340|1673, 723340|2206, 723316|2231, 723316|3109, 722936|3195, 722936|3591, 722976|3617, 723020|3642, 723020|4001, com.android.chrome/org.chromium.chrome.browser.firstrun.FirstRunActivity, 
723020|1, 723020|526, 723188|618, 723160|721, 723152|782, 723152|850, 723144|961, 723144|1093, 723920|1196, 724084|1306, 724084|1822, 724232|1857, 724232|2079, 724252|2106, 724252|2152, 724220|2188, 724232|2248, 724232|3055, 723112|3243, 723112|3568, 723116|3610, 723116|3905, 723108|3959, 723108|4016, com.android.chrome/org.chromium.chrome.browser.customtabs.PaymentHandlerActivity, 
723044|1, 723044|678, 723048|715, 723052|747, 723052|782, 723236|841, 723388|1021, 723388|1059, 723328|1160, 723476|1209, 723284|1304, 723284|1361, 723276|1503, 723868|1644, 723996|1735, 724028|1802, 724028|2444, 724024|2504, 724020|2531, 724020|2634, 722648|2676, 722668|2714, 722684|2746, 722684|3134, 722584|3220, 722336|3267, 721736|3311, 721720|3404, 721720|3739, 721700|3769, 721632|3799, 721632|3965, 721660|3996, 721680|4037, com.android.chrome/org.chromium.chrome.browser.incognito.IncognitoTabLauncher, 
721680|1, 721888|319, 721888|755, 722232|883, 722220|983, 722036|1057, 721856|1204, 721856|1298, 722740|1450, 722740|1552, 722732|1649, 722732|2025, 723100|2053, 723100|2083, 723068|2111, 723024|2142, 723028|2179, 723028|2240, 723020|2270, 723020|2669, 723028|2706, 723028|3125, 723072|3167, 721936|3358, 721936|3419, 721932|3458, 721928|3489, 721928|4008, com.android.chrome/org.chromium.chrome.browser.customtabs.CustomTabActivity, 
721876|1, 721876|358, 722244|391, 722236|462, 722136|549, 722204|654, 722204|851, 722252|883, 722252|1306, 722256|1346, 722256|1559, 722268|1604, 722268|2551, 722288|2578, 722292|2609, 722292|3047, 722288|3133, 722036|3161, 722036|3556, 722088|3582, 722088|3632, 722072|3659, 722072|4023, com.android.chrome/org.chromium.chrome.browser.sync.ui.PassphraseActivity, 
722088|1, 722076|230, 722076|586, 722444|642, 722404|807, 722404|867, 722220|951, 722264|1095, 722404|1190, 722404|1326, 723280|1428, 723280|2041, 723228|2071, 723228|2103, 723256|2136, 723284|2168, 723292|2194, 723292|2220, 723296|2252, 723296|3068, 723308|3219, 722384|3254, 722384|3413, 722368|3446, 722368|3804, 722364|3864, 722360|3889, 722360|4014, com.android.chrome/org.chromium.chrome.browser.customtabs.PaymentHandlerActivity, 
722116|1, 722116|702, 722120|744, 722120|905, 722304|976, 722268|1125, 722260|1205, 722260|1263, 722064|1347, 722060|1432, 722060|1513, 722884|1695, 723104|1773, 723104|2386, 723108|2420, 723108|2626, 723104|2703, 723132|2730, 723188|2759, 723188|3216, 722340|3298, 722340|3330, 722328|3491, 722328|3552, 722296|3607, 722284|3638, 722284|3665, 722244|3703, 722132|3733, 722192|3762, 722192|3928, 722184|3960, 722192|4020, com.android.chrome/org.chromium.chrome.browser.incognito.IncognitoTabLauncher, 
722204|1, 722224|302, 722224|760, 722584|851, 722544|946, 722652|1008, 722736|1049, 722692|1098, 722492|1176, 722124|1319, 722700|1548, 722696|1754, 722696|1962, 722676|1994, 722796|2026, 722852|2064, 722896|2093, 722896|2265, 723192|2303, 723192|2422, 723184|2488, 723184|2646, 723196|2677, 723208|2715, 723208|3000, 723232|3072, 723272|3169, 722324|3218, 722324|3305, 722308|3365, 722308|4018, com.android.chrome/org.chromium.chrome.browser.incognito.IncognitoTabLauncher, 
722260|1, 722260|734, 722628|801, 722592|971, 722592|1101, 722400|1178, 722400|1303, 723272|1465, 723312|1533, 723300|1638, 723300|2167, 723388|2210, 723388|2415, 723412|2446, 723432|2495, 723452|2525, 723452|2785, 723444|2842, 723444|3146, 723440|3289, 722512|3354, 722512|3445, 722500|3477, 722504|3506, 722504|3657, 722388|3688, 722388|3902, 722384|3960, 722380|3992, 722380|4018, com.android.chrome/org.chromium.chrome.browser.customtabs.CustomTabActivity, 
722368|1, 722372|299, 722372|485, 722740|523, 722732|582, 722512|646, 722508|750, 722508|948, 722552|987, 722604|1026, 722612|1058, 722612|1213, 722560|1259, 722560|1987, 722568|2030, 722624|2069, 722624|3005, 722620|3031, 722624|3059, 722624|3145, 722368|3197, 722368|4018, com.android.chrome/org.chromium.chrome.browser.sync.ui.PassphraseActivity, 
722400|1, 722400|629, 722416|662, 722784|818, 722744|915, 722736|1114, 722728|1262, 722728|1387, 723608|1511, 723608|1551, 723552|1578, 723560|1605, 723628|1644, 723588|1671, 723588|2591, 723632|2618, 723632|2649, 723648|2681, 723648|3125, 722592|3302, 722592|3457, 722496|3491, 722496|3644, 722448|3671, 722448|4018, com.android.chrome/org.chromium.chrome.browser.customtabs.PaymentHandlerActivity, 
722448|1, 722456|281, 722456|722, 722824|849, 722796|928, 722796|1038, 722784|1175, 722784|1476, 723516|1544, 723516|2038, 723604|2077, 723648|2106, 723668|2141, 723692|2180, 723692|2374, 723704|2400, 723704|2776, 723696|2823, 723712|2850, 723712|3118, 723756|3195, 722600|3435, 722600|3889, 722596|3938, 722592|3977, 722592|4008, com.android.chrome/org.chromium.chrome.browser.customtabs.CustomTabActivity, 
722552|1, 722552|674, 722920|724, 722892|861, 722888|945, 722836|1041, 722828|1193, 722828|1276, 723716|1422, 723752|1489, 723716|1567, 723752|1602, 723752|2378, 723760|2413, 723760|2526, 723792|2550, 723816|2579, 723816|3127, 722660|3318, 722660|3507, 722664|3537, 722648|3564, 722616|3590, 722616|4031, com.android.chrome/org.chromium.chrome.browser.customtabs.PaymentHandlerActivity, 
722608|1, 722624|200, 722624|677, 722992|732, 722948|893, 723036|1029, 722864|1188, 722844|1284, 722844|1419, 722840|1473, 722804|1509, 722804|1654, 721184|1691, 719784|1722, 719784|1783, 717832|1837, 717832|2009, 717892|2042, 717796|2083, 717824|2117, 717824|2174, 717796|2215, 717796|3069, 717800|3098, 717800|3147, 717544|3247, 717544|3425, 717668|3451, 717668|4015, com.android.chrome/org.chromium.chrome.browser.firstrun.FirstRunActivity, 
717700|1, 717700|411, 718044|529, 717920|616, 717920|908, 717872|945, 717872|1030, 717920|1073, 717920|1325, 717968|1351, 717968|1549, 717932|1586, 717932|2557, 717944|2582, 717944|3108, 717812|3195, 717812|3541, 717756|3567, 717724|3597, 717724|4004, com.android.chrome/org.chromium.chrome.browser.sync.ui.PassphraseActivity, 
717740|1, 717728|286, 717728|870, 718096|1036, 718144|1184, 718144|1319, 718140|1445, 718128|1563, 718128|1701, 719016|1806, 719012|1941, 719012|2063, 719020|2102, 718872|2143, 718904|2182, 718904|3105, 718932|3144, 718952|3232, 717960|3426, 717960|3549, 717872|3591, 717864|4007, com.android.chrome/org.chromium.chrome.browser.customtabs.PaymentHandlerActivity, 
717768|1, 717768|403, 717784|477, 717784|1154, 717968|1268, 718204|1473, 718176|1528, 718176|1615, 717980|1737, 717980|1878, 717972|2092, 718564|2284, 718772|2478, 718772|3103, 717996|3183, 717996|3251, 717988|3357, 717928|3486, 717928|3876, 717920|3922, 717920|4002, com.android.chrome/org.chromium.chrome.browser.incognito.IncognitoTabLauncher, 
717924|1, 717924|600, 717928|683, 717988|797, 717988|887, 718172|1058, 718136|1265, 718136|1354, 718128|1458, 717904|1745, 717904|1911, 718636|2074, 718636|2621, 718672|2673, 719068|2719, 719068|2854, 719208|2904, 719208|3148, 718276|3319, 718276|3626, 718176|3673, 718048|3720, 718048|3771, 718044|3840, 718044|4019, com.android.chrome/org.chromium.chrome.browser.customtabs.CustomTabActivity, 
718044|1, 718056|227, 718056|1121, 718060|1203, 718060|1288, 718428|1366, 718376|1534, 718368|1633, 718368|1714, 718364|1862, 718168|2076, 718352|2299, 718944|2440, 718944|2539, 719092|2709, 719240|2791, 719240|3070, 719208|3112, 719200|3152, 719176|3227, 718400|3299, 718388|3468, 718388|3599, 718336|3683, 718336|4025, com.android.chrome/org.chromium.chrome.browser.incognito.IncognitoTabLauncher, 
718268|1, 718268|257, 718272|327, 718272|895, 718632|1001, 718592|1145, 718352|1412, 718352|1774, 718344|1883, 718344|2219, 718224|2318, 718252|2389, 718252|2619, 718436|2676, 718436|2800, 718408|2838, 718408|3102, 718216|3203, 718216|3282, 718220|3324, 718288|3362, 718264|3403, 718264|3802, 718256|3839, 718256|4034, com.android.chrome/org.chromium.chrome.browser.firstrun.FirstRunActivity, 
718276|1, 718276|770, 718288|843, 718296|918, 718296|1185, 718460|1331, 718428|1455, 718428|1667, 718560|1755, 718588|1826, 718584|1914, 718576|2198, 719168|2269, 719316|2378, 719316|2755, 719352|2826, 719380|2903, 719380|3209, 718604|3277, 718604|3320, 718600|3400, 718588|3529, 718772|3589, 718772|3669, 718768|3723, 718740|3763, 718656|3804, 718536|3854, 718660|3897, 718656|4031, com.android.chrome/org.chromium.chrome.browser.incognito.IncognitoTabLauncher, 
718660|1, 718688|215, 718688|1027, 718668|1102, 718672|1153, 718672|1258, 718828|1416, 718812|1496, 718812|1593, 718988|1669, 718972|1783, 718604|1995, 718684|2175, 719276|2433, 719276|3018, 719372|3057, 719380|3095, 719388|3131, 719388|3209, 718612|3293, 718608|3469, 718596|3557, 718596|3923, 718588|3967, 718588|4003, com.android.chrome/org.chromium.chrome.browser.incognito.IncognitoTabLauncher, 
718444|1, 718444|342, 718440|385, 718440|557, 718436|646, 718432|692, 718432|816, 718616|915, 718580|1027, 718580|1082, 718576|1203, 718572|1313, 718636|1444, 718632|1647, 719372|1727, 719372|1794, 719368|1873, 719364|1931, 719364|2283, 719524|2320, 719564|2368, 719588|2404, 719588|2442, 719884|2488, 719884|3062, 719912|3111, 719816|3350, 718864|3406, 718864|3555, 718744|3591, 718744|3902, 718740|3962, 718736|3997, 718736|4030, com.android.chrome/org.chromium.chrome.browser.customtabs.PaymentHandlerActivity, 
718752|1, 718752|641, 718756|716, 718756|919, 719068|1097, 719068|1340, 719064|1443, 719052|1536, 719048|1595, 719052|1650, 719076|1783, 719956|1937, 719956|2504, 719976|2552, 719976|2607, 719920|2656, 719932|2714, 719932|3103, 719944|3156, 719940|3358, 718864|3410, 718864|3560, 718756|3601, 718772|3644, 718776|3683, 718776|4030, com.android.chrome/org.chromium.chrome.browser.customtabs.PaymentHandlerActivity, 
718776|1, 718788|232, 718788|947, 718792|996, 718804|1056, 718996|1153, 718952|1362, 718948|1444, 718944|1506, 718752|1685, 718752|1834, 719932|2055, 719940|2172, 719940|2397, 719948|2433, 719948|2711, 719940|2769, 719940|2982, 719956|3057, 719976|3126, 719976|3208, 719784|3360, 719044|3443, 719044|3616, 718908|3653, 718908|3802, 718872|3841, 718992|3929, 718868|3971, 718868|4022, com.android.chrome/org.chromium.chrome.browser.customtabs.CustomTabActivity, 
718816|1, 718816|755, 718960|922, 718952|1096, 718952|1352, 718976|1398, 719032|1448, 719000|1530, 719000|2434, 719060|2467, 719060|3175, 718932|3269, 718928|3318, 718928|3428, 718896|3460, 718840|3497, 718840|4009, com.android.chrome/org.chromium.chrome.browser.sync.ui.PassphraseActivity, 
718844|1, 718844|815, 718920|901, 718920|1292, 719280|1440, 719236|1566, 719228|1680, 719228|1812, 719160|1902, 719196|2098, 719780|2335, 719780|2837, 719856|2898, 719948|2950, 719948|3040, 719956|3152, 719956|3251, 719008|3334, 719008|3393, 718992|3586, 718992|3684, 718932|3769, 718924|3821, 718924|3891, 718992|3934, 718992|4015, com.android.chrome/org.chromium.chrome.browser.incognito.IncognitoTabLauncher, 
719016|1, 719040|188, 719040|794, 719032|880, 719032|993, 719056|1107, 719048|1173, 719048|1287, 719408|1413, 719368|1555, 719368|1654, 719168|1836, 719168|1942, 719064|2170, 719656|2418, 719804|2714, 719796|2805, 719796|2989, 719788|3028, 719776|3089, 719788|3131, 719788|3226, 719004|3396, 719000|3515, 719000|3957, 718992|4000, 719048|4035, com.android.chrome/org.chromium.chrome.browser.incognito.IncognitoTabLauncher, 
718836|1, 718836|1160, 719100|1328, 719092|1434, 719092|1564, 719076|1680, 719076|1805, 719072|1991, 719052|2180, 719780|2424, 719780|3050, 720076|3098, 720076|3144, 719892|3209, 719248|3279, 719240|3369, 719232|3562, 719228|3617, 719216|3664, 719216|3905, 719208|3942, 719208|4019, com.android.chrome/org.chromium.chrome.browser.incognito.IncognitoTabLauncher, 
719188|1, 719188|676, 719548|795, 719328|871, 719320|949, 719320|1387, 719344|1432, 719412|1526, 719408|1566, 719408|3140, 719404|3246, 719152|3296, 719152|3518, 719188|3555, 719188|3747, 719180|3784, 719180|4034, com.android.chrome/org.chromium.chrome.browser.sync.ui.PassphraseActivity, 
719188|1, 719188|894, 719204|954, 719320|1210, 719280|1550, 719280|1880, 719408|1974, 719496|2016, 719496|2910, 719500|2943, 719476|2979, 719476|3059, 719492|3094, 719492|3229, 719236|3325, 719236|3951, 719240|3991, 719240|4027, com.android.chrome/org.chromium.chrome.browser.firstrun.FirstRunActivity, 
719204|1, 719204|700, 719544|853, 719340|929, 719340|1293, 719380|1353, 719416|1436, 719400|1472, 719400|1594, 719444|1630, 719444|2408, 719452|2445, 719452|3224, 719320|3350, 719320|3389, 719288|3426, 719228|3466, 719228|4030, com.android.chrome/org.chromium.chrome.browser.sync.ui.PassphraseActivity, 
719228|1, 719228|781, 719232|854, 719236|926, 719596|1160, 719592|1201, 719592|1240, 719588|1320, 719368|1431, 719348|1686, 719472|1812, 719500|1964, 719472|2062, 719464|2161, 719464|2570, 720348|2687, 720348|2735, 720024|2786, 718476|2861, 718560|2928, 718560|3197, 718372|3292, 718372|3443, 718368|3482, 718368|3848, 718288|3881, 718264|3916, 718264|4026, com.android.chrome/org.chromium.chrome.browser.firstrun.FirstRunActivity, 
718264|1, 718264|225, 718268|307, 718268|988, 718628|1129, 718624|1265, 718684|1430, 718672|1597, 718668|1704, 718668|1988, 719548|2122, 719548|2182, 719404|2231, 719436|2273, 719436|2313, 719448|2352, 719460|2390, 719460|3168, 719360|3281, 718452|3411, 718452|3733, 718456|3777, 718456|3874, 718452|3944, 718448|3994, 718448|4032, com.android.chrome/org.chromium.chrome.browser.customtabs.CustomTabActivity, 
718332|1, 718332|693, 718396|782, 718396|921, 718552|1106, 718340|1206, 718324|1348, 718312|1533, 718312|1689, 718612|1757, 718788|1920, 718788|2710, 718728|2764, 718712|2807, 718712|2890, 718708|2926, 718708|3145, 718704|3299, 718452|3340, 718452|3497, 718448|3532, 718448|3747, 718420|3780, 718420|4011, com.android.chrome/org.chromium.chrome.browser.firstrun.FirstRunActivity, 
718412|1, 718412|178, 718420|255, 718420|946, 718596|1098, 718840|1297, 718840|1419, 718640|1621, 718640|1932, 719520|2055, 719520|2107, 719504|2148, 719572|2203, 719596|2253, 719596|3144, 719644|3294, 718720|3387, 718720|3506, 718584|3551, 718584|3880, 718576|3947, 718576|4026, com.android.chrome/org.chromium.chrome.browser.customtabs.CustomTabActivity, 
718452|1, 718452|601, 718460|680, 718460|905, 718820|1038, 718792|1151, 718792|1255, 718600|1373, 718592|1562, 718752|1644, 718760|1758, 718756|1908, 718748|1988, 719524|2061, 719524|2247, 719580|2288, 719580|2553, 719604|2595, 719644|2641, 719636|2688, 719636|3260, 718548|3411, 718548|3599, 718564|3635, 718496|3675, 718496|3922, 718488|3979, 718488|4017, com.android.chrome/org.chromium.chrome.browser.customtabs.PaymentHandlerActivity, 
718500|1, 718500|669, 718860|795, 718832|854, 718624|928, 718712|1065, 718712|1263, 718732|1316, 718732|1417, 718672|1509, 718672|1944, 718748|2004, 718748|2936, 718756|2969, 718744|3006, 718744|3118, 718488|3217, 718488|3942, 718500|3975, 718524|4014, com.android.chrome/org.chromium.chrome.browser.sync.ui.PassphraseActivity, 
718524|1, 718524|469, 718540|506, 718540|563, 718880|690, 718680|774, 718672|864, 718672|1053, 718700|1096, 718700|1201, 718736|1248, 718736|1441, 718700|1483, 718756|1521, 718756|3063, 718752|3133, 718500|3178, 718500|3473, 718532|3511, 718532|4017, com.android.chrome/org.chromium.chrome.browser.sync.ui.PassphraseActivity, 
718536|1, 718536|829, 718540|887, 718540|927, 718556|969, 718556|1079, 718888|1217, 718888|1334, 718880|1447, 718696|1561, 718692|1789, 718828|1952, 719588|2131, 719588|2873, 719688|2928, 719712|2982, 719712|3235, 718716|3486, 718716|3611, 718624|3656, 718624|3925, 718636|3961, 718564|3996, 718560|4045, com.android.chrome/org.chromium.chrome.browser.customtabs.CustomTabActivity, 
718548|1, 718548|186, 718572|259, 718572|953, 718888|1122, 718972|1262, 718956|1499, 718956|1834, 718764|2004, 718764|2091, 719608|2137, 719696|2179, 719748|2218, 719748|3114, 719660|3287, 718736|3394, 718736|3721, 718620|3766, 718620|3814, 718612|3894, 718612|4035, com.android.chrome/org.chromium.chrome.browser.customtabs.CustomTabActivity, 
718608|1, 718608|659, 718980|711, 718948|783, 718728|896, 718728|1021, 718724|1087, 718720|1159, 718720|1295, 718772|1343, 718772|1680, 718808|1713, 718852|1751, 718852|2698, 718840|2733, 718848|2769, 718848|3108, 718844|3231, 718592|3276, 718592|3717, 718628|3754, 718628|4011, com.android.chrome/org.chromium.chrome.browser.sync.ui.PassphraseActivity, 
718628|1, 718628|717, 718988|803, 718772|904, 718764|967, 718764|1105, 718840|1171, 718952|1231, 718952|1328, 718876|1380, 718876|2167, 718884|2211, 718884|2510, 718888|2548, 718888|3193, 718892|3369, 718764|3412, 718764|4005, com.android.chrome/org.chromium.chrome.browser.sync.ui.PassphraseActivity, 
719428|1, 719428|568, 719520|619, 719520|979, 719888|1086, 719856|1293, 719856|1383, 719672|1447, 719848|1608, 719808|1764, 720548|1906, 720540|2005, 720540|2509, 720600|2550, 720684|2596, 720688|2639, 720688|3100, 720772|3139, 720800|3180, 720800|3422, 719868|3528, 719868|3563, 719896|3598, 719792|3641, 719792|3677, 719624|3713, 719616|4013, com.android.chrome/org.chromium.chrome.browser.customtabs.PaymentHandlerActivity, 
719632|1, 719632|411, 720912|519, 721464|602, 721464|663, 721444|722, 721392|769, 721488|820, 721488|869, 721836|1042, 721796|1231, 721792|1398, 721792|1662, 722468|1799, 722552|1914, 722552|2199, 722636|2237, 722636|2775, 722672|2900, 722672|3199, 721592|3321, 721592|3426, 721496|3472, 721496|3805, 721492|3839, 721632|3910, 721496|3946, 721496|4014, com.android.chrome/org.chromium.chrome.browser.customtabs.PaymentHandlerActivity, 
721496|1, 721496|234, 721520|291, 721520|867, 721880|1005, 721948|1232, 721780|1512, 721780|1612, 721720|1723, 721772|1914, 721772|2149, 721204|2205, 721256|2262, 721160|2313, 721160|2366, 719540|2413, 718876|2466, 718876|2905, 718888|2943, 718888|3225, 718688|3306, 718688|3451, 718640|3485, 718640|4031, com.android.chrome/org.chromium.chrome.browser.firstrun.FirstRunActivity, 
718640|1, 718640|649, 718644|721, 718644|1032, 718820|1163, 718784|1268, 718760|1490, 718724|1630, 718884|1703, 718928|1785, 718928|1872, 718700|1982, 718700|2396, 716232|2473, 716232|2600, 716312|2679, 716324|2732, 716324|3018, 716312|3053, 716312|3136, 716308|3241, 716056|3283, 716056|3462, 716028|3505, 716028|3688, 716024|3724, 716040|3762, 716040|4012, com.android.chrome/org.chromium.chrome.browser.firstrun.FirstRunActivity, 
716040|1, 716040|188, 716052|273, 716052|887, 716420|1003, 716376|1230, 716304|1536, 716256|1644, 716256|1769, 716468|1875, 716468|2152, 716524|2205, 716388|2284, 716388|3106, 716384|3159, 716384|3196, 716260|3308, 716136|3364, 716136|4011, com.android.chrome/org.chromium.chrome.browser.firstrun.FirstRunActivity, 
