105|1, 105|694, 106|747, 106|933, 107|975, 107|4015, com.android.chrome/org.chromium.chrome.browser.firstrun.FirstRunActivity, 
107|1, 107|706, 105|784, 105|958, 110|1047, 114|1130, 114|1253, 115|1301, 115|1336, 116|1400, 116|1574, 117|1666, 115|4041, com.android.chrome/org.chromium.chrome.browser.customtabs.CustomTabActivity, 
115|1, 115|774, 117|880, 116|970, 116|1048, 115|1116, 115|1217, 114|1266, 114|1327, 112|1358, 113|1385, 113|2570, 111|2590, 111|4002, com.android.chrome/org.chromium.chrome.browser.firstrun.FirstRunActivity, 
111|1, 111|609, 109|637, 107|701, 105|806, 105|956, 109|1070, 114|1132, 114|1290, 116|1415, 116|1611, 117|1640, 117|4013, com.android.chrome/org.chromium.chrome.browser.customtabs.PaymentHandlerActivity, 
117|1, 117|324, 115|372, 113|427, 111|461, 111|1247, 114|1338, 114|1396, 117|1539, 120|1673, 122|1770, 125|1832, 125|1963, 126|1999, 126|2034, 127|2065, 127|2098, 128|2134, 128|2329, 129|2361, 129|4002, com.android.chrome/org.chromium.chrome.browser.incognito.IncognitoTabLauncher, 
127|1, 127|1025, 129|1093, 136|1248, 136|1344, 137|1460, 138|1596, 138|1734, 139|1786, 139|4026, com.android.chrome/org.chromium.chrome.browser.customtabs.CustomTabActivity, 
137|1, 137|447, 139|569, 142|670, 142|873, 143|904, 143|935, 144|965, 144|1169, 145|1199, 145|3888, 143|3914, 143|4017, com.android.chrome/org.chromium.chrome.browser.sync.ui.PassphraseActivity, 
143|1, 143|933, 149|1093, 152|1201, 153|1337, 154|1438, 154|1595, 155|1628, 155|4002, com.android.chrome/org.chromium.chrome.browser.customtabs.PaymentHandlerActivity, 
149|1, 149|1391, 152|1479, 152|1547, 155|1742, 158|1819, 163|1939, 163|2104, 165|2151, 166|2202, 166|2435, 167|2467, 167|3947, 165|3976, 165|4004, com.android.chrome/org.chromium.chrome.browser.incognito.IncognitoTabLauncher, 
165|1, 165|1205, 168|1342, 173|1557, 179|1782, 179|1911, 181|1949, 180|1992, 181|2024, 181|2232, 182|2264, 182|3755, 180|3783, 180|3866, 178|3895, 176|3921, 176|4023, com.android.chrome/org.chromium.chrome.browser.incognito.IncognitoTabLauncher, 
176|1, 176|343, 175|377, 175|1119, 178|1193, 178|1269, 180|1320, 184|1467, 184|1548, 186|1656, 186|1865, 187|1905, 187|4009, com.android.chrome/org.chromium.chrome.browser.customtabs.CustomTabActivity, 
181|1, 179|325, 179|670, 181|753, 184|816, 184|1013, 185|1054, 185|1086, 186|1131, 186|1319, 187|1348, 187|2931, 186|2960, 186|3944, 184|3968, 184|4022, com.android.chrome/org.chromium.chrome.browser.sync.ui.PassphraseActivity, 
179|1, 179|932, 182|1119, 188|1263, 188|1387, 190|1526, 189|1569, 189|1689, 190|1719, 190|3560, 188|3585, 188|3662, 186|3688, 186|4006, com.android.chrome/org.chromium.chrome.browser.customtabs.PaymentHandlerActivity, 
186|1, 186|1053, 188|1168, 194|1262, 194|1425, 195|1491, 196|1560, 196|1733, 197|1769, 197|3947, 195|3992, 195|4024, com.android.chrome/org.chromium.chrome.browser.customtabs.CustomTabActivity, 
191|1, 191|1036, 196|1196, 199|1284, 199|1418, 201|1497, 201|1695, 202|1723, 202|4006, com.android.chrome/org.chromium.chrome.browser.customtabs.PaymentHandlerActivity, 
198|1, 194|209, 194|992, 197|1197, 198|1293, 198|1332, 199|1372, 199|1564, 200|1610, 200|4001, com.android.chrome/org.chromium.chrome.browser.firstrun.FirstRunActivity, 
196|1, 192|259, 192|672, 194|747, 195|791, 195|965, 196|995, 196|1049, 197|1086, 197|1272, 198|1299, 198|4034, com.android.chrome/org.chromium.chrome.browser.sync.ui.PassphraseActivity, 
194|1, 192|318, 192|1443, 195|1594, 201|1734, 201|1837, 203|1955, 203|2136, 204|2176, 204|3244, 200|3457, 200|3666, 199|3699, 199|3807, 197|3841, 197|3915, 195|3948, 192|4021, com.android.chrome/org.chromium.chrome.browser.customtabs.PaymentHandlerActivity, 
190|1, 190|1877, 193|2095, 196|2282, 200|2488, 200|2666, 201|2744, 202|2810, 202|2991, 203|3034, 203|3818, 201|3853, 201|3932, 198|3979, 196|4015, com.android.chrome/org.chromium.chrome.browser.incognito.IncognitoTabLauncher, 
196|1, 196|905, 195|1033, 195|1259, 194|1372, 194|1477, 199|1745, 201|1925, 202|2049, 202|2139, 203|2209, 203|3335, 202|3397, 202|3644, 200|3688, 200|3739, 198|3789, 196|3846, 196|4038, com.android.chrome/org.chromium.chrome.browser.customtabs.CustomTabActivity, 
196|1, 196|821, 193|923, 193|1131, 192|1214, 192|1865, 195|2069, 198|2261, 198|2450, 201|2534, 206|2714, 207|2796, 207|2856, 208|2919, 209|2994, 209|3607, 207|3692, 207|3773, 205|3812, 205|3852, 203|3889, 203|4002, com.android.chrome/org.chromium.chrome.browser.incognito.IncognitoTabLauncher, 
203|1, 202|276, 202|451, 200|614, 200|822, 199|904, 199|1167, 202|1418, 202|1639, 204|1757, 204|1908, 205|1961, 205|3269, 203|3302, 203|4015, com.android.chrome/org.chromium.chrome.browser.firstrun.FirstRunActivity, 
203|1, 203|507, 200|583, 200|853, 198|914, 198|1140, 194|1192, 194|1923, 198|2191, 198|2279, 201|2388, 206|2523, 206|2693, 207|2757, 209|2836, 209|2984, 207|3020, 207|3061, 208|3101, 208|4040, com.android.chrome/org.chromium.chrome.browser.incognito.IncognitoTabLauncher, 
206|1, 206|269, 204|315, 204|1710, 203|1812, 206|2046, 209|2222, 210|2464, 214|2635, 218|2780, 218|2871, 219|2919, 220|2995, 220|3185, 221|3259, 221|3411, 215|3608, 215|4018, com.android.chrome/org.chromium.chrome.browser.incognito.IncognitoTabLauncher, 
211|1, 211|1304, 210|1435, 216|1654, 217|1730, 218|1807, 218|1987, 219|2052, 219|3125, 217|3355, 217|3489, 216|3532, 216|3643, 214|3680, 214|3799, 213|3841, 211|3882, 211|4010, com.android.chrome/org.chromium.chrome.browser.customtabs.PaymentHandlerActivity, 
207|1, 207|1446, 212|1566, 212|1627, 215|1680, 216|1814, 217|1968, 217|2064, 218|2109, 218|2984, 215|3017, 215|3477, 213|3515, 213|3592, 210|3632, 210|3675, 208|3714, 208|4027, com.android.chrome/org.chromium.chrome.browser.customtabs.PaymentHandlerActivity, 
208|1, 208|1523, 211|1691, 217|1846, 219|2069, 219|2228, 220|2324, 220|2829, 217|2870, 217|3142, 216|3224, 216|3857, 214|3903, 214|4027, com.android.chrome/org.chromium.chrome.browser.customtabs.CustomTabActivity, 
208|1, 208|932, 211|1111, 211|1231, 212|1281, 212|1324, 213|1374, 213|1553, 214|1604, 214|2099, 215|2173, 215|2713, 212|2749, 212|3048, 211|3089, 211|3341, 210|3376, 210|3485, 208|3521, 208|4032, com.android.chrome/org.chromium.chrome.browser.sync.ui.PassphraseActivity, 
208|1, 207|197, 207|1930, 212|2117, 215|2361, 214|2474, 219|2645, 219|2814, 220|2868, 220|2927, 221|2980, 222|3029, 222|4008, com.android.chrome/org.chromium.chrome.browser.incognito.IncognitoTabLauncher, 
214|1, 214|1839, 213|1917, 216|2177, 216|2419, 223|2721, 224|2814, 224|2852, 225|2903, 226|2952, 226|3140, 227|3187, 227|3852, 225|3892, 225|4006, com.android.chrome/org.chromium.chrome.browser.incognito.IncognitoTabLauncher, 
218|1, 218|1689, 221|1804, 219|1976, 222|2168, 227|2399, 226|2598, 226|2710, 228|2778, 228|2887, 227|2930, 227|3009, 228|3060, 228|3217, 227|3289, 225|3348, 223|3567, 223|3760, 222|3798, 222|4029, com.android.chrome/org.chromium.chrome.browser.incognito.IncognitoTabLauncher, 
222|1, 222|976, 225|1073, 225|1265, 226|1312, 227|1363, 227|1551, 228|1593, 228|1713, 226|1746, 226|2014, 224|2083, 224|2360, 223|2433, 223|3361, 221|3394, 219|3440, 219|3513, 217|3545, 217|3630, 216|3663, 216|4024, com.android.chrome/org.chromium.chrome.browser.sync.ui.PassphraseActivity, 
216|1, 216|1193, 220|1555, 220|1626, 217|1696, 217|1753, 218|1820, 218|3483, 216|3515, 216|3602, 214|3639, 214|3715, 212|3750, 212|4033, com.android.chrome/org.chromium.chrome.browser.firstrun.FirstRunActivity, 
212|1, 212|927, 215|1081, 215|1197, 216|1245, 216|1298, 217|1359, 217|1521, 218|1565, 216|1600, 216|1883, 214|1948, 214|2147, 213|2259, 213|2963, 211|2997, 211|3507, 210|3540, 210|4001, com.android.chrome/org.chromium.chrome.browser.sync.ui.PassphraseActivity, 
209|1, 209|1437, 215|1665, 215|1818, 216|1965, 216|2063, 213|2141, 213|2416, 210|2484, 210|2742, 209|2792, 209|3490, 208|3529, 208|3960, 204|4000, 204|4034, com.android.chrome/org.chromium.chrome.browser.firstrun.FirstRunActivity, 
200|1, 198|259, 198|1470, 200|1616, 203|1740, 205|1853, 206|2015, 203|2158, 203|2220, 204|2270, 204|2392, 201|2429, 201|2701, 200|2744, 200|4032, com.android.chrome/org.chromium.chrome.browser.customtabs.CustomTabActivity, 
196|1, 194|274, 192|334, 192|1353, 195|1548, 195|1648, 194|1711, 195|1779, 196|1938, 193|2014, 194|2066, 194|2301, 193|2356, 193|3629, 192|3662, 192|4033, com.android.chrome/org.chromium.chrome.browser.firstrun.FirstRunActivity, 
188|1, 188|185, 186|257, 186|410, 184|486, 184|1082, 181|1284, 181|1428, 184|1615, 190|1753, 190|1940, 191|2063, 191|2214, 192|2264, 192|3658, 190|3701, 190|4036, com.android.chrome/org.chromium.chrome.browser.customtabs.CustomTabActivity, 
190|1, 190|1157, 188|1243, 188|1377, 191|1554, 194|1649, 195|1766, 193|1854, 193|1989, 194|2067, 194|3193, 193|3264, 193|3826, 191|3864, 191|4025, com.android.chrome/org.chromium.chrome.browser.customtabs.PaymentHandlerActivity, 
191|1, 191|933, 194|1046, 194|1323, 195|1376, 195|1590, 193|1631, 193|3125, 192|3222, 192|3515, 190|3551, 190|4020, com.android.chrome/org.chromium.chrome.browser.sync.ui.PassphraseActivity, 
190|1, 190|690, 191|774, 193|871, 196|972, 196|1150, 197|1209, 198|1257, 198|1318, 196|1450, 197|1493, 197|1614, 195|1652, 195|1953, 194|2021, 194|3188, 193|3238, 193|4026, com.android.chrome/org.chromium.chrome.browser.sync.ui.PassphraseActivity, 
189|1, 189|910, 188|950, 188|1584, 191|1787, 193|1956, 193|2146, 194|2242, 194|4020, com.android.chrome/org.chromium.chrome.browser.customtabs.CustomTabActivity, 
188|1, 188|600, 185|671, 185|1262, 187|1509, 190|1630, 191|1729, 192|1842, 192|2009, 193|2100, 193|3897, 191|3957, 191|4048, com.android.chrome/org.chromium.chrome.browser.customtabs.CustomTabActivity, 
191|1, 191|907, 193|1022, 193|1091, 196|1168, 196|1307, 195|1354, 195|1406, 196|1491, 196|1609, 194|1644, 195|1690, 195|1920, 194|1963, 194|2860, 193|2893, 193|4022, com.android.chrome/org.chromium.chrome.browser.sync.ui.PassphraseActivity, 
187|1, 187|977, 190|1113, 190|1238, 191|1292, 192|1337, 192|1478, 193|1558, 193|1890, 191|1958, 191|2220, 189|2274, 189|2521, 185|2558, 185|2917, 184|2954, 184|3165, 183|3202, 183|4016, com.android.chrome/org.chromium.chrome.browser.sync.ui.PassphraseActivity, 
179|1, 179|1466, 181|1602, 187|1771, 185|1918, 186|2024, 186|2064, 185|2134, 185|2174, 186|2217, 186|2381, 185|2453, 185|3081, 184|3118, 184|3661, 182|3696, 182|4013, com.android.chrome/org.chromium.chrome.browser.customtabs.PaymentHandlerActivity, 
182|1, 182|1270, 184|1419, 190|1566, 190|1712, 191|1849, 191|2006, 192|2049, 192|2136, 190|2171, 190|2444, 188|2481, 188|2781, 185|2825, 184|2950, 184|3087, 182|3133, 182|3248, 180|3369, 180|4030, com.android.chrome/org.chromium.chrome.browser.customtabs.PaymentHandlerActivity, 
180|1, 180|993, 183|1246, 185|1525, 185|1595, 186|1719, 186|1930, 187|1996, 187|2046, 185|2083, 185|3940, 183|3974, 183|4011, com.android.chrome/org.chromium.chrome.browser.firstrun.FirstRunActivity, 
181|1, 181|1288, 184|1502, 184|1649, 185|1723, 186|1802, 186|1889, 187|1994, 187|2246, 186|2303, 186|2543, 181|2620, 181|2926, 180|2959, 180|3040, 179|3074, 179|3227, 178|3304, 178|3927, 176|3964, 176|4002, com.android.chrome/org.chromium.chrome.browser.firstrun.FirstRunActivity, 
174|1, 174|1229, 177|1539, 178|1644, 179|1714, 179|1879, 180|1939, 180|2293, 179|2351, 179|2591, 176|2633, 176|2927, 175|2960, 175|3207, 172|3295, 172|3414, 169|3447, 169|3555, 168|3590, 166|3630, 166|4021, com.android.chrome/org.chromium.chrome.browser.firstrun.FirstRunActivity, 
