203478364|1, 203478364|3671, com.android.chrome/org.chromium.chrome.browser.firstrun.FirstRunActivity, 
203478364|1, 203478364|742, 203478476|832, 203482702|963, 203483453|1012, 203483453|1112, 203484453|1146, 203484453|2976, 203484505|3094, 203484505|4015, com.android.chrome/org.chromium.chrome.browser.customtabs.CustomTabActivity, 
203484505|1, 203484505|4007, com.android.chrome/org.chromium.chrome.browser.firstrun.FirstRunActivity, 
203484505|1, 203484505|784, 203484617|843, 203488687|905, 203488687|1007, 203489594|1131, 203489594|1984, 203490595|2016, 203490595|3066, 203490647|3112, 203490647|4007, com.android.chrome/org.chromium.chrome.browser.customtabs.PaymentHandlerActivity, 
203490647|1, 203490647|1302, 203490759|1442, 203494830|1529, 203495737|1604, 203495737|2137, 203496828|2171, 203496828|3082, 203496880|3122, 203496880|4012, com.android.chrome/org.chromium.chrome.browser.incognito.IncognitoTabLauncher, 
203496880|1, 203496880|913, 203501064|1009, 203501220|1120, 203501971|1265, 203502971|1366, 203502971|2877, 203503023|3071, 203503023|4024, com.android.chrome/org.chromium.chrome.browser.customtabs.CustomTabActivity, 
203503023|1, 203503023|4202, com.android.chrome/org.chromium.chrome.browser.sync.ui.PassphraseActivity, 
203503023|1, 203503023|847, 203507205|986, 203508112|1113, 203508112|1200, 203509114|1293, 203509114|3024, 203509166|3060, 203509166|4006, com.android.chrome/org.chromium.chrome.browser.customtabs.PaymentHandlerActivity, 
203509166|1, 203509166|1421, 203509278|1503, 203513349|1623, 203513505|1689, 203514256|1731, 203514256|1834, 203515257|1886, 203515257|3066, 203515309|3213, 203515309|4017, com.android.chrome/org.chromium.chrome.browser.incognito.IncognitoTabLauncher, 
203515309|1, 203515309|1348, 203519491|1571, 203520398|1646, 203520398|3045, 203521345|3102, 203521345|4008, com.android.chrome/org.chromium.chrome.browser.incognito.IncognitoTabLauncher, 
203521345|1, 203521345|1095, 203526749|1232, 203526905|1322, 203527656|1431, 203528511|1469, 203528654|1514, 203528654|3036, 203528706|3144, 203528706|4024, com.android.chrome/org.chromium.chrome.browser.customtabs.CustomTabActivity, 
203528706|1, 203528706|4100, com.android.chrome/org.chromium.chrome.browser.sync.ui.PassphraseActivity, 
203528706|1, 203528706|872, 203528818|1031, 203533044|1151, 203534796|1310, 203534796|2933, 203534848|3109, 203534848|4019, com.android.chrome/org.chromium.chrome.browser.customtabs.PaymentHandlerActivity, 
203534848|1, 203534848|891, 203534960|1001, 203539030|1050, 203539030|1119, 203539186|1166, 203539937|1229, 203539937|1301, 203541028|1361, 203541028|2910, 203541080|3177, 203541080|4011, com.android.chrome/org.chromium.chrome.browser.customtabs.CustomTabActivity, 
203541080|1, 203541080|1023, 203541140|1122, 203545262|1241, 203546117|1337, 203546169|1416, 203546169|1451, 203547169|1492, 203547169|2977, 203547221|3153, 203547221|4014, com.android.chrome/org.chromium.chrome.browser.customtabs.PaymentHandlerActivity, 
203547221|1, 203547221|4013, com.android.chrome/org.chromium.chrome.browser.firstrun.FirstRunActivity, 
203547221|1, 203547221|4066, com.android.chrome/org.chromium.chrome.browser.sync.ui.PassphraseActivity, 
203547221|1, 203547221|1321, 203551404|1464, 203551560|1569, 203552311|1686, 203553312|1752, 203553312|2965, 203553364|3188, 203553364|4017, com.android.chrome/org.chromium.chrome.browser.customtabs.PaymentHandlerActivity, 
203553364|1, 203553364|2054, 203557546|2248, 203558453|2345, 203558453|2514, 203559454|2578, 203559454|2967, 203559506|3037, 203559506|4002, com.android.chrome/org.chromium.chrome.browser.incognito.IncognitoTabLauncher, 
203559506|1, 203559506|1465, 203563688|1665, 203564595|1780, 203564595|2099, 203565687|2149, 203565687|2908, 203565739|3045, 203565739|4001, com.android.chrome/org.chromium.chrome.browser.customtabs.CustomTabActivity, 
203565739|1, 203565739|2312, 203569922|2471, 203570829|2589, 203570829|2703, 203571829|2786, 203571829|3030, 203571881|3100, 203571881|4033, com.android.chrome/org.chromium.chrome.browser.incognito.IncognitoTabLauncher, 
203571881|1, 203571881|4076, com.android.chrome/org.chromium.chrome.browser.firstrun.FirstRunActivity, 
203571881|1, 203571881|2085, 203571941|2188, 203576116|2302, 203577023|2496, 203577023|2562, 203578024|2634, 203578024|3022, 203578076|3091, 203578076|4032, com.android.chrome/org.chromium.chrome.browser.incognito.IncognitoTabLauncher, 
203578076|1, 203578076|2187, 203582259|2381, 203582415|2536, 203583114|2583, 203583114|2678, 203584116|2753, 203584116|3103, 203584168|3163, 203584168|4009, com.android.chrome/org.chromium.chrome.browser.incognito.IncognitoTabLauncher, 
203584168|1, 203584168|1260, 203588351|1480, 203588351|1562, 203589258|1640, 203589258|1705, 203590258|1777, 203590258|3166, 203590310|3251, 203590310|4027, com.android.chrome/org.chromium.chrome.browser.customtabs.PaymentHandlerActivity, 
203590310|1, 203590310|1442, 203590370|1491, 203594492|1625, 203595399|1783, 203595399|1824, 203596349|1876, 203596401|1924, 203596401|3159, 203596453|3256, 203596453|4032, com.android.chrome/org.chromium.chrome.browser.customtabs.PaymentHandlerActivity, 
203596453|1, 203596453|1587, 203600739|1846, 203601542|1970, 203601542|2012, 203602541|2105, 203602541|3142, 203602593|3239, 203602593|4005, com.android.chrome/org.chromium.chrome.browser.customtabs.CustomTabActivity, 
203602593|1, 203602593|4006, com.android.chrome/org.chromium.chrome.browser.sync.ui.PassphraseActivity, 
203602593|1, 203602593|1750, 203602728|1922, 203602728|2287, 203602840|2456, 203608288|2626, 203609039|2686, 203609039|2846, 203610081|2889, 203610133|3001, 203610133|3098, 203610185|3177, 203610185|4016, com.android.chrome/org.chromium.chrome.browser.incognito.IncognitoTabLauncher, 
203610185|1, 203610185|2215, 203615275|2538, 203615275|2777, 203616170|2823, 203616222|2863, 203616222|3059, 203616274|3194, 203616274|4028, com.android.chrome/org.chromium.chrome.browser.incognito.IncognitoTabLauncher, 
203616274|1, 203616274|1994, 203620457|2234, 203620613|2441, 203621364|2510, 203621364|2606, 203622365|2690, 203622365|3194, 203622417|3408, 203622417|4036, com.android.chrome/org.chromium.chrome.browser.incognito.IncognitoTabLauncher, 
203622417|1, 203622417|4001, com.android.chrome/org.chromium.chrome.browser.sync.ui.PassphraseActivity, 
203622417|1, 203622417|4075, com.android.chrome/org.chromium.chrome.browser.firstrun.FirstRunActivity, 
203622417|1, 203622417|4026, com.android.chrome/org.chromium.chrome.browser.sync.ui.PassphraseActivity, 
203622417|1, 203622417|4036, com.android.chrome/org.chromium.chrome.browser.firstrun.FirstRunActivity, 
203622417|1, 203622417|1499, 203622529|1618, 203626756|1786, 203627507|1932, 203628507|1991, 203628507|3042, 203628559|3226, 203628559|4029, com.android.chrome/org.chromium.chrome.browser.customtabs.CustomTabActivity, 
203628559|1, 203628559|4021, com.android.chrome/org.chromium.chrome.browser.firstrun.FirstRunActivity, 
203628559|1, 203628559|1416, 203628619|1579, 203632742|1775, 203633649|1900, 203634597|1955, 203634597|3091, 203634649|3234, 203634649|4038, com.android.chrome/org.chromium.chrome.browser.customtabs.CustomTabActivity, 
203634649|1, 203634649|1410, 203634761|1506, 203638988|1625, 203639739|1712, 203640688|1843, 203640688|3123, 203640740|3277, 203640740|4031, com.android.chrome/org.chromium.chrome.browser.customtabs.PaymentHandlerActivity, 
203640740|1, 203640740|4027, com.android.chrome/org.chromium.chrome.browser.sync.ui.PassphraseActivity, 
203640740|1, 203640740|4024, com.android.chrome/org.chromium.chrome.browser.sync.ui.PassphraseActivity, 
203640740|1, 203640740|1515, 203645079|1711, 203646830|1890, 203646830|3005, 203646882|3262, 203646882|4030, com.android.chrome/org.chromium.chrome.browser.customtabs.CustomTabActivity, 
203646882|1, 203646882|1444, 203651065|1548, 203651972|1661, 203652971|1831, 203652971|3084, 203653023|3230, 203653023|4027, com.android.chrome/org.chromium.chrome.browser.customtabs.CustomTabActivity, 
203653023|1, 203653023|4027, com.android.chrome/org.chromium.chrome.browser.sync.ui.PassphraseActivity, 
203653023|1, 203653023|4029, com.android.chrome/org.chromium.chrome.browser.sync.ui.PassphraseActivity, 
203653023|1, 203653023|1387, 203657205|1557, 203657361|1703, 203658112|1811, 203658112|1853, 203659112|1920, 203659112|3165, 203659164|3334, 203659164|4002, com.android.chrome/org.chromium.chrome.browser.customtabs.PaymentHandlerActivity, 
203659164|1, 203659164|1245, 203659276|1393, 203663502|1534, 203664253|1676, 203665253|1784, 203665253|3077, 203665305|3195, 203665305|4008, com.android.chrome/org.chromium.chrome.browser.customtabs.PaymentHandlerActivity, 
203665305|1, 203665305|4027, com.android.chrome/org.chromium.chrome.browser.firstrun.FirstRunActivity, 
203665305|1, 203665305|4023, com.android.chrome/org.chromium.chrome.browser.firstrun.FirstRunActivity, 
203665305|1, 203665305|4009, com.android.chrome/org.chromium.chrome.browser.firstrun.FirstRunActivity, 
