377796|1, 224820|271, 217696|331, 217252|376, 216608|400, 216360|426, 216064|449, 216064|661, 216360|704, 216360|847, 216212|915, 216200|991, 216020|1052, 216020|1247, 216168|1290, 216168|1507, 216316|1562, 216316|1948, 216488|2003, 216488|2130, 216340|2190, 216488|2240, 216488|2984, 216596|3007, 216456|3052, 216456|3220, 216308|3283, 219120|3330, 219712|3370, 219672|4008, https://www.baidu.com, 
215848|1, 215848|542, 215996|589, 216212|657, 216212|1099, 216360|1125, 216360|1151, 216508|1166, 216508|1586, 216400|1602, 216436|1618, 216396|1658, 216396|1692, 216544|1719, 216692|1740, 216840|1757, 216840|1782, 216544|1810, 216544|1837, 216396|1860, 216396|1881, 216692|1914, 216988|1936, 218320|1960, 219948|1979, 220836|1994, 221724|2027, 221724|2055, 221576|2083, 221724|2099, 221724|2119, 221872|2147, 221872|2398, 224832|2421, 226164|2459, 226016|2494, 226016|2577, 225948|2597, 225912|2615, 225912|2675, 225468|2727, 225764|2774, 226356|2800, 226504|2817, 226504|2971, 226060|3029, 226060|3069, 226208|3096, 226356|3123, 226356|3168, 226652|3187, 226800|3212, 226800|3306, 228872|3370, 228872|3425, 228428|3483, 228132|3553, 225348|3614, 224312|3659, 225348|3706, 225200|3775, 224756|4009, https://www.pku.edu.cn, 
206020|1, 205996|187, 205996|610, 206144|662, 206292|708, 206292|1130, 207584|1176, 206396|1206, 206396|1682, 206544|1706, 206544|1754, 206692|1790, 207284|1816, 207284|1876, 207432|1905, 207432|1946, 211132|1967, 211428|1981, 211428|2035, 213204|2064, 213204|2110, 214388|2139, 214520|2164, 213316|2182, 213316|3152, 213360|3173, 213292|3192, 213292|3207, 213316|3225, 213316|3797, 208876|3823, 208876|4012, https://www.mit.edu, 
205844|1, 205844|419, 205544|448, 205544|544, 205496|574, 205628|650, 205776|698, 205776|1110, 205628|1140, 205776|1171, 205776|1550, 205884|1563, 205992|1588, 205992|1743, 206140|1773, 206880|1816, 206880|1854, 207028|1883, 207028|1912, 207176|1938, 212060|1979, 212060|2017, 214132|2036, 214132|2096, 212800|2111, 212800|2562, 212756|2600, 212756|3553, 212744|3569, 212808|3593, 212816|3611, 212816|4004, https://www.mit.edu, 
205420|1, 205420|623, 205568|643, 205716|687, 205716|991, 205692|1035, 205716|1068, 205716|1130, 206604|1160, 205864|1183, 205864|1321, 206160|1354, 206160|1986, 206256|2015, 206084|2052, 206232|2083, 206232|3004, 206208|3024, 206240|3046, 206240|3082, 206092|3109, 206684|3126, 206832|3157, 206832|3606, 209200|3656, 209300|4027, https://www.baidu.com, 
205408|1, 205408|454, 205384|512, 205384|564, 205532|643, 205532|1127, 205680|1173, 205828|1232, 205828|1464, 205876|1490, 205796|1524, 205796|1569, 205884|1610, 205884|1895, 206624|1928, 206772|1948, 206772|2008, 206920|2032, 206920|2067, 210768|2108, 210768|2150, 210620|2210, 210620|2243, 211804|2276, 210472|2304, 210472|2482, 210456|2516, 210456|3479, 210460|3499, 210512|3513, 210512|4019, https://www.mit.edu, 
205292|1, 205284|136, 205284|582, 205432|632, 205432|856, 205580|936, 205772|960, 205700|987, 205700|1121, 205848|1148, 205848|1426, 205996|1467, 205996|1593, 206292|1660, 206292|1735, 206440|1856, 206544|2032, 206840|2167, 207136|2283, 206840|2363, 206692|2437, 206692|2689, 208764|2746, 209652|2782, 209652|2931, 209660|2962, 209796|3000, 209912|3036, 209912|3286, 209764|3349, 209764|3367, 209616|3387, 209616|3920, 209492|3956, 209536|4005, https://www.yahoo.com, 
205156|1, 205156|609, 205452|696, 205452|1224, 205748|1262, 205748|1482, 205648|1518, 205580|1594, 205580|1904, 205876|1949, 205876|2084, 206172|2116, 208392|2160, 209280|2202, 209428|2236, 209576|2300, 209724|2335, 209724|2511, 209860|2537, 211164|2573, 211164|2676, 210868|2719, 215012|2763, 215012|2847, 215308|2925, 215752|2961, 215752|3033, 215604|3088, 215308|3137, 215308|3407, 215604|3453, 215900|3516, 216844|3553, 216844|3615, 219064|3662, 219064|3888, 218472|3931, 217436|3962, 216400|3998, 216400|4031, https://www.pku.edu.cn, 
204912|1, 204912|617, 205184|761, 205184|958, 205480|1318, 205480|1604, 205536|1649, 205456|1710, 205456|1797, 206048|1845, 206048|1978, 205604|2002, 205456|2096, 206788|2183, 205604|2293, 205604|2601, 208864|2737, 209900|2837, 210048|2950, 210048|3560, 210124|3668, 210188|3795, 210188|4052, https://www.mit.edu, 
199196|1, 197392|309, 197392|570, 197540|723, 197540|1065, 197608|1169, 197904|1282, 197904|1746, 198200|1859, 198200|1951, 197904|2039, 203200|2137, 203368|2246, 203664|2333, 203664|2484, 207660|2614, 207068|2719, 207068|2805, 207216|2910, 207956|2992, 207956|3083, 207568|3224, 208012|3348, 209048|3453, 211860|3549, 212008|3670, 208308|3820, 207864|3921, 207864|4033, https://www.pku.edu.cn, 
197236|1, 197400|732, 197400|857, 197548|993, 197548|1111, 197844|1217, 197844|1488, 198004|1626, 197952|1716, 197952|1917, 198100|2048, 198544|2212, 198692|2331, 198544|2405, 198544|2515, 198540|2604, 198496|2718, 200864|2818, 201308|2916, 201308|3233, 201012|3335, 201012|3594, 201040|3696, 201040|3864, 200892|3955, 200892|4051, https://www.yahoo.com, 
197200|1, 197200|549, 197348|690, 197348|977, 197640|1117, 197936|1253, 197936|1626, 198232|1753, 198232|2098, 198220|2259, 198368|2374, 198368|2468, 198664|2559, 198812|2682, 198812|2870, 201328|2963, 201328|3047, 201656|3132, 201656|3261, 201952|3363, 201656|3432, 201656|3810, 201360|3894, 201212|3993, 201136|4079, https://www.yahoo.com, 
197156|1, 197156|518, 197132|538, 197288|579, 197436|665, 197436|927, 197584|1004, 197584|1097, 197732|1188, 197732|1505, 197744|1594, 197892|1703, 197892|1820, 198336|1927, 198336|2052, 199076|2189, 198928|2305, 199372|2421, 199224|2521, 199296|2603, 204216|2694, 205548|2762, 205548|2939, 205844|3031, 205696|3116, 207028|3232, 207176|3319, 207176|3516, 206708|3618, 206560|4019, https://www.jd.com, 
197092|1, 197092|716, 197388|1040, 197144|1142, 197144|1242, 197292|1319, 197292|1791, 197440|1840, 197440|1872, 197588|1916, 197736|1949, 198032|1979, 198336|2051, 198336|2114, 202036|2150, 202036|2188, 201888|2216, 201888|2274, 203072|2317, 201888|2339, 201888|2477, 202036|2502, 202036|2989, 202044|3009, 201984|3032, 202004|4027, https://www.mit.edu, 
196732|1, 196732|515, 196744|559, 196744|628, 196892|705, 196892|896, 197040|970, 197040|1177, 197188|1208, 197188|1310, 197336|1341, 197336|1524, 197436|1559, 197436|1976, 198324|2033, 197288|2066, 197288|2523, 197256|2540, 197448|2555, 197484|2581, 197484|3513, 197380|3532, 197920|3557, 198512|3572, 199104|3610, 199252|3651, 199252|4015, https://www.baidu.com, 
196708|1, 196708|593, 196856|628, 196856|774, 197004|904, 197152|933, 197152|968, 197212|992, 197148|1047, 197148|1097, 197444|1125, 197444|1965, 197360|1982, 197388|1996, 197272|2014, 197272|2955, 197264|2981, 197272|3007, 197280|3026, 197284|4011, https://www.yahoo.com, 
196700|1, 196700|513, 196712|542, 196712|615, 196860|650, 196860|1101, 197156|1151, 197156|1330, 197304|1358, 197304|1491, 197428|1534, 197440|1568, 197440|2200, 197292|2220, 197292|2322, 197440|2354, 197588|2376, 197588|2502, 197612|2522, 197696|2543, 197696|2725, 197844|2749, 200508|2782, 200656|2814, 200804|2834, 200804|2891, 200952|2928, 200952|3227, 201248|3255, 201248|3382, 201396|3407, 201396|3480, 201444|3516, 201556|3539, 201556|3652, 201112|3681, 200668|3725, 200668|4010, https://www.yahoo.com, 
196672|1, 196672|647, 196968|716, 196968|1049, 197084|1101, 196980|1124, 196980|1155, 197128|1182, 197128|1721, 197276|1748, 197128|1768, 197128|1833, 198016|1874, 198016|2004, 197572|2042, 197572|2076, 197756|2092, 199744|2121, 202852|2148, 202852|2177, 201668|2205, 201668|2715, 201816|2729, 201816|3080, 201904|3103, 201984|3128, 201984|4014, https://www.mit.edu, 
196668|1, 196668|494, 196672|512, 196668|542, 196668|648, 196816|703, 196816|961, 196964|1024, 196964|1139, 197112|1171, 197112|1397, 197260|1434, 197260|1499, 197376|1520, 197376|1948, 198412|1987, 197228|2028, 197228|2475, 197272|2496, 197236|2520, 197368|2539, 197368|3330, 197664|3347, 197664|3372, 197960|3392, 197960|3449, 200032|3477, 201416|3507, 201448|3522, 201448|3637, 201596|3676, 201596|4027, https://www.baidu.com, 
196620|1, 196620|670, 196768|727, 196768|886, 196856|937, 196884|1035, 196884|1288, 197032|1305, 197032|1487, 197180|1502, 197180|1911, 197296|1933, 197448|1962, 197448|2906, 197356|2930, 197472|2952, 197472|2975, 197436|2994, 197436|3567, 197288|3605, 197288|3628, 198324|3652, 198620|3670, 198620|3683, 198768|3702, 198768|3892, 199260|3923, 199716|3953, 199716|4006, https://www.baidu.com, 
196612|1, 196612|436, 196620|473, 196616|503, 196616|641, 196764|687, 196912|770, 196912|1168, 197060|1187, 197060|1430, 197004|1444, 197060|1468, 197224|1488, 197224|1653, 197372|1697, 197076|1736, 197076|1758, 197224|1791, 197816|1818, 197816|2077, 198112|2095, 197816|2137, 199888|2202, 199888|2236, 198408|2273, 198704|2294, 198704|2331, 198852|2354, 198852|2405, 198704|2431, 198728|2447, 198600|2462, 198732|2483, 198732|2561, 198820|2593, 201188|2626, 205184|2652, 206368|2676, 206368|2731, 205184|2775, 205184|2903, 205480|2923, 205480|2998, 205184|3016, 205628|3040, 206664|3068, 206664|3443, 206716|3458, 206780|3482, 206780|3500, 206632|3534, 206188|3565, 206188|4014, https://www.jd.com, 
196612|1, 196612|608, 196760|647, 196908|723, 196908|871, 196880|976, 196880|1160, 197176|1198, 197176|1743, 197472|1775, 197472|1832, 197324|1856, 197324|1887, 197428|1908, 197300|1936, 197596|1967, 198188|1990, 199520|2008, 200704|2023, 200852|2037, 200852|2058, 201148|2082, 201148|2105, 201296|2128, 201296|2144, 201444|2164, 201444|2213, 201296|2250, 201296|2390, 201888|2413, 202924|2438, 202924|2536, 202776|2557, 202776|2582, 203812|2606, 206624|2632, 206624|2737, 206476|2770, 206328|2792, 206328|2811, 206920|2832, 207364|2855, 207364|2878, 207276|2904, 207368|2929, 207396|2970, 207396|3005, 207248|3039, 207248|3251, 207544|3287, 207840|3326, 208284|3350, 208432|3380, 208432|3456, 207988|3485, 207840|3520, 208876|3550, 208876|3575, 207840|3617, 206212|3651, 205176|3683, 205176|3777, 204732|3801, 204732|3901, 204592|3922, 204600|3943, 204600|4007, https://www.pku.edu.cn, 
196592|1, 196592|394, 196596|413, 196596|642, 196892|692, 196892|1376, 196968|1397, 197148|1421, 197148|1637, 197296|1686, 197296|1711, 197148|1748, 197296|1789, 197444|1808, 197740|1826, 197740|1844, 197888|1865, 197888|2149, 197872|2177, 197872|2227, 197772|2252, 197772|2392, 197792|2405, 197796|2419, 197796|2442, 197728|2460, 197728|3177, 197828|3214, 197828|3256, 197992|3299, 198140|3340, 197844|3372, 197860|3398, 198296|3437, 198296|3465, 198444|3481, 198444|3501, 198888|3531, 198888|3624, 198592|3645, 198592|3856, 200220|3884, 203180|3903, 204512|3918, 205844|3935, 205844|4007, https://www.jd.com, 
196568|1, 196568|671, 196864|716, 196864|881, 196840|939, 196840|1274, 196988|1294, 196988|1506, 197136|1524, 197136|1880, 197204|1896, 197272|1910, 197316|1927, 197316|2023, 198204|2051, 197168|2067, 197168|2492, 197316|2529, 197464|2549, 197464|2893, 197524|2915, 197548|2936, 197548|3274, 198140|3310, 198140|3329, 198288|3342, 198288|3424, 199472|3448, 199768|3472, 199768|3875, 199720|3895, 199712|3911, 199732|3926, 199732|4027, https://www.baidu.com, 
196568|1, 196568|642, 196864|713, 196864|1139, 197012|1173, 197012|1379, 196928|1402, 196932|1427, 196968|1451, 196968|1747, 197116|1786, 197856|1812, 197856|1915, 198004|1937, 197560|1958, 197560|2031, 197412|2059, 198448|2093, 198448|2111, 197116|2125, 197116|2370, 197080|2396, 197152|2411, 197264|2426, 197264|2490, 201704|2526, 201704|3391, 201860|3406, 201876|3424, 201876|3446, 201756|3468, 201756|4012, https://www.mit.edu, 
196416|1, 196416|843, 196624|892, 196788|944, 196788|1373, 197972|1417, 196640|1446, 196640|1873, 196844|1903, 196976|1931, 196976|1980, 197124|2003, 197420|2045, 197864|2075, 197864|2124, 198012|2143, 198012|2160, 198900|2189, 201712|2223, 201712|2267, 201564|2285, 201564|2339, 202452|2366, 202748|2393, 201860|2416, 201416|2435, 201416|2873, 201512|2900, 201532|2915, 201532|3761, 201552|3788, 201552|3890, 201608|3911, 201608|4004, https://www.mit.edu, 
196416|1, 196416|837, 196564|931, 196564|1028, 196712|1073, 196712|1264, 196860|1289, 196860|1340, 196920|1360, 196944|1381, 196944|1813, 197240|1834, 197240|1878, 197092|1911, 197092|1937, 196944|1965, 196944|1989, 197092|2004, 197388|2019, 198276|2036, 200348|2061, 200644|2087, 201088|2109, 202272|2154, 202420|2200, 202420|2354, 202532|2367, 202628|2386, 202628|2559, 204108|2594, 206476|2626, 206624|2646, 206624|2688, 206032|2706, 206032|2971, 206476|2988, 206920|3003, 206920|3082, 206476|3117, 206476|3339, 206584|3355, 206564|3375, 206620|3397, 206620|3451, 207212|3491, 208248|3537, 208396|3560, 208396|3582, 209432|3610, 210912|3644, 210616|3664, 210616|3688, 210468|3729, 211060|3753, 210616|3772, 210172|3791, 209728|3821, 208692|3851, 208692|3897, 207656|3919, 207656|4025, https://www.pku.edu.cn, 
196376|1, 196376|675, 196524|731, 196740|795, 196740|1217, 196592|1258, 196740|1285, 196740|1452, 196888|1474, 196888|1765, 196956|1815, 197104|1859, 197104|1948, 197548|1989, 197548|2294, 198436|2316, 197548|2345, 197548|2393, 197844|2441, 197992|2470, 197548|2500, 197992|2532, 197992|2648, 198288|2669, 198436|2690, 198436|2753, 198084|2769, 198244|2796, 198244|2925, 199132|2953, 201204|2976, 204312|2999, 204312|3042, 204460|3057, 204460|3100, 205644|3133, 205644|3177, 204460|3197, 204460|3266, 204608|3290, 204608|3336, 204312|3351, 204608|3366, 204756|3381, 205940|3407, 205940|3687, 205792|3716, 205644|3741, 205644|3758, 205660|3777, 205772|3810, 205772|4011, https://www.jd.com, 
196320|1, 196320|284, 196264|329, 196264|779, 196412|906, 196412|1172, 196708|1198, 196856|1221, 196856|1248, 196756|1269, 196804|1293, 196812|1314, 196812|1643, 196960|1669, 196960|1687, 197108|1707, 196960|1730, 196960|1755, 196812|1778, 197256|1830, 197700|1861, 199624|1881, 200956|1899, 202140|1924, 202140|1953, 203176|1982, 202140|2013, 202140|2243, 202284|2269, 202580|2303, 206724|2325, 206724|2343, 206428|2393, 206280|2416, 206280|2441, 206132|2468, 206132|2575, 205836|2607, 206132|2639, 206428|2674, 206872|2688, 206872|2828, 206428|2860, 206428|2979, 206872|3014, 207464|3040, 207760|3058, 207760|3110, 207908|3145, 210424|3186, 210424|3216, 210276|3237, 210276|3258, 210216|3279, 210336|3312, 209744|3353, 209744|3378, 208708|3395, 208560|3417, 207524|3435, 207080|3463, 207080|3607, 206784|3633, 206784|3953, 206488|3980, 206488|4012, https://www.pku.edu.cn, 
196236|1, 196236|687, 196392|723, 196392|1218, 196540|1258, 196540|1645, 196668|1686, 197148|1725, 197296|1750, 197148|1770, 197148|1787, 197000|1814, 197000|1846, 196852|1883, 197296|1928, 197888|1948, 199368|1965, 200404|1983, 202032|2005, 202032|2031, 202180|2071, 202180|2147, 202328|2172, 202328|2393, 203364|2412, 206324|2429, 206324|2451, 206176|2483, 206472|2521, 206324|2551, 206324|2649, 205616|2686, 206172|2715, 206616|2744, 206912|2757, 206912|2905, 206468|2936, 206468|3032, 206912|3061, 207208|3086, 207652|3113, 207800|3131, 207800|3153, 207948|3193, 209132|3238, 208836|3276, 208688|3296, 208688|3363, 207356|3411, 204692|3450, 204692|3562, 204248|3589, 204248|3666, 204188|3685, 204020|3704, 204156|3731, 204156|3911, 203712|3947, 203712|4008, https://www.pku.edu.cn, 
196228|1, 196228|655, 196524|722, 196524|1152, 196672|1179, 196672|1225, 196848|1245, 196848|1892, 196868|1921, 196744|1950, 196744|1973, 196844|2010, 196844|2183, 197880|2215, 196732|2242, 196748|2268, 196748|2459, 196856|2492, 196856|3105, 197004|3140, 197004|3214, 197028|3243, 197028|3295, 197176|3309, 197324|3327, 197324|3391, 197472|3423, 197324|3447, 197324|3575, 197472|3601, 197768|3627, 199396|4017, https://www.yahoo.com, 
196228|1, 196228|665, 196524|720, 196608|779, 196608|1225, 196904|1261, 196904|1711, 196848|1750, 196872|1799, 196872|1923, 197020|1961, 197316|1993, 197316|2306, 197612|2333, 197612|2378, 197760|2398, 197612|2420, 197464|2439, 197760|2471, 197760|2521, 198056|2544, 198204|2559, 198352|2574, 198352|2679, 198204|2695, 198204|2712, 198120|2726, 198352|2745, 198464|2766, 198464|2857, 199796|2873, 202756|2896, 205716|2928, 205864|2953, 205864|2992, 204680|3016, 204680|3166, 204976|3182, 204976|3284, 204828|3304, 205272|3341, 205864|3358, 206308|3381, 206308|3713, 206208|3749, 206144|3767, 205700|3781, 205712|3806, 205712|4024, https://www.jd.com, 
196228|1, 196228|230, 196196|259, 196228|301, 196228|621, 196376|657, 196376|893, 196524|965, 196524|1120, 197560|1168, 196820|1183, 196820|1234, 196740|1257, 196852|1280, 196852|1649, 196704|1665, 196704|1914, 196720|1940, 196720|2117, 196584|2142, 196716|2191, 197916|2230, 196652|2265, 196728|2288, 196728|2383, 196876|2411, 196876|2500, 197024|2547, 197024|2587, 197172|2632, 198504|2677, 197320|2735, 197320|2814, 197468|2840, 200280|2875, 200428|2898, 200428|3223, 200160|3261, 200356|3285, 200356|3774, 200208|3790, 200060|3810, 200060|4002, https://www.yahoo.com, 
196224|1, 196224|744, 196228|764, 196228|977, 196524|1085, 196524|1516, 196820|1545, 196820|1709, 196848|1733, 196724|1763, 196724|1779, 196792|1794, 196792|2104, 196940|2135, 197088|2160, 197088|2289, 197236|2313, 197680|2336, 198716|2352, 199752|2367, 200344|2385, 201232|2406, 202120|2433, 202120|2460, 202268|2508, 202268|2542, 202416|2561, 202416|2716, 202516|2742, 202524|2762, 202524|2783, 202516|2803, 202516|2876, 206660|2918, 206512|2951, 206364|2979, 206364|3093, 205772|3124, 205772|3166, 206364|3188, 206956|3205, 206956|3272, 206512|3305, 206364|3338, 206364|3697, 206320|3730, 206640|3762, 207232|3800, 207676|3830, 207972|3859, 207676|4012, https://www.pku.edu.cn, 
196224|1, 196224|91, 196220|113, 196220|802, 196368|873, 196368|1040, 196516|1080, 196504|1166, 196504|1321, 196652|1344, 196652|1848, 196948|1869, 196948|1892, 196800|1926, 196948|1954, 196948|2004, 197244|2023, 197244|2060, 197428|2078, 197496|2102, 197496|2482, 198828|2516, 197644|2537, 197792|2566, 197496|2614, 197792|2649, 197792|2689, 197940|2707, 197940|2722, 198088|2749, 198236|2772, 198384|2795, 198384|2855, 198532|2869, 198532|2964, 198236|2981, 198236|3051, 198356|3082, 198468|3111, 198468|3187, 199208|3203, 200984|3220, 204684|3242, 205868|3276, 205868|3369, 204684|3390, 204684|3687, 204980|3716, 204980|3826, 204832|3862, 204980|3890, 206016|3912, 206016|4023, https://www.jd.com, 
196220|1, 196220|765, 196516|801, 196516|1575, 196712|1593, 196712|2010, 197452|2053, 197600|2087, 197600|2208, 197156|2234, 197304|2262, 197304|2304, 197008|2328, 200116|2350, 201448|2374, 202780|2406, 202780|2430, 201448|2465, 201448|2563, 201340|2593, 201340|3563, 201356|3577, 201500|3600, 201504|4006, https://www.mit.edu, 
196208|1, 196208|638, 196356|698, 196356|998, 196512|1038, 196512|1108, 196660|1144, 196660|1657, 196956|1677, 196808|1699, 196808|1728, 197696|1775, 197696|1889, 198140|1914, 201692|1947, 201692|1967, 201396|1987, 201396|2002, 201368|2019, 201408|2035, 201408|2067, 202444|2105, 201112|2130, 201112|2805, 201260|2828, 201260|2986, 201228|3007, 201392|3036, 201456|4018, https://www.mit.edu, 
196212|1, 196212|800, 196360|866, 196360|1083, 196508|1170, 196656|1214, 196656|1305, 196508|1340, 196508|1362, 196656|1392, 196804|1422, 196804|1446, 196756|1466, 196836|1496, 196836|2366, 196720|2418, 196720|2448, 196756|2472, 196856|2501, 196856|2809, 197004|2839, 197004|2928, 198188|2968, 197152|3010, 197152|3070, 197300|3087, 197300|3157, 197448|3187, 197448|3356, 198188|3389, 199520|3416, 199964|3434, 199964|3449, 199992|3473, 200156|3504, 200008|3542, 200008|3894, 200156|3952, 200156|4011, https://www.yahoo.com, 
195464|1, 195444|106, 195444|757, 195592|838, 195592|950, 195716|1029, 195716|1231, 196012|1282, 196012|1962, 195992|1993, 196092|2028, 196092|2097, 196536|2118, 196684|2137, 196684|2296, 196536|2331, 196684|2365, 196684|2393, 196832|2433, 196684|2483, 197276|2509, 196980|2527, 196980|2568, 197128|2605, 197128|2668, 197276|2691, 197276|2929, 199052|2955, 202604|2986, 204896|3024, 204896|3112, 203712|3142, 203712|3255, 204008|3275, 204008|3340, 203712|3361, 203712|3382, 204008|3398, 204008|3413, 204748|3430, 205044|3457, 205044|3844, 204748|3869, 204748|3977, 204988|3997, 204900|4021, https://www.jd.com, 
195428|1, 195428|750, 195576|794, 195576|1246, 195724|1308, 195872|1357, 195872|1461, 195940|1481, 196036|1520, 196036|2060, 196184|2086, 196036|2139, 196184|2175, 196480|2217, 196480|2331, 196924|2375, 196480|2396, 196480|2424, 196776|2446, 196776|2464, 196712|2488, 197048|2526, 197048|2560, 196752|2592, 197048|2633, 197196|2654, 197196|2695, 197344|2727, 197640|2750, 197788|2776, 197788|2854, 197492|2881, 197492|3002, 197640|3022, 201636|3048, 203708|3069, 204892|3096, 204892|3135, 203856|3150, 203856|3280, 204004|3299, 204004|3327, 204300|3342, 204300|3436, 204152|3459, 204200|3488, 204472|3506, 204472|3525, 205064|3544, 205360|3574, 205360|3655, 205508|3687, 205360|4019, https://www.jd.com, 
195416|1, 195416|832, 195564|893, 195776|976, 195776|1394, 195924|1421, 195924|1879, 195984|1898, 196000|1922, 196020|1937, 196020|2086, 195872|2124, 196020|2155, 196020|2176, 196464|2201, 196464|2255, 196612|2282, 196612|2372, 196760|2416, 196760|2445, 197056|2512, 196760|2542, 196612|2566, 196760|2587, 196908|2622, 196908|2678, 197204|2715, 197204|2739, 197352|2761, 197500|2777, 197500|2793, 197648|2809, 197648|2829, 197500|2854, 197500|2903, 197432|2929, 197432|2950, 197560|2966, 197624|2983, 199104|3005, 203840|3035, 205024|3065, 204728|3088, 204728|3109, 204876|3129, 204876|3160, 203692|3188, 203692|3387, 203988|3415, 203988|3493, 203840|3509, 203840|3532, 204876|3570, 205172|3596, 205172|3893, 205360|3914, 205300|3938, 205300|4001, https://www.jd.com, 
195404|1, 195404|802, 195552|869, 195552|1120, 195700|1220, 195828|1292, 195828|1854, 195976|1880, 195976|1901, 196124|1926, 196124|2263, 195944|2301, 195944|2627, 195952|2655, 195952|3105, 196100|3133, 196396|3173, 196396|3272, 196484|3294, 196484|3316, 196632|3343, 196632|3445, 197964|3468, 197964|3493, 196632|3536, 196632|3782, 196040|3821, 196336|3856, 197520|3880, 199000|3904, 199000|4001, https://www.yahoo.com, 
195396|1, 195396|631, 195544|686, 195608|755, 195780|827, 195780|1243, 196076|1270, 196076|1730, 196040|1765, 196020|1814, 196168|1837, 196168|1921, 196612|1964, 196760|1996, 196612|2043, 196612|2179, 198388|2257, 197056|2288, 196760|2315, 197204|2346, 197204|2396, 197352|2430, 197500|2454, 197796|2481, 197796|2566, 197500|2589, 197500|2729, 199060|2761, 205112|2799, 205112|2857, 203928|2873, 203928|3033, 204076|3048, 204224|3064, 204224|3157, 204520|3182, 204520|3196, 204224|3215, 205556|3241, 205556|3573, 205408|3593, 205112|3608, 204964|3623, 204964|3734, 204828|3756, 204820|3773, 204856|3790, 204856|4006, https://www.jd.com, 
195392|1, 195392|829, 195540|978, 195540|1114, 195564|1183, 195820|1235, 195820|1365, 195968|1429, 195968|1723, 196116|1756, 196116|1833, 196264|1863, 196264|2162, 196212|2189, 196348|2218, 196348|2241, 196472|2279, 196400|2300, 196400|2366, 197732|2430, 196548|2463, 196696|2510, 196696|2599, 196992|2616, 196992|2658, 198176|2690, 197140|2738, 197140|2775, 196844|2800, 196844|2859, 196992|2905, 197140|2935, 197140|3154, 197192|3194, 197232|3225, 197232|3368, 197528|3426, 200044|3465, 200044|3705, 199748|3746, 199748|4021, https://www.yahoo.com, 
195376|1, 195376|744, 195672|904, 195672|1324, 195820|1371, 195820|1438, 195968|1468, 195968|1559, 195888|1596, 196016|1614, 196032|1633, 196032|2312, 196180|2338, 196328|2394, 196328|2572, 196208|2603, 196164|2629, 196148|2657, 196048|4017, https://www.baidu.com, 
195376|1, 195376|753, 195524|861, 195524|1016, 195640|1088, 195648|1124, 195648|1404, 196240|1437, 195796|1457, 195796|1528, 195944|1577, 195944|2037, 196068|2067, 196104|2088, 196104|2449, 195808|2496, 195808|3031, 195800|3059, 196024|3090, 196024|4005, https://www.baidu.com, 
195376|1, 195376|1032, 195524|1100, 195524|1550, 195700|1598, 195700|1705, 195848|1748, 195996|1772, 195996|2202, 196144|2237, 196144|2555, 196280|2597, 195840|2664, 195988|2692, 195988|3559, 196084|3589, 196176|3618, 196176|4008, https://www.baidu.com, 
195372|1, 195372|832, 195520|892, 195668|952, 195688|1030, 195760|1091, 195760|1568, 196056|1607, 196056|1972, 196092|2010, 196092|2499, 195944|2532, 195944|2558, 196092|2597, 196092|2981, 196164|3012, 196168|4032, https://www.baidu.com, 
195328|1, 195328|749, 195476|878, 195476|1341, 195772|1390, 195772|1418, 195844|1455, 195892|1482, 195892|2147, 196040|2172, 196040|2213, 196188|2254, 196188|2320, 196040|2356, 196336|2386, 196928|2412, 196352|2441, 197668|2509, 201072|2614, 201072|2650, 201220|2687, 201516|2719, 201516|2767, 201664|2786, 201664|2971, 203440|3005, 205808|3027, 210692|3057, 210692|3096, 210544|3143, 210544|3346, 210248|3374, 210248|3436, 210012|3460, 210016|3486, 210460|3516, 210608|3536, 210756|3571, 210756|3688, 211052|3722, 211052|3943, 211496|3982, 211496|4009, https://www.pku.edu.cn, 
195328|1, 195328|778, 195696|867, 195696|1370, 195844|1416, 195844|1784, 195888|1806, 195896|1844, 195896|2265, 196340|2288, 196340|2396, 196192|2434, 196340|2465, 196488|2505, 197376|2533, 199300|2561, 200040|2588, 200928|2617, 201076|2645, 201076|2675, 201224|2694, 201372|2712, 201372|2750, 201520|2779, 201644|2810, 201736|2837, 201736|3011, 205880|3038, 210764|3087, 210764|3146, 210616|3167, 210468|3198, 210468|3332, 210024|3356, 210024|3442, 210912|3475, 210912|3625, 210764|3671, 210764|3770, 210860|3801, 210996|3822, 210996|3880, 211440|3950, 212328|4013, https://www.pku.edu.cn, 
