1064632|1, 911072|294, 904096|355, 903552|393, 902908|424, 902660|446, 902364|472, 902512|504, 903104|543, 902948|586, 903540|610, 903984|633, 904872|662, 905760|684, 906548|727, 907732|791, 908324|830, 908916|870, 899640|914, 899484|1015, 899556|1075, 895404|1170, 895404|1271, 895552|1314, 895552|1478, 895700|1524, 895848|1586, 895848|1972, 896068|2026, 896092|2079, 896092|2153, 895944|2209, 896092|2264, 896092|2939, 896240|2969, 896240|2987, 896388|3007, 896556|3030, 896436|3076, 896436|3244, 896288|3306, 899100|3353, 899692|3393, 899692|3684, 899840|3716, 900060|4031, https://www.baidu.com, 
895360|1, 895360|554, 895508|589, 895724|669, 895724|876, 895576|961, 895576|1112, 895724|1137, 895724|1164, 895872|1178, 895872|1416, 896020|1437, 896020|1599, 896040|1615, 896004|1631, 895988|1671, 895988|1704, 896136|1732, 896284|1753, 896432|1769, 896432|1795, 896136|1823, 896136|1850, 895988|1872, 895988|1893, 896284|1927, 896580|1949, 897912|1972, 899540|1991, 900428|2007, 901316|2040, 901316|2068, 901168|2096, 901316|2112, 901316|2131, 901464|2159, 901464|2411, 904424|2433, 905756|2471, 905608|2507, 905608|2590, 905504|2610, 905480|2627, 905480|2687, 905036|2740, 905332|2787, 906220|2813, 906368|2830, 906368|2931, 906516|2959, 906516|2984, 906072|3041, 906072|3082, 906220|3108, 906368|3135, 906368|3181, 906664|3200, 906812|3225, 906812|3318, 908884|3382, 908884|3437, 908440|3495, 908144|3565, 905488|3626, 904452|3666, 905488|3718, 905340|3784, 904896|4021, https://www.pku.edu.cn, 
886260|1, 886220|194, 886220|617, 886368|669, 886516|715, 886516|861, 886368|929, 886368|1137, 887640|1182, 886472|1212, 886472|1380, 886620|1402, 886620|1689, 886768|1712, 886768|1761, 886916|1796, 887508|1821, 887508|1883, 887656|1912, 887656|1953, 891356|1973, 891652|1987, 891652|2041, 893428|2067, 893428|2117, 894612|2145, 894744|2171, 893656|2188, 893656|3159, 893700|3180, 893644|3199, 893644|3213, 893680|3232, 893680|3804, 889240|3830, 889240|4019, https://www.mit.edu, 
886228|1, 886228|435, 885928|463, 885928|560, 885888|589, 886004|662, 886152|714, 886152|782, 886004|892, 886004|1122, 885856|1156, 886004|1187, 886004|1400, 886152|1421, 886152|1565, 886360|1579, 886432|1604, 886448|1627, 886448|1759, 886596|1788, 887336|1832, 887336|1870, 887484|1895, 887484|1927, 887632|1953, 892516|1995, 892516|2033, 894588|2052, 894588|2111, 893256|2127, 893256|3568, 893260|3585, 893336|3608, 893340|3626, 893340|4019, https://www.mit.edu, 
886092|1, 886092|632, 886240|651, 886388|696, 886388|870, 886240|929, 886240|1000, 886172|1045, 886216|1074, 886216|1140, 887104|1169, 886364|1193, 886364|1330, 886660|1364, 886660|1393, 886808|1414, 886808|1995, 886964|2024, 886964|2061, 887112|2093, 887112|2738, 887260|2764, 887260|3014, 887276|3033, 887304|3055, 887304|3092, 887156|3119, 887748|3136, 887896|3167, 887896|3616, 890264|3666, 890608|4037, https://www.baidu.com, 
886888|1, 886888|474, 886836|533, 886836|585, 886984|663, 886984|840, 886836|948, 886836|1148, 886984|1193, 887132|1253, 887132|1456, 887280|1485, 887396|1511, 887352|1545, 887352|1590, 887440|1630, 887440|1915, 888180|1947, 888328|1969, 888328|2028, 888476|2053, 888476|2088, 892324|2128, 892324|2171, 892176|2231, 892176|2264, 893360|2297, 892028|2325, 892028|2503, 892008|2537, 892008|3499, 892040|3520, 892104|3534, 892104|4011, https://www.mit.edu, 
886912|1, 886912|590, 887060|637, 887060|830, 886912|864, 887060|945, 887208|969, 887160|995, 887160|1130, 887308|1156, 887308|1339, 887456|1364, 887456|1435, 887604|1476, 887604|1602, 887900|1668, 887900|1743, 888048|1864, 888548|2041, 888844|2176, 889140|2291, 888744|2372, 888596|2445, 888596|2698, 890668|2754, 891556|2791, 891556|2940, 891612|2970, 891748|3009, 891808|3044, 891808|3295, 891660|3354, 891660|3376, 891512|3396, 891512|3929, 891428|3965, 890388|4014, https://www.yahoo.com, 
890612|1, 894460|173, 894756|205, 894756|308, 894904|350, 894904|382, 895200|407, 895200|451, 896088|514, 896444|624, 897480|711, 898812|812, 899652|964, 899504|1043, 899504|1183, 899948|1239, 901280|1277, 902908|1353, 903056|1403, 903056|1497, 903220|1532, 903292|1609, 903292|1675, 903540|1707, 903540|1838, 886964|1877, 870128|1915, 869484|1964, 868892|2005, 868596|2057, 868596|2099, 869188|2131, 871852|2174, 873036|2217, 873332|2250, 873924|2308, 874220|2350, 874516|2382, 874812|2422, 875108|2452, 875404|2485, 875552|2526, 876028|2551, 877512|2588, 877808|2645, 878252|2690, 878252|2725, 882988|2777, 883284|2802, 883728|2834, 883876|2861, 884912|2939, 885504|2976, 885652|3005, 886096|3048, 886392|3103, 886244|3141, 886688|3200, 886984|3233, 887280|3270, 887576|3314, 887872|3369, 888168|3421, 888908|3468, 889500|3529, 890852|3567, 891148|3625, 893960|3677, 894404|3721, 894848|3754, 895292|3795, 895440|3848, 895884|3903, 895440|3943, 894848|3977, 894108|4013, https://www.pku.edu.cn, 
937852|1, 928676|271, 925152|361, 925152|638, 925284|782, 925284|865, 925136|979, 925432|1340, 925432|1406, 925580|1457, 925580|1619, 925732|1671, 925676|1731, 925676|1819, 926268|1866, 926268|2000, 925824|2024, 925676|2118, 927008|2204, 925972|2314, 925972|2623, 929272|2745, 930308|2852, 930456|2971, 930456|3581, 930636|3689, 930700|3816, 930700|4074, https://www.mit.edu, 
909860|1, 908160|324, 908160|358, 908308|378, 908308|585, 908456|738, 908308|945, 908308|1080, 908468|1184, 908764|1297, 908764|1491, 908912|1566, 908912|1761, 909208|1874, 909208|1966, 908912|2054, 914332|2152, 914624|2262, 914920|2349, 914920|2499, 918916|2603, 918324|2735, 918324|2820, 918472|2925, 919212|3008, 919212|3098, 918968|3240, 919412|3364, 920448|3469, 923260|3564, 923408|3685, 919708|3809, 919264|3937, 919264|4048, https://www.pku.edu.cn, 
903116|1, 903288|742, 903288|1121, 903584|1226, 903584|1498, 903944|1635, 903896|1725, 903896|1926, 904044|2057, 904488|2214, 904636|2341, 904488|2415, 904488|2525, 904536|2613, 904500|2728, 906868|2827, 907312|2926, 907312|3000, 907460|3131, 907460|3242, 907164|3325, 907164|3604, 907252|3706, 907252|3874, 907104|3951, 906512|4060, https://www.yahoo.com, 
897804|1, 897912|161, 897912|561, 898060|702, 898060|879, 897912|988, 898228|1129, 898524|1265, 898524|1447, 898672|1550, 898672|1638, 898968|1765, 898968|2109, 899072|2270, 899220|2386, 899220|2480, 899516|2571, 899664|2694, 899664|2882, 902180|2975, 902180|3058, 902524|3144, 902524|3272, 902820|3375, 902524|3444, 902524|3822, 902228|3906, 902080|4004, https://www.yahoo.com, 
894628|1, 894628|528, 894608|546, 894764|589, 894912|673, 894764|888, 894764|936, 894912|1014, 894912|1107, 895060|1198, 895060|1515, 895332|1604, 895480|1712, 895480|1823, 895924|1937, 895924|2062, 897108|2198, 896960|2315, 897404|2431, 897256|2512, 897452|2583, 902372|2683, 903704|2772, 903704|2949, 904000|3025, 903852|3126, 905184|3206, 905332|3329, 905332|3525, 904912|3628, 904764|4029, https://www.jd.com, 
883012|1, 883464|389, 883464|728, 883612|1053, 883380|1154, 883380|1215, 884268|1332, 885304|1382, 885452|1401, 885600|1424, 885600|1517, 885748|1553, 885748|1589, 886340|1688, 886340|1724, 886488|1765, 886488|1803, 886636|1853, 886636|1885, 886784|1914, 886932|1962, 887228|1991, 887732|2050, 887732|2126, 891284|2163, 891284|2200, 891136|2228, 891136|2287, 892320|2330, 891136|2352, 891136|2488, 891284|2511, 891284|2856, 891136|2895, 891136|3002, 891144|3022, 891012|3045, 890864|3077, 890864|3310, 890716|3344, 890716|3365, 890568|3404, 890568|3559, 890420|3610, 890420|3756, 890272|3784, 890420|3820, 890420|3935, 890272|3968, 890312|4039, https://www.mit.edu, 
898344|1, 898344|191, 898196|213, 898196|522, 898172|564, 898172|634, 898320|711, 898320|903, 898468|977, 898320|1025, 898320|1183, 898468|1215, 898468|1317, 898616|1347, 898616|1435, 898764|1467, 898764|1531, 899016|1565, 899016|1983, 899904|2037, 898868|2073, 898868|2529, 898864|2546, 899056|2562, 899120|2588, 899120|3239, 899268|3309, 899268|3520, 899200|3539, 899748|3564, 900340|3579, 900932|3617, 901080|3658, 901080|4022, https://www.baidu.com, 
899520|1, 899612|131, 899612|609, 899760|644, 899760|922, 899908|950, 899908|986, 899944|1010, 899888|1065, 899888|1115, 900184|1142, 900184|1340, 900332|1370, 900332|1983, 900256|2000, 900284|2013, 900348|2032, 900348|2457, 900496|2471, 900496|2972, 900488|2999, 900496|3024, 900588|3044, 900588|3186, 900736|3208, 900736|3266, 900884|3283, 900884|3754, 901032|3772, 901180|4001, https://www.yahoo.com, 
900780|1, 900780|499, 900928|523, 901056|552, 901056|626, 901204|661, 901204|763, 901056|856, 901056|1112, 901352|1161, 901352|1326, 901500|1341, 901944|1368, 901944|1496, 902116|1544, 902188|1579, 902188|1853, 902336|1874, 902336|1981, 902484|2006, 902484|2210, 902336|2230, 902336|2333, 902484|2365, 902632|2386, 902632|2445, 902780|2482, 902780|2513, 902804|2532, 902936|2553, 902936|2736, 903084|2759, 905896|2793, 906044|2824, 906192|2845, 906192|2902, 906340|2938, 906340|2961, 906488|2981, 906488|3063, 906636|3090, 906636|3238, 906932|3266, 906932|3393, 907080|3418, 907080|3491, 907120|3526, 907408|3550, 907408|3662, 906964|3692, 906520|3736, 906520|4021, https://www.yahoo.com, 
904568|1, 904716|111, 904872|126, 904872|655, 905168|726, 905168|763, 905020|900, 905020|1060, 905144|1112, 905128|1134, 905128|1166, 905276|1193, 905276|1374, 905424|1395, 905424|1732, 905572|1758, 905424|1778, 905424|1843, 906312|1884, 906312|2014, 905868|2044, 906016|2072, 906016|2087, 906212|2103, 908328|2132, 911436|2158, 911436|2188, 910252|2216, 910252|2725, 910400|2740, 910400|3091, 910500|3110, 910572|3139, 910572|4019, https://www.mit.edu, 
907536|1, 907436|138, 907436|190, 907584|211, 907584|229, 907732|246, 907732|469, 907724|501, 907728|520, 907792|550, 907792|655, 907940|710, 907940|901, 907792|968, 907940|1031, 907940|1147, 908088|1179, 908088|1405, 908236|1441, 908236|1472, 908384|1487, 908384|1507, 908756|1528, 908756|1956, 909792|1990, 908608|2036, 908608|2483, 908676|2503, 908744|2528, 908892|2543, 908892|3338, 909188|3354, 909188|3380, 909484|3399, 909484|3457, 911556|3484, 913012|3514, 913044|3529, 913044|3645, 913192|3684, 913340|4008, https://www.baidu.com, 
909736|1, 909736|680, 909884|736, 909884|895, 909992|947, 910076|1045, 910076|1298, 910224|1314, 910224|1497, 910372|1512, 910372|1571, 910520|1589, 910520|1817, 910372|1831, 910372|1891, 910668|1918, 910908|1943, 911212|1972, 911212|2068, 911360|2128, 911360|2915, 911344|2939, 911388|2961, 911388|2982, 911364|3003, 911364|3577, 911216|3614, 911216|3637, 912252|3662, 912548|3680, 912548|3693, 912696|3711, 912696|3902, 913188|3932, 913728|3963, 913728|4016, https://www.baidu.com, 
911180|1, 911328|120, 911328|446, 911312|483, 911336|513, 911336|651, 911484|696, 911632|780, 911632|886, 911484|958, 911484|1178, 911632|1197, 911632|1440, 911856|1454, 911944|1478, 912168|1498, 912168|1662, 912316|1706, 912020|1746, 912020|1767, 912168|1800, 912760|1828, 912760|2087, 913056|2105, 912760|2147, 914832|2211, 914832|2243, 913352|2282, 913648|2304, 913648|2341, 913796|2363, 913796|2415, 913648|2440, 913740|2457, 913584|2472, 913716|2492, 913716|2571, 913768|2603, 916136|2630, 920132|2662, 921316|2685, 921316|2741, 920132|2784, 920132|2912, 920428|2932, 920428|3007, 920132|3021, 920576|3050, 921612|3077, 921612|3453, 921636|3468, 921688|3491, 921688|3510, 921540|3544, 921096|3575, 921096|4007, https://www.jd.com, 
912140|1, 912140|612, 912288|650, 912436|727, 912436|874, 912244|980, 912244|1162, 912540|1201, 912540|1385, 912688|1399, 912688|1747, 912984|1775, 912984|1830, 912836|1860, 912836|1890, 912940|1911, 912960|1940, 913256|1971, 913848|1994, 915180|2011, 916364|2027, 916512|2040, 916512|2061, 916808|2086, 916808|2109, 916956|2128, 916956|2148, 917104|2167, 917104|2217, 916956|2254, 917252|2285, 917252|2394, 917844|2416, 918880|2442, 918880|2540, 918732|2560, 918732|2586, 919768|2609, 922580|2635, 922580|2679, 922728|2697, 922728|2741, 922580|2774, 922432|2796, 922432|2814, 923024|2836, 923468|2858, 923468|2882, 923376|2907, 923508|2932, 923572|2973, 923572|3009, 923424|3039, 923424|3253, 923720|3291, 924016|3329, 924460|3353, 924608|3383, 924608|3460, 924164|3488, 924016|3523, 925052|3554, 925052|3579, 924016|3615, 922388|3654, 921352|3686, 921352|3781, 920908|3805, 920908|3905, 920772|3925, 920836|3947, 920836|4011, https://www.pku.edu.cn, 
913080|1, 913080|370, 913076|396, 913076|645, 913372|694, 913372|919, 913224|955, 913224|1379, 913252|1400, 913600|1423, 913600|1640, 913748|1685, 913748|1714, 913600|1749, 913748|1792, 913896|1810, 914192|1828, 914192|1847, 914340|1867, 914340|2151, 914432|2179, 914432|2229, 914332|2254, 914332|2395, 914360|2407, 914364|2421, 914364|2445, 914296|2463, 914296|3180, 914396|3216, 914396|3259, 914560|3301, 914708|3342, 914412|3374, 914420|3401, 914840|3439, 914840|3468, 914988|3483, 914988|3503, 915432|3533, 915432|3626, 915136|3647, 915136|3859, 916764|3886, 919724|3906, 921056|3921, 922388|3938, 922388|4009, https://www.jd.com, 
913372|1, 913372|674, 913668|720, 913668|885, 913584|943, 913584|1278, 913732|1298, 913732|1484, 913880|1509, 914028|1528, 914028|1817, 913880|1842, 913880|1864, 913732|1884, 913904|1899, 913880|1914, 913920|1930, 913920|2027, 914808|2054, 913772|2071, 913772|2495, 913920|2533, 914068|2553, 914068|2878, 914064|2897, 914268|2919, 914312|2939, 914312|3278, 914904|3314, 914904|3332, 915052|3346, 915052|3427, 916236|3451, 916532|3475, 916532|3878, 916508|3899, 916552|3914, 916568|3929, 916568|4030, https://www.baidu.com, 
913560|1, 913560|646, 913856|717, 913856|899, 913708|946, 913708|1144, 913856|1177, 913856|1383, 913776|1406, 913840|1432, 913932|1455, 913932|1752, 914080|1790, 914820|1817, 914820|1920, 914968|1941, 914524|1962, 914524|2036, 914376|2064, 915412|2097, 915412|2115, 914080|2129, 914080|2375, 914044|2400, 914240|2416, 914352|2431, 914352|2495, 918792|2530, 918792|3396, 918944|3410, 918960|3429, 918960|3450, 918868|3473, 918868|4017, https://www.mit.edu, 
913668|1, 913668|846, 913876|896, 914064|949, 914064|1136, 913916|1210, 913916|1379, 915100|1423, 913768|1452, 913768|1678, 913916|1695, 913916|1879, 914296|1909, 914336|1936, 914336|1985, 914484|2009, 914780|2050, 915224|2081, 915224|2130, 915372|2149, 915372|2166, 916260|2194, 919072|2229, 919072|2273, 918924|2291, 918924|2345, 919812|2371, 920108|2398, 919220|2422, 918776|2441, 918776|2879, 918876|2906, 918892|2921, 918892|3767, 918932|3793, 918932|3896, 919000|3916, 919000|4009, https://www.mit.edu, 
913880|1, 913880|140, 914324|169, 914324|370, 914336|401, 914336|841, 914484|935, 914484|1267, 914632|1292, 914632|1341, 914732|1363, 914712|1385, 914712|1492, 914860|1516, 914860|1817, 915156|1838, 915156|1881, 915008|1915, 915008|1941, 914860|1969, 914860|1992, 915008|2007, 915304|2023, 916192|2040, 918264|2065, 918560|2091, 919004|2109, 920188|2158, 920336|2203, 920336|2357, 920456|2371, 920680|2390, 920680|2562, 922160|2594, 924528|2629, 924676|2649, 924676|2692, 924084|2709, 924084|2974, 924528|2991, 924972|3007, 924972|3086, 924528|3121, 924528|3342, 924664|3359, 924624|3378, 924692|3401, 924692|3454, 925284|3495, 926320|3540, 926468|3564, 926468|3586, 927504|3613, 928984|3648, 928688|3667, 928688|3692, 928540|3733, 929132|3756, 928688|3775, 928244|3795, 927800|3825, 926764|3854, 926764|3900, 925728|3922, 925728|4028, https://www.pku.edu.cn, 
914616|1, 914616|687, 914764|743, 914968|806, 914968|900, 914820|981, 914820|1228, 914672|1268, 914820|1296, 914820|1463, 914968|1486, 914968|1525, 915116|1540, 915116|1777, 915244|1827, 915392|1870, 915392|1960, 915836|2001, 915836|2305, 916724|2328, 915836|2356, 915836|2404, 916132|2452, 916280|2482, 915836|2512, 916280|2543, 916280|2660, 916576|2680, 916724|2701, 916724|2765, 916348|2781, 916504|2807, 916504|2936, 917392|2963, 919464|2988, 922572|3010, 922572|3054, 922720|3068, 922720|3108, 923904|3145, 923904|3188, 922720|3209, 922720|3278, 922868|3301, 922868|3348, 922572|3362, 922868|3378, 923016|3393, 924200|3419, 924200|3699, 924052|3727, 923904|3752, 923904|3769, 923928|3789, 924044|3818, 924044|4023, https://www.jd.com, 
914676|1, 914676|287, 914620|331, 914620|780, 914768|909, 914768|968, 914620|1037, 914620|1174, 914916|1201, 915064|1224, 915064|1251, 914908|1271, 914996|1295, 915036|1316, 915036|1449, 915184|1474, 915184|1646, 915332|1671, 915332|1690, 915480|1710, 915332|1733, 915332|1757, 915184|1781, 915628|1832, 916072|1863, 917996|1884, 919328|1901, 920512|1925, 920512|1955, 921548|1984, 920512|2015, 920512|2246, 920772|2271, 921072|2300, 925216|2327, 925216|2346, 924920|2395, 924772|2419, 924772|2444, 924624|2471, 924624|2577, 924328|2610, 924624|2642, 924920|2676, 925364|2691, 925364|2830, 924920|2862, 924920|2982, 925364|3016, 925956|3042, 926252|3061, 926252|3113, 926400|3147, 928916|3188, 928916|3219, 928768|3239, 928768|3260, 928720|3282, 928848|3315, 928256|3355, 928256|3381, 927220|3397, 927072|3419, 926036|3438, 925592|3465, 925592|3609, 925296|3635, 925296|3956, 925000|3983, 925000|4015, https://www.pku.edu.cn, 
914808|1, 914808|690, 914952|725, 914952|949, 914804|1008, 914656|1044, 914656|1221, 914804|1261, 914804|1506, 914952|1526, 914952|1646, 915216|1688, 915772|1728, 915920|1753, 915772|1773, 915772|1790, 915624|1816, 915624|1848, 915476|1874, 915920|1930, 916512|1951, 917992|1968, 919028|1985, 920656|2007, 920656|2034, 920804|2074, 920804|2150, 920952|2174, 920952|2396, 921988|2415, 924948|2432, 924948|2453, 924800|2484, 925096|2522, 924948|2553, 924948|2652, 924236|2688, 924828|2718, 925272|2747, 925568|2760, 925568|2907, 925124|2938, 925124|3032, 925568|3063, 925864|3089, 926308|3116, 926456|3134, 926456|3156, 926604|3196, 927788|3240, 927492|3279, 927344|3298, 927344|3366, 926012|3414, 923348|3453, 923348|3561, 922904|3591, 922904|3669, 922852|3688, 922684|3707, 922824|3734, 922824|3913, 922380|3949, 922380|4010, https://www.pku.edu.cn, 
914952|1, 914952|658, 915248|724, 915248|963, 915100|1021, 915100|1153, 915248|1181, 915248|1228, 915412|1247, 915412|1423, 915560|1453, 915560|1895, 915688|1924, 915564|1952, 915564|1976, 915664|2008, 915664|2186, 916700|2217, 915568|2245, 915584|2271, 915584|2462, 915692|2495, 915692|3108, 915840|3143, 915840|3217, 915860|3245, 915860|3298, 916008|3312, 916156|3330, 916156|3394, 916304|3426, 916156|3449, 916156|3578, 916304|3603, 916600|3629, 918228|4019, https://www.yahoo.com, 
913088|1, 913088|666, 913384|721, 913532|781, 913532|1021, 913384|1106, 913384|1226, 913680|1260, 913680|1516, 913828|1539, 913828|1583, 913976|1605, 913976|1713, 913956|1752, 913864|1800, 913864|1924, 914012|1963, 914308|1994, 914308|2302, 914604|2335, 914604|2379, 914752|2400, 914604|2421, 914456|2441, 914752|2472, 914752|2523, 915048|2545, 915196|2561, 915344|2576, 915344|2681, 915196|2696, 915196|2713, 915112|2728, 915372|2747, 915500|2767, 915500|2859, 916832|2875, 919792|2898, 922752|2930, 922900|2955, 922900|2994, 921716|3017, 921716|3167, 922012|3183, 922012|3286, 921864|3305, 922308|3343, 922900|3359, 923344|3383, 923344|3715, 923248|3750, 923184|3768, 922740|3783, 922752|3807, 922752|4002, https://www.jd.com, 
913352|1, 913352|237, 913320|266, 913400|309, 913400|629, 913548|664, 913548|835, 913400|901, 913548|968, 913548|1128, 914584|1174, 913844|1190, 913844|1242, 913780|1262, 913908|1288, 913908|1445, 914056|1466, 914056|1656, 913908|1672, 913908|1922, 914036|1947, 914036|2125, 913900|2149, 914032|2199, 915232|2238, 913984|2272, 914052|2295, 914052|2390, 914200|2418, 914200|2508, 914348|2554, 914348|2595, 914496|2640, 915828|2684, 914644|2743, 914644|2821, 914792|2847, 917604|2883, 917752|2906, 917752|3229, 917480|3269, 917684|3293, 917684|3781, 917536|3798, 917388|3817, 917388|4010, https://www.yahoo.com, 
913576|1, 913576|748, 913572|769, 913572|976, 913868|1090, 913868|1172, 913720|1235, 913720|1520, 914016|1548, 914016|1714, 914024|1738, 914112|1768, 914112|1783, 914148|1799, 914148|2108, 914296|2139, 914444|2164, 914444|2293, 914592|2318, 915036|2341, 916072|2357, 917108|2372, 917700|2389, 918588|2411, 919476|2437, 919476|2463, 919624|2512, 919624|2547, 919772|2566, 919772|2720, 919988|2746, 920004|2767, 920004|2788, 920000|2808, 920000|2880, 924144|2923, 923996|2956, 923848|2984, 923848|3097, 923256|3129, 923256|3171, 923848|3192, 924440|3209, 924440|3277, 923996|3309, 923848|3339, 923848|3701, 923796|3734, 924132|3765, 924724|3805, 925168|3835, 925464|3863, 925168|4017, https://www.pku.edu.cn, 
913856|1, 913856|804, 914004|876, 914004|991, 913856|1043, 913960|1083, 913932|1168, 913932|1316, 914080|1348, 914080|1502, 914228|1518, 914228|1851, 914524|1873, 914524|1892, 914376|1930, 914524|1958, 914524|2007, 914820|2027, 914820|2063, 915116|2081, 915204|2105, 915204|2485, 916536|2520, 915352|2540, 915500|2570, 915204|2616, 915500|2653, 915500|2693, 915648|2710, 915648|2725, 915796|2752, 915944|2775, 916092|2798, 916092|2859, 916240|2872, 916240|2968, 915944|2985, 915944|3055, 916012|3084, 916212|3115, 916212|3190, 916952|3207, 918728|3224, 922428|3245, 923612|3279, 923612|3372, 922428|3393, 922428|3691, 922724|3719, 922724|3830, 922576|3863, 922724|3894, 923760|3916, 923760|4027, https://www.jd.com, 
914124|1, 914124|586, 914140|614, 914140|772, 914436|809, 914436|990, 914288|1029, 914288|1564, 914384|1583, 914660|1601, 914660|2019, 915400|2062, 915548|2095, 915548|2216, 915104|2243, 915252|2270, 915252|2313, 914956|2336, 918064|2359, 919396|2381, 920728|2415, 920728|2438, 919396|2474, 919396|2572, 919408|2602, 919408|3572, 919420|3585, 919584|3608, 919592|4014, https://www.mit.edu, 
914560|1, 914568|71, 914568|644, 914716|691, 914716|944, 914568|1004, 914700|1044, 914700|1114, 914848|1149, 914848|1447, 914996|1470, 914996|1663, 915292|1682, 915144|1705, 915144|1734, 916032|1779, 916032|1894, 916476|1920, 920028|1953, 920028|1973, 919732|1993, 919732|2008, 919832|2025, 919868|2041, 919868|2070, 920904|2110, 919572|2135, 919572|2811, 919720|2834, 919720|2992, 919688|3012, 919864|3042, 919864|3537, 919876|3566, 919876|4006, https://www.mit.edu, 
914776|1, 914776|435, 914784|495, 914784|803, 914932|870, 914932|1174, 915080|1217, 915080|1303, 914932|1344, 914932|1366, 915080|1395, 915228|1425, 915228|1447, 915056|1470, 915232|1499, 915232|1696, 915380|1713, 915380|2234, 915492|2256, 915492|2367, 915376|2422, 915376|2451, 915412|2476, 915512|2504, 915512|2812, 915660|2842, 915660|2932, 916844|2971, 915808|3013, 915808|3074, 915956|3091, 915956|3161, 916104|3191, 916104|3360, 916844|3393, 918176|3420, 918620|3438, 918620|3453, 918652|3476, 918816|3508, 918668|3545, 918668|3898, 918816|3956, 918816|4001, https://www.yahoo.com, 
915376|1, 915360|112, 915360|763, 915508|843, 915508|956, 915584|1035, 915584|1237, 915880|1287, 915880|1581, 916028|1604, 916028|1968, 916008|1998, 916132|2029, 916132|2102, 916576|2124, 916724|2143, 916724|2302, 916576|2336, 916724|2371, 916724|2398, 916872|2438, 916724|2489, 917316|2515, 917020|2533, 917316|2573, 918204|2610, 918944|2635, 919536|2674, 920868|2696, 921460|2716, 922348|2732, 923088|2754, 924272|2774, 925012|2810, 925012|2907, 925308|2935, 927676|2960, 931524|2991, 935340|3030, 935340|3118, 934156|3147, 934156|3244, 934304|3260, 934600|3280, 934600|3346, 934304|3366, 934304|3388, 934600|3404, 934600|3419, 935340|3436, 935636|3463, 935636|3849, 935340|3874, 935664|4003, https://www.jd.com, 
926248|1, 926248|482, 926240|507, 926240|753, 926388|797, 926388|1017, 926240|1069, 926240|1249, 926388|1311, 926536|1360, 926536|1464, 926716|1484, 926708|1517, 926708|1631, 926856|1649, 926856|2062, 927004|2090, 926856|2143, 927004|2178, 927300|2220, 927300|2332, 927744|2378, 927300|2399, 927300|2428, 927596|2449, 927596|2467, 927652|2492, 927988|2530, 927988|2564, 927692|2595, 927988|2632, 928136|2657, 928136|2699, 928284|2731, 928580|2754, 928728|2780, 928728|2858, 928432|2879, 928432|3006, 928580|3026, 932576|3051, 934648|3073, 935832|3100, 935832|3139, 934796|3154, 934796|3284, 934944|3302, 934944|3331, 935240|3346, 935240|3440, 935092|3463, 935160|3492, 935428|3509, 935428|3529, 936020|3547, 936316|3578, 936316|3659, 936464|3690, 936316|4021, https://www.jd.com, 
926692|1, 926692|838, 926840|898, 927048|976, 927048|1044, 926900|1096, 926900|1195, 926752|1281, 926752|1400, 926900|1427, 926900|1686, 927048|1711, 927048|1885, 927128|1904, 927360|1927, 927404|1942, 927404|2092, 927256|2130, 927404|2160, 927404|2181, 927848|2206, 927848|2261, 927996|2287, 927996|2377, 928144|2422, 928144|2451, 928440|2518, 928144|2547, 927996|2571, 928144|2593, 928292|2628, 928292|2684, 928588|2720, 928588|2744, 928736|2767, 928884|2783, 928884|2798, 929032|2815, 929032|2835, 928884|2860, 928884|2909, 928792|2934, 928792|2956, 928912|2972, 928988|2989, 930468|3011, 935204|3041, 936388|3070, 936092|3094, 936092|3115, 936240|3134, 936240|3166, 935056|3194, 935056|3393, 935352|3420, 935352|3499, 935204|3515, 935204|3538, 936240|3573, 936536|3602, 936536|3899, 936740|3919, 936688|3944, 936688|4006, https://www.jd.com, 
926840|1, 926840|257, 926832|286, 926848|308, 926848|804, 926996|867, 926996|1122, 927096|1222, 927124|1291, 927124|1705, 927272|1730, 927272|1852, 927420|1882, 927420|1904, 927568|1928, 927568|2265, 927512|2304, 927512|2630, 927524|2658, 927524|3108, 927672|3136, 927968|3175, 927968|3268, 928048|3297, 928048|3318, 928196|3345, 928196|3447, 929528|3470, 929528|3496, 928196|3535, 928196|3785, 927604|3824, 927900|3859, 929084|3883, 930564|3907, 930564|4003, https://www.yahoo.com, 
927924|1, 927924|635, 928072|688, 928132|760, 928324|831, 928324|999, 928176|1136, 928028|1175, 928028|1247, 928324|1274, 928324|1604, 928472|1624, 928472|1735, 928596|1770, 928616|1819, 928764|1842, 928764|1926, 929208|1967, 929356|2001, 929208|2048, 929208|2182, 930984|2260, 929652|2292, 929356|2319, 929800|2351, 929800|2401, 929948|2434, 930096|2458, 930392|2486, 930392|2571, 930096|2594, 930096|2734, 931668|2762, 937764|2803, 937764|2862, 936580|2878, 936580|3038, 936728|3052, 936876|3068, 936876|3162, 937172|3186, 937172|3201, 936876|3220, 938208|3246, 938208|3578, 938060|3597, 937764|3613, 937616|3627, 937616|3738, 937484|3760, 937476|3778, 937512|3795, 937512|4011, https://www.jd.com, 
928160|1, 928308|87, 928308|205, 928440|233, 928440|837, 928588|976, 928588|1122, 928500|1190, 928728|1243, 928728|1372, 928876|1436, 928876|1695, 929024|1730, 929172|1764, 929172|1836, 929320|1871, 929320|2169, 929268|2197, 929404|2226, 929404|2249, 929512|2286, 929564|2308, 929564|2374, 930896|2437, 929712|2471, 929860|2516, 929860|2606, 930156|2624, 930156|2666, 931340|2697, 930304|2745, 930304|2782, 930008|2807, 930008|2867, 930156|2912, 930304|2942, 930304|3161, 930348|3202, 930392|3233, 930392|3376, 930688|3433, 933204|3473, 933204|3712, 932908|3754, 932908|4025, https://www.yahoo.com, 
927064|1, 927064|751, 927360|908, 927360|1074, 927212|1155, 927212|1331, 927360|1378, 927360|1444, 927508|1475, 927508|1566, 927400|1602, 927544|1621, 927488|1639, 927488|1741, 927636|1774, 927636|2277, 927784|2318, 927932|2345, 928080|2400, 928080|2579, 927976|2609, 928004|2636, 928036|2664, 928036|3623, 928040|3642, 927940|4023, https://www.baidu.com, 
927500|1, 927500|82, 927512|117, 927512|765, 927660|872, 927660|1027, 927816|1099, 927832|1135, 927832|1177, 927684|1225, 927684|1416, 928276|1448, 927832|1469, 927832|1539, 927980|1584, 927980|1810, 928128|1844, 928276|1873, 928276|2049, 928292|2079, 928328|2099, 928328|2450, 928032|2507, 928032|3042, 928048|3070, 928252|3102, 928252|4017, https://www.baidu.com, 
927772|1, 927772|1053, 927920|1121, 927920|1361, 927772|1467, 927772|1572, 927856|1619, 927856|1727, 928004|1768, 928152|1793, 928152|1945, 928300|1975, 928300|2224, 928448|2258, 928448|2377, 928744|2413, 928744|2576, 928996|2614, 928556|2686, 928704|2714, 928704|3580, 928840|3609, 928932|3640, 928932|4003, https://www.baidu.com, 
928352|1, 928356|111, 928356|849, 928504|909, 928652|969, 928612|1013, 928744|1108, 928596|1166, 928596|1582, 928892|1624, 928892|1804, 929040|1828, 929040|1894, 929188|1910, 929188|1989, 929172|2028, 929172|2240, 928876|2268, 928876|2516, 928728|2549, 928728|2576, 928876|2614, 928876|2999, 928984|3028, 928984|4007, https://www.baidu.com, 
928436|1, 928436|434, 928344|460, 928360|483, 928360|750, 928508|884, 928508|1058, 928360|1134, 928360|1346, 928656|1395, 928656|1424, 928848|1460, 928764|1486, 928764|1755, 928912|1786, 928912|2153, 929060|2178, 929060|2219, 929208|2259, 929208|2326, 929060|2361, 929356|2391, 929948|2417, 929492|2445, 931032|2513, 935472|2619, 935472|2655, 935620|2693, 935916|2725, 935916|2773, 936064|2792, 936064|2977, 937840|3010, 940208|3032, 945092|3062, 945240|3100, 945092|3148, 945092|3352, 944796|3379, 944796|3441, 944848|3465, 944856|3491, 945300|3522, 945448|3541, 945596|3576, 945596|3694, 945892|3728, 945892|3948, 946336|3987, 946336|4014, https://www.pku.edu.cn, 
930568|1, 930568|788, 930960|875, 930960|1003, 930812|1070, 930812|1186, 930664|1241, 930664|1380, 930812|1426, 930812|1628, 930960|1669, 930960|1794, 931084|1816, 931108|1854, 931108|2274, 931552|2298, 931552|2406, 931404|2443, 931552|2475, 931700|2515, 932440|2542, 933328|2570, 934068|2598, 934956|2626, 935104|2654, 935104|2679, 935252|2704, 935400|2721, 935400|2759, 935548|2789, 935576|2820, 935584|2843, 935584|3021, 939728|3048, 944612|3096, 944612|3155, 944464|3177, 944316|3208, 944316|3341, 943872|3366, 943872|3452, 944760|3484, 944760|3608, 944612|3634, 944464|3681, 944464|3810, 944604|3832, 944604|3890, 945048|3959, 945936|4022, https://www.pku.edu.cn, 
