22876|1, 5800|239, 5212|312, 5212|343, 3452|369, 3232|392, 1104|417, 1104|627, 1324|695, 1324|814, 1104|882, 1120|958, 1176|1039, 1176|1473, 1396|1529, 1396|1918, 1648|1970, 1648|2102, 1428|2157, 1648|2206, 1648|2949, 1612|2973, 1556|3023, 1556|3186, 1336|3249, 4196|3297, 4856|3336, 4856|3942, 4756|3974, 4756|4002, https://www.baidu.com, 
964|1, 964|526, 1184|573, 1336|641, 1336|1008, 1556|1083, 1556|1570, 1636|1586, 1604|1602, 1544|1642, 1544|1676, 1764|1703, 1984|1724, 1984|1766, 1764|1794, 1764|1821, 1544|1844, 1544|1864, 2204|1899, 2424|1920, 3744|1944, 5284|1963, 6164|1979, 6824|2011, 6824|2083, 7044|2102, 7044|2382, 10344|2405, 11444|2444, 11224|2478, 11224|2560, 11136|2581, 11076|2598, 11076|2658, 10636|2717, 10856|2758, 11516|2784, 11516|2955, 11296|3012, 11296|3053, 11516|3080, 11516|3152, 12176|3171, 12176|3290, 13936|3359, 13936|3424, 13496|3467, 13056|3546, 11040|3597, 9940|3643, 11040|3690, 10600|3759, 10600|3945, 10160|4000, 10160|4041, https://www.pku.edu.cn, 
964|1, 964|593, 1404|645, 1404|770, 1184|852, 1184|1113, 2704|1158, 1420|1189, 1420|1737, 1640|1777, 2520|1799, 2520|1929, 6260|1950, 6480|1963, 6480|2017, 8240|2047, 8240|2093, 9560|2122, 9652|2147, 8368|2165, 8368|3135, 8408|3156, 8328|3175, 8328|3189, 8352|3208, 8352|3780, 3952|3806, 3952|4017, https://www.mit.edu, 
964|1, 964|531, 968|564, 1108|637, 1328|688, 1108|765, 1108|1096, 1548|1127, 1548|1536, 1656|1550, 1552|1575, 1512|1598, 1512|1730, 1732|1764, 2392|1803, 2392|1841, 2612|1870, 2612|1898, 2832|1925, 7672|1970, 7672|2004, 9652|2031, 9652|2082, 8332|2101, 8332|2548, 8272|2587, 8272|3556, 8336|3579, 8356|3598, 8356|4011, https://www.mit.edu, 
964|1, 964|598, 1404|619, 1404|754, 1184|836, 1184|968, 1252|1011, 1276|1044, 1276|1106, 2156|1138, 1276|1159, 1276|1300, 1496|1331, 1496|1930, 1716|1961, 1900|1992, 1560|2028, 1780|2059, 1780|2980, 1844|2999, 1788|3022, 1788|3057, 1568|3085, 2228|3102, 2448|3133, 2448|3566, 2668|3582, 4868|3632, 4924|4003, https://www.baidu.com, 
964|1, 964|430, 968|487, 968|539, 1188|618, 1188|1148, 1628|1207, 1628|1439, 1676|1465, 1524|1507, 1524|1544, 1504|1585, 1504|1870, 2384|1903, 2384|2042, 6344|2089, 6344|2125, 6124|2185, 6124|2218, 7444|2251, 6124|2282, 6124|2457, 6088|2499, 6088|3474, 6140|3488, 6140|4008, https://www.mit.edu, 
964|1, 964|562, 1184|612, 1184|845, 1624|916, 1548|941, 1404|966, 1404|1101, 1624|1128, 1624|1405, 1844|1451, 1844|1531, 2064|1573, 2064|1835, 2344|2012, 2564|2147, 2784|2263, 3004|2351, 2784|2416, 2564|2491, 2564|2669, 4764|2726, 5644|2762, 5644|2919, 5596|2942, 5620|2980, 5708|3016, 5708|3266, 5488|3329, 5488|3347, 5268|3367, 5268|3900, 5216|3942, 5336|3985, 5336|4025, https://www.yahoo.com, 
964|1, 964|466, 968|584, 1408|663, 1408|784, 1188|916, 1188|1191, 1628|1229, 1628|1449, 1676|1485, 1532|1561, 1532|1870, 1752|1916, 1752|2051, 1972|2083, 4612|2127, 5492|2169, 5712|2202, 5932|2274, 5492|2302, 5712|2340, 5712|2478, 5728|2504, 7272|2540, 7272|2642, 7052|2685, 11012|2730, 11012|2827, 11232|2892, 11672|2928, 11672|3007, 11452|3055, 11012|3104, 11012|3378, 11672|3427, 12112|3483, 12908|3520, 13348|3582, 15328|3629, 15328|3814, 15548|3855, 14668|3897, 13788|3929, 12468|3965, 12468|4051, https://www.pku.edu.cn, 
964|1, 964|596, 1272|740, 1272|936, 1492|1299, 1492|1582, 1552|1628, 1512|1697, 1512|1776, 2172|1824, 2172|1957, 1732|1981, 1512|2075, 3052|2162, 1732|2284, 1732|2580, 4964|2716, 6064|2822, 6064|3541, 6180|3648, 6244|3774, 6244|4031, https://www.mit.edu, 
964|1, 964|541, 1184|695, 1184|1036, 1288|1141, 1508|1253, 1508|1717, 1948|1831, 1948|1922, 1508|2012, 6912|2132, 7080|2218, 7300|2329, 7300|2482, 11480|2595, 10820|2691, 10820|2776, 11040|2897, 11700|2964, 11700|3054, 11264|3202, 11704|3320, 12804|3425, 15444|3520, 15444|3670, 11924|3792, 11704|3893, 11484|4005, https://www.pku.edu.cn, 
964|1, 1200|657, 1200|773, 1420|910, 1420|1044, 1640|1132, 1640|1421, 1816|1542, 1640|1632, 1640|1832, 1860|1974, 2520|2128, 2300|2247, 2080|2321, 2080|2434, 2216|2519, 2220|2652, 4640|2760, 5080|2832, 5080|3148, 4640|3251, 4640|3551, 4768|3612, 4768|3800, 4548|3871, 4548|4076, https://www.yahoo.com, 
964|1, 964|528, 1184|734, 964|863, 964|955, 1404|1100, 1624|1232, 1624|1523, 1844|1605, 2064|1732, 2064|2076, 2004|2238, 2224|2353, 2224|2447, 2664|2538, 2664|2849, 5304|2960, 5304|3025, 5456|3111, 5456|3249, 5896|3352, 5456|3411, 5456|3789, 5016|3886, 5012|4057, https://www.yahoo.com, 
964|1, 964|488, 960|506, 968|526, 1416|571, 1416|1085, 1636|1176, 1636|1492, 1580|1582, 1800|1691, 1580|1808, 2020|1945, 2020|2040, 2900|2198, 2900|2293, 3340|2409, 3120|2508, 3132|2591, 8036|2682, 9356|2750, 9356|2927, 9796|3019, 9356|3104, 10896|3219, 10896|3503, 10500|3606, 10280|4007, https://www.jd.com, 
964|1, 968|341, 968|680, 1408|1005, 1248|1108, 1248|1207, 1468|1284, 1468|1807, 1688|1837, 1468|1881, 1468|1914, 2568|1952, 2472|2016, 2472|2078, 6212|2115, 6212|2152, 5992|2181, 5992|2245, 7092|2282, 5772|2304, 5772|2441, 5992|2467, 5992|2759, 6212|2808, 6212|2954, 6144|2974, 6128|2997, 6128|3954, 6144|3991, 6152|4016, https://www.mit.edu, 
964|1, 964|501, 976|546, 976|614, 1196|702, 1196|883, 1416|957, 1416|1296, 1636|1328, 1636|1511, 1672|1546, 1672|1963, 2772|2021, 1672|2053, 1672|2509, 1636|2527, 1692|2542, 1716|2575, 1716|3500, 1612|3519, 2172|3544, 2832|3559, 3492|3597, 3712|3638, 3712|4002, https://www.baidu.com, 
964|1, 964|573, 1184|616, 1184|755, 1404|884, 1404|947, 1468|972, 1404|1027, 1404|1077, 1624|1104, 1624|1944, 1540|1962, 1568|1976, 1528|2005, 1528|2934, 1520|2961, 1528|2986, 1536|3006, 1536|3963, 1540|3991, 1540|4013, https://www.yahoo.com, 
964|1, 964|491, 976|520, 976|593, 1196|629, 1196|1079, 1416|1129, 1416|1468, 1628|1512, 1704|1546, 1704|2178, 1484|2198, 1484|2299, 1924|2332, 1924|2480, 1888|2499, 1964|2521, 1964|2703, 2184|2727, 4824|2765, 5264|2792, 5264|3007, 5484|3030, 5484|3205, 5924|3233, 5924|3458, 5904|3494, 5836|3517, 5836|3629, 5396|3660, 4956|3703, 4956|4011, https://www.yahoo.com, 
964|1, 964|628, 1404|700, 1404|1030, 1400|1082, 1280|1105, 1280|1137, 1500|1163, 1500|1702, 1720|1729, 1500|1748, 1500|1814, 2380|1855, 2380|1984, 1940|2023, 1940|2057, 2072|2077, 3928|2102, 7228|2129, 7228|2158, 6128|2186, 6128|3061, 6220|3086, 6276|3109, 6276|4011, https://www.mit.edu, 
964|1, 964|480, 968|499, 968|638, 1188|690, 1188|948, 1408|1011, 1408|1126, 1628|1159, 1628|1384, 1848|1421, 1848|1486, 1676|1507, 1676|1935, 2776|1974, 1676|2015, 1676|2462, 1724|2483, 1676|2507, 1672|2529, 1672|3317, 1892|3333, 1892|3359, 2332|3379, 2332|3436, 4532|3467, 5832|3494, 5948|3509, 5948|4014, https://www.baidu.com, 
964|1, 964|638, 1184|696, 1184|852, 1276|904, 1236|1003, 1236|1149, 1676|1195, 1676|1454, 1896|1469, 1896|1878, 1792|1900, 1796|1934, 1796|2876, 1776|2896, 1792|2919, 1792|2941, 1784|2961, 1784|3534, 1564|3572, 1564|3595, 2664|3619, 3104|3637, 3104|3859, 3620|3890, 4144|3920, 4144|4015, https://www.baidu.com, 
964|1, 964|423, 972|465, 968|494, 968|628, 1188|688, 1408|757, 1408|1138, 1628|1155, 1628|1416, 1492|1431, 1476|1455, 1576|1482, 1576|1639, 1796|1684, 1576|1724, 1576|1748, 1796|1778, 2236|1805, 2236|2063, 2676|2082, 2236|2124, 4436|2189, 4436|2222, 3116|2259, 3336|2281, 3336|2318, 3556|2341, 3556|2392, 3336|2417, 3344|2434, 3272|2449, 3208|2470, 3208|2548, 3180|2581, 5600|2612, 9560|2640, 10660|2663, 10660|2727, 9560|2762, 9560|2889, 9780|2909, 9780|2984, 9560|3003, 10000|3027, 11100|3055, 11100|3429, 11144|3445, 11132|3468, 11132|3487, 10912|3521, 10472|3552, 10472|4001, https://www.jd.com, 
964|1, 964|595, 1184|633, 1404|710, 1404|860, 1248|963, 1248|1148, 1468|1186, 1468|1730, 1688|1762, 1908|1789, 1908|1875, 1920|1895, 1720|1925, 2160|1954, 2600|1977, 3920|1995, 5240|2010, 5240|2023, 5460|2047, 5460|2069, 5680|2092, 5680|2131, 5900|2151, 5900|2200, 5680|2237, 5680|2377, 6340|2400, 7220|2425, 7220|2460, 7000|2492, 7000|2569, 8100|2593, 10960|2619, 10960|2728, 10740|2757, 10740|2798, 11400|2820, 11840|2841, 11840|2865, 11712|2891, 11776|2916, 11804|2956, 11804|2992, 11584|3028, 11584|3238, 11804|3277, 12024|3313, 12684|3337, 12684|3443, 12244|3472, 12024|3508, 13124|3539, 13124|3562, 12024|3604, 10704|3638, 9384|3670, 9384|3764, 8724|3788, 8724|3888, 8888|3910, 8972|3930, 8972|4013, https://www.pku.edu.cn, 
964|1, 964|380, 968|399, 968|628, 1408|679, 1408|785, 1188|835, 1188|1136, 1628|1153, 1628|1365, 1460|1383, 1572|1406, 1572|1632, 1792|1672, 1792|1698, 1572|1734, 1792|1775, 1792|1793, 2012|1811, 2232|1830, 2232|2134, 2260|2163, 2260|2188, 2428|2213, 2108|2237, 2108|2378, 2144|2391, 2148|2404, 2148|2428, 2112|2446, 2112|3164, 2260|3200, 2260|3242, 2344|3288, 2344|3325, 2124|3358, 2424|3392, 2668|3424, 2668|3451, 2888|3467, 2888|3486, 3328|3517, 3328|3610, 3108|3630, 3108|3842, 4648|3870, 7728|3889, 9048|3904, 10368|3921, 9048|4017, https://www.jd.com, 
964|1, 964|654, 1404|699, 1404|877, 1240|923, 1240|1147, 1680|1168, 1240|1194, 1240|1777, 1460|1796, 1460|1863, 1568|1878, 1600|1893, 1716|1910, 1716|2010, 2816|2033, 1716|2050, 1716|2477, 1936|2512, 1936|2856, 1960|2876, 1960|2898, 1944|2919, 1944|3260, 2604|3294, 2604|3406, 3924|3436, 4144|3455, 4144|3857, 4104|3878, 4108|3893, 4128|3908, 4128|4009, https://www.baidu.com, 
964|1, 964|628, 1404|697, 1404|1123, 1624|1157, 1624|1362, 1524|1389, 1536|1411, 1504|1434, 1504|1730, 1724|1770, 2384|1796, 2384|1843, 2604|1879, 2604|1920, 2164|1941, 2164|2015, 1944|2044, 3044|2077, 3044|2094, 1724|2109, 1724|2354, 1620|2380, 1672|2395, 1788|2410, 1788|2474, 6188|2510, 6188|2678, 6408|2698, 6408|3375, 6388|3390, 6404|3408, 6404|3429, 6280|3452, 6280|4003, https://www.mit.edu, 
964|1, 964|833, 1176|882, 1340|933, 1340|1362, 2660|1407, 1340|1435, 1340|1862, 1436|1892, 1568|1919, 1568|1993, 2008|2034, 2448|2064, 2448|2149, 3548|2179, 6188|2212, 6188|2256, 6408|2274, 6408|2328, 7508|2356, 7508|2405, 6188|2424, 6188|2862, 6064|2889, 6084|2904, 6084|3749, 6104|3777, 6104|3879, 6156|3900, 6156|4043, https://www.mit.edu, 
964|1, 964|825, 1184|919, 1184|1204, 1404|1251, 1404|1328, 1472|1348, 1532|1369, 1532|1801, 1752|1822, 1972|1847, 1972|1925, 1752|1953, 1752|1976, 1972|1992, 2192|2007, 3072|2024, 5272|2049, 5492|2075, 5932|2098, 7252|2142, 7032|2188, 7032|2341, 7216|2355, 7220|2374, 7220|2546, 8760|2582, 11180|2613, 11180|2676, 10520|2693, 10520|2959, 11180|2976, 11620|2991, 11620|3070, 11180|3105, 10960|3162, 10960|3326, 11072|3343, 11184|3365, 11208|3385, 11428|3439, 12088|3479, 12968|3528, 12968|3570, 14068|3599, 15608|3632, 15388|3652, 15388|3676, 15168|3718, 15608|3741, 15388|3760, 14728|3779, 14288|3813, 13188|3841, 13188|3888, 12088|3907, 12088|4013, https://www.pku.edu.cn, 
964|1, 964|664, 1184|720, 1344|784, 1344|1205, 1564|1249, 1564|1754, 1640|1813, 1860|1848, 1860|1937, 2520|1979, 2300|1999, 2300|2282, 2960|2305, 2080|2335, 2080|2381, 2300|2430, 2520|2459, 2080|2490, 2740|2521, 2740|2637, 3180|2658, 3180|2742, 2836|2758, 2880|2785, 2880|2913, 3980|2943, 5960|2965, 9040|2987, 9040|3090, 10360|3122, 10360|3165, 9260|3186, 9260|3204, 9480|3219, 9480|3258, 9700|3281, 9700|3325, 9260|3339, 9700|3355, 9700|3370, 10800|3398, 10800|3676, 10580|3706, 10360|3729, 10360|3746, 10420|3766, 10408|3799, 10408|4022, https://www.jd.com, 
964|1, 964|689, 1184|763, 1184|1151, 1624|1178, 1624|1227, 1588|1249, 1504|1273, 1532|1297, 1532|1622, 1972|1649, 1752|1667, 1752|1758, 1972|1810, 2412|1840, 4392|1862, 5932|1879, 6812|1905, 7032|1932, 7912|1962, 7032|1992, 7032|2080, 7252|2104, 7252|2223, 7364|2249, 7336|2283, 11516|2305, 11516|2324, 11296|2373, 11076|2396, 11076|2421, 10856|2448, 10856|2554, 10636|2587, 10856|2621, 11076|2653, 11736|2668, 11736|2808, 11296|2840, 11296|2959, 11736|2995, 12616|3019, 12616|3090, 12836|3126, 15036|3170, 15256|3195, 15036|3218, 15036|3237, 14960|3259, 15060|3293, 14400|3332, 14400|3358, 13520|3375, 13300|3396, 12200|3415, 11760|3443, 11760|3586, 11320|3613, 11320|3934, 10880|3965, 10880|4017, https://www.pku.edu.cn, 
964|1, 964|674, 1124|724, 1124|1218, 1564|1245, 1564|1638, 1556|1673, 1800|1712, 2020|1737, 1800|1757, 1800|1833, 1580|1871, 2240|1914, 2900|1935, 4220|1952, 5320|1970, 6860|1998, 6860|2019, 7080|2058, 7080|2380, 8180|2399, 11260|2416, 11260|2472, 11040|2508, 11040|2636, 10344|2675, 10896|2702, 11556|2731, 11776|2744, 11776|2898, 11336|2922, 11336|3019, 11776|3049, 11996|3073, 12436|3101, 12876|3118, 12876|3184, 13976|3227, 13536|3263, 13316|3283, 13316|3350, 12216|3398, 9576|3439, 9576|3548, 9136|3576, 9136|3653, 9008|3672, 8896|3695, 8888|3718, 8888|3897, 8448|3937, 8448|4010, https://www.pku.edu.cn, 
964|1, 964|651, 1404|715, 1404|1219, 1584|1243, 1584|1886, 1604|1915, 1604|1967, 1752|2004, 1752|2177, 3072|2209, 1732|2236, 1624|2262, 1624|2452, 1600|2486, 1600|3101, 1820|3134, 1820|3207, 1768|3237, 1764|3268, 1764|3289, 1984|3304, 2204|3321, 2204|3417, 1984|3440, 1984|3572, 2204|3599, 2644|3621, 4404|4010, https://www.yahoo.com, 
964|1, 964|652, 1404|708, 1416|768, 1416|1213, 1636|1251, 1636|1699, 1644|1738, 1620|1787, 1620|1911, 1840|1952, 2060|1981, 2060|2249, 1840|2294, 2280|2321, 2500|2368, 2940|2386, 2720|2407, 2500|2427, 2720|2459, 2940|2481, 2940|2532, 3160|2547, 3160|2562, 3380|2582, 3380|2666, 2940|2682, 2940|2699, 2976|2714, 3236|2733, 3220|2757, 3220|2845, 4760|2861, 7620|2884, 10920|2916, 10920|2980, 10700|3005, 9600|3028, 9600|3153, 10040|3169, 10040|3272, 9820|3293, 10260|3329, 10920|3346, 11140|3369, 11140|3713, 10992|3737, 10720|3755, 10280|3769, 10380|3794, 10380|4012, https://www.jd.com, 
964|1, 964|612, 1184|661, 1184|1111, 2284|1159, 1404|1174, 1404|1226, 1476|1248, 1588|1271, 1588|1639, 1368|1656, 1368|1905, 1384|1931, 1384|2133, 1564|2182, 2748|2222, 1388|2258, 1464|2279, 1464|2374, 1684|2402, 1684|2492, 1904|2538, 1904|2587, 2124|2623, 3444|2668, 2124|2726, 2124|2804, 2344|2838, 5204|2866, 5424|2889, 5424|3216, 4960|3252, 5168|3276, 5168|3764, 4948|3782, 4728|3801, 4728|4018, https://www.yahoo.com, 
964|1, 964|732, 968|753, 968|979, 1408|1074, 1188|1184, 1188|1505, 1628|1534, 1628|1698, 1584|1726, 1528|1752, 1528|1767, 1536|1783, 1536|2093, 1756|2124, 1756|2280, 1976|2302, 2416|2325, 3516|2341, 4616|2356, 5056|2373, 5936|2399, 6816|2421, 7036|2449, 7036|2531, 7256|2550, 7256|2704, 7372|2731, 7196|2751, 7196|2771, 7260|2796, 7260|2864, 11440|2907, 11220|2940, 11220|3082, 10560|3113, 10560|3155, 11000|3178, 11660|3194, 11660|3261, 11220|3300, 11220|3687, 11312|3725, 11460|3751, 12120|3789, 12560|3820, 12780|3847, 12340|4005, https://www.pku.edu.cn, 
964|1, 964|796, 1184|873, 1184|1037, 1260|1070, 1248|1160, 1248|1313, 1468|1335, 1468|1838, 1688|1860, 1688|1883, 1468|1917, 1688|1945, 1688|1965, 1908|1994, 2128|2014, 2128|2050, 2300|2072, 2240|2093, 2240|2472, 3780|2510, 2680|2527, 2680|2557, 2240|2605, 2460|2640, 2460|2680, 2680|2699, 2680|2739, 3120|2762, 3340|2786, 3340|2955, 3120|2972, 3120|3042, 3148|3074, 3212|3102, 3212|3177, 4092|3194, 5852|3211, 9372|3232, 10692|3266, 10692|3359, 9372|3381, 9372|3678, 9812|3707, 9812|3853, 10032|3881, 11132|3903, 11132|4014, https://www.jd.com, 
964|1, 964|760, 1404|796, 1404|1335, 1184|1391, 1184|1550, 1304|1570, 1504|1588, 1504|2005, 2164|2048, 2384|2081, 2384|2114, 2604|2136, 2604|2203, 2164|2229, 2164|2299, 1724|2323, 5024|2346, 6124|2369, 7444|2401, 7444|2427, 6124|2461, 6124|2558, 6088|2588, 6088|3558, 6108|3572, 6244|3595, 6248|4001, https://www.mit.edu, 
964|1, 964|626, 1184|683, 1184|983, 1268|1023, 1268|1608, 1488|1625, 1488|1642, 1708|1662, 1488|1684, 1708|1713, 2368|1760, 2368|1823, 2588|1849, 2588|1874, 3028|1902, 6328|1932, 6328|1952, 6108|1972, 6108|1986, 6136|2004, 6216|2021, 6216|2055, 7316|2090, 5996|2114, 5996|2753, 6216|2772, 6216|2971, 6172|2992, 6148|3021, 6220|4003, https://www.mit.edu, 
964|1, 964|795, 1184|858, 1184|1082, 1404|1162, 1404|1296, 1624|1332, 1624|1437, 1632|1458, 1588|1488, 1588|2222, 1596|2245, 1596|2439, 1516|2464, 1608|2494, 1608|2719, 1828|2756, 1828|2920, 3368|2962, 2048|3003, 2048|3120, 2268|3149, 2268|3348, 3148|3381, 4468|3408, 4908|3426, 4908|3441, 4884|3466, 4908|3497, 4908|3886, 5128|3944, 5128|4003, https://www.yahoo.com, 
964|1, 964|741, 1184|833, 1184|903, 964|934, 1236|1016, 1236|1215, 1456|1266, 1456|1946, 1500|1978, 1612|2013, 1612|2081, 2052|2102, 2052|2121, 2272|2152, 2272|2280, 2052|2315, 2272|2350, 2272|2469, 2932|2493, 2492|2511, 2712|2556, 2712|2618, 3152|2653, 3152|2913, 4692|2939, 8212|2970, 10460|3008, 10460|3096, 9140|3128, 9140|3239, 9580|3259, 9580|3324, 9360|3344, 9580|3365, 9800|3382, 9800|3397, 10460|3415, 10900|3441, 10900|3827, 10680|3853, 10460|3876, 10460|3961, 10428|3981, 10452|4008, https://www.jd.com, 
964|1, 964|744, 1184|789, 1184|1249, 1404|1305, 1404|1455, 1460|1476, 1572|1515, 1572|2056, 1792|2081, 1572|2134, 1792|2174, 2232|2214, 2232|2340, 2892|2370, 2012|2391, 2012|2419, 2232|2442, 2232|2460, 2316|2483, 2608|2521, 2608|2555, 2168|2586, 2608|2630, 2828|2649, 2828|2670, 3048|2690, 3048|2722, 3268|2745, 3488|2771, 3488|2849, 3268|2876, 3268|2997, 3488|3017, 7448|3042, 9648|3064, 10748|3091, 10748|3130, 9648|3145, 9648|3322, 9868|3337, 9868|3431, 9648|3454, 9808|3483, 10084|3500, 10084|3520, 10744|3539, 11184|3569, 10964|4014, https://www.jd.com, 
964|1, 964|823, 1184|880, 1344|963, 1344|1381, 1564|1408, 1564|1866, 1704|1885, 1556|1909, 1580|1924, 1580|2111, 1800|2142, 1800|2162, 2240|2187, 2240|2358, 2460|2404, 2460|2433, 2680|2499, 2460|2529, 2460|2553, 2680|2575, 2680|2665, 3120|2701, 3120|2725, 3340|2748, 3340|2816, 3120|2841, 3120|2890, 3140|2916, 3140|2937, 3160|2953, 3212|2970, 4752|2992, 9372|3022, 10692|3051, 10472|3075, 10472|3147, 9372|3176, 9372|3374, 9592|3402, 9592|3480, 9372|3496, 9592|3527, 10472|3558, 10912|3583, 10912|3880, 10936|3901, 10860|3926, 10860|4019, https://www.jd.com, 
964|1, 964|786, 1184|851, 1184|1104, 1404|1205, 1404|1712, 1624|1752, 1624|2250, 1520|2284, 1520|2610, 1532|2637, 1532|3087, 1752|3115, 2192|3155, 2192|3253, 2152|3277, 2152|3297, 2372|3325, 2372|3427, 3692|3450, 3692|3475, 2372|3518, 2372|3568, 2152|3597, 2152|3764, 1712|3804, 1932|3838, 3252|3864, 4572|3886, 4572|4003, https://www.yahoo.com, 
964|1, 964|598, 1184|654, 1248|723, 1348|795, 1348|1699, 1396|1734, 1588|1782, 1808|1805, 1808|1826, 1588|1853, 1588|1889, 2028|1932, 2248|1966, 2248|2149, 4008|2227, 2688|2256, 2248|2283, 2688|2314, 2688|2368, 2908|2398, 3128|2424, 3568|2449, 3568|2534, 3128|2562, 3128|2697, 4724|2729, 10656|2767, 10656|2825, 9556|2841, 9556|3016, 9996|3032, 9996|3100, 9776|3125, 9996|3150, 9996|3164, 9776|3183, 11096|3210, 11096|3541, 10876|3561, 10436|3576, 10436|3703, 10412|3724, 10408|3741, 10452|3760, 10452|4024, https://www.jd.com, 
964|1, 964|819, 1184|977, 1184|1101, 1208|1174, 1396|1222, 1396|1710, 1616|1744, 1616|1820, 1836|1851, 1836|1989, 2056|2018, 2056|2148, 2144|2180, 2072|2205, 2072|2228, 2052|2266, 1980|2287, 1980|2306, 2200|2353, 3300|2420, 2200|2452, 2420|2497, 2420|2585, 2640|2603, 2640|2645, 3960|2681, 2860|2724, 2860|2761, 2640|2786, 2640|3141, 2696|3181, 2808|3212, 2808|3355, 3248|3417, 5668|3452, 5668|3691, 5448|3737, 5448|4008, https://www.yahoo.com, 
964|1, 964|742, 1404|894, 1404|1548, 1332|1585, 1596|1603, 1700|1622, 1700|2327, 1920|2383, 1920|2561, 1868|2592, 1876|2618, 1736|2646, 1588|4006, https://www.baidu.com, 
964|1, 964|750, 1184|856, 1184|1011, 1228|1083, 1236|1119, 1236|1399, 2116|1432, 1456|1452, 1456|1522, 1676|1572, 1676|2032, 1668|2062, 1704|2083, 1704|2444, 1484|2491, 1484|3028, 1540|3059, 1616|3085, 1616|4017, https://www.baidu.com, 
964|1, 964|1009, 1184|1075, 1184|1525, 1292|1577, 1292|1680, 1512|1724, 1512|2214, 1732|2263, 1732|2529, 1868|2572, 1660|2640, 1660|3533, 1740|3565, 1764|3593, 1764|4003, https://www.baidu.com, 
964|1, 964|823, 1184|883, 1404|943, 1280|1020, 1356|1082, 1356|1560, 1576|1598, 1576|1962, 1684|2002, 1684|2490, 1464|2525, 1464|2972, 1756|3003, 1756|3940, 1760|3982, 1764|4023, https://www.baidu.com, 
964|1, 964|746, 1184|873, 1184|1343, 1624|1384, 1624|1424, 1552|1449, 1532|1475, 1532|2141, 1752|2166, 1752|2314, 1532|2350, 1972|2380, 2852|2406, 2136|2435, 3372|2504, 6892|2618, 6892|2643, 7112|2684, 7112|2741, 7332|2761, 7332|2965, 9312|2999, 11512|3021, 16572|3052, 16352|3090, 16352|3340, 15912|3370, 15912|3429, 15652|3454, 15652|3480, 16092|3510, 16312|3530, 16532|3565, 16532|3937, 16972|3976, 16972|4003, https://www.pku.edu.cn, 
964|1, 964|769, 1336|853, 1336|1353, 1556|1401, 1556|1767, 1600|1790, 1536|1827, 1536|2247, 1976|2272, 1976|2382, 1756|2417, 1976|2448, 1756|2490, 3076|2516, 4836|2543, 5716|2571, 6596|2600, 6596|2628, 6816|2657, 6816|2677, 7036|2694, 7036|2766, 7280|2794, 7372|2820, 7372|2994, 11552|3021, 16392|3070, 16392|3128, 16172|3150, 16172|3314, 15732|3340, 15732|3425, 16832|3458, 16832|3754, 16864|3784, 16688|3805, 16688|3863, 17128|3933, 18228|3996, 18228|4031, https://www.pku.edu.cn, 
