2480|1, 2480|2387, 2481|2416, 2481|4043, https://www.baidu.com, 
2481|1, 2481|665, 2491|752, 2493|808, 2498|917, 2500|991, 2500|1843, 2501|1866, 2501|2047, 2503|2080, 2504|2102, 2504|2324, 2509|2352, 2527|2392, 2530|2419, 2531|2452, 2531|2612, 2533|2671, 2535|2704, 2535|2997, 2536|3026, 2536|3208, 2537|3251, 2540|3315, 2540|4025, https://www.pku.edu.cn, 
2546|1, 2546|740, 2548|821, 2548|854, 2560|907, 2561|954, 2561|988, 2566|1023, 2567|1077, 2567|1112, 2568|1135, 2569|1176, 2569|1225, 2570|1244, 2570|1664, 2572|1690, 2572|2269, 2573|2296, 2573|2439, 2574|2467, 2574|2483, 2577|2501, 2577|2518, 2579|2555, 2579|4007, https://www.mit.edu, 
2583|1, 2583|641, 2585|765, 2599|833, 2599|899, 2600|923, 2600|953, 2605|998, 2606|1032, 2608|1075, 2608|1646, 2609|1672, 2609|2194, 2610|2220, 2610|2466, 2611|2494, 2611|4012, https://www.mit.edu, 
2615|1, 2615|4016, https://www.baidu.com, 
2615|1, 2615|673, 2617|796, 2629|883, 2630|956, 2635|1007, 2636|1059, 2638|1105, 2638|1758, 2639|1790, 2639|2350, 2640|2406, 2640|2636, 2641|2690, 2641|4002, https://www.mit.edu, 
2643|1, 2643|762, 2644|828, 2644|898, 2645|922, 2645|962, 2650|1013, 2650|1079, 2654|1100, 2654|1131, 2655|1151, 2656|1170, 2656|1237, 2666|1266, 2666|1286, 2680|1309, 2680|1357, 2700|1416, 2714|1449, 2748|1497, 2757|1548, 2757|1623, 2758|1720, 2769|1841, 2834|2041, 2915|2156, 2921|2262, 2921|2328, 2923|2398, 2930|2451, 2930|2478, 2935|2516, 2942|2585, 2949|2633, 2950|2688, 2950|2802, 2955|2840, 2955|2942, 2959|2970, 2959|3153, 2963|3193, 2963|3299, 2964|3318, 2971|3378, 2971|3485, 2974|3503, 2974|3949, 2975|3988, 2976|4045, https://www.yahoo.com, 
3280|1, 3280|766, 3292|923, 3297|990, 3299|1023, 3299|2021, 3300|2048, 3300|2138, 3301|2192, 3302|2234, 3303|2273, 3303|2512, 3320|2557, 3331|2617, 3331|2754, 3345|2798, 3348|2857, 3348|2973, 3349|3013, 3349|3289, 3350|3351, 3350|3400, 3352|3444, 3352|3504, 3354|3550, 3356|4020, https://www.pku.edu.cn, 
3364|1, 3365|191, 3365|678, 3367|776, 3380|1168, 3388|1218, 3388|2533, 3401|2673, 3401|4074, https://www.mit.edu, 
3407|1, 3407|476, 3411|645, 3419|833, 3426|961, 3426|1831, 3427|1922, 3427|2035, 3430|2142, 3430|2384, 3453|2508, 3453|2696, 3456|2805, 3456|2997, 3458|3129, 3459|3237, 3462|3340, 3462|4003, https://www.pku.edu.cn, 
3467|1, 3467|412, 3468|541, 3469|674, 3474|792, 3479|886, 3481|974, 3491|1049, 3539|1158, 3577|1297, 3597|1382, 3597|1464, 3674|1593, 3739|1743, 3757|1892, 3763|1991, 3768|2083, 3779|2168, 3792|2284, 3793|2375, 3793|2571, 3801|2677, 3806|2791, 3810|2898, 3810|3608, 3811|3714, 3812|3831, 3838|3923, 3840|3991, 3871|4086, https://www.yahoo.com, 
4125|1, 4125|864, 4132|1016, 4138|1145, 4142|1247, 4144|1321, 4154|1417, 4200|1523, 4238|1618, 4257|1736, 4258|1805, 4258|1980, 4301|2142, 4346|2255, 4383|2344, 4442|2452, 4443|2564, 4448|2665, 4452|2722, 4472|2861, 4473|2951, 4473|3046, 4477|3131, 4481|3275, 4481|4068, https://www.yahoo.com, 
4753|1, 4753|4139, https://www.jd.com, 
4753|1, 4753|572, 4755|825, 4773|936, 4776|1066, 4776|1659, 4777|1706, 4777|2252, 4778|2283, 4778|2549, 4779|2588, 4779|4025, https://www.mit.edu, 
4781|1, 4781|1815, 4783|1910, 4785|1970, 4785|4029, https://www.baidu.com, 
4787|1, 4787|691, 4788|780, 4794|856, 4794|918, 4795|960, 4796|1002, 4800|1044, 4800|1111, 4804|1140, 4805|1160, 4805|1182, 4806|1196, 4806|1273, 4815|1294, 4816|1311, 4816|1339, 4827|1363, 4827|1386, 4831|1414, 4840|1443, 4840|1470, 4847|1489, 4847|1545, 4854|1569, 4854|1612, 4861|1636, 4861|1671, 4863|1688, 4865|1730, 4865|1746, 4866|1764, 4866|2010, 4867|2040, 4867|2077, 4869|2102, 4869|2130, 4872|2155, 4872|2203, 4877|2217, 4877|2254, 4879|2279, 4879|3301, 4881|3326, 4881|3377, 4883|3401, 4883|3429, 4886|3450, 4886|3499, 4889|3519, 4889|3549, 4892|3584, 4892|3638, 4895|3664, 4895|3697, 4898|3712, 4898|3763, 4901|3794, 4901|3816, 4903|3840, 4903|3896, 4906|3933, 4906|3957, 4909|3987, 4909|4011, https://www.yahoo.com, 
5167|1, 5167|721, 5168|800, 5168|853, 5169|901, 5169|936, 5170|973, 5171|1007, 5175|1052, 5175|1122, 5179|1148, 5179|1167, 5181|1196, 5181|1267, 5190|1293, 5191|1317, 5192|1340, 5208|1363, 5208|1378, 5209|1394, 5224|1423, 5225|1467, 5237|1511, 5237|1535, 5242|1552, 5242|1577, 5244|1601, 5256|1625, 5256|1667, 5263|1682, 5263|1730, 5271|1753, 5271|1801, 5284|1837, 5298|1879, 5298|1933, 5311|1955, 5313|1990, 5323|2029, 5335|2072, 5341|2094, 5341|2134, 5352|2157, 5352|2177, 5356|2208, 5368|2237, 5368|2269, 5374|2291, 5374|2331, 5375|2368, 5379|2415, 5379|2522, 5380|2542, 5390|2563, 5400|2589, 5400|2639, 5401|2657, 5409|2688, 5409|2746, 5411|2765, 5412|2781, 5412|2801, 5415|2832, 5415|2865, 5420|2885, 5420|2900, 5423|2919, 5423|2934, 5431|2966, 5431|3013, 5434|3033, 5434|3086, 5436|3110, 5436|3137, 5437|3170, 5437|4011, https://www.yahoo.com, 
5703|1, 5703|786, 5717|869, 5717|913, 5718|940, 5723|978, 5724|1014, 5724|1053, 5726|1084, 5726|1762, 5728|1794, 5728|2340, 5730|2362, 5730|2606, 5731|2630, 5731|4014, https://www.mit.edu, 
5761|1, 5761|76, 5762|98, 5762|118, 5763|137, 5763|172, 5767|204, 5767|480, 5772|504, 5772|662, 5773|707, 5777|772, 5777|919, 5778|989, 5778|4020, https://www.baidu.com, 
5778|1, 5778|4012, https://www.baidu.com, 
5779|1, 5779|4012, https://www.jd.com, 
5780|1, 5780|753, 5790|804, 5792|894, 5794|954, 5799|1009, 5799|1935, 5800|1955, 5800|2073, 5801|2092, 5803|2108, 5803|2405, 5813|2444, 5816|2472, 5817|2486, 5818|2500, 5818|2678, 5828|2709, 5828|2760, 5830|2778, 5831|2797, 5831|2952, 5832|2977, 5832|3187, 5833|3220, 5834|3267, 5836|3294, 5836|3459, 5837|3489, 5837|4001, https://www.pku.edu.cn, 
5842|1, 5842|4013, https://www.jd.com, 
5842|1, 5842|2349, 5843|2382, 5843|4007, https://www.baidu.com, 
5843|1, 5843|812, 5845|876, 5857|911, 5857|988, 5858|1034, 5863|1074, 5865|1110, 5865|1148, 5868|1178, 5868|1988, 5869|2025, 5869|2297, 5870|2330, 5870|2602, 5871|2624, 5871|4009, https://www.mit.edu, 
5873|1, 5873|1523, 5875|1540, 5875|1563, 5885|1589, 5885|1607, 5887|1622, 5887|1666, 5890|1691, 5890|1915, 5891|1930, 5891|2591, 5892|2640, 5892|2917, 5893|2950, 5893|4006, https://www.mit.edu, 
5895|1, 5895|796, 5907|894, 5907|940, 5908|989, 5914|1023, 5914|1959, 5915|1981, 5915|2154, 5916|2171, 5917|2198, 5918|2222, 5918|2506, 5929|2544, 5931|2569, 5933|2609, 5933|2828, 5944|2863, 5944|2888, 5946|2910, 5947|2927, 5947|3024, 5948|3090, 5948|3318, 5949|3349, 5950|3404, 5951|3440, 5952|3483, 5952|3529, 5953|3556, 5953|4015, https://www.pku.edu.cn, 
5956|1, 5956|4009, https://www.jd.com, 
5956|1, 5956|787, 5968|882, 5968|958, 5975|1031, 5975|1794, 5976|1821, 5976|2000, 5977|2016, 5979|2039, 5979|2283, 5983|2312, 5998|2353, 6001|2378, 6002|2404, 6002|2514, 6016|2542, 6017|2575, 6018|2610, 6019|2632, 6019|2843, 6020|2878, 6020|2923, 6021|2946, 6022|2979, 6022|3074, 6023|3114, 6025|3152, 6025|4001, https://www.pku.edu.cn, 
6031|1, 6031|849, 6038|882, 6042|929, 6045|968, 6045|1030, 6050|1121, 6050|1893, 6051|1912, 6051|2074, 6052|2090, 6054|2113, 6054|2377, 6056|2395, 6059|2421, 6073|2460, 6076|2491, 6077|2516, 6077|2624, 6078|2659, 6079|2690, 6080|2706, 6080|2922, 6081|2952, 6081|2996, 6082|3029, 6083|3049, 6083|3172, 6086|3218, 6086|3384, 6087|3418, 6087|4005, https://www.pku.edu.cn, 
6107|1, 6107|857, 6108|968, 6108|987, 6109|1006, 6113|1074, 6113|1372, 6114|1394, 6114|1486, 6116|1510, 6116|1533, 6117|1559, 6119|1584, 6119|1617, 6122|1643, 6124|1661, 6124|1684, 6126|1699, 6132|1724, 6136|1738, 6136|1762, 6147|1782, 6155|1811, 6160|1839, 6162|1863, 6162|1890, 6167|1919, 6177|1950, 6186|1987, 6201|2017, 6206|2050, 6208|2079, 6208|2092, 6218|2112, 6220|2131, 6220|2152, 6226|2188, 6231|2217, 6236|2238, 6238|2252, 6239|2266, 6240|2280, 6247|2301, 6250|2325, 6257|2353, 6262|2382, 6262|2408, 6266|2424, 6267|2459, 6267|2519, 6269|2548, 6272|2572, 6272|2611, 6277|2629, 6284|2661, 6287|2682, 6287|2865, 6294|2884, 6295|2899, 6295|2967, 6299|3000, 6303|3018, 6304|3086, 6306|3106, 6306|3261, 6309|3277, 6309|3321, 6311|3368, 6312|4008, https://www.yahoo.com, 
6524|1, 6524|204, 6525|226, 6525|4006, https://www.jd.com, 
6525|1, 6525|826, 6526|877, 6526|1004, 6527|1041, 6527|1073, 6532|1112, 6532|1170, 6534|1187, 6536|1212, 6537|1238, 6538|1256, 6538|1320, 6548|1341, 6548|1389, 6560|1412, 6560|1431, 6562|1447, 6584|1472, 6584|1491, 6588|1514, 6603|1560, 6623|1606, 6623|1622, 6627|1638, 6627|1651, 6629|1668, 6631|1694, 6631|1940, 6632|1962, 6632|2004, 6634|2031, 6634|2074, 6637|2096, 6637|2124, 6643|2171, 6653|2219, 6653|2260, 6672|2292, 6672|2337, 6696|2361, 6696|2393, 6716|2420, 6716|2453, 6721|2491, 6727|2521, 6727|2542, 6739|2589, 6739|2613, 6744|2652, 6754|2715, 6754|2756, 6755|2771, 6759|2787, 6762|2825, 6767|2852, 6767|2892, 6768|2911, 6772|2928, 6772|2994, 6773|3020, 6773|3108, 6779|3138, 6779|3164, 6780|3207, 6780|3324, 6785|3352, 6785|3482, 6789|3507, 6789|3784, 6793|3804, 6793|4005, https://www.yahoo.com, 
6995|1, 6995|1091, 7005|1170, 7007|1212, 7007|1252, 7014|1331, 7014|2281, 7015|2298, 7015|2505, 7016|2529, 7018|2553, 7018|2800, 7019|2818, 7033|2852, 7041|2891, 7041|3036, 7042|3059, 7052|3090, 7052|3112, 7054|3133, 7055|3151, 7055|3279, 7056|3309, 7056|3632, 7057|3664, 7057|3701, 7058|3729, 7059|3768, 7060|3797, 7060|3947, 7061|3987, 7061|4014, https://www.pku.edu.cn, 
7066|1, 7066|4015, https://www.jd.com, 
7066|1, 7066|939, 7068|989, 7080|1059, 7081|1124, 7081|1151, 7086|1191, 7087|1216, 7087|1253, 7089|1315, 7089|1940, 7090|1979, 7091|2017, 7091|2616, 7093|2635, 7093|2859, 7094|2897, 7094|4012, https://www.mit.edu, 
7096|1, 7096|817, 7098|869, 7110|925, 7110|977, 7111|1030, 7116|1083, 7117|1116, 7117|1130, 7119|1158, 7119|1669, 7120|1708, 7120|2225, 7121|2252, 7121|2481, 7122|2503, 7122|4008, https://www.mit.edu, 
7124|1, 7124|1012, 7125|1063, 7125|1226, 7126|1279, 7126|1299, 7131|1329, 7131|1403, 7135|1431, 7135|1454, 7136|1476, 7137|1506, 7137|1698, 7145|1724, 7146|1756, 7146|1780, 7153|1803, 7153|1840, 7159|1864, 7159|1891, 7165|1921, 7165|1967, 7173|1985, 7173|2001, 7175|2015, 7175|2036, 7180|2070, 7180|2095, 7186|2119, 7186|2169, 7190|2188, 7190|2299, 7198|2332, 7206|2385, 7206|2435, 7214|2465, 7214|2484, 7221|2509, 7223|2541, 7227|2571, 7240|2609, 7241|2628, 7247|2649, 7247|2665, 7253|2689, 7259|2726, 7259|2751, 7271|2774, 7271|2819, 7282|2843, 7283|2865, 7283|2890, 7296|2943, 7303|2982, 7303|3012, 7308|3029, 7311|3045, 7314|3061, 7315|3088, 7329|3124, 7339|3155, 7341|3180, 7342|3197, 7342|3215, 7346|3232, 7349|3262, 7349|3319, 7350|3348, 7350|3438, 7354|3477, 7354|4005, https://www.yahoo.com, 
7546|1, 7546|703, 7548|807, 7548|1007, 7549|1122, 7549|4021, https://www.jd.com, 
7549|1, 7549|4018, https://www.jd.com, 
7565|1, 7565|4005, https://www.jd.com, 
7569|1, 7569|149, 7570|192, 7574|219, 7574|415, 7575|431, 7576|452, 7579|502, 7579|776, 7580|878, 7580|1052, 7581|1120, 7587|1220, 7588|1266, 7593|1337, 7593|1457, 7597|1490, 7598|1509, 7599|1546, 7599|1614, 7609|1643, 7609|1663, 7621|1704, 7623|1740, 7644|1777, 7654|1816, 7656|1843, 7659|1865, 7665|1894, 7669|1925, 7673|1952, 7676|1983, 7681|2012, 7682|2047, 7682|2067, 7686|2094, 7687|2116, 7690|2163, 7690|2199, 7692|2233, 7692|2275, 7695|2307, 7695|2331, 7698|2354, 7698|2384, 7701|2416, 7701|2466, 7707|2491, 7707|2533, 7710|2550, 7710|2590, 7716|2625, 7727|2689, 7727|2729, 7743|2755, 7743|2774, 7745|2795, 7757|2828, 7769|2871, 7782|2905, 7782|2927, 7803|2958, 7803|2990, 7815|3011, 7820|3040, 7820|3065, 7830|3110, 7830|3136, 7834|3160, 7834|3325, 7838|3349, 7844|3374, 7845|3409, 7845|3531, 7846|3552, 7846|3603, 7850|3622, 7850|3701, 7857|3745, 7861|3791, 7862|3820, 7862|4004, https://www.yahoo.com, 
8064|1, 8064|4022, https://www.jd.com, 
8064|1, 8064|1032, 8065|1113, 8065|1203, 8066|1235, 8067|1282, 8071|1353, 8071|1387, 8075|1410, 8075|1442, 8076|1463, 8077|1492, 8077|1569, 8087|1589, 8087|1626, 8099|1649, 8101|1692, 8128|1725, 8130|1756, 8170|1803, 8180|1825, 8180|1858, 8186|1886, 8186|2027, 8187|2046, 8187|2206, 8243|2240, 8243|2260, 8282|2297, 8282|2399, 8345|2436, 8353|2489, 8366|2532, 8366|2591, 8374|2630, 8379|2666, 8385|2705, 8385|2739, 8386|2760, 8386|2798, 8390|2825, 8394|2871, 8394|2901, 8402|2927, 8406|2953, 8406|2971, 8411|2991, 8417|3027, 8417|3092, 8418|3127, 8418|3351, 8421|3400, 8421|4012, https://www.yahoo.com, 
8709|1, 8709|587, 8711|625, 8711|4015, https://www.baidu.com, 
8711|1, 8711|4016, https://www.baidu.com, 
8712|1, 8712|4017, https://www.baidu.com, 
8713|1, 8713|4004, https://www.baidu.com, 
8713|1, 8713|931, 8723|985, 8725|1047, 8730|1117, 8780|1184, 8780|2054, 8781|2080, 8781|2374, 8947|2419, 9794|2527, 10201|2586, 10246|2620, 10291|2657, 10291|2681, 10326|2708, 10328|2728, 10328|2747, 10397|2778, 10397|2806, 10451|2837, 10505|2871, 10541|2906, 10541|2967, 10543|2994, 10551|3030, 10556|3069, 10556|3422, 10558|3456, 10559|3477, 10559|3727, 10560|3756, 10560|3876, 10561|3911, 10561|4001, https://www.pku.edu.cn, 
10580|1, 10580|917, 10590|980, 10592|1074, 10597|1166, 10599|1208, 10599|2451, 10606|2475, 10611|2502, 10611|2722, 10613|2753, 10614|2781, 10614|2984, 10616|3029, 10624|3063, 10625|3094, 10625|3299, 10636|3324, 10636|3378, 10638|3414, 10639|3446, 10639|3607, 10640|3650, 10640|3815, 10641|3872, 10644|3933, 10644|4026, https://www.pku.edu.cn, 
