178258|1, 178258|799, 178261|985, 178263|1240, 178267|1358, 178267|2144, 178281|2272, 178283|2358, 178283|2609, 178285|2699, 178287|2810, 178289|2929, 178289|3087, 178291|3154, 178297|3241, 178306|3313, 178308|3391, 178310|3465, 178311|3547, 178311|4001, https://www.buaa.edu.cn, 
178317|1, 178317|904, 178321|1093, 178321|1450, 178323|1522, 178323|1825, 178325|1902, 178325|2054, 178337|2213, 178337|2469, 178361|2597, 178361|2663, 178364|2774, 178366|2881, 178366|3483, 178368|3549, 178368|3745, 178369|3824, 178370|4060, https://www.yahoo.com, 
178575|1, 178575|531, 178578|732, 178583|936, 178585|1040, 178585|1456, 178587|1526, 178587|1620, 178591|1725, 178594|1803, 178597|1889, 178597|2528, 178599|2595, 178603|2679, 178609|2763, 178612|2836, 178612|2977, 178619|3056, 178624|3130, 178628|3202, 178635|3290, 178635|3472, 178636|3562, 178636|3847, 178641|3913, 178642|3986, 178642|4042, https://www.mit.edu, 
178681|1, 178686|279, 178686|682, 178692|888, 178692|1329, 178694|1409, 178694|1893, 178704|2011, 178710|2078, 178710|2212, 178712|2270, 178714|2371, 178714|2525, 178717|2638, 178721|2721, 178727|2783, 178733|2852, 178737|2921, 178738|2989, 178738|4028, https://www.buaa.edu.cn, 
178744|1, 178748|279, 178748|661, 178751|890, 178759|1033, 178759|1152, 178770|1259, 178770|1315, 178771|1385, 178780|1489, 178784|1562, 178784|1689, 178785|1762, 178785|1904, 178794|2003, 178796|2064, 178796|2123, 178797|2194, 178797|2571, 178799|2665, 178816|2816, 178829|2954, 178868|3121, 178880|3197, 178896|3294, 178907|3371, 178915|3443, 178918|3498, 178918|3590, 178919|3653, 178919|3877, 178929|3935, 178937|4028, https://world.taobao.com, 
178999|1, 179001|171, 179001|271, 179003|347, 179003|443, 179005|542, 179005|823, 179017|979, 179030|1169, 179030|1334, 179032|1405, 179042|1473, 179042|1692, 179066|1800, 179226|1913, 179290|2065, 179841|2275, 180244|2377, 180352|2518, 180353|2580, 180353|3330, 180361|3411, 180385|3558, 180385|3629, 180387|3770, 180393|3856, 180409|4003, https://www.jianshu.com, 
180471|1, 180475|242, 180475|827, 180480|948, 180483|1153, 180485|1242, 180485|1372, 180487|1432, 180487|1508, 180488|1577, 180499|1676, 180501|1786, 180507|1867, 180526|1949, 180527|2014, 180529|2078, 180555|2160, 180555|2216, 180565|2294, 180591|2373, 180607|2441, 180660|2517, 180660|2590, 180682|2645, 180691|2723, 180691|2789, 180699|2860, 180719|2919, 180720|2999, 180722|3060, 180733|3140, 180735|3204, 180736|3281, 180737|3346, 180740|3432, 180742|3503, 180744|3576, 180744|3645, 180746|3720, 180757|3797, 180763|3876, 180844|3951, 180847|4031, http://www.ox.ac.uk, 
181031|1, 181031|871, 181037|1073, 181041|1265, 181041|2817, 181043|2873, 181048|3052, 181048|3152, 181050|3239, 181056|3321, 181068|3413, 181070|3511, 181073|3583, 181073|4007, https://www.pku.edu.cn, 
181076|1, 181076|157, 181078|226, 181078|704, 181080|887, 181082|1002, 181099|1168, 181101|1263, 181102|1326, 181103|1395, 181108|1469, 181111|1553, 181111|1714, 181113|1786, 181159|1901, 181161|1969, 181161|2101, 181438|2285, 181982|2478, 181988|2571, 182018|2662, 182021|2724, 182034|2800, 182038|2871, 182046|2939, 182051|3008, 182051|3203, 182052|3263, 182052|3465, 182067|3540, 182070|3615, 182070|3744, 182074|3826, 182074|4012, https://www.linkedin.com, 
182112|1, 182112|160, 182114|220, 182114|910, 182116|1049, 182136|1228, 182140|1371, 182146|1454, 182146|1827, 182148|1919, 182151|2022, 182151|2421, 182159|2516, 182161|2578, 182161|2975, 182178|3103, 182198|3203, 182221|3337, 182228|3403, 182245|3522, 182268|3599, 182295|3686, 182299|3754, 182303|3830, 182304|3892, 182304|4024, https://www.ctrip.com, 
182473|1, 182473|707, 182474|851, 182475|990, 182489|1159, 182511|1303, 182511|1378, 182512|1440, 182512|1651, 182525|1763, 182592|1864, 182690|1956, 182692|2026, 182692|2083, 182730|2171, 182770|2301, 182777|2448, 182817|2531, 182855|2607, 182855|2730, 182857|2798, 182857|3822, 182858|3879, 182872|3984, 182873|4038, https://www.jd.com, 
183066|1, 183067|156, 183067|654, 183085|885, 183112|1066, 183112|1246, 183167|1330, 183167|1827, 183320|1955, 183344|2067, 183407|2173, 183407|2344, 183409|2422, 183409|2600, 183410|2658, 183411|2736, 183411|3583, 183418|3655, 183435|3754, 183435|4028, https://www.baidu.com, 
183649|1, 183651|175, 183651|866, 183657|1057, 183657|1546, 183660|1627, 183665|1706, 183669|1784, 183670|1879, 183673|1973, 183680|2065, 183681|2135, 183683|2231, 183698|2324, 183700|2395, 183702|2476, 183702|2557, 183704|2622, 183704|2949, 183707|3033, 183707|3193, 183709|3254, 183709|4068, https://www.alipay.com, 
183715|1, 183715|825, 183717|1044, 183723|1184, 183725|1314, 183726|1375, 183726|1581, 183727|1646, 183729|1736, 183729|1911, 183731|1982, 183733|2064, 183737|2130, 183741|2197, 183742|2262, 183743|2311, 183749|2424, 183749|2478, 183751|2558, 183753|2641, 183753|2776, 183754|2826, 183756|2913, 183757|2975, 183757|3047, 183758|3109, 183760|3177, 183760|3289, 183764|3378, 183764|4005, http://www.ox.ac.uk, 
183977|1, 183977|559, 183979|781, 183986|956, 183988|1072, 183990|1169, 183990|1349, 183991|1417, 183991|1685, 183993|1781, 183995|1858, 184001|1952, 184004|2015, 184007|2094, 184014|2196, 184015|2291, 184015|2409, 184020|2484, 184020|2633, 184024|2695, 184024|2845, 184035|2924, 184037|2982, 184037|3092, 184057|3165, 184057|3335, 184073|3401, 184073|3493, 184074|3558, 184088|3639, 184091|3715, 184094|3786, 184124|3878, 184126|3934, 184126|4024, http://www.ox.ac.uk, 
184616|1, 184616|145, 184617|214, 184617|296, 184618|393, 184618|728, 184621|985, 184625|1196, 184626|1309, 184626|1615, 184630|1690, 184630|2061, 184642|2198, 184642|2562, 184655|2675, 184666|2754, 184667|2826, 184667|3070, 184669|3133, 184671|3260, 184671|4062, https://www.yahoo.com, 
184983|1, 184983|597, 184987|806, 185001|987, 185008|1088, 185012|1181, 185014|1241, 185014|1454, 185016|1530, 185016|1680, 185017|1745, 185020|1856, 185021|1924, 185021|2250, 185029|2322, 185029|2764, 185033|2859, 185047|2946, 185067|3054, 185075|3151, 185085|3237, 185092|3327, 185094|3402, 185107|3500, 185119|3578, 185127|3675, 185132|3741, 185137|3839, 185147|3911, 185148|3976, 185148|4055, https://www.ctrip.com, 
185176|1, 185176|144, 185179|241, 185179|818, 185189|1034, 185202|1246, 185209|1370, 185212|1457, 185212|1677, 185213|1745, 185215|1841, 185215|2465, 185217|2634, 185232|2780, 185240|2897, 185245|2981, 185265|3072, 185267|3128, 185279|3210, 185283|3289, 185287|3359, 185294|3442, 185294|3577, 185296|3628, 185296|3825, 185300|3925, 185311|3999, 185312|4059, https://www.linkedin.com, 
185366|1, 185366|180, 185370|280, 185370|932, 185386|1126, 185391|1215, 185396|1364, 185396|1759, 185475|1866, 185475|1938, 185477|2019, 185490|2094, 185821|2188, 186059|2295, 186478|2450, 186851|2596, 186962|2665, 186971|2753, 186980|2824, 187071|2917, 187104|2987, 187186|3067, 187473|3197, 187473|4066, https://www.pinduoduo.com, 
187495|1, 187495|242, 187497|323, 187497|932, 187511|1044, 187525|1217, 187529|1316, 187529|2221, 187540|2319, 187567|2426, 187590|2539, 187593|2652, 187601|2753, 187610|2828, 187612|2894, 187613|2966, 187613|3095, 187614|3175, 187614|4007, https://www.douyin.com, 
187621|1, 187621|162, 187623|265, 187623|980, 187627|1127, 187627|1212, 187629|1289, 187629|2141, 187631|2216, 187631|4034, https://www.netflix.com, 
187636|1, 187636|200, 187638|292, 187638|965, 187645|1119, 187668|1284, 187670|1413, 187678|1494, 187678|1855, 187696|1946, 187720|2054, 187722|2131, 187760|2220, 187764|2319, 187769|2453, 187775|2530, 187775|3454, 187777|3539, 187789|3639, 187790|3703, 187790|3831, 187797|3926, 187805|3992, 187817|4071, https://www.jd.com, 
187985|1, 187985|232, 187987|320, 187987|1037, 187999|1219, 188012|1376, 188012|1581, 188022|1667, 188022|1741, 188024|1807, 188024|1970, 188028|2075, 188028|2153, 188039|2238, 188040|2330, 188040|3320, 188047|3399, 188050|3475, 188051|3557, 188053|3634, 188071|3777, 188082|4069, https://www.jianshu.com, 
188134|1, 188134|279, 188135|355, 188135|881, 188138|1039, 188138|1291, 188140|1370, 188140|1502, 188142|1597, 188142|2200, 188146|2267, 188147|2352, 188149|2450, 188151|2518, 188152|2616, 188152|2677, 188154|2779, 188154|2859, 188156|2944, 188156|3076, 188157|3173, 188158|3259, 188158|3511, 188160|3631, 188162|4031, https://www.shodan.io, 
188162|1, 188162|927, 188170|1118, 188202|1273, 188202|1766, 188204|1830, 188228|1921, 188244|2021, 188246|2116, 188246|2316, 188284|2384, 188289|2504, 188295|2635, 188295|3794, 188308|3882, 188309|3963, 188309|4035, https://www.jd.com, 
188510|1, 188510|175, 188512|273, 188512|725, 188529|1104, 188539|1251, 188543|1336, 188545|1406, 188545|1876, 188548|2001, 188550|2083, 188550|2214, 188552|2291, 188555|2372, 188555|2431, 188556|2505, 188564|2565, 188565|2645, 188565|2915, 188567|3006, 188591|3132, 188606|3232, 188613|3341, 188620|3405, 188626|3498, 188641|3589, 188655|3689, 188665|3779, 188669|3836, 188673|3920, 188676|3979, 188676|4055, https://www.ctrip.com, 
188717|1, 188717|637, 188718|770, 188718|986, 188722|1137, 188724|1257, 188725|1307, 188725|1453, 188727|1514, 188727|1730, 188729|1813, 188731|1889, 188737|1966, 188740|2021, 188741|2089, 188748|2161, 188755|2223, 188755|2304, 188757|2380, 188761|2459, 188771|2539, 188773|2592, 188791|2678, 188792|2738, 188792|2987, 188808|3077, 188810|3145, 188819|3239, 188829|3318, 188839|3399, 188857|3485, 188864|3541, 188936|3651, 188956|3727, 188974|3809, 189084|3917, 189098|3992, 189117|4082, http://www.ox.ac.uk, 
189447|1, 189447|91, 189449|153, 189449|595, 189459|824, 189474|971, 189475|1088, 189481|1171, 189487|1244, 189487|1641, 189984|1827, 190465|1966, 190932|2104, 191379|2259, 191385|2333, 191385|2659, 191386|2764, 191388|2832, 191388|3434, 191390|3546, 191390|3844, 191397|3913, 191465|4046, https://zhuanlan.zhihu.com, 
191526|1, 191526|997, 191531|1146, 191531|1261, 191533|1343, 191533|2094, 191535|2179, 191535|2988, 191537|3077, 191537|3733, 191538|3784, 191538|4065, https://www.netflix.com, 
191539|1, 191539|718, 191540|912, 191541|1107, 191545|1293, 191545|1787, 191547|1878, 191547|2148, 191565|2294, 191565|2452, 191569|2546, 191569|2747, 191573|2852, 191582|2953, 191588|3000, 191590|3071, 191592|3146, 191593|3202, 191593|3278, 191595|3353, 191595|4039, https://www.buaa.edu.cn, 
191600|1, 191600|256, 191602|371, 191602|865, 191604|1048, 191608|1220, 191608|2237, 191609|2334, 191609|2534, 191610|2618, 191611|2718, 191611|2888, 191615|3002, 191615|3160, 191617|3281, 191621|3351, 191632|3466, 191634|3547, 191637|3685, 191637|4046, https://www.pku.edu.cn, 
191639|1, 191639|773, 191641|969, 191647|1164, 191647|1504, 191649|1603, 191649|3798, 191651|3863, 191653|4039, https://www.netflix.com, 
191654|1, 191654|818, 191666|1074, 191679|1218, 191681|1338, 191681|1556, 191691|1621, 191691|1973, 191701|2064, 191707|2213, 191707|3037, 191711|3109, 191729|3183, 191811|3284, 191814|3400, 191814|3589, 191834|3675, 191844|3778, 191856|3885, 191864|3984, 191864|4091, https://www.jianshu.com, 
191914|1, 191914|164, 191916|217, 191916|934, 191930|1057, 191942|1237, 191943|1337, 191951|1436, 191951|1719, 191955|1827, 191955|2070, 191957|2145, 191960|2253, 192016|2444, 192021|2553, 192023|2671, 192034|2764, 192054|2852, 192060|2932, 192065|2982, 192067|3059, 192070|3136, 192072|3202, 192072|3345, 192077|3443, 192090|3516, 192090|3564, 192096|3649, 192096|3723, 192097|3775, 192097|3849, 192098|3944, 192100|4093, https://www.linkedin.com, 
192157|1, 192157|735, 192159|953, 192177|1197, 192185|1302, 192186|1398, 192196|1483, 192196|2398, 192198|2533, 192204|2640, 192220|2796, 192227|2889, 192239|3003, 192249|3093, 192254|3156, 192261|3242, 192262|3290, 192262|3496, 192266|3575, 192266|3699, 192279|3772, 192283|3875, 192285|3932, 192285|4009, https://www.linkedin.com, 
192347|1, 192347|176, 192350|312, 192350|800, 192354|1027, 192358|1183, 192358|1649, 192360|1707, 192360|2083, 192372|2170, 192372|2399, 192374|2533, 192374|2620, 192375|2694, 192378|2778, 192378|3482, 192388|3555, 192394|3656, 192394|4008, https://www.yahoo.com, 
192684|1, 192684|239, 192688|323, 192688|929, 192707|1150, 192715|1257, 192720|1348, 192746|1429, 192746|1695, 192749|1814, 192775|1920, 192854|2029, 192866|2089, 192866|2277, 192867|2354, 192878|2441, 192916|2525, 192916|3006, 192931|3110, 192951|3169, 192963|3290, 192969|3370, 192969|3440, 192974|3546, 192980|3610, 193039|3739, 193111|3831, 193121|3899, 193127|4001, https://www.ctrip.com, 
193175|1, 193175|690, 193177|852, 193183|1107, 193183|1996, 193185|2099, 193185|2175, 193201|2262, 193201|2498, 193203|2568, 193203|2644, 193205|2736, 193207|2816, 193207|3060, 193214|3159, 193220|3250, 193226|3301, 193228|3379, 193231|3455, 193231|4053, https://www.buaa.edu.cn, 
193236|1, 193236|227, 193238|323, 193238|513, 193240|654, 193240|949, 193266|1127, 193283|1261, 193286|1349, 193312|1445, 193312|2099, 193320|2204, 193333|2315, 193336|2405, 193337|2460, 193337|4035, https://www.bing.com, 
193347|1, 193347|1123, 193351|1299, 193351|2059, 193353|2116, 193353|2330, 193365|2460, 193367|2532, 193367|2644, 193369|2722, 193369|2826, 193391|2929, 193391|2983, 193392|3075, 193392|3321, 193394|3406, 193394|3812, 193395|3882, 193396|3951, 193396|4041, https://www.yahoo.com, 
193646|1, 193646|875, 193648|992, 193652|1165, 193652|1332, 193654|1395, 193654|2014, 193657|2066, 193657|2887, 193659|2949, 193659|3096, 193661|3169, 193661|3434, 193666|3548, 193677|3621, 193680|3689, 193683|3778, 193683|4053, https://www.pku.edu.cn, 
193688|1, 193688|478, 193690|534, 193692|643, 193692|1024, 193714|1188, 193735|1407, 193738|1486, 193762|1556, 193762|1799, 193766|1910, 193766|2202, 193770|2345, 193771|2429, 193772|2509, 193775|2591, 193775|4014, https://www.bing.com, 
193779|1, 193779|245, 193780|343, 193780|965, 193805|1125, 193809|1283, 193809|1469, 193819|1543, 193819|1869, 193831|1992, 193837|2101, 193837|2164, 193839|2255, 193839|3165, 193846|3242, 193851|3332, 193853|3415, 193853|3506, 193856|3629, 193873|3721, 193885|3828, 193891|3927, 193900|4016, https://www.jianshu.com, 
193957|1, 193957|175, 193959|290, 193959|744, 193964|854, 193964|1048, 193965|1204, 193969|1366, 193972|1476, 193973|1544, 193973|1601, 193984|1674, 193984|1883, 193988|1955, 193988|2079, 193992|2170, 194002|2259, 194002|2314, 194004|2403, 194014|2492, 194014|2562, 194017|2646, 194139|2730, 194144|2810, 194150|2889, 194190|2965, 194193|3054, 194222|3147, 194231|3225, 194231|3309, 194258|3384, 194264|3460, 194268|3578, 194280|3656, 194282|3751, 194291|3836, 194303|3910, 194305|3988, 194327|4084, http://www.ox.ac.uk, 
194567|1, 194567|795, 194569|1008, 194571|1142, 194572|1262, 194572|1537, 194575|1641, 194575|2164, 194577|2246, 194593|2360, 194604|2459, 194604|2509, 194606|2586, 194606|2676, 194608|2743, 194610|2838, 194614|2913, 194614|3237, 194619|3317, 194621|3378, 194624|3452, 194627|3550, 194629|3615, 194630|3705, 194630|3787, 194631|3834, 194635|4037, https://www.mit.edu, 
194693|1, 194693|139, 194695|214, 194695|285, 194697|392, 194697|952, 194709|1149, 194716|1271, 194731|1403, 194733|1473, 194734|1550, 194734|1857, 194806|1941, 195047|2080, 195074|2161, 195075|2212, 195075|2288, 195077|2362, 195080|2420, 195080|2503, 195090|2590, 195263|2664, 195266|2743, 195266|2885, 195529|2989, 195831|3103, 195868|3162, 195870|3244, 195870|3465, 195872|3554, 195872|3605, 195875|3686, 195875|3768, 195876|3835, 195877|3910, 195881|4007, https://www.apple.com, 
195910|1, 195910|166, 195918|226, 195918|937, 195924|1089, 195956|1257, 195956|1851, 195993|1982, 196002|2070, 196002|2152, 196039|2235, 196073|2346, 196130|2481, 196131|2576, 196131|3772, 196133|3876, 196144|3978, 196144|4034, https://www.jd.com, 
196374|1, 196374|872, 196402|1124, 196403|1228, 196414|1348, 196414|1460, 196415|1532, 196416|1603, 196416|1821, 196423|1916, 196475|2045, 196487|2124, 196547|2202, 196547|2284, 196549|2354, 196549|3283, 196550|3354, 196550|4052, https://zhuanlan.zhihu.com, 
196628|1, 196628|184, 196632|297, 196632|922, 196640|1061, 196662|1209, 196662|1758, 196681|1860, 196683|1931, 196713|2026, 196755|2110, 196757|2161, 196782|2247, 196798|2369, 196798|2431, 196800|2521, 196806|2640, 196833|2745, 196852|2860, 196891|2954, 196893|3027, 196899|3126, 196906|3209, 196956|3298, 196956|4058, http://blogs.360.cn, 
196985|1, 196985|190, 196987|314, 196989|425, 196989|988, 197001|1178, 197008|1291, 197016|1423, 197019|1486, 197019|1837, 197022|1922, 197047|2039, 197090|2135, 197090|2492, 197097|2567, 197098|2648, 197098|2736, 197099|2787, 197099|2987, 197101|3054, 197137|3187, 197149|3274, 197159|3363, 197163|3461, 197164|3538, 197170|3617, 197177|3725, 197187|3809, 197194|3891, 197206|3979, 197207|4031, https://www.ctrip.com, 
197245|1, 197245|800, 197251|990, 197262|1172, 197266|1287, 197272|1388, 197272|1814, 197274|1898, 197278|2016, 197279|2097, 197279|2292, 197281|2343, 197281|2419, 197283|2497, 197283|2551, 197291|2635, 197291|2958, 197293|3042, 197308|3145, 197340|3282, 197352|3354, 197362|3483, 197367|3575, 197382|3674, 197391|3770, 197393|3828, 197396|3909, 197396|4064, https://www.ctrip.com, 
197439|1, 197439|235, 197441|341, 197441|758, 197459|1040, 197475|1192, 197490|1334, 197490|1738, 197492|1829, 197506|1917, 197558|2025, 197567|2105, 197567|3541, 197582|3627, 197585|3742, 197585|3874, 197591|3987, 197597|4075, https://zhuanlan.zhihu.com, 
197645|1, 197645|514, 197647|614, 197649|737, 197649|1064, 197653|1237, 197653|3063, 197655|3134, 197655|3205, 197657|3314, 197657|3543, 197659|3622, 197669|3742, 197675|3833, 197678|3910, 197679|3979, 197679|4061, https://www.pku.edu.cn, 
197682|1, 197682|800, 197684|1039, 197690|1218, 197690|1303, 197691|1388, 197693|1447, 197693|1515, 197706|1598, 197706|1733, 197710|1837, 197712|1896, 197714|1980, 197723|2061, 197724|2111, 197725|2187, 197736|2276, 197736|2408, 197742|2498, 197745|2558, 197755|2633, 197779|2719, 197802|2778, 197803|2858, 197825|2931, 197855|3001, 197855|3062, 197891|3134, 197901|3216, 197902|3272, 197938|3379, 197947|3458, 197983|3527, 198009|3625, 198024|3705, 198042|3770, 198051|3857, 198123|3955, 198131|4012, http://www.ox.ac.uk, 
198465|1, 198465|240, 198467|337, 198467|434, 198471|535, 198471|897, 198473|1037, 198480|1222, 198480|1338, 198489|1438, 198489|1513, 198494|1571, 198499|1661, 198506|1744, 198506|1872, 198555|1962, 198559|2042, 198559|2120, 198567|2238, 198567|2353, 198573|2442, 198577|2512, 198603|2568, 198603|3037, 198648|3190, 198703|3334, 198783|3480, 198808|3576, 198820|3647, 198828|3726, 198842|3822, 198845|3885, 198848|3956, 198850|4043, https://world.taobao.com, 
198945|1, 198945|684, 198947|858, 198947|1019, 198953|1192, 198955|1306, 198956|1390, 198956|1524, 198960|1589, 198960|1853, 198964|1953, 198970|2028, 198974|2096, 198975|2169, 198982|2248, 198987|2304, 198987|2397, 198990|2469, 198993|2530, 198995|2605, 198997|2680, 199009|2750, 199031|2829, 199032|2904, 199038|2976, 199051|3043, 199053|3127, 199056|3197, 199077|3266, 199079|3367, 199097|3467, 199097|3520, 199098|3608, 199104|3690, 199104|3817, 199142|3939, 199186|4011, http://www.ox.ac.uk, 
199305|1, 199306|97, 199307|194, 199307|899, 199323|1045, 199327|1129, 199332|1203, 199333|1275, 199343|1368, 199343|2056, 199345|2198, 199349|2351, 199366|2465, 199377|2570, 199398|2666, 199415|2756, 199420|2838, 199422|2891, 199422|2959, 199424|3062, 199425|3131, 199425|3197, 199427|3276, 199432|3361, 199432|3422, 199444|3495, 199450|3583, 199451|3655, 199451|3793, 199452|3870, 199453|3946, 199453|4019, https://www.linkedin.com, 
199515|1, 199515|688, 199521|872, 199545|1051, 199545|1646, 199604|1781, 199618|1862, 199657|1944, 199657|2026, 199659|2092, 199659|2182, 199660|2293, 199673|2378, 199693|2492, 199713|2614, 199718|2686, 199719|2772, 199723|2845, 199726|2897, 199727|2967, 199730|3075, 199730|4040, http://blogs.360.cn, 
199757|1, 199757|1036, 199780|1255, 199783|1382, 199783|2126, 199794|2199, 199794|2351, 199802|2438, 199810|2556, 199810|3500, 199817|3591, 199825|3679, 199825|3743, 199827|3925, 199827|4019, https://www.jianshu.com, 
199919|1, 199919|190, 199921|268, 199921|340, 199923|467, 199923|978, 199937|1180, 199953|1361, 199953|1724, 199955|1782, 199955|1927, 199957|2024, 199987|2130, 199987|2220, 199989|2309, 199989|2953, 199993|3052, 199997|3114, 200014|3226, 200018|3365, 200023|3429, 200026|3521, 200035|3612, 200038|3679, 200039|3746, 200039|4034, https://www.douyin.com, 
200051|1, 200051|364, 200052|474, 200052|630, 200053|746, 200053|1084, 200057|1279, 200057|1564, 200059|1629, 200059|2143, 200061|2198, 200061|2730, 200065|2808, 200065|2912, 200072|3011, 200072|3078, 200074|3149, 200076|4094, https://www.shodan.io, 
200078|1, 200078|412, 200084|528, 200084|975, 200088|1201, 200088|1913, 200092|2055, 200101|2144, 200108|2224, 200109|2332, 200109|2854, 200111|2916, 200114|3010, 200126|3123, 200128|3189, 200129|3266, 200134|3357, 200136|3438, 200139|3503, 200142|3581, 200145|3696, 200145|3758, 200146|3831, 200146|3914, 200151|3987, 200151|4049, https://www.mit.edu, 
200177|1, 200177|224, 200179|285, 200179|879, 200181|1208, 200185|1303, 200185|3091, 200187|3180, 200187|3244, 200188|3346, 200189|3431, 200189|3590, 200191|3719, 200197|3813, 200207|3903, 200212|4020, https://www.pku.edu.cn, 
200219|1, 200219|785, 200231|923, 200237|1091, 200253|1239, 200253|2104, 200277|2198, 200287|2270, 200293|2389, 200313|2524, 200315|2627, 200324|2742, 200332|2841, 200333|2892, 200336|2973, 200337|3054, 200337|4047, https://www.douyin.com, 
200340|1, 200340|254, 200341|366, 200341|863, 200344|1139, 200360|1310, 200371|1385, 200372|1497, 200372|1642, 200374|1725, 200374|2018, 200454|2136, 200657|2274, 200659|2328, 200659|2412, 200685|2515, 200688|2590, 200700|2675, 200703|2760, 200704|2831, 200719|2896, 200726|2985, 200727|3063, 200727|3119, 200756|3211, 200765|3307, 200765|3672, 200768|3788, 200768|3881, 200770|3944, 200770|4016, https://www.apple.com, 
200794|1, 200794|147, 200796|287, 200796|650, 200813|933, 200838|1142, 200838|1391, 200890|1480, 200890|1843, 200937|1965, 200937|2042, 200969|2184, 201176|2300, 201176|3890, 201180|3997, 201183|4062, https://www.baidu.com, 
201454|1, 201454|196, 201456|290, 201456|728, 201460|906, 201460|1116, 201464|1274, 201464|3554, 201465|3670, 201465|3887, 201466|3998, 201466|4106, https://www.netflix.com, 
201467|1, 201467|1061, 201489|1257, 201496|1445, 201496|1585, 201506|1676, 201506|1969, 201518|2123, 201524|2211, 201524|2886, 201526|2972, 201526|3024, 201533|3120, 201538|3227, 201542|3316, 201544|3472, 201546|3634, 201568|3734, 201587|3857, 201601|3967, 201601|4042, https://www.jianshu.com, 
201655|1, 201655|755, 201663|1074, 201663|1299, 201665|1379, 201665|1500, 201667|1557, 201667|3000, 201669|3076, 201669|3231, 201671|3358, 201671|3547, 201673|3633, 201679|3762, 201689|3842, 201692|3918, 201692|4055, https://www.pku.edu.cn, 
201693|1, 201693|849, 201697|1050, 201714|1234, 201726|1389, 201726|1708, 201753|1781, 201753|1974, 201767|2109, 201783|2192, 201795|2307, 201795|2744, 201797|2838, 201797|3609, 201811|3726, 201812|3812, 201817|4084, https://zhuanlan.zhihu.com, 
201882|1, 201882|394, 201884|525, 201884|764, 201886|967, 201901|1129, 201917|1273, 201917|1409, 201919|1497, 201919|1856, 201965|1960, 201966|2026, 201993|2125, 202059|2225, 202247|2322, 202249|2415, 202252|2501, 202252|2583, 202256|2647, 202261|2743, 202282|2840, 202283|2912, 202283|2999, 202294|3079, 202301|3145, 202315|3245, 202315|3340, 202317|3408, 202318|3506, 202318|3887, 202321|3983, 202321|4054, https://www.apple.com, 
202339|1, 202339|839, 202341|999, 202345|1181, 202345|1632, 202347|1689, 202349|1803, 202351|1934, 202355|2018, 202364|2114, 202366|2213, 202366|2443, 202367|2509, 202367|2701, 202369|2792, 202371|2862, 202374|2962, 202375|3060, 202377|3120, 202384|3200, 202386|3273, 202387|3344, 202392|3407, 202392|3585, 202394|3668, 202394|3805, 202401|3930, 202401|4007, https://www.mit.edu, 
202437|1, 202437|938, 202441|1174, 202441|1251, 202443|1359, 202443|1964, 202453|2042, 202453|2300, 202457|2406, 202457|4023, https://www.shodan.io, 
202461|1, 202461|971, 202492|1173, 202497|1322, 202508|1420, 202508|1547, 202509|1639, 202511|1735, 202511|1789, 202518|1914, 202540|2040, 202552|2117, 202552|3657, 202566|3795, 202568|3882, 202570|4071, https://zhuanlan.zhihu.com, 
202639|1, 202639|984, 202657|1179, 202662|1290, 202666|1373, 202673|1456, 202673|1850, 202674|1947, 202677|2070, 202679|2151, 202679|2507, 202681|2587, 202687|2667, 202687|3002, 202697|3133, 202728|3263, 202744|3373, 202755|3469, 202759|3569, 202770|3663, 202784|3798, 202788|3880, 202789|3956, 202789|4054, https://www.ctrip.com, 
202849|1, 202849|605, 202851|705, 202854|891, 202874|1125, 202885|1246, 202885|1347, 202899|1444, 202899|1517, 202901|1574, 202901|1801, 202916|1951, 202941|2062, 202941|3495, 202956|3582, 202959|3700, 202959|3871, 202964|3956, 202969|4044, https://zhuanlan.zhihu.com, 
203030|1, 203030|202, 203032|293, 203032|808, 203036|1102, 203053|1315, 203056|1415, 203059|1492, 203065|1563, 203065|2143, 203067|2252, 203069|2338, 203069|2629, 203094|2774, 203109|2863, 203114|2962, 203131|3050, 203134|3108, 203146|3192, 203150|3282, 203150|3336, 203153|3425, 203156|3520, 203157|3586, 203157|3642, 203161|3730, 203173|3821, 203174|3888, 203175|3951, 203176|4049, https://www.linkedin.com, 
203233|1, 203233|184, 203235|267, 203235|367, 203239|460, 203239|1003, 203257|1200, 203272|1359, 203287|1478, 203287|2023, 203291|2128, 203346|2231, 203346|3770, 203351|3869, 203361|4014, https://zhuanlan.zhihu.com, 
203435|1, 203435|940, 203470|1157, 203470|1229, 203480|1357, 203480|1809, 203482|1935, 203528|2071, 203535|2136, 203535|3474, 203537|3579, 203548|3681, 203551|3773, 203551|3862, 203553|3960, 203556|4051, https://zhuanlan.zhihu.com, 
203628|1, 203628|835, 203632|1012, 203636|1210, 203636|1594, 203638|1678, 203638|2061, 203640|2124, 203640|2939, 203642|3045, 203642|3102, 203644|3220, 203644|3439, 203649|3537, 203660|3648, 203662|3737, 203665|3800, 203665|4044, https://www.pku.edu.cn, 
203667|1, 203667|968, 203679|1211, 203679|1404, 203681|1481, 203681|2145, 203693|2248, 203693|2506, 203695|2668, 203695|4018, https://www.shodan.io, 
203695|1, 203695|170, 203697|233, 203699|314, 203699|799, 203713|1002, 203726|1187, 203726|1381, 203735|1482, 203735|2124, 203749|2261, 203753|2362, 203753|2473, 203754|2548, 203754|3356, 203761|3424, 203763|3505, 203768|3619, 203770|3748, 203800|4038, https://www.jianshu.com, 
203872|1, 203872|1117, 203879|1263, 203884|1486, 203884|2197, 203888|2295, 203888|2403, 203893|2490, 203894|2555, 203895|2664, 203895|3120, 203897|3195, 203899|3290, 203903|3424, 203903|3486, 203909|3574, 203913|3674, 203913|3756, 203919|3841, 203919|4030, https://www.mit.edu, 
203965|1, 203965|733, 203969|989, 203975|1241, 203975|3284, 203977|3391, 203977|3469, 203979|3568, 203979|3843, 203988|3996, 203997|4095, https://www.pku.edu.cn, 
204001|1, 204001|475, 204005|638, 204005|974, 204012|1213, 204012|1400, 204014|1492, 204014|2289, 204030|2397, 204030|2602, 204031|2670, 204032|2765, 204034|2869, 204036|2965, 204036|3213, 204041|3312, 204044|3390, 204054|3500, 204057|3589, 204057|4027, https://www.buaa.edu.cn, 
204062|1, 204062|168, 204065|258, 204069|381, 204069|995, 204075|1160, 204075|1561, 204077|1652, 204077|2283, 204087|2394, 204087|2483, 204088|2618, 204090|2748, 204090|2816, 204105|2917, 204113|3035, 204113|3123, 204115|3218, 204115|3353, 204116|3444, 204116|3837, 204118|3962, 204118|4068, https://www.yahoo.com, 
204348|1, 204348|877, 204350|1080, 204354|1295, 204354|1995, 204358|2126, 204361|2199, 204362|2281, 204362|2730, 204364|2819, 204364|2915, 204366|3019, 204372|3113, 204375|3187, 204376|3316, 204381|3416, 204384|3499, 204388|3581, 204399|3728, 204399|3896, 204400|3990, 204400|4091, https://www.mit.edu, 
204437|1, 204437|229, 204439|371, 204439|1069, 204449|1268, 204451|1414, 204451|1494, 204452|1568, 204454|1663, 204454|1737, 204456|1814, 204456|2114, 204458|2203, 204469|2341, 204472|2440, 204478|2544, 204479|2628, 204482|2741, 204487|2848, 204488|2913, 204491|2999, 204498|3114, 204509|3210, 204520|3286, 204525|3383, 204543|3510, 204544|3597, 204553|3681, 204559|3792, 204560|3892, 204564|3984, 204565|4095, http://www.ox.ac.uk, 
204768|1, 204768|858, 204770|1151, 204774|1345, 204774|3373, 204778|3496, 204778|3727, 204783|3857, 204794|3966, 204796|4046, https://www.pku.edu.cn, 
204800|1, 204800|266, 204802|386, 204802|914, 204806|1165, 204812|1360, 204812|1799, 204814|1888, 204820|2002, 204825|2097, 204826|2175, 204826|2319, 204837|2465, 204842|2539, 204865|2659, 204865|2841, 204867|2931, 204884|3070, 204886|3190, 204886|3696, 204889|3813, 204891|3920, 204891|4066, https://www.alipay.com, 
204896|1, 204896|224, 204897|319, 204897|454, 204899|540, 204899|1120, 204920|1369, 204931|1525, 204932|1618, 204932|2136, 204969|2269, 205240|2408, 205242|2504, 205243|2635, 205245|2723, 205245|2792, 205248|2885, 205252|2980, 205257|3089, 205262|3164, 205269|3285, 205295|3411, 205295|4012, https://www.apple.com, 
205324|1, 205324|417, 205325|501, 205328|653, 205328|972, 205330|1260, 205336|1432, 205336|1614, 205338|1729, 205338|2486, 205343|2575, 205346|2657, 205350|2824, 205352|2941, 205352|4024, https://www.shodan.io, 
205352|1, 205352|211, 205353|279, 205355|374, 205355|795, 205357|927, 205359|1157, 205392|1404, 205392|1610, 205475|1726, 205475|2267, 205499|2397, 205618|2525, 205660|2618, 205660|4092, https://www.baidu.com, 
205849|1, 205849|162, 205851|269, 205851|959, 205860|1137, 205889|1352, 205889|2174, 205895|2263, 205925|2424, 205935|2578, 205945|2652, 206005|2820, 206026|2979, 206026|3488, 206027|3600, 206028|3699, 206028|4068, https://www.jd.com, 
206210|1, 206210|211, 206212|390, 206212|903, 206214|1107, 206231|1344, 206239|1584, 206239|2235, 206247|2374, 206260|2458, 206262|2564, 206319|2700, 206350|2782, 206366|2871, 206368|3020, 206368|3123, 206440|3227, 206490|3372, 206499|3461, 206503|3559, 206547|3677, 206547|4033, https://www.pinduoduo.com, 
206560|1, 206560|1158, 206572|1336, 206584|1512, 206584|1635, 206594|1748, 206594|2361, 206596|2472, 206606|2579, 206612|2723, 206612|3519, 206613|3594, 206623|4087, https://www.jianshu.com, 
206741|1, 206741|794, 206743|1032, 206747|1203, 206747|1508, 206751|1608, 206751|1789, 206752|1916, 206754|1995, 206754|2124, 206766|2271, 206766|2578, 206768|2730, 206768|4017, https://www.shodan.io, 
206768|1, 206768|1004, 206772|1180, 206776|1373, 206778|1529, 206778|2164, 206780|2291, 206782|2382, 206787|2486, 206798|2635, 206798|3109, 206800|3201, 206811|3322, 206813|3409, 206818|3492, 206821|3609, 206824|3717, 206828|3804, 206830|4040, https://www.mit.edu, 
206869|1, 206869|761, 206873|921, 206873|1101, 206879|1276, 206908|1501, 206908|2275, 206926|2379, 206953|2514, 206953|2637, 206990|2708, 207027|2900, 207036|3047, 207036|4075, https://www.jd.com, 
207235|1, 207235|1131, 207245|1312, 207245|2228, 207248|2332, 207248|4018, https://www.netflix.com, 
207258|1, 207258|261, 207262|387, 207262|1132, 207274|1326, 207278|1439, 207288|1613, 207288|2227, 207290|2359, 207293|2490, 207293|2661, 207294|2755, 207294|2985, 207304|3104, 207304|3589, 207317|3684, 207352|3850, 207361|3967, 207370|4080, https://www.ctrip.com, 
207456|1, 207456|210, 207459|376, 207459|744, 207461|960, 207461|1093, 207467|1339, 207467|2748, 207469|2838, 207469|3449, 207471|3546, 207475|3701, 207481|4014, https://www.pku.edu.cn, 
207497|1, 207497|1033, 207531|1260, 207538|1407, 207538|1643, 207596|1763, 207596|2219, 207620|2310, 207829|2486, 207829|2909, 207831|2994, 207831|4010, https://www.baidu.com, 
208064|1, 208064|1074, 208068|1268, 208070|1498, 208070|1586, 208072|1665, 208072|2182, 208074|2284, 208076|2392, 208087|2504, 208087|2589, 208099|2675, 208099|2777, 208103|2873, 208103|3753, 208130|3873, 208150|3980, 208150|4059, http://www.ox.ac.uk, 
208565|1, 208565|421, 208566|493, 208566|979, 208568|1223, 208574|1345, 208575|1441, 208576|1571, 208576|1654, 208578|1730, 208578|2176, 208582|2302, 208590|2408, 208590|2467, 208593|2589, 208601|2693, 208603|2788, 208606|2857, 208608|2958, 208610|3067, 208610|3211, 208611|3305, 208613|3405, 208613|3506, 208614|3570, 208614|3652, 208616|3762, 208617|3880, 208618|3958, 208620|4049, http://www.ox.ac.uk, 
209098|1, 209098|248, 209100|382, 209100|1116, 209117|1358, 209123|1584, 209123|2575, 209150|2675, 209169|2760, 209219|2878, 209219|3105, 209221|3212, 209227|3338, 209239|3465, 209242|3542, 209242|4072, https://www.pinduoduo.com, 
209258|1, 209258|715, 209263|952, 209268|1099, 209272|1313, 209272|2573, 209277|2738, 209283|2846, 209284|2931, 209284|3208, 209286|3302, 209286|3834, 209288|3930, 209288|4007, https://www.shodan.io, 
209294|1, 209294|1180, 209298|1369, 209298|2224, 209310|2338, 209310|2800, 209312|2899, 209314|3011, 209314|4044, https://www.shodan.io, 
209320|1, 209320|853, 209324|1119, 209324|1982, 209330|2134, 209336|2264, 209337|2361, 209337|2996, 209339|3087, 209341|3174, 209345|3311, 209345|3443, 209350|3508, 209355|3623, 209358|3730, 209359|3832, 209359|4105, https://www.mit.edu, 
209418|1, 209418|736, 209439|1120, 209456|1322, 209456|1554, 209511|1653, 209511|2238, 209513|2344, 209513|2430, 209592|2623, 209718|2751, 209720|4040, https://www.baidu.com, 
209947|1, 209947|1122, 209949|1331, 209951|1534, 209951|2211, 209955|2365, 209955|2455, 209959|2553, 209959|3310, 209961|3408, 209963|3477, 209972|3596, 209974|3719, 209974|3808, 209981|3871, 209986|3984, 209997|4116, https://www.mit.edu, 
210039|1, 210039|248, 210042|377, 210042|966, 210056|1249, 210062|1373, 210062|1718, 210068|1800, 210075|1931, 210075|2310, 210081|2446, 210081|2523, 210095|2643, 210112|2766, 210113|2842, 210113|3024, 210115|3139, 210123|3258, 210138|3388, 210141|3553, 210154|3653, 210161|3738, 210166|3844, 210166|4027, https://www.douyin.com, 
210169|1, 210169|1100, 210195|1352, 210201|1507, 210201|2257, 210203|2398, 210207|2492, 210235|2596, 210244|2742, 210261|2888, 210264|2991, 210275|3154, 210285|3266, 210288|3357, 210288|4007, https://www.douyin.com, 
210292|1, 210292|870, 210309|1052, 210313|1152, 210321|1296, 210323|1384, 210323|1846, 210325|1969, 210328|2067, 210344|2158, 210344|2557, 210352|2652, 210352|3014, 210370|3145, 210412|3310, 210429|3413, 210436|3532, 210455|3658, 210482|3771, 210512|3873, 210516|3963, 210517|4053, https://www.ctrip.com, 
210572|1, 210573|109, 210573|1046, 210579|1237, 210579|1957, 210590|2091, 210593|2193, 210596|2276, 210596|2525, 210598|2614, 210598|4057, https://www.shodan.io, 
210600|1, 210600|223, 210602|348, 210602|1023, 210608|1288, 210608|2301, 210635|2465, 210635|2705, 210639|2817, 210639|2902, 210641|3060, 210646|3177, 210656|3248, 210657|3328, 210663|3424, 210664|3525, 210664|3728, 210666|3850, 210666|4056, https://www.buaa.edu.cn, 
210672|1, 210672|1013, 210674|1218, 210676|1428, 210676|2425, 210692|2529, 210692|2798, 210694|2880, 210698|3012, 210702|3165, 210704|3243, 210704|3330, 210706|3430, 210711|3532, 210711|3589, 210722|3694, 210725|3793, 210725|4035, https://www.buaa.edu.cn, 
210729|1, 210729|886, 210731|1154, 210735|1331, 210735|3179, 210737|3283, 210737|3400, 210741|3476, 210741|4007, https://www.netflix.com, 
210743|1, 210743|277, 210745|352, 210745|1073, 210752|1215, 210756|1392, 210764|1516, 210765|1599, 210770|1664, 210778|1764, 210779|1868, 210779|1959, 210781|2090, 210791|2230, 210791|2973, 210799|3057, 210808|3251, 210856|3426, 210872|3512, 210874|3576, 210884|3676, 210894|3772, 210900|3850, 210902|3929, 210918|4075, https://world.taobao.com, 
211033|1, 211033|183, 211035|294, 211035|1021, 211047|1224, 211061|1385, 211068|1488, 211074|1581, 211074|2069, 211080|2203, 211324|2398, 211881|2550, 212269|2696, 212899|2868, 212960|2960, 212960|3026, 212962|3116, 212962|4011, https://zhuanlan.zhihu.com, 
213039|1, 213039|212, 213041|300, 213041|1183, 213045|1328, 213045|1608, 213048|1730, 213053|1810, 213066|1904, 213071|2007, 213073|2079, 213081|2205, 213086|2297, 213098|2380, 213100|2453, 213102|2555, 213102|3126, 213105|3212, 213105|4047, https://www.alipay.com, 
213118|1, 213118|169, 213120|270, 213120|972, 213124|1187, 213124|2045, 213126|2134, 213126|2219, 213128|2328, 213128|2452, 213131|2578, 213131|3030, 213133|3132, 213134|3243, 213134|3306, 213137|3394, 213139|3508, 213143|3584, 213143|3743, 213145|3845, 213146|3912, 213148|4095, https://www.yahoo.com, 
213335|1, 213335|380, 213336|462, 213336|834, 213346|1042, 213361|1231, 213378|1355, 213378|1895, 213385|2015, 213411|2116, 213418|2222, 213419|2319, 213419|2472, 213421|2551, 213423|2629, 213423|4012, https://zhuanlan.zhihu.com, 
213496|1, 213497|141, 213497|912, 213507|1037, 213518|1219, 213530|1356, 213530|1579, 213532|1665, 213532|2002, 213557|2119, 213860|2263, 213862|2361, 213863|2492, 213865|2557, 213870|2628, 213870|2724, 213898|2822, 213898|2885, 213900|2966, 213900|3063, 213936|3191, 213937|3262, 213937|3854, 213940|3933, 213940|4027, https://www.apple.com, 
213969|1, 213969|152, 213970|221, 213971|301, 213971|756, 213975|927, 213979|1084, 214005|1263, 214005|1875, 214006|1972, 214011|2056, 214028|2182, 214066|2314, 214079|2381, 214097|2479, 214128|2606, 214130|2715, 214135|2841, 214165|2993, 214176|3119, 214185|3202, 214188|3308, 214192|3413, 214192|4064, http://blogs.360.cn, 
214216|1, 214216|538, 214218|683, 214218|1093, 214235|1281, 214247|1503, 214249|1579, 214251|1651, 214251|1829, 214253|1916, 214253|2193, 214255|2292, 214256|2371, 214258|2478, 214258|2880, 214266|2963, 214266|3382, 214278|3515, 214287|3635, 214294|3731, 214310|3837, 214320|3993, 214326|4091, https://www.ctrip.com, 
214424|1, 214424|228, 214426|302, 214428|403, 214428|822, 214434|1047, 214438|1250, 214438|2214, 214440|2309, 214445|2437, 214446|2555, 214446|3252, 214448|3329, 214458|3467, 214459|3568, 214459|3635, 214468|3740, 214473|3847, 214473|3911, 214478|3986, 214479|4090, https://www.mit.edu, 
214516|1, 214516|325, 214517|446, 214517|903, 214532|1215, 214541|1426, 214545|1509, 214545|1603, 214554|1700, 214554|1760, 214556|1838, 214556|2130, 214558|2258, 214583|2445, 214583|3374, 214591|3485, 214596|3562, 214598|3643, 214602|3769, 214610|4133, https://www.jianshu.com, 
214705|1, 214705|865, 214711|1126, 214741|1351, 214742|1470, 214742|1538, 214744|1638, 214744|1775, 214746|1862, 214746|2053, 214752|2139, 215049|2337, 215061|2442, 215062|2533, 215063|2613, 215063|2703, 215072|2792, 215085|2869, 215086|2954, 215088|3044, 215089|3130, 215113|3210, 215127|3299, 215128|3405, 215128|3719, 215132|3798, 215132|3867, 215133|3976, 215135|4081, https://www.apple.com, 
215164|1, 215164|190, 215166|278, 215166|1094, 215172|1338, 215172|1468, 215174|1550, 215174|1770, 215176|1838, 215182|1931, 215186|2052, 215188|2167, 215191|2241, 215199|2371, 215204|2477, 215219|2565, 215221|2672, 215221|3199, 215223|3273, 215224|3370, 215224|4043, https://www.alipay.com, 
215228|1, 215228|224, 215229|334, 215229|424, 215232|532, 215232|766, 215234|935, 215236|1060, 215236|2593, 215238|2722, 215238|3674, 215242|3759, 215242|4001, https://www.netflix.com, 
215244|1, 215244|1006, 215250|1226, 215250|1664, 215251|1744, 215254|1812, 215254|2295, 215270|2430, 215270|2712, 215272|2797, 215272|2859, 215276|3005, 215276|3196, 215278|3321, 215284|3430, 215293|3501, 215295|3562, 215298|3655, 215298|4063, https://www.buaa.edu.cn, 
215302|1, 215302|229, 215304|357, 215304|1045, 215330|1249, 215350|1501, 215351|1583, 215376|1653, 215376|2348, 215381|2488, 215382|2602, 215385|2674, 215387|2768, 215387|2866, 215389|2957, 215389|4036, https://www.bing.com, 
215393|1, 215393|582, 215397|703, 215397|892, 215409|1144, 215414|1302, 215423|1386, 215430|1471, 215435|1555, 215435|1936, 215449|2042, 215449|2672, 215459|2818, 215473|3005, 215529|3136, 215561|3263, 215569|3348, 215580|3420, 215588|3512, 215593|3602, 215596|3691, 215596|3743, 215605|3832, 215615|3948, 215615|4015, https://world.taobao.com, 
215681|1, 215681|1103, 215685|1268, 215685|1475, 215687|1529, 215687|3456, 215689|3543, 215691|4074, https://www.netflix.com, 
215693|1, 215693|137, 215694|226, 215695|338, 215695|1034, 215711|1225, 215716|1375, 215718|1490, 215718|1571, 215720|1639, 215720|2076, 215759|2208, 215765|2280, 215797|2367, 215813|2511, 215813|2674, 215821|2793, 215829|2890, 215833|2984, 215834|3072, 215834|4047, https://www.pinduoduo.com, 
215848|1, 215848|130, 215850|286, 215850|1001, 215858|1171, 215890|1357, 215892|1441, 215892|1907, 215894|2008, 215911|2106, 215944|2223, 215948|2324, 215948|2379, 215988|2497, 216014|2670, 216051|2772, 216051|3761, 216053|3865, 216053|4071, https://www.jd.com, 
216293|1, 216293|1137, 216307|1312, 216326|1441, 216327|1528, 216327|1810, 216329|1904, 216331|1981, 216626|2172, 216655|2278, 216655|2352, 216656|2429, 216660|2555, 216663|2638, 216663|2695, 216678|2793, 216694|2888, 216694|3015, 216702|3104, 216720|3202, 216720|3639, 216722|3745, 216722|3855, 216724|3951, 216725|4030, https://www.apple.com, 
216745|1, 216745|239, 216749|363, 216750|446, 216750|598, 216751|750, 216751|944, 216753|1251, 216755|1406, 216755|2408, 216758|2482, 216759|2597, 216760|2705, 216761|2803, 216761|2897, 216763|3022, 216763|3182, 216766|3263, 216766|3360, 216768|3448, 216768|3600, 216769|3682, 216769|4070, https://www.shodan.io, 
216770|1, 216770|189, 216772|262, 216772|862, 216792|1141, 216814|1328, 216820|1481, 216849|1619, 216849|1760, 216851|1853, 216851|2312, 216852|2389, 216856|2533, 216860|2655, 216860|2747, 216861|2807, 216864|2908, 216864|4022, https://www.bing.com, 
216868|1, 216868|895, 216902|1168, 216908|1274, 216914|1411, 216944|1496, 216944|1735, 216946|1816, 216946|2361, 216953|2504, 216954|2585, 216957|2672, 216957|4034, https://www.bing.com, 
216963|1, 216963|871, 216979|1057, 216986|1240, 217006|1443, 217009|1564, 217041|1640, 217041|1892, 217043|1964, 217043|2314, 217048|2466, 217049|2578, 217052|2641, 217054|2737, 217054|3236, 217055|3302, 217055|4069, https://www.bing.com, 
217059|1, 217059|585, 217061|698, 217061|878, 217065|1144, 217067|1275, 217067|1981, 217069|2066, 217069|2168, 217071|2261, 217085|2371, 217085|2513, 217089|2624, 217089|2881, 217099|2989, 217108|3057, 217110|3138, 217113|3232, 217113|4004, https://www.buaa.edu.cn, 
217117|1, 217117|149, 217119|224, 217119|953, 217144|1176, 217148|1349, 217148|1554, 217158|1633, 217158|1868, 217160|1939, 217160|2280, 217175|2477, 217176|2576, 217176|3350, 217178|3450, 217178|3537, 217185|3599, 217188|3709, 217192|3850, 217194|3960, 217194|4071, https://www.jianshu.com, 
217289|1, 217291|177, 217291|858, 217293|1007, 217297|1140, 217301|1300, 217301|1892, 217303|1966, 217303|2261, 217307|2411, 217307|2515, 217309|2589, 217309|2763, 217315|2872, 217315|2933, 217317|3061, 217317|3171, 217327|3281, 217327|3351, 217328|3442, 217334|3543, 217336|3607, 217336|3691, 217337|3785, 217341|3881, 217341|4037, https://www.yahoo.com, 
217625|1, 217625|261, 217627|338, 217627|737, 217631|888, 217634|1095, 217651|1313, 217660|1474, 217661|1538, 217669|1636, 217669|2046, 217681|2145, 217708|2261, 217708|2470, 217710|2599, 217726|2803, 217739|2943, 217759|3027, 217766|3137, 217787|3252, 217792|3328, 217792|3389, 217795|3484, 217796|3581, 217796|3810, 217805|3894, 217806|3982, 217807|4049, https://www.linkedin.com, 
217873|1, 217873|107, 217875|236, 217877|364, 217877|990, 217893|1152, 217921|1349, 217921|1638, 217923|1761, 217923|2227, 217929|2331, 217958|2447, 217967|2596, 218005|2688, 218005|2777, 218015|2893, 218016|3010, 218016|4005, https://www.jd.com, 
218232|1, 218232|633, 218236|951, 218240|1165, 218240|1301, 218242|1388, 218242|2214, 218244|2328, 218247|2445, 218247|2612, 218260|2715, 218264|2855, 218264|2948, 218266|3030, 218268|3146, 218273|3253, 218281|3319, 218284|3400, 218287|3491, 218287|4036, https://www.buaa.edu.cn, 
218296|1, 218296|141, 218297|274, 218297|939, 218306|1243, 218325|1389, 218325|2079, 218344|2167, 218345|2271, 218391|2381, 218413|2487, 218438|2573, 218439|2729, 218445|2873, 218479|3012, 218495|3148, 218505|3254, 218508|3340, 218511|3421, 218511|3508, 218513|3592, 218513|4053, http://blogs.360.cn, 
218534|1, 218534|202, 218535|351, 218535|915, 218537|1089, 218563|1259, 218563|1714, 218565|1806, 218565|1971, 218566|2073, 218587|2201, 218606|2284, 218638|2382, 218661|2515, 218661|2598, 218663|2688, 218677|2836, 218701|2934, 218709|3021, 218722|3152, 218728|3246, 218731|3303, 218732|3404, 218732|4018, http://blogs.360.cn, 
218756|1, 218756|237, 218758|325, 218758|935, 218801|1188, 218801|1401, 218853|1517, 218853|2070, 218859|2187, 219034|2339, 219097|2427, 219097|4089, https://www.baidu.com, 
219294|1, 219294|951, 219299|1126, 219304|1319, 219333|1471, 219333|2066, 219345|2155, 219377|2285, 219378|2389, 219417|2476, 219417|2591, 219426|2707, 219431|2812, 219431|2935, 219433|3033, 219435|3126, 219435|4016, https://www.jd.com, 
219646|1, 219646|1133, 219650|1289, 219652|1421, 219652|2535, 219654|2637, 219656|2737, 219656|3797, 219658|3926, 219658|4018, https://www.netflix.com, 
219658|1, 219658|139, 219660|259, 219660|1074, 219664|1306, 219666|1427, 219666|1595, 219668|1689, 219674|1781, 219679|1857, 219682|1959, 219682|2099, 219685|2174, 219693|2277, 219696|2375, 219712|2485, 219716|2547, 219716|3137, 219720|3224, 219720|4034, https://www.alipay.com, 
219726|1, 219726|171, 219728|285, 219728|904, 219739|1076, 219759|1265, 219765|1394, 219765|1775, 219767|1860, 219767|1930, 219777|2090, 219799|2216, 219799|2283, 219801|2375, 219823|2541, 219830|2746, 219836|2827, 219845|2938, 219849|3029, 219850|3108, 219850|4067, https://www.douyin.com, 
219853|1, 219853|258, 219854|383, 219854|1044, 219858|1214, 219858|1515, 219865|1599, 219868|1698, 219870|1785, 219870|2176, 219873|2256, 219881|2370, 219886|2485, 219901|2578, 219903|2653, 219905|2766, 219905|3255, 219908|3342, 219908|4079, https://www.alipay.com, 
219917|1, 219917|1068, 219921|1274, 219921|1729, 219924|1804, 219931|1892, 219933|2015, 219933|2144, 219935|2239, 219945|2371, 219950|2483, 219968|2594, 219970|2681, 219970|3246, 219974|3307, 219975|3399, 219975|4026, https://www.alipay.com, 
219980|1, 219980|742, 219982|1004, 219984|1134, 220008|1336, 220008|2010, 220068|2177, 220079|2255, 220106|2350, 220106|2457, 220108|2558, 220108|2645, 220120|2773, 220142|2898, 220154|2991, 220159|3080, 220166|3186, 220169|3279, 220172|3339, 220173|3431, 220173|4038, http://blogs.360.cn, 
220201|1, 220201|991, 220213|1210, 220231|1347, 220233|1470, 220233|1881, 220247|2016, 220298|2173, 220323|2260, 220329|2334, 220331|2442, 220331|2625, 220350|2743, 220373|2890, 220383|3001, 220384|3077, 220391|3175, 220394|3269, 220395|3365, 220395|3421, 220397|3512, 220397|4009, http://blogs.360.cn, 
220419|1, 220419|890, 220435|1041, 220441|1189, 220447|1287, 220452|1386, 220454|1486, 220454|1578, 220508|1642, 220508|1977, 220513|2047, 220637|2195, 220705|2313, 220705|3882, 220707|3996, 220713|4088, https://www.baidu.com, 
220908|1, 220908|1051, 220941|1269, 220941|1542, 221030|1646, 221030|1805, 221032|1878, 221032|2179, 221159|2315, 221306|2440, 221306|3563, 221310|3658, 221310|4091, https://www.baidu.com, 
221507|1, 221507|144, 221509|266, 221509|998, 221543|1262, 221557|1438, 221557|1518, 221585|1608, 221585|2191, 221587|2282, 221592|2415, 221594|2552, 221595|2629, 221598|2722, 221598|4035, https://www.bing.com, 
221602|1, 221602|1031, 221629|1214, 221646|1372, 221646|1526, 221700|1629, 221700|1871, 221702|1980, 221702|2197, 221881|2351, 221885|2452, 221885|4082, https://www.baidu.com, 
222072|1, 222072|254, 222073|346, 222073|899, 222077|1070, 222084|1266, 222084|1386, 222093|1479, 222093|1580, 222099|1678, 222107|1741, 222109|1838, 222110|1936, 222111|2016, 222111|2100, 222117|2224, 222121|2347, 222121|2679, 222123|2743, 222123|2912, 222127|3018, 222135|3136, 222190|3308, 222212|3448, 222220|3536, 222228|3605, 222241|3733, 222248|3830, 222250|3924, 222250|4067, https://world.taobao.com, 
222352|1, 222352|297, 222353|419, 222353|480, 222354|579, 222354|984, 222360|1183, 222360|2676, 222362|2763, 222362|2894, 222363|3012, 222363|4086, https://www.netflix.com, 
222374|1, 222374|310, 222376|411, 222376|1081, 222388|1280, 222401|1474, 222409|1657, 222409|2415, 222413|2520, 222415|2627, 222415|2802, 222425|2973, 222438|3103, 222453|3230, 222482|3349, 222490|3443, 222497|3513, 222501|3602, 222502|3695, 222504|3787, 222504|3845, 222508|3941, 222508|4048, https://www.linkedin.com, 
222572|1, 222572|288, 222573|364, 222573|993, 222595|1248, 222614|1408, 222633|1602, 222662|1693, 222662|1993, 222664|2094, 222666|2217, 222666|2390, 222669|2476, 222673|2633, 222677|2745, 222677|4038, https://www.bing.com, 
222682|1, 222682|965, 222704|1119, 222734|1366, 222746|1502, 222749|1561, 222775|1653, 222775|2268, 222780|2391, 222780|2514, 222781|2599, 222784|2688, 222784|4042, https://www.bing.com, 
222789|1, 222789|222, 222793|320, 222793|978, 222818|1302, 222841|1442, 222843|1506, 222847|1622, 222847|2070, 222943|2184, 223165|2304, 223167|2393, 223168|2515, 223168|2730, 223189|2828, 223199|2894, 223200|2978, 223206|3076, 223217|3174, 223225|3242, 223238|3335, 223239|3440, 223239|3775, 223242|3880, 223244|4039, https://www.apple.com, 
223264|1, 223264|204, 223265|302, 223265|880, 223267|1014, 223278|1196, 223284|1324, 223284|1391, 223292|1497, 223295|1609, 223300|1667, 223304|1760, 223305|1854, 223307|1964, 223309|2028, 223309|2136, 223311|2215, 223328|2314, 223341|2429, 223341|3002, 223342|3080, 223347|3165, 223349|3257, 223349|4046, https://www.alipay.com, 
223354|1, 223354|188, 223361|266, 223361|1021, 223363|1164, 223387|1331, 223406|1462, 223407|1543, 223411|1641, 223411|2025, 223532|2188, 223670|2320, 223673|2401, 223673|2464, 223699|2561, 223703|2655, 223721|2743, 223739|2825, 223765|2922, 223767|3012, 223767|3068, 223781|3154, 223805|3260, 223806|3341, 223806|3853, 223809|3964, 223811|4060, https://www.apple.com, 
223832|1, 223832|453, 223834|586, 223834|868, 223850|1180, 223869|1351, 223884|1454, 223884|1593, 223888|1703, 223888|1958, 223903|2118, 224009|2219, 224222|2344, 224224|2459, 224225|2540, 224227|2607, 224227|2685, 224230|2765, 224256|2860, 224256|2915, 224257|2996, 224257|3150, 224266|3223, 224296|3320, 224297|3418, 224297|4019, https://www.apple.com, 
224328|1, 224328|501, 224330|616, 224330|699, 224332|878, 224334|1047, 224347|1208, 224353|1323, 224367|1450, 224381|1540, 224386|1618, 224386|1996, 224396|2158, 224396|2750, 224400|2867, 224407|3016, 224439|3160, 224450|3270, 224459|3342, 224470|3410, 224481|3530, 224486|3613, 224487|3681, 224489|3740, 224496|3835, 224506|3936, 224506|4008, https://world.taobao.com, 
224587|1, 224587|895, 224597|1137, 224621|1344, 224635|1459, 224635|1525, 224639|1620, 224639|1939, 224641|2066, 224641|2127, 224643|2230, 224643|2405, 224648|2558, 224665|2720, 224669|2818, 224683|2910, 224692|3012, 224699|3096, 224702|3150, 224702|3236, 224704|3324, 224704|3457, 224709|3555, 224709|3639, 224722|3719, 224722|3776, 224725|3852, 224725|4026, https://www.linkedin.com, 
224777|1, 224777|135, 224778|215, 224778|962, 224784|1084, 224818|1244, 224821|1379, 224821|1433, 224823|1514, 224827|1617, 224827|1849, 224884|1995, 224891|2077, 224916|2169, 224917|2257, 224919|2358, 224919|2448, 224924|2561, 224951|2706, 224964|2778, 224968|2878, 224968|3169, 224972|3259, 224977|3356, 224979|3415, 224987|3485, 224988|3601, 224988|3783, 224992|3875, 224995|3985, 224995|4056, http://blogs.360.cn, 
225017|1, 225017|170, 225019|331, 225019|968, 225032|1180, 225038|1310, 225042|1402, 225042|1904, 225044|1993, 225044|2382, 225048|2498, 225050|2608, 225050|2755, 225052|2814, 225052|2906, 225053|2994, 225055|3075, 225055|3218, 225056|3313, 225056|3469, 225058|3557, 225058|3825, 225062|3924, 225062|4023, https://www.yahoo.com, 
225231|1, 225231|218, 225233|339, 225233|878, 225243|1122, 225258|1336, 225271|1459, 225271|1529, 225283|1645, 225283|2527, 225285|2686, 225300|2830, 225306|2926, 225309|3007, 225340|3146, 225349|3249, 225359|3320, 225360|3404, 225362|3501, 225362|3594, 225364|3659, 225367|3750, 225379|3853, 225384|3957, 225387|4038, https://www.linkedin.com, 
225446|1, 225448|131, 225448|676, 225450|940, 225459|1114, 225482|1280, 225496|1379, 225504|1484, 225504|1617, 225506|1722, 225506|2004, 225516|2129, 225516|2837, 225529|3008, 225587|3245, 225609|3369, 225642|3436, 225649|3521, 225655|3619, 225662|3735, 225669|3807, 225673|3893, 225677|3990, 225687|4083, https://world.taobao.com, 
225775|1, 225775|1188, 225783|1368, 225793|1527, 225793|1710, 225797|1804, 225797|2082, 225799|2165, 225799|2226, 225801|2317, 225801|2422, 225814|2591, 225814|3248, 225838|3385, 225838|3458, 225839|3593, 225843|3710, 225843|4040, https://www.yahoo.com, 
226096|1, 226096|192, 226098|267, 226099|383, 226099|955, 226148|1267, 226157|1398, 226157|1477, 226163|1603, 226163|2116, 226183|2223, 226207|2348, 226208|2483, 226248|2603, 226261|2753, 226311|2877, 226311|2955, 226312|3028, 226312|3400, 226313|3505, 226313|4075, https://www.jd.com, 
226529|1, 226529|332, 226531|495, 226531|1119, 226543|1328, 226572|1539, 226579|1707, 226579|2226, 226582|2328, 226582|2681, 226616|2850, 226620|2952, 226624|3040, 226634|3229, 226642|3383, 226657|3513, 226659|3590, 226662|3729, 226662|4074, https://www.douyin.com, 
226667|1, 226667|296, 226669|400, 226669|1070, 226702|1313, 226715|1445, 226715|1531, 226719|1644, 226719|2324, 226721|2454, 226753|2602, 226761|2727, 226782|2949, 226798|3162, 226803|3316, 226804|3396, 226804|4030, https://www.douyin.com, 
226808|1, 226808|1150, 226822|1372, 226825|1487, 226829|1555, 226829|1807, 226833|1910, 226833|3339, 226841|3492, 226845|3581, 226846|4071, https://www.yahoo.com, 
226905|1, 226905|137, 226907|281, 226907|1197, 226909|1329, 226936|1606, 226947|1759, 226951|1866, 226951|1947, 226953|2053, 226953|2733, 226973|2870, 227003|2996, 227041|3089, 227047|3195, 227047|3321, 227049|3435, 227055|3537, 227063|3626, 227069|3745, 227070|3862, 227070|4034, https://www.pinduoduo.com, 
227081|1, 227081|123, 227082|246, 227082|798, 227104|1188, 227131|1379, 227131|1467, 227139|1579, 227223|1720, 227223|2184, 227225|2283, 227227|2451, 227381|2609, 227438|2693, 227438|4020, https://www.baidu.com, 
227635|1, 227635|162, 227637|262, 227637|770, 227642|1068, 227688|1407, 227697|1545, 227730|1703, 227730|2658, 227733|2773, 227735|2909, 227739|3005, 227739|4068, https://www.bing.com, 
227746|1, 227746|207, 227748|313, 227748|961, 227754|1133, 227787|1390, 227793|1536, 227793|1691, 227798|1794, 227798|2035, 227853|2178, 227860|2256, 227906|2366, 227906|2454, 227908|2553, 227908|2625, 227909|2722, 227925|2843, 227943|2943, 227963|3032, 227970|3148, 227970|3251, 227974|3311, 227978|3388, 227986|3485, 227988|3593, 227988|4070, http://blogs.360.cn, 
228010|1, 228010|216, 228012|287, 228012|1119, 228014|1292, 228026|1454, 228032|1530, 228032|1638, 228036|1747, 228038|1816, 228044|1904, 228048|2017, 228048|2113, 228051|2189, 228060|2312, 228062|2420, 228076|2515, 228080|2603, 228080|3108, 228082|3188, 228083|3253, 228085|3338, 228085|4007, https://www.alipay.com, 
228093|1, 228093|1065, 228108|1226, 228115|1329, 228127|1448, 228135|1532, 228135|1739, 228145|1835, 228145|1895, 228148|2013, 228156|2150, 228159|2252, 228159|2904, 228161|2991, 228175|3194, 228245|3394, 228267|3494, 228278|3597, 228298|3697, 228306|3784, 228312|3869, 228317|3972, 228321|4069, https://world.taobao.com, 
228420|1, 228420|1126, 228427|1338, 228442|1559, 228457|1715, 228466|1839, 228474|1930, 228476|1989, 228476|2263, 228479|2332, 228479|2452, 228489|2605, 228489|3257, 228502|3444, 228527|3602, 228550|3715, 228566|3817, 228582|3910, 228590|3978, 228600|4079, https://world.taobao.com, 
228725|1, 228725|958, 228739|1163, 228769|1336, 228769|1671, 228776|1782, 228776|1996, 228790|2126, 228812|2251, 228815|2336, 228818|2432, 228829|2596, 228837|2735, 228840|2838, 228840|2894, 228853|3018, 228854|3101, 228854|4011, https://www.douyin.com, 
228866|1, 228866|747, 228868|834, 228868|1018, 228877|1177, 228902|1396, 228909|1489, 228913|1617, 228913|2166, 228918|2295, 228957|2409, 228986|2471, 229001|2572, 229003|2698, 229003|2847, 229005|2959, 229015|3046, 229017|3104, 229019|3190, 229022|3293, 229022|3835, 229024|3924, 229024|4003, https://www.pinduoduo.com, 
229034|1, 229034|791, 229050|1080, 229072|1251, 229077|1336, 229081|1401, 229081|2118, 229113|2212, 229119|2305, 229134|2406, 229142|2550, 229144|2660, 229157|2753, 229160|2880, 229163|2981, 229165|4074, https://www.douyin.com, 
229172|1, 229176|183, 229178|246, 229178|1042, 229180|1209, 229195|1406, 229198|1500, 229202|1587, 229202|1671, 229204|1751, 229209|1814, 229213|1898, 229215|1993, 229215|2083, 229217|2164, 229226|2296, 229244|2439, 229246|2500, 229248|2592, 229249|2691, 229249|3170, 229252|3257, 229252|4048, https://www.alipay.com, 
229260|1, 229260|592, 229262|804, 229282|1050, 229293|1202, 229300|1381, 229300|1734, 229305|1861, 229307|2001, 229338|2139, 229366|2223, 229400|2348, 229400|2544, 229402|2632, 229416|2737, 229417|2805, 229419|2857, 229424|2947, 229424|4008, https://www.pinduoduo.com, 
229437|1, 229437|1097, 229441|1231, 229477|1459, 229482|1585, 229482|1643, 229488|1723, 229488|1960, 229517|2076, 229551|2196, 229579|2272, 229593|2329, 229593|2413, 229595|2541, 229595|2630, 229606|2740, 229625|2856, 229643|2959, 229645|3028, 229652|3117, 229655|3213, 229658|3286, 229661|3357, 229661|4010, http://blogs.360.cn, 
229688|1, 229688|217, 229689|345, 229689|603, 229691|721, 229692|942, 229702|1171, 229722|1275, 229730|1415, 229738|1505, 229744|1569, 229744|1637, 229745|1739, 229746|1834, 229746|2102, 229753|2220, 229755|2279, 229755|2650, 229757|2740, 229757|2951, 229772|3177, 229814|3327, 229827|3410, 229839|3509, 229855|3637, 229866|3724, 229870|3795, 229873|3887, 229877|4000, 229884|4081, https://world.taobao.com, 
229981|1, 229981|739, 229982|822, 229982|1068, 229999|1235, 230011|1359, 230016|1462, 230020|1557, 230020|2179, 230031|2293, 230061|2360, 230098|2459, 230120|2574, 230120|2821, 230127|2927, 230135|2994, 230136|3073, 230140|3160, 230141|3240, 230141|4073, https://www.pinduoduo.com, 
230156|1, 230156|358, 230158|474, 230158|958, 230181|1126, 230191|1229, 230200|1380, 230200|2031, 230206|2169, 230241|2262, 230277|2355, 230294|2473, 230294|2714, 230304|2839, 230311|2928, 230313|2991, 230316|3075, 230316|4008, https://www.pinduoduo.com, 
230327|1, 230327|862, 230329|1036, 230341|1203, 230361|1353, 230366|1450, 230370|1557, 230370|1982, 230372|2102, 230409|2223, 230445|2313, 230445|2372, 230463|2500, 230463|2688, 230465|2761, 230471|2880, 230478|2977, 230480|3044, 230483|3108, 230483|4047, https://www.pinduoduo.com, 
