178256|1, 178256|802, 178259|1004, 178261|1233, 178265|1352, 178265|2136, 178279|2265, 178281|2351, 178281|2602, 178283|2701, 178285|2803, 178287|2922, 178287|3080, 178289|3147, 178295|3234, 178304|3306, 178306|3383, 178308|3458, 178309|3540, 178309|4077, https://www.buaa.edu.cn, 
178315|1, 178315|900, 178319|1090, 178319|1450, 178321|1518, 178321|1821, 178323|1898, 178323|2049, 178335|2212, 178335|2465, 178359|2593, 178359|2659, 178362|2770, 178364|2877, 178364|3479, 178366|3545, 178366|3740, 178367|3820, 178374|4070, https://www.yahoo.com, 
178573|1, 178573|533, 178576|730, 178581|934, 178583|1038, 178583|1454, 178585|1524, 178585|1618, 178589|1723, 178592|1802, 178595|1887, 178595|2526, 178597|2594, 178601|2677, 178608|2764, 178610|2834, 178610|2975, 178617|3054, 178622|3129, 178626|3199, 178633|3288, 178633|3470, 178634|3561, 178634|3845, 178639|3911, 178640|3984, 178640|4040, https://www.mit.edu, 
178679|1, 178684|277, 178684|680, 178690|895, 178690|1327, 178692|1407, 178692|1891, 178702|2009, 178708|2076, 178708|2211, 178710|2268, 178712|2369, 178712|2523, 178716|2636, 178719|2719, 178725|2781, 178731|2850, 178735|2918, 178736|2989, 178736|4026, https://www.buaa.edu.cn, 
178742|1, 178746|276, 178746|666, 178749|888, 178757|1034, 178757|1149, 178768|1256, 178768|1312, 178769|1382, 178778|1489, 178782|1559, 178782|1686, 178783|1759, 178783|1901, 178792|2000, 178794|2060, 178794|2120, 178795|2192, 178795|2568, 178797|2662, 178814|2815, 178827|2951, 178868|3120, 178878|3194, 178894|3291, 178905|3368, 178913|3441, 178916|3495, 178916|3589, 178917|3651, 178917|3874, 178927|3932, 178935|4025, https://world.taobao.com, 
178997|1, 178999|168, 178999|268, 179001|344, 179001|441, 179003|540, 179003|822, 179015|976, 179028|1166, 179028|1331, 179030|1402, 179040|1470, 179040|1688, 179064|1797, 179224|1914, 179288|2062, 179841|2272, 180247|2375, 180350|2516, 180351|2581, 180351|3327, 180359|3408, 180383|3555, 180383|3625, 180385|3769, 180391|3860, 180407|4002, https://www.jianshu.com, 
180469|1, 180473|242, 180473|832, 180478|957, 180481|1150, 180483|1238, 180483|1369, 180485|1429, 180485|1506, 180486|1574, 180497|1673, 180499|1783, 180505|1864, 180524|1946, 180525|2010, 180527|2075, 180553|2157, 180553|2212, 180563|2291, 180589|2370, 180605|2438, 180658|2514, 180658|2586, 180680|2642, 180689|2720, 180689|2786, 180697|2857, 180717|2915, 180718|2996, 180720|3057, 180733|3142, 180733|3200, 180734|3278, 180735|3343, 180738|3429, 180740|3501, 180742|3573, 180742|3642, 180744|3717, 180755|3794, 180761|3873, 180842|3948, 180845|4028, http://www.ox.ac.uk, 
181029|1, 181029|868, 181035|1071, 181039|1264, 181039|2814, 181041|2870, 181046|3049, 181046|3149, 181048|3236, 181054|3318, 181066|3410, 181068|3508, 181071|3582, 181071|4004, https://www.pku.edu.cn, 
181074|1, 181074|155, 181076|225, 181076|706, 181078|893, 181080|1001, 181097|1167, 181099|1261, 181100|1324, 181101|1393, 181106|1467, 181109|1551, 181109|1712, 181111|1784, 181157|1898, 181159|1967, 181159|2099, 181436|2283, 181980|2477, 181986|2569, 182016|2660, 182019|2722, 182032|2798, 182036|2869, 182044|2937, 182049|3006, 182049|3200, 182050|3261, 182050|3466, 182065|3538, 182068|3613, 182068|3742, 182072|3824, 182072|4010, https://www.linkedin.com, 
182110|1, 182110|158, 182112|220, 182112|910, 182114|1048, 182134|1226, 182139|1372, 182144|1452, 182144|1825, 182146|1918, 182149|2024, 182149|2426, 182157|2514, 182159|2576, 182159|2973, 182176|3101, 182196|3201, 182219|3336, 182226|3405, 182243|3521, 182266|3597, 182293|3684, 182297|3752, 182301|3828, 182302|3893, 182302|4027, https://www.ctrip.com, 
182471|1, 182471|706, 182472|850, 182473|990, 182487|1158, 182509|1302, 182509|1376, 182510|1439, 182510|1650, 182540|1764, 182590|1863, 182688|1955, 182690|2025, 182690|2082, 182728|2170, 182768|2300, 182775|2447, 182853|2534, 182853|2729, 182855|2797, 182855|3820, 182857|3880, 182870|3983, 182871|4037, https://www.jd.com, 
183064|1, 183065|153, 183065|652, 183083|886, 183110|1063, 183110|1243, 183165|1327, 183165|1825, 183318|1955, 183342|2064, 183405|2169, 183405|2341, 183407|2419, 183407|2597, 183408|2656, 183409|2733, 183409|3580, 183416|3652, 183433|3751, 183433|4025, https://www.baidu.com, 
183647|1, 183649|174, 183649|863, 183655|1058, 183655|1544, 183658|1625, 183663|1703, 183667|1782, 183668|1876, 183674|1975, 183678|2063, 183679|2133, 183682|2229, 183696|2322, 183698|2393, 183700|2478, 183700|2555, 183702|2620, 183702|2946, 183705|3031, 183705|3191, 183707|3252, 183707|4066, https://www.alipay.com, 
183713|1, 183713|825, 183715|1043, 183723|1183, 183723|1313, 183724|1374, 183724|1580, 183725|1646, 183727|1735, 183727|1909, 183729|1981, 183731|2063, 183735|2129, 183739|2196, 183740|2261, 183741|2310, 183747|2426, 183747|2477, 183749|2557, 183751|2640, 183751|2775, 183752|2825, 183754|2912, 183755|2974, 183755|3046, 183756|3108, 183758|3176, 183758|3288, 183762|3377, 183762|4003, http://www.ox.ac.uk, 
183975|1, 183975|557, 183977|783, 183984|958, 183986|1070, 183988|1167, 183988|1347, 183989|1415, 183989|1683, 183991|1780, 183993|1856, 183999|1950, 184002|2013, 184005|2091, 184012|2194, 184013|2289, 184013|2407, 184018|2482, 184018|2630, 184022|2693, 184022|2842, 184033|2923, 184035|2980, 184035|3090, 184055|3164, 184055|3333, 184071|3399, 184071|3494, 184072|3556, 184086|3638, 184089|3713, 184092|3784, 184122|3876, 184124|3935, 184124|4023, http://www.ox.ac.uk, 
184614|1, 184614|144, 184615|213, 184615|295, 184616|392, 184616|740, 184619|984, 184623|1197, 184624|1308, 184624|1614, 184628|1689, 184628|2060, 184640|2201, 184640|2562, 184653|2675, 184664|2753, 184665|2825, 184665|3069, 184667|3133, 184669|3258, 184669|4061, https://www.yahoo.com, 
184981|1, 184981|596, 184985|805, 185001|990, 185006|1088, 185010|1180, 185012|1247, 185012|1452, 185014|1529, 185014|1679, 185016|1744, 185018|1856, 185019|1922, 185019|2248, 185027|2321, 185027|2763, 185031|2858, 185045|2945, 185066|3053, 185073|3150, 185083|3236, 185090|3327, 185092|3401, 185105|3499, 185117|3578, 185125|3674, 185130|3740, 185136|3839, 185145|3910, 185146|3975, 185146|4054, https://www.ctrip.com, 
185174|1, 185174|143, 185177|240, 185177|817, 185187|1040, 185201|1254, 185207|1370, 185210|1456, 185210|1676, 185211|1744, 185213|1840, 185213|2466, 185215|2641, 185230|2782, 185238|2896, 185246|2981, 185263|3071, 185265|3127, 185277|3209, 185281|3289, 185285|3358, 185292|3441, 185292|3576, 185294|3627, 185294|3824, 185298|3928, 185309|3998, 185310|4058, https://www.linkedin.com, 
185364|1, 185364|178, 185368|279, 185368|930, 185384|1124, 185389|1222, 185394|1365, 185394|1757, 185473|1866, 185473|1936, 185475|2017, 185488|2092, 185843|2193, 186057|2293, 186476|2450, 186849|2594, 186960|2662, 186969|2751, 186978|2822, 187069|2914, 187102|2986, 187184|3069, 187471|3195, 187471|4064, https://www.pinduoduo.com, 
187493|1, 187493|187, 187494|240, 187495|321, 187495|930, 187509|1042, 187523|1215, 187527|1314, 187527|2218, 187538|2320, 187565|2427, 187589|2537, 187591|2650, 187599|2751, 187608|2826, 187610|2893, 187611|2965, 187611|3093, 187612|3174, 187612|4005, https://www.douyin.com, 
187619|1, 187619|161, 187621|264, 187621|978, 187625|1126, 187625|1211, 187627|1288, 187627|2140, 187629|2215, 187629|4033, https://www.netflix.com, 
187634|1, 187634|195, 187636|288, 187636|960, 187643|1114, 187666|1280, 187671|1408, 187676|1488, 187676|1851, 187694|1942, 187718|2054, 187720|2126, 187758|2215, 187762|2315, 187767|2448, 187773|2525, 187773|3449, 187775|3536, 187787|3634, 187788|3698, 187788|3827, 187795|3921, 187803|3988, 187820|4066, https://www.jd.com, 
187983|1, 187983|231, 187985|319, 187985|1036, 187997|1218, 188010|1379, 188010|1579, 188020|1669, 188020|1740, 188022|1806, 188022|1969, 188026|2075, 188026|2152, 188037|2237, 188038|2329, 188038|3323, 188045|3398, 188048|3474, 188049|3556, 188051|3633, 188069|3779, 188080|4068, https://www.jianshu.com, 
188132|1, 188132|289, 188133|355, 188133|881, 188136|1039, 188136|1291, 188138|1370, 188138|1502, 188140|1597, 188140|2200, 188144|2268, 188145|2352, 188147|2450, 188149|2518, 188150|2616, 188150|2676, 188152|2779, 188152|2859, 188154|2944, 188154|3077, 188155|3173, 188156|3260, 188156|3511, 188158|3631, 188160|4031, https://www.shodan.io, 
188160|1, 188160|928, 188168|1118, 188200|1272, 188200|1766, 188205|1830, 188227|1928, 188242|2021, 188244|2116, 188244|2316, 188282|2384, 188287|2506, 188293|2635, 188293|3793, 188306|3882, 188307|3963, 188307|4035, https://www.jd.com, 
188508|1, 188508|170, 188510|269, 188510|739, 188527|1100, 188537|1247, 188542|1332, 188543|1402, 188543|1874, 188546|1998, 188548|2079, 188548|2210, 188550|2287, 188553|2368, 188553|2426, 188554|2501, 188562|2562, 188563|2641, 188563|2911, 188565|3003, 188589|3128, 188604|3228, 188611|3337, 188618|3401, 188624|3494, 188639|3585, 188653|3686, 188663|3774, 188668|3836, 188671|3916, 188674|3975, 188674|4051, https://www.ctrip.com, 
188715|1, 188715|635, 188716|772, 188716|985, 188720|1140, 188722|1256, 188723|1306, 188723|1451, 188725|1513, 188725|1729, 188727|1812, 188729|1888, 188735|1965, 188738|2020, 188739|2088, 188746|2160, 188753|2222, 188753|2305, 188755|2379, 188759|2458, 188769|2538, 188771|2591, 188789|2677, 188790|2737, 188790|2985, 188806|3075, 188808|3150, 188817|3238, 188827|3318, 188837|3398, 188855|3484, 188862|3540, 188934|3650, 188954|3726, 188972|3808, 189082|3916, 189097|3991, 189115|4081, http://www.ox.ac.uk, 
189445|1, 189445|90, 189447|153, 189447|594, 189458|823, 189472|971, 189473|1087, 189479|1170, 189485|1243, 189485|1571, 189486|1640, 189982|1826, 190463|1965, 190955|2111, 191377|2258, 191383|2332, 191383|2658, 191384|2763, 191386|2831, 191386|3433, 191388|3545, 191388|3843, 191395|3912, 191463|4045, https://zhuanlan.zhihu.com, 
191524|1, 191524|1008, 191529|1144, 191529|1258, 191531|1342, 191531|2091, 191533|2181, 191533|2986, 191535|3075, 191535|3735, 191536|3782, 191536|4063, https://www.netflix.com, 
191537|1, 191537|717, 191538|913, 191539|1107, 191543|1293, 191543|1787, 191545|1878, 191545|2148, 191563|2294, 191563|2453, 191567|2546, 191567|2746, 191571|2855, 191580|2952, 191586|3000, 191588|3071, 191590|3146, 191591|3202, 191591|3278, 191593|3353, 191593|4039, https://www.buaa.edu.cn, 
191598|1, 191598|255, 191600|371, 191600|865, 191602|1049, 191606|1224, 191606|2237, 191607|2334, 191607|2533, 191608|2619, 191609|2718, 191609|2888, 191613|3004, 191613|3160, 191615|3281, 191619|3357, 191630|3466, 191632|3547, 191635|3690, 191635|4049, https://www.pku.edu.cn, 
191637|1, 191637|772, 191639|969, 191645|1163, 191645|1503, 191647|1602, 191647|3796, 191649|3862, 191651|4038, https://www.netflix.com, 
191652|1, 191652|820, 191664|1100, 191677|1217, 191679|1341, 191679|1555, 191689|1621, 191689|1974, 191699|2064, 191705|2212, 191705|3036, 191709|3108, 191727|3182, 191809|3283, 191812|3400, 191812|3588, 191832|3674, 191842|3777, 191854|3884, 191862|3992, 191862|4090, https://www.jianshu.com, 
191912|1, 191912|164, 191914|217, 191914|935, 191928|1062, 191940|1242, 191941|1337, 191949|1435, 191949|1719, 191953|1832, 191953|2070, 191955|2145, 191958|2253, 192014|2444, 192019|2553, 192021|2674, 192032|2765, 192052|2855, 192058|2932, 192063|2982, 192065|3060, 192068|3136, 192070|3202, 192070|3344, 192075|3444, 192088|3516, 192089|3564, 192094|3650, 192094|3723, 192095|3775, 192095|3849, 192096|3944, 192098|4095, https://www.linkedin.com, 
192155|1, 192155|736, 192157|953, 192176|1200, 192183|1303, 192184|1398, 192194|1483, 192194|2398, 192196|2534, 192202|2641, 192218|2796, 192225|2889, 192237|3002, 192247|3093, 192256|3156, 192259|3242, 192260|3290, 192260|3495, 192264|3575, 192264|3699, 192277|3772, 192281|3875, 192283|3932, 192283|4008, https://www.linkedin.com, 
192345|1, 192345|175, 192348|312, 192348|799, 192352|1026, 192356|1183, 192356|1648, 192358|1706, 192358|2082, 192370|2170, 192370|2400, 192372|2533, 192372|2619, 192373|2693, 192376|2777, 192376|3481, 192386|3554, 192392|3655, 192392|4007, https://www.yahoo.com, 
192682|1, 192682|238, 192686|326, 192686|928, 192705|1149, 192713|1256, 192718|1347, 192744|1428, 192744|1694, 192747|1817, 192773|1919, 192852|2028, 192864|2088, 192864|2276, 192865|2353, 192878|2445, 192914|2524, 192914|3006, 192929|3109, 192949|3168, 192961|3289, 192967|3369, 192967|3439, 192972|3545, 192978|3608, 193037|3738, 193110|3830, 193120|3898, 193125|3999, 193129|4054, https://www.ctrip.com, 
193173|1, 193173|688, 193175|854, 193181|1106, 193181|1994, 193183|2097, 193183|2173, 193199|2260, 193199|2496, 193201|2566, 193201|2642, 193203|2734, 193205|2814, 193205|3058, 193212|3157, 193219|3248, 193224|3299, 193226|3377, 193229|3453, 193229|4051, https://www.buaa.edu.cn, 
193234|1, 193234|226, 193236|322, 193236|512, 193238|667, 193238|948, 193265|1126, 193281|1260, 193284|1348, 193310|1444, 193310|2103, 193318|2204, 193331|2314, 193335|2405, 193335|4034, https://www.bing.com, 
193345|1, 193345|1122, 193349|1303, 193349|2058, 193351|2115, 193351|2329, 193363|2458, 193365|2531, 193365|2644, 193367|2721, 193367|2827, 193389|2928, 193389|2982, 193390|3074, 193390|3320, 193392|3412, 193392|3811, 193393|3881, 193394|3950, 193394|4040, https://www.yahoo.com, 
193644|1, 193644|884, 193646|991, 193650|1165, 193650|1331, 193652|1394, 193652|2013, 193655|2066, 193655|2886, 193657|2948, 193657|3095, 193659|3168, 193659|3434, 193664|3547, 193675|3621, 193678|3688, 193681|3777, 193681|4052, https://www.pku.edu.cn, 
193686|1, 193686|477, 193688|534, 193690|642, 193690|1023, 193712|1187, 193733|1406, 193736|1485, 193760|1558, 193760|1799, 193764|1909, 193764|2201, 193768|2344, 193769|2429, 193770|2509, 193773|2591, 193773|4013, https://www.bing.com, 
193777|1, 193777|244, 193778|342, 193778|965, 193803|1125, 193807|1286, 193807|1468, 193817|1542, 193817|1867, 193829|1991, 193835|2100, 193835|2163, 193837|2255, 193837|3164, 193844|3241, 193849|3331, 193851|3414, 193851|3506, 193854|3628, 193871|3721, 193883|3828, 193889|3927, 193898|4015, https://www.jianshu.com, 
193955|1, 193955|175, 193957|290, 193957|744, 193962|854, 193962|1048, 193963|1214, 193967|1366, 193970|1476, 193971|1544, 193971|1601, 193982|1674, 193982|1883, 193986|1955, 193988|2079, 193990|2175, 194000|2258, 194000|2314, 194002|2403, 194012|2493, 194012|2562, 194018|2654, 194137|2730, 194142|2811, 194148|2889, 194189|2965, 194191|3054, 194220|3147, 194229|3225, 194229|3309, 194256|3384, 194262|3461, 194266|3579, 194278|3656, 194280|3751, 194289|3836, 194301|3910, 194303|3988, 194326|4084, http://www.ox.ac.uk, 
194565|1, 194565|798, 194567|1007, 194569|1145, 194570|1261, 194570|1485, 194572|1539, 194573|1640, 194573|2163, 194577|2245, 194592|2364, 194602|2458, 194602|2508, 194604|2585, 194604|2675, 194606|2743, 194608|2837, 194612|2912, 194612|3236, 194617|3316, 194619|3377, 194622|3451, 194625|3549, 194627|3614, 194628|3704, 194628|3786, 194629|3833, 194633|4036, https://www.mit.edu, 
194691|1, 194691|139, 194693|214, 194693|284, 194695|391, 194695|951, 194709|1153, 194714|1272, 194729|1402, 194731|1473, 194732|1552, 194732|1856, 194804|1940, 195046|2079, 195072|2160, 195073|2211, 195074|2287, 195075|2361, 195078|2419, 195078|2502, 195088|2589, 195261|2663, 195264|2743, 195264|2884, 195553|2993, 195830|3103, 195866|3161, 195868|3243, 195868|3383, 195870|3467, 195870|3604, 195873|3689, 195873|3766, 195874|3834, 195875|3909, 195879|4006, https://www.apple.com, 
195908|1, 195908|163, 195916|224, 195916|936, 195922|1088, 195954|1259, 195954|1849, 195991|1989, 196000|2074, 196000|2150, 196037|2233, 196071|2345, 196128|2482, 196129|2574, 196129|3770, 196131|3874, 196142|3976, 196142|4032, https://www.jd.com, 
196372|1, 196372|883, 196400|1124, 196401|1227, 196412|1344, 196412|1455, 196413|1529, 196414|1599, 196414|1817, 196421|1913, 196473|2041, 196485|2120, 196545|2198, 196545|2280, 196547|2350, 196547|3279, 196548|3351, 196548|4048, https://zhuanlan.zhihu.com, 
196626|1, 196626|183, 196630|297, 196630|921, 196638|1064, 196660|1208, 196660|1757, 196679|1859, 196681|1930, 196711|2025, 196753|2110, 196755|2161, 196780|2250, 196796|2368, 196796|2430, 196798|2520, 196807|2651, 196831|2744, 196850|2859, 196889|2954, 196891|3026, 196899|3125, 196904|3208, 196954|3297, 196954|4057, http://blogs.360.cn, 
196983|1, 196983|189, 196986|330, 196987|424, 196987|990, 196999|1177, 197006|1290, 197014|1422, 197017|1490, 197017|1836, 197021|1921, 197045|2039, 197088|2135, 197088|2494, 197095|2566, 197096|2647, 197096|2735, 197097|2787, 197097|2985, 197099|3053, 197135|3187, 197147|3272, 197157|3362, 197162|3466, 197162|3537, 197168|3616, 197175|3725, 197185|3808, 197192|3895, 197204|3978, 197205|4030, https://www.ctrip.com, 
197243|1, 197243|799, 197249|1012, 197260|1171, 197264|1286, 197270|1387, 197270|1813, 197272|1897, 197276|2015, 197277|2096, 197277|2291, 197279|2343, 197279|2421, 197281|2497, 197281|2550, 197289|2634, 197289|2957, 197291|3041, 197306|3148, 197338|3281, 197350|3353, 197360|3482, 197365|3574, 197380|3674, 197389|3769, 197391|3827, 197394|3908, 197394|4063, https://www.ctrip.com, 
197437|1, 197437|231, 197439|337, 197439|754, 197457|1039, 197473|1188, 197488|1330, 197488|1734, 197490|1826, 197504|1914, 197556|2021, 197565|2101, 197565|3540, 197580|3623, 197583|3738, 197583|3870, 197589|3983, 197595|4071, https://zhuanlan.zhihu.com, 
197643|1, 197643|513, 197647|621, 197647|1063, 197651|1237, 197651|3062, 197653|3133, 197653|3203, 197655|3313, 197655|3542, 197657|3622, 197667|3741, 197674|3832, 197676|3909, 197677|3979, 197677|4059, https://www.pku.edu.cn, 
197680|1, 197680|800, 197682|1039, 197688|1218, 197688|1303, 197689|1388, 197691|1447, 197691|1515, 197704|1598, 197704|1733, 197708|1837, 197710|1896, 197712|1980, 197721|2061, 197722|2111, 197723|2187, 197734|2277, 197734|2407, 197740|2498, 197743|2557, 197753|2639, 197777|2720, 197800|2778, 197801|2858, 197841|2931, 197853|3001, 197853|3062, 197889|3136, 197899|3216, 197900|3275, 197936|3380, 197945|3457, 197983|3530, 198007|3625, 198024|3707, 198040|3770, 198051|3857, 198121|3955, 198129|4013, http://www.ox.ac.uk, 
198463|1, 198463|239, 198465|336, 198465|432, 198469|535, 198469|897, 198471|1036, 198478|1222, 198478|1338, 198487|1437, 198487|1514, 198492|1571, 198501|1661, 198504|1746, 198504|1871, 198553|1961, 198557|2041, 198558|2119, 198565|2238, 198565|2353, 198571|2441, 198575|2511, 198601|2569, 198601|3036, 198646|3191, 198701|3333, 198781|3479, 198806|3575, 198818|3646, 198826|3728, 198840|3821, 198843|3884, 198846|3955, 198848|4042, https://world.taobao.com, 
198943|1, 198943|683, 198945|861, 198945|1018, 198951|1194, 198953|1307, 198954|1393, 198954|1523, 198958|1588, 198958|1854, 198962|1952, 198968|2028, 198972|2094, 198973|2168, 198980|2247, 198985|2303, 198985|2396, 198988|2468, 198991|2529, 198993|2604, 198995|2679, 199007|2748, 199029|2828, 199030|2906, 199036|2975, 199049|3042, 199051|3126, 199054|3196, 199075|3265, 199077|3368, 199095|3466, 199095|3518, 199096|3608, 199102|3689, 199102|3818, 199140|3938, 199184|4010, http://www.ox.ac.uk, 
199303|1, 199304|96, 199305|194, 199305|900, 199321|1044, 199325|1128, 199330|1202, 199331|1274, 199341|1367, 199341|2055, 199344|2198, 199347|2350, 199364|2464, 199375|2569, 199396|2675, 199413|2755, 199418|2836, 199420|2890, 199420|2958, 199422|3063, 199423|3130, 199423|3196, 199425|3275, 199430|3361, 199430|3421, 199442|3494, 199448|3582, 199449|3654, 199449|3792, 199450|3870, 199451|3945, 199451|4018, https://www.linkedin.com, 
199513|1, 199513|693, 199519|874, 199543|1051, 199543|1647, 199602|1781, 199616|1862, 199655|1944, 199655|2025, 199657|2093, 199657|2182, 199658|2296, 199671|2378, 199691|2492, 199711|2616, 199716|2686, 199717|2771, 199721|2845, 199724|2897, 199725|2967, 199728|3075, 199728|4044, http://blogs.360.cn, 
199755|1, 199755|1037, 199778|1256, 199781|1382, 199781|2126, 199792|2200, 199792|2357, 199802|2439, 199808|2556, 199808|3500, 199815|3592, 199823|3679, 199823|3743, 199825|3933, 199825|4020, https://www.jianshu.com, 
199917|1, 199917|189, 199919|267, 199919|339, 199921|468, 199921|981, 199935|1181, 199951|1368, 199951|1722, 199953|1781, 199953|1931, 199955|2023, 199985|2129, 199985|2219, 199987|2308, 199987|2952, 199991|3052, 199995|3113, 200012|3226, 200016|3364, 200021|3430, 200024|3523, 200033|3611, 200036|3678, 200037|3746, 200037|4034, https://www.douyin.com, 
200049|1, 200049|364, 200050|474, 200050|629, 200051|746, 200051|1084, 200055|1280, 200055|1564, 200057|1630, 200057|2143, 200059|2198, 200059|2729, 200063|2808, 200063|2912, 200070|3011, 200070|3078, 200072|3149, 200074|4095, https://www.shodan.io, 
200076|1, 200076|411, 200082|530, 200082|974, 200086|1210, 200086|1912, 200090|2054, 200099|2143, 200106|2223, 200107|2333, 200107|2853, 200109|2915, 200112|3011, 200124|3122, 200126|3188, 200127|3265, 200132|3356, 200134|3437, 200137|3502, 200140|3586, 200143|3695, 200143|3757, 200144|3830, 200144|3913, 200149|3986, 200149|4052, https://www.mit.edu, 
200175|1, 200175|224, 200177|286, 200177|880, 200179|1208, 200183|1303, 200183|3090, 200185|3180, 200185|3244, 200186|3346, 200187|3431, 200187|3591, 200189|3720, 200195|3813, 200205|3907, 200210|4020, https://www.pku.edu.cn, 
200217|1, 200217|784, 200229|930, 200236|1092, 200251|1238, 200251|2102, 200275|2196, 200285|2268, 200291|2387, 200311|2522, 200313|2625, 200322|2740, 200330|2840, 200331|2891, 200334|2971, 200335|3052, 200335|4046, https://www.douyin.com, 
200338|1, 200338|254, 200339|366, 200339|862, 200343|1138, 200358|1309, 200370|1385, 200370|1641, 200372|1725, 200372|2019, 200452|2139, 200655|2273, 200657|2327, 200657|2412, 200683|2514, 200686|2589, 200698|2674, 200701|2759, 200702|2830, 200717|2895, 200724|2985, 200725|3062, 200725|3118, 200754|3211, 200763|3306, 200763|3671, 200766|3787, 200766|3883, 200768|3943, 200768|4019, https://www.apple.com, 
200792|1, 200793|146, 200794|286, 200794|649, 200811|932, 200836|1142, 200836|1391, 200888|1479, 200888|1845, 200935|1964, 200935|2041, 200967|2183, 201174|2299, 201174|3889, 201178|3996, 201181|4061, https://www.baidu.com, 
201452|1, 201452|205, 201454|287, 201454|725, 201458|921, 201458|1114, 201462|1271, 201462|3551, 201463|3668, 201463|3888, 201464|3995, 201464|4103, https://www.netflix.com, 
201465|1, 201465|1060, 201490|1261, 201494|1448, 201494|1584, 201504|1676, 201504|1968, 201516|2125, 201522|2210, 201522|2885, 201524|2971, 201524|3023, 201531|3124, 201536|3226, 201540|3315, 201542|3472, 201544|3633, 201566|3734, 201585|3856, 201599|3966, 201599|4041, https://www.jianshu.com, 
201653|1, 201653|755, 201661|1073, 201661|1298, 201663|1379, 201663|1499, 201665|1556, 201665|2999, 201667|3076, 201667|3230, 201669|3358, 201669|3546, 201671|3632, 201677|3761, 201687|3841, 201690|3917, 201690|4054, https://www.pku.edu.cn, 
201691|1, 201691|852, 201695|1050, 201712|1234, 201724|1395, 201724|1712, 201751|1781, 201751|1979, 201765|2111, 201783|2196, 201793|2307, 201793|2744, 201795|2838, 201795|3609, 201809|3726, 201810|3812, 201815|4084, https://zhuanlan.zhihu.com, 
201880|1, 201880|392, 201882|528, 201882|783, 201884|965, 201899|1127, 201915|1272, 201915|1407, 201917|1498, 201917|1854, 201963|1958, 201964|2024, 201991|2123, 202057|2223, 202245|2321, 202247|2413, 202250|2502, 202250|2581, 202254|2647, 202259|2741, 202280|2838, 202281|2910, 202281|2997, 202292|3078, 202301|3143, 202313|3243, 202313|3338, 202315|3407, 202316|3504, 202316|3885, 202319|3981, 202319|4052, https://www.apple.com, 
202337|1, 202337|839, 202339|999, 202343|1180, 202343|1631, 202345|1688, 202347|1803, 202349|1933, 202353|2018, 202362|2113, 202364|2212, 202364|2442, 202365|2508, 202365|2702, 202367|2791, 202369|2861, 202372|2961, 202373|3060, 202375|3119, 202382|3199, 202384|3274, 202385|3343, 202390|3406, 202390|3585, 202392|3667, 202392|3804, 202399|3929, 202399|4006, https://www.mit.edu, 
202435|1, 202435|936, 202439|1172, 202439|1249, 202441|1358, 202441|1964, 202451|2040, 202451|2298, 202455|2408, 202455|4022, https://www.shodan.io, 
202459|1, 202459|969, 202490|1172, 202495|1321, 202506|1419, 202506|1546, 202507|1638, 202509|1734, 202509|1788, 202516|1913, 202538|2040, 202550|2117, 202550|3656, 202564|3794, 202566|3881, 202568|4070, https://zhuanlan.zhihu.com, 
202637|1, 202637|982, 202655|1178, 202660|1289, 202664|1372, 202671|1455, 202671|1849, 202672|1946, 202675|2074, 202677|2150, 202677|2505, 202679|2586, 202685|2666, 202685|3001, 202699|3134, 202726|3263, 202742|3372, 202753|3468, 202757|3568, 202768|3662, 202782|3797, 202786|3879, 202787|3958, 202787|4054, https://www.ctrip.com, 
202847|1, 202847|604, 202849|707, 202852|897, 202872|1124, 202883|1245, 202883|1346, 202897|1443, 202897|1516, 202899|1574, 202899|1800, 202914|1951, 202939|2061, 202939|3494, 202954|3585, 202957|3699, 202957|3871, 202962|3955, 202967|4043, https://zhuanlan.zhihu.com, 
203028|1, 203028|202, 203030|296, 203030|815, 203034|1102, 203051|1316, 203054|1415, 203057|1492, 203063|1564, 203063|2143, 203065|2252, 203067|2338, 203067|2639, 203092|2775, 203107|2863, 203112|2963, 203129|3050, 203132|3108, 203144|3193, 203148|3282, 203148|3336, 203151|3425, 203154|3523, 203155|3586, 203155|3642, 203159|3733, 203171|3821, 203172|3888, 203173|3951, 203174|4056, https://www.linkedin.com, 
203231|1, 203231|183, 203233|266, 203233|368, 203237|460, 203237|1002, 203255|1199, 203270|1360, 203285|1477, 203285|2024, 203291|2128, 203344|2233, 203344|3769, 203349|3868, 203359|4013, https://zhuanlan.zhihu.com, 
203433|1, 203433|939, 203468|1156, 203468|1228, 203478|1356, 203478|1808, 203480|1935, 203526|2070, 203533|2136, 203533|3473, 203535|3578, 203548|3681, 203549|3772, 203549|3862, 203551|3959, 203554|4050, https://zhuanlan.zhihu.com, 
203626|1, 203626|833, 203632|1021, 203634|1208, 203634|1593, 203636|1676, 203636|2059, 203638|2122, 203638|2937, 203640|3043, 203640|3100, 203642|3218, 203642|3437, 203647|3535, 203658|3652, 203660|3735, 203663|3799, 203663|4042, https://www.pku.edu.cn, 
203665|1, 203665|967, 203677|1211, 203677|1404, 203679|1480, 203679|2145, 203691|2248, 203691|2512, 203693|2670, 203693|4017, https://www.shodan.io, 
203693|1, 203693|168, 203695|231, 203697|313, 203697|801, 203711|1001, 203724|1185, 203724|1379, 203733|1490, 203733|2122, 203747|2259, 203751|2360, 203751|2471, 203752|2546, 203752|3354, 203759|3423, 203761|3503, 203766|3617, 203768|3746, 203800|4041, https://www.jianshu.com, 
203870|1, 203870|1118, 203877|1273, 203882|1487, 203882|2195, 203886|2294, 203886|2404, 203891|2488, 203892|2553, 203893|2666, 203893|3118, 203895|3193, 203897|3294, 203901|3422, 203901|3484, 203907|3572, 203911|3672, 203911|3754, 203917|3839, 203917|4028, https://www.mit.edu, 
203963|1, 203963|733, 203967|991, 203973|1240, 203973|3284, 203975|3390, 203975|3468, 203977|3568, 203977|3842, 203986|3995, 203995|4095, https://www.pku.edu.cn, 
203999|1, 203999|474, 204003|638, 204003|973, 204010|1212, 204010|1399, 204012|1492, 204012|2288, 204028|2396, 204028|2601, 204029|2670, 204030|2766, 204032|2868, 204034|2964, 204034|3212, 204039|3312, 204042|3390, 204052|3499, 204055|3588, 204055|4026, https://www.buaa.edu.cn, 
204060|1, 204060|168, 204063|259, 204067|381, 204067|995, 204073|1163, 204073|1561, 204075|1653, 204075|2287, 204085|2394, 204085|2487, 204086|2619, 204088|2749, 204088|2815, 204105|2918, 204111|3036, 204111|3124, 204113|3220, 204113|3360, 204114|3444, 204114|3837, 204116|3962, 204116|4068, https://www.yahoo.com, 
204346|1, 204346|893, 204348|1079, 204352|1295, 204352|1996, 204356|2126, 204359|2198, 204360|2280, 204360|2729, 204362|2818, 204362|2914, 204364|3019, 204370|3112, 204373|3189, 204374|3315, 204379|3415, 204384|3498, 204386|3586, 204397|3727, 204397|3895, 204398|3993, 204398|4090, https://www.mit.edu, 
204435|1, 204435|228, 204437|370, 204437|1069, 204447|1267, 204449|1417, 204449|1493, 204450|1568, 204452|1662, 204452|1736, 204454|1813, 204454|2113, 204456|2207, 204468|2341, 204470|2443, 204476|2543, 204477|2627, 204480|2741, 204485|2847, 204486|2912, 204490|3003, 204496|3113, 204507|3209, 204518|3285, 204523|3383, 204541|3510, 204542|3596, 204551|3680, 204557|3791, 204558|3892, 204562|3983, 204563|4094, http://www.ox.ac.uk, 
204766|1, 204766|869, 204768|1161, 204772|1344, 204772|3372, 204776|3495, 204776|3730, 204781|3856, 204792|3965, 204794|4046, https://www.pku.edu.cn, 
204798|1, 204798|269, 204800|385, 204800|916, 204804|1165, 204810|1363, 204810|1798, 204812|1888, 204818|2002, 204823|2097, 204824|2175, 204824|2318, 204836|2465, 204840|2538, 204863|2658, 204863|2840, 204867|2944, 204882|3069, 204884|3189, 204884|3695, 204887|3813, 204889|3920, 204889|4065, https://www.alipay.com, 
204894|1, 204894|222, 204895|321, 204895|452, 204897|539, 204897|1118, 204918|1371, 204929|1523, 204930|1617, 204930|2134, 204971|2268, 205238|2406, 205240|2502, 205241|2633, 205243|2721, 205243|2789, 205246|2883, 205250|2978, 205255|3087, 205260|3163, 205268|3287, 205293|3409, 205293|4011, https://www.apple.com, 
205322|1, 205322|416, 205323|502, 205326|654, 205326|971, 205328|1259, 205334|1432, 205334|1613, 205336|1729, 205336|2486, 205341|2574, 205344|2657, 205348|2823, 205350|2941, 205350|4023, https://www.shodan.io, 
205350|1, 205350|210, 205351|278, 205353|373, 205353|794, 205355|926, 205357|1156, 205390|1403, 205390|1609, 205473|1726, 205473|2267, 205497|2399, 205616|2525, 205658|2617, 205658|4091, https://www.baidu.com, 
205847|1, 205847|162, 205849|269, 205849|961, 205858|1144, 205887|1352, 205887|2173, 205893|2271, 205923|2423, 205933|2577, 205943|2651, 206004|2822, 206024|2979, 206024|3487, 206025|3605, 206026|3698, 206026|4067, https://www.jd.com, 
206208|1, 206208|210, 206210|412, 206210|921, 206212|1105, 206229|1343, 206237|1582, 206237|2236, 206245|2372, 206258|2456, 206261|2564, 206317|2704, 206348|2781, 206364|2869, 206366|3018, 206366|3121, 206438|3233, 206488|3370, 206497|3460, 206501|3558, 206545|3675, 206545|4031, https://www.pinduoduo.com, 
206558|1, 206558|1158, 206570|1347, 206582|1511, 206582|1634, 206592|1747, 206592|2367, 206594|2471, 206604|2581, 206610|2726, 206610|3518, 206611|3594, 206622|4099, https://www.jianshu.com, 
206739|1, 206739|803, 206741|1033, 206745|1203, 206745|1509, 206749|1608, 206749|1789, 206750|1916, 206752|2003, 206752|2125, 206764|2273, 206764|2578, 206766|2731, 206766|4017, https://www.shodan.io, 
206766|1, 206766|1010, 206770|1179, 206774|1372, 206776|1528, 206776|2167, 206778|2291, 206780|2384, 206785|2486, 206796|2638, 206796|3108, 206798|3202, 206809|3321, 206811|3409, 206816|3491, 206819|3608, 206822|3716, 206826|3803, 206828|4039, https://www.mit.edu, 
206867|1, 206867|757, 206871|924, 206871|1097, 206877|1272, 206906|1498, 206906|2271, 206924|2374, 206951|2509, 206951|2632, 206990|2715, 207025|2895, 207034|3042, 207034|4070, https://www.jd.com, 
207233|1, 207233|1130, 207243|1311, 207243|2227, 207246|2331, 207246|4017, https://www.netflix.com, 
207256|1, 207256|260, 207260|386, 207260|1144, 207272|1326, 207276|1439, 207286|1613, 207286|2230, 207288|2367, 207291|2489, 207291|2660, 207292|2755, 207292|2984, 207302|3104, 207302|3589, 207316|3684, 207350|3850, 207359|3967, 207368|4079, https://www.ctrip.com, 
207454|1, 207454|209, 207457|376, 207457|743, 207459|959, 207459|1093, 207465|1348, 207465|2747, 207467|2837, 207467|3448, 207469|3549, 207473|3701, 207479|4019, https://www.pku.edu.cn, 
207495|1, 207495|1029, 207531|1260, 207536|1403, 207536|1639, 207594|1760, 207594|2215, 207618|2309, 207827|2482, 207827|2909, 207829|2990, 207829|4007, https://www.baidu.com, 
208062|1, 208062|1074, 208066|1269, 208068|1501, 208068|1586, 208070|1666, 208070|2182, 208072|2284, 208074|2397, 208085|2505, 208085|2588, 208097|2676, 208097|2777, 208101|2874, 208101|3669, 208104|3754, 208128|3873, 208148|3980, 208148|4059, http://www.ox.ac.uk, 
208563|1, 208563|420, 208564|492, 208564|986, 208566|1222, 208572|1347, 208573|1440, 208574|1570, 208574|1653, 208576|1730, 208576|2178, 208580|2301, 208588|2407, 208588|2466, 208591|2588, 208599|2693, 208601|2787, 208604|2856, 208606|2957, 208608|3066, 208608|3210, 208609|3305, 208611|3411, 208611|3505, 208612|3569, 208612|3651, 208614|3762, 208615|3879, 208616|3957, 208618|4049, http://www.ox.ac.uk, 
209096|1, 209096|249, 209098|381, 209098|1116, 209115|1358, 209121|1584, 209121|2574, 209151|2675, 209168|2760, 209217|2877, 209217|3104, 209219|3212, 209225|3337, 209237|3464, 209240|3541, 209240|4072, https://www.pinduoduo.com, 
209256|1, 209256|715, 209261|952, 209266|1099, 209270|1314, 209270|2573, 209275|2739, 209281|2846, 209282|2931, 209282|3208, 209284|3302, 209284|3834, 209286|3930, 209286|4007, https://www.shodan.io, 
209292|1, 209292|1179, 209296|1371, 209296|2224, 209308|2338, 209308|2800, 209310|2898, 209312|3018, 209312|4048, https://www.shodan.io, 
209318|1, 209318|854, 209322|1119, 209322|1981, 209328|2134, 209334|2263, 209335|2361, 209335|2995, 209337|3086, 209339|3174, 209343|3317, 209343|3442, 209348|3507, 209353|3626, 209356|3730, 209357|3831, 209357|4104, https://www.mit.edu, 
209416|1, 209416|734, 209437|1122, 209454|1320, 209454|1552, 209509|1651, 209509|2236, 209511|2343, 209511|2428, 209591|2622, 209716|2749, 209718|4039, https://www.baidu.com, 
209945|1, 209945|1122, 209947|1331, 209949|1544, 209949|2211, 209953|2366, 209953|2455, 209957|2553, 209957|3311, 209959|3408, 209961|3477, 209970|3600, 209972|3722, 209972|3808, 209979|3871, 209984|3984, 209995|4116, https://www.mit.edu, 
210037|1, 210037|248, 210040|378, 210040|985, 210054|1253, 210060|1373, 210060|1721, 210066|1806, 210073|1931, 210073|2314, 210079|2449, 210079|2523, 210093|2644, 210110|2766, 210111|2842, 210111|3025, 210113|3141, 210121|3258, 210136|3388, 210139|3553, 210156|3653, 210159|3738, 210164|3845, 210164|4027, https://www.douyin.com, 
210167|1, 210167|1108, 210194|1352, 210199|1506, 210199|2256, 210201|2397, 210207|2492, 210233|2596, 210243|2743, 210259|2888, 210262|2991, 210273|3154, 210283|3266, 210286|3356, 210286|4007, https://www.douyin.com, 
210290|1, 210290|870, 210307|1053, 210311|1154, 210320|1296, 210321|1385, 210321|1846, 210323|1970, 210326|2068, 210342|2158, 210342|2557, 210350|2652, 210350|3014, 210368|3149, 210410|3313, 210427|3416, 210434|3533, 210453|3658, 210480|3774, 210510|3873, 210514|3963, 210515|4053, https://www.ctrip.com, 
210570|1, 210571|108, 210571|1045, 210577|1236, 210577|1956, 210589|2093, 210591|2193, 210594|2282, 210594|2524, 210596|2618, 210596|4056, https://www.shodan.io, 
210598|1, 210598|222, 210600|348, 210600|1022, 210606|1292, 210606|2303, 210633|2465, 210633|2704, 210637|2817, 210637|2901, 210639|3059, 210646|3176, 210654|3247, 210656|3328, 210661|3423, 210662|3524, 210662|3727, 210664|3852, 210664|4056, https://www.buaa.edu.cn, 
210670|1, 210670|1012, 210672|1217, 210674|1427, 210674|2439, 210690|2528, 210690|2797, 210692|2880, 210696|3011, 210700|3167, 210702|3242, 210702|3329, 210704|3429, 210709|3531, 210709|3588, 210720|3693, 210723|3794, 210723|4034, https://www.buaa.edu.cn, 
210727|1, 210727|885, 210729|1150, 210733|1327, 210733|3175, 210735|3280, 210735|3396, 210739|3472, 210739|4003, https://www.netflix.com, 
210741|1, 210741|276, 210743|351, 210743|1072, 210750|1215, 210754|1392, 210763|1518, 210763|1598, 210768|1663, 210776|1764, 210777|1867, 210777|1959, 210779|2094, 210789|2230, 210789|2972, 210797|3057, 210807|3256, 210854|3426, 210870|3511, 210872|3575, 210890|3681, 210892|3776, 210898|3849, 210900|3929, 210916|4074, https://world.taobao.com, 
211031|1, 211031|183, 211033|293, 211033|1023, 211045|1221, 211059|1382, 211066|1485, 211072|1578, 211072|2065, 211079|2202, 211322|2395, 211879|2547, 212267|2693, 212897|2869, 212958|2957, 212958|3029, 212960|3116, 212960|4008, https://zhuanlan.zhihu.com, 
213037|1, 213037|212, 213039|300, 213039|1188, 213043|1328, 213043|1608, 213046|1731, 213051|1810, 213064|1905, 213069|2008, 213071|2080, 213079|2205, 213084|2297, 213096|2381, 213098|2453, 213100|2555, 213100|3126, 213103|3212, 213103|4047, https://www.alipay.com, 
213116|1, 213116|178, 213118|279, 213118|971, 213122|1186, 213122|2044, 213124|2133, 213124|2218, 213126|2327, 213126|2452, 213129|2577, 213129|3029, 213131|3131, 213132|3242, 213132|3304, 213135|3396, 213137|3507, 213141|3584, 213141|3744, 213143|3844, 213144|3911, 213146|4094, https://www.yahoo.com, 
213333|1, 213333|383, 213334|462, 213334|838, 213344|1050, 213359|1235, 213376|1355, 213376|1900, 213383|2016, 213409|2119, 213417|2222, 213417|2472, 213419|2551, 213421|2629, 213421|4013, https://zhuanlan.zhihu.com, 
213494|1, 213495|140, 213495|910, 213507|1041, 213516|1220, 213528|1354, 213528|1577, 213530|1666, 213530|2000, 213555|2118, 213858|2261, 213860|2373, 213861|2490, 213863|2555, 213868|2626, 213868|2722, 213896|2821, 213896|2883, 213898|2965, 213898|3061, 213934|3190, 213935|3261, 213935|3852, 213938|3932, 213938|4026, https://www.apple.com, 
213967|1, 213967|155, 213968|221, 213969|301, 213969|756, 213973|932, 213977|1087, 214003|1264, 214003|1875, 214004|1973, 214009|2057, 214026|2183, 214064|2314, 214077|2381, 214095|2479, 214126|2608, 214128|2715, 214134|2846, 214163|2995, 214174|3120, 214183|3205, 214186|3308, 214190|3413, 214190|4064, http://blogs.360.cn, 
214214|1, 214214|537, 214216|683, 214216|895, 214218|1096, 214233|1280, 214245|1502, 214247|1578, 214249|1650, 214249|1828, 214251|1915, 214251|2193, 214253|2292, 214254|2372, 214256|2477, 214256|2879, 214264|2963, 214264|3382, 214276|3514, 214285|3636, 214292|3730, 214308|3836, 214318|3993, 214324|4090, https://www.ctrip.com, 
214422|1, 214422|228, 214424|302, 214426|403, 214426|822, 214432|1049, 214436|1250, 214436|2216, 214438|2309, 214443|2442, 214444|2555, 214444|3252, 214446|3329, 214456|3467, 214457|3568, 214457|3636, 214466|3741, 214471|3847, 214471|3911, 214476|3986, 214477|4090, https://www.mit.edu, 
214514|1, 214514|325, 214515|446, 214515|924, 214530|1216, 214539|1426, 214543|1514, 214543|1603, 214552|1700, 214552|1760, 214554|1838, 214554|2131, 214557|2259, 214581|2446, 214581|3374, 214589|3485, 214594|3562, 214596|3647, 214600|3770, 214609|4136, https://www.jianshu.com, 
214703|1, 214703|866, 214709|1126, 214739|1351, 214740|1470, 214740|1538, 214742|1639, 214742|1775, 214744|1864, 214744|2058, 214752|2143, 215047|2337, 215059|2442, 215060|2533, 215061|2613, 215061|2703, 215070|2792, 215083|2869, 215084|2954, 215086|3044, 215087|3130, 215111|3210, 215126|3302, 215126|3723, 215130|3799, 215130|3868, 215131|3979, 215133|4086, https://www.apple.com, 
215162|1, 215162|187, 215164|275, 215164|1100, 215170|1340, 215170|1465, 215172|1548, 215172|1767, 215174|1836, 215180|1928, 215184|2049, 215186|2164, 215189|2243, 215197|2369, 215202|2475, 215217|2562, 215219|2669, 215219|3196, 215221|3271, 215222|3367, 215222|4040, https://www.alipay.com, 
215226|1, 215226|223, 215227|334, 215227|423, 215230|531, 215230|765, 215232|937, 215234|1063, 215234|2592, 215236|2725, 215236|3673, 215240|3759, 215240|4093, https://www.netflix.com, 
215242|1, 215242|1008, 215248|1225, 215248|1662, 215249|1743, 215252|1810, 215252|2299, 215268|2429, 215268|2711, 215270|2796, 215270|2859, 215274|3007, 215274|3195, 215276|3324, 215282|3430, 215291|3500, 215293|3560, 215296|3654, 215296|4069, https://www.buaa.edu.cn, 
215300|1, 215300|229, 215302|357, 215302|1045, 215335|1253, 215348|1502, 215349|1583, 215374|1654, 215374|2348, 215379|2489, 215380|2609, 215383|2675, 215385|2771, 215385|2866, 215387|2957, 215387|4036, https://www.bing.com, 
215391|1, 215391|581, 215395|702, 215395|891, 215407|1149, 215412|1301, 215421|1386, 215431|1473, 215433|1555, 215433|1935, 215447|2041, 215447|2672, 215457|2820, 215471|3006, 215527|3136, 215559|3263, 215568|3348, 215578|3419, 215587|3511, 215591|3601, 215594|3690, 215594|3742, 215603|3831, 215613|3948, 215613|4014, https://world.taobao.com, 
215679|1, 215679|1097, 215683|1263, 215683|1468, 215685|1523, 215685|3449, 215687|3537, 215689|4068, https://www.netflix.com, 
215691|1, 215691|137, 215692|227, 215693|338, 215693|1036, 215709|1226, 215715|1375, 215716|1490, 215716|1573, 215718|1639, 215718|2076, 215757|2208, 215763|2280, 215795|2367, 215811|2516, 215811|2674, 215819|2794, 215827|2896, 215831|2984, 215832|3072, 215832|4047, https://www.pinduoduo.com, 
215846|1, 215846|131, 215848|286, 215848|1000, 215856|1171, 215888|1356, 215890|1440, 215890|1906, 215892|2007, 215909|2106, 215942|2222, 215946|2323, 215946|2378, 215997|2502, 216012|2671, 216049|2771, 216049|3760, 216051|3865, 216051|4070, https://www.jd.com, 
216291|1, 216291|1136, 216307|1311, 216324|1440, 216325|1527, 216325|1811, 216327|1903, 216329|1981, 216624|2172, 216653|2278, 216653|2351, 216654|2428, 216658|2554, 216661|2637, 216661|2697, 216676|2796, 216692|2887, 216692|3014, 216700|3103, 216718|3201, 216718|3638, 216720|3747, 216720|3856, 216722|3950, 216723|4030, https://www.apple.com, 
216743|1, 216743|238, 216747|362, 216748|445, 216748|597, 216749|749, 216749|944, 216751|1251, 216753|1405, 216753|2407, 216756|2481, 216757|2596, 216758|2708, 216759|2802, 216759|2896, 216761|3026, 216761|3181, 216764|3263, 216764|3359, 216766|3449, 216766|3599, 216767|3681, 216767|4070, https://www.shodan.io, 
216768|1, 216768|187, 216770|262, 216770|861, 216792|1145, 216812|1328, 216818|1480, 216847|1618, 216847|1759, 216849|1853, 216849|2310, 216852|2402, 216854|2536, 216858|2654, 216858|2746, 216859|2806, 216862|2908, 216862|4021, https://www.bing.com, 
216866|1, 216866|895, 216900|1168, 216906|1273, 216912|1411, 216942|1495, 216942|1734, 216944|1818, 216944|2360, 216951|2503, 216952|2584, 216955|2671, 216955|4033, https://www.bing.com, 
216961|1, 216961|871, 216977|1055, 216984|1238, 217004|1443, 217007|1562, 217039|1637, 217039|1890, 217041|1962, 217041|2312, 217046|2465, 217047|2576, 217050|2639, 217052|2735, 217052|3234, 217053|3301, 217053|4067, https://www.bing.com, 
217057|1, 217057|585, 217059|697, 217059|878, 217063|1143, 217065|1274, 217065|1980, 217067|2065, 217067|2167, 217069|2266, 217083|2370, 217083|2512, 217087|2623, 217087|2880, 217097|2988, 217106|3056, 217108|3137, 217111|3231, 217111|4003, https://www.buaa.edu.cn, 
217115|1, 217115|147, 217117|226, 217117|951, 217142|1175, 217146|1348, 217146|1552, 217156|1632, 217156|1866, 217158|1937, 217158|2282, 217173|2475, 217174|2575, 217174|3348, 217176|3452, 217176|3535, 217183|3598, 217186|3707, 217190|3848, 217192|3960, 217192|4073, https://www.jianshu.com, 
217287|1, 217289|175, 217289|856, 217291|1006, 217295|1141, 217299|1301, 217299|1890, 217301|1964, 217301|2259, 217305|2413, 217305|2513, 217307|2587, 217307|2762, 217313|2870, 217313|2932, 217315|3059, 217315|3169, 217325|3279, 217325|3349, 217326|3440, 217332|3542, 217334|3605, 217334|3689, 217335|3784, 217339|3879, 217339|4035, https://www.yahoo.com, 
217623|1, 217623|262, 217625|337, 217625|737, 217629|894, 217632|1097, 217649|1313, 217658|1473, 217659|1537, 217667|1636, 217667|2046, 217679|2145, 217706|2260, 217706|2469, 217708|2598, 217724|2802, 217737|2943, 217757|3027, 217764|3137, 217785|3251, 217790|3327, 217790|3388, 217793|3487, 217794|3580, 217794|3809, 217803|3897, 217804|3981, 217805|4048, https://www.linkedin.com, 
217871|1, 217871|106, 217874|236, 217875|363, 217875|989, 217893|1160, 217919|1349, 217919|1637, 217921|1760, 217921|2227, 217927|2330, 217956|2446, 217965|2595, 218003|2687, 218003|2776, 218013|2893, 218014|3009, 218014|4004, https://www.jd.com, 
218230|1, 218230|633, 218234|952, 218238|1165, 218238|1302, 218240|1388, 218240|2214, 218242|2328, 218245|2446, 218245|2612, 218258|2721, 218262|2855, 218262|2948, 218264|3030, 218266|3146, 218272|3258, 218279|3319, 218283|3400, 218285|3491, 218285|4036, https://www.buaa.edu.cn, 
218294|1, 218294|141, 218295|273, 218295|942, 218304|1252, 218323|1389, 218323|2078, 218342|2167, 218343|2271, 218392|2381, 218411|2485, 218437|2573, 218437|2729, 218443|2873, 218477|3011, 218493|3147, 218503|3253, 218506|3339, 218509|3420, 218509|3507, 218511|3591, 218511|4052, http://blogs.360.cn, 
218532|1, 218532|203, 218533|352, 218533|918, 218535|1089, 218561|1259, 218561|1714, 218563|1807, 218563|1971, 218565|2077, 218585|2201, 218604|2284, 218636|2382, 218659|2515, 218659|2598, 218661|2688, 218675|2836, 218699|2934, 218707|3022, 218720|3152, 218726|3245, 218729|3304, 218730|3404, 218730|4018, http://blogs.360.cn, 
218754|1, 218754|235, 218756|323, 218756|933, 218799|1186, 218799|1399, 218851|1515, 218851|2071, 218857|2188, 219032|2338, 219095|2425, 219101|4090, https://www.baidu.com, 
219292|1, 219292|950, 219297|1129, 219302|1319, 219331|1471, 219331|2065, 219343|2155, 219375|2284, 219376|2388, 219415|2475, 219415|2591, 219424|2707, 219429|2811, 219429|2934, 219431|3032, 219433|3127, 219433|4016, https://www.jd.com, 
219644|1, 219644|1132, 219648|1288, 219650|1420, 219650|2538, 219652|2637, 219654|2736, 219654|3796, 219656|3925, 219656|4017, https://www.netflix.com, 
219656|1, 219656|136, 219658|257, 219658|1083, 219662|1303, 219664|1424, 219664|1592, 219666|1687, 219672|1779, 219677|1854, 219680|1956, 219680|2097, 219683|2171, 219691|2274, 219696|2373, 219710|2482, 219714|2544, 219714|3134, 219718|3234, 219718|4031, https://www.alipay.com, 
219724|1, 219724|169, 219726|283, 219726|907, 219737|1074, 219757|1263, 219763|1395, 219763|1780, 219765|1858, 219765|1928, 219775|2088, 219797|2214, 219797|2281, 219799|2373, 219822|2543, 219828|2744, 219834|2825, 219843|2939, 219847|3027, 219848|3106, 219848|4065, https://www.douyin.com, 
219851|1, 219851|252, 219852|376, 219852|1044, 219856|1212, 219856|1447, 219857|1508, 219863|1595, 219866|1694, 219868|1778, 219868|2169, 219871|2249, 219880|2367, 219884|2478, 219899|2571, 219901|2647, 219903|2759, 219903|3249, 219906|3335, 219906|4072, https://www.alipay.com, 
219915|1, 219915|1072, 219919|1274, 219919|1733, 219922|1804, 219929|1893, 219931|2019, 219931|2150, 219933|2240, 219943|2371, 219948|2483, 219966|2594, 219968|2681, 219968|3246, 219972|3308, 219973|3402, 219973|4026, https://www.alipay.com, 
219978|1, 219978|741, 219980|1003, 219982|1135, 220006|1337, 220006|2012, 220066|2176, 220077|2254, 220104|2353, 220104|2456, 220106|2557, 220106|2648, 220119|2772, 220140|2897, 220152|2990, 220157|3083, 220164|3186, 220167|3278, 220170|3339, 220171|3431, 220171|4036, http://blogs.360.cn, 
220199|1, 220199|987, 220211|1197, 220229|1334, 220231|1456, 220231|1867, 220245|2003, 220296|2159, 220321|2246, 220327|2320, 220329|2429, 220329|2611, 220348|2729, 220371|2876, 220381|2987, 220382|3063, 220389|3161, 220392|3255, 220393|3352, 220393|3407, 220395|3498, 220395|4079, http://blogs.360.cn, 
220417|1, 220417|889, 220433|1042, 220439|1189, 220445|1286, 220450|1385, 220452|1485, 220452|1577, 220506|1642, 220506|1976, 220511|2049, 220635|2194, 220703|2312, 220703|3881, 220705|3995, 220711|4087, https://www.baidu.com, 
220906|1, 220906|812, 220908|1050, 220939|1268, 220939|1541, 221028|1645, 221028|1804, 221030|1877, 221030|2179, 221157|2314, 221304|2439, 221304|3562, 221308|3657, 221308|4091, https://www.baidu.com, 
221505|1, 221505|148, 221507|266, 221507|1000, 221541|1262, 221555|1438, 221555|1517, 221583|1607, 221583|2190, 221585|2282, 221590|2417, 221592|2551, 221593|2628, 221596|2725, 221596|4035, https://www.bing.com, 
221600|1, 221600|1036, 221629|1216, 221644|1371, 221644|1525, 221698|1628, 221698|1870, 221700|1983, 221700|2196, 221879|2350, 221883|2451, 221883|4082, https://www.baidu.com, 
222070|1, 222070|253, 222071|346, 222071|898, 222075|1070, 222082|1266, 222082|1385, 222091|1478, 222091|1579, 222097|1677, 222105|1741, 222107|1837, 222108|1935, 222109|2015, 222109|2099, 222115|2227, 222119|2346, 222119|2678, 222121|2742, 222121|2914, 222129|3022, 222133|3135, 222188|3308, 222210|3447, 222218|3535, 222226|3604, 222239|3732, 222246|3831, 222248|3923, 222248|4066, https://world.taobao.com, 
222350|1, 222350|292, 222351|414, 222351|474, 222352|575, 222352|980, 222358|1178, 222358|2670, 222360|2758, 222360|2893, 222361|3008, 222361|4081, https://www.netflix.com, 
222372|1, 222372|309, 222374|410, 222374|1089, 222386|1282, 222399|1473, 222407|1656, 222407|2414, 222411|2522, 222413|2626, 222413|2801, 222423|2983, 222436|3104, 222452|3234, 222480|3348, 222488|3444, 222495|3512, 222499|3601, 222500|3694, 222502|3786, 222502|3844, 222506|3940, 222506|4048, https://www.linkedin.com, 
222570|1, 222570|288, 222571|364, 222571|996, 222593|1256, 222612|1418, 222631|1602, 222660|1693, 222660|1993, 222662|2095, 222664|2218, 222664|2390, 222667|2476, 222671|2633, 222675|2745, 222675|4038, https://www.bing.com, 
222680|1, 222680|965, 222702|1119, 222732|1366, 222744|1502, 222773|1570, 222773|2269, 222778|2391, 222778|2514, 222779|2599, 222782|2692, 222782|4042, https://www.bing.com, 
222787|1, 222787|218, 222791|317, 222791|980, 222820|1304, 222839|1438, 222841|1502, 222845|1618, 222845|2066, 222943|2181, 223163|2305, 223165|2394, 223166|2511, 223166|2726, 223187|2824, 223197|2890, 223198|2975, 223204|3072, 223215|3171, 223224|3238, 223236|3331, 223237|3436, 223237|3771, 223240|3882, 223242|4039, https://www.apple.com, 
223262|1, 223262|207, 223263|306, 223263|879, 223265|1013, 223276|1202, 223282|1323, 223282|1389, 223290|1496, 223293|1608, 223298|1666, 223302|1759, 223303|1853, 223305|1963, 223307|2027, 223307|2134, 223309|2218, 223326|2313, 223339|2432, 223339|3001, 223340|3079, 223345|3164, 223347|3256, 223347|4045, https://www.alipay.com, 
223352|1, 223352|188, 223359|267, 223359|1022, 223361|1164, 223386|1333, 223404|1462, 223405|1543, 223409|1640, 223409|2025, 223530|2189, 223668|2320, 223671|2402, 223671|2465, 223697|2562, 223701|2655, 223719|2743, 223737|2828, 223763|2922, 223765|3012, 223765|3068, 223779|3154, 223803|3261, 223804|3341, 223804|3853, 223807|3969, 223809|4060, https://www.apple.com, 
223830|1, 223830|453, 223832|587, 223832|868, 223848|1180, 223867|1355, 223882|1454, 223882|1592, 223886|1703, 223886|1965, 223901|2119, 224012|2220, 224220|2344, 224222|2459, 224223|2540, 224225|2607, 224225|2685, 224228|2769, 224254|2860, 224254|2915, 224255|2997, 224255|3150, 224264|3224, 224294|3320, 224295|3418, 224295|4020, https://www.apple.com, 
224326|1, 224326|500, 224328|613, 224328|696, 224330|891, 224332|1044, 224345|1205, 224351|1320, 224366|1451, 224379|1537, 224384|1617, 224384|2002, 224394|2172, 224394|2747, 224398|2864, 224405|3013, 224437|3158, 224450|3267, 224457|3340, 224468|3408, 224479|3527, 224484|3610, 224485|3678, 224487|3738, 224494|3836, 224504|3933, 224504|4005, https://world.taobao.com, 
224585|1, 224585|894, 224595|1136, 224619|1352, 224633|1458, 224636|1528, 224637|1619, 224637|1940, 224639|2065, 224639|2126, 224641|2229, 224641|2404, 224646|2558, 224663|2719, 224667|2818, 224681|2910, 224690|3011, 224697|3096, 224700|3149, 224700|3236, 224702|3324, 224702|3456, 224707|3561, 224707|3638, 224720|3718, 224720|3775, 224723|3851, 224723|4026, https://www.linkedin.com, 
224775|1, 224775|134, 224776|214, 224776|961, 224782|1084, 224816|1245, 224819|1378, 224819|1432, 224821|1513, 224825|1616, 224825|1847, 224882|1995, 224889|2078, 224914|2168, 224915|2256, 224917|2357, 224917|2449, 224922|2561, 224949|2705, 224962|2777, 224966|2877, 224966|3168, 224972|3267, 224975|3355, 224977|3414, 224985|3485, 224986|3600, 224986|3782, 224990|3874, 224993|3984, 224993|4055, http://blogs.360.cn, 
225015|1, 225015|176, 225017|331, 225017|967, 225030|1181, 225036|1309, 225040|1401, 225040|1903, 225042|1993, 225042|2381, 225046|2498, 225048|2612, 225048|2754, 225050|2813, 225050|2908, 225051|2997, 225053|3074, 225053|3217, 225054|3312, 225054|3467, 225056|3566, 225056|3823, 225060|3923, 225060|4022, https://www.yahoo.com, 
225229|1, 225229|218, 225231|340, 225231|878, 225241|1127, 225259|1337, 225269|1459, 225269|1529, 225281|1645, 225281|2527, 225283|2687, 225298|2830, 225304|2926, 225308|3007, 225338|3146, 225347|3252, 225357|3321, 225358|3404, 225360|3502, 225360|3594, 225362|3659, 225365|3750, 225377|3853, 225382|3958, 225385|4038, https://www.linkedin.com, 
225444|1, 225446|130, 225446|686, 225448|940, 225458|1114, 225480|1279, 225494|1378, 225502|1483, 225502|1617, 225504|1721, 225504|2003, 225514|2132, 225514|2836, 225527|3007, 225585|3245, 225607|3368, 225640|3435, 225647|3520, 225653|3618, 225660|3736, 225667|3806, 225671|3896, 225675|3989, 225685|4082, https://world.taobao.com, 
225773|1, 225773|1187, 225781|1370, 225791|1526, 225791|1709, 225795|1803, 225795|2081, 225797|2164, 225797|2225, 225799|2317, 225799|2421, 225812|2590, 225812|3247, 225836|3384, 225836|3457, 225837|3592, 225841|3708, 225841|4040, https://www.yahoo.com, 
226094|1, 226094|191, 226096|266, 226097|381, 226097|970, 226146|1266, 226155|1396, 226155|1475, 226161|1602, 226161|2114, 226183|2221, 226205|2346, 226206|2482, 226246|2602, 226259|2752, 226309|2878, 226309|2953, 226310|3027, 226310|3398, 226311|3504, 226311|4073, https://www.jd.com, 
226527|1, 226527|334, 226529|499, 226529|1122, 226541|1328, 226570|1539, 226577|1706, 226577|2225, 226580|2328, 226580|2683, 226614|2850, 226618|2951, 226622|3040, 226632|3228, 226640|3382, 226655|3513, 226657|3593, 226660|3728, 226660|4074, https://www.douyin.com, 
226665|1, 226665|295, 226667|400, 226667|1070, 226700|1316, 226713|1445, 226713|1530, 226717|1648, 226717|2323, 226719|2454, 226751|2602, 226759|2726, 226780|2950, 226797|3166, 226801|3316, 226802|3395, 226802|4029, https://www.douyin.com, 
226806|1, 226806|1168, 226820|1372, 226823|1485, 226827|1554, 226827|1809, 226831|1908, 226831|3337, 226839|3493, 226843|3580, 226844|4069, https://www.yahoo.com, 
226903|1, 226903|137, 226905|281, 226905|1198, 226908|1333, 226934|1610, 226945|1765, 226949|1865, 226949|1946, 226951|2052, 226951|2734, 226971|2870, 227002|2995, 227043|3090, 227045|3196, 227045|3320, 227047|3435, 227053|3537, 227061|3625, 227067|3748, 227068|3862, 227068|4034, https://www.pinduoduo.com, 
227079|1, 227079|123, 227080|247, 227080|799, 227102|1193, 227129|1379, 227129|1469, 227137|1578, 227221|1719, 227221|2183, 227223|2288, 227225|2450, 227379|2609, 227436|2692, 227436|4020, https://www.baidu.com, 
227633|1, 227633|161, 227635|264, 227635|769, 227653|1082, 227686|1407, 227695|1544, 227728|1706, 227728|2657, 227731|2774, 227733|2908, 227737|3005, 227737|4067, https://www.bing.com, 
227744|1, 227744|205, 227746|311, 227746|959, 227753|1133, 227785|1396, 227791|1534, 227791|1688, 227796|1792, 227796|2036, 227851|2176, 227860|2257, 227904|2364, 227904|2451, 227906|2551, 227906|2623, 227907|2720, 227923|2841, 227942|2942, 227962|3030, 227968|3146, 227968|3249, 227972|3310, 227976|3387, 227984|3483, 227986|3591, 227986|4068, http://blogs.360.cn, 
228008|1, 228008|215, 228010|288, 228010|1118, 228012|1292, 228024|1453, 228030|1529, 228030|1637, 228034|1746, 228036|1815, 228042|1907, 228046|2020, 228046|2112, 228049|2189, 228058|2311, 228061|2420, 228074|2514, 228078|2604, 228078|3106, 228080|3187, 228081|3252, 228083|3338, 228083|4006, https://www.alipay.com, 
228091|1, 228091|1064, 228106|1225, 228113|1328, 228125|1447, 228133|1531, 228133|1738, 228143|1834, 228143|1894, 228146|2013, 228154|2149, 228157|2252, 228157|2903, 228159|2991, 228177|3196, 228245|3398, 228265|3497, 228276|3596, 228296|3697, 228304|3783, 228310|3868, 228315|3971, 228319|4068, https://world.taobao.com, 
228418|1, 228418|1125, 228425|1338, 228440|1559, 228455|1715, 228465|1838, 228473|1930, 228474|1988, 228474|2262, 228477|2334, 228477|2454, 228487|2604, 228487|3159, 228489|3280, 228500|3448, 228527|3601, 228548|3715, 228564|3816, 228580|3909, 228588|3977, 228598|4078, https://world.taobao.com, 
228723|1, 228723|960, 228737|1173, 228767|1352, 228767|1670, 228774|1781, 228774|1996, 228788|2126, 228810|2250, 228813|2335, 228817|2436, 228827|2599, 228838|2741, 228838|2893, 228851|3018, 228852|3100, 228852|4010, https://www.douyin.com, 
228864|1, 228864|746, 228866|833, 228866|1017, 228878|1177, 228900|1395, 228907|1488, 228911|1616, 228911|2167, 228916|2294, 228955|2408, 228984|2470, 229001|2571, 229001|2846, 229003|2958, 229013|3045, 229015|3103, 229017|3190, 229020|3293, 229020|3834, 229022|3924, 229022|4008, https://www.pinduoduo.com, 
229032|1, 229032|790, 229049|1079, 229070|1250, 229075|1335, 229079|1400, 229079|2117, 229111|2225, 229117|2305, 229132|2404, 229140|2549, 229142|2659, 229155|2753, 229158|2879, 229161|2980, 229163|4073, https://www.douyin.com, 
229170|1, 229174|182, 229176|245, 229176|1041, 229178|1211, 229193|1408, 229196|1500, 229200|1586, 229200|1670, 229202|1751, 229207|1813, 229211|1897, 229213|1992, 229213|2082, 229215|2164, 229225|2295, 229242|2438, 229244|2499, 229246|2591, 229247|2690, 229247|3170, 229250|3256, 229250|4047, https://www.alipay.com, 
229258|1, 229258|592, 229260|806, 229280|1050, 229294|1204, 229298|1388, 229298|1734, 229303|1862, 229305|2004, 229336|2140, 229364|2223, 229398|2349, 229398|2544, 229400|2634, 229414|2737, 229415|2805, 229417|2857, 229422|2947, 229422|4008, https://www.pinduoduo.com, 
229435|1, 229435|1096, 229439|1231, 229475|1465, 229480|1584, 229480|1642, 229486|1722, 229486|1959, 229515|2075, 229549|2195, 229577|2271, 229591|2331, 229591|2412, 229593|2545, 229593|2629, 229606|2740, 229623|2856, 229641|2958, 229643|3027, 229650|3118, 229653|3212, 229656|3285, 229659|3356, 229659|4009, http://blogs.360.cn, 
229686|1, 229686|216, 229687|348, 229687|604, 229689|722, 229690|950, 229700|1170, 229720|1286, 229728|1414, 229736|1508, 229742|1568, 229742|1636, 229743|1738, 229744|1833, 229744|2104, 229751|2219, 229753|2281, 229753|2649, 229755|2739, 229755|2950, 229770|3179, 229812|3327, 229825|3409, 229837|3508, 229853|3644, 229864|3723, 229868|3794, 229871|3889, 229875|3999, 229882|4080, https://world.taobao.com, 
229979|1, 229979|737, 229980|822, 229980|1067, 229998|1240, 230009|1358, 230014|1462, 230018|1557, 230018|2182, 230029|2292, 230059|2359, 230096|2458, 230118|2573, 230118|2820, 230125|2926, 230134|2993, 230134|3072, 230138|3159, 230139|3239, 230139|4072, https://www.pinduoduo.com, 
230154|1, 230154|357, 230156|473, 230156|682, 230158|959, 230179|1125, 230189|1228, 230198|1379, 230198|2030, 230204|2168, 230239|2261, 230275|2354, 230292|2472, 230292|2718, 230303|2838, 230309|2933, 230311|2991, 230314|3075, 230314|4007, https://www.pinduoduo.com, 
230325|1, 230325|861, 230327|1036, 230339|1203, 230359|1352, 230364|1453, 230368|1556, 230368|1982, 230370|2106, 230407|2222, 230443|2312, 230451|2377, 230461|2503, 230461|2687, 230463|2760, 230469|2883, 230476|2976, 230478|3043, 230481|3107, 230481|4047, https://www.pinduoduo.com, 
