1112|1, 1112|1869, 1296|1871, 1296|1960, 1300|1962, 1300|1992, 1312|1994, 1312|2013, 1420|2015, 1420|2041, 1508|2043, 1508|2421, 2244|2451, 2244|2510, 2428|2512, 2428|2874, 2612|2876, 2612|2904, 3424|2908, 3572|2911, 3572|2953, 3616|2968, 2880|2973, 2880|2983, 2780|2985, 2780|3014, 2716|3017, 2716|3446, 3844|3449, 3844|3451, 4744|3459, 4744|3868, 4864|3870, 4864|3882, 4964|3887, 5164|3890, 5364|3891, 5364|3901, 4864|3909, 4864|3921, 4964|3923, 5364|3928, 4964|3930, 4964|3933, 5064|3935, 5064|3948, 4916|3949, 4916|3951, 5064|3952, 5064|3966, 4916|3968, 4916|3980, 4852|3983, 4852|4001, com.android.chrome, 
1636|1, 1636|145, 1624|151, 1624|177, 1632|181, 1632|196, 1644|212, 1644|236, 1688|238, 1688|1236, 1692|1239, 1692|1539, 1876|1551, 1876|1798, 1692|1801, 1692|2077, 1876|2079, 1876|2124, 1692|2126, 1692|2145, 1676|2154, 1676|2176, 1748|2182, 1748|2207, 1656|2221, 1656|2237, 1704|2240, 1704|2334, 1888|2336, 1888|2460, 1704|2462, 1704|2990, 1888|2991, 1888|2996, 1704|3002, 1704|3145, 1784|3150, 1784|3176, 1872|3178, 1872|3207, 1836|3210, 1836|3236, 1840|3243, 1840|3956, 1716|3976, 1716|4001, com.lenovo.anyshare.gps, 
1348|1, 1348|271, 1364|274, 1364|303, 1376|305, 1376|359, 1392|371, 1392|741, 1576|744, 1576|912, 1724|916, 1724|920, 1576|930, 1576|953, 1724|962, 1576|966, 1576|1207, 1404|1599, 1404|2271, 1412|2279, 1412|2301, 1400|2312, 1400|2340, 1404|2352, 1404|3274, 1376|3276, 1376|3302, 1432|3305, 1432|3329, 1480|3338, 1480|3354, 1488|3374, 1488|3926, 1672|3928, 1672|3934, 1488|3938, 1488|4002, com.lenovo.anyshare.gps, 
1428|1, 1428|741, 1432|743, 1432|832, 1428|836, 1428|1742, 1424|1747, 1424|1771, 1432|1775, 1432|1792, 1436|1810, 1436|1832, 1428|1838, 1428|4002, com.lenovo.anyshare.gps, 
1428|1, 1428|2527, 1420|2534, 1420|2559, 1428|2570, 1428|2588, 1436|2591, 1436|2618, 1428|2622, 1428|4009, com.lenovo.anyshare.gps, 
1428|1, 1428|2689, 1424|2694, 1424|2721, 1428|2724, 1428|4002, com.lenovo.anyshare.gps, 
1428|1, 1428|1812, 1424|1815, 1424|1854, 1432|1861, 1432|1902, 1428|1906, 1428|2812, 1424|2816, 1424|2841, 1428|2844, 1428|2870, 1436|2874, 1436|2899, 1428|2904, 1428|4001, com.lenovo.anyshare.gps, 
1428|1, 1428|2295, 1424|2301, 1424|3206, 1608|3209, 1608|3246, 1616|3250, 1616|3264, 1588|3266, 1588|3295, 1640|3299, 1640|3337, 1392|3340, 1392|4001, com.lenovo.anyshare.gps, 
1428|1, 1428|2352, 1432|2357, 1432|3277, 1444|3289, 1444|3348, 1440|3352, 1440|3851, 1436|3855, 1436|4007, com.lenovo.anyshare.gps, 
1452|1, 1452|497, 1436|499, 1436|1436, 1440|1438, 1440|1497, 1444|1499, 1444|2000, 1440|2002, 1440|2436, 1448|2438, 1448|2467, 1444|2472, 1444|2496, 1440|2500, 1440|4006, com.lenovo.anyshare.gps, 
1440|1, 1440|1286, 1444|1294, 1444|1320, 1520|1345, 1516|1362, 1516|2199, 1448|2203, 1448|2285, 1452|2287, 1452|2344, 1440|2347, 1440|4002, com.lenovo.anyshare.gps, 
2116|1, 2116|1182, 2488|1252, 2488|1268, 3716|1284, 3716|1407, 3900|1410, 3900|1645, 3816|1649, 3816|1676, 3812|1678, 3812|1706, 3816|1707, 3816|1857, 3820|1860, 3820|2677, 3824|2683, 3824|3459, 3828|3461, 3828|4010, com.sometimeswefly.littlealchemy, 
2508|1, 2508|1197, 2692|1199, 2876|1201, 2876|1232, 3796|1243, 3796|1452, 3784|1457, 3784|1484, 3812|1486, 3812|1683, 3860|1688, 3860|1837, 3808|1839, 3808|3154, 3440|3156, 2520|3158, 2520|3453, 2516|3455, 2516|3492, 2508|3494, 2508|4001, com.sometimeswefly.littlealchemy, 
2508|1, 2508|1407, 2504|1438, 2504|1463, 2872|1470, 2872|1474, 3240|1477, 3608|1488, 3976|1504, 3976|2348, 3924|2353, 3924|2376, 3900|2378, 3900|3348, 3776|3350, 2660|3351, 2660|3407, 2604|3409, 2604|4001, com.sometimeswefly.littlealchemy, 
2604|1, 2604|1629, 2728|1632, 2976|1645, 3844|1660, 3844|1667, 3968|1716, 3968|2032, 3916|2036, 3916|2062, 3924|2065, 3924|2092, 3900|2096, 3900|3470, 2660|3475, 2660|4001, com.sometimeswefly.littlealchemy, 
2604|1, 2604|1930, 2976|1937, 2976|1959, 3348|1962, 3844|1981, 3968|2015, 3968|2532, 3948|2536, 3948|2547, 3888|2550, 3888|2554, 3896|2557, 3896|2582, 3900|2586, 3900|3772, 2908|3775, 2660|3777, 2660|4001, com.sometimeswefly.littlealchemy, 
2604|1, 2604|1980, 3156|1986, 3708|1994, 3892|1998, 3892|2503, 3804|2508, 3804|2744, 3900|2746, 3900|3784, 2660|3786, 2660|4001, com.sometimeswefly.littlealchemy, 
2604|1, 2604|1842, 2788|1850, 2972|1853, 3340|1862, 3340|1869, 3892|1872, 3892|1895, 3856|1932, 3856|1949, 3872|1953, 3872|1979, 3948|1989, 3948|2242, 3956|2247, 3956|2981, 3900|2986, 3900|3690, 2660|3693, 2660|3980, 2604|3982, 2604|4001, com.sometimeswefly.littlealchemy, 
2604|1, 2604|1886, 2972|1901, 3892|1924, 3892|2314, 3840|2318, 3840|2344, 3908|2347, 3908|2437, 3904|2445, 3904|3775, 2912|3777, 2664|3780, 2664|4001, com.sometimeswefly.littlealchemy, 
2604|1, 2604|1891, 3340|1918, 3892|1930, 3892|2516, 3956|2519, 3956|2547, 3900|2549, 3900|3760, 2660|3762, 2660|4002, com.sometimeswefly.littlealchemy, 
2604|1, 2604|1878, 2972|1883, 2972|1886, 3340|1889, 3892|1900, 3892|2304, 3896|2307, 3896|2731, 3956|2734, 3956|2760, 3904|2768, 3904|3723, 3780|3725, 2664|3728, 2664|3790, 2604|3793, 2604|4002, com.sometimeswefly.littlealchemy, 
1244|1, 1244|92, 1248|97, 1248|1030, 1244|1034, 1244|1980, 1248|1987, 1248|2092, 1244|2095, 1244|3835, 1236|3838, 1236|4002, com.ted.android, 
1244|1, 1244|2557, 1232|2561, 1232|2582, 1244|2592, 1244|4001, com.ted.android, 
1268|1, 1268|731, 1244|733, 1244|1694, 1240|1708, 1240|1732, 1244|1735, 1244|1763, 1256|1770, 1256|2255, 1244|2258, 1244|2564, 1240|2567, 1240|2761, 1244|2767, 1244|4004, com.ted.android, 
1244|1, 1244|2058, 1240|2061, 1240|2392, 1244|2396, 1244|4001, com.ted.android, 
1244|1, 1244|1413, 1256|1454, 1256|1952, 1252|1955, 1252|2149, 1256|2152, 1256|2427, 1244|2429, 1244|4001, com.ted.android, 
1244|1, 1244|4002, com.ted.android, 
1244|1, 1244|2319, 1240|2322, 1240|2348, 1244|2351, 1244|4002, com.ted.android, 
1244|1, 1244|2439, 1228|2442, 1228|2554, 1232|2557, 1232|2584, 1244|2587, 1244|4001, com.ted.android, 
1244|1, 1244|1827, 1248|1831, 1248|2088, 1244|2094, 1244|4001, com.ted.android, 
1244|1, 1244|2021, 1240|2027, 1240|2050, 1244|2057, 1244|4002, com.ted.android, 
1332|1, 1332|4002, com.booking, 
1332|1, 1332|256, 1328|263, 1328|299, 1332|302, 1332|2322, 1328|2325, 1328|3323, 1332|3326, 1332|4001, com.booking, 
1332|1, 1332|4001, com.booking, 
1332|1, 1332|2472, 1328|2477, 1328|2530, 1332|2542, 1332|4001, com.booking, 
1332|1, 1332|2522, 1328|2524, 1328|2581, 1332|2583, 1332|4001, com.booking, 
1332|1, 1332|4001, com.booking, 
1332|1, 1332|1857, 1336|1860, 1336|1886, 1332|1889, 1332|4002, com.booking, 
1332|1, 1332|2438, 1328|2442, 1328|2468, 1332|2471, 1332|4001, com.booking, 
1332|1, 1332|2574, 1336|2582, 1336|2676, 1332|2679, 1332|4001, com.booking, 
1332|1, 1332|1949, 1336|1953, 1336|2005, 1332|2007, 1332|4003, com.booking, 
1116|1, 1116|2263, 1120|2272, 1120|2300, 1116|2302, 1116|4001, com.tripadvisor.tripadvisor, 
1116|1, 1116|4002, com.tripadvisor.tripadvisor, 
1116|1, 1116|1936, 1112|1944, 1112|2511, 1116|2515, 1116|4002, com.tripadvisor.tripadvisor, 
1116|1, 1116|4041, com.tripadvisor.tripadvisor, 
1116|1, 1116|4001, com.tripadvisor.tripadvisor, 
1116|1, 1116|4002, com.tripadvisor.tripadvisor, 
1116|1, 1116|1995, 1112|1998, 1112|2025, 1116|2030, 1116|4002, com.tripadvisor.tripadvisor, 
1116|1, 1116|2210, 1120|2213, 1120|2224, 1116|2227, 1116|4047, com.tripadvisor.tripadvisor, 
1116|1, 1116|1791, 1120|1795, 1120|2478, 1116|2481, 1116|4001, com.tripadvisor.tripadvisor, 
1116|1, 1116|4002, com.tripadvisor.tripadvisor, 
2264|1, 2264|2201, 2260|2203, 2260|2262, 2264|2274, 2264|4001, com.isis_papyrus.raiffeisen_pay_eyewdg, 
2264|1, 2264|4002, com.isis_papyrus.raiffeisen_pay_eyewdg, 
2264|1, 2264|1749, 2260|1752, 2260|1809, 2264|1813, 2264|4002, com.isis_papyrus.raiffeisen_pay_eyewdg, 
2264|1, 2264|4001, com.isis_papyrus.raiffeisen_pay_eyewdg, 
2264|1, 2264|4002, com.isis_papyrus.raiffeisen_pay_eyewdg, 
2264|1, 2264|4001, com.isis_papyrus.raiffeisen_pay_eyewdg, 
2264|1, 2264|2034, 2260|2037, 2260|2134, 2264|2139, 2264|4001, com.isis_papyrus.raiffeisen_pay_eyewdg, 
2264|1, 2264|1873, 2260|1877, 2260|1972, 2264|1976, 2264|4001, com.isis_papyrus.raiffeisen_pay_eyewdg, 
2264|1, 2264|2197, 2260|2202, 2260|2744, 2264|2747, 2264|4001, com.isis_papyrus.raiffeisen_pay_eyewdg, 
2264|1, 2264|4002, com.isis_papyrus.raiffeisen_pay_eyewdg, 
1116|1, 1116|2658, 1120|2661, 1120|2717, 1112|2720, 1112|2748, 1116|2750, 1116|3758, 1120|3762, 1120|4003, com.paypal.android.p2pmobile, 
1116|1, 1116|2193, 1120|2202, 1120|2211, 1116|2239, 1116|4002, com.paypal.android.p2pmobile, 
1116|1, 1116|2401, 1112|2403, 1112|2430, 1116|2434, 1116|4003, com.paypal.android.p2pmobile, 
1116|1, 1116|2493, 1112|2496, 1112|2618, 1116|2622, 1116|4002, com.paypal.android.p2pmobile, 
1116|1, 1116|2985, 1120|2990, 1120|3015, 1116|3018, 1116|4001, com.paypal.android.p2pmobile, 
1116|1, 1116|2255, 1120|2262, 1120|2424, 1116|2431, 1116|4002, com.paypal.android.p2pmobile, 
1116|1, 1116|1485, 1120|1492, 1120|1536, 1116|1549, 1116|4002, com.paypal.android.p2pmobile, 
1116|1, 1116|2136, 1108|2153, 1108|2164, 1112|2169, 1112|2609, 1116|2616, 1116|4001, com.paypal.android.p2pmobile, 
1116|1, 1116|2457, 1124|2460, 1124|2477, 1120|2481, 1120|2507, 1116|2510, 1116|4001, com.paypal.android.p2pmobile, 
1116|1, 1116|2813, 1120|2821, 1120|2842, 1124|2845, 1124|2873, 1116|2876, 1116|4001, com.paypal.android.p2pmobile, 
4688|1, 4688|170, 4700|175, 4700|201, 4708|207, 4708|231, 4856|233, 5004|238, 5300|244, 4708|248, 4708|1112, 4716|1117, 4716|2012, 4900|2023, 4712|2026, 4712|2073, 5080|2080, 5448|2087, 6260|2093, 6260|2100, 6280|2133, 6280|2152, 6416|2169, 6416|2173, 6376|2177, 6376|2202, 6416|2215, 6416|2415, 6232|2419, 6232|2422, 6416|2426, 6564|2429, 6564|2435, 6712|2438, 6712|2564, 6232|2569, 6232|2673, 6416|2676, 6416|2719, 6232|2722, 6416|2725, 6416|2730, 6232|2736, 6416|2751, 6600|2755, 6416|2760, 6416|2769, 6600|2771, 6600|2785, 6232|2790, 6232|2795, 6416|2798, 6416|2807, 6232|2809, 6232|3150, 6216|3157, 6216|3169, 6232|3176, 6048|3181, 6048|3199, 6280|3209, 6280|3215, 6096|3218, 6096|3230, 6280|3232, 6280|3244, 6096|3248, 6096|3256, 6280|3259, 6280|3266, 6096|3268, 6096|3284, 6280|3286, 6280|3314, 6096|3320, 6096|3337, 6280|3341, 6280|3349, 6096|3352, 6096|3399, 6244|3402, 6244|3416, 6096|3418, 6096|3434, 6244|3439, 6096|3447, 6280|3464, 6280|3469, 6096|3473, 6096|3477, 6280|3480, 6280|3509, 6428|3513, 6428|3520, 6280|3523, 6280|3542, 6132|3544, 6132|3558, 6428|3561, 6428|3567, 6280|3570, 6280|3575, 6428|3577, 6428|3587, 6280|3589, 6280|3605, 6096|3616, 6096|3639, 6244|3645, 6244|3651, 6392|3660, 6428|3664, 6428|3678, 6244|3683, 6428|3685, 6428|3705, 6244|3707, 6244|3709, 6428|3712, 6428|3749, 6280|3752, 6280|3760, 6428|3762, 6428|3780, 6244|3782, 6244|3794, 6096|3798, 6096|3807, 6244|3811, 6244|3850, 6428|3853, 6428|3879, 6280|3882, 6280|3892, 6428|3894, 6428|3993, 4732|4000, 4732|4004, com.android.chrome, 
4812|1, 4812|1843, 4996|1846, 5180|1856, 4996|1874, 4076|1885, 4260|1909, 5364|1912, 5364|2337, 5460|2340, 5460|2387, 5572|2392, 5572|2397, 5588|2400, 5588|3828, 4100|3831, 4100|4001, com.android.chrome, 
3556|1, 3556|1816, 3924|1824, 4292|1828, 4292|1895, 5396|1915, 6500|1931, 5580|1935, 5580|2358, 5620|2362, 5620|2518, 5660|2520, 5660|3842, 4172|3845, 4172|4001, com.android.chrome, 
4180|1, 4180|1736, 4548|1747, 4364|1815, 5860|1835, 5860|1849, 5788|1855, 5788|2189, 5752|2194, 5752|2818, 5748|2821, 5748|3685, 4632|3687, 4260|3690, 4260|3848, 4280|3851, 4280|3896, 4284|3900, 4284|4002, com.android.chrome, 
4272|1, 4272|1162, 4276|1164, 4276|1855, 3540|1867, 3540|1881, 4276|1886, 4276|2031, 4460|2035, 4460|2049, 5380|2053, 5564|2058, 5564|2066, 5748|2070, 5748|2149, 5796|2155, 5796|2184, 5804|2186, 5804|2214, 5788|2217, 5788|2352, 5756|2355, 5756|3844, 4268|3851, 4268|4005, com.android.chrome, 
4276|1, 4276|1959, 3908|1965, 4644|1979, 3724|1993, 3724|2030, 3908|2034, 3908|2046, 4276|2055, 4828|2058, 5012|2087, 5012|2439, 5080|2443, 5080|2469, 5000|2475, 5048|2479, 5048|3948, 3560|3955, 3560|4001, com.android.chrome, 
3568|1, 3568|1912, 4672|1925, 4304|1929, 4304|1989, 4488|1999, 5408|2015, 5776|2018, 5776|2347, 5768|2350, 5768|2613, 5756|2616, 5756|3906, 4268|3908, 4268|4001, com.android.chrome, 
4276|1, 4276|1678, 3540|1681, 3724|1690, 3724|1697, 4460|1699, 5012|1709, 5012|1900, 5024|1904, 5024|1912, 5056|1917, 5056|1953, 5060|1957, 5060|2139, 5048|2155, 5048|3611, 3560|3613, 3560|3943, 3580|3947, 3580|4001, com.android.chrome, 
3568|1, 3568|1847, 4672|1889, 4304|1907, 4304|1925, 4488|1971, 5592|1998, 5592|2386, 5708|2389, 5708|2416, 5736|2419, 5736|2445, 5740|2449, 5740|2700, 5756|2704, 5756|3861, 4268|3863, 4268|4001, com.android.chrome, 
4276|1, 4276|1626, 4092|1647, 3540|1697, 3764|1711, 4868|1714, 4868|1734, 4904|1743, 4904|2111, 4940|2114, 4940|2160, 5048|2167, 5048|3621, 3560|3623, 3560|3778, 3580|3789, 3580|4002, com.android.chrome, 
1112|1, 1112|2412, 1116|2419, 1116|3383, 1120|3388, 1120|3419, 1124|3426, 1124|3443, 1128|3451, 1128|4002, com.google.android.apps.photos, 
1116|1, 1116|669, 1120|672, 1120|1609, 1116|1612, 1116|2613, 1124|2624, 1124|2643, 1136|2649, 1136|2668, 1124|2672, 1124|3322, 1120|3325, 1120|3609, 1112|3612, 1112|3640, 1120|3644, 1120|3669, 1116|3672, 1116|4002, com.google.android.apps.photos, 
1116|1, 1116|1836, 1112|1871, 1116|1880, 1116|4002, com.google.android.apps.photos, 
1116|1, 1116|4001, com.google.android.apps.photos, 
1116|1, 1116|2168, 1112|2171, 1112|2228, 1116|2231, 1116|4002, com.google.android.apps.photos, 
1116|1, 1116|4002, com.google.android.apps.photos, 
1116|1, 1116|1819, 1120|1838, 1120|1864, 1116|1872, 1116|4001, com.google.android.apps.photos, 
1116|1, 1116|2105, 1120|2127, 1120|2138, 1116|2141, 1116|4001, com.google.android.apps.photos, 
1116|1, 1116|2639, 1120|2643, 1120|2673, 1116|2677, 1116|4001, com.google.android.apps.photos, 
1116|1, 1116|1923, 1120|1929, 1120|2015, 1116|2018, 1116|4001, com.google.android.apps.photos, 
1120|1, 1120|333, 1116|336, 1116|4002, com.google.android.deskclock, 
1116|1, 1116|4001, com.google.android.deskclock, 
1116|1, 1116|4001, com.google.android.deskclock, 
1116|1, 1116|4006, com.google.android.deskclock, 
1116|1, 1116|2053, 1120|2056, 1120|2153, 1116|2158, 1116|4002, com.google.android.deskclock, 
1116|1, 1116|2364, 1120|2367, 1120|2393, 1116|2396, 1116|4001, com.google.android.deskclock, 
1116|1, 1116|4001, com.google.android.deskclock, 
1116|1, 1116|1947, 1112|1951, 1112|1966, 1116|1969, 1116|4007, com.google.android.deskclock, 
1116|1, 1116|2434, 1112|2440, 1112|2492, 1116|2495, 1116|4001, com.google.android.deskclock, 
1116|1, 1116|1629, 1124|1657, 1120|1683, 1120|2102, 1124|2105, 1124|2301, 1120|2304, 1120|2660, 1116|2663, 1116|4001, com.google.android.deskclock, 
1592|1, 1592|1863, 1776|1866, 1776|1875, 1960|1899, 1960|2163, 1944|2172, 1944|3147, 1952|3149, 1952|3169, 1944|3172, 1944|3831, 1820|3836, 1820|4001, at.DiTronic.androidgroup.randomgallery, 
1740|1, 1740|932, 1556|946, 1556|1398, 1468|1412, 1468|1838, 1836|1862, 1836|2160, 1840|2165, 1840|2261, 1836|2265, 1836|2410, 1808|2413, 1808|2440, 1804|2444, 1804|3703, 1680|3707, 1432|3709, 1432|4001, at.DiTronic.androidgroup.randomgallery, 
1472|1, 1472|1732, 1640|1764, 1640|2725, 1644|2728, 1644|3704, 1520|3708, 1520|3946, 1472|3952, 1472|4002, at.DiTronic.androidgroup.randomgallery, 
1472|1, 1472|1829, 1656|1833, 1840|1859, 1840|2139, 1824|2142, 1824|2170, 1804|2174, 1804|3800, 1432|3806, 1432|4001, at.DiTronic.androidgroup.randomgallery, 
1472|1, 1472|1903, 1840|1907, 1840|2445, 1808|2450, 1808|2477, 1804|2481, 1804|3856, 1432|3860, 1432|4001, at.DiTronic.androidgroup.randomgallery, 
1472|1, 1472|1635, 1464|1707, 1832|1715, 1832|2661, 1828|2663, 1828|2691, 1804|2694, 1804|3539, 1432|3541, 1432|3690, 1472|3693, 1472|4002, at.DiTronic.androidgroup.randomgallery, 
1472|1, 1472|1894, 1840|1927, 1840|2228, 1808|2232, 1808|2257, 1804|2260, 1804|2287, 1800|2290, 1800|2308, 1804|2312, 1804|3868, 1680|3872, 1432|3875, 1432|4001, at.DiTronic.androidgroup.randomgallery, 
1304|1, 1304|1975, 1672|2014, 1672|2043, 1856|2063, 1856|2352, 1852|2358, 1852|2372, 1804|2374, 1804|2377, 1820|2385, 1820|3843, 1448|3845, 1448|4001, at.DiTronic.androidgroup.randomgallery, 
1484|1, 1484|2181, 1668|2186, 1668|2570, 1672|2572, 1672|2579, 1656|2582, 1656|3926, 1532|3928, 1532|4001, at.DiTronic.androidgroup.randomgallery, 
1468|1, 1468|1827, 1652|1838, 1652|2252, 1636|2255, 1636|2352, 1640|2355, 1640|2549, 1636|2554, 1636|2579, 1640|2582, 1640|3799, 1516|3803, 1516|4001, at.DiTronic.androidgroup.randomgallery, 
1476|1, 1476|2380, 1472|2384, 1472|2742, 1476|2752, 1476|4003, com.dropbox.android, 
1476|1, 1476|4002, com.dropbox.android, 
1476|1, 1476|2166, 1472|2170, 1472|2195, 1476|2198, 1476|4002, com.dropbox.android, 
1476|1, 1476|4002, com.dropbox.android, 
1476|1, 1476|4002, com.dropbox.android, 
1476|1, 1476|4002, com.dropbox.android, 
1476|1, 1476|4005, com.dropbox.android, 
1476|1, 1476|4006, com.dropbox.android, 
2020|1, 2020|189, 2024|191, 2024|218, 2020|221, 2020|244, 2204|249, 2204|394, 2388|396, 2388|526, 2204|529, 2204|533, 2020|535, 2020|1187, 2032|1190, 2032|1224, 2044|1230, 2044|1247, 2048|1250, 2048|2161, 2060|2167, 2060|2188, 2056|2193, 2056|2248, 2048|2251, 2048|3185, 2020|3190, 2020|3217, 1976|3222, 1976|4002, com.dropbox.android, 
1976|1, 1976|2321, 1972|2325, 1972|2352, 1976|2356, 1976|4002, com.dropbox.android, 
3936|1, 3936|194, 4120|196, 4120|540, 4304|546, 4304|555, 4284|557, 4284|590, 4376|606, 4376|614, 4420|618, 4420|1006, 4604|1012, 4604|1242, 4420|1281, 4088|1284, 4088|1859, 4108|1875, 4108|2144, 6624|2150, 7364|2161, 7808|2164, 7808|2185, 9432|2189, 9432|2201, 10024|2217, 11948|2221, 11948|2370, 12132|2371, 12132|2390, 13420|2411, 14708|2422, 14708|2430, 15812|2444, 17100|2453, 17836|2456, 18756|2459, 19492|2463, 20412|2469, 20412|2476, 20596|2479, 20964|2483, 21332|2490, 23540|2495, 24276|2498, 24644|2501, 25308|2504, 26196|2506, 27232|2509, 27528|2512, 27528|2552, 27488|2555, 27488|2557, 28228|2561, 29116|2564, 30004|2567, 30448|2570, 31188|2573, 32224|2576, 33112|2579, 34000|2582, 34540|2585, 34688|2588, 35724|2591, 36908|2594, 37796|2597, 38536|2600, 39424|2603, 40460|2605, 41348|2608, 41644|2610, 41624|2620, 41624|2643, 41720|2647, 41720|2655, 42164|2661, 42904|2665, 43348|2668, 43940|2672, 44828|2680, 47344|2683, 47936|2687, 48676|2690, 48972|2693, 49860|2696, 49860|2704, 50156|2706, 51044|2710, 51636|2712, 52080|2715, 52080|2727, 52672|2729, 53116|2732, 53264|2735, 53264|2748, 53632|2758, 53816|2761, 53816|2774, 54000|2777, 54368|2780, 54368|2798, 54736|2807, 54736|2814, 54920|2817, 55288|2825, 55288|3141, 55656|3145, 55656|3148, 55472|3152, 55104|3156, 55104|3466, 55156|3470, 55156|3582, 55200|3586, 55200|3616, 55216|3619, 55216|3643, 55292|3646, 55292|4002, com.imdb.mobile, 
28408|1, 28408|1771, 28412|1795, 28412|1805, 28416|1809, 28416|1885, 29152|1891, 29520|1896, 29704|1906, 30808|1923, 33200|1935, 35040|1939, 35408|1951, 35408|2036, 35592|2041, 36512|2047, 37064|2051, 37616|2055, 38536|2059, 38904|2063, 39272|2067, 40192|2071, 40560|2074, 41112|2078, 41848|2081, 42400|2088, 42400|2186, 42584|2194, 44056|2198, 44608|2202, 45528|2208, 47368|2215, 48104|2218, 48840|2222, 49576|2228, 50312|2237, 51048|2248, 51416|2254, 51416|2259, 51600|2268, 52520|2271, 52520|2288, 53256|2293, 53256|2305, 53808|2308, 53808|2314, 54176|2317, 54544|2321, 54728|2325, 54912|2327, 54912|2332, 55096|2335, 55464|2337, 55464|2711, 55540|2714, 55540|2760, 55636|2765, 55636|2769, 55716|2772, 55716|2802, 55740|2804, 55740|3699, 53756|3701, 52392|3704, 49168|3706, 46316|3708, 45572|3710, 43836|3712, 39992|3714, 37512|3717, 37512|3719, 34908|3721, 31684|3723, 29080|3726, 28460|3728, 28460|3850, 28408|3853, 28408|4011, com.imdb.mobile, 
25912|1, 25912|2013, 26648|2026, 29040|2031, 29776|2041, 32352|2044, 32904|2067, 32904|2161, 33456|2165, 33824|2167, 33824|2169, 34192|2175, 35112|2178, 35848|2182, 36584|2185, 37688|2190, 38424|2194, 39160|2198, 40108|2212, 40108|2233, 40104|2241, 40104|2302, 41208|2310, 42128|2314, 42680|2317, 43416|2325, 44336|2328, 44888|2341, 47096|2344, 47832|2348, 48200|2369, 48384|2378, 49120|2384, 49120|2394, 49672|2404, 50408|2420, 50776|2434, 50960|2436, 50960|2439, 51512|2442, 51696|2445, 51696|2450, 52248|2453, 52248|2456, 52432|2459, 52616|2462, 52800|2464, 52984|2468, 53352|2471, 53352|3003, 53316|3006, 53316|3170, 53376|3173, 53376|3201, 53332|3203, 53332|3228, 53340|3232, 53340|3825, 52596|3827, 51604|3830, 49000|3832, 45528|3834, 43420|3836, 42924|3839, 39576|3841, 36600|3843, 35360|3845, 33376|3848, 30152|3850, 27672|3852, 25936|3854, 25936|4005, com.imdb.mobile, 
25940|1, 25940|2020, 28332|2034, 28516|2039, 28884|2046, 29620|2058, 30908|2075, 32932|2097, 32932|2156, 34404|2159, 35692|2167, 36428|2169, 37164|2172, 37716|2176, 38452|2179, 38452|2181, 39188|2185, 39924|2198, 39924|2263, 40108|2272, 41396|2276, 42316|2280, 42868|2284, 43052|2286, 43788|2290, 44708|2294, 45444|2298, 46180|2302, 46916|2304, 47652|2307, 48024|2319, 48024|2321, 48472|2339, 49208|2344, 50216|2369, 50768|2388, 51504|2400, 51872|2405, 52608|2412, 52792|2418, 52792|2420, 53344|2423, 53344|2431, 53528|2434, 53528|3025, 53488|3029, 53488|3292, 53464|3294, 53464|3323, 53356|3326, 53356|3361, 53296|3364, 53296|3751, 53172|3753, 51312|3756, 49328|3758, 46104|3761, 43128|3763, 41268|3769, 35068|3771, 35068|3774, 32588|3776, 28620|3778, 26636|3780, 26016|3782, 26016|4001, com.imdb.mobile, 
25940|1, 25940|2052, 26308|2061, 27596|2076, 30356|2092, 32748|2097, 32932|2116, 32932|2170, 33300|2178, 33852|2182, 34772|2187, 35692|2194, 36428|2198, 36980|2204, 37532|2207, 38084|2209, 38636|2213, 39556|2228, 39924|2233, 39924|2302, 40108|2306, 40764|2315, 40764|2317, 41500|2325, 42788|2328, 43524|2332, 44260|2339, 46256|2347, 47728|2350, 48096|2364, 48096|2366, 48648|2377, 49312|2392, 50416|2396, 50600|2400, 50784|2406, 50784|2414, 51336|2422, 51704|2426, 51704|2428, 52256|2433, 52256|2439, 52624|2442, 52624|2449, 53176|2452, 53176|2458, 53360|2461, 53360|2943, 53252|2946, 53252|3310, 53244|3313, 53244|3371, 53296|3374, 53296|3860, 43128|3869, 42632|3871, 38664|3874, 35440|3875, 35068|3878, 32588|3880, 28372|3882, 26016|3885, 26016|4001, com.imdb.mobile, 
25940|1, 25940|1478, 25944|1566, 27052|1588, 27052|1768, 27236|1772, 28524|1779, 30364|1786, 30548|1794, 31468|1803, 32572|1806, 33308|1813, 34596|1824, 34964|1839, 34964|1898, 35148|1917, 38644|1921, 39380|1929, 41036|1932, 41772|1935, 41956|1949, 41956|2009, 42508|2013, 43244|2018, 43980|2029, 46004|2033, 46372|2039, 47476|2043, 48580|2048, 49132|2054, 49132|2080, 49500|2087, 50052|2091, 50236|2094, 50236|2135, 50604|2139, 50788|2141, 50788|2144, 51156|2148, 51524|2155, 51524|2160, 51708|2163, 52076|2170, 52076|2444, 52084|2448, 52084|2479, 52148|2483, 52148|2505, 52240|2508, 52240|2535, 52296|2538, 52296|3496, 51180|3498, 50312|3501, 47832|3503, 44360|3505, 42252|3508, 42128|3510, 40392|3512, 37416|3514, 34812|3517, 33944|3519, 32952|3521, 30100|3523, 27496|3525, 26008|3527, 26008|3534, 25940|3538, 25940|4002, com.imdb.mobile, 
25940|1, 25940|1783, 25948|1786, 25948|1840, 25940|1844, 25940|1989, 26676|2008, 28148|2019, 29252|2031, 30356|2046, 32932|2049, 32932|2190, 33852|2202, 35324|2206, 36244|2214, 37716|2217, 38452|2222, 39188|2229, 39924|2234, 39924|2331, 40844|2336, 44524|2369, 46548|2371, 47100|2374, 47284|2377, 47284|2379, 47836|2382, 48204|2387, 48204|2389, 48756|2401, 49308|2404, 49308|2414, 49492|2419, 50412|2430, 50596|2433, 50780|2437, 51332|2440, 51516|2448, 52252|2452, 52436|2456, 52804|2464, 52988|2466, 53540|2474, 53540|2751, 53584|2756, 53584|2792, 53620|2796, 53620|2812, 53584|2815, 53584|3759, 51600|3761, 49120|3764, 41308|3773, 36596|3776, 34860|3779, 29900|3782, 27056|3785, 26188|3787, 26188|4001, com.imdb.mobile, 
26228|1, 26228|1977, 26232|1991, 26236|2035, 32676|2129, 33228|2146, 33228|2200, 33964|2204, 36356|2220, 37092|2223, 37644|2226, 38564|2230, 39300|2233, 40220|2244, 40220|2332, 40588|2340, 42980|2352, 43900|2355, 45004|2361, 45740|2370, 45740|2386, 46476|2393, 46844|2398, 47580|2401, 48316|2404, 48316|2423, 48684|2428, 49236|2432, 49604|2436, 49604|2455, 49972|2461, 50708|2464, 50708|2469, 51076|2481, 51076|2491, 51996|2495, 51996|2497, 52180|2501, 52548|2505, 52916|2508, 52916|2515, 53652|2524, 53652|2944, 53556|2947, 53556|2980, 53492|2983, 53492|3003, 53560|3007, 53560|3867, 52816|3869, 51576|3872, 49220|3874, 47732|3876, 46988|3878, 45500|3880, 43392|3883, 42276|3885, 35332|3892, 34216|3894, 30248|3896, 27272|3898, 26280|3900, 26280|4001, com.imdb.mobile, 
26228|1, 26228|1627, 26596|1676, 27884|1683, 29540|1697, 32852|1713, 33220|1737, 33220|1865, 33956|1876, 36348|1888, 38372|1893, 39476|1900, 40396|1906, 40396|1978, 40764|1983, 41132|1987, 42972|1999, 43524|2002, 43892|2006, 44628|2009, 45548|2030, 48356|2035, 48356|2044, 48504|2049, 49392|2053, 49392|2076, 50804|2082, 51840|2099, 51840|2105, 52492|2110, 52640|2114, 52640|2119, 52788|2124, 52788|2127, 52936|2131, 53084|2136, 53452|2141, 53600|2144, 53600|3006, 53496|3009, 53496|3073, 53588|3076, 53588|3102, 53560|3105, 53560|3498, 51560|3500, 50444|3503, 46476|3506, 43392|3508, 43392|3510, 39796|3513, 35324|3518, 33216|3521, 29620|3523, 27872|3525, 27372|3527, 26272|3535, 26272|4002, com.imdb.mobile, 
26228|1, 26228|1946, 27332|1955, 28252|1964, 30092|1969, 30828|1977, 32668|1980, 33036|1995, 33220|1999, 33220|2222, 33588|2226, 34508|2231, 34876|2234, 35244|2239, 36348|2243, 37452|2251, 38372|2255, 39844|2266, 41316|2270, 41316|2277, 41500|2284, 42420|2287, 42420|2297, 43524|2307, 43524|2319, 44076|2325, 44076|2336, 44812|2339, 44812|2344, 44996|2347, 45364|2350, 45364|2352, 45732|2355, 46468|2398, 46468|2473, 46544|2477, 46544|2505, 46484|2519, 46484|2543, 46496|2547, 46496|2565, 46484|2569, 46484|3727, 42144|3748, 37308|3751, 36316|3753, 36316|3755, 33712|3756, 29868|3759, 27388|3761, 26272|3763, 26272|4001, com.imdb.mobile, 
1400|1, 1400|1999, 1404|2002, 1404|2030, 1400|2032, 1400|4001, com.cnn.mobile.android.phone, 
1400|1, 1400|2231, 1380|2234, 1380|2261, 1388|2264, 1388|2290, 1400|2294, 1400|4001, com.cnn.mobile.android.phone, 
1400|1, 1400|2410, 1404|2413, 1404|2544, 1400|2547, 1400|4002, com.cnn.mobile.android.phone, 
1400|1, 1400|2504, 1404|2507, 1404|2564, 1400|2567, 1400|4001, com.cnn.mobile.android.phone, 
1400|1, 1400|2629, 1396|2635, 1396|2657, 1400|2659, 1400|4002, com.cnn.mobile.android.phone, 
1400|1, 1400|1775, 1404|1778, 1404|1805, 1400|1808, 1400|4001, com.cnn.mobile.android.phone, 
1400|1, 1400|2155, 1420|2158, 1420|2302, 1400|2305, 1400|4001, com.cnn.mobile.android.phone, 
1400|1, 1400|2550, 1404|2553, 1404|2578, 1396|2582, 1396|2611, 1400|2615, 1400|4002, com.cnn.mobile.android.phone, 
1400|1, 1400|1747, 1404|1796, 1400|1805, 1400|4002, com.cnn.mobile.android.phone, 
1400|1, 1400|4002, com.cnn.mobile.android.phone, 
1804|1, 1804|2044, 1800|2059, 1800|2070, 1804|2086, 1804|4001, com.csst.ecdict, 
1556|1, 1556|246, 1476|249, 1476|4001, com.csst.ecdict, 
1476|1, 1476|4001, com.csst.ecdict, 
1476|1, 1476|2070, 1480|2094, 1480|2143, 1476|2151, 1476|4001, com.csst.ecdict, 
1476|1, 1476|2336, 1480|2344, 1480|2397, 1476|2399, 1476|4002, com.csst.ecdict, 
1476|1, 1476|2301, 1484|2305, 1484|2551, 1480|2555, 1480|2648, 1476|2651, 1476|4002, com.csst.ecdict, 
1476|1, 1476|4003, com.csst.ecdict, 
1476|1, 1476|2161, 1480|2163, 1480|2276, 1476|2280, 1476|4001, com.csst.ecdict, 
1476|1, 1476|4001, com.csst.ecdict, 
1476|1, 1476|4001, com.csst.ecdict, 
1272|1, 1272|2465, 1276|2469, 1276|2554, 1272|2557, 1272|4001, com.facebook.katana, 
1272|1, 1272|4002, com.facebook.katana, 
1272|1, 1272|4001, com.facebook.katana, 
1272|1, 1272|4005, com.facebook.katana, 
1272|1, 1272|2149, 1276|2238, 1272|2282, 1272|4003, com.facebook.katana, 
1272|1, 1272|4001, com.facebook.katana, 
1272|1, 1272|4011, com.facebook.katana, 
1272|1, 1272|2086, 1268|2094, 1268|2145, 1272|2148, 1272|4001, com.facebook.katana, 
1272|1, 1272|4001, com.facebook.katana, 
1272|1, 1272|2808, 1276|2813, 1276|2859, 1272|2861, 1272|4001, com.facebook.katana, 
1272|1, 1272|4001, com.whatsapp, 
1272|1, 1272|1899, 1276|1904, 1276|2290, 1272|2294, 1272|4001, com.whatsapp, 
1272|1, 1272|2131, 1268|2136, 1268|2374, 1272|2378, 1272|4001, com.whatsapp, 
1272|1, 1272|2251, 1280|2255, 1280|2283, 1276|2287, 1276|2506, 1272|2513, 1272|4002, com.whatsapp, 
1272|1, 1272|4001, com.whatsapp, 
1272|1, 1272|2104, 1268|2107, 1268|2400, 1272|2404, 1272|4001, com.whatsapp, 
1272|1, 1272|2256, 1268|2259, 1268|2288, 1272|2291, 1272|4002, com.whatsapp, 
1272|1, 1272|1834, 1268|1846, 1268|1877, 1272|1880, 1272|4001, com.whatsapp, 
1272|1, 1272|4002, com.whatsapp, 
1272|1, 1272|4003, com.whatsapp, 
1272|1, 1272|1509, 1276|1525, 1276|2493, 1272|2496, 1272|4003, org.telegram.messenger, 
1272|1, 1272|2397, 1568|2404, 1568|2799, 1420|2801, 1420|2877, 1436|2882, 1436|2906, 1444|2911, 1444|2940, 1424|2949, 1424|2969, 1496|2972, 1496|4001, org.telegram.messenger, 
1500|1, 1500|4002, org.telegram.messenger, 
1500|1, 1500|4002, org.telegram.messenger, 
1500|1, 1500|4001, org.telegram.messenger, 
1500|1, 1500|1587, 1496|1595, 1496|1624, 1500|1654, 1504|1667, 1504|2586, 1500|2589, 1500|4001, org.telegram.messenger, 
1500|1, 1500|4001, org.telegram.messenger, 
1500|1, 1500|2194, 1504|2224, 1504|2254, 1500|2260, 1500|4006, org.telegram.messenger, 
1500|1, 1500|2281, 1496|2285, 1496|2564, 1500|2567, 1500|4001, org.telegram.messenger, 
1500|1, 1500|2365, 1504|2368, 1504|2378, 1500|2381, 1500|4001, org.telegram.messenger, 
1500|1, 1500|2481, 1508|2484, 1508|2571, 1500|2584, 1500|4001, com.instagram.android, 
1500|1, 1500|1744, 1496|1747, 1496|1777, 1500|1787, 1500|4004, com.instagram.android, 
1500|1, 1500|4002, com.instagram.android, 
1500|1, 1500|4002, com.instagram.android, 
1500|1, 1500|4001, com.instagram.android, 
1500|1, 1500|4002, com.instagram.android, 
1500|1, 1500|2005, 1504|2008, 1504|2035, 1500|2039, 1500|4001, com.instagram.android, 
1500|1, 1500|2297, 1496|2300, 1496|2454, 1500|2458, 1500|4111, com.instagram.android, 
1500|1, 1500|1576, 1504|1586, 1504|2230, 1500|2235, 1500|4002, com.instagram.android, 
1500|1, 1500|4009, com.instagram.android, 
1500|1, 1500|4001, com.skype.raider, 
1500|1, 1500|4002, com.skype.raider, 
1500|1, 1500|2295, 1504|2300, 1504|2319, 1500|2331, 1500|4003, com.skype.raider, 
1500|1, 1500|4001, com.skype.raider, 
1500|1, 1500|2698, 1496|2700, 1496|2759, 1500|2762, 1500|4001, com.skype.raider, 
1500|1, 1500|2002, 1508|2005, 1508|2022, 1504|2026, 1504|2032, 1500|2035, 1500|4001, com.skype.raider, 
1500|1, 1500|4002, com.skype.raider, 
1500|1, 1500|1844, 1496|1857, 1496|1862, 1500|1875, 1500|2238, 1504|2242, 1504|2906, 1500|2909, 1500|4001, com.skype.raider, 
1500|1, 1500|4001, com.skype.raider, 
1500|1, 1500|2528, 1504|2531, 1504|2586, 1500|2589, 1500|4002, com.skype.raider, 
