1208|1, 1208|554, 1212|582, 1212|4003, com.android.chrome/org.chromium.chrome.browser.preferences.Preferences, 
984|1, 984|429, 1204|431, 1204|1363, 1116|1366, 1116|2023, 1136|2057, 1136|4001, com.android.chrome/org.chromium.chrome.browser.history.HistoryActivity, 
984|1, 984|542, 1132|544, 1132|627, 984|645, 984|792, 1076|801, 1240|814, 1240|827, 1260|834, 1260|1802, 1272|1823, 1272|4010, com.android.chrome/org.chromium.chrome.browser.firstrun.FirstRunActivity, 
984|1, 984|375, 988|383, 988|494, 1284|511, 1284|563, 1136|569, 1136|1425, 1204|1427, 1204|4010, com.android.chrome/org.chromium.chrome.browser.bookmarks.BookmarkAddActivity, 
984|1, 984|533, 1280|569, 1280|781, 1308|819, 1256|831, 1272|839, 1272|1799, 1276|1804, 1276|1820, 1296|1831, 1300|1833, 1300|2711, 1312|2714, 1312|2817, 1316|2823, 1316|2857, 1336|2879, 1336|3814, 1328|3843, 1328|4002, com.android.chrome/org.chromium.chrome.browser.searchwidget.SearchActivity, 
988|1, 988|621, 1284|633, 1284|761, 1136|782, 1136|1465, 1212|1467, 1212|1482, 1272|1484, 1272|1505, 1284|1522, 1284|2489, 1320|2491, 1320|2745, 1332|2748, 1332|4001, com.android.chrome/org.chromium.chrome.browser.searchwidget.SearchActivity, 
988|1, 988|714, 1284|738, 1284|951, 1332|959, 1336|987, 1240|989, 1240|1954, 1352|1977, 1352|1986, 1380|1987, 1380|2945, 1404|2957, 1404|2958, 1408|2973, 1408|4003, com.android.chrome/org.chromium.chrome.browser.incognito.IncognitoTabLauncher, 
988|1, 988|469, 1208|474, 1208|1292, 1168|1294, 1168|1325, 1188|1332, 1188|1338, 1204|1341, 1204|2315, 1208|2323, 1208|4002, com.android.chrome/org.chromium.chrome.browser.history.HistoryActivity, 
988|1, 988|1003, 992|1006, 992|4003, com.android.chrome/org.chromium.chrome.browser.preferences.website.ManageSpaceActivity, 
988|1, 988|978, 1208|980, 1208|1464, 1172|1478, 1260|1497, 1284|1513, 1296|1515, 1296|2485, 1332|2487, 1332|2492, 1356|2493, 1356|2495, 1380|2497, 1380|2506, 1400|2507, 1400|3492, 1404|3494, 1404|4001, com.android.chrome/org.chromium.chrome.browser.incognito.IncognitoTabLauncher, 
988|1, 988|867, 992|882, 992|4004, com.android.chrome/org.chromium.chrome.browser.preferences.website.ManageSpaceActivity, 
988|1, 988|387, 992|400, 992|616, 1288|620, 1288|695, 1140|696, 1140|1388, 1156|1399, 1224|1401, 1224|1404, 1244|1410, 1244|1442, 1272|1445, 1272|2408, 1276|2413, 1276|4001, com.android.chrome/org.chromium.chrome.browser.firstrun.FirstRunActivity, 
988|1, 988|599, 1208|607, 1208|696, 988|698, 988|738, 1208|739, 1208|865, 1136|867, 1136|877, 1152|880, 1152|892, 1236|897, 1236|899, 1284|901, 1284|1919, 1308|1920, 1308|1922, 1332|1931, 1332|2887, 1324|2894, 1324|2934, 1328|2938, 1328|4001, com.android.chrome/org.chromium.chrome.browser.searchwidget.SearchActivity, 
988|1, 988|394, 992|395, 992|580, 1212|582, 1212|1355, 1368|1358, 1368|1371, 1372|1375, 1372|1379, 1316|1380, 1316|1388, 1208|1391, 1208|4001, com.android.chrome/org.chromium.chrome.browser.bookmarks.BookmarkAddActivity, 
988|1, 988|419, 1208|428, 1208|885, 1088|886, 1088|887, 1160|896, 1160|909, 1204|911, 1204|4001, com.android.chrome/org.chromium.chrome.browser.sync.ui.PassphraseActivity, 
988|1, 988|4002, com.android.chrome/org.chromium.chrome.browser.media.router.caf.remoting.CafExpandedControllerActivity, 
988|1, 988|521, 1208|526, 1208|959, 1124|965, 1124|970, 1132|976, 1132|980, 1152|981, 1152|988, 1204|989, 1204|4001, com.android.chrome/org.chromium.chrome.browser.sync.ui.PassphraseActivity, 
988|1, 988|499, 1208|502, 1208|571, 1340|573, 1340|580, 1276|584, 1276|1144, 1304|1146, 1304|1614, 1312|1620, 1312|4001, com.android.chrome/org.chromium.chrome.browser.signin.SigninActivity, 
988|1, 988|704, 992|708, 992|713, 1000|715, 1000|775, 1220|784, 1220|1700, 1284|1703, 1288|1704, 1288|1717, 1336|1725, 1336|2333, 1360|2338, 1360|2703, 1396|2705, 1396|2706, 1404|2718, 1404|2722, 1408|2727, 1408|3703, 1412|3705, 1412|4001, com.android.chrome/org.chromium.chrome.browser.incognito.IncognitoTabLauncher, 
988|1, 988|657, 1136|668, 1136|674, 1284|678, 1284|1147, 1288|1151, 1288|1161, 1184|1163, 1184|1170, 1192|1175, 1192|1191, 1204|1193, 1204|1649, 1208|1661, 1208|2167, 1204|2169, 1204|2395, 1208|2400, 1208|4001, com.android.chrome/org.chromium.chrome.browser.bookmarks.BookmarkAddActivity, 
988|1, 988|646, 992|648, 992|4001, com.android.chrome/org.chromium.chrome.browser.preferences.website.ManageSpaceActivity, 
988|1, 988|1191, 1020|1194, 1020|1200, 1036|1202, 1036|1229, 1208|1230, 1208|4002, com.android.chrome/org.chromium.chrome.browser.bookmarks.BookmarkAddActivity, 
988|1, 988|663, 1428|686, 1428|759, 1364|760, 1364|778, 1368|781, 1368|784, 1376|800, 1376|1127, 2560|1142, 2856|1144, 2856|1149, 1968|1151, 1524|1158, 1524|1788, 1516|1790, 1516|1841, 1544|1852, 1464|1854, 1464|1864, 1520|1866, 1520|2787, 1524|2789, 1524|2898, 1528|2900, 1528|4001, com.android.chrome/org.chromium.chrome.browser.customtabs.CustomTabActivity, 
988|1, 988|305, 996|310, 996|332, 992|338, 992|4001, com.android.chrome/org.chromium.chrome.browser.preferences.website.ManageSpaceActivity, 
988|1, 988|847, 992|852, 992|4001, com.android.chrome/org.chromium.chrome.browser.preferences.website.ManageSpaceActivity, 
988|1, 988|522, 1208|532, 1208|1293, 1148|1299, 1148|1443, 1068|1445, 1068|1450, 1204|1451, 1204|1887, 1212|1890, 1212|4001, com.android.chrome/org.chromium.chrome.browser.download.DownloadActivity, 
988|1, 988|906, 1124|910, 1124|936, 1320|938, 1320|942, 1204|945, 1204|4002, com.android.chrome/org.chromium.chrome.browser.sync.ui.PassphraseActivity, 
988|1, 988|426, 1208|427, 1208|452, 1164|453, 1164|467, 1304|469, 1304|475, 1316|478, 1316|485, 1308|489, 1308|1242, 1188|1244, 1188|1472, 1196|1474, 1196|1508, 1208|1518, 1208|4003, com.android.chrome/org.chromium.chrome.browser.history.HistoryActivity, 
988|1, 988|447, 1208|459, 1208|686, 1428|687, 1428|690, 1208|691, 1208|1089, 1220|1090, 1220|1091, 1232|1093, 1232|1124, 1268|1130, 1268|1245, 1212|1247, 1212|4001, com.android.chrome/org.chromium.chrome.browser.download.DownloadActivity, 
988|1, 988|594, 1000|596, 1000|670, 1220|689, 1220|1142, 2700|1166, 1368|1168, 1368|1580, 1424|1582, 1424|1610, 1440|1612, 1440|1613, 1456|1616, 1480|1618, 1480|1922, 1488|1929, 1488|2621, 1516|2623, 1536|2624, 1536|3606, 1528|3612, 1528|4001, com.android.chrome/org.chromium.chrome.browser.customtabs.CustomTabActivity, 
988|1, 988|552, 1208|554, 1208|1067, 1236|1074, 1236|1084, 1372|1088, 1372|1089, 1324|1091, 1324|1100, 1208|1104, 1208|4001, com.android.chrome/org.chromium.chrome.browser.bookmarks.BookmarkAddActivity, 
988|1, 988|399, 1208|401, 1208|431, 1428|445, 1428|497, 1208|501, 1208|703, 1160|707, 1160|1079, 1184|1087, 1184|1485, 1200|1497, 1200|1671, 1204|1679, 1204|4008, com.android.chrome/org.chromium.chrome.browser.sync.ui.PassphraseActivity, 
988|1, 988|603, 1208|605, 1208|1240, 1228|1243, 1228|1275, 1264|1277, 1264|1292, 1204|1294, 1204|4001, com.android.chrome/org.chromium.chrome.browser.preferences.Preferences, 
988|1, 988|732, 1208|736, 1208|835, 1276|845, 1320|852, 1320|855, 1248|857, 1248|864, 1384|866, 1384|1194, 2864|1202, 1680|1204, 1680|1848, 1684|1850, 1684|1868, 1700|1871, 1500|1873, 1500|1885, 1520|1887, 1520|2858, 1528|2861, 1528|2864, 1532|2868, 1532|2885, 1528|2886, 1528|4002, com.android.chrome/org.chromium.chrome.browser.customtabs.PaymentHandlerActivity, 
988|1, 988|1845, 992|1849, 992|4001, com.android.chrome/org.chromium.chrome.browser.preferences.website.ManageSpaceActivity, 
988|1, 988|613, 1208|618, 1208|944, 1244|945, 1244|947, 1256|956, 1272|958, 1272|1956, 1276|1964, 1276|4001, com.android.chrome/org.chromium.chrome.browser.firstrun.FirstRunActivity, 
988|1, 988|413, 1208|416, 1208|464, 1296|470, 1296|1068, 1300|1071, 1300|1464, 1304|1466, 1312|1469, 1312|4003, com.android.chrome/org.chromium.chrome.browser.signin.SigninActivity, 
988|1, 988|43, 992|45, 992|52, 988|56, 988|674, 1428|677, 1428|1025, 1244|1030, 1244|1041, 1276|1043, 1276|1046, 1284|1053, 1284|2043, 1332|2044, 1336|2053, 1336|3048, 1328|3054, 1328|4005, com.android.chrome/org.chromium.chrome.browser.searchwidget.SearchActivity, 
988|1, 988|371, 1208|373, 1208|555, 1148|560, 1148|562, 1152|564, 1152|1549, 1248|1551, 1248|1552, 1256|1556, 1256|1562, 1216|1569, 1216|4001, com.android.chrome/org.chromium.chrome.browser.download.DownloadActivity, 
988|1, 988|503, 1208|514, 1208|1051, 1112|1053, 1112|1062, 1044|1064, 1044|1075, 1156|1076, 1156|1077, 1208|1083, 1208|4002, com.android.chrome/org.chromium.chrome.browser.history.HistoryActivity, 
988|1, 988|515, 1208|518, 1208|614, 1152|618, 1152|623, 1288|626, 1288|1166, 1304|1171, 1304|1599, 1312|1601, 1312|4001, com.android.chrome/org.chromium.chrome.browser.signin.SigninActivity, 
988|1, 988|468, 1208|481, 1208|1104, 1084|1106, 1084|1114, 1096|1116, 1096|1118, 1160|1120, 1160|1132, 1204|1134, 1204|4002, com.android.chrome/org.chromium.chrome.browser.sync.ui.PassphraseActivity, 
988|1, 988|695, 1020|697, 1020|712, 1112|714, 1112|722, 1252|724, 1252|1015, 1200|1021, 1200|1699, 1204|1701, 1204|4001, com.android.chrome/org.chromium.chrome.browser.sync.ui.PassphraseActivity, 
988|1, 988|618, 1208|621, 1208|1237, 1328|1246, 1348|1248, 1348|1257, 1392|1260, 1392|1269, 1288|1270, 1288|2222, 1292|2229, 1292|2268, 1304|2270, 1304|2356, 1336|2357, 1336|3267, 1328|3271, 1328|4001, com.android.chrome/org.chromium.chrome.browser.searchwidget.SearchActivity, 
988|1, 988|416, 1208|420, 1208|507, 1428|517, 1428|848, 1376|853, 1376|1012, 1384|1014, 1384|1125, 1312|1130, 1312|4004, com.android.chrome/org.chromium.chrome.browser.signin.SigninActivity, 
988|1, 988|4003, com.android.chrome/org.chromium.chrome.browser.media.router.caf.remoting.CafExpandedControllerActivity, 
988|1, 988|483, 1208|492, 1208|1057, 1148|1058, 1148|1080, 1156|1089, 1156|1090, 1292|1092, 1292|1094, 1204|1095, 1204|1541, 1208|1543, 1208|4001, com.android.chrome/org.chromium.chrome.browser.history.HistoryActivity, 
988|1, 988|648, 1004|655, 1144|657, 1144|662, 1212|665, 1212|1281, 1320|1289, 1320|1641, 1192|1643, 1192|1661, 1200|1664, 1200|1885, 1212|1889, 1212|4001, com.android.chrome/org.chromium.chrome.browser.download.DownloadActivity, 
988|1, 988|434, 1208|442, 1208|1054, 1216|1059, 1216|1130, 1172|1132, 1172|1383, 1312|1385, 1312|4001, com.android.chrome/org.chromium.chrome.browser.signin.SigninActivity, 
988|1, 988|4001, com.android.chrome/org.chromium.chrome.browser.media.router.caf.remoting.CafExpandedControllerActivity, 
988|1, 988|611, 1208|613, 1208|1277, 1292|1278, 1292|1281, 1372|1283, 1372|1294, 1264|1296, 1264|1303, 1276|1306, 1276|4001, com.android.chrome/org.chromium.chrome.browser.firstrun.FirstRunActivity, 
988|1, 988|454, 1208|460, 1208|709, 988|711, 988|848, 1048|849, 1048|856, 1192|858, 1192|870, 1208|878, 1212|884, 1212|4001, com.android.chrome/org.chromium.chrome.browser.download.DownloadActivity, 
988|1, 988|416, 1000|419, 1000|467, 1220|472, 1220|628, 1000|630, 1000|1347, 1024|1350, 1024|1410, 1168|1412, 1168|1417, 1208|1425, 1208|4001, com.android.chrome/org.chromium.chrome.browser.preferences.Preferences, 
988|1, 988|522, 1208|525, 1208|616, 1428|626, 1428|732, 1208|735, 1208|921, 1236|922, 1236|933, 1176|939, 1176|944, 1184|954, 1184|960, 1204|964, 1204|1957, 1208|1959, 1208|4001, com.android.chrome/org.chromium.chrome.browser.history.HistoryActivity, 
988|1, 988|503, 992|507, 992|517, 1212|522, 1212|628, 992|630, 992|992, 1036|996, 1036|1494, 1080|1496, 1080|1511, 1084|1512, 1084|1650, 1204|1652, 1204|4002, com.android.chrome/org.chromium.chrome.browser.sync.ui.PassphraseActivity, 
988|1, 988|490, 1208|498, 1208|602, 1428|603, 1428|707, 1208|709, 1208|1018, 1232|1020, 1232|1032, 1248|1034, 1248|1038, 1196|1044, 1196|1047, 1208|1049, 1208|4001, com.android.chrome/org.chromium.chrome.browser.history.HistoryActivity, 
988|1, 988|546, 992|553, 992|4001, com.android.chrome/org.chromium.chrome.browser.preferences.website.ManageSpaceActivity, 
988|1, 988|4003, com.android.chrome/org.chromium.chrome.browser.media.router.caf.remoting.CafExpandedControllerActivity, 
988|1, 988|644, 1220|648, 1220|656, 1148|658, 1368|671, 1368|806, 1148|808, 1148|1623, 1184|1626, 1184|1637, 1204|1639, 1204|1643, 1284|1648, 1284|1660, 1288|1662, 1288|2659, 1300|2663, 1300|2691, 1320|2697, 1320|2739, 1336|2749, 1336|3143, 1328|3145, 1328|4006, com.android.chrome/org.chromium.chrome.browser.searchwidget.SearchActivity, 
988|1, 988|561, 1208|571, 1208|1151, 1236|1153, 1236|1164, 1248|1166, 1248|1185, 1204|1187, 1204|1522, 1208|1530, 1208|4002, com.android.chrome/org.chromium.chrome.browser.bookmarks.BookmarkAddActivity, 
988|1, 988|670, 1208|671, 1208|732, 1296|740, 1296|745, 1360|755, 1360|1238, 1288|1244, 1288|1732, 1200|1739, 1200|1742, 1204|1747, 1204|4001, com.android.chrome/org.chromium.chrome.browser.sync.ui.PassphraseActivity, 
988|1, 988|4003, com.android.chrome/org.chromium.chrome.browser.media.router.caf.remoting.CafExpandedControllerActivity, 
988|1, 988|829, 1208|837, 1208|839, 1300|855, 1300|862, 1328|880, 1364|903, 1364|1842, 1428|1844, 1428|1853, 1436|1854, 1436|1862, 1328|1864, 1328|1869, 1344|1874, 1344|2426, 1356|2432, 1356|2850, 1380|2859, 1380|2872, 1396|2880, 1412|2882, 1412|4004, com.android.chrome/org.chromium.chrome.browser.incognito.IncognitoTabLauncher, 
988|1, 988|323, 992|325, 992|395, 988|401, 988|4001, com.android.chrome/org.chromium.chrome.browser.media.router.caf.remoting.CafExpandedControllerActivity, 
988|1, 988|576, 1136|578, 1136|603, 1284|605, 1284|801, 1136|802, 1136|900, 1172|910, 1172|914, 1256|920, 1256|923, 1260|927, 1260|933, 1284|935, 1284|1060, 2764|1069, 1432|1071, 1432|1846, 1444|1848, 1444|1923, 1468|1925, 1468|1932, 1520|1937, 1520|2916, 1524|2921, 1524|2933, 1528|2934, 1528|3923, 1532|3925, 1532|4001, com.android.chrome/org.chromium.chrome.browser.customtabs.PaymentHandlerActivity, 
988|1, 988|425, 1208|433, 1208|453, 1216|455, 1236|457, 1236|1423, 1176|1424, 1176|1432, 1308|1434, 1308|1450, 1312|1457, 1312|4001, com.android.chrome/org.chromium.chrome.browser.signin.SigninActivity, 
988|1, 988|448, 1208|450, 1208|1013, 1272|1015, 1272|1031, 1312|1033, 1312|4006, com.android.chrome/org.chromium.chrome.browser.signin.SigninActivity, 
988|1, 988|502, 1208|503, 1208|554, 1360|556, 1360|563, 1364|566, 1364|721, 1144|722, 1144|1317, 1196|1319, 1196|1547, 1200|1549, 1200|2043, 1208|2044, 1208|4001, com.android.chrome/org.chromium.chrome.browser.history.HistoryActivity, 
988|1, 988|641, 1208|650, 1208|712, 988|717, 988|1102, 1020|1104, 1020|1106, 1044|1108, 1044|1116, 1180|1118, 1180|1122, 1208|1130, 1208|4005, com.android.chrome/org.chromium.chrome.browser.bookmarks.BookmarkAddActivity, 
988|1, 988|502, 1208|509, 1208|560, 1344|570, 1344|579, 1364|581, 1364|590, 1372|592, 1372|690, 1152|692, 1152|1280, 1180|1291, 1180|1579, 1088|1583, 1192|1588, 1192|1589, 1204|1592, 1204|4001, com.android.chrome/org.chromium.chrome.browser.preferences.Preferences, 
988|1, 988|4004, com.android.chrome/org.chromium.chrome.browser.media.router.caf.remoting.CafExpandedControllerActivity, 
988|1, 988|675, 1208|678, 1208|738, 1248|740, 1248|742, 1176|747, 1176|762, 1184|764, 1184|766, 1312|768, 1312|1482, 1192|1489, 1192|1760, 1208|1762, 1208|1766, 1212|1771, 1212|4001, com.android.chrome/org.chromium.chrome.browser.download.DownloadActivity, 
988|1, 988|357, 992|359, 992|360, 988|362, 988|4001, com.android.chrome/org.chromium.chrome.browser.media.router.caf.remoting.CafExpandedControllerActivity, 
988|1, 988|845, 1128|847, 1348|861, 1348|871, 1288|874, 1288|1861, 1312|1864, 1312|1867, 1320|1869, 1320|1876, 1340|1880, 1340|1900, 1328|1902, 1328|2857, 1344|2860, 1344|2870, 1380|2872, 1380|2875, 1392|2882, 1392|3870, 1396|3872, 1396|4003, com.android.chrome/org.chromium.chrome.browser.incognito.IncognitoTabLauncher, 
988|1, 988|409, 1208|411, 1208|505, 988|506, 988|521, 1208|523, 1208|1305, 1252|1314, 1252|1326, 1196|1337, 1200|1342, 1200|2335, 1204|2337, 1204|4003, com.android.chrome/org.chromium.chrome.browser.sync.ui.PassphraseActivity, 
988|1, 988|781, 1284|783, 1284|888, 1316|895, 1316|900, 1384|904, 1368|913, 1368|922, 1376|925, 1376|1040, 1228|1043, 1228|1897, 1272|1903, 1272|1904, 1304|1907, 1304|1918, 1332|1920, 1360|1938, 1360|2206, 1368|2217, 1368|2904, 1388|2911, 1400|2913, 1400|2921, 1404|2924, 1404|4001, com.android.chrome/org.chromium.chrome.browser.incognito.IncognitoTabLauncher, 
988|1, 988|611, 1208|615, 1208|1389, 1180|1391, 1180|1399, 1324|1400, 1324|1413, 1404|1417, 1404|1424, 1288|1427, 1288|2290, 1312|2292, 1312|2412, 1332|2414, 1332|3423, 1324|3425, 1324|3473, 1328|3475, 1328|4002, com.android.chrome/org.chromium.chrome.browser.searchwidget.SearchActivity, 
988|1, 988|398, 1208|401, 1208|890, 1340|892, 1340|918, 1376|919, 1376|923, 1312|927, 1312|4001, com.android.chrome/org.chromium.chrome.browser.signin.SigninActivity, 
988|1, 988|437, 992|440, 992|4001, com.android.chrome/org.chromium.chrome.browser.preferences.website.ManageSpaceActivity, 
988|1, 988|440, 1208|462, 1208|744, 988|746, 988|1005, 1016|1006, 1016|1031, 1040|1034, 1180|1040, 1180|1100, 1212|1103, 1212|2048, 1216|2050, 1216|4001, com.android.chrome/org.chromium.chrome.browser.download.DownloadActivity, 
988|1, 988|563, 996|572, 996|585, 1216|587, 1216|590, 1436|596, 1436|1541, 1344|1543, 1344|1554, 1356|1558, 1356|1563, 1300|1564, 1300|1666, 1276|1672, 1276|4001, com.android.chrome/org.chromium.chrome.browser.firstrun.FirstRunActivity, 
988|1, 988|4001, com.android.chrome/org.chromium.chrome.browser.media.router.caf.remoting.CafExpandedControllerActivity, 
988|1, 988|526, 1208|530, 1208|637, 988|644, 988|675, 1120|706, 1160|712, 1160|1211, 1196|1221, 1196|1702, 1200|1704, 1200|1731, 1204|1733, 1204|4002, com.android.chrome/org.chromium.chrome.browser.sync.ui.PassphraseActivity, 
988|1, 988|649, 1208|651, 1208|672, 1428|676, 1428|803, 1208|812, 1208|1301, 1308|1303, 1308|1313, 1248|1315, 1248|1324, 1276|1325, 1276|1333, 1288|1338, 1288|2327, 1312|2329, 1312|2413, 1332|2421, 1332|2476, 1336|2480, 1336|3341, 1328|3345, 1328|4001, com.android.chrome/org.chromium.chrome.browser.searchwidget.SearchActivity, 
988|1, 988|504, 1208|506, 1208|760, 1224|768, 1236|770, 1236|779, 1308|781, 1308|789, 1312|791, 1312|1692, 1324|1700, 1324|1782, 1340|1784, 1340|1785, 1344|1788, 1216|1790, 1216|4006, com.android.chrome/org.chromium.chrome.browser.download.DownloadActivity, 
988|1, 988|496, 1208|498, 1208|500, 1428|501, 1428|683, 1208|689, 1208|1192, 1252|1195, 1252|1352, 1196|1359, 1196|1371, 1200|1373, 1200|1516, 1208|1524, 1208|4001, com.android.chrome/org.chromium.chrome.browser.preferences.Preferences, 
988|1, 988|682, 1208|684, 1208|874, 1244|876, 1244|882, 1400|884, 1400|892, 1384|894, 1384|1184, 2864|1196, 1532|1201, 1532|1889, 1548|1890, 1548|1895, 1552|1897, 1552|1908, 1516|1920, 1516|2871, 1528|2873, 1528|4001, com.android.chrome/org.chromium.chrome.browser.customtabs.PaymentHandlerActivity, 
988|1, 988|381, 992|383, 992|531, 1212|548, 1212|1365, 1172|1366, 1172|1376, 1312|1379, 1312|1393, 1328|1395, 1328|1397, 1204|1399, 1204|3393, 1208|3395, 1208|4001, com.android.chrome/org.chromium.chrome.browser.bookmarks.BookmarkAddActivity, 
988|1, 988|4001, com.android.chrome/org.chromium.chrome.browser.media.router.caf.remoting.CafExpandedControllerActivity, 
988|1, 988|723, 1208|745, 1208|1210, 2688|1213, 1356|1217, 1356|1521, 1304|1523, 1404|1528, 1404|1534, 1440|1539, 1440|1547, 1476|1553, 1476|1954, 1492|1964, 1492|2209, 1512|2216, 1512|2541, 1528|2543, 1528|2547, 1532|2552, 1532|3568, 1524|3570, 1524|4001, com.android.chrome/org.chromium.chrome.browser.customtabs.CustomTabActivity, 
988|1, 988|711, 1208|717, 1208|719, 1428|720, 1428|1060, 1376|1062, 1376|1074, 1312|1078, 1312|1086, 1252|1098, 1284|1109, 1284|1222, 2764|1231, 1432|1233, 1432|2041, 1472|2043, 1472|2081, 1460|2083, 1460|2090, 1488|2092, 1488|2097, 1516|2099, 1516|3090, 1524|3092, 1524|3094, 1528|3096, 1528|4002, com.android.chrome/org.chromium.chrome.browser.customtabs.PaymentHandlerActivity, 
988|1, 988|544, 996|549, 996|561, 992|564, 992|4001, com.android.chrome/org.chromium.chrome.browser.preferences.website.ManageSpaceActivity, 
988|1, 988|787, 1428|815, 1428|1058, 1456|1059, 1456|1090, 1320|1092, 1320|1094, 1264|1097, 1264|2067, 1308|2069, 1308|2090, 1352|2092, 1352|2111, 1372|2112, 1372|2182, 1396|2184, 1396|3090, 1400|3092, 1400|3147, 1404|3149, 1404|4001, com.android.chrome/org.chromium.chrome.browser.incognito.IncognitoTabLauncher, 
988|1, 988|563, 992|565, 992|1124, 2472|1126, 2472|1128, 2028|1133, 1288|1135, 1288|1536, 1436|1538, 1436|1549, 1508|1551, 1508|1558, 1392|1560, 1392|1568, 1480|1570, 1480|1891, 1488|1893, 1488|2552, 1524|2554, 1524|2559, 1532|2561, 1532|2568, 1536|2570, 1536|3575, 1528|3577, 1528|4001, com.android.chrome/org.chromium.chrome.browser.customtabs.CustomTabActivity, 
988|1, 988|619, 1208|626, 1208|642, 988|656, 988|1126, 1096|1129, 1096|1180, 1276|1215, 1276|4001, com.android.chrome/org.chromium.chrome.browser.firstrun.FirstRunActivity, 
988|1, 988|507, 1208|508, 1208|694, 1220|697, 1220|702, 1224|704, 1224|797, 1004|799, 1004|1306, 1056|1310, 1056|1564, 1192|1571, 1192|1693, 1212|1694, 1212|4001, com.android.chrome/org.chromium.chrome.browser.download.DownloadActivity, 
988|1, 988|652, 1208|661, 1208|1268, 1352|1270, 1352|1273, 1304|1278, 1316|1280, 1316|1282, 1208|1287, 1208|4001, com.android.chrome/org.chromium.chrome.browser.bookmarks.BookmarkAddActivity, 
988|1, 988|750, 992|763, 992|862, 1212|864, 1212|1128, 992|1130, 992|1725, 1076|1734, 1076|1739, 1220|1743, 1336|1778, 1336|2417, 1344|2419, 1344|2746, 1396|2748, 1396|2752, 1400|2762, 1400|3749, 1404|3754, 1404|4001, com.android.chrome/org.chromium.chrome.browser.incognito.IncognitoTabLauncher, 
988|1, 988|611, 1208|619, 1208|641, 1428|652, 1428|764, 1208|766, 1208|1161, 1256|1168, 1256|1176, 1328|1194, 1276|1195, 1276|1200, 1288|1202, 1288|2200, 1292|2202, 1292|2203, 1308|2208, 1308|2362, 1332|2368, 1332|2383, 1340|2385, 1340|3380, 1332|3382, 1332|4003, com.android.chrome/org.chromium.chrome.browser.searchwidget.SearchActivity, 
988|1, 988|744, 1208|754, 1208|1710, 1344|1719, 1344|1722, 1324|1724, 1324|1729, 1280|1732, 1280|1739, 1288|1741, 1288|2452, 1304|2454, 1304|2720, 1328|2722, 1328|2730, 1332|2731, 1332|2739, 1336|2743, 1336|3740, 1328|3742, 1328|4001, com.android.chrome/org.chromium.chrome.browser.searchwidget.SearchActivity, 
988|1, 988|641, 1208|643, 1428|646, 1428|705, 1208|706, 1208|1071, 1240|1073, 1240|1084, 1252|1086, 1252|1098, 1192|1100, 1192|1105, 1204|1107, 1204|1638, 1208|1647, 1208|4002, com.android.chrome/org.chromium.chrome.browser.bookmarks.BookmarkAddActivity, 
988|1, 988|547, 992|548, 992|593, 1288|596, 1288|829, 1140|837, 1140|1114, 2028|1117, 2620|1123, 1436|1124, 1436|1534, 1488|1536, 1488|1540, 1464|1542, 1464|1553, 1480|1555, 1480|1829, 1484|1832, 1484|2536, 1532|2541, 1532|2549, 1536|2551, 1536|3550, 1528|3553, 1528|4001, com.android.chrome/org.chromium.chrome.browser.customtabs.PaymentHandlerActivity, 
988|1, 988|438, 1208|440, 1208|441, 1428|443, 1428|1038, 1360|1041, 1360|1051, 1364|1054, 1364|1064, 1296|1067, 1296|1073, 1312|1075, 1312|3058, 1316|3060, 1316|3071, 1312|3073, 1312|4001, com.android.chrome/org.chromium.chrome.browser.signin.SigninActivity, 
988|1, 988|556, 996|559, 996|728, 992|737, 992|4001, com.android.chrome/org.chromium.chrome.browser.preferences.website.ManageSpaceActivity, 
988|1, 988|443, 1208|456, 1208|685, 988|686, 988|1169, 1040|1174, 1040|1200, 1056|1202, 1056|1234, 1072|1236, 1072|1432, 1212|1438, 1212|4001, com.android.chrome/org.chromium.chrome.browser.preferences.Preferences, 
988|1, 988|667, 1208|669, 1208|760, 1220|775, 1304|793, 1304|1149, 2044|1150, 2784|1153, 2784|1155, 1452|1157, 1452|1747, 1592|1752, 1592|1770, 1476|1772, 1476|1780, 1484|1782, 1484|1831, 1516|1833, 1516|2775, 1528|2777, 1528|2780, 1532|2788, 1532|2935, 1528|2939, 1528|4001, com.android.chrome/org.chromium.chrome.browser.customtabs.CustomTabActivity, 
988|1, 988|324, 992|326, 992|487, 1212|490, 1212|1148, 1136|1152, 1136|1333, 1188|1335, 1188|1368, 1076|1370, 1076|1411, 1204|1412, 1204|4001, com.android.chrome/org.chromium.chrome.browser.preferences.Preferences, 
988|1, 988|711, 1208|717, 1428|727, 1428|795, 1452|802, 1452|815, 1428|817, 1428|822, 1440|824, 1440|829, 1376|845, 1376|1175, 1820|1178, 2856|1184, 1524|1186, 1524|1820, 1416|1821, 1416|1823, 1464|1824, 1464|1829, 1484|1831, 1484|1866, 1512|1874, 1512|2587, 1528|2589, 1528|2826, 1532|2828, 1532|2829, 1524|2834, 1524|4002, com.android.chrome/org.chromium.chrome.browser.customtabs.CustomTabActivity, 
988|1, 988|650, 1136|652, 1136|1100, 1728|1108, 2172|1110, 1284|1112, 1284|1375, 1220|1384, 1476|1386, 1476|1843, 1488|1846, 1488|2370, 1524|2372, 1524|2379, 1536|2381, 1536|3370, 1528|3372, 1528|4001, com.android.chrome/org.chromium.chrome.browser.customtabs.PaymentHandlerActivity, 
988|1, 988|788, 1428|804, 1428|902, 1392|919, 1392|930, 1360|937, 1360|939, 1368|940, 1368|954, 1376|956, 1376|1919, 1408|1921, 1408|1932, 1432|1934, 1432|1940, 1464|1942, 1464|1948, 1344|1950, 1344|2293, 1348|2300, 1348|2940, 1368|2946, 1368|3012, 1408|3014, 1408|4001, com.android.chrome/org.chromium.chrome.browser.incognito.IncognitoTabLauncher, 
988|1, 988|713, 1284|715, 1284|978, 1136|983, 1136|1322, 1256|1324, 1256|1337, 1296|1339, 1296|1351, 1320|1361, 1320|2321, 1348|2323, 1348|2345, 1364|2347, 1364|2379, 1404|2381, 1404|3341, 1408|3345, 1408|4001, com.android.chrome/org.chromium.chrome.browser.incognito.IncognitoTabLauncher, 
988|1, 988|589, 1208|591, 1208|648, 988|656, 988|845, 1108|847, 1108|848, 1256|856, 1256|866, 1264|868, 1264|1849, 1272|1851, 1272|1866, 1276|1868, 1276|4001, com.android.chrome/org.chromium.chrome.browser.firstrun.FirstRunActivity, 
988|1, 988|371, 992|390, 992|602, 1212|618, 1212|1379, 1132|1381, 1212|1382, 1212|1391, 1264|1393, 1264|1395, 1276|1397, 1276|4001, com.android.chrome/org.chromium.chrome.browser.firstrun.FirstRunActivity, 
988|1, 988|746, 1208|751, 1208|916, 1296|918, 1304|920, 1304|936, 1312|938, 1380|943, 1380|1201, 2564|1211, 1528|1217, 1528|1918, 1560|1925, 1560|1926, 1612|1932, 1612|1938, 1488|1942, 1488|2072, 1516|2075, 1516|2918, 1508|2920, 1508|2939, 1512|2941, 1512|3069, 1524|3071, 1524|3929, 1528|3931, 1528|4001, com.android.chrome/org.chromium.chrome.browser.customtabs.CustomTabActivity, 
988|1, 988|736, 1428|738, 1428|1220, 2168|1225, 1576|1231, 1576|1459, 1592|1463, 1592|1466, 1572|1467, 1572|1485, 1500|1490, 1500|1499, 1476|1502, 1476|2468, 1520|2473, 1520|2479, 1532|2481, 1532|2490, 1536|2493, 1536|3489, 1528|3494, 1528|4001, com.android.chrome/org.chromium.chrome.browser.customtabs.PaymentHandlerActivity, 
988|1, 988|31, 984|33, 984|682, 1280|683, 1280|892, 1132|902, 1132|989, 1204|1000, 1204|1008, 1244|1020, 1276|1025, 1276|1030, 1284|1034, 1284|1106, 2616|1118, 2616|1119, 1284|1122, 1284|1877, 1348|1883, 1348|2021, 1408|2022, 1408|2030, 1520|2033, 1520|3010, 1516|3012, 1516|3029, 1520|3034, 1520|3040, 1528|3041, 1528|4001, com.android.chrome/org.chromium.chrome.browser.customtabs.PaymentHandlerActivity, 
1016|1, 1016|504, 992|506, 992|684, 1212|686, 1212|1208, 2692|1224, 1360|1230, 1360|1508, 1260|1510, 1260|1514, 1288|1523, 1288|1527, 1472|1529, 1472|1922, 1476|1929, 1476|2133, 1488|2135, 1488|2528, 1492|2529, 1492|2562, 1532|2569, 1532|3527, 1524|3530, 1524|4002, com.android.chrome/org.chromium.chrome.browser.customtabs.PaymentHandlerActivity, 
988|1, 988|932, 1208|934, 1208|1038, 1368|1040, 1368|1042, 1296|1050, 1296|1058, 1208|1060, 1208|1069, 1284|1073, 1284|1125, 2616|1130, 2616|1133, 1432|1137, 1432|1925, 1520|1935, 1520|2048, 1504|2050, 1504|2059, 1516|2061, 1516|3042, 1520|3045, 1520|3072, 1524|3074, 1524|4001, com.android.chrome/org.chromium.chrome.browser.customtabs.CustomTabActivity, 
988|1, 988|418, 1208|424, 1208|516, 1428|518, 1428|574, 1208|575, 1208|661, 1244|662, 1244|1116, 1172|1121, 1172|1634, 1204|1636, 1204|4001, com.android.chrome/org.chromium.chrome.browser.preferences.Preferences, 
988|1, 988|464, 1208|469, 1208|1174, 1184|1176, 1204|1177, 1204|1184, 1212|1191, 1212|4004, com.android.chrome/org.chromium.chrome.browser.download.DownloadActivity, 
988|1, 988|514, 1208|516, 1208|519, 1428|525, 1428|780, 1360|781, 1360|805, 1372|811, 1372|817, 1312|819, 1312|4005, com.android.chrome/org.chromium.chrome.browser.signin.SigninActivity, 
988|1, 988|636, 1208|640, 1208|1034, 1428|1055, 1428|1308, 1272|1354, 1272|1362, 1276|1364, 1276|4001, com.android.chrome/org.chromium.chrome.browser.firstrun.FirstRunActivity, 
988|1, 988|621, 1208|623, 1208|924, 1124|925, 1124|937, 1260|938, 1260|950, 1200|953, 1200|956, 1204|961, 1204|4001, com.android.chrome/org.chromium.chrome.browser.preferences.Preferences, 
988|1, 988|505, 992|510, 992|804, 1212|808, 1212|1239, 1508|1241, 2544|1243, 2544|1245, 2396|1248, 1360|1251, 1360|1490, 1296|1491, 1296|1503, 1248|1505, 1248|1507, 1424|1508, 1424|1516, 1476|1530, 1476|2511, 1500|2515, 1500|2520, 1504|2522, 1504|2610, 1528|2611, 1528|2613, 1532|2621, 1532|3573, 1524|3585, 1524|4001, com.android.chrome/org.chromium.chrome.browser.customtabs.CustomTabActivity, 
988|1, 988|685, 1208|689, 1208|723, 1428|727, 1428|1021, 1444|1030, 1444|1032, 1440|1041, 1440|1047, 1380|1060, 1280|1062, 1280|1200, 2464|1202, 2760|1205, 2760|1206, 1428|1215, 1428|2048, 1444|2049, 1444|2056, 1516|2064, 1516|3077, 1524|3079, 1524|4001, com.android.chrome/org.chromium.chrome.browser.customtabs.CustomTabActivity, 
988|1, 988|465, 1208|468, 1208|588, 1428|590, 1428|633, 1208|634, 1208|649, 1228|662, 1228|1164, 1196|1166, 1196|1636, 1204|1638, 1204|4001, com.android.chrome/org.chromium.chrome.browser.preferences.Preferences, 
988|1, 988|685, 1136|687, 1136|700, 1284|703, 1284|914, 1136|934, 1136|1128, 1284|1130, 1284|1189, 1432|1191, 2616|1195, 2616|1206, 1432|1207, 1432|1218, 1420|1219, 1420|1228, 1436|1233, 1436|1242, 1456|1247, 1456|1251, 1468|1256, 1468|1906, 1480|1909, 1480|2232, 1484|2234, 1484|2248, 1508|2251, 1520|2252, 1520|3242, 1516|3243, 1516|3249, 1524|3250, 1524|4001, com.android.chrome/org.chromium.chrome.browser.customtabs.PaymentHandlerActivity, 
988|1, 988|585, 1208|592, 1208|745, 1160|752, 1112|756, 1112|769, 1256|784, 1256|1748, 1268|1752, 1268|1770, 1276|1773, 1276|4005, com.android.chrome/org.chromium.chrome.browser.firstrun.FirstRunActivity, 
988|1, 988|443, 1208|446, 1208|657, 988|659, 988|966, 1208|971, 1208|1290, 1252|1293, 1252|1330, 1272|1335, 1272|1359, 1280|1361, 1280|1522, 1208|1541, 1208|4002, com.android.chrome/org.chromium.chrome.browser.history.HistoryActivity, 
988|1, 988|522, 1208|530, 1208|841, 1228|845, 1228|855, 1180|857, 1180|872, 1184|874, 1208|878, 1208|4001, com.android.chrome/org.chromium.chrome.browser.history.HistoryActivity, 
