12224|1, 12192|429, 12136|484, 12136|1376, 12232|1661, 12232|2381, 12456|2482, 12592|2607, 12592|3324, 12632|3447, 12880|3522, 12880|4052, com.csst.ecdict, 
12056|1, 12184|311, 12184|1119, 12128|1212, 12128|2058, 12112|2167, 12184|2251, 12184|3037, 12160|3168, 12120|3284, 12120|3418, 12040|3477, 12040|3594, 12032|3651, 12032|4019, com.google.android.apps.photos, 
11912|1, 12032|291, 12032|762, 12008|872, 11992|946, 11992|1750, 12096|1953, 12096|2282, 12120|2354, 12120|2822, 12280|2919, 12216|3060, 12216|3814, 12264|3879, 12472|3950, 12472|4028, com.instagram.android, 
12088|1, 12088|393, 12064|472, 12152|560, 12152|693, 12136|761, 12136|1414, 12056|1485, 12056|2417, 12256|2506, 12256|2721, 12248|2869, 12248|3295, 12376|3571, 12376|4028, com.Slack, 
12504|1, 12624|247, 12624|1098, 12600|1232, 12600|2113, 12664|2184, 12688|2293, 12688|3096, 12872|3181, 12872|4092, com.antutu.ABenchMark, 
12672|1, 12672|483, 12688|541, 12784|600, 12784|2362, 12760|2568, 12824|2753, 12824|3481, 12848|3541, 12848|4057, com.facebook.katana, 
12704|1, 12704|439, 12712|504, 12760|559, 12760|1324, 12824|1481, 12848|1586, 12848|2332, 13040|2513, 13128|2625, 13128|3402, 13144|3470, 13192|3547, 13192|4019, com.sometimeswefly.littlealchemy, 
12680|1, 12744|446, 12744|1249, 12736|1379, 12736|2292, 12864|2496, 12864|3164, 13136|3433, 13136|4173, com.ted.android, 
12720|1, 12720|508, 12728|606, 12728|2519, 12736|2634, 12816|2800, 12816|3569, 12928|3662, 12920|3732, 12920|4141, com.github.shadowsocks, 
12712|1, 12712|504, 12728|588, 12728|1373, 12760|1434, 12736|1510, 12736|2376, 12840|2471, 12792|2576, 12792|3367, 12936|3485, 12968|3579, 12968|4010, com.skype.raider, 
12696|1, 12712|375, 12712|871, 12688|957, 12688|1787, 12776|1923, 12816|1988, 12816|2857, 12824|2978, 12824|3842, 12848|3945, 12992|4011, com.booking, 
12680|1, 12680|344, 12672|411, 12672|1247, 12688|1325, 12696|1411, 12696|2307, 12928|2406, 12920|2530, 12920|3168, 13120|3302, 13232|3447, 13232|4149, com.github.shadowsocks, 
12608|1, 12688|259, 12688|976, 12696|1061, 12696|1898, 12816|2013, 12872|2154, 12872|2828, 13224|3036, 13224|3795, 13240|3978, 13312|4060, com.ted.android, 
12680|1, 12680|734, 12640|804, 12720|972, 12720|1628, 12832|1888, 12832|2672, 13000|2814, 12976|2982, 12976|3685, 12984|3838, 12984|4079, com.skype.raider, 
12680|1, 12672|355, 12704|465, 12704|2268, 12768|2371, 12768|3208, 12696|3324, 12840|3412, 12840|4141, com.ebay.mobile, 
12688|1, 12704|372, 12704|1009, 12696|1114, 12696|2790, 12776|3007, 12776|3358, 12976|3526, 12976|3858, 13304|3998, 13304|4117, com.csst.ecdict, 
12720|1, 12720|676, 12704|741, 12704|1645, 12728|1723, 12728|2543, 12848|2623, 12832|2704, 12832|3297, 13032|3473, 13064|3660, 13088|3846, 13088|4023, com.Slack, 
12584|1, 12648|269, 12648|979, 12688|1100, 12664|1211, 12664|2094, 12672|2176, 12672|3099, 12808|3186, 12896|4169, com.android.chrome, 
12464|1, 12464|688, 12456|816, 12488|897, 12488|1706, 12552|1826, 12552|2684, 12576|2874, 12576|3587, 12752|3725, 12840|3799, 12840|4001, com.paypal.android.p2pmobile, 
12304|1, 12600|258, 12528|382, 12528|1176, 12496|1283, 12488|1374, 12488|2072, 12480|2232, 12576|2297, 12568|2384, 12568|3210, 12736|3334, 12736|4073, com.github.shadowsocks, 
12400|1, 12400|604, 12392|663, 12496|722, 12496|778, 12544|860, 12544|1558, 12576|1667, 12576|2569, 12656|2637, 12752|2703, 12752|3633, 12768|3692, 12768|4060, com.skype.raider, 
12424|1, 12424|220, 12576|275, 12576|435, 12496|491, 12496|1339, 12552|1407, 12560|1465, 12560|2380, 12552|2462, 12608|2521, 12640|2591, 12640|3329, 12720|3436, 12816|3568, 12816|3919, 12888|3972, 12888|4026, com.instagram.android, 
12400|1, 12384|161, 12496|216, 12496|1028, 12552|1143, 12472|1228, 12472|2017, 12536|2130, 12664|2213, 12664|2542, 12864|2682, 12864|3093, 13208|3195, 13208|4050, com.csst.ecdict, 
12408|1, 12408|780, 12496|856, 12496|1550, 12504|1628, 12600|1775, 12512|1957, 12512|2644, 12584|2715, 12616|2796, 12568|2889, 12568|3392, 12768|3549, 12768|3701, 12888|3818, 12888|4011, com.paypal.android.p2pmobile, 
12264|1, 12480|238, 12480|1041, 12456|1204, 12456|1965, 12528|2130, 12552|2269, 12552|3072, 12728|3153, 12688|3234, 12688|3933, 12808|3999, 12808|4053, com.instagram.android, 
12376|1, 12376|515, 12384|568, 12504|622, 12504|678, 12512|733, 12512|1539, 12520|1648, 12520|2486, 12808|2616, 12808|3478, 13048|3651, 13048|4220, com.Slack, 
12984|1, 12984|207, 13048|274, 13128|350, 13128|1157, 13104|1271, 13072|1354, 13072|2202, 13192|2280, 13232|2356, 13232|3181, 13272|3238, 13232|3294, 13232|4023, com.tripadvisor.tripadvisor, 
12960|1, 13072|207, 13072|946, 13032|1018, 13032|1907, 13088|1989, 13144|2071, 13144|2856, 13184|2934, 13256|3027, 13256|3721, 13248|3791, 13096|4065, com.google.android.apps.photos, 
12976|1, 12976|688, 12984|743, 13072|816, 13072|1649, 13120|1707, 13144|1793, 13144|2694, 13096|2764, 13208|2831, 13208|3709, 13232|3765, 13256|3822, 13256|4031, com.google.android.deskclock, 
12912|1, 12912|188, 12960|244, 13024|301, 13024|1186, 12984|1294, 12984|2206, 13088|2290, 13088|3150, 13128|3229, 13208|3364, 13208|4008, com.ebay.mobile, 
12864|1, 12864|789, 12960|890, 12960|1620, 13040|1778, 13096|1878, 13096|2678, 13104|2783, 13136|2862, 13136|3688, 13232|3820, 13224|3950, 13224|4081, com.ebay.mobile, 
12832|1, 12832|381, 12936|468, 12936|1356, 13008|1424, 12968|1490, 12968|2373, 13120|2447, 13120|3342, 13512|3515, 13512|4005, com.ted.android, 
12808|1, 12808|170, 12832|236, 12936|305, 12936|1113, 12888|1207, 12920|1294, 12920|2104, 13032|2255, 13032|3062, 13128|3159, 13376|3239, 13376|4071, com.sometimeswefly.littlealchemy, 
12824|1, 12824|727, 12880|824, 12896|926, 12896|1799, 13056|1991, 13056|2597, 13256|2676, 13256|2777, 13200|2870, 13240|2993, 13240|3866, 13344|3986, 13344|4051, com.Slack, 
12800|1, 12800|285, 12912|357, 12912|1216, 12896|1300, 12872|1374, 12872|2206, 12952|2269, 12976|2340, 12976|2798, 13064|2875, 13064|3230, 13072|3304, 13032|3363, 13032|4002, com.tripadvisor.tripadvisor, 
12920|1, 12920|860, 12888|967, 12888|1882, 12976|2017, 12976|2843, 12992|2921, 13008|3006, 13008|3862, 13120|3982, 13120|4084, com.facebook.katana, 
12632|1, 12632|364, 12616|458, 12720|544, 12720|1308, 12680|1398, 12608|1467, 12616|1523, 12616|1639, 12600|1695, 12600|2389, 12672|2451, 12664|2531, 12664|2854, 12672|2950, 12672|3013, 12808|3096, 12808|3318, 12968|3454, 13016|3557, 13016|4048, com.whatsapp, 
12480|1, 12480|677, 12600|735, 12600|1608, 12696|1776, 12696|2557, 12976|2710, 12992|2863, 12992|3624, 13000|3681, 13048|3736, 13048|4056, com.Slack, 
12472|1, 12472|415, 12552|486, 12552|1334, 12680|1456, 12688|1673, 12688|2321, 12640|2438, 12680|2558, 12680|3310, 13024|3486, 13024|3879, 13040|3940, 13040|4052, com.paypal.android.p2pmobile, 
12568|1, 12568|192, 12584|259, 12600|387, 12600|1092, 12696|1277, 12744|1402, 12744|2167, 12736|2312, 12736|3182, 12920|3315, 12960|3424, 12960|4093, com.paypal.android.p2pmobile, 
12512|1, 12512|545, 12576|650, 12712|748, 12712|1570, 12744|1632, 12744|2564, 12952|2678, 12952|3551, 13224|3689, 13224|4095, com.ted.android, 
12560|1, 12640|196, 12640|732, 12704|792, 12704|1127, 12632|1204, 12632|2020, 12688|2104, 12792|2182, 12792|2243, 12816|2326, 12816|3084, 12848|3191, 12928|3306, 12928|4029, com.skype.raider, 
12664|1, 12664|775, 12696|846, 12704|927, 12704|1718, 12688|1791, 12784|1911, 12784|2719, 12776|2787, 12776|2846, 12880|2910, 12880|3740, 12872|3796, 12824|3870, 12824|4020, com.tripadvisor.tripadvisor, 
12576|1, 12576|569, 12624|627, 12624|1512, 12736|1573, 12712|1676, 12712|2467, 12704|2559, 12840|2656, 12840|3517, 13016|3638, 13032|3706, 13032|4091, at.DiTronic.androidgroup.randomgallery, 
12560|1, 12656|135, 12656|1002, 12648|1083, 12680|1173, 12680|1518, 12728|1574, 12728|1915, 12664|2043, 12736|2196, 12736|2981, 12816|3046, 12864|3109, 12864|3356, 12840|3421, 12824|4079, com.tripadvisor.tripadvisor, 
12552|1, 12552|636, 12576|700, 12608|759, 12600|825, 12600|1576, 12800|1725, 12800|2623, 12760|2694, 12832|2751, 12832|3627, 12848|3681, 12776|3747, 12776|4042, com.tripadvisor.tripadvisor, 
12536|1, 12536|297, 12656|372, 12656|1248, 12728|1343, 12664|1410, 12664|2259, 12736|2349, 12736|2495, 12728|2582, 12864|2672, 12864|2853, 13000|2938, 13000|3139, 12984|3319, 13040|3454, 13040|3884, 13080|3943, 13080|4014, com.instagram.android, 
12744|1, 12744|811, 12720|886, 12648|971, 12648|1848, 12720|1924, 12720|2796, 12864|3480, 12864|3884, 12992|3989, 12992|4098, com.antutu.ABenchMark, 
12688|1, 12688|689, 12712|748, 12720|808, 12720|1644, 12792|1708, 12808|1787, 12808|2696, 12912|2753, 12992|2818, 12992|3634, 12936|3784, 12936|4012, com.ted.android, 
12528|1, 12528|292, 12680|342, 12656|419, 12656|1354, 12696|1409, 12664|1539, 12664|2302, 12968|2447, 12968|3247, 13032|3327, 13064|3398, 13080|3482, 13080|4012, com.sometimeswefly.littlealchemy, 
12512|1, 12512|148, 12600|215, 12600|1053, 12672|1135, 12640|1215, 12640|1898, 12704|1968, 12704|2082, 12744|2151, 12672|2237, 12672|3012, 12680|3165, 12840|3329, 12840|4023, com.cnn.mobile.android.phone, 
12808|1, 12840|157, 12840|274, 12856|326, 12856|893, 12872|958, 12880|1016, 12880|1859, 13000|2130, 13040|2274, 13040|2915, 13072|3022, 13120|4004, com.tripadvisor.tripadvisor, 
12808|1, 12808|619, 12824|674, 12824|726, 12848|827, 12848|1744, 12912|1837, 12912|2602, 12920|2832, 12936|3015, 12936|3692, 12976|3784, 12992|3883, 12992|4010, com.android.chrome, 
12264|1, 12264|539, 12392|598, 12392|1548, 12432|1601, 12432|2477, 12648|2564, 12600|2698, 12600|3455, 12704|3522, 12760|3594, 12784|3665, 12784|4089, com.sometimeswefly.littlealchemy, 
12256|1, 12336|140, 12336|650, 12344|706, 12344|892, 12328|988, 12368|1064, 12368|1900, 12424|1972, 12472|2050, 12472|2744, 12520|2941, 12632|3040, 12704|4025, com.ebay.mobile, 
12432|1, 12432|283, 12448|333, 12424|394, 12424|803, 12360|870, 12328|929, 12328|1798, 12416|1915, 12416|2767, 12792|2926, 12872|4160, com.android.chrome, 
12232|1, 12232|540, 12384|601, 12384|1433, 12440|1495, 12416|1560, 12416|2420, 12480|2486, 12480|2552, 12496|2622, 12496|3425, 12488|3486, 12520|3544, 12528|3603, 12528|4040, com.google.android.deskclock, 
12216|1, 12216|142, 12224|221, 12328|309, 12328|1153, 12288|1248, 12288|2169, 12384|2263, 12384|3102, 12448|3165, 12440|3230, 12440|4026, com.facebook.katana, 
12216|1, 12296|161, 12296|917, 12280|1096, 12280|1913, 12272|1994, 12360|2191, 12360|2584, 12760|2729, 12760|2893, 12808|3011, 12872|3090, 13192|4155, com.Slack, 
12848|1, 12848|718, 12808|790, 12880|878, 12880|1677, 12912|1798, 12936|1884, 12936|2169, 13136|2236, 13136|2692, 13144|2767, 13152|2830, 13152|3593, 13576|3758, 13632|3869, 13632|4056, com.github.shadowsocks, 
12800|1, 12800|415, 12904|484, 12904|1379, 13000|1447, 12936|1529, 12936|2363, 12992|2435, 13136|2505, 13136|3258, 13592|3453, 13600|3579, 13600|4003, com.ted.android, 
12624|1, 12608|171, 12584|240, 12584|1113, 12616|1224, 12616|2088, 12544|2158, 12680|2449, 12680|3116, 12728|3279, 12728|4029, com.paypal.android.p2pmobile, 
12656|1, 12656|321, 12768|422, 12832|528, 12832|1296, 12888|1383, 12912|1497, 12912|2348, 12960|2497, 12960|3222, 13016|3377, 13120|3454, 13120|4132, com.github.shadowsocks, 
12688|1, 12688|334, 12680|397, 12768|458, 12768|624, 12832|701, 12832|1316, 12808|1371, 12808|2280, 12792|2364, 12920|2433, 12920|3325, 12984|3409, 13000|3490, 13000|4068, com.google.android.apps.photos, 
12672|1, 12776|149, 12776|266, 12784|329, 12784|1022, 12768|1109, 12744|1205, 12744|2073, 12880|2161, 12880|2597, 13080|2724, 13080|3041, 13464|3167, 13464|4046, com.csst.ecdict, 
12720|1, 12720|740, 12816|797, 12816|1600, 12848|1728, 12880|1828, 12880|2623, 12928|2697, 13032|2763, 13040|2831, 13040|3750, 13064|3806, 13064|4038, com.skype.raider, 
12680|1, 12680|436, 12824|528, 12824|592, 12776|655, 12776|1523, 12808|1589, 12832|1662, 12832|2263, 13032|2369, 13032|2587, 13104|2709, 13104|3587, 13176|3659, 13176|4043, com.Slack, 
12640|1, 12640|214, 12760|288, 12760|1137, 12816|1240, 12752|1344, 12752|2131, 12824|2216, 12824|2480, 12816|2570, 12816|2831, 12952|2914, 12952|3203, 12968|3303, 12968|4051, com.instagram.android, 
12840|1, 12832|307, 12832|880, 12896|945, 12832|999, 12832|1796, 12816|1889, 12856|1956, 12800|2017, 12800|2485, 13000|2569, 13000|2775, 13008|2904, 13160|3004, 13160|3794, 13184|3853, 13184|3908, 13192|3972, 13160|4030, com.instagram.android, 
12792|1, 12824|157, 12824|868, 12768|959, 12728|1031, 12728|1874, 12800|2032, 12800|2870, 12888|2957, 12912|3027, 12912|3653, 12944|3707, 12944|3865, 12912|3919, 12880|4025, com.google.android.apps.photos, 
12592|1, 12592|590, 12608|660, 12720|717, 12720|1611, 12704|1723, 12704|2531, 12944|2665, 13048|2850, 13048|3602, 13104|3675, 13112|3762, 13112|4007, com.sometimeswefly.littlealchemy, 
12560|1, 12560|337, 12696|405, 12696|1311, 12704|1376, 12752|1452, 12752|1943, 12952|2069, 12952|2168, 12984|2324, 13000|2444, 13000|3238, 12984|3346, 13064|3431, 13064|4023, com.Slack, 
12544|1, 12520|118, 12592|175, 12592|1070, 12672|1142, 12672|1966, 12632|2070, 12880|2207, 12880|3039, 12936|3111, 13040|3178, 13040|4043, com.Slack, 
12592|1, 12592|785, 12680|844, 12680|1634, 12720|1802, 12696|1906, 12696|2747, 12784|2816, 12824|2880, 12824|3177, 12816|3260, 12816|3733, 12872|3835, 13032|3953, 13232|4039, at.DiTronic.androidgroup.randomgallery, 
12568|1, 12568|597, 12696|683, 12696|1454, 12680|1567, 12776|1688, 12776|2403, 12768|2540, 12872|2619, 12872|3486, 12696|3580, 12688|3646, 12688|4058, com.google.android.apps.photos, 
12576|1, 12576|360, 12704|436, 12704|1383, 12760|1445, 12760|2267, 12824|2342, 12824|2411, 12840|2475, 12840|3356, 12864|3414, 12872|3473, 12872|4004, com.google.android.deskclock, 
12544|1, 12544|111, 12656|169, 12656|1065, 12712|1128, 12680|1200, 12680|2082, 12800|2157, 12904|2222, 12904|3075, 12920|3144, 12944|3212, 12944|4030, com.ebay.mobile, 
12680|1, 12680|170, 12728|225, 12704|284, 12704|389, 12656|465, 12656|1107, 12624|1202, 12608|1271, 12608|2151, 12832|2246, 12832|2945, 12816|3219, 12848|3295, 12848|4013, com.google.android.apps.photos, 
12632|1, 12632|894, 12608|976, 12608|1797, 12568|1876, 12736|2004, 12736|2814, 12800|2890, 12848|2976, 12848|3795, 12864|3859, 12896|3913, 12896|4046, com.google.android.apps.photos, 
12576|1, 12576|671, 12568|724, 12680|800, 12680|1606, 12656|1731, 12672|1838, 12672|2668, 12912|2731, 12912|3474, 12984|3769, 12984|4039, com.skype.raider, 
12536|1, 12536|542, 12608|595, 12608|1512, 12704|1612, 12704|2415, 12864|2528, 12824|2602, 12824|3061, 12800|3126, 12800|3505, 12704|3570, 12704|4043, com.tripadvisor.tripadvisor, 
12528|1, 12528|264, 12680|330, 12680|396, 12624|467, 12600|535, 12600|1415, 12616|1474, 12640|1532, 12640|2361, 12728|2424, 12784|2483, 12784|3359, 12872|3470, 12896|3605, 12896|4043, com.google.android.apps.photos, 
12512|1, 12608|185, 12608|728, 12616|790, 12616|1080, 12584|1182, 12584|1877, 12720|2028, 12720|2096, 12712|2189, 12712|2366, 12912|2489, 12912|2997, 13008|3121, 13040|3243, 13040|3641, 13064|3719, 13064|4010, com.Slack, 
12544|1, 12544|640, 12656|701, 12656|1642, 12784|1731, 12784|2554, 12800|2612, 12888|2670, 12904|2731, 12904|3545, 12888|3607, 12896|3663, 12920|3719, 12920|4020, com.skype.raider, 
12552|1, 12552|224, 12712|281, 12712|446, 12680|498, 12624|552, 12624|1400, 12752|1541, 12752|2301, 12768|2404, 12768|2488, 12800|2583, 12800|2675, 12936|2800, 12936|3356, 13048|3450, 13208|3512, 13208|4005, com.cnn.mobile.android.phone, 
12656|1, 12656|354, 12624|439, 12720|521, 12720|644, 12760|817, 12760|1398, 12784|1459, 12704|1566, 12704|2241, 12904|2337, 13104|2459, 13120|2540, 13120|3271, 13424|3504, 13424|4035, com.ted.android, 
12816|1, 12752|111, 12752|991, 12712|1104, 12712|1897, 12680|1989, 12888|2082, 12888|2965, 12936|3041, 12944|3138, 12944|3577, 12968|3630, 12872|3683, 12736|3741, 12688|4044, com.google.android.apps.photos, 
12592|1, 12664|126, 12664|910, 12760|969, 12680|1022, 12680|1890, 12704|1967, 12752|2042, 12752|2818, 12808|2971, 12824|3078, 12824|3699, 12832|3772, 12832|3869, 12808|3974, 12760|4058, com.android.chrome, 
12128|1, 12128|394, 12200|457, 12200|828, 12184|908, 12184|1799, 12312|1936, 12312|2768, 12456|2860, 12464|2968, 12464|3632, 12528|3797, 12944|3895, 12944|4006, com.github.shadowsocks, 
12136|1, 12136|490, 12120|564, 12200|632, 12200|687, 12216|749, 12216|1498, 12384|1560, 12304|1625, 12304|2418, 12288|2513, 12256|2588, 12408|2700, 12408|3536, 12360|3608, 12360|4042, com.tripadvisor.tripadvisor, 
12128|1, 12224|118, 12224|1983, 12288|2084, 12328|2201, 12328|3048, 12336|3108, 12336|3672, 12360|3727, 12360|4060, com.facebook.katana, 
12152|1, 12152|626, 12192|685, 12192|740, 12240|846, 12240|1612, 12208|1795, 12296|1903, 12296|2698, 12664|2960, 12664|3667, 12744|3807, 12744|4019, com.android.chrome, 
12128|1, 12128|513, 12232|565, 12232|1423, 12240|1494, 12320|1628, 12320|2435, 12296|2501, 12352|2578, 12352|3462, 12328|3524, 12296|3577, 12296|4015, com.facebook.katana, 
12104|1, 12104|367, 12224|437, 12224|1347, 12288|1431, 12272|1493, 12272|2295, 12184|2367, 12376|2446, 12376|3374, 12264|3481, 12264|3708, 12216|3770, 12216|3920, 12264|3979, 12264|4029, com.google.android.apps.photos, 
12096|1, 12096|193, 12224|264, 12224|1106, 12208|1205, 12208|2181, 12328|2278, 12328|3101, 12496|3251, 12496|4040, com.antutu.ABenchMark, 
12264|1, 12328|182, 12328|980, 12320|1063, 12336|1154, 12336|1992, 12400|2066, 12416|2203, 12416|2993, 12648|3107, 12856|4113, com.github.shadowsocks, 
12144|1, 12144|787, 12256|840, 12256|1660, 12288|1781, 12272|1907, 12272|2680, 12352|2764, 12472|2831, 12472|3739, 12544|3901, 12544|4188, com.ebay.mobile, 
12200|1, 12200|382, 12192|454, 12224|521, 12224|640, 12176|701, 12176|1445, 12224|1511, 12224|2375, 12328|2482, 12304|2556, 12304|3371, 12328|3434, 12304|3742, 12312|3819, 12448|4041, at.DiTronic.androidgroup.randomgallery, 
12056|1, 12056|188, 12184|245, 12184|1098, 12168|1165, 12176|1278, 12176|2000, 12240|2191, 12240|3046, 12312|3158, 12624|3265, 12624|4006, com.whatsapp, 
12056|1, 12056|339, 12184|408, 12184|1263, 12144|1343, 12128|1397, 12128|2311, 12264|2392, 12264|2891, 12464|3071, 12464|3214, 12648|3360, 12656|3544, 12656|4022, com.android.chrome, 
12096|1, 12096|725, 12088|794, 12160|873, 12160|1597, 12224|1790, 12264|1885, 12264|2570, 12464|2697, 12704|2823, 12776|2961, 12776|3582, 12816|3756, 12896|3873, 12896|4017, com.ted.android, 
12224|1, 12224|555, 12104|613, 12168|671, 12168|1551, 12176|1617, 12192|1808, 12192|2248, 12328|2327, 12328|2428, 12320|2521, 12272|2616, 12272|2868, 12408|2972, 12408|3493, 12752|3779, 12752|4052, com.cnn.mobile.android.phone, 
12128|1, 12128|198, 12288|247, 12264|309, 12240|370, 12240|1266, 12264|1347, 12264|2269, 12336|2339, 12336|3163, 12616|3321, 12704|3651, 12696|3713, 12696|4011, com.instagram.android, 
12280|1, 12328|137, 12328|969, 12264|1042, 12248|1136, 12248|1950, 12432|2053, 12408|2205, 12408|2909, 12488|2995, 12680|3115, 12984|4039, com.github.shadowsocks, 
12136|1, 12136|748, 12240|869, 12240|1509, 12272|1587, 12264|1774, 12336|1858, 12336|2661, 12608|2746, 12664|2832, 12664|3774, 12672|3836, 12672|4049, com.whatsapp, 
12096|1, 12096|399, 12200|469, 12200|1355, 12184|1424, 12280|1498, 12280|2274, 12344|2358, 12576|2458, 12576|3317, 12616|3400, 12640|3458, 12640|4004, com.sometimeswefly.littlealchemy, 
12088|1, 12088|182, 12176|248, 12176|752, 12240|820, 12240|1178, 12208|1252, 12208|2102, 12200|2197, 12296|2275, 12296|3181, 12496|3311, 12496|4050, com.antutu.ABenchMark, 
12288|1, 12336|174, 12336|956, 12360|1028, 12360|1782, 12408|1906, 12408|1988, 12352|2060, 12352|2860, 12584|2999, 12672|3156, 12672|3909, 12696|3984, 12680|4047, com.sometimeswefly.littlealchemy, 
12144|1, 12240|102, 12240|1052, 12208|1115, 12208|1997, 12408|2080, 12608|2189, 12608|2938, 12680|3015, 12704|3117, 12704|3646, 12664|3703, 12664|4018, com.whatsapp, 
12184|1, 12184|350, 12248|407, 12248|915, 12176|965, 12176|1760, 12232|1918, 12384|2048, 12384|2835, 12552|2913, 12656|2987, 12656|3847, 12664|3910, 12664|4055, com.sometimeswefly.littlealchemy, 
12120|1, 12120|787, 12176|863, 12176|1624, 12256|1804, 12288|1931, 12288|2701, 12384|2759, 12464|2840, 12464|3712, 12472|3768, 12512|3821, 12496|3876, 12496|4041, com.skype.raider, 
12104|1, 12104|408, 12120|469, 12232|522, 12232|1416, 12296|1497, 12296|2362, 12400|2422, 12344|2544, 12344|3314, 12512|3470, 12632|3551, 12632|4043, com.booking, 
12224|1, 12224|200, 12240|261, 12320|367, 12320|653, 12288|712, 12288|1217, 12248|1294, 12216|1441, 12216|2188, 12408|2307, 12408|3177, 12528|3301, 12528|4018, com.dropbox.android, 
12088|1, 12088|275, 12200|336, 12200|1248, 12264|1318, 12264|2211, 12424|2285, 12448|2382, 12448|3201, 12480|3273, 12488|3374, 12488|4071, com.ebay.mobile, 
12232|1, 12224|159, 12224|1001, 12248|1107, 12160|1187, 12160|2017, 12296|2167, 12296|3041, 12608|3131, 12632|3223, 12632|4063, com.sometimeswefly.littlealchemy, 
12088|1, 12088|437, 12224|523, 12208|582, 12208|1469, 12272|1536, 12224|1601, 12224|2484, 12320|2598, 12320|2921, 12336|2984, 12336|3469, 12288|3567, 12328|3731, 12528|4091, at.DiTronic.androidgroup.randomgallery, 
12080|1, 12080|148, 12128|213, 12128|1109, 12208|1180, 12208|1958, 12184|2019, 12184|2078, 12320|2159, 12248|2236, 12248|3130, 12608|3239, 12608|4130, com.cnn.mobile.android.phone, 
12168|1, 12248|134, 12248|657, 12288|718, 12288|950, 12280|1040, 12240|1180, 12240|1765, 12376|1880, 12376|1997, 12440|2082, 12440|2950, 12584|3078, 13008|4082, com.github.shadowsocks, 
12152|1, 12152|658, 12232|710, 12208|761, 12208|1649, 12400|1751, 12400|2648, 12624|2786, 12624|3623, 12896|3732, 12968|3844, 12968|4080, com.github.shadowsocks, 
12160|1, 12160|677, 12248|909, 12248|1611, 12304|1857, 12304|2721, 12384|2777, 12400|2837, 12400|3766, 12792|3860, 12792|4079, at.DiTronic.androidgroup.randomgallery, 
12128|1, 12128|1526, 12272|1626, 12328|1757, 12328|2118, 12360|2226, 12360|2326, 12560|2461, 12552|2652, 12552|3394, 12752|3614, 12928|3736, 12928|4080, com.cnn.mobile.android.phone, 
12176|1, 12176|353, 12264|412, 12296|464, 12296|2313, 12488|2475, 12488|3249, 12536|3362, 12680|3497, 12680|4069, com.antutu.ABenchMark, 
12328|1, 12328|271, 12400|326, 12392|382, 12392|1260, 12328|1330, 12328|2216, 12576|2324, 12576|2862, 12584|2993, 12584|3259, 12768|3398, 12768|4008, com.ted.android, 
12224|1, 12224|198, 12288|267, 12288|725, 12264|788, 12264|1591, 12320|1767, 12376|1853, 12376|2691, 12344|2748, 12408|2802, 12408|3783, 12344|3865, 12344|4036, com.facebook.katana, 
12128|1, 12128|455, 12256|532, 12256|1455, 12328|1535, 12328|2400, 12400|2469, 12408|2528, 12408|2699, 12392|2765, 12392|3395, 12632|3533, 12632|4027, at.DiTronic.androidgroup.randomgallery, 
12128|1, 12128|134, 12176|195, 12256|255, 12256|1075, 12240|1201, 12240|2098, 12232|2173, 12328|2228, 12328|2686, 12312|2799, 12448|2891, 12448|3129, 12424|3251, 12424|3366, 12624|3542, 12656|4025, com.instagram.android, 
12304|1, 12304|742, 12344|862, 12344|1653, 12304|1795, 12312|1916, 12312|2199, 12512|2292, 12512|2655, 12496|2774, 12800|2855, 12800|3722, 12864|3817, 12872|3899, 12872|4015, com.ted.android, 
12280|1, 12280|491, 12264|542, 12176|594, 12176|1316, 12264|1565, 12280|1692, 12280|2413, 12504|2530, 12512|2717, 12512|3437, 12816|3605, 12816|4066, com.antutu.ABenchMark, 
12304|1, 12304|567, 12360|628, 12376|682, 12376|1594, 12352|1652, 12352|2435, 12552|2508, 12680|2622, 12688|2740, 12688|3541, 12736|3613, 12720|3675, 12720|4016, com.whatsapp, 
12160|1, 12160|135, 12176|192, 12280|262, 12280|685, 12312|746, 12312|1152, 12288|1237, 12288|2078, 12312|2180, 12408|2294, 12408|3080, 12432|3140, 12544|3211, 12544|4002, com.skype.raider, 
12200|1, 12200|788, 12184|866, 12184|1766, 12320|1878, 12320|2394, 12368|2455, 12368|2764, 12392|2840, 12312|2919, 12312|3019, 12448|3129, 12448|3712, 12592|3789, 12888|3870, 12888|4065, at.DiTronic.androidgroup.randomgallery, 
12112|1, 12112|728, 12088|793, 12152|851, 12152|1693, 12272|1783, 12376|1844, 12376|2125, 12576|2282, 12576|2630, 12672|2771, 12616|2945, 12616|3641, 12768|3774, 12904|3858, 12904|4021, com.cnn.mobile.android.phone, 
12192|1, 12192|758, 12200|818, 12192|886, 12256|974, 12256|1799, 12304|1916, 12304|2773, 12344|2830, 12424|2895, 12496|3000, 12496|3751, 12576|3843, 12600|3931, 12600|4062, com.dropbox.android, 
12112|1, 12112|357, 12176|409, 12176|514, 12200|569, 12200|620, 12176|672, 12176|1464, 12248|1602, 12248|2456, 12272|2514, 12344|2584, 12344|2702, 12368|2768, 12368|3421, 12736|3581, 12736|4011, at.DiTronic.androidgroup.randomgallery, 
12112|1, 12112|453, 12080|535, 12232|595, 12232|1492, 12288|1575, 12288|2497, 12384|2569, 12384|3057, 12424|3131, 12424|3536, 12352|3589, 12352|4010, com.tripadvisor.tripadvisor, 
12112|1, 12112|162, 12120|235, 12184|304, 12184|2117, 12160|2207, 12224|2289, 12224|3125, 12312|3207, 12352|3305, 12352|4026, com.paypal.android.p2pmobile, 
12160|1, 12160|740, 12232|850, 12408|937, 12408|1729, 12520|1821, 12464|1944, 12464|2709, 12480|2782, 12464|2847, 12464|3632, 12488|3690, 12488|3805, 12464|3865, 12464|4049, com.facebook.katana, 
12088|1, 12088|480, 12200|532, 12160|601, 12160|1366, 12256|1589, 12256|2373, 12416|2461, 12480|2588, 12480|3356, 12640|3480, 12696|3561, 12696|4041, com.dropbox.android, 
12120|1, 12120|459, 12232|542, 12232|1435, 12384|1499, 12320|1557, 12320|2379, 12288|2461, 12496|2523, 12496|3383, 12712|3530, 12712|4040, com.dropbox.android, 
12104|1, 12104|295, 12216|363, 12216|2235, 12272|2337, 12352|2423, 12352|2735, 12384|2813, 12384|3212, 12544|3356, 12528|3502, 12528|4026, at.DiTronic.androidgroup.randomgallery, 
12128|1, 12128|96, 12240|145, 12240|1042, 12208|1097, 12200|1154, 12200|1289, 12336|1468, 12336|1942, 12400|2054, 12416|2137, 12416|2996, 12632|3070, 12664|3158, 12672|4096, com.sometimeswefly.littlealchemy, 
12088|1, 12176|139, 12176|709, 12168|763, 12168|976, 12160|1064, 12160|1934, 12184|2006, 12336|2091, 12336|2632, 12344|2710, 12344|2915, 12384|2995, 12464|3063, 12456|4018, com.skype.raider, 
12072|1, 12072|859, 12024|933, 12104|990, 12104|1865, 12120|1940, 12224|2026, 12224|2328, 12424|2436, 12424|2804, 12576|2933, 12600|3042, 12600|3928, 12488|3978, 12488|4032, com.whatsapp, 
12032|1, 12032|631, 12152|693, 12152|1614, 12168|1827, 12168|2355, 12368|2438, 12368|2528, 12392|2613, 12552|2693, 12552|3561, 12608|3636, 12592|3692, 12592|4006, com.whatsapp, 
12024|1, 12024|258, 12064|314, 12136|375, 12136|1242, 12096|1347, 12096|2245, 12272|2322, 12288|2393, 12288|2925, 12304|2993, 12304|3244, 12288|3317, 12248|3375, 12248|4031, com.tripadvisor.tripadvisor, 
12008|1, 12112|143, 12112|939, 12056|1049, 12056|1885, 12120|1967, 12144|2030, 12144|2878, 12152|2951, 12376|3017, 12376|3506, 12576|3605, 12576|3883, 12616|3941, 12640|4035, com.booking, 
12136|1, 12136|391, 12160|473, 12136|532, 12136|590, 12120|650, 12120|1406, 12144|1469, 12064|1524, 12064|2353, 12120|2447, 12248|2527, 12248|3396, 12264|3484, 12288|3569, 12288|4089, com.google.android.deskclock, 
12064|1, 12064|876, 12120|964, 12120|1829, 12184|1899, 12224|1971, 12224|2793, 12520|2946, 12520|3801, 12696|3917, 12752|4016, com.booking, 
12184|1, 12184|603, 12152|664, 12120|733, 12120|1571, 12128|1730, 12176|1867, 12176|2608, 12232|2693, 12296|2760, 12296|3621, 12320|3853, 12264|3905, 12264|4007, com.google.android.deskclock, 
12000|1, 12000|377, 12120|445, 12120|1376, 12192|1457, 12192|2281, 12384|2377, 12360|2438, 12360|3311, 12568|3461, 12568|4021, com.dropbox.android, 
11992|1, 11992|118, 12096|187, 12096|541, 12136|598, 12136|1109, 12064|1205, 12064|2060, 12168|2215, 12168|2305, 12368|2448, 12368|3077, 12400|3203, 12400|4074, com.antutu.ABenchMark, 
12192|1, 12280|152, 12280|899, 12248|980, 12272|1074, 12272|1953, 12208|2009, 12304|2098, 12304|2264, 12504|2345, 12504|2925, 12488|3018, 12592|3098, 12568|4047, com.whatsapp, 
12064|1, 12064|685, 12144|748, 12144|1628, 12240|1767, 12240|2549, 12280|2647, 12336|2750, 12336|3304, 12392|3384, 12392|3509, 12256|3582, 12256|3646, 12264|3701, 12240|3769, 12240|4031, com.google.android.deskclock, 
12000|1, 12000|315, 12104|376, 12104|1295, 12184|1374, 12184|2205, 12232|2303, 12248|2376, 12224|2450, 12224|4017, com.facebook.katana, 
12000|1, 12000|96, 12128|149, 12120|203, 12120|1089, 12208|1158, 12128|1213, 12128|2019, 12152|2107, 12184|2189, 12184|2980, 12136|3073, 12336|3164, 12336|3620, 12384|3921, 12432|3982, 12432|4042, com.instagram.android, 
12160|1, 12224|157, 12224|970, 12232|1072, 12232|1865, 12192|1932, 12216|2023, 12216|2863, 12272|2956, 12352|3017, 12624|4192, com.android.chrome, 
12024|1, 12024|298, 12032|350, 12032|849, 12088|905, 12064|962, 12064|1833, 12264|1918, 12264|2854, 12288|2938, 12288|3875, 12176|3931, 12176|4032, com.google.android.deskclock, 
12024|1, 12024|545, 12160|604, 12160|711, 12064|790, 12064|1570, 12056|1758, 12136|1856, 12136|2105, 12144|2204, 12144|2682, 12240|2765, 12328|2825, 12328|3597, 12352|3690, 12424|3808, 12424|4054, com.ebay.mobile, 
12168|1, 12168|425, 12152|488, 12160|558, 12160|733, 12120|795, 12120|1477, 12152|1535, 12128|1594, 12128|2456, 12104|2519, 12200|2615, 12200|3434, 12288|3498, 12280|3553, 12280|4042, com.google.android.deskclock, 
11992|1, 11992|220, 12000|272, 12104|334, 12104|1168, 12200|1268, 12128|1350, 12128|2153, 12384|2276, 12408|2387, 12408|3161, 12536|3275, 12552|3401, 12552|4060, com.booking, 
12152|1, 12168|142, 12168|268, 12152|335, 12152|973, 12160|1032, 12080|1084, 12080|1966, 12176|2038, 12176|2198, 12376|2313, 12376|2615, 12576|2745, 12576|2875, 12696|3011, 12800|3163, 12888|4163, com.csst.ecdict, 
12096|1, 12096|933, 12080|998, 12056|1060, 12056|1835, 12112|1951, 12184|2037, 12184|2895, 12552|3050, 12552|3835, 12608|3933, 12624|4056, com.android.chrome, 
12016|1, 12016|619, 12000|677, 12144|758, 12144|1563, 12160|1775, 12160|2592, 12264|2698, 12456|3006, 12456|3435, 12560|3660, 12648|3855, 12648|4092, com.android.chrome, 
12024|1, 12024|146, 12056|204, 12144|265, 12144|1094, 12128|1181, 12096|1266, 12096|2141, 12184|2240, 12184|2958, 12264|3023, 12264|3149, 12304|3216, 12232|3283, 12232|3554, 12368|3702, 12368|4018, at.DiTronic.androidgroup.randomgallery, 
12008|1, 12112|186, 12112|1016, 12136|1127, 12136|1994, 12200|2096, 12200|2760, 12400|2830, 12400|2981, 12352|3052, 12352|3941, 12544|3996, 12528|4048, com.instagram.android, 
12160|1, 12160|428, 12120|485, 12216|540, 12216|807, 12192|870, 12192|1333, 12208|1513, 12160|1655, 12160|2346, 12384|2509, 12512|2676, 12512|3244, 12632|3503, 12632|4004, com.android.chrome, 
12016|1, 12016|341, 12096|429, 12136|519, 12136|1373, 12184|1434, 12160|1492, 12160|2333, 12360|2400, 12488|2560, 12488|3314, 12752|3429, 12832|3528, 12832|4037, com.csst.ecdict, 
12000|1, 12000|200, 11992|261, 12112|333, 12112|1164, 12120|1244, 12128|1331, 12128|2104, 12256|2201, 12344|2330, 12344|3111, 12512|3258, 12528|3395, 12528|4109, com.antutu.ABenchMark, 
12232|1, 12232|875, 12192|946, 12168|1017, 12168|1785, 12176|1897, 12272|2066, 12272|2805, 12264|2892, 12472|3018, 12472|3812, 12464|3906, 12688|3997, 12688|4059, com.dropbox.android, 
12024|1, 12024|564, 12128|645, 12128|1565, 12208|1631, 12208|2539, 12312|2625, 12312|3580, 12264|3647, 12264|4027, com.google.android.deskclock, 
11968|1, 11968|324, 12104|377, 12104|496, 12088|553, 12088|1259, 12064|1339, 12104|1492, 12104|2195, 12128|2264, 12296|2335, 12384|2409, 12384|2835, 12584|3002, 12584|3181, 12528|3273, 12656|3378, 12656|4056, com.booking, 
12104|1, 12104|123, 12096|191, 12136|276, 12136|339, 12072|407, 12072|1203, 12032|1279, 12032|2156, 12208|2231, 12208|3129, 12424|3213, 12480|3325, 12824|4381, com.cnn.mobile.android.phone, 
12072|1, 12048|115, 12144|168, 12144|221, 12160|280, 12160|1065, 12120|1119, 12152|1175, 12152|2022, 12256|2141, 12240|2237, 12240|2814, 12440|3026, 12704|3224, 12728|4084, com.antutu.ABenchMark, 
12256|1, 12312|140, 12312|867, 12256|942, 12240|1040, 12240|1859, 12272|1972, 12344|2046, 12344|2903, 12384|2985, 12416|3076, 12416|3949, 12432|4000, 12304|4054, com.google.android.deskclock, 
12144|1, 12144|768, 12184|828, 12184|1731, 12232|1788, 12304|1853, 12304|2659, 12336|2744, 12480|2816, 12480|3714, 12584|3872, 12584|4090, com.ebay.mobile, 
12208|1, 12208|660, 12184|722, 12168|783, 12168|1709, 12256|1883, 12256|2627, 12480|2720, 12560|2883, 12560|3605, 12544|3690, 12720|3822, 12720|4060, com.booking, 
12184|1, 12184|438, 12160|494, 12112|545, 12112|1414, 12216|1599, 12216|2405, 12600|2533, 12600|3397, 12616|3470, 12624|3526, 12624|4012, com.whatsapp, 
12048|1, 12048|400, 12168|469, 12168|1302, 12160|1376, 12168|1484, 12168|2351, 12496|2437, 12496|3274, 12504|3355, 12608|3446, 12608|3865, 12656|3932, 12656|4035, com.whatsapp, 
12072|1, 12184|106, 12184|617, 12176|685, 12176|906, 12104|1036, 12104|1935, 12200|2046, 12200|2914, 12312|3007, 12256|3107, 12600|4034, com.paypal.android.p2pmobile, 
12072|1, 12072|684, 12168|750, 12256|842, 12256|1635, 12304|1696, 12312|1754, 12312|2559, 12232|2694, 12456|2776, 12456|3682, 12704|3770, 12704|4027, com.cnn.mobile.android.phone, 
12160|1, 12248|194, 12248|1039, 12240|1113, 12288|1202, 12288|2084, 12344|2165, 12360|2238, 12360|3071, 12352|3149, 12384|3208, 12384|4036, com.facebook.katana, 
12184|1, 12184|644, 12248|720, 12248|1608, 12320|1672, 12352|1783, 12352|2248, 12552|2353, 12552|2453, 12752|2569, 12960|2699, 12960|3588, 12992|3681, 13024|3749, 13024|4025, com.csst.ecdict, 
12184|1, 12184|633, 12112|688, 11984|748, 11984|1657, 11952|1719, 11976|1784, 11976|2577, 11944|2701, 11992|2782, 11992|3621, 12352|3799, 12352|4034, com.paypal.android.p2pmobile, 
11952|1, 11952|738, 11992|828, 12024|933, 12024|1748, 12088|1950, 12088|2801, 12248|2930, 12248|3748, 12392|3873, 12424|4008, com.antutu.ABenchMark, 
11864|1, 11864|412, 11992|488, 11992|1320, 11960|1402, 12008|1455, 11984|1513, 11984|2306, 12032|2408, 12112|2511, 12112|3375, 12448|3476, 12448|4071, com.cnn.mobile.android.phone, 
11952|1, 11976|107, 12048|162, 12048|1067, 12080|1118, 12056|1189, 12056|2008, 12272|2209, 12272|2683, 12472|2822, 12472|2982, 12576|3080, 12680|3225, 12744|4056, com.cnn.mobile.android.phone, 
11896|1, 11880|116, 11968|179, 11968|652, 12016|714, 12016|1133, 11936|1246, 11936|2069, 12056|2193, 12056|3023, 12072|3086, 12080|3151, 12088|3209, 12088|4036, com.facebook.katana, 
11912|1, 11912|724, 11880|804, 11920|891, 11920|1707, 12040|1833, 12040|2500, 12240|2606, 12504|2730, 12624|2833, 12624|3701, 12640|3772, 12688|3836, 12688|4053, com.csst.ecdict, 
11824|1, 11824|615, 11840|680, 11960|736, 11960|1587, 11944|1751, 11944|2539, 12088|2604, 12256|2665, 12272|2743, 12272|3574, 12352|3650, 12496|3731, 12496|4042, com.booking, 
11928|1, 11896|376, 11896|665, 11880|724, 11880|923, 11872|1068, 11840|1209, 11840|1537, 11872|1602, 11872|1879, 11944|2074, 11960|2364, 11960|2986, 12144|3326, 12232|4120, com.booking, 
11928|1, 11928|734, 11864|867, 11864|1660, 11856|1728, 11928|1812, 11928|2666, 11976|3019, 11976|3608, 12120|3815, 12120|4077, com.ebay.mobile, 
11952|1, 11952|572, 11944|643, 11944|734, 11784|844, 11784|1505, 11832|1574, 11832|1707, 11824|1813, 11872|2096, 11872|2491, 11928|2824, 11984|3066, 11984|3801, 12088|3928, 12088|4121, com.dropbox.android, 
11824|1, 11824|828, 11784|882, 11800|957, 11800|1388, 11928|2009, 11928|2632, 12096|2985, 12096|3781, 12184|3923, 12184|4117, com.dropbox.android, 
11736|1, 11736|386, 11856|452, 11856|1319, 11888|1390, 11856|1445, 11856|2339, 11936|2469, 11936|3242, 12136|3565, 12136|4075, com.booking, 
11880|1, 11880|487, 11864|546, 11864|1149, 11800|1266, 11800|2729, 11856|3233, 11896|3532, 11896|4057, com.paypal.android.p2pmobile, 
11696|1, 11728|431, 11728|988, 11792|1162, 11792|1951, 11944|2051, 11952|2222, 11952|2425, 11968|3062, 12088|3798, 12224|4082, com.dropbox.android, 
11904|1, 11904|838, 11872|961, 11872|1806, 11864|1908, 11936|2246, 11936|2868, 11904|3244, 11904|3646, 11976|3937, 11976|4089, com.paypal.android.p2pmobile, 
11712|1, 11712|605, 11808|688, 11776|784, 11776|1593, 11992|1777, 11992|2180, 12032|2758, 12032|3526, 12192|3759, 12192|4193, com.dropbox.android, 
11776|1, 11832|398, 11888|476, 11888|1348, 11880|1454, 11880|2282, 11936|2569, 11936|3212, 12056|3417, 12048|3718, 12048|4310, com.csst.ecdict, 
11808|1, 11808|476, 11920|530, 11920|1391, 11944|1589, 11944|2202, 12056|2572, 12056|3315, 12288|3610, 12288|4124, com.csst.ecdict, 
