453362|1, 453362|3456, 453366|3548, 453380|3660, 453387|3745, 453391|4023, com.csst.ecdict, 
453479|1, 453479|4018, com.google.android.apps.photos, 
453479|1, 453479|2651, 453480|2773, 453481|2919, 453481|3068, 453509|3204, 453509|3279, 453515|3362, 453531|3433, 453544|3508, 453544|3619, 453551|3686, 453579|3767, 453579|3878, 453585|3936, 453586|3994, 453586|4046, com.instagram.android, 
453587|1, 453587|244, 453588|335, 453588|2280, 453592|2368, 453601|2624, 453606|2759, 453612|3042, 453620|3343, 453620|3600, 453622|3695, 453622|3798, 453624|3904, 453624|4024, com.Slack, 
453660|1, 453660|873, 453661|1008, 453661|2332, 453665|2434, 453675|2547, 453686|2674, 453689|2783, 453689|3053, 453691|3203, 453697|3320, 453697|3458, 453717|3599, 453724|3691, 453727|3770, 453748|3867, 453752|4057, com.antutu.ABenchMark, 
453909|1, 453909|881, 453910|1007, 453910|4036, com.facebook.katana, 
453919|1, 453919|3618, 453920|3712, 453932|3834, 453932|4022, com.sometimeswefly.littlealchemy, 
453942|1, 453942|2784, 453943|3036, 453945|3280, 453945|3489, 453951|3778, 453951|4019, com.ted.android, 
453999|1, 453999|4062, com.github.shadowsocks, 
454068|1, 454068|3068, 454070|3202, 454071|3293, 454079|3384, 454079|3449, 454081|3522, 454081|4045, com.skype.raider, 
454090|1, 454090|4079, com.booking, 
454218|1, 454218|4021, com.github.shadowsocks, 
454284|1, 454284|2471, 454285|2595, 454291|2795, 454291|3030, 454296|3220, 454296|3549, 454306|3722, 454306|4076, com.ted.android, 
454341|1, 454341|625, 454348|773, 454350|951, 454350|1418, 454352|1709, 454353|1847, 454353|2637, 454357|2784, 454358|2988, 454359|3114, 454368|3281, 454368|4113, com.skype.raider, 
454382|1, 454382|4056, com.ebay.mobile, 
454433|1, 454433|189, 454434|274, 454434|4009, com.csst.ecdict, 
454562|1, 454562|2510, 454564|2596, 454564|2662, 454574|2794, 454580|2939, 454582|3117, 454587|3296, 454593|3454, 454594|3574, 454594|3735, 454597|3864, 454597|4009, com.Slack, 
454624|1, 454624|3026, 454628|3170, 454632|3307, 454639|3464, 454643|3578, 454644|3679, 454657|3868, 454665|4078, com.android.chrome, 
454684|1, 454684|2289, 454686|2437, 454688|2648, 454688|3596, 454698|3779, 454701|3943, 454706|4075, com.paypal.android.p2pmobile, 
454752|1, 454752|125, 454754|244, 454764|350, 454764|2371, 454766|2462, 454768|2564, 454770|2741, 454775|2831, 454783|2970, 454785|3091, 454786|3208, 454789|3345, 454791|3533, 454791|3836, 454793|3979, 454793|4072, com.github.shadowsocks, 
454895|1, 454895|101, 454896|184, 454896|257, 454897|343, 454897|456, 454898|515, 454898|2557, 454899|2656, 454899|2767, 454906|2849, 454909|2926, 454910|2991, 454911|3069, 454911|4028, com.skype.raider, 
454934|1, 454934|2686, 454935|2767, 454935|3278, 454939|3412, 454955|3498, 454959|3565, 454959|3634, 454964|3709, 454966|3774, 454966|4014, com.instagram.android, 
455046|1, 455046|3750, 455048|3822, 455048|3899, 455059|3987, 455065|4043, com.csst.ecdict, 
455162|1, 455162|1592, 455165|1778, 455165|1903, 455167|2057, 455167|2203, 455172|2384, 455175|2492, 455175|3181, 455177|3389, 455180|3510, 455181|3650, 455181|4021, com.paypal.android.p2pmobile, 
455237|1, 455237|517, 455238|586, 455238|692, 455240|797, 455241|975, 455241|1181, 455242|1267, 455242|1336, 455244|1397, 455244|1468, 455245|1542, 455245|2218, 455246|2316, 455246|2734, 455251|2835, 455253|2927, 455254|2997, 455256|3108, 455256|3259, 455272|3347, 455284|3414, 455284|3495, 455289|3573, 455294|3641, 455318|3712, 455322|3776, 455322|3835, 455332|3895, 455333|3953, 455333|4007, com.instagram.android, 
455398|1, 455398|2321, 455402|2457, 455410|2572, 455410|2708, 455418|2898, 455423|3056, 455425|3137, 455426|3222, 455428|3318, 455429|3477, 455431|4473, com.Slack, 
455508|1, 455509|4056, com.tripadvisor.tripadvisor, 
455531|1, 455531|838, 455532|934, 455532|4015, com.google.android.apps.photos, 
455534|1, 455534|1862, 455536|2029, 455536|4034, com.google.android.deskclock, 
455540|1, 455540|3357, 455541|3448, 455542|3542, 455547|3651, 455547|3762, 455550|3831, 455551|3930, 455555|4007, com.ebay.mobile, 
455641|1, 455641|608, 455642|695, 455642|2601, 455643|2681, 455643|3735, 455644|3895, 455645|4005, com.ebay.mobile, 
455718|1, 455718|3057, 455719|3168, 455720|3364, 455720|3604, 455724|3717, 455730|3784, 455730|3862, 455733|3921, 455738|3986, 455738|4052, com.ted.android, 
455784|1, 455784|2900, 455786|2992, 455786|4002, com.sometimeswefly.littlealchemy, 
455794|1, 455794|2721, 455796|2833, 455803|2991, 455807|3118, 455815|3310, 455816|3389, 455820|3463, 455822|3558, 455824|3718, 455824|4067, com.Slack, 
455880|1, 455880|3365, 455881|3458, 455881|4013, com.tripadvisor.tripadvisor, 
455896|1, 455896|4072, com.facebook.katana, 
455899|1, 455899|1316, 455900|1378, 455900|3092, 455904|3228, 455904|4008, com.whatsapp, 
455911|1, 455911|2012, 455913|2136, 455921|2288, 455926|2396, 455928|2547, 455937|2689, 455938|2829, 455939|2936, 455940|3015, 455942|3095, 455942|3641, 455945|3730, 455945|4079, com.Slack, 
455952|1, 455952|1870, 455954|1998, 455955|2098, 455956|2185, 455957|2311, 455957|2426, 455959|2588, 455960|2665, 455962|2841, 455966|3016, 455967|3180, 455967|3353, 455968|3445, 455968|3514, 455969|3591, 455969|3700, 455970|3757, 455971|4010, com.paypal.android.p2pmobile, 
456001|1, 456001|85, 456002|199, 456011|326, 456011|683, 456012|811, 456012|1068, 456014|1226, 456015|1311, 456015|1711, 456019|1967, 456019|2134, 456032|2371, 456033|2473, 456034|2675, 456034|3662, 456035|3794, 456037|3919, 456037|4049, com.paypal.android.p2pmobile, 
456119|1, 456125|79, 456127|189, 456127|267, 456136|354, 456136|1249, 456137|1313, 456137|3058, 456147|3341, 456148|3479, 456151|3661, 456158|3896, 456162|4036, com.ted.android, 
456238|1, 456238|2967, 456240|3117, 456246|3196, 456249|3284, 456250|3355, 456251|3430, 456251|4044, com.skype.raider, 
456273|1, 456273|1130, 456274|1252, 456274|2190, 456276|2265, 456277|2352, 456278|2472, 456278|3222, 456279|3285, 456279|4039, com.tripadvisor.tripadvisor, 
456297|1, 456297|3781, 456299|3866, 456300|4053, at.DiTronic.androidgroup.randomgallery, 
456415|1, 456418|94, 456418|2710, 456420|2797, 456420|4039, com.tripadvisor.tripadvisor, 
456439|1, 456439|2954, 456440|3029, 456442|4012, com.tripadvisor.tripadvisor, 
456471|1, 456471|2965, 456473|3138, 456473|3268, 456501|3421, 456501|3503, 456516|3587, 456528|3658, 456528|3776, 456530|3843, 456533|3913, 456533|4031, com.instagram.android, 
456580|1, 456580|735, 456581|819, 456581|2048, 456582|2141, 456592|2240, 456594|2343, 456598|2436, 456598|2727, 456617|3435, 456627|3552, 456636|3655, 456640|3734, 456645|3824, 456658|3940, 456675|4095, com.antutu.ABenchMark, 
456834|1, 456834|2708, 456836|3426, 456836|3699, 456837|3795, 456838|3979, 456845|4082, com.ted.android, 
456896|1, 456896|2905, 456898|3019, 456898|4021, com.sometimeswefly.littlealchemy, 
456906|1, 456906|2724, 456907|2866, 456908|3020, 456912|3188, 456924|3278, 456928|3416, 456937|3511, 456938|3582, 456938|3661, 456940|3757, 456940|4024, com.cnn.mobile.android.phone, 
457128|1, 457128|337, 457129|399, 457129|514, 457131|572, 457131|807, 457132|864, 457134|931, 457134|4059, com.tripadvisor.tripadvisor, 
457169|1, 457169|2477, 457172|2664, 457185|2885, 457189|2987, 457199|3134, 457215|3293, 457217|3384, 457222|3478, 457223|3571, 457223|4051, com.android.chrome, 
457226|1, 457226|4046, com.sometimeswefly.littlealchemy, 
457243|1, 457243|642, 457245|757, 457245|2988, 457247|3090, 457248|3171, 457249|3280, 457250|3409, 457255|3550, 457255|3879, 457256|3972, 457256|4049, com.ebay.mobile, 
457313|1, 457313|691, 457315|750, 457322|845, 457322|2970, 457324|3128, 457334|3447, 457337|3567, 457366|3978, 457368|4065, com.android.chrome, 
457377|1, 457377|4054, com.google.android.deskclock, 
457380|1, 457380|4003, com.facebook.katana, 
457384|1, 457384|1945, 457389|2184, 457392|2287, 457392|2409, 457396|2567, 457397|2725, 457402|2854, 457402|3094, 457405|3254, 457408|3406, 457410|3510, 457411|3679, 457420|3974, 457456|4209, com.Slack, 
457488|1, 457488|1040, 457489|1147, 457489|4064, com.github.shadowsocks, 
457588|1, 457588|2715, 457589|2810, 457596|2943, 457596|3128, 457599|3322, 457600|3435, 457600|4029, com.ted.android, 
457639|1, 457639|2593, 457641|2734, 457641|3657, 457645|3853, 457647|3979, 457650|4080, com.paypal.android.p2pmobile, 
457725|1, 457725|171, 457732|284, 457732|1329, 457733|1405, 457733|1472, 457738|1531, 457738|2402, 457739|2542, 457739|3218, 457743|3367, 457744|3457, 457744|4157, com.github.shadowsocks, 
457854|1, 457854|741, 457856|862, 457857|1058, 457858|1154, 457858|4002, com.google.android.apps.photos, 
457859|1, 457865|4002, com.csst.ecdict, 
457978|1, 457978|2979, 457981|3063, 457989|3141, 457989|3282, 457990|3361, 457993|3429, 457993|4024, com.skype.raider, 
458004|1, 458004|3181, 458006|3282, 458006|4044, com.Slack, 
458016|1, 458016|761, 458018|890, 458018|3163, 458021|3304, 458021|3417, 458037|3585, 458045|3662, 458045|3725, 458049|3798, 458051|3857, 458051|4044, com.instagram.android, 
458127|1, 458127|2938, 458155|3022, 458155|3180, 458165|3249, 458190|3317, 458190|3430, 458195|3498, 458221|3557, 458221|3736, 458228|3801, 458228|3861, 458230|3916, 458230|4034, com.instagram.android, 
458239|1, 458239|4040, com.google.android.apps.photos, 
458240|1, 458240|1958, 458242|2110, 458242|3023, 458245|3143, 458245|4044, com.sometimeswefly.littlealchemy, 
458260|1, 458260|2958, 458266|3091, 458266|3489, 458272|3573, 458273|3635, 458287|3732, 458298|3810, 458298|4035, com.Slack, 
458305|1, 458305|2501, 458306|2603, 458310|2704, 458310|3065, 458312|3162, 458312|3496, 458313|3562, 458313|4058, com.Slack, 
458314|1, 458314|4067, at.DiTronic.androidgroup.randomgallery, 
458432|1, 458432|503, 458433|601, 458433|2363, 458434|2456, 458434|4022, com.google.android.apps.photos, 
458434|1, 458434|4058, com.google.android.deskclock, 
458439|1, 458439|4047, com.ebay.mobile, 
458468|1, 458468|4049, com.google.android.apps.photos, 
458468|1, 458468|4018, com.google.android.apps.photos, 
458470|1, 458470|2723, 458471|2832, 458471|2900, 458472|2962, 458472|3103, 458476|3166, 458476|3254, 458479|3322, 458480|3615, 458480|3700, 458481|3823, 458482|3888, 458482|4011, com.skype.raider, 
458492|1, 458494|4022, com.tripadvisor.tripadvisor, 
458517|1, 458517|4122, com.google.android.apps.photos, 
458518|1, 458518|2580, 458521|2685, 458530|2806, 458534|2936, 458534|3206, 458535|3326, 458541|3399, 458551|3461, 458566|3541, 458567|3605, 458567|3725, 458573|3831, 458575|3934, 458575|4013, com.Slack, 
458577|1, 458577|2582, 458578|2699, 458579|2790, 458579|2857, 458580|2934, 458580|3005, 458585|3090, 458585|3151, 458588|3209, 458588|3746, 458589|3821, 458589|3873, 458593|3935, 458593|4004, com.skype.raider, 
458600|1, 458600|2480, 458603|2572, 458605|2692, 458607|2826, 458612|2963, 458616|3063, 458620|3180, 458622|3256, 458624|3342, 458624|3414, 458627|3547, 458633|3766, 458639|3885, 458640|3994, 458641|4089, com.cnn.mobile.android.phone, 
458772|1, 458772|79, 458773|175, 458773|265, 458774|345, 458774|472, 458780|641, 458780|1088, 458781|1194, 458782|1285, 458786|1382, 458786|1929, 458787|2048, 458787|2916, 458796|3083, 458797|3278, 458801|3503, 458801|4036, com.ted.android, 
458847|1, 458847|1095, 458848|1189, 458848|4002, com.google.android.apps.photos, 
458848|1, 458848|1366, 458849|1491, 458849|2231, 458855|2383, 458865|2544, 458874|2687, 458880|2825, 458893|2947, 458897|3054, 458897|3580, 458898|3647, 458898|3851, 458902|3938, 458902|4020, com.android.chrome, 
458925|1, 458925|4065, com.github.shadowsocks, 
459007|1, 459007|771, 459008|928, 459008|2700, 459009|2773, 459009|2829, 459010|2897, 459010|3265, 459011|3339, 459011|3404, 459013|3470, 459013|3545, 459015|3609, 459015|3672, 459016|3739, 459016|4049, com.tripadvisor.tripadvisor, 
459031|1, 459031|2863, 459032|2935, 459032|4180, com.facebook.katana, 
459032|1, 459033|69, 459033|3028, 459035|3218, 459038|3479, 459048|3684, 459059|3911, 459065|4012, com.android.chrome, 
459092|1, 459092|3824, 459093|3880, 459096|4050, com.facebook.katana, 
459105|1, 459105|2462, 459108|2567, 459108|4045, com.google.android.apps.photos, 
459109|1, 459109|2057, 459113|2149, 459121|2252, 459131|2372, 459135|2472, 459137|2605, 459137|2794, 459145|2976, 459150|3102, 459169|3246, 459176|3337, 459185|3448, 459188|3554, 459197|3693, 459222|3882, 459224|4057, com.antutu.ABenchMark, 
459358|1, 459358|4089, com.github.shadowsocks, 
459424|1, 459424|3395, 459427|3516, 459429|3688, 459429|3795, 459434|3978, 459434|4125, com.ebay.mobile, 
459489|1, 459489|626, 459490|751, 459490|4053, at.DiTronic.androidgroup.randomgallery, 
459604|1, 459604|2928, 459606|3036, 459608|3151, 459608|4024, com.whatsapp, 
459609|1, 459609|3216, 459611|3393, 459617|3663, 459627|3882, 459635|4029, com.android.chrome, 
459664|1, 459664|2703, 459667|2840, 459672|2983, 459672|3139, 459674|3314, 459676|3442, 459680|3649, 459684|3768, 459684|3835, 459689|3910, 459689|4037, com.ted.android, 
459747|1, 459747|983, 459748|1067, 459748|2314, 459749|2373, 459749|2496, 459757|2624, 459759|2752, 459760|2822, 459770|3029, 459775|3107, 459780|3189, 459783|3259, 459792|3359, 459796|3644, 459797|3735, 459798|3904, 459799|4088, com.cnn.mobile.android.phone, 
459938|1, 459938|159, 459940|212, 459940|2788, 459941|2900, 459941|3055, 459961|3228, 459969|3315, 460003|3624, 460003|3724, 460010|3805, 460015|3862, 460026|3921, 460038|3991, 460039|4046, com.instagram.android, 
460045|1, 460045|4063, com.github.shadowsocks, 
460111|1, 460111|2287, 460112|2387, 460113|2553, 460113|4005, com.whatsapp, 
460125|1, 460125|2848, 460127|2941, 460127|4037, com.sometimeswefly.littlealchemy, 
460141|1, 460141|2112, 460144|2209, 460152|2312, 460161|2415, 460167|2520, 460167|3013, 460182|3145, 460187|3287, 460196|3397, 460207|3490, 460211|3625, 460220|3710, 460220|3773, 460242|3881, 460249|4095, com.antutu.ABenchMark, 
460394|1, 460394|4057, com.sometimeswefly.littlealchemy, 
460410|1, 460410|445, 460411|509, 460411|2164, 460413|2269, 460413|4041, com.whatsapp, 
460413|1, 460413|2020, 460414|2177, 460414|4037, com.sometimeswefly.littlealchemy, 
460430|1, 460430|2907, 460432|2992, 460438|3061, 460441|3126, 460442|3197, 460443|3270, 460443|4038, com.skype.raider, 
460451|1, 460451|4060, com.booking, 
460577|1, 460577|3024, 460584|3164, 460584|3245, 460586|3330, 460592|3407, 460598|3517, 460603|3641, 460605|3751, 460607|3875, 460609|3963, 460609|4066, com.dropbox.android, 
460616|1, 460616|4026, com.ebay.mobile, 
460644|1, 460644|1195, 460648|1280, 460648|2189, 460663|2305, 460664|2520, 460664|2961, 460666|3067, 460666|4087, com.sometimeswefly.littlealchemy, 
460676|1, 460676|4028, at.DiTronic.androidgroup.randomgallery, 
460782|1, 460782|2611, 460786|2799, 460794|2960, 460797|3101, 460802|3198, 460812|3360, 460823|3491, 460827|3583, 460832|3837, 460836|3990, 460840|4115, com.cnn.mobile.android.phone, 
460962|1, 460963|96, 460963|163, 460965|238, 460965|908, 460966|1044, 460967|1145, 460967|1956, 460968|2066, 460968|2163, 460969|2257, 460971|2423, 460971|4079, com.github.shadowsocks, 
461042|1, 461042|4075, com.github.shadowsocks, 
461119|1, 461119|4030, at.DiTronic.androidgroup.randomgallery, 
461460|1, 461460|370, 461461|452, 461461|1933, 461462|1990, 461463|2095, 461464|2181, 461471|2322, 461472|2417, 461490|2646, 461491|2745, 461498|2821, 461509|2966, 461512|3079, 461513|3166, 461519|3261, 461523|3429, 461528|3603, 461530|3743, 461530|3844, 461539|3940, 461540|4058, com.cnn.mobile.android.phone, 
461639|1, 461641|64, 461641|232, 461642|293, 461642|1923, 461643|1991, 461647|2078, 461655|2187, 461667|2341, 461667|2627, 461669|2743, 461676|2900, 461699|3108, 461712|3241, 461719|3372, 461733|3488, 461746|3708, 461748|3930, 461749|4089, com.antutu.ABenchMark, 
461882|1, 461882|3294, 461885|3398, 461891|3539, 461891|3647, 461894|3785, 461895|3906, 461895|4103, com.ted.android, 
461943|1, 461943|443, 461944|506, 461944|4062, com.facebook.katana, 
461945|1, 461945|4005, at.DiTronic.androidgroup.randomgallery, 
462050|1, 462050|3114, 462052|3233, 462064|3396, 462076|3514, 462076|3591, 462079|3710, 462081|3782, 462081|4012, com.instagram.android, 
462161|1, 462161|2619, 462162|2711, 462168|2844, 462168|3069, 462172|3297, 462184|4091, com.ted.android, 
462219|1, 462219|1663, 462229|1809, 462231|1943, 462235|2036, 462242|2176, 462245|2290, 462251|2418, 462253|2608, 462271|2756, 462278|2859, 462298|3152, 462313|3334, 462319|3496, 462329|3657, 462329|3893, 462330|3961, 462334|4048, com.antutu.ABenchMark, 
462468|1, 462468|2296, 462469|2405, 462469|2527, 462471|2612, 462471|4022, com.whatsapp, 
462472|1, 462472|2731, 462473|2817, 462473|2884, 462474|2948, 462474|3019, 462477|3089, 462477|3212, 462479|3283, 462479|3345, 462480|3403, 462481|3475, 462481|4049, com.skype.raider, 
462496|1, 462496|4048, at.DiTronic.androidgroup.randomgallery, 
462601|1, 462601|1749, 462603|1806, 462604|1907, 462605|2026, 462611|2184, 462620|2329, 462640|2459, 462647|2533, 462657|2653, 462661|2835, 462661|3105, 462665|3227, 462670|3420, 462675|3542, 462682|3665, 462686|3758, 462689|3840, 462690|3922, 462690|4001, com.cnn.mobile.android.phone, 
462771|1, 462771|75, 462772|140, 462772|222, 462774|302, 462774|1043, 462775|1159, 462775|3493, 462777|3580, 462786|3681, 462797|3767, 462801|3900, 462804|4023, com.dropbox.android, 
462809|1, 462809|4059, at.DiTronic.androidgroup.randomgallery, 
462918|1, 462918|4028, com.tripadvisor.tripadvisor, 
462931|1, 462931|1945, 462933|2041, 462933|3379, 462935|3553, 462935|3741, 462936|3870, 462936|4015, com.paypal.android.p2pmobile, 
462992|1, 462992|133, 462993|218, 462993|285, 462995|395, 463008|502, 463008|874, 463009|963, 463009|1976, 463010|2070, 463011|2151, 463014|2272, 463016|2354, 463016|2943, 463017|3264, 463018|3337, 463021|3446, 463021|3503, 463022|3562, 463047|3624, 463047|3678, 463054|3736, 463057|3798, 463057|3858, 463060|3920, 463061|4039, com.facebook.katana, 
463069|1, 463069|2349, 463074|2483, 463074|3259, 463077|3360, 463086|3466, 463092|3562, 463093|3651, 463093|3718, 463097|3803, 463097|3886, 463098|3948, 463098|4030, com.dropbox.android, 
463118|1, 463118|1434, 463119|1596, 463119|2744, 463124|2850, 463124|3401, 463126|3507, 463136|3642, 463142|3754, 463143|3840, 463147|4004, com.dropbox.android, 
463148|1, 463148|3606, 463149|3755, 463150|3847, 463150|4009, at.DiTronic.androidgroup.randomgallery, 
463274|1, 463274|653, 463275|720, 463275|2044, 463276|2136, 463278|2280, 463279|2454, 463279|2644, 463281|2751, 463281|3314, 463282|3399, 463282|4088, com.sometimeswefly.littlealchemy, 
463304|1, 463304|2693, 463306|2782, 463306|3752, 463307|3821, 463307|3888, 463308|3989, 463308|4059, com.skype.raider, 
463329|1, 463329|806, 463330|886, 463330|2135, 463332|2244, 463332|2355, 463333|2447, 463333|4001, com.whatsapp, 
463333|1, 463333|4051, com.whatsapp, 
463336|1, 463336|3051, 463337|3121, 463337|4035, com.tripadvisor.tripadvisor, 
463349|1, 463349|2381, 463350|2494, 463350|4075, com.booking, 
463490|1, 463490|4008, com.google.android.deskclock, 
463490|1, 463490|2420, 463491|2490, 463492|2635, 463494|2789, 463494|2898, 463498|3026, 463503|3129, 463504|3241, 463506|3326, 463507|3446, 463513|4078, com.booking, 
463597|1, 463597|544, 463602|613, 463602|1549, 463611|1732, 463611|4005, com.google.android.deskclock, 
463611|1, 463611|2696, 463616|2811, 463616|2888, 463619|2978, 463630|3089, 463634|3183, 463637|3305, 463641|3460, 463641|4054, com.dropbox.android, 
463654|1, 463654|713, 463661|825, 463661|1896, 463674|2092, 463683|2195, 463690|2316, 463690|2590, 463692|2699, 463693|2811, 463700|2956, 463714|3073, 463721|3277, 463724|3403, 463739|3561, 463746|3691, 463756|3845, 463759|3961, 463759|4116, com.antutu.ABenchMark, 
463910|1, 463910|2194, 463911|2302, 463912|2421, 463912|4017, com.whatsapp, 
463912|1, 463912|4036, com.google.android.deskclock, 
463915|1, 463915|4015, com.facebook.katana, 
463919|1, 463919|3163, 463921|3314, 463921|3429, 463930|3519, 463950|3829, 463950|4011, com.instagram.android, 
464025|1, 464025|3526, 464027|3756, 464038|4208, com.android.chrome, 
464091|1, 464091|4023, com.google.android.deskclock, 
464095|1, 464095|3402, 464096|3479, 464097|3573, 464099|3681, 464100|3804, 464106|3937, 464107|4068, com.ebay.mobile, 
464168|1, 464168|185, 464169|257, 464169|4054, com.google.android.deskclock, 
464169|1, 464169|290, 464172|361, 464172|2560, 464174|2660, 464177|2765, 464179|2937, 464180|3052, 464182|3165, 464182|3266, 464187|3426, 464189|3565, 464189|3668, 464194|3788, 464196|3952, 464197|4061, com.booking, 
464278|1, 464278|3379, 464282|3492, 464285|3606, 464296|4024, com.csst.ecdict, 
464382|1, 464382|3185, 464384|3352, 464390|3529, 464397|3737, 464402|3836, 464405|3953, 464413|4064, com.android.chrome, 
464438|1, 464438|616, 464445|697, 464446|787, 464447|872, 464447|1447, 464448|1654, 464451|1786, 464451|3066, 464454|3280, 464467|3531, 464475|3688, 464481|3875, 464489|3973, 464496|4072, com.android.chrome, 
464512|1, 464512|3879, 464515|3953, 464515|4074, at.DiTronic.androidgroup.randomgallery, 
464631|1, 464631|2993, 464634|3117, 464634|3256, 464654|3367, 464665|3501, 464667|3568, 464667|3636, 464677|3696, 464693|3764, 464693|3872, 464699|3941, 464699|4051, com.instagram.android, 
464743|1, 464743|2834, 464745|3055, 464758|3392, 464765|3485, 464768|3612, 464772|3733, 464773|3813, 464775|4038, com.android.chrome, 
464786|1, 464786|3580, 464788|3664, 464792|3769, 464799|3842, 464801|3908, 464807|4072, com.csst.ecdict, 
464890|1, 464890|1812, 464891|1964, 464895|2052, 464910|2192, 464917|2314, 464917|2622, 464923|2793, 464932|2968, 464947|3117, 464960|3259, 464965|3387, 464966|3602, 464981|3792, 464985|3935, 464994|4151, com.antutu.ABenchMark, 
465137|1, 465137|2779, 465144|2903, 465144|3008, 465150|3109, 465160|3208, 465164|3314, 465167|3498, 465167|3589, 465171|3702, 465171|4033, com.dropbox.android, 
465172|1, 465172|4009, com.google.android.deskclock, 
465172|1, 465172|1718, 465173|1873, 465173|2465, 465175|2553, 465176|2722, 465178|2866, 465178|3159, 465179|3268, 465179|3360, 465180|3438, 465180|3777, 465184|3906, 465191|4087, com.booking, 
465277|1, 465277|1962, 465279|2042, 465279|2118, 465280|2182, 465280|2292, 465285|2411, 465289|2544, 465290|2661, 465296|2789, 465310|2918, 465319|3014, 465326|3095, 465335|3197, 465343|3301, 465356|3453, 465358|3549, 465358|3631, 465360|3709, 465384|4232, com.cnn.mobile.android.phone, 
465501|1, 465501|893, 465502|956, 465502|1714, 465506|1894, 465522|2028, 465527|2122, 465536|2302, 465538|2471, 465543|2641, 465572|2908, 465590|3111, 465596|3283, 465616|3461, 465618|3570, 465622|3652, 465633|3733, 465634|3815, 465636|3943, 465636|4188, com.antutu.ABenchMark, 
465777|1, 465777|988, 465781|1068, 465782|1141, 465782|1219, 465785|1289, 465785|2143, 465786|2209, 465787|2274, 465787|3081, 465788|3152, 465788|4031, com.google.android.deskclock, 
465796|1, 465796|4088, com.ebay.mobile, 
465853|1, 465853|1889, 465855|2024, 465855|2490, 465856|2579, 465861|2756, 465861|2891, 465862|3003, 465863|3114, 465864|3226, 465865|3336, 465866|3471, 465872|3567, 465873|3699, 465874|4039, com.booking, 
465970|1, 465970|2283, 465972|2413, 465973|2491, 465974|2569, 465974|4017, com.whatsapp, 
465975|1, 465975|4009, com.whatsapp, 
465987|1, 465987|429, 465989|485, 465990|586, 465990|1464, 465994|1704, 465994|1832, 465996|1935, 465996|2905, 465999|3002, 465999|3164, 466000|3286, 466001|3400, 466001|3521, 466002|3640, 466002|4003, com.paypal.android.p2pmobile, 
466060|1, 466066|126, 466067|260, 466072|454, 466072|974, 466073|1057, 466074|1199, 466075|1313, 466075|1545, 466076|1607, 466076|1684, 466077|1762, 466077|2351, 466080|2480, 466080|2555, 466084|2770, 466114|3191, 466117|3313, 466124|3429, 466127|3559, 466134|3661, 466141|3812, 466153|3911, 466159|3993, 466161|4086, com.cnn.mobile.android.phone, 
466319|1, 466319|69, 466320|142, 466320|303, 466323|399, 466323|513, 466324|598, 466324|4009, com.facebook.katana, 
466342|1, 466342|3714, 466346|3786, 466352|3864, 466358|3930, 466362|4066, com.csst.ecdict, 
466442|1, 466442|286, 466443|375, 466443|2428, 466445|2555, 466445|3304, 466446|3471, 466448|3596, 466448|3765, 466450|3893, 466452|3965, 466452|4029, com.paypal.android.p2pmobile, 
466508|1, 466509|161, 466510|331, 466511|401, 466513|504, 466514|582, 466514|1583, 466515|1711, 466515|2013, 466520|2098, 466530|2269, 466532|2360, 466542|2508, 466545|2606, 466545|2898, 466551|3130, 466552|3249, 466571|3431, 466580|3580, 466593|3723, 466593|3804, 466598|3958, 466612|4081, com.antutu.ABenchMark, 
466813|1, 466813|2353, 466814|2528, 466819|2641, 466826|2762, 466836|2909, 466845|3012, 466850|3145, 466850|3418, 466854|3605, 466854|3793, 466859|3940, 466861|4026, com.cnn.mobile.android.phone, 
467012|1, 467012|1730, 467014|1826, 467014|1897, 467023|2087, 467031|2214, 467042|2370, 467056|2456, 467056|2562, 467061|2704, 467062|2811, 467062|2880, 467065|2966, 467070|3118, 467081|3329, 467091|3515, 467097|3624, 467100|3709, 467101|3801, 467111|3950, 467113|4035, com.cnn.mobile.android.phone, 
467192|1, 467192|905, 467193|1001, 467193|1949, 467194|2080, 467194|2976, 467196|3038, 467196|4393, com.facebook.katana, 
467198|1, 467198|3717, 467203|3804, 467208|3864, 467215|3938, 467215|4010, com.csst.ecdict, 
467297|1, 467297|4023, com.booking, 
467414|1, 467414|3489, 467417|3721, 467418|4056, com.booking, 
467513|1, 467513|646, 467514|794, 467514|942, 467517|1164, 467518|1248, 467520|1326, 467520|1390, 467521|1450, 467521|4064, com.ebay.mobile, 
467601|1, 467601|4083, com.dropbox.android, 
467646|1, 467646|349, 467650|445, 467650|507, 467652|561, 467652|1257, 467662|1800, 467662|2483, 467664|2804, 467664|3285, 467669|3486, 467670|3645, 467670|3773, 467682|3963, 467688|4131, com.dropbox.android, 
467696|1, 467696|3243, 467705|3552, 467707|3792, 467709|3985, 467709|4118, com.booking, 
467775|1, 467775|598, 467776|714, 467776|1348, 467778|1434, 467778|2503, 467782|3009, 467784|3327, 467784|4025, com.paypal.android.p2pmobile, 
467849|1, 467849|284, 467850|370, 467850|1227, 467851|1373, 467851|1659, 467852|1805, 467855|2035, 467858|2604, 467859|3362, 467860|3674, 467860|4061, com.dropbox.android, 
467963|1, 467963|303, 467965|359, 467966|426, 467966|983, 467969|1135, 467969|2819, 467974|3221, 467976|3616, 467976|4041, com.paypal.android.p2pmobile, 
468030|1, 468030|567, 468032|679, 468034|784, 468035|910, 468035|1161, 468036|1283, 468043|1483, 468043|4099, com.dropbox.android, 
468117|1, 468117|1545, 468120|1617, 468120|3444, 468123|3887, 468123|4145, com.csst.ecdict, 
468250|1, 468250|61, 468251|118, 468251|4104, com.csst.ecdict, 
