2655|1, 2655|3795, 2657|3899, 2655|4073, com.csst.ecdict, 
2655|1, 2655|4033, com.google.android.apps.photos, 
2655|1, 2655|3844, 2657|3919, 2655|3992, 2655|4045, com.instagram.android, 
2655|1, 2655|2479, 2657|2691, 2659|2843, 2657|2975, 2655|3284, 2657|3542, 2657|3728, 2658|3804, 2658|4004, com.Slack, 
2655|1, 2655|2518, 2657|2642, 2659|2738, 2657|2863, 2655|2977, 2655|3391, 2657|3512, 2658|3660, 2660|3789, 2662|3873, 2660|4055, com.antutu.ABenchMark, 
2655|1, 2655|4031, com.facebook.katana, 
2655|1, 2655|4002, com.sometimeswefly.littlealchemy, 
2655|1, 2655|3120, 2656|3382, 2656|3609, 2658|3878, 2657|4129, com.ted.android, 
2656|1, 2656|4118, com.github.shadowsocks, 
2656|1, 2656|3458, 2657|3552, 2657|3636, 2658|3702, 2656|3771, 2656|4039, com.skype.raider, 
2656|1, 2656|4099, com.booking, 
2664|1, 2664|4096, com.github.shadowsocks, 
2664|1, 2664|2689, 2666|2805, 2667|3015, 2667|3117, 2668|3267, 2668|3690, 2667|3779, 2667|4033, com.ted.android, 
2664|1, 2664|715, 2665|790, 2665|1655, 2666|1887, 2666|2811, 2667|2965, 2667|3157, 2668|3304, 2669|3450, 2668|3578, 2668|4060, com.skype.raider, 
2667|1, 2667|4114, com.ebay.mobile, 
2667|1, 2667|4098, com.csst.ecdict, 
2667|1, 2667|2899, 2669|2966, 2672|3121, 2670|3272, 2670|3425, 2667|3636, 2669|3796, 2667|4054, com.Slack, 
2667|1, 2667|3694, 2668|3793, 2670|3939, 2671|4152, com.android.chrome, 
2667|1, 2669|4026, com.paypal.android.p2pmobile, 
2672|1, 2672|343, 2674|441, 2677|547, 2677|652, 2676|720, 2675|830, 2675|1066, 2673|1133, 2673|2480, 2674|2564, 2673|2661, 2673|3172, 2672|3292, 2672|3403, 2671|3563, 2672|3760, 2672|4030, com.github.shadowsocks, 
2670|1, 2670|352, 2669|427, 2669|828, 2668|907, 2668|2724, 2669|2842, 2670|2939, 2671|3018, 2671|3160, 2668|3236, 2668|4024, com.skype.raider, 
2670|1, 2670|4009, com.instagram.android, 
2670|1, 2670|3817, 2671|3882, 2672|4037, com.csst.ecdict, 
2671|1, 2671|1615, 2672|1767, 2672|2215, 2673|2356, 2673|2529, 2674|2630, 2674|2701, 2672|2784, 2672|3387, 2675|3538, 2675|3804, 2674|3922, 2674|4054, com.paypal.android.p2pmobile, 
2672|1, 2673|214, 2673|362, 2672|430, 2672|713, 2673|800, 2673|901, 2674|1027, 2674|1277, 2673|1384, 2674|1471, 2674|1531, 2675|1597, 2675|3129, 2674|3210, 2674|3320, 2673|3463, 2673|3548, 2671|3619, 2672|3693, 2672|3908, 2673|3973, 2673|4033, com.instagram.android, 
2672|1, 2672|2468, 2674|2603, 2675|2715, 2675|2859, 2676|3077, 2676|3461, 2674|3634, 2672|4255, com.Slack, 
2672|1, 2672|4007, com.tripadvisor.tripadvisor, 
2672|1, 2672|4034, com.google.android.apps.photos, 
2673|1, 2673|2079, 2672|2197, 2672|4030, com.google.android.deskclock, 
2673|1, 2673|3505, 2674|3602, 2675|3694, 2677|3803, 2677|3910, 2679|3980, 2679|4078, com.ebay.mobile, 
2674|1, 2675|4046, com.ebay.mobile, 
2674|1, 2674|3745, 2676|3843, 2677|3907, 2678|3985, 2678|4043, com.ted.android, 
2674|1, 2674|4052, com.sometimeswefly.littlealchemy, 
2674|1, 2674|2849, 2676|2973, 2678|3133, 2677|3355, 2677|3431, 2678|3513, 2676|4028, com.Slack, 
2674|1, 2674|3482, 2675|3577, 2675|4065, com.tripadvisor.tripadvisor, 
2674|1, 2674|4096, com.facebook.katana, 
2674|1, 2674|4014, com.whatsapp, 
2674|1, 2674|2162, 2676|2281, 2678|2432, 2676|2542, 2677|2710, 2676|2852, 2676|3074, 2674|3152, 2675|3252, 2675|4047, com.Slack, 
2674|1, 2674|1996, 2675|2116, 2676|2220, 2676|2431, 2674|2570, 2675|2707, 2675|2783, 2676|2989, 2678|3142, 2678|3812, 2679|3870, 2679|4046, com.paypal.android.p2pmobile, 
2674|1, 2675|179, 2675|246, 2677|389, 2678|486, 2678|979, 2676|1087, 2676|1278, 2677|1391, 2677|1727, 2678|1964, 2678|2163, 2679|2343, 2683|2544, 2684|2691, 2682|2843, 2682|3171, 2680|3307, 2680|3831, 2681|3998, 2681|4086, com.paypal.android.p2pmobile, 
2677|1, 2678|167, 2678|238, 2680|355, 2680|418, 2682|514, 2682|1158, 2679|1319, 2679|1402, 2680|1469, 2680|3126, 2681|3228, 2683|3522, 2684|3668, 2681|3877, 2681|4065, com.ted.android, 
2677|1, 2677|3281, 2679|3362, 2679|3524, 2677|3594, 2677|4008, com.skype.raider, 
2678|1, 2678|1251, 2679|1362, 2679|2298, 2680|2375, 2680|3080, 2678|3142, 2678|3391, 2679|3457, 2679|4008, com.tripadvisor.tripadvisor, 
2678|1, 2678|3884, 2680|3990, 2680|4082, at.DiTronic.androidgroup.randomgallery, 
2680|1, 2680|2743, 2681|2829, 2681|4072, com.tripadvisor.tripadvisor, 
2682|1, 2682|3083, 2683|3147, 2683|4007, com.tripadvisor.tripadvisor, 
2682|1, 2682|3299, 2684|3424, 2682|3564, 2682|4050, com.instagram.android, 
2683|1, 2683|2290, 2687|2391, 2687|2486, 2683|2589, 2683|2784, 2685|3485, 2685|3590, 2689|3703, 2689|3792, 2690|3873, 2689|3983, 2690|4088, com.antutu.ABenchMark, 
2683|1, 2684|4008, com.ted.android, 
2683|1, 2683|4057, com.sometimeswefly.littlealchemy, 
2683|1, 2683|3149, 2685|3312, 2687|3416, 2687|3546, 2685|3634, 2685|3782, 2684|3877, 2684|4006, com.cnn.mobile.android.phone, 
2685|1, 2685|688, 2684|761, 2684|2700, 2683|2814, 2683|4053, com.tripadvisor.tripadvisor, 
2683|1, 2683|2859, 2684|3003, 2684|3119, 2687|3262, 2688|3408, 2688|3499, 2686|3590, 2686|3772, 2683|3870, 2683|4081, com.android.chrome, 
2683|1, 2683|4079, com.sometimeswefly.littlealchemy, 
2683|1, 2683|3286, 2684|3400, 2685|3557, 2686|4010, com.ebay.mobile, 
2683|1, 2683|835, 2685|899, 2684|1023, 2684|1092, 2683|1145, 2683|3596, 2685|3779, 2688|4126, com.android.chrome, 
2684|1, 2684|4019, com.google.android.deskclock, 
2684|1, 2684|4013, com.facebook.katana, 
2685|1, 2685|2170, 2687|2319, 2687|2871, 2685|2988, 2685|3152, 2686|3243, 2691|4166, com.Slack, 
2686|1, 2686|4049, com.github.shadowsocks, 
2686|1, 2686|2830, 2687|2956, 2689|3097, 2687|3255, 2689|3446, 2689|3577, 2686|3720, 2686|4052, com.ted.android, 
2685|1, 2687|4013, com.paypal.android.p2pmobile, 
2686|1, 2686|386, 2688|488, 2688|1524, 2689|1597, 2689|1663, 2690|1722, 2690|1992, 2689|2049, 2689|2627, 2687|2737, 2687|3409, 2688|3564, 2688|4090, com.github.shadowsocks, 
2689|1, 2689|4043, com.google.android.apps.photos, 
2685|1, 2686|4031, com.csst.ecdict, 
2686|1, 2686|3118, 2688|3202, 2688|3418, 2689|3496, 2687|3567, 2687|4029, com.skype.raider, 
2686|1, 2686|3326, 2687|3437, 2687|4029, com.Slack, 
2687|1, 2687|897, 2688|1008, 2688|3299, 2689|3434, 2689|4039, com.instagram.android, 
2689|1, 2689|3312, 2690|3380, 2689|3449, 2689|3868, 2690|3933, 2689|4046, com.instagram.android, 
2689|1, 2689|4014, com.google.android.apps.photos, 
2689|1, 2689|4074, com.sometimeswefly.littlealchemy, 
2688|1, 2688|3007, 2689|3115, 2690|3226, 2690|3610, 2691|3693, 2718|3755, 2718|4012, com.Slack, 
2688|1, 2688|2606, 2689|2706, 2691|2867, 2691|3592, 2688|3664, 2688|4030, com.Slack, 
2688|1, 2688|4032, at.DiTronic.androidgroup.randomgallery, 
2688|1, 2688|4038, com.google.android.apps.photos, 
2688|1, 2688|4045, com.google.android.deskclock, 
2688|1, 2688|4026, com.ebay.mobile, 
2688|1, 2688|4075, com.google.android.apps.photos, 
2688|1, 2688|4036, com.google.android.apps.photos, 
2688|1, 2688|3037, 2689|3102, 2689|3238, 2690|3317, 2690|3463, 2691|3757, 2691|4026, com.skype.raider, 
2688|1, 2688|4042, com.tripadvisor.tripadvisor, 
2688|1, 2688|4032, com.google.android.apps.photos, 
2688|1, 2688|2734, 2689|2849, 2692|2969, 2694|3096, 2692|3214, 2692|3290, 2693|3356, 2716|3482, 2716|3610, 2714|3688, 2714|3812, 2692|3888, 2690|4089, com.Slack, 
2689|1, 2689|2921, 2690|2990, 2690|3136, 2691|3219, 2691|4002, com.skype.raider, 
2688|1, 2688|2663, 2689|2810, 2691|2921, 2692|3062, 2694|3160, 2694|3504, 2695|3703, 2693|3859, 2694|3994, 2694|4088, com.cnn.mobile.android.phone, 
2688|1, 2688|416, 2689|502, 2689|621, 2690|797, 2690|2084, 2688|2225, 2688|3085, 2690|3277, 2690|3657, 2688|3759, 2688|4013, com.ted.android, 
2688|1, 2688|4039, com.google.android.apps.photos, 
2687|1, 2687|2540, 2688|2672, 2689|2810, 2691|2968, 2692|3060, 2690|3159, 2690|3484, 2688|3548, 2689|4041, com.android.chrome, 
2687|1, 2687|4170, com.github.shadowsocks, 
2687|1, 2687|783, 2688|900, 2688|1136, 2687|1227, 2687|2932, 2688|3012, 2688|3369, 2687|3446, 2687|3508, 2688|3578, 2688|3775, 2689|3846, 2689|4013, com.tripadvisor.tripadvisor, 
2687|1, 2687|4218, com.facebook.katana, 
2687|1, 2687|3670, 2689|3808, 2691|4015, com.android.chrome, 
2686|1, 2686|4047, com.facebook.katana, 
2686|1, 2686|4010, com.google.android.apps.photos, 
2686|1, 2686|2168, 2688|2262, 2690|2379, 2687|2481, 2686|2610, 2686|2945, 2687|3096, 2692|3251, 2692|3358, 2693|3446, 2689|3561, 2690|3670, 2691|3812, 2687|4024, com.antutu.ABenchMark, 
2686|1, 2686|4075, com.github.shadowsocks, 
2686|1, 2686|3746, 2688|3891, 2688|4033, com.ebay.mobile, 
2686|1, 2686|4031, at.DiTronic.androidgroup.randomgallery, 
2686|1, 2686|4053, com.whatsapp, 
2686|1, 2686|3790, 2688|3999, 2689|4139, com.android.chrome, 
2686|1, 2686|2824, 2689|2957, 2689|3080, 2687|3264, 2690|3422, 2690|3570, 2688|3747, 2688|4006, com.ted.android, 
2686|1, 2686|2418, 2687|2514, 2687|2861, 2689|2975, 2691|3137, 2691|3219, 2693|3299, 2693|3383, 2688|3673, 2688|3771, 2687|3847, 2687|4072, com.cnn.mobile.android.phone, 
2688|1, 2688|240, 2686|302, 2686|3016, 2689|3209, 2686|3316, 2686|3888, 2687|3945, 2686|4005, com.instagram.android, 
2686|1, 2686|4026, com.github.shadowsocks, 
2686|1, 2686|4037, com.whatsapp, 
2686|1, 2686|4054, com.sometimeswefly.littlealchemy, 
2686|1, 2686|2256, 2689|2360, 2690|2458, 2687|2554, 2688|2671, 2686|2779, 2686|3025, 2688|3160, 2695|3287, 2695|3438, 2696|3542, 2695|3668, 2695|3768, 2692|3845, 2690|3917, 2692|4026, com.antutu.ABenchMark, 
2686|1, 2686|4004, com.sometimeswefly.littlealchemy, 
2686|1, 2686|537, 2687|599, 2687|4012, com.whatsapp, 
2687|1, 2687|4052, com.sometimeswefly.littlealchemy, 
2687|1, 2687|3029, 2688|3108, 2689|3175, 2689|3384, 2687|3457, 2687|4035, com.skype.raider, 
2687|1, 2687|4038, com.booking, 
2697|1, 2697|3462, 2700|3540, 2701|3648, 2699|3775, 2698|4015, com.dropbox.android, 
2697|1, 2697|4050, com.ebay.mobile, 
2697|1, 2697|1260, 2698|1360, 2698|2340, 2699|2479, 2699|4053, com.sometimeswefly.littlealchemy, 
2699|1, 2699|4072, at.DiTronic.androidgroup.randomgallery, 
2699|1, 2699|2773, 2701|2933, 2703|3109, 2702|3221, 2705|3366, 2706|3479, 2704|3628, 2705|3749, 2707|3973, 2708|4114, com.cnn.mobile.android.phone, 
2701|1, 2701|277, 2700|366, 2700|3371, 2699|3529, 2699|4075, com.github.shadowsocks, 
2699|1, 2699|4071, com.github.shadowsocks, 
2699|1, 2699|4072, at.DiTronic.androidgroup.randomgallery, 
2699|1, 2699|2050, 2700|2108, 2701|2222, 2701|2464, 2703|2644, 2706|2779, 2707|2866, 2705|2976, 2708|3091, 2707|3203, 2708|3286, 2710|3386, 2711|3619, 2709|3728, 2710|3885, 2707|4081, com.cnn.mobile.android.phone, 
2701|1, 2701|119, 2700|175, 2700|1698, 2699|1761, 2699|2114, 2703|2215, 2703|2307, 2699|2476, 2699|2752, 2700|2871, 2706|3110, 2705|3249, 2703|3358, 2705|3489, 2705|3637, 2702|3858, 2700|4065, com.antutu.ABenchMark, 
2699|1, 2699|3394, 2700|3506, 2702|3633, 2702|4002, com.ted.android, 
2699|1, 2699|4032, com.facebook.katana, 
2699|1, 2699|4001, at.DiTronic.androidgroup.randomgallery, 
2699|1, 2699|4014, com.instagram.android, 
2699|1, 2699|2759, 2700|2837, 2701|2990, 2700|3079, 2700|3229, 2703|3430, 2700|3583, 2700|4093, com.ted.android, 
2699|1, 2699|1763, 2703|1932, 2703|2042, 2699|2144, 2701|2274, 2700|2403, 2701|2544, 2703|2715, 2706|2850, 2703|3137, 2702|3293, 2705|3428, 2702|3609, 2700|3776, 2700|4062, com.antutu.ABenchMark, 
2699|1, 2699|4037, com.whatsapp, 
2699|1, 2699|2995, 2700|3071, 2700|3322, 2701|3396, 2701|4044, com.skype.raider, 
2699|1, 2699|4063, at.DiTronic.androidgroup.randomgallery, 
2699|1, 2699|1890, 2700|1994, 2700|2113, 2702|2270, 2708|2421, 2709|2549, 2708|2618, 2706|2761, 2704|2940, 2704|3024, 2705|3114, 2704|3189, 2704|3353, 2706|3509, 2707|3628, 2706|3765, 2707|3846, 2708|3925, 2708|4009, com.cnn.mobile.android.phone, 
2701|1, 2701|355, 2700|442, 2700|2746, 2699|2804, 2699|3732, 2701|3823, 2701|4038, com.dropbox.android, 
2699|1, 2699|4057, at.DiTronic.androidgroup.randomgallery, 
2699|1, 2699|4061, com.tripadvisor.tripadvisor, 
2699|1, 2700|4021, com.paypal.android.p2pmobile, 
2701|1, 2701|262, 2702|343, 2702|409, 2704|532, 2707|624, 2707|733, 2705|856, 2705|1006, 2706|1087, 2706|1962, 2705|2106, 2705|2283, 2706|2400, 2706|3683, 2714|3745, 2704|3798, 2705|3859, 2702|3925, 2703|3981, 2703|4043, com.facebook.katana, 
2704|1, 2704|3352, 2706|3476, 2708|3563, 2706|3655, 2706|3807, 2704|3898, 2704|4036, com.dropbox.android, 
2705|1, 2705|1107, 2704|1185, 2704|1416, 2703|1479, 2703|3522, 2707|3645, 2705|3774, 2705|4024, com.dropbox.android, 
2702|1, 2702|3490, 2703|3634, 2703|4020, at.DiTronic.androidgroup.randomgallery, 
2702|1, 2702|3332, 2703|3404, 2703|4094, com.sometimeswefly.littlealchemy, 
2703|1, 2703|3869, 2704|3938, 2705|4108, com.skype.raider, 
2705|1, 2705|4042, com.whatsapp, 
2705|1, 2705|4036, com.whatsapp, 
2706|1, 2706|3162, 2707|3235, 2707|4025, com.tripadvisor.tripadvisor, 
2706|1, 2706|4025, com.booking, 
2714|1, 2714|4069, com.google.android.deskclock, 
2714|1, 2714|2555, 2715|2627, 2716|2785, 2716|2948, 2717|3040, 2718|3174, 2719|3268, 2718|3379, 2719|3464, 2719|3692, 2717|3793, 2717|4012, com.booking, 
2722|1, 2722|652, 2723|721, 2723|1559, 2725|1720, 2725|4050, com.google.android.deskclock, 
2725|1, 2725|2709, 2726|2808, 2725|2916, 2725|3003, 2727|3087, 2728|3194, 2727|3299, 2725|3447, 2725|4010, com.dropbox.android, 
2727|1, 2727|732, 2728|823, 2728|1918, 2729|2065, 2732|2215, 2733|2323, 2728|2461, 2728|2822, 2729|2932, 2733|3071, 2735|3232, 2734|3395, 2735|3550, 2734|3673, 2734|3817, 2732|3955, 2732|4068, com.antutu.ABenchMark, 
2728|1, 2727|128, 2727|1498, 2726|1643, 2726|4024, com.whatsapp, 
2726|1, 2726|4025, com.google.android.deskclock, 
2726|1, 2726|4009, com.facebook.katana, 
2727|1, 2727|3519, 2728|3614, 2727|3910, 2727|4034, com.instagram.android, 
2727|1, 2727|4176, com.android.chrome, 
2727|1, 2727|4024, com.google.android.deskclock, 
2727|1, 2727|3683, 2728|3807, 2731|4054, com.ebay.mobile, 
2727|1, 2727|4029, com.google.android.deskclock, 
2727|1, 2727|327, 2728|388, 2728|2671, 2730|2760, 2731|2871, 2731|3155, 2732|3269, 2732|3397, 2731|3528, 2732|3682, 2732|3796, 2733|3892, 2734|4056, com.booking, 
2735|1, 2735|3472, 2736|3611, 2737|3717, 2735|4116, com.csst.ecdict, 
2734|1, 2734|3675, 2735|3837, 2736|3926, 2737|4061, com.android.chrome, 
2735|1, 2735|749, 2736|813, 2736|1557, 2737|1768, 2738|1921, 2738|3438, 2739|3660, 2741|3866, 2742|3992, 2740|4091, com.android.chrome, 
2739|1, 2739|4004, at.DiTronic.androidgroup.randomgallery, 
2739|1, 2739|3327, 2742|3430, 2739|3530, 2739|4030, com.instagram.android, 
2739|1, 2739|3251, 2741|3499, 2741|3600, 2742|3714, 2742|3832, 2741|3917, 2741|4066, com.android.chrome, 
2739|1, 2739|3702, 2740|3785, 2741|3889, 2740|4027, com.csst.ecdict, 
2739|1, 2739|2071, 2744|2174, 2746|2299, 2739|2417, 2739|2768, 2741|2920, 2746|3104, 2747|3224, 2743|3359, 2744|3540, 2741|3714, 2744|3892, 2741|4080, com.antutu.ABenchMark, 
2739|1, 2739|3118, 2742|3211, 2742|3320, 2741|3455, 2741|3606, 2740|3703, 2740|4054, com.dropbox.android, 
2739|1, 2739|4017, com.google.android.deskclock, 
2739|1, 2739|2683, 2740|2840, 2741|2998, 2741|3272, 2740|3378, 2740|3775, 2739|3926, 2742|4071, com.booking, 
2747|1, 2747|2218, 2748|2282, 2748|2395, 2749|2531, 2749|2772, 2751|2913, 2756|3033, 2758|3119, 2759|3201, 2756|3313, 2753|3460, 2752|3567, 2753|3650, 2754|3734, 2755|3949, 2756|4369, com.cnn.mobile.android.phone, 
2746|1, 2746|1859, 2749|2023, 2753|2133, 2749|2231, 2748|2456, 2749|2590, 2753|2818, 2754|3018, 2750|3221, 2750|3407, 2753|3563, 2753|3671, 2752|3756, 2753|3833, 2748|3924, 2747|4082, com.antutu.ABenchMark, 
2749|1, 2749|1104, 2750|1183, 2750|1255, 2751|1339, 2751|4036, com.google.android.deskclock, 
2751|1, 2751|4083, com.ebay.mobile, 
2751|1, 2751|2618, 2753|2709, 2753|3009, 2754|3130, 2754|3597, 2755|3683, 2755|4049, com.booking, 
2759|1, 2759|4049, com.whatsapp, 
2759|1, 2759|4020, com.whatsapp, 
2761|1, 2761|518, 2762|608, 2763|677, 2763|1425, 2764|1588, 2764|3492, 2765|3614, 2765|4026, com.paypal.android.p2pmobile, 
2767|1, 2768|218, 2769|335, 2771|466, 2771|1253, 2772|1406, 2769|1522, 2769|2759, 2775|3278, 2773|3413, 2775|3529, 2774|3665, 2775|3756, 2779|3907, 2780|4014, com.cnn.mobile.android.phone, 
2769|1, 2769|447, 2768|543, 2768|999, 2767|1076, 2767|4049, com.facebook.katana, 
2767|1, 2767|3797, 2769|3887, 2767|4016, com.csst.ecdict, 
2767|1, 2767|2274, 2768|2403, 2768|2666, 2767|2743, 2767|3293, 2766|3414, 2767|3583, 2768|3761, 2768|4062, com.paypal.android.p2pmobile, 
2770|1, 2771|170, 2770|318, 2769|467, 2771|533, 2771|641, 2772|724, 2772|918, 2771|1011, 2771|1728, 2772|1952, 2772|2151, 2775|2281, 2776|2405, 2777|2537, 2775|2644, 2773|2785, 2773|2922, 2774|3125, 2775|3265, 2776|3403, 2780|3593, 2779|3735, 2778|3854, 2773|3990, 2776|4107, com.antutu.ABenchMark, 
2769|1, 2769|2393, 2770|2496, 2770|2649, 2772|2784, 2774|2883, 2775|3027, 2775|3276, 2773|3361, 2776|4058, com.cnn.mobile.android.phone, 
2771|1, 2771|440, 2770|491, 2770|1828, 2772|1929, 2772|2004, 2774|2229, 2776|2315, 2780|2480, 2779|2557, 2777|2685, 2777|2977, 2775|3076, 2777|3237, 2778|3450, 2779|3622, 2782|3735, 2782|3808, 2779|3938, 2778|4054, com.cnn.mobile.android.phone, 
2772|1, 2772|1010, 2773|1126, 2772|1241, 2772|1952, 2771|2062, 2771|3077, 2772|3142, 2772|4027, com.facebook.katana, 
2772|1, 2772|3828, 2773|3913, 2774|3975, 2772|4045, com.csst.ecdict, 
2772|1, 2772|4038, com.booking, 
2776|1, 2777|4070, com.booking, 
2785|1, 2785|1303, 2786|1363, 2786|1505, 2785|1582, 2785|4019, com.ebay.mobile, 
2790|1, 2790|4111, com.dropbox.android, 
2792|1, 2792|1456, 2793|2039, 2797|4118, com.dropbox.android, 
2793|1, 2793|3216, 2796|3549, 2797|3832, 2797|4039, com.booking, 
2799|1, 2799|2716, 2801|3226, 2799|3536, 2799|4037, com.paypal.android.p2pmobile, 
2799|1, 2799|554, 2800|659, 2800|2043, 2802|2250, 2803|4080, com.dropbox.android, 
2803|1, 2803|563, 2804|628, 2804|1136, 2803|1297, 2804|1398, 2804|2837, 2806|3231, 2806|3638, 2805|3907, 2805|4058, com.paypal.android.p2pmobile, 
2805|1, 2805|1423, 2806|1558, 2808|1734, 2808|2140, 2807|2774, 2807|4174, com.dropbox.android, 
2817|1, 2817|1854, 2818|1922, 2818|4251, com.csst.ecdict, 
2820|1, 2820|2712, 2817|3033, 2817|4120, com.csst.ecdict, 
