472908|1, 472908|1000, 472910|1213, 472910|1557, 472911|1669, 472911|2531, 472912|2717, 472912|3473, 472915|3560, 472932|3675, 472938|3761, 472944|4039, com.csst.ecdict, 
473033|1, 473033|4028, com.google.android.apps.photos, 
473035|1, 473035|2185, 473037|2295, 473037|2781, 473041|2923, 473050|3073, 473070|3210, 473075|3287, 473079|3370, 473089|3442, 473103|3517, 473103|3627, 473110|3695, 473124|3777, 473124|3888, 473129|3945, 473131|4004, com.instagram.android, 
473142|1, 473142|1809, 473144|1891, 473144|2290, 473146|2378, 473157|2632, 473164|2755, 473168|3052, 473176|3351, 473177|3429, 473177|3611, 473180|3705, 473180|3809, 473182|3909, 473182|4034, com.Slack, 
473257|1, 473257|151, 473258|212, 473259|311, 473259|475, 473260|530, 473260|2339, 473266|2435, 473275|2551, 473284|2681, 473287|2779, 473287|3058, 473288|3210, 473294|3311, 473299|3465, 473319|3606, 473330|3698, 473334|3777, 473349|3874, 473355|4062, com.antutu.ABenchMark, 
473530|1, 473530|885, 473532|1014, 473532|4044, com.facebook.katana, 
473536|1, 473536|3295, 473537|3371, 473537|3555, 473539|3625, 473539|3841, 473540|3929, 473540|4028, com.sometimeswefly.littlealchemy, 
473560|1, 473560|1892, 473561|2092, 473561|2770, 473563|3048, 473565|3293, 473566|3484, 473573|3754, 473573|4015, com.ted.android, 
473624|1, 473624|4082, com.github.shadowsocks, 
473706|1, 473706|3219, 473709|3304, 473716|3400, 473717|3466, 473718|3538, 473719|3610, 473719|4061, com.skype.raider, 
473733|1, 473733|2536, 473734|2654, 473734|3505, 473735|3611, 473735|4082, com.booking, 
473913|1, 473913|4025, com.github.shadowsocks, 
473979|1, 473979|1676, 473980|1788, 473980|2317, 473981|2476, 473983|2591, 473992|2796, 473994|2924, 473994|3040, 473998|3226, 473998|3558, 474005|3732, 474006|3845, 474006|4086, com.ted.android, 
474048|1, 474048|630, 474055|771, 474057|955, 474057|1411, 474059|1695, 474060|1849, 474060|2642, 474064|2781, 474065|2992, 474066|3117, 474075|3282, 474076|4119, com.skype.raider, 
474101|1, 474101|755, 474102|919, 474102|1274, 474103|1398, 474103|1629, 474105|1720, 474105|1839, 474106|1942, 474106|4073, com.ebay.mobile, 
474173|1, 474173|4012, com.csst.ecdict, 
474307|1, 474307|2520, 474309|2605, 474309|2671, 474319|2800, 474327|2948, 474329|3125, 474332|3306, 474338|3461, 474341|3584, 474341|3745, 474343|3857, 474343|4017, com.Slack, 
474385|1, 474385|3148, 474389|3311, 474393|3463, 474400|3582, 474402|3681, 474417|3864, 474429|4078, com.android.chrome, 
474486|1, 474486|2430, 474488|2650, 474488|3375, 474489|3510, 474489|3601, 474493|3745, 474505|3944, 474511|4080, com.paypal.android.p2pmobile, 
474578|1, 474580|136, 474584|254, 474592|360, 474592|1048, 474593|1144, 474593|2073, 474594|2149, 474594|2285, 474597|2381, 474599|2472, 474600|2574, 474601|2751, 474604|2841, 474611|2979, 474612|3097, 474614|3217, 474616|3354, 474619|3531, 474620|3678, 474620|3836, 474622|3989, 474622|4082, com.github.shadowsocks, 
474725|1, 474726|105, 474726|262, 474728|346, 474728|831, 474729|948, 474729|2562, 474730|2657, 474732|2772, 474738|2853, 474742|2930, 474744|2994, 474745|3073, 474745|4032, com.skype.raider, 
474778|1, 474779|77, 474779|1667, 474780|1723, 474780|1818, 474781|1910, 474781|3095, 474785|3176, 474787|3285, 474794|3406, 474805|3504, 474807|3572, 474807|3638, 474812|3714, 474815|3781, 474815|4021, com.instagram.android, 
474885|1, 474885|3754, 474887|3825, 474887|3903, 474899|3990, 474905|4046, com.csst.ecdict, 
475003|1, 475003|1568, 475006|1772, 475006|1910, 475007|2064, 475011|2210, 475016|2391, 475019|2498, 475019|2648, 475020|2735, 475020|3089, 475022|3168, 475029|3392, 475033|3516, 475035|3652, 475036|3787, 475036|4028, com.paypal.android.p2pmobile, 
475111|1, 475111|522, 475112|591, 475114|695, 475117|801, 475117|1185, 475118|1271, 475118|1341, 475120|1401, 475120|1473, 475121|1546, 475122|1619, 475122|2223, 475123|2320, 475124|2383, 475126|2454, 475126|2657, 475127|2736, 475131|2835, 475131|2931, 475132|3001, 475137|3111, 475141|3263, 475156|3351, 475162|3418, 475169|3500, 475175|3574, 475180|3645, 475192|3713, 475196|3781, 475196|3840, 475203|3899, 475207|3957, 475207|4012, com.instagram.android, 
475270|1, 475270|2325, 475276|2459, 475282|2573, 475284|2707, 475294|2899, 475299|3053, 475301|3139, 475302|3223, 475303|3319, 475305|3480, 475308|4473, com.Slack, 
475405|1, 475405|172, 475406|246, 475407|335, 475407|459, 475408|515, 475408|1473, 475409|1629, 475409|2526, 475410|2627, 475410|4006, com.tripadvisor.tripadvisor, 
475434|1, 475434|4021, com.google.android.apps.photos, 
475439|1, 475440|101, 475440|1867, 475441|2033, 475442|2133, 475442|4038, com.google.android.deskclock, 
475444|1, 475444|3057, 475445|3192, 475446|3291, 475446|3364, 475448|3449, 475449|3549, 475455|3658, 475456|3768, 475460|3832, 475461|3936, 475465|4014, com.ebay.mobile, 
475569|1, 475569|2600, 475570|2683, 475570|3620, 475571|3736, 475574|3896, 475577|4007, com.ebay.mobile, 
475680|1, 475680|1285, 475681|1349, 475681|1485, 475683|1660, 475683|1813, 475684|1907, 475685|2001, 475685|2759, 475686|2849, 475686|2952, 475687|3059, 475687|3169, 475688|3365, 475688|3607, 475691|3719, 475694|3786, 475702|3864, 475704|3924, 475708|3988, 475708|4053, com.ted.android, 
475764|1, 475764|2903, 475765|2994, 475765|3150, 475766|3228, 475767|3309, 475767|3460, 475768|3536, 475769|4001, com.sometimeswefly.littlealchemy, 
475787|1, 475787|776, 475788|871, 475788|1048, 475790|1144, 475790|1408, 475791|1471, 475791|2531, 475793|2623, 475793|2725, 475797|2836, 475803|2992, 475808|3121, 475818|3314, 475819|3393, 475822|3467, 475824|3562, 475826|3716, 475827|3841, 475827|4070, com.Slack, 
475888|1, 475888|2352, 475889|2440, 475889|3370, 475891|3462, 475891|4017, com.tripadvisor.tripadvisor, 
475909|1, 475909|4075, com.facebook.katana, 
475922|1, 475922|3094, 475923|3229, 475924|3351, 475924|3537, 475926|3676, 475926|3846, 475927|3915, 475927|4010, com.whatsapp, 
475934|1, 475934|1901, 475936|2014, 475940|2137, 475948|2289, 475954|2396, 475958|2545, 475960|2670, 475965|2827, 475966|2938, 475966|3015, 475967|3096, 475968|3223, 475968|3644, 475970|3733, 475970|4080, com.Slack, 
475978|1, 475978|1215, 475979|1301, 475980|1523, 475980|1623, 475982|1729, 475984|1871, 475987|2002, 475989|2100, 475990|2188, 475991|2308, 475992|2425, 475995|2591, 475996|2668, 476001|2827, 476007|3016, 476009|3180, 476011|3348, 476012|3448, 476012|3517, 476013|3594, 476013|3704, 476014|3760, 476014|3876, 476015|3935, 476019|4013, com.paypal.android.p2pmobile, 
476074|1, 476075|87, 476078|188, 476085|328, 476085|679, 476086|811, 476086|903, 476088|1070, 476092|1228, 476092|1713, 476096|1966, 476101|2136, 476111|2370, 476116|2474, 476117|2675, 476117|2998, 476118|3112, 476119|3239, 476119|3423, 476120|3663, 476122|3792, 476123|3922, 476124|4051, com.paypal.android.p2pmobile, 
476226|1, 476232|80, 476236|183, 476236|270, 476243|356, 476243|1251, 476245|1315, 476245|1378, 476246|1450, 476247|1522, 476247|2012, 476248|2142, 476249|2263, 476249|3060, 476253|3151, 476266|3481, 476270|3646, 476273|3898, 476278|4036, com.ted.android, 
476384|1, 476384|148, 476385|224, 476387|312, 476387|391, 476389|457, 476389|684, 476390|785, 476390|2061, 476391|2131, 476393|2258, 476393|2970, 476394|3119, 476396|3193, 476403|3286, 476405|3357, 476405|3433, 476406|3502, 476406|4047, com.skype.raider, 
476447|1, 476447|185, 476449|243, 476449|506, 476450|589, 476450|1253, 476451|1327, 476451|2191, 476453|2265, 476456|2353, 476456|2472, 476457|2570, 476457|3224, 476458|3286, 476460|3350, 476460|4039, com.tripadvisor.tripadvisor, 
476489|1, 476489|116, 476490|170, 476490|2223, 476491|2346, 476491|3771, 476494|3868, 476496|4055, at.DiTronic.androidgroup.randomgallery, 
476606|1, 476606|2713, 476608|2799, 476608|3689, 476609|3779, 476609|4041, com.tripadvisor.tripadvisor, 
476632|1, 476632|2360, 476633|2449, 476633|2955, 476635|3031, 476638|4015, com.tripadvisor.tripadvisor, 
476675|1, 476675|73, 476676|133, 476676|1010, 476677|1081, 476677|1316, 476679|1381, 476679|1506, 476680|1567, 476681|1632, 476681|1778, 476683|1936, 476683|2023, 476684|2095, 476685|2183, 476685|2263, 476686|2331, 476687|2418, 476687|2600, 476688|2683, 476688|2971, 476695|3143, 476699|3274, 476719|3425, 476723|3508, 476733|3589, 476740|3664, 476740|3782, 476742|3850, 476745|3918, 476745|4038, com.instagram.android, 
476798|1, 476798|1184, 476799|1259, 476799|1407, 476801|1575, 476801|1704, 476802|1781, 476802|2057, 476803|2149, 476811|2245, 476818|2351, 476820|2434, 476821|2557, 476821|2736, 476839|3442, 476851|3560, 476864|3663, 476872|3737, 476880|3826, 476893|3946, 476908|4100, com.antutu.ABenchMark, 
477100|1, 477100|1215, 477101|1318, 477101|1889, 477102|2098, 477102|2709, 477104|3427, 477104|3700, 477106|3784, 477108|3979, 477114|4084, com.ted.android, 
477186|1, 477186|2908, 477187|3019, 477187|3185, 477188|3261, 477189|3343, 477189|3472, 477190|3542, 477191|4021, com.sometimeswefly.littlealchemy, 
477210|1, 477210|2868, 477211|3013, 477215|3190, 477225|3280, 477232|3417, 477237|3513, 477238|3583, 477238|3663, 477240|3757, 477240|4022, com.cnn.mobile.android.phone, 
477438|1, 477438|335, 477440|399, 477440|570, 477443|652, 477444|738, 477444|809, 477445|866, 477445|1339, 477446|1545, 477448|1703, 477449|1938, 477449|2854, 477450|2951, 477450|3079, 477451|3146, 477452|3205, 477452|3325, 477453|3389, 477454|3450, 477454|3584, 477455|3648, 477456|3707, 477456|3826, 477458|3927, 477458|4054, com.tripadvisor.tripadvisor, 
477513|1, 477513|2654, 477521|2886, 477525|2986, 477539|3126, 477557|3294, 477564|3387, 477567|3479, 477570|3573, 477572|3665, 477575|3758, 477576|3881, 477580|4053, com.android.chrome, 
477616|1, 477616|3166, 477617|3235, 477617|3391, 477618|3468, 477619|3540, 477619|3676, 477620|3773, 477620|4048, com.sometimeswefly.littlealchemy, 
477648|1, 477648|2991, 477649|3088, 477650|3174, 477652|3269, 477653|3412, 477658|3552, 477658|3881, 477660|3974, 477661|4052, com.ebay.mobile, 
477726|1, 477726|573, 477727|692, 477730|751, 477736|847, 477736|1725, 477737|1805, 477737|2965, 477738|3116, 477743|3448, 477744|3561, 477791|3979, 477794|4066, com.android.chrome, 
477847|1, 477847|4055, com.google.android.deskclock, 
477848|1, 477848|4005, com.facebook.katana, 
477850|1, 477850|762, 477851|924, 477851|1948, 477855|2185, 477858|2289, 477859|2410, 477863|2569, 477865|2728, 477867|2856, 477867|3023, 477868|3096, 477873|3256, 477875|3408, 477876|3509, 477877|3674, 477886|3962, 477941|4200, com.Slack, 
477995|1, 477995|1042, 477996|1149, 477996|1821, 477997|1941, 477997|4029, com.github.shadowsocks, 
478084|1, 478084|1768, 478085|1919, 478085|2715, 478086|2807, 478094|2944, 478095|3128, 478099|3321, 478100|3436, 478101|3605, 478101|4030, com.ted.android, 
478136|1, 478136|2591, 478137|2736, 478137|2941, 478139|3100, 478139|3661, 478143|3857, 478148|3979, 478150|4084, com.paypal.android.p2pmobile, 
478236|1, 478236|174, 478244|286, 478244|471, 478245|710, 478245|1256, 478247|1331, 478249|1407, 478250|1472, 478250|1534, 478254|1602, 478254|1659, 478255|1744, 478255|2255, 478256|2404, 478259|2542, 478259|3220, 478263|3367, 478264|3459, 478264|4156, com.github.shadowsocks, 
478378|1, 478378|744, 478380|863, 478381|1058, 478383|1156, 478383|2871, 478384|2962, 478384|4004, com.google.android.apps.photos, 
478407|1, 478407|2150, 478408|2229, 478416|4005, com.csst.ecdict, 
478538|1, 478538|187, 478539|248, 478539|1133, 478540|1219, 478540|2981, 478543|3064, 478550|3142, 478550|3212, 478551|3284, 478552|3362, 478555|3431, 478555|4025, com.skype.raider, 
478571|1, 478571|2087, 478573|2198, 478573|2538, 478574|2649, 478575|2780, 478575|3185, 478579|3286, 478579|3556, 478580|3610, 478580|4047, com.Slack, 
478597|1, 478597|762, 478598|888, 478599|1002, 478599|3166, 478600|3302, 478607|3419, 478622|3587, 478626|3665, 478626|3728, 478630|3801, 478632|3859, 478632|4047, com.instagram.android, 
478696|1, 478696|2603, 478703|2728, 478703|2824, 478710|2940, 478724|3023, 478731|3103, 478731|3183, 478740|3251, 478755|3319, 478759|3379, 478759|3433, 478764|3501, 478778|3560, 478778|3739, 478786|3803, 478786|4036, com.instagram.android, 
478802|1, 478802|1719, 478803|1874, 478803|2249, 478804|2317, 478804|2527, 478806|2812, 478807|2881, 478807|4042, com.google.android.apps.photos, 
478811|1, 478811|3025, 478812|3144, 478812|3292, 478813|3383, 478814|3483, 478814|3559, 478815|3632, 478815|4046, com.sometimeswefly.littlealchemy, 
478842|1, 478842|1711, 478843|1804, 478843|1894, 478846|2030, 478847|2164, 478848|2299, 478849|2391, 478850|2484, 478850|2960, 478859|3091, 478860|3186, 478860|3293, 478861|3386, 478862|3491, 478868|3574, 478880|3636, 478918|3733, 478918|4036, com.Slack, 
478929|1, 478929|2084, 478931|2202, 478931|2388, 478932|2501, 478934|2600, 478939|2705, 478940|2855, 478940|3066, 478943|3160, 478943|3367, 478944|3435, 478944|3497, 478945|3562, 478945|4001, com.Slack, 
478952|1, 478952|4069, at.DiTronic.androidgroup.randomgallery, 
479069|1, 479069|237, 479071|315, 479071|506, 479072|603, 479073|4025, com.google.android.apps.photos, 
479077|1, 479077|157, 479079|239, 479079|435, 479080|492, 479080|4060, com.google.android.deskclock, 
479085|1, 479085|3635, 479086|3750, 479086|3833, 479087|3921, 479090|4046, com.ebay.mobile, 
479130|1, 479130|2786, 479131|3036, 479131|4003, com.google.android.apps.photos, 
479132|1, 479132|4021, com.google.android.apps.photos, 
479136|1, 479136|319, 479137|398, 479137|578, 479138|640, 479139|732, 479139|908, 479140|985, 479140|2085, 479141|2200, 479141|2356, 479143|2444, 479144|2519, 479144|2581, 479145|2645, 479146|2717, 479148|2833, 479148|2901, 479149|2964, 479151|3042, 479151|3105, 479155|3167, 479155|3256, 479158|3319, 479162|3615, 479162|3702, 479164|3819, 479164|3890, 479165|3951, 479165|4012, com.skype.raider, 
479186|1, 479186|2116, 479187|2232, 479187|2402, 479188|2511, 479189|2573, 479189|2775, 479190|2843, 479191|4024, com.tripadvisor.tripadvisor, 
479226|1, 479226|4086, com.google.android.apps.photos, 
479234|1, 479234|2585, 479238|2689, 479248|2799, 479255|2939, 479255|3149, 479256|3212, 479267|3331, 479283|3404, 479301|3466, 479301|3547, 479302|3610, 479303|3673, 479303|3730, 479310|3836, 479313|3939, 479313|4018, com.Slack, 
479320|1, 479320|2700, 479321|2792, 479321|2859, 479323|2935, 479323|3007, 479327|3090, 479327|3153, 479330|3210, 479331|3278, 479331|3688, 479332|3748, 479333|3822, 479333|3874, 479335|3936, 479335|4005, com.skype.raider, 
479348|1, 479348|1300, 479349|1442, 479349|1526, 479350|1597, 479351|1707, 479351|1761, 479352|1820, 479352|2269, 479353|2382, 479353|2480, 479356|2572, 479359|2690, 479363|2827, 479368|2958, 479371|3063, 479374|3181, 479376|3257, 479377|3341, 479378|3416, 479382|3543, 479388|3767, 479394|3882, 479396|3994, 479399|4091, com.cnn.mobile.android.phone, 
479566|1, 479566|84, 479567|178, 479567|343, 479569|424, 479569|531, 479575|723, 479575|1093, 479577|1197, 479578|1290, 479581|1387, 479581|1933, 479582|2052, 479582|2921, 479592|3083, 479594|3281, 479598|3475, 479598|4040, com.ted.android, 
479655|1, 479655|1097, 479656|1191, 479656|2117, 479657|2534, 479657|4004, com.google.android.apps.photos, 
479667|1, 479667|233, 479668|290, 479668|730, 479669|793, 479669|962, 479670|1025, 479670|1759, 479671|1846, 479671|2232, 479673|2384, 479679|2545, 479689|2688, 479698|2817, 479712|2948, 479721|3053, 479722|3141, 479723|3205, 479724|3265, 479724|3384, 479728|3446, 479728|3582, 479729|3647, 479733|3747, 479735|3852, 479740|3938, 479743|4019, com.android.chrome, 
479796|1, 479796|594, 479797|696, 479798|4060, com.github.shadowsocks, 
479876|1, 479876|675, 479877|773, 479879|930, 479879|1567, 479880|1788, 479880|2696, 479881|2775, 479881|2831, 479883|2899, 479883|3267, 479887|3342, 479887|3407, 479890|3472, 479890|3547, 479891|3611, 479891|3675, 479892|3737, 479892|4050, com.tripadvisor.tripadvisor, 
479922|1, 479922|192, 479923|253, 479923|2156, 479924|2267, 479924|2744, 479925|2803, 479925|4183, com.facebook.katana, 
479929|1, 479929|1052, 479930|1148, 479930|3029, 479931|3206, 479931|3477, 479939|3685, 479962|3911, 479969|4011, com.android.chrome, 
480048|1, 480048|966, 480049|1044, 480049|1591, 480050|1721, 480050|3612, 480051|3672, 480051|4054, com.facebook.katana, 
480052|1, 480052|887, 480053|994, 480053|4048, com.google.android.apps.photos, 
480054|1, 480054|2058, 480059|2141, 480067|2245, 480075|2372, 480080|2466, 480081|2604, 480081|2793, 480088|2975, 480099|3098, 480118|3245, 480125|3336, 480134|3449, 480137|3554, 480144|3693, 480167|3882, 480172|4055, com.antutu.ABenchMark, 
480334|1, 480334|4093, com.github.shadowsocks, 
480398|1, 480398|81, 480399|155, 480399|3395, 480401|3517, 480402|3658, 480405|3797, 480408|3979, 480408|4119, com.ebay.mobile, 
480484|1, 480485|116, 480485|3402, 480486|3682, 480486|4056, at.DiTronic.androidgroup.randomgallery, 
480593|1, 480593|2929, 480594|3038, 480595|4026, com.whatsapp, 
480597|1, 480597|3219, 480598|3392, 480600|3664, 480609|3883, 480627|4032, com.android.chrome, 
480715|1, 480715|1865, 480716|2013, 480716|2453, 480717|2572, 480717|2699, 480720|2841, 480726|2983, 480728|3126, 480733|3312, 480734|3441, 480738|3645, 480740|3766, 480740|3838, 480742|3912, 480743|4039, com.ted.android, 
480811|1, 480811|986, 480812|1069, 480812|2128, 480813|2213, 480813|2317, 480815|2374, 480815|2498, 480818|2601, 480821|2749, 480826|2824, 480838|3031, 480842|3107, 480848|3191, 480852|3261, 480858|3360, 480860|3646, 480860|3735, 480863|3905, 480867|4090, com.cnn.mobile.android.phone, 
481042|1, 481042|161, 481043|214, 481043|2788, 481044|2900, 481049|3053, 481067|3229, 481073|3314, 481099|3625, 481104|3726, 481112|3806, 481114|3864, 481120|3922, 481126|3992, 481126|4048, com.instagram.android, 
481133|1, 481133|4065, com.github.shadowsocks, 
481197|1, 481197|2388, 481198|2555, 481198|3369, 481199|3435, 481199|4005, com.whatsapp, 
481212|1, 481212|2851, 481213|2943, 481213|3112, 481214|3185, 481215|3268, 481215|3406, 481216|3480, 481216|3843, 481217|3949, 481217|4038, com.sometimeswefly.littlealchemy, 
481244|1, 481244|2112, 481250|2210, 481258|2313, 481265|2417, 481270|2518, 481271|2641, 481271|2747, 481272|2865, 481275|3016, 481292|3147, 481299|3283, 481310|3398, 481317|3492, 481323|3627, 481328|3713, 481329|3776, 481343|3879, 481357|4096, com.antutu.ABenchMark, 
481537|1, 481537|304, 481538|397, 481538|3489, 481539|3589, 481539|3737, 481540|3818, 481541|3883, 481541|4056, com.sometimeswefly.littlealchemy, 
481571|1, 481571|447, 481572|511, 481572|2166, 481573|2270, 481573|3234, 481574|3298, 481574|4043, com.whatsapp, 
481576|1, 481576|2609, 481577|2737, 481577|2897, 481578|2965, 481579|3039, 481579|3188, 481580|3311, 481580|3622, 481581|3749, 481581|3882, 481582|3954, 481583|4047, com.sometimeswefly.littlealchemy, 
481607|1, 481607|1271, 481608|1351, 481608|2919, 481609|3002, 481615|3071, 481618|3136, 481619|3198, 481620|3280, 481621|3353, 481621|4049, com.skype.raider, 
481630|1, 481630|2308, 481631|2422, 481631|3199, 481632|3323, 481632|4062, com.booking, 
481803|1, 481803|3024, 481807|3159, 481808|3247, 481809|3331, 481814|3409, 481824|3517, 481832|3641, 481833|3750, 481834|3874, 481835|3965, 481835|4068, com.dropbox.android, 
481840|1, 481840|3821, 481841|3918, 481841|4028, com.ebay.mobile, 
481873|1, 481873|1196, 481876|1282, 481876|2191, 481891|2296, 481892|2520, 481892|2963, 481893|3066, 481893|3202, 481894|3292, 481895|3365, 481895|3496, 481896|3583, 481897|4088, com.sometimeswefly.littlealchemy, 
481920|1, 481920|4029, at.DiTronic.androidgroup.randomgallery, 
482023|1, 482023|2608, 482030|2800, 482038|2957, 482040|3105, 482045|3201, 482056|3365, 482064|3494, 482067|3587, 482069|3832, 482079|3994, 482084|4117, com.cnn.mobile.android.phone, 
482236|1, 482237|97, 482237|164, 482239|239, 482239|909, 482240|1045, 482240|2161, 482241|2257, 482242|2381, 482243|2549, 482243|4080, com.github.shadowsocks, 
482310|1, 482310|4076, com.github.shadowsocks, 
482380|1, 482380|4034, at.DiTronic.androidgroup.randomgallery, 
482658|1, 482658|1788, 482660|1857, 482660|1935, 482662|1992, 482664|2089, 482664|2183, 482668|2324, 482672|2418, 482693|2647, 482697|2746, 482701|2823, 482711|2964, 482715|3080, 482716|3168, 482722|3259, 482730|3429, 482737|3604, 482739|3718, 482742|3845, 482747|3935, 482754|4056, com.cnn.mobile.android.phone, 
482878|1, 482879|67, 482879|1994, 482885|2079, 482895|2189, 482906|2344, 482906|2474, 482907|2630, 482909|2747, 482921|2892, 482945|3107, 482959|3241, 482965|3372, 482977|3476, 482993|3708, 482998|3933, 482999|4092, com.antutu.ABenchMark, 
483163|1, 483163|1989, 483164|2112, 483164|3020, 483165|3115, 483166|3294, 483169|3396, 483174|3533, 483175|3648, 483178|3782, 483178|4102, com.ted.android, 
483230|1, 483230|4063, com.facebook.katana, 
483230|1, 483230|4009, at.DiTronic.androidgroup.randomgallery, 
483333|1, 483333|3116, 483337|3234, 483351|3397, 483359|3516, 483359|3593, 483362|3684, 483364|3785, 483364|4014, com.instagram.android, 
483434|1, 483434|1771, 483435|1909, 483435|2511, 483436|2618, 483438|2713, 483443|2845, 483444|2945, 483447|3070, 483453|3296, 483463|4092, com.ted.android, 
483504|1, 483504|113, 483505|171, 483505|1661, 483517|1809, 483521|1944, 483523|2037, 483529|2174, 483533|2291, 483539|2412, 483546|2591, 483565|2753, 483575|2858, 483594|3154, 483610|3332, 483618|3496, 483628|3646, 483630|3773, 483630|3886, 483632|3961, 483634|4048, com.antutu.ABenchMark, 
483798|1, 483798|2299, 483799|2407, 483799|3337, 483800|3406, 483800|4025, com.whatsapp, 
483802|1, 483802|2738, 483803|2823, 483803|2891, 483805|2954, 483805|3026, 483807|3095, 483807|3219, 483809|3289, 483809|3351, 483810|3409, 483811|3482, 483811|4056, com.skype.raider, 
483827|1, 483827|4049, at.DiTronic.androidgroup.randomgallery, 
483927|1, 483927|1599, 483928|1688, 483928|1751, 483929|1807, 483931|1908, 483933|2022, 483940|2186, 483953|2329, 483973|2460, 483980|2534, 483986|2638, 483988|2824, 483991|2930, 483992|3030, 483993|3106, 483997|3227, 484002|3421, 484011|3543, 484021|3660, 484025|3759, 484027|3842, 484028|4002, com.cnn.mobile.android.phone, 
484140|1, 484140|78, 484141|140, 484141|225, 484143|304, 484143|3496, 484144|3582, 484149|3682, 484162|3769, 484169|3895, 484171|4022, com.dropbox.android, 
484179|1, 484179|4061, at.DiTronic.androidgroup.randomgallery, 
484285|1, 484285|4026, com.tripadvisor.tripadvisor, 
484300|1, 484300|2043, 484301|2132, 484301|2971, 484302|3046, 484302|3382, 484303|3556, 484303|3678, 484304|3734, 484306|3873, 484306|4017, com.paypal.android.p2pmobile, 
484370|1, 484370|134, 484371|219, 484374|287, 484378|396, 484388|492, 484388|876, 484390|964, 484390|1101, 484391|1188, 484391|1377, 484392|1557, 484392|1977, 484395|2070, 484397|2151, 484398|2272, 484400|2355, 484400|2944, 484404|3265, 484405|3338, 484407|3447, 484407|3563, 484432|3625, 484432|3680, 484439|3737, 484441|3799, 484441|3860, 484444|3921, 484445|4040, com.facebook.katana, 
484459|1, 484459|2348, 484464|2483, 484464|2639, 484466|2730, 484466|3259, 484470|3359, 484481|3465, 484488|3562, 484488|3718, 484489|3803, 484489|4030, com.dropbox.android, 
484523|1, 484523|474, 484524|532, 484524|1369, 484525|1436, 484526|1567, 484526|2670, 484527|2746, 484531|2852, 484531|2916, 484533|3033, 484533|3397, 484538|3508, 484548|3644, 484555|3754, 484556|3843, 484558|4007, com.dropbox.android, 
484562|1, 484562|3315, 484563|3449, 484564|3595, 484565|3756, 484568|3848, 484568|4011, at.DiTronic.androidgroup.randomgallery, 
484700|1, 484700|2045, 484702|2137, 484703|2271, 484706|2455, 484706|2642, 484707|2752, 484707|2904, 484708|2971, 484709|3063, 484709|3238, 484710|3315, 484713|3401, 484713|3568, 484714|3656, 484715|3743, 484716|4089, com.sometimeswefly.littlealchemy, 
484756|1, 484756|271, 484757|361, 484757|2694, 484758|2783, 484758|3754, 484760|3822, 484760|3890, 484762|3990, 484762|4060, com.skype.raider, 
484792|1, 484792|808, 484794|886, 484794|2136, 484796|2244, 484796|3192, 484797|3252, 484797|4003, com.whatsapp, 
484804|1, 484804|2412, 484805|2491, 484805|3451, 484806|3521, 484806|4052, com.whatsapp, 
484809|1, 484809|1041, 484810|1110, 484810|2335, 484811|2453, 484811|3052, 484812|3121, 484813|3187, 484813|4036, com.tripadvisor.tripadvisor, 
484830|1, 484830|2378, 484831|2493, 484831|3381, 484832|3477, 484832|4069, com.booking, 
485022|1, 485022|4011, com.google.android.deskclock, 
485024|1, 485024|1839, 485025|1959, 485025|2328, 485028|2429, 485030|2500, 485032|2636, 485035|2784, 485038|2906, 485045|3036, 485050|3139, 485052|3251, 485054|3334, 485055|3455, 485056|3564, 485063|4088, com.booking, 
485180|1, 485180|546, 485184|614, 485185|701, 485185|1549, 485193|1733, 485193|4007, com.google.android.deskclock, 
485193|1, 485193|2606, 485194|2699, 485198|2813, 485198|2888, 485200|2977, 485214|3088, 485221|3183, 485223|3306, 485227|3462, 485227|3592, 485228|3685, 485229|3775, 485229|4053, com.dropbox.android, 
485242|1, 485242|715, 485249|827, 485249|1898, 485261|2092, 485271|2197, 485276|2319, 485276|2593, 485277|2700, 485279|2812, 485292|2959, 485299|3072, 485311|3272, 485318|3405, 485330|3563, 485335|3693, 485341|3848, 485345|3964, 485345|4119, com.antutu.ABenchMark, 
485530|1, 485530|2199, 485531|2306, 485531|3274, 485532|3357, 485532|4022, com.whatsapp, 
485534|1, 485534|4038, com.google.android.deskclock, 
485538|1, 485538|4018, com.facebook.katana, 
485540|1, 485540|3164, 485544|3307, 485547|3430, 485559|3520, 485571|3831, 485571|4012, com.instagram.android, 
485632|1, 485632|3531, 485633|3753, 485639|4213, com.android.chrome, 
485750|1, 485750|4024, com.google.android.deskclock, 
485756|1, 485756|3480, 485757|3575, 485760|3683, 485761|3806, 485770|3939, 485771|4065, com.ebay.mobile, 
485841|1, 485841|4002, com.google.android.deskclock, 
485841|1, 485841|287, 485843|360, 485843|1728, 485844|1857, 485844|2459, 485846|2559, 485851|2658, 485853|2765, 485858|2937, 485861|3053, 485865|3165, 485865|3261, 485868|3411, 485871|3556, 485872|3659, 485876|3788, 485880|3934, 485880|4061, com.booking, 
485983|1, 485983|3379, 485986|3493, 485990|3607, 485997|4026, com.csst.ecdict, 
486088|1, 486088|3185, 486089|3347, 486092|3529, 486098|3739, 486106|3838, 486113|3954, 486125|4064, com.android.chrome, 
486198|1, 486198|620, 486204|700, 486204|788, 486206|871, 486206|1451, 486207|1657, 486210|1782, 486210|3069, 486212|3282, 486220|3534, 486228|3691, 486246|3877, 486255|3975, 486265|4075, com.android.chrome, 
486325|1, 486325|4070, at.DiTronic.androidgroup.randomgallery, 
486429|1, 486429|1408, 486430|1470, 486430|2994, 486433|3117, 486440|3257, 486454|3368, 486462|3495, 486470|3570, 486470|3637, 486476|3697, 486484|3765, 486484|3873, 486488|3942, 486490|4000, 486490|4052, com.instagram.android, 
486527|1, 486527|1226, 486528|1397, 486528|2833, 486529|3034, 486538|3377, 486550|3486, 486557|3610, 486563|3728, 486569|3814, 486570|3899, 486572|4041, com.android.chrome, 
486635|1, 486635|3581, 486636|3659, 486641|3771, 486647|3844, 486649|3910, 486653|4074, com.csst.ecdict, 
486735|1, 486735|1963, 486741|2054, 486757|2194, 486762|2308, 486762|2625, 486769|2794, 486782|2969, 486801|3119, 486810|3219, 486820|3386, 486824|3604, 486839|3790, 486846|3926, 486855|4153, com.antutu.ABenchMark, 
487026|1, 487026|2781, 487031|2905, 487031|3011, 487037|3110, 487046|3210, 487054|3314, 487056|3500, 487056|3592, 487060|3703, 487060|3794, 487061|3889, 487061|4034, com.dropbox.android, 
487065|1, 487065|1380, 487066|1444, 487066|4013, com.google.android.deskclock, 
487066|1, 487066|1720, 487067|1872, 487067|2466, 487070|2553, 487072|2723, 487075|2867, 487077|2970, 487077|3161, 487080|3267, 487080|3439, 487082|3562, 487082|3779, 487088|3899, 487094|4089, com.booking, 
487218|1, 487218|1968, 487219|2047, 487219|2123, 487220|2186, 487221|2245, 487221|2298, 487224|2416, 487228|2549, 487229|2657, 487234|2795, 487250|2922, 487258|3018, 487266|3100, 487275|3193, 487277|3297, 487292|3459, 487298|3552, 487298|3637, 487303|3713, 487327|4235, com.cnn.mobile.android.phone, 
487473|1, 487473|895, 487474|957, 487474|1715, 487479|1895, 487496|2025, 487503|2123, 487511|2301, 487513|2463, 487522|2642, 487553|2909, 487565|3112, 487573|3285, 487593|3462, 487596|3571, 487601|3654, 487608|3733, 487608|3816, 487609|3937, 487610|4189, com.antutu.ABenchMark, 
487786|1, 487786|989, 487790|1069, 487791|1143, 487791|1221, 487794|1292, 487794|2145, 487795|2211, 487796|2275, 487796|3083, 487797|3153, 487797|4034, com.google.android.deskclock, 
487805|1, 487806|4088, com.ebay.mobile, 
487881|1, 487881|1890, 487882|2024, 487882|2323, 487884|2406, 487885|2489, 487887|2580, 487893|2753, 487895|2880, 487899|2995, 487900|3114, 487901|3227, 487903|3333, 487904|3472, 487911|3569, 487912|3699, 487914|4040, com.booking, 
488050|1, 488050|2278, 488051|2410, 488051|3284, 488052|3356, 488052|4018, com.whatsapp, 
488055|1, 488055|2464, 488056|2567, 488056|3438, 488057|3501, 488057|4011, com.whatsapp, 
488068|1, 488068|431, 488069|486, 488071|587, 488071|1442, 488075|1699, 488075|1833, 488076|1925, 488076|2804, 488077|2905, 488080|3001, 488080|3279, 488081|3401, 488082|3514, 488084|3640, 488084|4005, com.paypal.android.p2pmobile, 
488155|1, 488162|130, 488164|263, 488170|460, 488170|547, 488171|627, 488171|979, 488174|1062, 488176|1205, 488177|1319, 488177|1421, 488178|1494, 488178|1552, 488180|1613, 488180|1691, 488181|1768, 488181|2148, 488182|2236, 488182|2358, 488186|2486, 488186|2562, 488192|2765, 488225|3197, 488231|3319, 488236|3434, 488243|3562, 488246|3666, 488256|3818, 488268|3917, 488275|3998, 488277|4092, com.cnn.mobile.android.phone, 
488479|1, 488479|72, 488480|143, 488480|306, 488482|401, 488482|4012, com.facebook.katana, 
488505|1, 488505|1574, 488506|1684, 488506|2595, 488507|2724, 488507|3715, 488510|3785, 488516|3864, 488521|3931, 488527|4067, com.csst.ecdict, 
488612|1, 488612|288, 488613|376, 488613|2167, 488614|2296, 488615|2428, 488616|2556, 488616|3305, 488619|3430, 488622|3577, 488623|3766, 488625|3894, 488627|3966, 488627|4030, com.paypal.android.p2pmobile, 
488707|1, 488708|161, 488710|333, 488711|404, 488713|505, 488714|584, 488714|678, 488715|780, 488715|1060, 488716|1184, 488716|1697, 488719|2014, 488723|2098, 488735|2271, 488739|2359, 488748|2510, 488751|2604, 488751|2898, 488758|3132, 488763|3235, 488786|3434, 488798|3583, 488812|3725, 488812|3807, 488819|3959, 488832|4077, com.antutu.ABenchMark, 
489076|1, 489076|1938, 489077|2023, 489077|2356, 489080|2524, 489088|2643, 489095|2764, 489106|2906, 489111|3014, 489119|3146, 489119|3420, 489124|3607, 489125|3723, 489125|3793, 489134|3941, 489136|4026, com.cnn.mobile.android.phone, 
489324|1, 489324|1019, 489325|1089, 489325|1534, 489327|1609, 489327|1732, 489331|1826, 489332|1899, 489344|2085, 489354|2214, 489367|2365, 489375|2457, 489380|2563, 489387|2701, 489389|2811, 489389|2879, 489390|2966, 489404|3118, 489416|3323, 489430|3514, 489436|3624, 489442|3710, 489444|3802, 489452|3951, 489456|4036, com.cnn.mobile.android.phone, 
489562|1, 489562|905, 489563|1001, 489563|1949, 489564|2081, 489564|2978, 489566|3039, 489566|4394, com.facebook.katana, 
489569|1, 489569|3719, 489572|3805, 489578|3866, 489585|3939, 489585|4007, com.csst.ecdict, 
489672|1, 489672|1872, 489673|1975, 489673|2807, 489674|2928, 489674|4024, com.booking, 
489833|1, 489833|2325, 489834|2611, 489834|3350, 489836|3493, 489840|3713, 489843|3971, 489844|4060, com.booking, 
489979|1, 489979|645, 489980|795, 489980|1158, 489984|1250, 489985|1328, 489985|2038, 489986|2257, 489986|4065, com.ebay.mobile, 
490083|1, 490083|957, 490084|1082, 490085|1140, 490085|1658, 490086|2059, 490086|3004, 490087|3296, 490088|4090, com.dropbox.android, 
490136|1, 490136|352, 490141|445, 490141|564, 490143|627, 490143|1259, 490153|1762, 490153|2485, 490155|2802, 490155|3283, 490160|3485, 490161|3646, 490161|3769, 490175|3962, 490184|4133, com.dropbox.android, 
490196|1, 490196|2141, 490197|2447, 490197|2966, 490200|3229, 490213|3526, 490217|3767, 490223|3979, 490223|4117, com.booking, 
490321|1, 490321|444, 490322|595, 490322|1350, 490324|1435, 490324|2501, 490336|3004, 490337|3320, 490337|3571, 490340|3879, 490341|4026, com.paypal.android.p2pmobile, 
490423|1, 490423|295, 490425|381, 490425|1239, 490426|1380, 490426|1488, 490427|1572, 490429|1671, 490431|1812, 490433|2039, 490436|2457, 490440|3321, 490442|3678, 490442|4027, com.dropbox.android, 
490558|1, 490558|304, 490561|360, 490562|428, 490562|983, 490565|1135, 490565|2550, 490567|2811, 490569|3209, 490574|3599, 490574|4027, com.paypal.android.p2pmobile, 
490646|1, 490646|569, 490647|680, 490648|784, 490649|904, 490649|1160, 490652|1283, 490659|1483, 490659|1864, 490660|2335, 490660|3454, 490661|3843, 490661|4099, com.dropbox.android, 
490748|1, 490748|1549, 490750|1621, 490750|3447, 490754|3855, 490754|4137, com.csst.ecdict, 
490890|1, 490890|1290, 490891|1646, 490891|3339, 490892|3674, 490892|4104, com.csst.ecdict, 
