2051740|1, 2051740|955, 2051600|1220, 2051600|1519, 2051540|1633, 2051540|2488, 2051480|2677, 2051480|3437, 2050237|3529, 2041507|3634, 2038720|3719, 2038720|3846, 2038548|3942, 2037782|3996, 2025228|4066, com.csst.ecdict, 
1941531|1, 1941531|4029, com.google.android.apps.photos, 
1941411|1, 1941411|2154, 1941251|2271, 1941251|2627, 1940830|2761, 1940259|2897, 1939819|3049, 1934845|3185, 1934605|3260, 1933813|3339, 1931207|3409, 1928767|3486, 1928767|3594, 1927249|3663, 1923489|3743, 1923489|3854, 1922565|3913, 1922565|4022, com.instagram.android, 
1921825|1, 1921825|1771, 1921705|1849, 1921705|2249, 1920273|2465, 1911537|2594, 1910335|2737, 1905786|3038, 1899431|3313, 1899294|3386, 1899294|3501, 1899157|3570, 1897770|3663, 1897770|3766, 1897281|3883, 1897281|4011, com.Slack, 
1824638|1, 1824638|120, 1824558|189, 1824498|282, 1824498|445, 1824438|502, 1824438|856, 1824294|989, 1824294|2222, 1824229|2314, 1823188|2417, 1812904|2533, 1806012|2656, 1804799|2767, 1804799|3040, 1804285|3185, 1799182|3299, 1798384|3447, 1780590|3579, 1778684|3671, 1777273|3750, 1768079|3851, 1767913|3939, 1758725|4039, com.antutu.ABenchMark, 
1664385|1, 1664385|866, 1664101|991, 1664101|1643, 1664043|1765, 1664043|4017, com.facebook.katana, 
1662575|1, 1662575|3273, 1662495|3351, 1662495|3477, 1662415|3534, 1662355|3605, 1662355|3708, 1660935|3822, 1660875|3914, 1660875|4019, com.sometimeswefly.littlealchemy, 
1657127|1, 1657127|1872, 1657047|2083, 1657047|2757, 1656863|3012, 1656448|3255, 1650256|3476, 1650196|3760, 1650196|4013, com.ted.android, 
1620847|1, 1620847|4012, com.github.shadowsocks, 
1553836|1, 1553836|3069, 1553360|3190, 1552874|3281, 1544803|3369, 1543979|3436, 1543694|3505, 1543622|3577, 1543622|4030, com.skype.raider, 
1541303|1, 1541303|2491, 1541223|2607, 1541223|3027, 1541087|3109, 1541087|3476, 1541007|3576, 1541007|4039, com.booking, 
1430424|1, 1430424|4004, com.github.shadowsocks, 
1363005|1, 1363005|1645, 1362925|1755, 1362925|2296, 1362845|2453, 1356581|2575, 1353364|2779, 1353364|2887, 1351636|3025, 1351480|3202, 1351480|3452, 1344682|3542, 1344179|3724, 1344179|4051, com.ted.android, 
1326616|1, 1326616|607, 1325744|775, 1325500|933, 1325500|1398, 1325268|1691, 1325141|1828, 1325141|2617, 1324653|2772, 1324513|2973, 1324215|3107, 1315738|3272, 1314914|4140, com.skype.raider, 
1310860|1, 1310860|556, 1310777|727, 1310777|1243, 1310697|1358, 1310697|1588, 1310557|1691, 1310557|1835, 1310497|1902, 1310497|4053, com.ebay.mobile, 
1274820|1, 1274820|171, 1274676|258, 1274676|4002, com.csst.ecdict, 
1153085|1, 1153085|2373, 1152975|2468, 1152713|2553, 1152713|2617, 1143427|2755, 1141571|2897, 1140932|3074, 1137145|3256, 1131212|3448, 1129770|3530, 1129770|3626, 1129385|3699, 1129137|3823, 1129137|4024, com.Slack, 
1079494|1, 1079494|3026, 1078320|3172, 1077704|3306, 1076383|3454, 1072312|3568, 1072312|3673, 1060766|3899, 1058986|4072, com.android.chrome, 
1047588|1, 1047588|2284, 1047035|2458, 1046587|2653, 1046587|3361, 1046527|3494, 1046527|3581, 1040742|3782, 1038521|3934, 1035982|4064, com.paypal.android.p2pmobile, 
997855|1, 997735|131, 997043|233, 986861|332, 986861|1027, 986781|1121, 986781|2046, 986701|2125, 986701|2263, 984895|2353, 983288|2449, 982056|2563, 981901|2729, 976299|2820, 971139|2958, 969302|3081, 969250|3193, 964756|3328, 961866|3545, 961688|3656, 961688|3818, 960185|3964, 960185|4054, com.github.shadowsocks, 
861341|1, 861341|84, 861289|162, 861289|234, 859646|320, 859646|375, 859594|433, 859594|814, 859514|925, 859514|2535, 857936|2646, 857704|2749, 852574|2827, 849049|2904, 848423|2969, 848066|3047, 848066|4005, com.skype.raider, 
831800|1, 831800|1649, 831720|1706, 831720|1802, 831630|1908, 831630|2675, 831578|2759, 831578|3087, 831178|3171, 830778|3273, 828650|3409, 827046|3488, 826866|3559, 826866|3623, 826146|3699, 825934|3763, 825934|4004, com.instagram.android, 
812397|1, 812397|3740, 812177|3816, 812104|3891, 804078|3978, 802183|4036, com.csst.ecdict, 
700751|1, 700751|1460, 700635|1608, 700384|1777, 700384|1890, 698922|2048, 697549|2199, 696389|2376, 692432|2479, 692432|2631, 692254|2722, 692254|3067, 690854|3208, 689092|3376, 688000|3527, 685348|3648, 685245|3766, 685245|4007, com.paypal.android.p2pmobile, 
636491|1, 636491|505, 634933|583, 634873|685, 633896|800, 633844|970, 633844|1173, 632366|1262, 632366|1324, 629410|1385, 629410|1462, 628805|1531, 628725|1609, 628725|2212, 627235|2305, 625619|2371, 625429|2437, 625429|2647, 621324|2725, 620950|2829, 620846|2916, 620484|2989, 618230|3103, 617990|3252, 615082|3339, 613216|3405, 612656|3485, 610570|3563, 607218|3629, 603486|3701, 597574|3765, 597574|3822, 589316|3883, 584822|4052, com.instagram.android, 
551138|1, 551138|2161, 551083|2227, 551028|2313, 549958|2450, 541372|2560, 540950|2703, 537005|2903, 532763|3053, 531389|3125, 530479|3211, 529080|3307, 527602|3479, 527053|4473, com.Slack, 
437223|1, 437223|141, 437143|219, 437083|307, 437083|427, 437023|484, 437023|1465, 436963|1615, 436963|2339, 436898|2418, 436898|2497, 436838|2596, 436838|3907, 436505|3974, 436505|4042, com.tripadvisor.tripadvisor, 
425439|1, 425439|651, 425367|742, 425367|820, 425295|917, 425295|4100, com.google.android.apps.photos, 
424805|1, 424745|83, 424745|1851, 424558|2019, 424506|2114, 424506|4019, com.google.android.deskclock, 
424123|1, 424123|3042, 424063|3177, 424003|3273, 424003|3347, 423655|3438, 423341|3533, 417964|3642, 417964|3751, 414800|3822, 413848|3919, 409166|3997, 409166|4119, com.ebay.mobile, 
353183|1, 353183|541, 353119|601, 353119|2593, 352722|2673, 352722|3499, 352662|3624, 352602|3754, 352258|3891, 347200|3998, 347022|4073, com.ebay.mobile, 
295544|1, 295544|1273, 295484|1339, 295484|1499, 295344|1651, 295344|1802, 295264|1901, 295184|1992, 295184|2662, 295104|2754, 295042|2843, 294962|2946, 294901|3059, 294695|3174, 294542|3363, 294542|3595, 293420|3710, 287482|3775, 284485|3853, 283116|3913, 279521|3977, 279521|4044, com.ted.android, 
253774|1, 253774|2895, 253364|2991, 253364|3140, 253284|3219, 253224|3310, 253224|3451, 253164|3527, 253084|4006, com.sometimeswefly.littlealchemy, 
250017|1, 250017|761, 249957|859, 249957|1036, 249817|1127, 249817|1391, 249737|1455, 249737|2518, 249617|2619, 249617|2712, 248941|2831, 241565|2993, 237911|3202, 236023|3299, 234533|3378, 232952|3454, 230571|3586, 227466|3708, 227466|3895, 227402|3988, 227402|4059, com.Slack, 
153249|1, 153249|2341, 153189|2425, 153189|3353, 151822|3447, 151822|4053, com.tripadvisor.tripadvisor, 
140162|1, 140162|4065, com.facebook.katana, 
138743|1, 138743|631, 138679|801, 138679|1252, 138607|1308, 138535|1370, 138535|2970, 138470|3092, 137583|3237, 137503|3342, 137503|3431, 137423|3534, 137363|3666, 137363|3764, 137303|3833, 137303|4051, com.whatsapp, 
135745|1, 135745|1914, 135625|2008, 134949|2133, 126007|2283, 124499|2399, 123622|2551, 114389|2688, 113007|2838, 112955|2930, 112570|3008, 112272|3105, 112272|3631, 111920|3725, 111920|4071, com.Slack, 
110418|1, 110418|1198, 110338|1319, 110258|1514, 110258|1605, 110092|1714, 109972|1860, 109021|1986, 108662|2089, 107409|2181, 107194|2298, 107194|2412, 105087|2577, 104952|2652, 103866|2837, 101953|3004, 100463|3170, 100380|3346, 99218|3434, 99218|3506, 97720|3577, 97720|3686, 96230|3744, 96230|3856, 96127|3917, 93494|3997, 92227|4067, com.paypal.android.p2pmobile, 
66877|1, 66877|70, 66471|195, 58256|310, 58256|677, 56766|798, 56766|886, 56280|1084, 55547|1212, 55547|1551, 52677|1757, 49543|1970, 49283|2121, 36959|2359, 36354|2461, 36122|2666, 36122|2990, 36039|3101, 35979|3226, 35979|3432, 35919|3649, 35238|3784, 33696|3905, 33616|4038, com.paypal.android.p2pmobile, 
2056808|1, 2056808|70, 2056116|187, 2056116|257, 2046565|345, 2046565|1240, 2045093|1305, 2045093|1366, 2044915|1439, 2044855|1511, 2044855|2009, 2044775|2139, 2044695|2256, 2044695|3050, 2033239|3334, 2031551|3471, 2028844|3662, 2025155|3899, 2021967|4048, com.ted.android, 
1953647|1, 1953647|138, 1953587|216, 1953427|303, 1953427|379, 1953287|448, 1953287|674, 1953207|786, 1953207|1990, 1953147|2051, 1953147|2128, 1952987|2274, 1952987|2960, 1952431|3113, 1947281|3193, 1943954|3279, 1943130|3354, 1942773|3427, 1942773|4038, com.skype.raider, 
1926182|1, 1926182|175, 1926042|236, 1926042|497, 1925962|582, 1925962|1128, 1925827|1247, 1925827|2183, 1924792|2261, 1924544|2350, 1924432|2473, 1924432|3215, 1924320|3279, 1923002|3343, 1923002|4033, com.tripadvisor.tripadvisor, 
1910414|1, 1910414|107, 1910331|163, 1910331|2126, 1910248|2226, 1910248|3777, 1909937|3874, 1909714|4050, at.DiTronic.androidgroup.randomgallery, 
1803907|1, 1803907|2698, 1803660|2784, 1803660|3674, 1803600|3765, 1803600|4025, com.tripadvisor.tripadvisor, 
1793185|1, 1793185|2355, 1793125|2462, 1793125|2881, 1793013|2947, 1791758|3022, 1790993|4004, com.tripadvisor.tripadvisor, 
1775323|1, 1775323|56, 1775263|119, 1775263|996, 1775183|1070, 1775183|1234, 1775103|1304, 1775043|1369, 1775043|1489, 1774963|1552, 1774903|1618, 1774903|1776, 1774763|1942, 1774763|2008, 1774683|2079, 1774623|2171, 1774623|2255, 1774543|2318, 1774483|2405, 1774483|2587, 1774423|2669, 1774423|2962, 1773351|3141, 1772747|3269, 1768097|3415, 1768017|3496, 1765849|3580, 1763983|3648, 1763983|3766, 1763587|3836, 1763323|3906, 1763323|4022, com.instagram.android, 
1754505|1, 1754505|1093, 1754425|1174, 1754425|1388, 1754285|1557, 1754285|1688, 1754225|1763, 1754225|2039, 1753899|2135, 1744673|2234, 1742981|2337, 1740485|2431, 1740485|2636, 1729535|3321, 1728478|3427, 1719272|3544, 1710909|3646, 1709503|3725, 1707527|3828, 1702722|3934, 1686606|4104, com.antutu.ABenchMark, 
1581873|1, 1581873|1210, 1581821|1308, 1581821|1885, 1581741|2098, 1581741|2697, 1581578|3427, 1581578|3690, 1580841|3821, 1574533|4081, com.ted.android, 
1542362|1, 1542362|2901, 1541952|3019, 1541952|3105, 1541872|3183, 1541872|3254, 1541812|3340, 1541812|3464, 1541752|3538, 1541672|4020, com.sometimeswefly.littlealchemy, 
1538529|1, 1538529|2257, 1538463|2346, 1538463|2714, 1538199|2863, 1537998|3015, 1536645|3180, 1519274|3282, 1518291|3411, 1507180|3503, 1506478|3575, 1506415|3655, 1505346|3749, 1504995|4017, com.cnn.mobile.android.phone, 
1365955|1, 1365955|331, 1365193|396, 1365193|508, 1364187|574, 1364127|645, 1364047|731, 1364047|802, 1363895|860, 1363895|1337, 1363835|1582, 1363695|1703, 1363615|1975, 1363615|2761, 1363555|2860, 1363490|2948, 1363490|3073, 1363430|3141, 1363350|3198, 1363350|3320, 1363290|3382, 1363210|3445, 1363210|3578, 1363150|3643, 1363070|3700, 1363070|3823, 1362930|3933, 1362930|4054, com.tripadvisor.tripadvisor, 
1341102|1, 1341102|2475, 1340128|2686, 1337530|2887, 1333053|2988, 1327527|3137, 1314541|3294, 1314169|3383, 1313323|3478, 1313071|3566, 1312931|3658, 1312691|3758, 1312631|3880, 1312551|3967, 1312331|4047, com.android.chrome, 
1309765|1, 1309765|3157, 1309685|3233, 1309685|3384, 1309605|3461, 1309545|3532, 1309545|3684, 1309485|3768, 1309485|4047, com.sometimeswefly.littlealchemy, 
1300511|1, 1300511|2802, 1300447|2900, 1300385|2984, 1299887|3091, 1299677|3166, 1299269|3276, 1299049|3416, 1293732|3546, 1293732|3749, 1293324|3885, 1293154|4046, com.ebay.mobile, 
1259755|1, 1259755|591, 1259695|687, 1257979|745, 1255093|857, 1255093|1724, 1255010|1804, 1255010|2970, 1254626|3177, 1252332|3445, 1251327|3566, 1230126|3976, 1230026|4063, com.android.chrome, 
1225438|1, 1225438|4046, com.google.android.deskclock, 
1225271|1, 1225271|4050, com.facebook.katana, 
1224987|1, 1224987|757, 1224904|930, 1224904|1939, 1223810|2182, 1219569|2285, 1219391|2403, 1218282|2565, 1215172|2731, 1214262|2850, 1214262|3014, 1214202|3089, 1212733|3254, 1212468|3407, 1210828|3520, 1210602|3708, 1202512|3994, 1131183|4208, com.Slack, 
1108304|1, 1108304|957, 1107668|1041, 1107668|1812, 1107604|1944, 1107604|3275, 1107430|3451, 1107430|4060, com.github.shadowsocks, 
1029709|1, 1029709|996, 1029648|1082, 1029648|1755, 1029568|1929, 1029568|2704, 1028819|2832, 1022961|2941, 1022820|3123, 1018525|3317, 1018372|3443, 1018308|3594, 1018308|4019, com.ted.android, 
1001212|1, 1001212|2587, 1000764|2732, 1000764|2841, 1000598|2944, 1000474|3108, 1000474|3508, 999918|3691, 999461|3861, 998016|3982, 997553|4087, com.paypal.android.p2pmobile, 
938192|1, 938192|180, 931527|285, 931527|376, 931349|622, 931349|1137, 931289|1249, 931229|1322, 930803|1400, 930803|1467, 925712|1526, 925712|1649, 925629|1736, 925629|2255, 925549|2407, 923920|2537, 923920|3213, 923166|3363, 923042|3451, 923042|4004, com.github.shadowsocks, 
803964|1, 803964|743, 802269|879, 802054|1052, 801663|1145, 801663|2862, 801583|2961, 801583|4058, com.google.android.apps.photos, 
799876|1, 799876|2013, 799816|2145, 795531|4003, com.csst.ecdict, 
683301|1, 683301|179, 683241|242, 683241|1129, 683158|1215, 683158|2897, 682682|2977, 682196|3061, 674125|3137, 674125|3204, 673927|3278, 672829|3357, 672705|3423, 672705|4018, com.skype.raider, 
670104|1, 670104|2085, 669984|2200, 669984|2539, 669924|2645, 669864|2774, 669864|3108, 669744|3174, 669342|3279, 669342|3543, 669282|3598, 669282|4036, com.Slack, 
661022|1, 661022|775, 660783|883, 660783|3172, 659896|3305, 659576|3430, 656074|3582, 655424|3653, 655424|3715, 654896|3790, 654632|3857, 654632|4035, com.instagram.android, 
641795|1, 641795|2599, 641235|2725, 641235|2823, 640815|2939, 636381|3018, 635901|3105, 635901|3176, 633733|3245, 630223|3313, 630063|3371, 630063|3424, 629139|3494, 625407|3552, 625407|3678, 625275|3730, 624351|3796, 624351|3855, 624247|3911, 624247|4029, com.instagram.android, 
622105|1, 622105|1713, 622022|1865, 622022|2239, 621942|2310, 621942|2412, 621802|2712, 621802|2800, 621742|2871, 621742|4030, com.google.android.apps.photos, 
621378|1, 621378|2929, 621234|3026, 620824|3144, 620824|3286, 620744|3381, 620684|3476, 620684|3551, 620624|3633, 620624|4039, com.sometimeswefly.littlealchemy, 
613162|1, 613162|1706, 613082|1803, 613082|1927, 612882|2024, 612822|2167, 612762|2295, 612702|2393, 612642|2499, 612642|2961, 606380|3099, 606380|3291, 606320|3385, 606260|3484, 600329|3568, 584244|3629, 530764|3725, 530192|3807, 530192|4037, com.Slack, 
527426|1, 527426|1953, 527306|2083, 527306|2386, 527246|2500, 526836|2600, 521168|2733, 521168|3060, 519751|3163, 519751|3360, 519691|3429, 519691|3490, 519306|3561, 519306|4055, com.Slack, 
518842|1, 518842|4061, at.DiTronic.androidgroup.randomgallery, 
422425|1, 422425|231, 422285|308, 422285|436, 422181|520, 422101|595, 422101|2235, 422029|2374, 421957|2450, 421897|4015, com.google.android.apps.photos, 
421617|1, 421617|152, 421477|231, 421477|373, 421397|425, 421397|4051, com.google.android.deskclock, 
420723|1, 420723|3642, 420663|3744, 420663|3838, 420603|3916, 420380|4047, com.ebay.mobile, 
393354|1, 393354|2777, 393271|3033, 393271|4043, com.google.android.apps.photos, 
393188|1, 393188|4015, com.google.android.apps.photos, 
392604|1, 392604|326, 392524|391, 392524|570, 392444|644, 392384|735, 392384|819, 392324|904, 392324|2092, 392244|2200, 392244|2275, 392164|2357, 392084|2439, 392024|2512, 392024|2575, 391944|2639, 391824|2721, 391486|2829, 391486|2894, 391274|2959, 391020|3037, 391020|3097, 387670|3172, 387670|3249, 384307|3317, 382471|3612, 382471|3695, 381785|3818, 381500|3883, 381428|3952, 381428|4006, com.skype.raider, 
378589|1, 378589|2121, 378509|2228, 378509|2314, 378444|2414, 378364|2508, 378304|2570, 378304|2770, 378244|2841, 377720|4019, com.tripadvisor.tripadvisor, 
361738|1, 361738|4120, com.google.android.apps.photos, 
361034|1, 361034|2185, 360924|2303, 360924|2578, 360192|2686, 351157|2817, 346356|2934, 346356|3141, 344887|3203, 331875|3324, 308738|3395, 283253|3459, 282461|3536, 282076|3601, 282016|3663, 282016|3720, 276507|3828, 275925|3936, 275925|4009, com.Slack, 
274107|1, 274107|2573, 273551|2700, 273551|2850, 273145|2926, 273145|2998, 268401|3081, 268401|3141, 265074|3203, 264876|3267, 264876|3676, 264052|3738, 264052|3862, 263125|3927, 263125|4051, com.skype.raider, 
260549|1, 260549|1298, 260489|1438, 260489|1520, 260429|1601, 260349|1702, 260349|1756, 260269|1817, 260269|1890, 260139|1950, 260139|2263, 260079|2380, 260020|2479, 259173|2571, 256330|2696, 255837|2824, 252033|2971, 249171|3062, 245683|3177, 243941|3253, 243153|3344, 243153|3410, 241972|3565, 237659|3765, 230955|3900, 230545|3996, 228829|4087, com.cnn.mobile.android.phone, 
117404|1, 117404|75, 117203|173, 117203|261, 116794|341, 116794|466, 109106|639, 109106|1082, 108239|1219, 107741|1280, 106524|1378, 106524|1926, 106372|2053, 106372|2765, 106310|2913, 99514|3086, 95229|3323, 94732|3500, 94732|4031, com.ted.android, 
67910|1, 67910|1096, 67806|1193, 67806|2110, 67723|2535, 67723|4046, com.google.android.apps.photos, 
67028|1, 67028|226, 66945|284, 66945|722, 66862|786, 66862|898, 66779|956, 66779|1199, 66707|1365, 66635|1488, 66635|1658, 66552|1765, 66552|2243, 64842|2424, 62980|2546, 53747|2687, 47265|2845, 38831|2948, 38347|3050, 38267|3136, 38207|3200, 38147|3259, 38147|3378, 37837|3442, 37837|3575, 37671|3646, 37339|3741, 37256|3848, 36382|3933, 36182|4021, com.android.chrome, 
22641|1, 22641|590, 22558|701, 22475|4060, com.github.shadowsocks, 
2085962|1, 2085962|663, 2085882|765, 2085688|923, 2085688|1573, 2085628|1816, 2085628|2558, 2085484|2696, 2085424|2766, 2085424|2821, 2084057|2891, 2084057|3257, 2082084|3332, 2082084|3396, 2081650|3464, 2081650|3538, 2080473|3602, 2080473|3663, 2078983|3734, 2078983|4042, com.tripadvisor.tripadvisor, 
2067832|1, 2067832|185, 2067752|247, 2067752|2151, 2067692|2286, 2067692|2737, 2067640|2796, 2067640|2858, 2067600|2932, 2067600|4176, com.facebook.katana, 
2067294|1, 2067150|66, 2067150|1050, 2067090|1144, 2067090|3031, 2066706|3231, 2065400|3521, 2063487|3692, 2051697|3918, 2043686|4022, com.android.chrome, 
2034975|1, 2034975|958, 2034935|1038, 2034935|1592, 2034875|1729, 2034875|2294, 2034704|2359, 2034704|3604, 2034621|3665, 2034621|3721, 2034549|3820, 2034477|3875, 2033844|4047, com.facebook.katana, 
2032547|1, 2032547|215, 2032491|285, 2032491|809, 2032451|890, 2032451|2455, 2032002|2562, 2032002|4037, com.google.android.apps.photos, 
2031919|1, 2031919|2053, 2030813|2148, 2021889|2258, 2013637|2369, 2012464|2471, 2012424|2602, 2012424|2717, 2012354|2809, 2006807|2972, 1998731|3118, 1987135|3240, 1983216|3335, 1980780|3446, 1980324|3547, 1973288|3689, 1950137|3881, 1947981|4056, com.antutu.ABenchMark, 
1864488|1, 1864488|4096, com.github.shadowsocks, 
1798988|1, 1798988|72, 1798905|150, 1798905|3049, 1798841|3141, 1798779|3214, 1798779|3293, 1798455|3391, 1798001|3525, 1797309|3692, 1797309|3787, 1792797|3972, 1792034|4315, com.ebay.mobile, 
1753527|1, 1753487|108, 1753487|558, 1753323|632, 1753323|3291, 1753240|3599, 1753240|4049, at.DiTronic.androidgroup.randomgallery, 
1650053|1, 1650053|2930, 1649621|3035, 1649101|3147, 1649021|4019, com.whatsapp, 
1648717|1, 1648717|3215, 1648333|3403, 1646319|3676, 1640135|3887, 1637254|4027, com.android.chrome, 
1618659|1, 1618659|1862, 1618579|2028, 1618579|2234, 1618410|2354, 1618410|2456, 1618327|2584, 1618076|2707, 1611812|2841, 1611732|2979, 1611592|3157, 1607098|3316, 1606954|3448, 1603431|3645, 1600052|3763, 1600052|3829, 1598833|3907, 1598670|4032, com.ted.android, 
1572767|1, 1572767|885, 1572667|980, 1572667|2041, 1572609|2122, 1572549|2207, 1572549|2309, 1572193|2380, 1571850|2496, 1567300|2629, 1566812|2749, 1564296|2850, 1554613|3026, 1546873|3105, 1544074|3186, 1540943|3257, 1529352|3372, 1527486|3641, 1526774|3733, 1526428|3926, 1525246|4088, com.cnn.mobile.android.phone, 
1399061|1, 1399061|154, 1398563|217, 1398563|2785, 1398091|2909, 1397791|3070, 1394321|3226, 1387371|3557, 1387291|3621, 1386891|3721, 1385887|3802, 1384491|3859, 1382957|3917, 1381533|3988, 1381401|4043, com.instagram.android, 
1380609|1, 1380609|4058, com.github.shadowsocks, 
1315257|1, 1315257|2287, 1314995|2393, 1314711|2550, 1314711|3363, 1314631|3430, 1314631|4050, com.whatsapp, 
1309541|1, 1309541|2845, 1309131|2938, 1309131|3104, 1309051|3180, 1308991|3262, 1308991|3399, 1308931|3475, 1308931|3836, 1308851|3941, 1308851|4032, com.sometimeswefly.littlealchemy, 
1301407|1, 1301407|2014, 1301347|2095, 1296317|2197, 1290369|2300, 1287071|2400, 1282264|2508, 1282264|2622, 1282204|2746, 1282204|2859, 1281540|3001, 1270319|3132, 1261221|3279, 1257530|3382, 1252350|3478, 1247814|3609, 1243611|3693, 1243571|3754, 1222916|3864, 1216971|4093, com.antutu.ABenchMark, 
1129832|1, 1129832|301, 1129749|389, 1129749|3482, 1129669|3589, 1129669|3731, 1129589|3812, 1129529|3877, 1129529|4055, com.sometimeswefly.littlealchemy, 
1120606|1, 1120606|441, 1120502|506, 1120502|2161, 1120070|2268, 1119974|2365, 1119974|3230, 1119894|3294, 1119894|4038, com.whatsapp, 
1119734|1, 1119734|2006, 1119590|2206, 1119590|2587, 1119510|2716, 1119510|2870, 1119430|2941, 1119370|3017, 1119370|3173, 1119310|3292, 1119310|3596, 1119230|3729, 1119230|3860, 1119150|3933, 1119090|4024, com.sometimeswefly.littlealchemy, 
1110589|1, 1110589|1252, 1110506|1335, 1110506|2803, 1110444|2906, 1109798|2988, 1104800|3056, 1101473|3121, 1100649|3192, 1100364|3264, 1100292|3336, 1100292|4032, com.skype.raider, 
1098333|1, 1098333|2302, 1098253|2421, 1098253|2884, 1098117|2975, 1098117|3196, 1098037|3349, 1098037|4056, com.booking, 
1004265|1, 1004265|2936, 1003837|3037, 1003069|3160, 1003069|3240, 1002497|3327, 996705|3402, 991381|3512, 989177|3635, 988881|3745, 988316|3868, 987743|3959, 987743|4065, com.dropbox.android, 
985295|1, 985295|3815, 985235|3915, 985235|4021, com.ebay.mobile, 
966029|1, 966029|1106, 965618|1206, 965618|2189, 963759|2308, 963620|2547, 963620|2882, 963559|2967, 963210|3064, 963210|3196, 963130|3287, 963070|3361, 963070|3489, 963010|3578, 963010|3905, 962930|3982, 962930|4083, com.sometimeswefly.littlealchemy, 
959613|1, 959613|4024, at.DiTronic.androidgroup.randomgallery, 
858825|1, 858825|2013, 858695|2094, 858695|2502, 857992|2623, 855301|2799, 849147|2987, 848881|3097, 840426|3229, 834962|3355, 821844|3498, 818242|3580, 812994|3849, 808471|3988, 805122|4118, com.cnn.mobile.android.phone, 
695914|1, 695914|155, 694910|239, 694846|327, 694846|816, 694736|901, 694664|1038, 694580|1137, 694580|1949, 694380|2072, 694380|2153, 693911|2251, 693331|2440, 693331|4074, com.github.shadowsocks, 
626801|1, 626801|4083, com.github.shadowsocks, 
559408|1, 559408|4020, at.DiTronic.androidgroup.randomgallery, 
296913|1, 296913|366, 296797|443, 296797|1781, 296677|1853, 296677|1922, 296332|1980, 295976|2086, 295865|2187, 289796|2321, 289215|2408, 271959|2646, 271769|2736, 256492|2841, 250482|2958, 247526|3071, 246397|3157, 238584|3255, 236460|3433, 231959|3596, 230113|3736, 230053|3836, 219068|3936, 218502|4050, com.cnn.mobile.android.phone, 
138172|1, 137826|59, 137826|173, 137742|226, 137742|1920, 137476|1990, 130980|2083, 126498|2185, 118895|2339, 118895|2466, 118835|2623, 118473|2740, 100309|2978, 93165|3114, 87798|3236, 82946|3369, 64332|3498, 58184|3721, 55531|3925, 54950|4094, com.antutu.ABenchMark, 
2094637|1, 2094637|1987, 2094557|2113, 2094557|3014, 2094477|3140, 2094152|3293, 2093557|3406, 2087699|3538, 2087481|3647, 2083342|3795, 2083136|3905, 2083136|4104, com.ted.android, 
2055063|1, 2055063|438, 2054999|502, 2054999|4058, com.facebook.katana, 
2054835|1, 2054835|4050, at.DiTronic.androidgroup.randomgallery, 
1957568|1, 1957568|2996, 1957147|3113, 1956736|3232, 1953648|3402, 1952344|3512, 1952344|3586, 1951816|3711, 1951684|3777, 1951684|4006, com.instagram.android, 
1936047|1, 1936047|1769, 1935967|1904, 1935967|2506, 1935887|2623, 1935481|2708, 1929623|2846, 1929543|2945, 1929320|3084, 1924680|3297, 1915666|4087, com.ted.android, 
1897622|1, 1897622|57, 1897539|114, 1897539|1663, 1888193|1832, 1885488|1945, 1884057|2035, 1879609|2176, 1878336|2307, 1873233|2421, 1869789|2609, 1854727|2754, 1851797|2887, 1842417|3158, 1830662|3332, 1827089|3497, 1815805|3662, 1815805|3889, 1813625|3961, 1813004|4058, com.antutu.ABenchMark, 
1727360|1, 1727360|2295, 1727098|2405, 1726674|2523, 1726578|2610, 1726578|3330, 1726498|3400, 1726498|4016, com.whatsapp, 
1726174|1, 1726174|2650, 1725836|2731, 1725836|2873, 1725430|2947, 1725430|3007, 1723670|3077, 1723670|3200, 1721801|3272, 1721801|3333, 1720291|3391, 1718781|3463, 1718781|4038, com.skype.raider, 
1713419|1, 1713419|4045, at.DiTronic.androidgroup.randomgallery, 
1616614|1, 1616614|1592, 1616496|1683, 1616496|1745, 1615853|1803, 1615497|1906, 1615325|2025, 1608950|2181, 1601508|2326, 1581132|2463, 1575790|2529, 1563678|2649, 1559953|2845, 1558336|2937, 1558191|3027, 1557853|3103, 1555467|3225, 1552729|3419, 1549734|3541, 1541240|3674, 1536892|3757, 1533884|3837, 1533477|3920, 1533477|4065, com.cnn.mobile.android.phone, 
1463386|1, 1463386|69, 1462684|137, 1462684|218, 1461679|302, 1461679|1037, 1461607|1154, 1461607|3321, 1461546|3412, 1461366|3487, 1461179|3582, 1459440|3678, 1449053|3765, 1447315|3897, 1446396|4025, com.dropbox.android, 
1444779|1, 1444779|4053, at.DiTronic.androidgroup.randomgallery, 
1347652|1, 1347652|2464, 1347587|2551, 1347587|4020, com.tripadvisor.tripadvisor, 
1343532|1, 1343532|1949, 1343084|2046, 1343084|2201, 1343022|2336, 1342960|2457, 1342960|2963, 1342880|3042, 1342880|3380, 1342314|3566, 1342314|3671, 1342254|3759, 1341573|3866, 1341573|4011, com.paypal.android.p2pmobile, 
1297517|1, 1297517|128, 1297405|216, 1297050|282, 1296358|391, 1284670|498, 1284670|880, 1283014|960, 1283014|1022, 1282934|1118, 1282934|1304, 1282851|1374, 1282851|1974, 1281225|2072, 1279667|2147, 1277520|2270, 1277236|2351, 1277236|2941, 1274813|3261, 1273568|3335, 1272284|3443, 1272284|3499, 1272232|3557, 1251046|3620, 1251046|3673, 1238333|3732, 1238333|3800, 1233899|3856, 1232421|4035, com.facebook.katana, 
1221601|1, 1221601|2353, 1220753|2490, 1220753|2559, 1220673|2641, 1220593|2726, 1220593|3256, 1213659|3364, 1209417|3463, 1207083|3559, 1207011|3647, 1207011|3713, 1205944|3801, 1205944|4029, com.dropbox.android, 
1186831|1, 1186831|414, 1186771|466, 1186771|1306, 1186681|1366, 1186681|1429, 1186569|1613, 1186569|2668, 1186337|2740, 1185721|2847, 1185721|2915, 1185561|3027, 1185561|3395, 1184703|3509, 1174385|3646, 1171991|3762, 1171919|3835, 1171919|3910, 1170781|3999, 1170781|4062, com.dropbox.android, 
1170445|1, 1170445|3331, 1170362|3449, 1169175|3623, 1169043|3751, 1167317|3856, 1167317|4004, at.DiTronic.androidgroup.randomgallery, 
2092711|1, 2092711|649, 2092547|718, 2092547|2042, 2092317|2135, 2092149|2305, 2091618|2467, 2091618|2651, 2091208|2751, 2091208|2899, 2091128|2967, 2091068|3060, 2091068|3239, 2091008|3313, 2090247|3402, 2090247|3563, 2089678|3652, 2089598|3747, 2089538|4086, com.sometimeswefly.littlealchemy, 
2077237|1, 2077237|262, 2077157|355, 2077157|2699, 2076601|2778, 2076601|3745, 2076386|3815, 2076386|3881, 2075980|3984, 2075980|4053, com.skype.raider, 
2063432|1, 2063432|802, 2063156|887, 2063156|2139, 2062664|2246, 2062602|2352, 2062332|2446, 2062332|3188, 2062252|3250, 2062252|4051, com.whatsapp, 
2061197|1, 2061197|2407, 2061117|2493, 2061117|2575, 2061021|2655, 2061021|3444, 2060941|3515, 2060941|4049, com.whatsapp, 
2060502|1, 2060502|1030, 2060419|1102, 2060419|2322, 2060359|2441, 2060359|3038, 2059009|3111, 2059009|4025, com.tripadvisor.tripadvisor, 
2051341|1, 2051341|2360, 2051045|2478, 2051045|2939, 2050909|3050, 2050909|3365, 2050829|3463, 2050829|4055, com.booking, 
1938892|1, 1938892|4033, com.google.android.deskclock, 
1938726|1, 1938726|1819, 1938646|1951, 1938646|2311, 1938466|2412, 1938115|2483, 1934863|2641, 1934487|2786, 1934347|2890, 1929341|3019, 1924190|3122, 1923134|3231, 1922391|3321, 1922223|3449, 1915369|4071, com.booking, 
1859020|1, 1859020|536, 1858428|606, 1858428|1559, 1857376|1723, 1857376|4046, com.google.android.deskclock, 
1857376|1, 1857376|2601, 1857216|2697, 1856528|2809, 1856528|2894, 1855158|2978, 1844840|3088, 1843288|3184, 1842340|3333, 1841057|3459, 1841057|3593, 1840974|3699, 1840914|3771, 1840914|4054, com.dropbox.android, 
1839344|1, 1839344|706, 1838496|831, 1838496|1810, 1838160|1911, 1828318|2098, 1822450|2187, 1818855|2331, 1818855|2586, 1818341|2701, 1817899|2818, 1811808|2953, 1799254|3087, 1791705|3277, 1791401|3405, 1781420|3554, 1778084|3685, 1770531|3845, 1766833|3955, 1766833|4128, com.antutu.ABenchMark, 
1669712|1, 1669712|2194, 1669450|2298, 1669166|2416, 1669166|3263, 1669086|3350, 1669086|4009, com.whatsapp, 
1668926|1, 1668926|4033, com.google.android.deskclock, 
1667546|1, 1667546|4010, com.facebook.katana, 
1667282|1, 1667282|3160, 1666210|3320, 1666150|3427, 1663620|3524, 1661398|3826, 1661398|4008, com.instagram.android, 
1648828|1, 1648828|3520, 1648444|3757, 1648060|4011, com.android.chrome, 
1613899|1, 1613899|4017, com.google.android.deskclock, 
1613142|1, 1613142|3233, 1613016|3317, 1613016|3399, 1612752|3477, 1612518|3569, 1611740|3687, 1611680|3799, 1605757|3932, 1600151|4079, com.ebay.mobile, 
1563569|1, 1563569|180, 1563487|252, 1563487|4049, com.google.android.deskclock, 
1563487|1, 1563487|225, 1563203|286, 1563203|1747, 1563120|1857, 1563120|1949, 1563056|2037, 1563056|2458, 1562876|2567, 1562174|2656, 1558922|2762, 1555885|2937, 1554252|3049, 1551968|3163, 1550106|3292, 1548768|3424, 1547238|3569, 1547101|3685, 1543103|3785, 1541328|3950, 1541276|4059, com.booking, 
1484443|1, 1484443|2733, 1484379|2864, 1484379|3376, 1483136|3490, 1479028|3611, 1476201|4020, com.csst.ecdict, 
1373983|1, 1373983|3175, 1373599|3349, 1371505|3547, 1370300|3726, 1368594|3825, 1364108|3948, 1360302|4053, com.android.chrome, 
1344010|1, 1344010|608, 1343102|692, 1343026|782, 1342834|872, 1342834|1439, 1342718|1649, 1342346|1799, 1342346|2401, 1342176|2466, 1342176|3061, 1341676|3309, 1338457|3529, 1332546|3717, 1325780|3871, 1321946|3968, 1320536|4073, com.android.chrome, 
1311514|1, 1311514|2096, 1311344|2200, 1311344|3874, 1310879|3948, 1310879|4076, at.DiTronic.androidgroup.randomgallery, 
1213433|1, 1213433|1404, 1213350|1461, 1213350|3000, 1212497|3144, 1211713|3256, 1208807|3361, 1206607|3496, 1206343|3562, 1206343|3628, 1204393|3690, 1202347|3756, 1202347|3864, 1201555|3936, 1201555|4043, com.instagram.android, 
1190879|1, 1190879|1226, 1190796|1406, 1190796|2837, 1190041|3110, 1187113|3394, 1181171|3488, 1180225|3609, 1178418|3731, 1178063|3811, 1178003|3896, 1177456|4038, com.android.chrome, 
1165615|1, 1165615|2264, 1165449|2412, 1165449|3579, 1164437|3662, 1160435|3765, 1158627|3837, 1157696|3903, 1156309|4069, com.csst.ecdict, 
1060323|1, 1060323|1809, 1059997|1964, 1050771|2057, 1044403|2188, 1040974|2312, 1040974|2623, 1035811|2802, 1024026|2972, 1015979|3113, 1009678|3255, 1009538|3401, 1008725|3597, 993935|3788, 990195|3944, 977056|4164, com.antutu.ABenchMark, 
889287|1, 889287|2694, 888859|2780, 888091|2901, 888027|3009, 886309|3107, 876156|3209, 874439|3329, 873491|3496, 873491|3585, 872209|3700, 872209|3791, 872149|3885, 872149|4034, com.dropbox.android, 
871813|1, 871813|1368, 871730|1433, 871730|4002, com.google.android.deskclock, 
871730|1, 871730|1723, 871434|1876, 871434|2289, 871298|2390, 871298|2460, 870896|2561, 870545|2720, 867564|2868, 867367|2977, 867367|3162, 865627|3266, 865627|3356, 865575|3434, 865455|3567, 865455|3774, 864005|3930, 856323|4086, com.booking, 
788439|1, 788439|1954, 787770|2035, 787770|2110, 787425|2175, 787425|2283, 782894|2406, 780479|2538, 778220|2657, 776766|2793, 765771|2916, 758877|3007, 751740|3088, 743136|3190, 735908|3309, 721026|3447, 718045|3542, 717828|3627, 716977|3705, 689379|4255, com.cnn.mobile.android.phone, 
600987|1, 600987|837, 600883|889, 600883|1725, 595433|1902, 585028|2024, 581433|2122, 573619|2326, 572535|2483, 563696|2695, 545424|2911, 540260|3110, 535187|3290, 515520|3458, 514107|3566, 510991|3651, 500811|3729, 500771|3812, 500211|3953, 499714|4197, com.antutu.ABenchMark, 
413222|1, 413222|984, 412710|1064, 412594|1136, 412594|1214, 411973|1282, 411973|2136, 411572|2201, 411171|2267, 411171|3000, 411119|3075, 411067|3146, 411067|4024, com.google.android.deskclock, 
409521|1, 409461|4085, com.ebay.mobile, 
369948|1, 369948|1884, 369440|2033, 369440|2317, 369320|2404, 369260|2500, 368797|2583, 362754|2753, 362480|2893, 360930|3004, 360721|3110, 360532|3223, 359258|3350, 352806|3474, 352455|3564, 351981|3695, 350485|4042, com.booking, 
279033|1, 279033|2203, 278786|2282, 278539|2412, 278303|2489, 278081|2567, 278081|3280, 278001|3350, 278001|4012, com.whatsapp, 
277597|1, 277597|2455, 277421|2561, 277421|3425, 277341|3489, 277341|4049, com.whatsapp, 
275917|1, 275917|423, 275685|512, 275569|581, 275569|1480, 275074|1718, 275074|1829, 274626|1940, 274626|2068, 274564|2181, 274502|2269, 274502|2807, 273879|2900, 273827|2998, 273827|3159, 273261|3285, 273261|3396, 273201|3515, 272520|3636, 272520|4001, com.paypal.android.p2pmobile, 
226305|1, 221104|115, 219366|249, 214200|453, 214200|524, 214022|614, 214022|959, 212512|1043, 212166|1195, 211934|1302, 211854|1410, 211854|1529, 210142|1603, 210142|1668, 208664|1773, 208664|2129, 208546|2216, 208546|2334, 207571|2468, 205981|2551, 201791|2760, 169706|3183, 165609|3302, 161955|3435, 159862|3544, 149805|3658, 144898|3800, 134894|3896, 129487|3979, 124168|4081, com.cnn.mobile.android.phone, 
2088246|1, 2088246|61, 2087544|139, 2087544|294, 2086372|391, 2086372|505, 2086300|590, 2086300|4001, com.facebook.katana, 
2074435|1, 2074435|1572, 2074375|1681, 2074375|2597, 2074315|2726, 2074315|3710, 2073072|3790, 2068965|3863, 2066351|3927, 2066291|3999, 2062339|4064, com.csst.ecdict, 
1967373|1, 1967373|280, 1967269|364, 1967269|2162, 1966054|2289, 1964853|2419, 1964669|2549, 1964669|3296, 1962976|3470, 1962090|3609, 1960837|3759, 1960156|3883, 1959282|3953, 1959282|4019, com.paypal.android.p2pmobile, 
1909752|1, 1909418|150, 1907928|318, 1905807|389, 1905190|490, 1903712|574, 1903712|662, 1903632|769, 1903632|1045, 1903572|1175, 1903572|1578, 1903380|1729, 1903145|2001, 1899062|2108, 1889836|2257, 1884398|2380, 1880184|2499, 1879137|2637, 1879137|2746, 1879077|2931, 1873974|3121, 1871792|3245, 1854775|3426, 1851585|3582, 1847585|3709, 1847525|3835, 1842422|3946, 1830590|4080, com.antutu.ABenchMark, 
1676950|1, 1676950|1855, 1676892|1932, 1676832|2007, 1676832|2268, 1676772|2354, 1674476|2522, 1670222|2633, 1664815|2752, 1655031|2898, 1643408|3013, 1636310|3133, 1636310|3409, 1632785|3609, 1632725|3710, 1632725|3782, 1631322|3930, 1630623|4014, com.cnn.mobile.android.phone, 
1494989|1, 1494989|1012, 1494909|1084, 1494909|1461, 1494849|1531, 1494789|1604, 1494789|1726, 1494088|1826, 1494028|1898, 1482176|2097, 1476127|2212, 1465684|2371, 1447964|2455, 1447564|2562, 1441407|2710, 1439446|2809, 1439446|2877, 1437048|2973, 1433170|3118, 1416124|3333, 1412597|3514, 1407642|3621, 1406024|3707, 1400457|3831, 1395122|3949, 1391906|4038, com.cnn.mobile.android.phone, 
1325415|1, 1325415|903, 1325280|1010, 1325280|1947, 1324321|2078, 1324321|2972, 1324051|3035, 1324051|4388, com.facebook.katana, 
1322789|1, 1322789|3714, 1318848|3803, 1317701|3860, 1315017|3933, 1314957|4009, com.csst.ecdict, 
1218874|1, 1218874|1862, 1218794|1985, 1218794|2317, 1218658|2391, 1218658|2803, 1218578|2930, 1218578|4025, com.booking, 
1135289|1, 1135289|2283, 1135209|2613, 1135209|3300, 1135089|3455, 1131698|3739, 1131561|3936, 1131207|4013, com.booking, 
1048455|1, 1048455|647, 1047973|804, 1047973|943, 1047482|1176, 1046966|1240, 1046727|1320, 1046727|1383, 1046583|1456, 1046583|2104, 1046523|2268, 1046397|4064, com.ebay.mobile, 
1002340|1, 1002340|954, 1002280|1065, 1002200|1124, 1002200|1689, 1002140|2132, 1002140|3011, 1002080|3470, 1002080|3784, 1002019|3986, 1001959|4080, com.dropbox.android, 
983435|1, 983435|346, 982844|447, 982844|502, 982664|558, 982612|620, 982612|1254, 981408|1839, 981408|2270, 981292|2490, 981164|2844, 981164|3281, 980076|3513, 980076|3646, 979996|3784, 969130|3976, 966992|4151, com.dropbox.android, 
964509|1, 964509|2189, 964429|2483, 964429|2965, 964249|3248, 954386|3564, 953267|3798, 949556|3984, 948658|4166, com.booking, 
896272|1, 896272|433, 895360|586, 895308|704, 895308|1334, 893986|1422, 893986|2331, 893820|2541, 891095|3030, 890652|3340, 890652|3574, 890426|3871, 890346|4024, com.paypal.android.p2pmobile, 
835360|1, 835360|141, 835248|249, 835013|335, 835013|1198, 833621|1345, 833621|1441, 833538|1527, 833418|1626, 833072|1773, 830801|2001, 826283|2611, 825854|3372, 825173|3652, 825173|4095, com.dropbox.android, 
745056|1, 745056|292, 744613|356, 744613|982, 743283|1128, 743283|2546, 740867|2895, 739635|3295, 738107|3620, 738107|4056, com.paypal.android.p2pmobile, 
690246|1, 690246|555, 688802|670, 687246|776, 686645|916, 686645|1155, 685121|1288, 678280|1477, 678280|1879, 678220|2424, 678220|3443, 678140|3883, 678140|4092, com.dropbox.android, 
625249|1, 625249|1533, 624884|1607, 624884|3462, 624131|3907, 624131|4178, com.csst.ecdict, 
493836|1, 493836|1344, 493756|1652, 493756|3368, 493696|3719, 493696|4145, com.csst.ecdict, 
