280902583|1, 280902583|3534, 280902887|3609, 280909146|3732, 280911776|3820, 280911776|4032, com.csst.ecdict, 
280998052|1, 280998052|4007, com.google.android.apps.photos, 
280998052|1, 280998052|2792, 280998442|2941, 280998442|3092, 281000262|3226, 281000262|3308, 281000550|3388, 281001366|3462, 281002586|3536, 281002586|3646, 281003090|3713, 281004910|3797, 281004910|3909, 281005270|3964, 281005414|4024, com.instagram.android, 
281005414|1, 281005414|2312, 281005830|2398, 281012746|2623, 281014570|2766, 281014954|3062, 281024127|3356, 281024127|3633, 281024545|3723, 281024545|3832, 281024878|3912, 281024930|4054, com.Slack, 
281032657|1, 281032657|895, 281032729|1020, 281032729|2348, 281033055|2447, 281041407|2563, 281048249|2691, 281048982|2789, 281048982|3069, 281049160|3210, 281049348|3318, 281053969|3482, 281068396|3622, 281070158|3714, 281070278|3780, 281078532|3890, 281078612|3961, 281079019|4072, com.antutu.ABenchMark, 
281154189|1, 281154189|905, 281154257|1015, 281154257|4053, com.facebook.katana, 
281154779|1, 281154779|3728, 281155475|3857, 281155475|4040, com.sometimeswefly.littlealchemy, 
281157190|1, 281157190|2800, 281157242|3093, 281157443|3338, 281157443|3499, 281162941|3796, 281162941|4053, com.ted.android, 
281182395|1, 281182395|4123, com.github.shadowsocks, 
281239027|1, 281239027|3102, 281239223|3237, 281239459|3327, 281247026|3420, 281247026|3490, 281247641|3562, 281247641|4024, com.skype.raider, 
281248896|1, 281248896|4030, com.booking, 
281323096|1, 281323096|4033, com.github.shadowsocks, 
281382172|1, 281382172|2492, 281382252|2605, 281387750|2807, 281387750|3060, 281388153|3239, 281388153|3583, 281394812|3721, 281394812|4095, com.ted.android, 
281407313|1, 281407313|644, 281407697|776, 281407901|956, 281407901|1684, 281408080|1856, 281408080|2639, 281408336|2789, 281408412|3006, 281408568|3123, 281416215|3289, 281416215|4129, com.skype.raider, 
281418771|1, 281418771|4108, com.ebay.mobile, 
281442810|1, 281442810|219, 281442954|307, 281442954|4020, com.csst.ecdict, 
281546728|1, 281546728|2583, 281546870|2660, 281546870|2735, 281555264|2850, 281556198|3006, 281556288|3174, 281559940|3356, 281560000|3498, 281565703|3646, 281565703|3809, 281566160|3917, 281566160|4008, com.Slack, 
281572369|1, 281572369|3161, 281573349|3319, 281573789|3482, 281576819|3606, 281576879|3706, 281585658|3857, 281586993|4094, com.android.chrome, 
281594120|1, 281594120|2429, 281594575|2653, 281594575|3615, 281595201|3753, 281599596|3952, 281600198|4071, com.paypal.android.p2pmobile, 
281625739|1, 281625739|155, 281625859|270, 281630794|371, 281635625|466, 281635625|2493, 281636349|2590, 281636453|2772, 281640736|2862, 281645381|2997, 281645468|3111, 281647233|3220, 281650085|3368, 281654277|3521, 281654432|4010, com.github.shadowsocks, 
281739384|1, 281739384|120, 281739436|204, 281739436|279, 281739775|363, 281739775|480, 281739827|537, 281739827|2579, 281740166|2671, 281740166|2788, 281744702|2867, 281747865|2948, 281748195|3011, 281748480|3089, 281748480|4050, com.skype.raider, 
281757262|1, 281757262|2701, 281757314|2775, 281757314|3415, 281758614|3512, 281758874|3575, 281758874|3647, 281759234|3720, 281759346|3790, 281759346|4031, com.instagram.android, 
281764681|1, 281764681|3764, 281764785|3834, 281764785|3908, 281768146|4000, 281771397|4056, com.csst.ecdict, 
281861791|1, 281861791|1566, 281861978|1767, 281861978|2073, 281862129|2195, 281862729|2397, 281866518|2487, 281866518|3177, 281866872|3397, 281867188|3518, 281868614|3660, 281868614|4039, com.paypal.android.p2pmobile, 
281898270|1, 281898270|605, 281899696|701, 281900335|804, 281900387|969, 281900387|1198, 281901813|1285, 281901813|1353, 281904665|1414, 281904665|1488, 281905218|1559, 281905218|2230, 281906644|2332, 281906644|2750, 281908484|2837, 281908898|2945, 281909208|3013, 281909208|3115, 281911038|3273, 281912078|3366, 281912678|3432, 281912858|3513, 281914572|3587, 281914788|3658, 281919200|3727, 281923478|3794, 281924904|3856, 281925192|3913, 281932466|3972, 281932466|4026, com.instagram.android, 
281958779|1, 281958779|2341, 281959173|2479, 281967447|2593, 281967447|2723, 281968561|2912, 281973936|3073, 281975182|3160, 281976020|3245, 281976110|3340, 281977864|3502, 281978249|4473, com.Slack, 
281993459|1, 281993459|4018, com.tripadvisor.tripadvisor, 
282001414|1, 282001414|873, 282001486|962, 282001486|4041, com.google.android.apps.photos, 
282001652|1, 282001652|1879, 282001787|2045, 282001787|4006, com.google.android.deskclock, 
282001994|1, 282001994|3374, 282002054|3456, 282002054|3559, 282007045|3645, 282007045|3775, 282009845|3841, 282010147|3925, 282013167|4024, com.ebay.mobile, 
282045626|1, 282045626|622, 282045690|700, 282045690|2606, 282046047|2690, 282046047|3741, 282046107|3902, 282046167|3987, 282050613|4088, com.ebay.mobile, 
282083295|1, 282083295|3177, 282083533|3368, 282083533|3617, 282083823|3727, 282083903|3795, 282089401|3873, 282089660|3932, 282092921|3994, 282092921|4063, com.ted.android, 
282112078|1, 282112078|2909, 282112286|2999, 282112286|4009, com.sometimeswefly.littlealchemy, 
282113697|1, 282113697|2734, 282113817|2838, 282120665|2954, 282122264|3104, 282124420|3321, 282125846|3399, 282127235|3476, 282127235|3554, 282132352|3715, 282132352|4002, com.Slack, 
282141520|1, 282141520|3381, 282141580|3470, 282141580|4029, com.tripadvisor.tripadvisor, 
282150752|1, 282150752|4091, com.facebook.katana, 
282150990|1, 282150990|1327, 282151062|1385, 282151062|3093, 282151584|3231, 282151584|4017, com.whatsapp, 
282152262|1, 282152262|2019, 282152382|2137, 282160656|2285, 282161538|2385, 282161688|2537, 282164211|2666, 282170573|2833, 282170953|2941, 282170953|3023, 282171440|3102, 282171440|3653, 282171616|3739, 282171616|4008, com.Slack, 
282172211|1, 282172211|1874, 282172380|2009, 282172584|2107, 282172636|2199, 282172688|2318, 282172688|2432, 282173462|2598, 282173514|2676, 282174288|2829, 282174408|3014, 282174664|3132, 282176090|3318, 282177188|3457, 282177188|3527, 282178614|3599, 282178614|3771, 282180040|3832, 282181440|4024, com.paypal.android.p2pmobile, 
282194484|1, 282194544|100, 282194604|200, 282202443|341, 282202443|685, 282203869|823, 282203869|1077, 282204466|1236, 282204518|1328, 282204518|1728, 282210136|1954, 282210136|2149, 282215242|2375, 282220678|2485, 282220858|2688, 282220858|3674, 282220918|3789, 282222396|4058, com.paypal.android.p2pmobile, 
282283115|1, 282288008|85, 282288128|181, 282288128|278, 282297315|362, 282297315|1260, 282298655|1322, 282298655|3066, 282299314|3159, 282305071|3483, 282305135|3614, 282308910|3902, 282309280|4018, com.ted.android, 
282365802|1, 282365802|2974, 282366154|3130, 282366234|3206, 282373801|3297, 282373801|3369, 282374416|3444, 282374416|4059, com.skype.raider, 
282380935|1, 282380935|1137, 282381018|1255, 282381018|2200, 282381899|2270, 282381951|2361, 282382003|2480, 282382003|3233, 282382063|3292, 282382063|4048, com.tripadvisor.tripadvisor, 
282391489|1, 282391489|3773, 282391624|3873, 282391624|4059, at.DiTronic.androidgroup.randomgallery, 
282479895|1, 282479923|100, 282479923|2712, 282480058|2804, 282480058|4048, com.tripadvisor.tripadvisor, 
282487694|1, 282487694|2962, 282487754|3037, 282488355|4021, com.tripadvisor.tripadvisor, 
282499092|1, 282499092|2972, 282499482|3145, 282499482|3273, 282501302|3422, 282501302|3509, 282501806|3590, 282502926|3668, 282503106|3730, 282503106|3789, 282503250|3854, 282503466|3923, 282503466|4043, com.instagram.android, 
282506635|1, 282506635|2074, 282506776|2163, 282506920|2260, 282515828|2365, 282518130|2447, 282518130|2751, 282527554|3458, 282529385|3573, 282538318|3675, 282543302|3752, 282543787|3837, 282547830|3961, 282552447|4103, com.antutu.ABenchMark, 
282638663|1, 282638663|3705, 282638772|3792, 282638852|3934, 282644656|4077, com.ted.android, 
282665546|1, 282665546|2916, 282665754|3027, 282665754|4027, com.sometimeswefly.littlealchemy, 
282667189|1, 282667189|2735, 282667322|2874, 282667443|3019, 282667752|3132, 282672449|3276, 282684750|3421, 282695501|3520, 282695831|3591, 282695831|3670, 282696654|3763, 282696654|4031, com.cnn.mobile.android.phone, 
282798123|1, 282798123|399, 282798453|465, 282798453|575, 282799277|644, 282799277|871, 282799349|937, 282799349|4056, com.tripadvisor.tripadvisor, 
282812104|1, 282812104|2610, 282813584|2888, 282813584|2987, 282821270|3118, 282831836|3289, 282832705|3390, 282833344|3483, 282833396|3576, 282833396|4058, com.android.chrome, 
282833583|1, 282833583|4051, com.sometimeswefly.littlealchemy, 
282839473|1, 282839473|2997, 282839673|3085, 282839997|3178, 282839997|3269, 282840217|3410, 282845156|3555, 282845156|3886, 282845216|3978, 282845216|4055, com.ebay.mobile, 
282866490|1, 282866490|697, 282866594|755, 282869280|848, 282869320|958, 282869320|3073, 282870648|3446, 282870812|3559, 282880889|3977, 282887327|4070, com.android.chrome, 
282887864|1, 282887864|4004, com.google.android.deskclock, 
282887892|1, 282887892|4013, com.facebook.katana, 
282888048|1, 282888048|1952, 282888524|2185, 282892609|2289, 282892609|2400, 282892954|2564, 282893248|2734, 282896728|2859, 282896728|3096, 282897038|3258, 282897211|3406, 282897263|3506, 282898779|3660, 282904558|3953, 282907758|4203, com.Slack, 
282924462|1, 282924462|1045, 282925026|1148, 282925026|4033, com.github.shadowsocks, 
282988927|1, 282988927|2724, 282989048|2812, 282994626|2947, 282994626|3129, 282994885|3321, 282994978|3435, 282994978|4033, com.ted.android, 
283007260|1, 283007260|2591, 283007466|2722, 283007466|3645, 283008072|3857, 283008192|3984, 283008500|4094, com.paypal.android.p2pmobile, 
283040903|1, 283040903|293, 283047136|391, 283047136|1341, 283047196|1418, 283047196|1545, 283052079|1611, 283052079|2407, 283052182|2549, 283052182|3231, 283052538|3377, 283052598|3466, 283052598|4156, com.github.shadowsocks, 
283153502|1, 283153502|748, 283153893|865, 283153945|1054, 283154284|1155, 283154284|4011, com.google.android.apps.photos, 
283154356|1, 283154528|4002, com.csst.ecdict, 
283252383|1, 283252383|2997, 283252815|3078, 283260382|3154, 283260382|3300, 283260712|3373, 283261132|3445, 283261132|4041, com.skype.raider, 
283262522|1, 283262522|3199, 283262634|3289, 283262634|4059, com.Slack, 
283268873|1, 283268873|771, 283269008|882, 283269008|3293, 283269481|3426, 283270341|3586, 283271041|3674, 283271041|3738, 283271329|3809, 283271473|3869, 283271473|4005, com.instagram.android, 
283276505|1, 283276505|2929, 283278325|3028, 283278325|3189, 283278909|3256, 283280649|3325, 283280649|3440, 283280937|3506, 283282473|3566, 283282713|3634, 283282713|3746, 283283274|3809, 283283274|3871, 283283378|3925, 283283378|4042, com.instagram.android, 
283283952|1, 283283952|4050, com.google.android.apps.photos, 
283283980|1, 283283980|3026, 283284260|3136, 283284260|4047, com.sometimeswefly.littlealchemy, 
283289271|1, 283289271|2964, 283294714|3092, 283294714|3498, 283300149|3581, 283300149|3643, 283301153|3736, 283301777|3818, 283301777|4038, com.Slack, 
283302962|1, 283302962|2593, 283308345|2698, 283308345|3070, 283308673|3149, 283308725|3245, 283308725|3502, 283309058|3564, 283309058|4005, com.Slack, 
283309110|1, 283309110|4079, at.DiTronic.androidgroup.randomgallery, 
283387363|1, 283387363|510, 283387467|610, 283387467|2366, 283387539|2465, 283387539|4033, com.google.android.apps.photos, 
283387539|1, 283387539|4003, com.google.android.deskclock, 
283387858|1, 283387858|4048, com.ebay.mobile, 
283402426|1, 283402426|4009, com.google.android.apps.photos, 
283402426|1, 283402426|4024, com.google.android.apps.photos, 
283402600|1, 283402600|2714, 283402796|2835, 283402796|2968, 283402876|3040, 283402876|3111, 283405906|3171, 283405906|3259, 283409017|3323, 283410443|3620, 283410443|3699, 283410773|3816, 283410773|3896, 283411058|3955, 283411058|4018, com.skype.raider, 
283412313|1, 283412712|4027, com.tripadvisor.tripadvisor, 
283422640|1, 283422640|4077, com.google.android.apps.photos, 
283422712|1, 283422712|2589, 283422854|2691, 283428357|2795, 283435398|2919, 283435398|3218, 283436637|3335, 283437467|3410, 283438011|3472, 283438803|3553, 283439136|3616, 283439136|3736, 283439844|3831, 283443981|3942, 283444154|4024, com.Slack, 
283444258|1, 283444258|2710, 283444610|2802, 283444610|2871, 283444690|2943, 283444690|3016, 283449146|3100, 283449146|3164, 283452257|3220, 283452257|3758, 283452587|3833, 283452587|3887, 283453358|3947, 283453358|4017, com.skype.raider, 
283454504|1, 283454504|2477, 283455048|2571, 283456048|2690, 283456314|2830, 283459401|2923, 283462139|3059, 283465173|3178, 283466795|3263, 283467320|3345, 283467320|3422, 283467690|3540, 283471244|3771, 283477481|3871, 283477541|3998, 283478967|4095, com.cnn.mobile.android.phone, 
283564087|1, 283564087|89, 283564208|175, 283564208|336, 283564288|427, 283564288|536, 283571451|724, 283571451|1086, 283571781|1193, 283572111|1294, 283573094|1385, 283573094|1925, 283573166|2028, 283573166|2911, 283573476|3071, 283579089|3276, 283579462|3466, 283579462|4044, com.ted.android, 
283600426|1, 283600426|1093, 283600478|1192, 283600478|4009, com.google.android.apps.photos, 
283600478|1, 283600478|1355, 283600550|1495, 283600550|2229, 283601122|2374, 283602030|2548, 283610647|2687, 283611142|2808, 283621618|2953, 283622487|3053, 283622487|3648, 283622573|3748, 283622573|3855, 283623120|3937, 283623120|4018, com.android.chrome, 
283630468|1, 283630468|4064, com.github.shadowsocks, 
283692545|1, 283692545|765, 283692622|937, 283692622|2692, 283692694|2783, 283692694|2841, 283692754|2906, 283692754|3277, 283693308|3349, 283693308|3416, 283693420|3478, 283693420|3558, 283694533|3617, 283694533|3747, 283695959|3828, 283695959|4058, com.tripadvisor.tripadvisor, 
283702557|1, 283702557|2868, 283702597|2941, 283702597|4187, com.facebook.katana, 
283702597|1, 283702669|75, 283702669|3171, 283702843|3446, 283704221|3688, 283712836|3912, 283713743|4013, com.android.chrome, 
283722479|1, 283722479|3787, 283722551|3888, 283722551|4002, com.facebook.katana, 
283723699|1, 283723699|2470, 283724092|2574, 283724092|4009, com.google.android.apps.photos, 
283724092|1, 283724092|2064, 283724314|2143, 283732770|2251, 283736046|2374, 283739612|2463, 283740345|2606, 283740345|2798, 283745332|2975, 283745332|3089, 283761040|3249, 283761565|3340, 283765476|3453, 283765608|3537, 283770726|3694, 283790863|3879, 283791945|4061, com.antutu.ABenchMark, 
283852564|1, 283852564|4094, com.github.shadowsocks, 
283908878|1, 283908878|3407, 283909252|3513, 283909412|3664, 283909532|3812, 283913888|3987, 283913888|4126, com.ebay.mobile, 
283937899|1, 283937899|635, 283937967|747, 283937967|4063, at.DiTronic.androidgroup.randomgallery, 
284023712|1, 284023712|2933, 284023934|3033, 284024234|3151, 284024234|4025, com.whatsapp, 
284024306|1, 284024306|3361, 284024480|3615, 284026181|3869, 284030467|4033, com.android.chrome, 
284043069|1, 284043069|2700, 284043258|2838, 284048756|2959, 284048756|3303, 284049075|3442, 284052264|3652, 284055499|3771, 284055499|3845, 284056320|3917, 284056320|4045, com.ted.android, 
284074527|1, 284074527|984, 284074587|1059, 284074587|2326, 284074647|2379, 284074647|2501, 284078378|2603, 284078970|2744, 284079282|2831, 284088763|3011, 284093299|3111, 284098409|3198, 284100515|3267, 284111480|3363, 284113072|3652, 284113072|3741, 284113899|3902, 284114002|4086, com.cnn.mobile.android.phone, 
284202301|1, 284202373|64, 284202373|166, 284202799|217, 284202799|2778, 284202890|2896, 284202890|3055, 284204190|3229, 284204710|3309, 284206962|3629, 284206962|3716, 284207466|3806, 284207726|3867, 284208506|3925, 284209286|3989, 284209286|4052, com.instagram.android, 
284209790|1, 284209790|4072, com.github.shadowsocks, 
284266102|1, 284266102|2379, 284266345|2551, 284266345|4010, com.whatsapp, 
284269297|1, 284269297|2856, 284269505|2944, 284269505|4035, com.sometimeswefly.littlealchemy, 
284274505|1, 284274505|2128, 284274609|2221, 284282961|2328, 284286289|2430, 284290101|2528, 284290536|2655, 284290536|3029, 284300367|3157, 284304577|3297, 284310851|3411, 284310851|3495, 284319050|3628, 284321961|3727, 284321961|3791, 284330277|3890, 284343192|4110, com.antutu.ABenchMark, 
284405708|1, 284405708|4053, com.sometimeswefly.littlealchemy, 
284411512|1, 284411512|451, 284411564|513, 284411564|2168, 284411786|2258, 284411786|4046, com.whatsapp, 
284411786|1, 284411786|2180, 284411858|2361, 284411858|4048, com.sometimeswefly.littlealchemy, 
284417606|1, 284417606|2923, 284417958|3001, 284422494|3077, 284425605|3140, 284425605|3204, 284426220|3283, 284426220|4002, com.skype.raider, 
284427435|1, 284427435|4067, com.booking, 
284491815|1, 284491815|3025, 284492301|3163, 284492373|3252, 284492657|3335, 284492817|3413, 284502229|3521, 284503281|3642, 284503425|3754, 284503918|3878, 284504419|3963, 284504419|4070, com.dropbox.android, 
284506248|1, 284506248|4032, com.ebay.mobile, 
284521217|1, 284521217|1197, 284521448|1285, 284521448|2196, 284522419|2293, 284522494|2508, 284522494|2967, 284522702|3068, 284522702|4090, com.sometimeswefly.littlealchemy, 
284524130|1, 284524130|4035, at.DiTronic.androidgroup.randomgallery, 
284608066|1, 284608066|2612, 284609651|2798, 284612830|2951, 284614828|3068, 284616757|3205, 284627226|3369, 284638271|3489, 284639338|3590, 284642784|3821, 284647704|3995, 284651337|4121, com.cnn.mobile.android.phone, 
284733481|1, 284733811|101, 284733811|168, 284734633|235, 284734633|905, 284734705|1033, 284734789|1151, 284734789|2058, 284734925|2165, 284735049|2263, 284735049|2387, 284735474|2532, 284735474|4086, com.github.shadowsocks, 
284792666|1, 284792666|4070, com.github.shadowsocks, 
284850707|1, 284850707|4036, at.DiTronic.androidgroup.randomgallery, 
285064996|1, 285064996|457, 285065054|526, 285065054|1992, 285065114|2057, 285065226|2187, 285069082|2327, 285070082|2421, 285079193|2635, 285084214|2750, 285086673|2827, 285097336|2946, 285104587|3080, 285105656|3171, 285112121|3264, 285112536|3426, 285114033|3606, 285115751|3715, 285115811|3848, 285123381|3929, 285125222|4060, com.cnn.mobile.android.phone, 
285180161|1, 285180161|70, 285180301|134, 285180301|239, 285180385|299, 285180385|1996, 285180630|2080, 285189280|2187, 285195744|2325, 285196179|2467, 285196179|2628, 285196271|2736, 285200852|2873, 285216600|3091, 285220881|3241, 285225183|3334, 285226289|3473, 285244044|3622, 285245958|3930, 285247040|4094, com.antutu.ABenchMark, 
285306592|1, 285306592|3294, 285306902|3398, 285312400|3517, 285312400|3646, 285312587|3769, 285312804|3901, 285312804|4099, com.ted.android, 
285334616|1, 285334616|449, 285334680|504, 285334680|4067, com.facebook.katana, 
285334748|1, 285334748|4015, at.DiTronic.androidgroup.randomgallery, 
285415077|1, 285415077|3120, 285415467|3237, 285415467|3389, 285416767|3515, 285417027|3596, 285417243|3679, 285417387|3788, 285417387|4019, com.instagram.android, 
285424790|1, 285424790|2605, 285424870|2719, 285430368|2850, 285430368|3065, 285430687|3260, 285438911|4097, com.ted.android, 
285451659|1, 285451659|1665, 285451803|1794, 285460711|1942, 285463013|2030, 285466957|2175, 285467690|2294, 285472363|2405, 285473218|2594, 285487257|2757, 285488478|2859, 285496734|3149, 285506717|3335, 285507589|3493, 285517056|3649, 285517597|3774, 285517597|3872, 285518138|3965, 285519312|4052, com.antutu.ABenchMark, 
285583015|1, 285583015|2403, 285583132|2532, 285583432|2620, 285583432|4034, com.whatsapp, 
285583500|1, 285583500|2746, 285583696|2831, 285583696|2901, 285583776|2963, 285583776|3036, 285585380|3103, 285585380|3229, 285585639|3296, 285587065|3361, 285587065|3418, 285589917|3484, 285589917|4009, com.skype.raider, 
285593437|1, 285593437|4052, at.DiTronic.androidgroup.randomgallery, 
285673611|1, 285673611|1755, 285674136|1810, 285674136|1912, 285674256|2024, 285675196|2158, 285679150|2294, 285702759|2460, 285706084|2537, 285717363|2604, 285719440|2819, 285721226|2922, 285721226|3108, 285722803|3194, 285723902|3411, 285725299|3533, 285732820|3651, 285736810|3761, 285739714|3838, 285740069|3916, 285740069|4003, com.cnn.mobile.android.phone, 
285787833|1, 285787833|85, 285788163|145, 285788163|230, 285788986|303, 285788986|1052, 285789058|1161, 285789058|3499, 285789284|3587, 285789828|3687, 285797690|3774, 285800414|3883, 285800668|4018, com.dropbox.android, 
285801733|1, 285801733|4062, at.DiTronic.androidgroup.randomgallery, 
285881815|1, 285881815|4018, com.tripadvisor.tripadvisor, 
285883430|1, 285883430|2042, 285883636|2135, 285883636|3387, 285884022|3552, 285884022|3738, 285884082|3877, 285884082|4021, com.paypal.android.p2pmobile, 
285913801|1, 285913801|137, 285913861|221, 285913861|289, 285913981|397, 285920214|495, 285925149|604, 285925149|880, 285926575|957, 285926575|1975, 285926678|2065, 285926678|2153, 285928104|2243, 285930379|2354, 285930379|2942, 285930932|3264, 285930984|3340, 285931398|3450, 285931398|3507, 285931450|3566, 285950932|3627, 285950932|3684, 285960189|3739, 285963093|3803, 285963093|3864, 285967371|3923, 285968797|4042, com.facebook.katana, 
285978757|1, 285978757|2349, 285979017|2481, 285979089|2566, 285979089|3250, 285979249|3358, 285988661|3467, 285989785|3565, 285989857|3651, 285989857|3724, 285990852|3806, 285990852|4031, com.dropbox.android, 
285997587|1, 285997587|1440, 285997639|1567, 285997639|2749, 285997971|2854, 285997971|3391, 285998131|3502, 286007543|3646, 286008667|3756, 286008739|3844, 286009733|4008, com.dropbox.android, 
286009805|1, 286009805|3599, 286009857|3761, 286010196|3851, 286010196|4012, at.DiTronic.androidgroup.randomgallery, 
286095431|1, 286095431|660, 286095499|723, 286095499|2034, 286095582|2137, 286095686|2257, 286096025|2456, 286096025|2642, 286096233|2744, 286096233|3316, 286096293|3401, 286096293|4089, com.sometimeswefly.littlealchemy, 
286102618|1, 286102618|2695, 286102970|2787, 286102970|3759, 286103053|3827, 286103053|3896, 286103133|3996, 286103133|4065, com.skype.raider, 
286112801|1, 286112801|813, 286112930|888, 286112930|2136, 286113152|2237, 286113152|2354, 286113326|2437, 286113326|4008, com.whatsapp, 
286113326|1, 286113326|4004, com.whatsapp, 
286113481|1, 286113481|3055, 286113541|3119, 286113541|4039, com.tripadvisor.tripadvisor, 
286119839|1, 286119839|2389, 286119991|2501, 286119991|4080, com.booking, 
286197814|1, 286197814|4016, com.google.android.deskclock, 
286197814|1, 286197814|2431, 286197874|2503, 286197934|2641, 286200731|2772, 286200731|2911, 286203891|3034, 286208352|3144, 286208654|3243, 286209128|3335, 286209180|3450, 286215638|4091, com.booking, 
286248534|1, 286248534|551, 286248842|616, 286248842|1543, 286249406|1735, 286249406|4006, com.google.android.deskclock, 
286249406|1, 286249406|2701, 286249738|2817, 286249738|2891, 286250022|2980, 286259594|3082, 286260536|3183, 286260790|3310, 286261283|3465, 286261785|3584, 286261785|4054, com.dropbox.android, 
286262571|1, 286262571|716, 286263007|820, 286263007|1897, 286271766|2091, 286276306|2200, 286279341|2316, 286279341|2599, 286279655|2700, 286279655|2806, 286284432|2960, 286284432|3065, 286300770|3270, 286301636|3402, 286310022|3539, 286312525|3696, 286319409|3845, 286322947|3968, 286322947|4121, com.antutu.ABenchMark, 
286392438|1, 286392438|2205, 286392555|2305, 286392555|2427, 286392681|2515, 286392681|4028, com.whatsapp, 
286392681|1, 286392681|4043, com.google.android.deskclock, 
286393186|1, 286393186|4022, com.facebook.katana, 
286393346|1, 286393346|3163, 286393736|3308, 286393736|3431, 286394256|3522, 286395656|3830, 286395656|4016, com.instagram.android, 
286400636|1, 286400636|3522, 286400810|3721, 286401947|4167, com.android.chrome, 
286423794|1, 286423794|4028, com.google.android.deskclock, 
286424113|1, 286424113|3405, 286424313|3483, 286424487|3577, 286424487|3661, 286424857|3810, 286429856|3942, 286429856|4049, com.ebay.mobile, 
286457933|1, 286457933|193, 286458015|257, 286458015|4007, com.google.android.deskclock, 
286458015|1, 286458015|291, 286458171|362, 286458171|2560, 286458291|2644, 286458351|2747, 286463944|2921, 286465316|3045, 286465678|3141, 286465678|3256, 286467287|3404, 286469131|3554, 286469131|3659, 286471483|3788, 286471957|3935, 286472316|4062, com.booking, 
286507451|1, 286507451|3368, 286507755|3493, 286510859|3607, 286513512|4028, com.csst.ecdict, 
286604740|1, 286604740|3181, 286604914|3326, 286605660|3518, 286606292|3708, 286606675|3836, 286610797|3939, 286612961|4067, com.android.chrome, 
286623431|1, 286623431|635, 286623815|716, 286623959|804, 286624035|885, 286624035|1468, 286624087|1656, 286624291|1785, 286624291|3076, 286624517|3268, 286625835|3528, 286625895|3681, 286634667|3891, 286638790|3989, 286639465|4091, com.android.chrome, 
286643921|1, 286643921|3883, 286644326|3961, 286644326|4077, at.DiTronic.androidgroup.randomgallery, 
286723791|1, 286723791|2981, 286724187|3118, 286724187|3259, 286725487|3367, 286726007|3495, 286726367|3575, 286726367|3643, 286726511|3702, 286728071|3771, 286728071|3881, 286728359|3948, 286728503|4007, com.instagram.android, 
286734840|1, 286734840|2840, 286735014|3036, 286736392|3376, 286736775|3491, 286741003|3619, 286741754|3732, 286741885|3822, 286742289|4050, com.android.chrome, 
286748536|1, 286748536|3651, 286751784|3775, 286752691|3849, 286754245|3914, 286754750|4076, com.csst.ecdict, 
286841057|1, 286841057|1816, 286841198|1962, 286841302|2058, 286853598|2197, 286857229|2311, 286857229|2621, 286860173|2793, 286862838|2964, 286877610|3123, 286878175|3206, 286882091|3377, 286882143|3559, 286895637|3788, 286897010|3925, 286900848|4147, com.antutu.ABenchMark, 
286972576|1, 286972576|2785, 286973134|2904, 286973134|3015, 286973862|3112, 286983274|3211, 286984216|3311, 286984470|3480, 286984470|3597, 286985464|3705, 286985464|4031, com.dropbox.android, 
286985536|1, 286985536|4018, com.google.android.deskclock, 
286985536|1, 286985536|1723, 286985688|1873, 286985688|2464, 286985910|2551, 286985970|2712, 286988767|2837, 286988767|3163, 286989069|3249, 286989069|3363, 286989121|3441, 286997093|4081, com.booking, 
287039847|1, 287039847|1968, 287040268|2047, 287040268|2124, 287040328|2187, 287040328|2303, 287044619|2418, 287046599|2551, 287047539|2636, 287048108|2787, 287053860|2910, 287062584|3020, 287069004|3095, 287074809|3185, 287076456|3297, 287095685|3453, 287096909|3552, 287096909|3639, 287097072|3707, 287107778|4058, com.cnn.mobile.android.phone, 
287176697|1, 287176697|900, 287176749|961, 287176749|1697, 287177055|1892, 287185511|2026, 287192301|2127, 287199973|2262, 287199973|2454, 287204976|2622, 287221507|2887, 287226198|3047, 287230620|3288, 287247368|3462, 287248812|3575, 287249733|3658, 287249949|3727, 287259336|3818, 287259792|3918, 287259864|4175, com.antutu.ABenchMark, 
287320662|1, 287320662|992, 287320942|1072, 287320942|1147, 287320994|1227, 287321459|1300, 287321459|2152, 287321796|2217, 287322133|2280, 287322133|3087, 287322185|3160, 287322185|4041, com.google.android.deskclock, 
287323243|1, 287323243|4089, com.ebay.mobile, 
287350106|1, 287350106|1895, 287350406|2015, 287350406|2494, 287350466|2582, 287356122|2723, 287356122|2874, 287356424|3000, 287356476|3114, 287356528|3231, 287356830|3337, 287356882|3475, 287362986|3574, 287363408|3703, 287364780|4038, com.booking, 
287410768|1, 287410768|2281, 287410990|2396, 287411164|2495, 287411164|2570, 287411290|2656, 287411290|4022, com.whatsapp, 
287411470|1, 287411470|4020, com.whatsapp, 
287412134|1, 287412134|486, 287412314|586, 287412314|1438, 287412569|1685, 287412569|1825, 287412775|1926, 287412775|2907, 287413214|3001, 287413214|3256, 287413600|3404, 287413600|3518, 287413660|3641, 287413660|4009, com.paypal.android.p2pmobile, 
287443363|1, 287448256|141, 287448316|265, 287454487|422, 287454487|991, 287454590|1071, 287454650|1210, 287454830|1332, 287454830|1624, 287456256|1701, 287457682|1769, 287457682|2372, 287458163|2496, 287458163|2575, 287462549|2742, 287486442|3206, 287491408|3329, 287491822|3438, 287492961|3569, 287496757|3670, 287504792|3827, 287515137|3927, 287520080|4005, com.cnn.mobile.android.phone, 
287633355|1, 287633355|150, 287633685|234, 287633685|310, 287634579|405, 287634579|524, 287634651|607, 287634651|4018, com.facebook.katana, 
287640987|1, 287640987|3720, 287641403|3783, 287644550|3867, 287646782|3932, 287646834|3998, 287647058|4071, com.csst.ecdict, 
287734016|1, 287734016|292, 287734068|378, 287734068|2431, 287734172|2559, 287734172|3308, 287734511|3435, 287734511|3574, 287735285|3767, 287735397|3877, 287736167|3973, 287736167|4037, com.paypal.android.p2pmobile, 
287768691|1, 287768731|166, 287770157|325, 287770736|408, 287772715|472, 287774141|590, 287774141|1672, 287774201|1995, 287774201|2098, 287786299|2272, 287786895|2364, 287794103|2513, 287794836|2599, 287794836|2900, 287799509|3134, 287799509|3228, 287814403|3431, 287815624|3567, 287819658|3728, 287819658|3812, 287819710|3935, 287834259|4083, com.antutu.ABenchMark, 
287948175|1, 287948175|2364, 287949175|2520, 287952681|2648, 287954374|2768, 287965275|2907, 287976260|3018, 287981550|3151, 287981550|3421, 287983555|3598, 287983742|3718, 287983742|3800, 287984073|3943, 287984145|4032, com.cnn.mobile.android.phone, 
288084309|1, 288084309|1737, 288084429|1827, 288084429|1902, 288094342|2058, 288094776|2211, 288107436|2343, 288113453|2456, 288124116|2561, 288129835|2703, 288130145|2812, 288130145|2881, 288131508|2965, 288132086|3110, 288141214|3313, 288149768|3507, 288153846|3625, 288154678|3712, 288155299|3803, 288163912|3949, 288165917|4035, com.cnn.mobile.android.phone, 
288209901|1, 288209901|908, 288209984|991, 288209984|1951, 288210903|2084, 288210903|2984, 288211069|3044, 288211069|4400, com.facebook.katana, 
288211204|1, 288211204|3727, 288211316|3806, 288214464|3874, 288216901|3946, 288216901|4012, com.csst.ecdict, 
288302616|1, 288302616|4032, com.booking, 
288357165|1, 288357165|3568, 288357225|3771, 288360021|4033, com.booking, 
288414967|1, 288414967|647, 288415385|794, 288415385|1110, 288415741|1259, 288415928|1334, 288415928|1403, 288416000|1460, 288416000|4062, com.ebay.mobile, 
288444704|1, 288444704|4036, com.dropbox.android, 
288458177|1, 288458177|360, 288458456|452, 288458456|573, 288458584|634, 288458584|1267, 288459148|1546, 288459200|2247, 288459200|2487, 288459328|2761, 288459328|3292, 288459527|3474, 288459779|3652, 288459779|3763, 288464717|3953, 288470403|4113, com.dropbox.android, 
288471687|1, 288471687|3206, 288480261|3489, 288480261|3765, 288481167|3951, 288481219|4115, com.booking, 
288513104|1, 288513104|603, 288513156|720, 288513156|1361, 288514362|1442, 288514362|2506, 288514678|2992, 288515121|3315, 288515121|4032, com.paypal.android.p2pmobile, 
288546318|1, 288546318|337, 288546378|413, 288546378|1278, 288547718|1416, 288547718|1710, 288547778|1842, 288549825|2062, 288549825|2341, 288554163|3284, 288554700|3667, 288554700|4053, com.dropbox.android, 
288616252|1, 288616252|361, 288616380|415, 288616432|483, 288616432|1036, 288616611|1189, 288616611|3242, 288617714|3634, 288617714|4047, com.paypal.android.p2pmobile, 
288647453|1, 288647453|581, 288648845|693, 288648845|796, 288650253|907, 288650790|1058, 288650790|1169, 288652130|1285, 288653530|1477, 288658413|1612, 288658413|4088, com.dropbox.android, 
288700090|1, 288700090|1571, 288700339|1641, 288700339|3459, 288700758|3860, 288700758|4136, com.csst.ecdict, 
288807813|1, 288807813|4093, com.csst.ecdict, 
