546676|1, 546676|972, 546678|1204, 546678|1529, 546679|1642, 546679|2505, 546680|2693, 546680|3453, 546685|3538, 546702|3649, 546708|3735, 546708|3863, 546709|3952, 546714|4012, com.csst.ecdict, 
546803|1, 546803|4002, com.google.android.apps.photos, 
546805|1, 546805|2168, 546807|2279, 546807|2641, 546809|2763, 546813|2910, 546822|3060, 546842|3196, 546847|3269, 546853|3353, 546863|3423, 546875|3499, 546875|3609, 546882|3677, 546896|3758, 546896|3868, 546903|3928, 546903|4037, com.instagram.android, 
546915|1, 546915|226, 546916|318, 546916|1784, 546918|1864, 546918|2262, 546924|2373, 546935|2607, 546942|2748, 546946|3049, 546956|3326, 546957|3400, 546957|3515, 546958|3583, 546960|3678, 546960|3780, 546962|3887, 546962|4025, com.Slack, 
547045|1, 547045|135, 547046|201, 547047|295, 547047|459, 547048|515, 547048|866, 547049|1000, 547049|2235, 547050|2325, 547057|2427, 547067|2542, 547077|2668, 547080|2780, 547080|3048, 547083|3196, 547089|3312, 547094|3450, 547114|3592, 547125|3683, 547129|3763, 547144|3860, 547150|4051, com.antutu.ABenchMark, 
547342|1, 547342|875, 547345|1002, 547345|1768, 547346|1856, 547346|4030, com.facebook.katana, 
547361|1, 547361|3281, 547362|3357, 547362|3485, 547363|3541, 547364|3612, 547365|3710, 547377|3829, 547378|3915, 547378|4024, com.sometimeswefly.littlealchemy, 
547401|1, 547401|1883, 547402|2086, 547402|2766, 547404|3020, 547407|3263, 547414|3475, 547415|3764, 547415|4008, com.ted.android, 
547469|1, 547469|4055, com.github.shadowsocks, 
547552|1, 547552|3063, 547554|3198, 547557|3291, 547564|3380, 547566|3446, 547566|3517, 547567|3588, 547567|4041, com.skype.raider, 
547583|1, 547583|2507, 547584|2625, 547584|3044, 547586|3128, 547586|3491, 547587|3582, 547587|4057, com.booking, 
547769|1, 547769|4016, com.github.shadowsocks, 
547835|1, 547835|1663, 547836|1773, 547836|2302, 547837|2463, 547839|2588, 547850|2790, 547850|2907, 547854|3023, 547854|3543, 547861|3718, 547862|3827, 547862|4069, com.ted.android, 
547904|1, 547904|618, 547911|769, 547913|943, 547913|1410, 547915|1702, 547916|1839, 547916|2629, 547920|2778, 547921|2980, 547923|3112, 547932|3274, 547934|4110, com.skype.raider, 
547960|1, 547960|570, 547961|737, 547961|1257, 547962|1372, 547962|1602, 547964|1704, 547964|1844, 547965|1915, 547965|4053, com.ebay.mobile, 
548041|1, 548041|4002, com.csst.ecdict, 
548176|1, 548176|2404, 548178|2496, 548180|2583, 548180|2647, 548190|2780, 548198|2926, 548200|3103, 548203|3282, 548209|3442, 548212|3560, 548212|3656, 548213|3728, 548215|3851, 548215|4054, com.Slack, 
548257|1, 548257|3022, 548263|3166, 548269|3311, 548274|3460, 548282|3572, 548282|3681, 548301|3868, 548313|4077, com.android.chrome, 
548370|1, 548370|2285, 548375|2455, 548378|2646, 548378|3371, 548379|3504, 548379|3592, 548392|3783, 548399|3940, 548405|4075, com.paypal.android.p2pmobile, 
548474|1, 548476|118, 548480|239, 548488|343, 548488|1031, 548489|1129, 548489|2056, 548490|2132, 548490|2268, 548493|2364, 548495|2460, 548496|2560, 548497|2734, 548500|2827, 548507|2968, 548509|3090, 548510|3203, 548513|3339, 548515|3553, 548516|3661, 548516|3829, 548518|3975, 548518|4065, com.github.shadowsocks, 
548624|1, 548625|96, 548625|250, 548627|336, 548627|820, 548628|940, 548628|2551, 548630|2657, 548631|2760, 548638|2843, 548641|2919, 548643|2984, 548644|3062, 548644|4021, com.skype.raider, 
548678|1, 548678|1655, 548679|1711, 548679|1807, 548680|1901, 548680|3084, 548685|3172, 548689|3273, 548698|3408, 548704|3493, 548706|3563, 548706|3628, 548712|3704, 548714|3768, 548714|4009, com.instagram.android, 
548785|1, 548785|3746, 548787|3818, 548787|3896, 548800|3983, 548806|4039, com.csst.ecdict, 
548904|1, 548904|1590, 548907|1775, 548907|1900, 548909|2056, 548913|2203, 548919|2382, 548922|2489, 548922|2638, 548923|2729, 548923|3077, 548926|3193, 548932|3386, 548936|3516, 548938|3650, 548939|3776, 548939|4017, com.paypal.android.p2pmobile, 
549017|1, 549017|514, 549019|584, 549020|690, 549023|797, 549023|1178, 549024|1265, 549024|1334, 549026|1395, 549026|1465, 549027|1540, 549028|1613, 549028|2221, 549029|2314, 549030|2380, 549032|2447, 549032|2650, 549034|2735, 549037|2833, 549037|2925, 549038|2995, 549044|3106, 549047|3257, 549062|3347, 549068|3412, 549075|3493, 549081|3571, 549086|3638, 549098|3710, 549102|3774, 549102|3832, 549112|3892, 549113|3950, 549113|4004, com.instagram.android, 
549176|1, 549176|2165, 549177|2232, 549178|2315, 549184|2454, 549190|2566, 549193|2706, 549203|2893, 549208|3058, 549210|3131, 549211|3216, 549213|3314, 549214|3485, 549217|4468, com.Slack, 
549320|1, 549320|149, 549321|224, 549322|314, 549322|435, 549323|491, 549323|1469, 549324|1609, 549324|2348, 549325|2424, 549325|2504, 549326|2603, 549327|4050, com.tripadvisor.tripadvisor, 
549358|1, 549358|661, 549359|756, 549359|4012, com.google.android.apps.photos, 
549364|1, 549365|89, 549365|1859, 549366|2027, 549367|2122, 549367|4027, com.google.android.deskclock, 
549371|1, 549371|3046, 549372|3181, 549373|3280, 549373|3352, 549375|3444, 549377|3540, 549383|3647, 549383|3758, 549387|3827, 549388|3925, 549392|4003, com.ebay.mobile, 
549498|1, 549498|2596, 549499|2678, 549499|3613, 549501|3744, 549503|3895, 549506|4000, 549511|4078, com.ebay.mobile, 
549614|1, 549614|1278, 549615|1343, 549615|1501, 549617|1656, 549617|1807, 549618|1904, 549619|1996, 549619|2752, 549621|2845, 549621|2947, 549623|3054, 549624|3169, 549625|3361, 549625|3600, 549631|3714, 549637|3780, 549640|3858, 549642|3918, 549646|3982, 549646|4048, com.ted.android, 
549706|1, 549706|2898, 549709|2992, 549709|3144, 549710|3222, 549711|3312, 549711|3454, 549712|3530, 549713|4002, com.sometimeswefly.littlealchemy, 
549732|1, 549732|768, 549733|866, 549733|1043, 549735|1136, 549735|1399, 549736|1463, 549736|2525, 549738|2627, 549738|2718, 549742|2831, 549749|2997, 549754|3115, 549764|3307, 549765|3386, 549768|3460, 549770|3587, 549773|3715, 549773|3903, 549774|3996, 549774|4067, com.Slack, 
549835|1, 549835|2343, 549836|2431, 549836|3359, 549838|3453, 549838|4007, com.tripadvisor.tripadvisor, 
549856|1, 549856|4065, com.facebook.katana, 
549873|1, 549873|637, 549874|786, 549874|1259, 549875|1314, 549875|2971, 549876|3094, 549881|3225, 549882|3348, 549882|3536, 549884|3671, 549884|3840, 549885|3914, 549885|4005, com.whatsapp, 
549898|1, 549898|1895, 549900|2008, 549904|2134, 549912|2286, 549918|2392, 549922|2548, 549928|2690, 549930|2825, 549930|2932, 549931|3010, 549933|3107, 549933|3636, 549936|3728, 549936|4074, com.Slack, 
549947|1, 549947|1209, 549948|1330, 549949|1517, 549949|1616, 549951|1724, 549953|1868, 549957|1996, 549959|2095, 549960|2183, 549962|2309, 549962|2423, 549965|2587, 549966|2663, 549971|2842, 549979|3015, 549980|3179, 549981|3352, 549982|3443, 549982|3511, 549983|3589, 549983|3697, 549984|3755, 549984|3868, 549985|3929, 549989|4008, com.paypal.android.p2pmobile, 
550046|1, 550046|81, 550049|205, 550056|323, 550056|682, 550057|809, 550057|897, 550060|1090, 550063|1223, 550063|1716, 550067|1964, 550072|2131, 550086|2370, 550087|2470, 550088|2671, 550088|3002, 550089|3111, 550090|3237, 550090|3435, 550091|3659, 550093|3796, 550094|3917, 550095|4049, com.paypal.android.p2pmobile, 
550199|1, 550204|75, 550208|188, 550208|262, 550215|349, 550215|1244, 550217|1309, 550217|1370, 550218|1443, 550219|1515, 550219|2011, 550220|2143, 550221|2259, 550221|3055, 550236|3338, 550238|3475, 550242|3662, 550246|3901, 550252|4045, com.ted.android, 
550356|1, 550356|142, 550357|218, 550359|306, 550359|384, 550361|451, 550361|678, 550362|788, 550362|1995, 550363|2054, 550363|2131, 550365|2271, 550365|2964, 550368|3115, 550374|3195, 550377|3281, 550379|3356, 550380|3431, 550380|4042, com.skype.raider, 
550423|1, 550423|179, 550425|240, 550425|502, 550426|586, 550426|1130, 550427|1251, 550427|2187, 550429|2265, 550432|2350, 550433|2472, 550433|3219, 550434|3283, 550436|3348, 550436|4037, com.tripadvisor.tripadvisor, 
550465|1, 550465|110, 550466|166, 550466|2225, 550467|2342, 550467|3779, 550470|3864, 550472|4051, at.DiTronic.androidgroup.randomgallery, 
550589|1, 550589|2699, 550591|2788, 550591|3678, 550592|3769, 550592|4029, com.tripadvisor.tripadvisor, 
550616|1, 550616|2360, 550617|2448, 550617|2951, 550619|3027, 550622|4010, com.tripadvisor.tripadvisor, 
550661|1, 550661|60, 550662|122, 550662|998, 550663|1072, 550663|1304, 550665|1368, 550665|1493, 550666|1555, 550667|1620, 550667|1780, 550669|1935, 550669|2011, 550670|2082, 550671|2171, 550671|2251, 550672|2320, 550673|2406, 550673|2588, 550674|2672, 550674|2964, 550683|3134, 550687|3263, 550709|3417, 550711|3498, 550722|3581, 550728|3652, 550728|3770, 550731|3839, 550733|3908, 550733|4025, com.instagram.android, 
550786|1, 550786|732, 550787|817, 550787|1176, 550788|1248, 550788|1396, 550790|1565, 550790|1694, 550791|1770, 550791|2046, 550793|2139, 550804|2237, 550808|2343, 550811|2436, 550812|2546, 550812|2724, 550833|3433, 550846|3550, 550858|3653, 550864|3732, 550872|3830, 550886|3939, 550900|4103, com.antutu.ABenchMark, 
551100|1, 551100|1210, 551101|1312, 551101|1891, 551102|2101, 551102|2703, 551105|3431, 551105|3694, 551108|3793, 551110|3975, 551116|4082, com.ted.android, 
551189|1, 551189|2903, 551192|3020, 551192|3184, 551193|3257, 551194|3342, 551194|3467, 551195|3540, 551196|4020, com.sometimeswefly.littlealchemy, 
551216|1, 551216|2263, 551217|2350, 551217|2720, 551219|2866, 551220|3018, 551225|3184, 551239|3277, 551242|3416, 551247|3507, 551248|3579, 551249|3658, 551252|3754, 551252|4022, com.cnn.mobile.android.phone, 
551492|1, 551492|334, 551494|399, 551494|512, 551495|571, 551497|648, 551498|735, 551498|805, 551499|863, 551500|929, 551500|1340, 551501|1576, 551503|1706, 551504|1935, 551504|2860, 551506|2948, 551506|3076, 551507|3144, 551508|3201, 551508|3321, 551509|3385, 551510|3449, 551510|3582, 551511|3646, 551512|3704, 551512|3826, 551514|3935, 551514|4057, com.tripadvisor.tripadvisor, 
551570|1, 551570|2474, 551573|2662, 551586|2886, 551591|2985, 551608|3134, 551630|3294, 551633|3382, 551636|3477, 551639|3568, 551641|3660, 551644|3756, 551645|3876, 551646|3969, 551649|4049, com.android.chrome, 
551685|1, 551685|3161, 551686|3232, 551686|3387, 551687|3463, 551688|3535, 551688|3673, 551689|3770, 551689|4048, com.sometimeswefly.littlealchemy, 
551719|1, 551719|639, 551720|757, 551720|2801, 551721|2897, 551722|2985, 551724|3092, 551725|3168, 551728|3278, 551729|3406, 551734|3549, 551734|3751, 551736|3885, 551737|3969, 551738|4048, com.ebay.mobile, 
551804|1, 551804|573, 551805|689, 551809|748, 551814|851, 551814|1727, 551815|1806, 551815|2970, 551818|3175, 551835|3447, 551839|3569, 551886|3978, 551888|4065, com.android.chrome, 
551941|1, 551941|4051, com.google.android.deskclock, 
551944|1, 551944|4055, com.facebook.katana, 
551947|1, 551947|756, 551948|934, 551948|1942, 551956|2182, 551959|2285, 551960|2407, 551965|2568, 551967|2730, 551969|2852, 551969|3019, 551970|3091, 551976|3253, 551977|3404, 551978|3508, 551981|3681, 551991|3971, 552048|4207, com.Slack, 
552108|1, 552108|1044, 552109|1146, 552109|1816, 552110|1946, 552110|3278, 552113|3455, 552113|4064, com.github.shadowsocks, 
552216|1, 552216|1000, 552217|1083, 552217|1758, 552218|1913, 552218|2706, 552220|2808, 552228|2935, 552230|3121, 552234|3319, 552235|3439, 552236|3597, 552236|4021, com.ted.android, 
552283|1, 552283|2589, 552286|2731, 552286|2845, 552288|2941, 552290|3097, 552290|3508, 552293|3688, 552296|3854, 552301|3981, 552303|4076, com.paypal.android.p2pmobile, 
552395|1, 552395|176, 552403|283, 552403|379, 552404|612, 552404|1137, 552405|1252, 552406|1325, 552409|1402, 552409|1470, 552413|1528, 552413|1653, 552414|1738, 552414|2256, 552415|2398, 552418|2540, 552418|3214, 552422|3365, 552423|3454, 552423|4154, com.github.shadowsocks, 
552539|1, 552539|736, 552541|870, 552543|1055, 552544|1149, 552544|2865, 552545|2962, 552545|4062, com.google.android.apps.photos, 
552569|1, 552569|2016, 552570|2147, 552578|4003, com.csst.ecdict, 
552703|1, 552703|182, 552704|245, 552704|1130, 552705|1217, 552705|2893, 552707|2977, 552710|3061, 552717|3139, 552717|3208, 552718|3279, 552720|3358, 552722|3427, 552722|4021, com.skype.raider, 
552740|1, 552740|2086, 552742|2200, 552742|2539, 552743|2649, 552744|2778, 552744|3178, 552748|3284, 552748|3548, 552749|3603, 552749|4042, com.Slack, 
552767|1, 552767|771, 552769|890, 552769|3163, 552772|3306, 552779|3416, 552794|3585, 552798|3661, 552798|3723, 552802|3797, 552804|3855, 552804|4043, com.instagram.android, 
552868|1, 552868|2599, 552875|2726, 552875|2827, 552882|2939, 552897|3021, 552903|3100, 552903|3178, 552914|3248, 552928|3315, 552931|3374, 552931|3428, 552938|3497, 552950|3556, 552950|3734, 552958|3800, 552958|4032, com.instagram.android, 
552978|1, 552978|1712, 552979|1868, 552979|2242, 552980|2311, 552980|2415, 552981|2527, 552982|2805, 552983|2874, 552983|4034, com.google.android.apps.photos, 
552988|1, 552988|1958, 552989|2113, 552989|2930, 552990|3026, 552993|3143, 552993|3289, 552994|3383, 552995|3478, 552995|3554, 552996|3630, 552996|4042, com.sometimeswefly.littlealchemy, 
553026|1, 553026|1709, 553027|1800, 553027|1903, 553030|2026, 553031|2166, 553032|2297, 553033|2395, 553034|2488, 553034|2964, 553044|3092, 553044|3295, 553045|3387, 553046|3487, 553052|3571, 553064|3632, 553102|3729, 553102|4033, com.Slack, 
553114|1, 553114|1951, 553115|2083, 553116|2202, 553116|2386, 553117|2500, 553120|2601, 553124|2703, 553125|2855, 553125|3063, 553128|3161, 553128|3362, 553129|3431, 553129|3494, 553130|3563, 553130|4056, com.Slack, 
553137|1, 553137|4061, at.DiTronic.androidgroup.randomgallery, 
553257|1, 553257|234, 553259|311, 553259|500, 553260|599, 553260|2237, 553261|2375, 553262|4019, com.google.android.apps.photos, 
553266|1, 553266|158, 553268|234, 553268|378, 553269|430, 553269|4056, com.google.android.deskclock, 
553275|1, 553275|3631, 553276|3746, 553276|3832, 553277|3918, 553280|4047, com.ebay.mobile, 
553324|1, 553324|2780, 553325|3037, 553325|4048, com.google.android.apps.photos, 
553326|1, 553326|4017, com.google.android.apps.photos, 
553332|1, 553332|315, 553333|394, 553333|573, 553334|645, 553335|736, 553335|822, 553336|905, 553336|2087, 553337|2198, 553337|2277, 553338|2353, 553339|2441, 553340|2514, 553340|2578, 553341|2642, 553343|2720, 553345|2830, 553345|2897, 553347|2961, 553348|3039, 553348|3099, 553352|3173, 553352|3251, 553355|3319, 553359|3613, 553359|3697, 553361|3821, 553361|3886, 553362|3955, 553362|4008, com.skype.raider, 
553386|1, 553386|2119, 553387|2230, 553387|2317, 553388|2403, 553389|2510, 553390|2573, 553390|2772, 553391|2843, 553393|4021, com.tripadvisor.tripadvisor, 
553428|1, 553428|4120, com.google.android.apps.photos, 
553437|1, 553437|2188, 553439|2286, 553439|2579, 553444|2684, 553455|2814, 553460|2934, 553460|3143, 553461|3204, 553472|3326, 553488|3397, 553506|3460, 553506|3539, 553507|3604, 553508|3665, 553508|3723, 553515|3830, 553518|3933, 553518|4011, com.Slack, 
553525|1, 553525|2578, 553527|2698, 553528|2787, 553528|2853, 553530|2931, 553530|3003, 553534|3086, 553534|3147, 553537|3207, 553538|3273, 553538|3682, 553540|3743, 553540|3868, 553542|3932, 553542|4001, com.skype.raider, 
553555|1, 553555|1299, 553556|1440, 553556|1523, 553557|1602, 553558|1705, 553558|1758, 553559|1819, 553559|1892, 553561|1953, 553561|2267, 553562|2380, 553562|2478, 553568|2572, 553582|2694, 553587|2826, 553593|2975, 553596|3063, 553599|3180, 553601|3256, 553604|3343, 553604|3414, 553608|3560, 553614|3766, 553621|3892, 553624|3996, 553627|4088, com.cnn.mobile.android.phone, 
553824|1, 553824|77, 553825|173, 553825|262, 553827|343, 553827|469, 553833|640, 553833|1085, 553835|1220, 553836|1282, 553840|1380, 553840|1926, 553841|2047, 553841|2767, 553842|2913, 553853|3081, 553859|3283, 553861|3501, 553861|4033, com.ted.android, 
553923|1, 553923|1095, 553924|1189, 553924|2113, 553925|2532, 553925|4048, com.google.android.apps.photos, 
553935|1, 553935|229, 553936|287, 553936|726, 553937|790, 553937|959, 553938|1022, 553938|1368, 553939|1491, 553939|1767, 553940|1844, 553940|2234, 553949|2395, 553956|2546, 553966|2686, 553979|2823, 553994|2949, 554002|3052, 554003|3137, 554004|3201, 554005|3262, 554005|3380, 554009|3444, 554009|3578, 554010|3645, 554015|3743, 554016|3849, 554021|3937, 554024|4024, com.android.chrome, 
554079|1, 554079|590, 554080|697, 554081|4063, com.github.shadowsocks, 
554166|1, 554166|670, 554167|771, 554169|928, 554169|1571, 554170|1817, 554170|2564, 554171|2700, 554172|2772, 554172|2827, 554174|2897, 554174|3264, 554178|3338, 554178|3402, 554181|3469, 554181|3543, 554182|3608, 554182|3670, 554183|3738, 554183|4047, com.tripadvisor.tripadvisor, 
554213|1, 554213|188, 554214|249, 554214|2154, 554215|2266, 554215|2740, 554216|2798, 554216|4178, com.facebook.katana, 
554220|1, 554221|68, 554221|1052, 554222|1145, 554222|3027, 554225|3221, 554231|3500, 554245|3688, 554270|3909, 554277|4011, com.android.chrome, 
554360|1, 554360|961, 554361|1040, 554361|1593, 554362|1727, 554362|2297, 554365|2361, 554365|3606, 554366|3668, 554366|3724, 554367|3822, 554369|4049, com.facebook.katana, 
554378|1, 554378|218, 554379|286, 554379|810, 554380|886, 554380|2457, 554381|2562, 554381|4039, com.google.android.apps.photos, 
554383|1, 554383|2056, 554391|2151, 554399|2251, 554408|2370, 554413|2471, 554414|2603, 554414|2801, 554423|2973, 554434|3118, 554453|3243, 554463|3336, 554469|3449, 554472|3552, 554482|3691, 554505|3880, 554509|4058, com.antutu.ABenchMark, 
554677|1, 554677|4088, com.github.shadowsocks, 
554743|1, 554743|79, 554744|155, 554744|3042, 554745|3144, 554746|3214, 554746|3300, 554747|3391, 554750|3517, 554754|3698, 554754|3791, 554757|3975, 554759|4320, com.ebay.mobile, 
554838|1, 554839|112, 554839|623, 554840|755, 554840|3397, 554841|3678, 554841|4051, at.DiTronic.androidgroup.randomgallery, 
554950|1, 554950|2933, 554953|3035, 554956|3150, 554957|4022, com.whatsapp, 
554960|1, 554960|3216, 554963|3392, 554976|3676, 554988|3881, 555008|4029, com.android.chrome, 
555098|1, 555098|1862, 555099|2022, 555099|2236, 555102|2354, 555102|2458, 555103|2571, 555104|2705, 555107|2839, 555113|2981, 555115|3140, 555121|3314, 555121|3449, 555125|3647, 555127|3765, 555127|3832, 555130|3908, 555131|4034, com.ted.android, 
555203|1, 555203|981, 555204|1068, 555204|2044, 555205|2123, 555206|2209, 555206|2312, 555208|2375, 555209|2497, 555216|2623, 555219|2750, 555231|2835, 555244|3027, 555249|3107, 555254|3187, 555259|3259, 555264|3357, 555266|3642, 555266|3735, 555270|3912, 555274|4089, com.cnn.mobile.android.phone, 
555477|1, 555477|158, 555478|212, 555478|2787, 555483|2909, 555487|3063, 555503|3228, 555534|3559, 555535|3623, 555540|3723, 555548|3805, 555552|3861, 555557|3920, 555562|3990, 555563|4046, com.instagram.android, 
555569|1, 555569|4061, com.github.shadowsocks, 
555633|1, 555633|2287, 555634|2387, 555637|2552, 555637|3366, 555638|3433, 555638|4003, com.whatsapp, 
555652|1, 555652|2849, 555655|2941, 555655|3109, 555656|3183, 555657|3266, 555657|3404, 555658|3479, 555658|3840, 555659|3946, 555659|4036, com.sometimeswefly.littlealchemy, 
555688|1, 555688|2107, 555697|2208, 555704|2312, 555711|2412, 555717|2516, 555717|2635, 555718|2744, 555718|2864, 555721|3011, 555738|3141, 555745|3284, 555756|3395, 555763|3486, 555769|3621, 555774|3706, 555775|3768, 555793|3876, 555805|4091, com.antutu.ABenchMark, 
555989|1, 555989|300, 555990|392, 555990|3484, 555991|3584, 555991|3733, 555992|3813, 555993|3878, 555993|4056, com.sometimeswefly.littlealchemy, 
556023|1, 556023|443, 556024|508, 556024|2163, 556027|2269, 556028|2367, 556028|3231, 556029|3295, 556029|4040, com.whatsapp, 
556031|1, 556031|2019, 556032|2207, 556032|2599, 556033|2727, 556033|2884, 556034|2953, 556035|3029, 556035|3186, 556036|3304, 556036|3609, 556037|3740, 556037|3871, 556038|3945, 556039|4036, com.sometimeswefly.littlealchemy, 
556065|1, 556065|1256, 556066|1338, 556066|2803, 556067|2908, 556069|2990, 556075|3059, 556078|3123, 556080|3195, 556080|3267, 556081|3339, 556081|4036, com.skype.raider, 
556092|1, 556092|2303, 556093|2423, 556093|2886, 556095|2969, 556095|3198, 556096|3341, 556096|4058, com.booking, 
556273|1, 556273|2936, 556275|3023, 556280|3163, 556280|3243, 556284|3329, 556291|3405, 556298|3515, 556306|3639, 556307|3748, 556308|3872, 556309|3961, 556309|4066, com.dropbox.android, 
556319|1, 556319|3818, 556320|3915, 556320|4024, com.ebay.mobile, 
556354|1, 556354|1194, 556357|1279, 556357|2192, 556372|2308, 556373|2531, 556373|2960, 556376|3066, 556376|3200, 556377|3289, 556378|3362, 556378|3493, 556379|3580, 556380|4086, com.sometimeswefly.littlealchemy, 
556404|1, 556404|4026, at.DiTronic.androidgroup.randomgallery, 
556509|1, 556509|2007, 556511|2096, 556511|2505, 556513|2610, 556527|2798, 556537|2961, 556541|3098, 556546|3195, 556557|3358, 556565|3497, 556568|3580, 556576|3836, 556583|3987, 556591|4119, com.cnn.mobile.android.phone, 
556770|1, 556771|93, 556771|160, 556773|236, 556774|331, 556774|904, 556775|1042, 556775|1952, 556776|2068, 556776|2159, 556777|2254, 556779|2437, 556779|4076, com.github.shadowsocks, 
556848|1, 556848|4075, com.github.shadowsocks, 
556918|1, 556918|4022, at.DiTronic.androidgroup.randomgallery, 
557212|1, 557212|367, 557213|449, 557213|1787, 557215|1853, 557215|1930, 557217|1987, 557219|2093, 557220|2186, 557233|2320, 557237|2415, 557260|2645, 557263|2743, 557272|2819, 557277|2964, 557281|3078, 557282|3164, 557289|3258, 557296|3427, 557303|3601, 557307|3742, 557308|3842, 557315|3939, 557320|4056, com.cnn.mobile.android.phone, 
557465|1, 557467|62, 557467|1924, 557469|1992, 557477|2077, 557484|2187, 557495|2339, 557495|2469, 557496|2625, 557498|2743, 557512|2905, 557535|3108, 557548|3239, 557554|3370, 557571|3497, 557582|3709, 557587|3928, 557588|4097, com.antutu.ABenchMark, 
557753|1, 557753|1989, 557754|2111, 557754|3017, 557755|3127, 557757|3294, 557761|3407, 557766|3538, 557768|3646, 557771|3797, 557772|3906, 557772|4102, com.ted.android, 
557827|1, 557827|4060, com.facebook.katana, 
557828|1, 557828|4004, at.DiTronic.androidgroup.randomgallery, 
557933|1, 557933|2999, 557934|3115, 557939|3233, 557956|3402, 557961|3515, 557961|3589, 557965|3713, 557966|3781, 557966|4010, com.instagram.android, 
558036|1, 558036|1769, 558037|1907, 558037|2510, 558038|2617, 558040|2712, 558045|2850, 558046|2942, 558049|3070, 558055|3297, 558065|4091, com.ted.android, 
558108|1, 558108|59, 558109|111, 558109|1664, 558121|1808, 558126|1942, 558128|2034, 558135|2174, 558139|2292, 558145|2418, 558152|2606, 558171|2755, 558181|2860, 558200|3151, 558218|3333, 558226|3494, 558238|3658, 558238|3891, 558240|3961, 558242|4047, com.antutu.ABenchMark, 
558409|1, 558409|2300, 558411|2406, 558412|2526, 558414|2611, 558414|3333, 558415|3403, 558415|4021, com.whatsapp, 
558418|1, 558418|2652, 558419|2733, 558420|2810, 558420|2876, 558422|2940, 558422|3011, 558424|3081, 558424|3204, 558426|3275, 558426|3336, 558427|3395, 558428|3467, 558428|4041, com.skype.raider, 
558447|1, 558447|4048, at.DiTronic.androidgroup.randomgallery, 
558547|1, 558547|1595, 558549|1685, 558549|1747, 558551|1805, 558553|1906, 558555|2026, 558571|2183, 558586|2328, 558606|2465, 558613|2532, 558619|2651, 558622|2835, 558624|2940, 558625|3029, 558626|3105, 558631|3226, 558637|3419, 558645|3542, 558655|3667, 558659|3759, 558661|3839, 558662|3921, 558662|4068, com.cnn.mobile.android.phone, 
558795|1, 558795|73, 558796|141, 558796|220, 558798|302, 558798|3325, 558799|3412, 558799|3492, 558801|3583, 558812|3680, 558822|3769, 558829|3899, 558831|4022, com.dropbox.android, 
558839|1, 558839|4057, at.DiTronic.androidgroup.randomgallery, 
558945|1, 558945|2470, 558946|2556, 558946|4026, com.tripadvisor.tripadvisor, 
558962|1, 558962|1944, 558965|2041, 558965|2204, 558966|2331, 558967|2455, 558967|2966, 558968|3043, 558968|3378, 558971|3552, 558971|3673, 558972|3744, 558974|3869, 558974|4013, com.paypal.android.p2pmobile, 
559043|1, 559043|131, 559044|217, 559047|284, 559051|393, 559061|500, 559061|872, 559063|962, 559063|1020, 559064|1098, 559064|1307, 559065|1374, 559065|1975, 559068|2072, 559070|2149, 559072|2272, 559073|2352, 559073|2941, 559077|3263, 559078|3338, 559080|3444, 559080|3560, 559105|3622, 559105|3676, 559113|3734, 559114|3798, 559114|3856, 559117|3918, 559118|4037, com.facebook.katana, 
559132|1, 559132|2353, 559137|2491, 559137|2561, 559138|2641, 559139|2727, 559139|3257, 559145|3362, 559154|3465, 559161|3562, 559161|3716, 559162|3802, 559162|3884, 559163|3947, 559163|4030, com.dropbox.android, 
559197|1, 559197|415, 559198|467, 559198|1362, 559199|1430, 559200|1596, 559200|2669, 559201|2740, 559205|2847, 559205|2909, 559207|3027, 559207|3397, 559212|3509, 559222|3648, 559230|3762, 559232|4001, com.dropbox.android, 
559236|1, 559236|3330, 559237|3453, 559238|3614, 559239|3754, 559242|3845, 559242|4007, at.DiTronic.androidgroup.randomgallery, 
559380|1, 559380|652, 559381|719, 559381|2043, 559383|2136, 559384|2305, 559387|2465, 559387|2643, 559390|2750, 559390|2902, 559391|2968, 559392|3062, 559392|3238, 559393|3314, 559396|3405, 559396|3565, 559397|3654, 559398|3741, 559399|4088, com.sometimeswefly.littlealchemy, 
559442|1, 559442|267, 559443|360, 559443|2696, 559446|2781, 559446|3750, 559448|3819, 559448|3886, 559450|3988, 559450|4057, com.skype.raider, 
559480|1, 559480|805, 559482|886, 559482|2142, 559486|2246, 559487|2354, 559488|2447, 559488|3190, 559489|3251, 559489|4001, com.whatsapp, 
559496|1, 559496|2409, 559497|2494, 559497|2576, 559498|2656, 559498|3447, 559499|3517, 559499|4050, com.whatsapp, 
559504|1, 559504|1038, 559505|1106, 559505|2331, 559506|2450, 559506|3048, 559508|3118, 559508|4032, com.tripadvisor.tripadvisor, 
559525|1, 559525|2374, 559527|2490, 559527|2952, 559529|3062, 559529|3379, 559530|3470, 559530|4068, com.booking, 
559724|1, 559724|4043, com.google.android.deskclock, 
559726|1, 559726|1826, 559727|1955, 559727|2315, 559730|2417, 559732|2488, 559736|2646, 559738|2788, 559740|2896, 559747|3024, 559752|3128, 559754|3238, 559756|3324, 559758|3455, 559765|4077, com.booking, 
559883|1, 559883|541, 559888|610, 559888|1549, 559896|1729, 559896|4002, com.google.android.deskclock, 
559896|1, 559896|2603, 559897|2697, 559901|2810, 559901|2892, 559908|2977, 559919|3089, 559926|3183, 559928|3304, 559932|3460, 559932|3592, 559933|3683, 559934|3772, 559934|4053, com.dropbox.android, 
559948|1, 559948|711, 559955|826, 559955|1814, 559956|1900, 559971|2093, 559982|2192, 559987|2321, 559987|2588, 559990|2698, 559994|2819, 560005|2954, 560017|3091, 560028|3281, 560031|3401, 560043|3558, 560048|3689, 560055|3843, 560059|3959, 560059|4127, com.antutu.ABenchMark, 
560252|1, 560252|2198, 560254|2300, 560256|2419, 560256|3267, 560257|3354, 560257|4014, com.whatsapp, 
560259|1, 560259|4034, com.google.android.deskclock, 
560263|1, 560263|4014, com.facebook.katana, 
560265|1, 560265|3162, 560273|3314, 560275|3429, 560287|3518, 560298|3829, 560298|4010, com.instagram.android, 
560359|1, 560359|3528, 560362|3750, 560364|3909, 560380|4201, com.android.chrome, 
560495|1, 560495|4021, com.google.android.deskclock, 
560501|1, 560501|3235, 560503|3318, 560503|3400, 560504|3477, 560505|3571, 560509|3689, 560510|3801, 560519|3935, 560524|4070, com.ebay.mobile, 
560595|1, 560595|4051, com.google.android.deskclock, 
560595|1, 560595|287, 560597|359, 560597|1747, 560598|1858, 560598|1950, 560599|2035, 560599|2455, 560601|2557, 560606|2657, 560610|2763, 560613|2938, 560616|3050, 560620|3163, 560622|3271, 560625|3426, 560626|3562, 560627|3685, 560631|3786, 560635|3950, 560635|4059, com.booking, 
560744|1, 560744|2733, 560745|2865, 560745|3378, 560750|3491, 560756|3605, 560761|4022, com.csst.ecdict, 
560855|1, 560855|3180, 560858|3349, 560867|3524, 560879|3731, 560890|3830, 560896|3946, 560908|4058, com.android.chrome, 
560985|1, 560985|612, 560992|694, 560992|785, 560994|875, 560994|1443, 560995|1651, 560998|1783, 560998|2404, 561001|2469, 561001|3062, 561005|3284, 561025|3528, 561037|3709, 561053|3871, 561062|3970, 561072|4069, com.android.chrome, 
561140|1, 561140|2089, 561143|2201, 561143|3876, 561144|3951, 561144|4076, at.DiTronic.androidgroup.randomgallery, 
561257|1, 561257|1406, 561258|1464, 561258|2989, 561264|3131, 561269|3257, 561283|3364, 561295|3498, 561299|3564, 561299|3631, 561306|3694, 561313|3760, 561313|3868, 561319|3939, 561319|4047, com.instagram.android, 
561356|1, 561356|1221, 561357|1404, 561357|2838, 561360|3075, 561381|3391, 561395|3484, 561402|3611, 561410|3731, 561414|3812, 561415|3896, 561417|4038, com.android.chrome, 
561483|1, 561483|2267, 561486|2409, 561486|3583, 561490|3663, 561495|3768, 561499|3841, 561501|3906, 561508|4070, com.csst.ecdict, 
561590|1, 561590|1810, 561593|1963, 561603|2053, 561615|2191, 561620|2312, 561620|2621, 561627|2802, 561641|2967, 561660|3116, 561676|3257, 561679|3389, 561682|3600, 561699|3791, 561705|3935, 561716|4163, com.antutu.ABenchMark, 
561890|1, 561890|2696, 561892|2778, 561897|2902, 561898|3007, 561907|3107, 561916|3207, 561924|3330, 561926|3498, 561926|3587, 561930|3703, 561930|3793, 561931|3886, 561931|4032, com.dropbox.android, 
561935|1, 561935|1375, 561936|1439, 561936|4008, com.google.android.deskclock, 
561936|1, 561936|1724, 561938|1874, 561938|2292, 561940|2392, 561940|2463, 561943|2562, 561945|2721, 561948|2865, 561950|2967, 561950|3157, 561953|3268, 561953|3437, 561955|3568, 561955|3776, 561961|3906, 561969|4088, com.booking, 
562094|1, 562094|1959, 562098|2039, 562098|2116, 562099|2180, 562100|2236, 562100|2289, 562104|2409, 562110|2542, 562120|2659, 562130|2789, 562147|2917, 562157|3012, 562164|3093, 562173|3195, 562178|3300, 562190|3452, 562195|3548, 562197|3629, 562201|3707, 562234|4247, com.cnn.mobile.android.phone, 
562403|1, 562403|839, 562404|891, 562404|1724, 562412|1893, 562430|2026, 562434|2123, 562442|2300, 562446|2486, 562455|2640, 562486|2909, 562498|3109, 562506|3285, 562528|3460, 562531|3568, 562536|3653, 562543|3731, 562543|3814, 562544|3954, 562545|4197, com.antutu.ABenchMark, 
562721|1, 562721|986, 562725|1066, 562726|1139, 562726|1217, 562729|1287, 562729|2140, 562730|2206, 562731|2272, 562731|3080, 562732|3150, 562732|4029, com.google.android.deskclock, 
562740|1, 562741|4087, com.ebay.mobile, 
562818|1, 562818|1885, 562821|2026, 562821|2319, 562823|2404, 562824|2500, 562826|2576, 562832|2752, 562834|2892, 562838|3004, 562839|3110, 562840|3223, 562842|3343, 562843|3468, 562850|3564, 562851|3696, 562853|4043, com.booking, 
562991|1, 562991|2204, 562992|2283, 562994|2412, 562996|2490, 562997|2568, 562997|3282, 562998|3353, 562998|4015, com.whatsapp, 
563001|1, 563001|2455, 563003|2562, 563003|3427, 563004|3492, 563004|4001, com.whatsapp, 
563017|1, 563017|426, 563018|483, 563020|583, 563020|1474, 563024|1713, 563024|1831, 563027|1933, 563027|2072, 563028|2183, 563029|2266, 563029|2807, 563030|2903, 563033|3000, 563033|3161, 563035|3285, 563036|3398, 563037|3518, 563039|3639, 563039|4004, com.paypal.android.p2pmobile, 
563114|1, 563121|125, 563124|260, 563129|463, 563129|535, 563130|616, 563130|968, 563133|1053, 563135|1194, 563136|1313, 563137|1420, 563137|1539, 563139|1602, 563139|1678, 563140|1757, 563140|2138, 563142|2226, 563142|2345, 563147|2475, 563148|2549, 563160|2769, 563194|3185, 563201|3313, 563207|3423, 563212|3554, 563219|3659, 563225|3807, 563238|3906, 563245|3989, 563247|4080, com.cnn.mobile.android.phone, 
563474|1, 563474|67, 563475|146, 563475|301, 563478|397, 563478|4007, com.facebook.katana, 
563501|1, 563501|1571, 563502|1682, 563502|2595, 563503|2727, 563503|3712, 563508|3791, 563514|3865, 563519|3928, 563520|3999, 563525|4064, com.csst.ecdict, 
563610|1, 563610|279, 563611|369, 563611|2168, 563612|2294, 563613|2423, 563614|2549, 563614|3299, 563618|3465, 563620|3596, 563621|3759, 563623|3887, 563625|3958, 563625|4024, com.paypal.android.p2pmobile, 
563706|1, 563708|156, 563709|326, 563710|396, 563712|498, 563713|578, 563713|670, 563714|773, 563714|1052, 563715|1181, 563715|1577, 563717|1706, 563718|2008, 563725|2108, 563735|2263, 563741|2358, 563748|2503, 563751|2635, 563751|2748, 563752|2904, 563758|3125, 563763|3243, 563786|3429, 563798|3580, 563812|3717, 563812|3801, 563819|3953, 563836|4087, com.antutu.ABenchMark, 
564083|1, 564083|1864, 564084|1938, 564085|2015, 564085|2352, 564096|2525, 564104|2640, 564112|2758, 564123|2906, 564128|3019, 564136|3141, 564136|3418, 564142|3611, 564143|3716, 564143|3789, 564152|3937, 564156|4022, com.cnn.mobile.android.phone, 
564363|1, 564363|1015, 564364|1087, 564364|1532, 564366|1607, 564366|1729, 564370|1827, 564371|1896, 564391|2095, 564401|2214, 564415|2369, 564426|2455, 564428|2564, 564434|2704, 564436|2811, 564436|2879, 564439|2971, 564451|3119, 564469|3333, 564477|3515, 564483|3623, 564489|3709, 564491|3832, 564499|3951, 564510|4038, com.cnn.mobile.android.phone, 
564630|1, 564630|904, 564631|1001, 564631|1948, 564632|2079, 564632|2974, 564634|3037, 564634|4391, com.facebook.katana, 
564637|1, 564637|3716, 564643|3804, 564647|3863, 564653|3936, 564654|4009, com.csst.ecdict, 
564740|1, 564740|1866, 564741|1971, 564741|2319, 564743|2394, 564743|2806, 564744|2929, 564744|4019, com.booking, 
564907|1, 564907|2321, 564908|2650, 564908|3344, 564910|3489, 564916|3736, 564917|3966, 564918|4055, com.booking, 
565053|1, 565053|644, 565054|799, 565054|940, 565057|1169, 565061|1242, 565062|1321, 565062|1384, 565063|1451, 565063|2062, 565064|2260, 565066|4059, com.ebay.mobile, 
565171|1, 565171|951, 565172|1072, 565173|1132, 565173|1665, 565174|2099, 565174|3004, 565175|3463, 565175|3785, 565176|3992, 565177|4085, com.dropbox.android, 
565234|1, 565234|348, 565239|448, 565239|505, 565240|560, 565241|623, 565241|1256, 565251|1834, 565251|2482, 565253|2819, 565253|3284, 565259|3485, 565260|3644, 565261|3776, 565274|3971, 565283|4137, com.dropbox.android, 
565296|1, 565296|2141, 565297|2465, 565297|2966, 565300|3246, 565313|3556, 565318|3795, 565323|3986, 565324|4122, com.booking, 
565423|1, 565423|435, 565424|590, 565424|1338, 565426|1425, 565426|2502, 565438|3013, 565439|3327, 565439|3570, 565442|3875, 565443|4018, com.paypal.android.p2pmobile, 
565530|1, 565530|278, 565532|364, 565532|1222, 565533|1369, 565533|1469, 565534|1557, 565536|1654, 565538|1800, 565541|2029, 565545|2630, 565548|3377, 565550|3677, 565550|4060, com.dropbox.android, 
565668|1, 565668|297, 565672|354, 565672|982, 565675|1131, 565675|2550, 565677|2870, 565681|3240, 565685|3624, 565685|4042, com.paypal.android.p2pmobile, 
565757|1, 565757|562, 565758|676, 565760|780, 565761|913, 565761|1157, 565764|1289, 565771|1481, 565771|1866, 565772|2352, 565772|3447, 565773|3876, 565773|4094, com.dropbox.android, 
565860|1, 565860|1540, 565862|1613, 565862|3440, 565866|3895, 565866|4151, com.csst.ecdict, 
566004|1, 566004|59, 566005|117, 566005|1301, 566006|1647, 566006|3349, 566007|3721, 566007|4116, com.csst.ecdict, 
