53411417|1, 53411417|1098, 53411477|1211, 53411477|1635, 53411537|1763, 53411537|2625, 53411597|2807, 53411597|3566, 53411670|3642, 53413417|3763, 53415084|3857, 53415084|4054, com.csst.ecdict, 
53425757|1, 53425757|4037, com.google.android.apps.photos, 
53425877|1, 53425877|2813, 53425999|2964, 53426359|3113, 53426419|3253, 53426419|4051, com.instagram.android, 
53426839|1, 53426839|1845, 53426959|1932, 53426959|2324, 53427179|2416, 53428317|2640, 53428878|2777, 53429726|3081, 53430520|3311, 53430657|3469, 53430657|3652, 53431763|3738, 53431763|3846, 53431815|3931, 53431867|4045, com.Slack, 
53496063|1, 53496063|243, 53496123|345, 53496123|511, 53496183|565, 53496183|2362, 53496473|2459, 53497535|2575, 53498563|2682, 53499385|2798, 53499425|2906, 53499425|3078, 53499495|3208, 53499895|3323, 53500853|3483, 53503347|3619, 53504364|3731, 53504364|3793, 53506355|3891, 53506515|3977, 53507547|4081, com.antutu.ABenchMark, 
53524040|1, 53524040|922, 53524136|1031, 53524256|1136, 53524256|1811, 53524314|1910, 53524314|4008, com.facebook.katana, 
53525100|1, 53525100|3656, 53525160|3732, 53525276|3859, 53525944|3956, 53525944|4046, com.sometimeswefly.littlealchemy, 
53526544|1, 53526544|3082, 53526658|3370, 53526658|3535, 53526718|3829, 53526718|4063, com.ted.android, 
53529904|1, 53529904|4012, com.github.shadowsocks, 
53539643|1, 53539643|3280, 53539767|3369, 53539767|4014, com.skype.raider, 
53540479|1, 53540479|3228, 53540615|3324, 53540615|4070, com.booking, 
53576438|1, 53576438|4033, com.github.shadowsocks, 
53584781|1, 53584781|2793, 53584841|2959, 53584841|3066, 53585125|3242, 53585125|3604, 53585459|3741, 53585459|4096, com.ted.android, 
53588061|1, 53588061|658, 53588409|777, 53588589|951, 53588589|1670, 53588769|1870, 53588769|2642, 53589001|2794, 53589065|2989, 53589127|3121, 53589127|4004, com.skype.raider, 
53590031|1, 53590031|833, 53590114|958, 53590114|1793, 53590174|1912, 53590174|2023, 53590234|2135, 53590234|4027, com.ebay.mobile, 
53601712|1, 53601712|4151, com.csst.ecdict, 
53619369|1, 53619369|2526, 53619479|2617, 53619479|2695, 53619599|2769, 53620155|2868, 53621413|3038, 53621910|3203, 53622045|3347, 53622387|3530, 53623709|3680, 53623709|3844, 53623813|3939, 53623813|4041, com.Slack, 
53667247|1, 53667247|3165, 53667817|3322, 53667817|3488, 53667997|3608, 53668618|3721, 53669845|3847, 53671590|4106, com.android.chrome, 
53674501|1, 53674501|2318, 53674563|2429, 53674805|2634, 53674967|2802, 53674967|3387, 53675027|3512, 53675027|3621, 53675435|3759, 53677311|3961, 53678139|4073, com.paypal.android.p2pmobile, 
53692375|1, 53692495|178, 53693067|288, 53693275|393, 53693483|486, 53693483|2303, 53693673|2419, 53695289|2513, 53697352|2599, 53697455|2790, 53697559|2880, 53699138|3016, 53699202|3117, 53699326|3241, 53699398|3369, 53699666|3539, 53699844|3713, 53701192|4033, com.github.shadowsocks, 
53713556|1, 53714852|135, 53714852|292, 53714904|378, 53716156|437, 53716156|2595, 53716208|2664, 53717395|2799, 53717395|4008, com.skype.raider, 
53724437|1, 53724527|98, 53724527|1816, 53724617|1927, 53724617|3288, 53724977|3420, 53725037|3523, 53725037|3727, 53725137|3800, 53725137|4042, com.instagram.android, 
53725369|1, 53725369|3775, 53725433|3837, 53725485|3919, 53726920|4008, com.csst.ecdict, 
53739905|1, 53739905|1575, 53740033|1746, 53740085|1924, 53740085|2079, 53742769|2199, 53743329|2385, 53743497|2495, 53743497|2660, 53743675|2750, 53743675|3109, 53743853|3171, 53746483|3392, 53747259|3510, 53748485|3660, 53748485|3798, 53748588|3889, 53748588|4048, com.paypal.android.p2pmobile, 
53767454|1, 53767454|616, 53767566|706, 53767618|805, 53767904|973, 53767904|1202, 53767956|1297, 53767956|1366, 53768060|1425, 53768060|1500, 53768112|1571, 53768112|2241, 53768176|2334, 53768176|2409, 53769792|2475, 53769982|2539, 53769982|2761, 53772247|2840, 53772311|2957, 53772311|3022, 53772363|3119, 53772467|3273, 53772827|3375, 53772887|3443, 53772887|3524, 53772939|3598, 53772939|3669, 53773043|3738, 53773043|3801, 53773251|3868, 53773251|3925, 53773587|3984, 53773587|4039, com.instagram.android, 
53781436|1, 53781436|2271, 53781546|2347, 53781666|2469, 53782534|2593, 53782600|2721, 53783582|2891, 53784654|3073, 53784782|3168, 53784854|3247, 53784918|3334, 53785887|3471, 53786051|4273, com.Slack, 
53859799|1, 53859799|271, 53859859|358, 53859859|544, 53859919|604, 53859919|1473, 53859979|1639, 53859979|2401, 53860044|2459, 53860044|2554, 53860104|2653, 53860104|4032, com.tripadvisor.tripadvisor, 
53863388|1, 53863388|4030, com.google.android.apps.photos, 
53863552|1, 53863612|133, 53863612|2053, 53863716|2156, 53863716|4022, com.google.android.deskclock, 
53863820|1, 53863820|3205, 53863880|3311, 53863940|3385, 53864228|3468, 53864228|3569, 53864646|3650, 53864928|3783, 53865292|3855, 53865942|3937, 53866182|4035, com.ebay.mobile, 
53891128|1, 53891128|2697, 53891168|2772, 53891168|3637, 53891228|3745, 53891572|3911, 53891916|3998, 53892124|4096, com.ebay.mobile, 
53910546|1, 53910546|1305, 53910606|1368, 53910606|1477, 53910666|1654, 53910666|2775, 53910728|2864, 53910728|3068, 53910789|3182, 53910910|3369, 53910910|3626, 53911256|3735, 53911412|4002, com.ted.android, 
53914964|1, 53914964|2916, 53915025|3003, 53915086|3096, 53915086|3317, 53915146|3410, 53915146|3475, 53915206|3552, 53915206|4014, com.sometimeswefly.littlealchemy, 
53915509|1, 53915509|885, 53915569|967, 53915569|1056, 53915629|1155, 53915629|2627, 53915749|2739, 53916305|2841, 53916589|2955, 53917066|3112, 53918414|3329, 53918684|3406, 53918876|3483, 53918876|3565, 53919108|3724, 53919245|3845, 53919309|4007, com.Slack, 
53984294|1, 53984294|2459, 53984354|2553, 53984354|3387, 53984406|3473, 53985661|3552, 53985661|4035, com.tripadvisor.tripadvisor, 
53988149|1, 53988149|4097, com.facebook.katana, 
53988850|1, 53988850|650, 53988914|802, 53988914|3102, 53989044|3243, 53989168|3378, 53989168|3553, 53989228|3697, 53989228|3876, 53989288|3939, 53989288|4037, com.whatsapp, 
53989672|1, 53989672|2032, 53990348|2143, 53990660|2290, 53991287|2395, 53992369|2539, 53992433|2674, 53992854|2833, 53993771|2948, 53993771|3035, 53993915|3115, 53993967|3235, 53993967|3668, 53994071|3751, 53994071|4008, com.Slack, 
53994818|1, 53994818|1727, 53995104|1871, 53995806|2004, 53995961|2113, 53997162|2206, 53997245|2309, 53997245|2411, 53998498|2602, 53998581|2684, 53998753|2824, 53999434|3003, 54000270|3131, 54000417|3321, 54000481|3465, 54000481|3535, 54000553|3604, 54000553|3778, 54000617|3838, 54000617|3897, 54000720|3956, 54001953|4028, com.paypal.android.p2pmobile, 
54014667|1, 54015074|109, 54015420|195, 54015796|345, 54015796|691, 54015860|821, 54015860|923, 54015920|1075, 54016270|1243, 54016270|1697, 54016478|1951, 54016716|2144, 54018963|2365, 54019223|2492, 54019275|2689, 54019275|2997, 54019358|3120, 54019418|3250, 54019418|3431, 54019478|3675, 54020099|3789, 54020163|4041, com.paypal.android.p2pmobile, 
54045694|1, 54046086|101, 54046190|190, 54046658|294, 54047022|374, 54047022|1275, 54047074|1338, 54047074|1401, 54047252|1472, 54047312|1546, 54047312|3073, 54047364|3170, 54047542|3487, 54049348|3626, 54051419|3871, 54051523|4008, com.ted.android, 
54062707|1, 54062707|172, 54062767|248, 54062767|416, 54062827|480, 54062827|2087, 54062887|2151, 54062887|2988, 54062949|3137, 54063011|3218, 54063011|4073, com.skype.raider, 
54072671|1, 54072731|85, 54072731|202, 54072791|256, 54072791|1260, 54072843|1340, 54072843|2208, 54072907|2275, 54073113|2368, 54073113|2470, 54073173|2567, 54073173|3240, 54073225|3299, 54074463|3362, 54074463|4054, com.tripadvisor.tripadvisor, 
54077545|1, 54077545|181, 54077628|253, 54077628|2227, 54077711|2332, 54077711|3770, 54077835|3866, 54077887|3978, 54077887|4061, at.DiTronic.androidgroup.randomgallery, 
54095330|1, 54095386|102, 54095386|2713, 54095498|2811, 54095498|3701, 54095558|3781, 54095558|4053, com.tripadvisor.tripadvisor, 
54098337|1, 54098337|2453, 54098397|2554, 54098397|2969, 54098449|3046, 54099704|3107, 54099756|4029, com.tripadvisor.tripadvisor, 
54104481|1, 54104481|87, 54104541|145, 54104541|1390, 54104601|1456, 54104601|1639, 54104661|1754, 54104721|1924, 54104721|2102, 54104781|2195, 54104781|2341, 54104841|2416, 54104841|2600, 54104901|2684, 54104901|2978, 54105023|3147, 54105263|3270, 54105443|3393, 54105443|4049, com.instagram.android, 
54106094|1, 54106094|1527, 54106154|1720, 54106214|1807, 54106214|2085, 54106279|2170, 54106929|2263, 54107501|2368, 54108407|2457, 54108459|2565, 54108459|2745, 54110151|3466, 54112621|3585, 54113225|3686, 54113837|3754, 54114368|3845, 54116362|3972, 54116708|4067, com.antutu.ABenchMark, 
54136234|1, 54136234|1239, 54136286|1351, 54136286|2744, 54136369|3410, 54136369|3725, 54136431|3814, 54136431|4080, com.ted.android, 
54140561|1, 54140561|2917, 54140683|3026, 54140683|3275, 54140743|3356, 54140743|3488, 54140803|3556, 54140803|4031, com.sometimeswefly.littlealchemy, 
54141158|1, 54141158|2263, 54141224|2362, 54141224|2736, 54141355|2855, 54141355|2997, 54141420|3137, 54141420|3599, 54141483|3679, 54141483|3762, 54141547|3844, 54141547|4037, com.cnn.mobile.android.phone, 
54175043|1, 54175043|403, 54175103|471, 54175103|582, 54175163|649, 54175163|1307, 54175223|1521, 54175283|1706, 54175283|2850, 54175408|2956, 54175408|3090, 54175468|3156, 54175468|3397, 54175528|3457, 54175528|3590, 54175588|3659, 54175588|3835, 54175648|3933, 54175648|4044, com.tripadvisor.tripadvisor, 
54184081|1, 54184081|2604, 54185272|2890, 54185272|2986, 54186226|3114, 54188303|3290, 54188872|3393, 54189079|3484, 54189139|3576, 54189259|3674, 54189259|3755, 54189319|3886, 54189319|4063, com.android.chrome, 
54190718|1, 54190718|3476, 54190778|3546, 54190778|3686, 54190838|3776, 54190838|4049, com.sometimeswefly.littlealchemy, 
54192749|1, 54192749|2788, 54192813|2897, 54192875|3002, 54192939|3078, 54192999|3183, 54193059|3256, 54193467|3412, 54193845|3560, 54193845|3885, 54194193|3980, 54194363|4058, com.ebay.mobile, 
54206488|1, 54206488|701, 54206608|760, 54208320|844, 54208320|1813, 54208403|1929, 54208403|3070, 54208911|3398, 54209353|3560, 54213088|3975, 54214420|4073, com.android.chrome, 
54216791|1, 54216791|4020, com.google.android.deskclock, 
54216930|1, 54216930|4019, com.facebook.katana, 
54217058|1, 54217058|761, 54217141|904, 54217141|1959, 54217759|2182, 54217915|2293, 54218093|2404, 54218797|2560, 54218999|2719, 54219103|2863, 54219103|3030, 54219163|3104, 54219939|3260, 54220362|3413, 54220362|3504, 54220550|3665, 54221308|3941, 54290516|4201, com.Slack, 
54296535|1, 54296535|1054, 54296607|1149, 54296607|1908, 54296671|2045, 54296671|3389, 54296845|3626, 54296845|4039, com.github.shadowsocks, 
54310505|1, 54310505|1092, 54310566|1183, 54310566|2730, 54310628|2818, 54310628|3096, 54310689|3300, 54310749|3441, 54310813|3615, 54310813|4026, com.ted.android, 
54314691|1, 54314691|2591, 54314853|2713, 54314853|2947, 54315143|3100, 54315143|3623, 54315470|3841, 54316795|3992, 54316950|4085, com.paypal.android.p2pmobile, 
54343828|1, 54343828|301, 54344260|403, 54344260|492, 54344438|730, 54344438|1281, 54344558|1352, 54344558|1421, 54344844|1498, 54344844|1559, 54345052|1624, 54345052|1685, 54345135|1756, 54345135|2409, 54346661|2549, 54346661|3244, 54347059|3387, 54347123|3480, 54347123|4006, com.github.shadowsocks, 
54365137|1, 54365137|746, 54365189|867, 54366441|1053, 54366524|1156, 54366576|1228, 54366576|4017, com.google.android.apps.photos, 
54367499|1, 54367499|2158, 54367559|2240, 54368525|4006, com.csst.ecdict, 
54385647|1, 54385647|209, 54385707|272, 54385707|1151, 54385790|1241, 54385790|3003, 54385914|3084, 54385914|3372, 54386018|3453, 54386018|4048, com.skype.raider, 
54386877|1, 54386877|2208, 54386997|2340, 54386997|2541, 54387057|2663, 54387117|2772, 54387117|3207, 54387527|3285, 54387527|3631, 54387587|3688, 54387587|4062, com.Slack, 
54389608|1, 54389608|880, 54389712|1000, 54389712|3296, 54389886|3417, 54390246|3570, 54390306|3679, 54390306|4012, com.instagram.android, 
54390501|1, 54390501|2832, 54390921|2933, 54390921|3755, 54391056|3816, 54391056|4050, com.instagram.android, 
54391642|1, 54391642|1731, 54391725|1860, 54391725|2542, 54391785|2828, 54391845|2903, 54391845|4012, com.google.android.apps.photos, 
54392021|1, 54392021|3026, 54392143|3134, 54392143|3380, 54392203|3487, 54392203|3629, 54392263|3730, 54392263|4049, com.sometimeswefly.littlealchemy, 
54393281|1, 54393281|1915, 54393401|2040, 54393461|2176, 54393521|2319, 54393521|2407, 54393641|2502, 54393641|2980, 54394323|3104, 54394460|3194, 54394460|3399, 54394580|3511, 54394868|3595, 54407993|3658, 54460533|3751, 54463585|3826, 54463585|4048, com.Slack, 
54465166|1, 54465166|2072, 54465286|2192, 54465286|2390, 54465346|2505, 54465406|2589, 54465904|2698, 54466041|2850, 54466041|3073, 54467078|3150, 54467078|3376, 54467138|3443, 54467138|3506, 54467190|3567, 54467190|4009, com.Slack, 
54467602|1, 54467602|4080, at.DiTronic.androidgroup.randomgallery, 
54485386|1, 54485446|96, 54485446|325, 54485506|405, 54485566|4036, com.google.android.apps.photos, 
54485686|1, 54485686|162, 54485746|243, 54485746|4010, com.google.android.deskclock, 
54485746|1, 54485746|3645, 54485806|3748, 54486009|4048, com.ebay.mobile, 
54498315|1, 54498315|2867, 54498398|3144, 54498398|4016, com.google.android.apps.photos, 
54498481|1, 54498481|4025, com.google.android.apps.photos, 
54498731|1, 54498731|680, 54498791|762, 54498791|941, 54498851|1022, 54498851|2484, 54498911|2560, 54498911|2685, 54498971|2750, 54499093|2865, 54499093|2943, 54499153|3005, 54499153|3359, 54499213|3656, 54499213|3736, 54499273|3852, 54499273|4055, com.skype.raider, 
54500185|1, 54500185|2406, 54500250|2515, 54500310|2579, 54500310|2783, 54500370|2846, 54500495|4030, com.tripadvisor.tripadvisor, 
54506389|1, 54506389|4002, com.google.android.apps.photos, 
54506629|1, 54506629|2207, 54506739|2291, 54506739|2596, 54506979|2698, 54508034|2803, 54508391|2921, 54508621|3042, 54508621|3227, 54521863|3339, 54544170|3419, 54569111|3480, 54569111|3560, 54569163|3626, 54569223|3688, 54569223|3744, 54569731|3836, 54570256|3942, 54570296|4033, com.Slack, 
54572010|1, 54572010|2695, 54572134|2813, 54572134|4036, com.skype.raider, 
54573372|1, 54573372|1308, 54573432|1394, 54573432|1538, 54573492|1608, 54573492|1900, 54573622|1966, 54573622|2280, 54573682|2380, 54573682|2478, 54573984|2574, 54575047|2681, 54575874|2825, 54576030|2916, 54576272|3059, 54576388|3177, 54576786|3266, 54576904|3345, 54576904|3427, 54577200|3527, 54578011|3760, 54578333|3868, 54578828|3990, 54579118|4095, com.cnn.mobile.android.phone, 
54600508|1, 54600508|1375, 54600572|1468, 54600572|2770, 54600634|2907, 54600696|3076, 54600757|3273, 54600881|3468, 54600881|4051, com.ted.android, 
54603018|1, 54603018|1091, 54603070|1194, 54603070|2125, 54603153|2196, 54603153|4014, com.google.android.apps.photos, 
54603528|1, 54603528|244, 54603611|299, 54603611|742, 54603694|802, 54603694|972, 54603777|1035, 54603777|1750, 54603860|1851, 54603860|2217, 54604182|2362, 54605051|2547, 54605207|2689, 54606215|2798, 54608018|2951, 54608325|3040, 54608527|3144, 54608587|3215, 54608587|3275, 54608647|3339, 54608647|3394, 54608737|3454, 54608797|3529, 54608797|3653, 54608849|3746, 54608969|3823, 54609299|3938, 54609419|4018, com.android.chrome, 
54614732|1, 54614732|602, 54614815|679, 54614898|4021, com.github.shadowsocks, 
54625564|1, 54625564|770, 54625681|942, 54625681|1733, 54625741|1961, 54625741|2677, 54625801|2790, 54625801|2848, 54625853|2912, 54627108|2987, 54627108|3282, 54628527|3355, 54628527|3424, 54628849|3484, 54628849|3564, 54628913|3624, 54628913|3753, 54628977|3834, 54628977|4063, com.tripadvisor.tripadvisor, 
54633130|1, 54633130|2165, 54633190|2271, 54633190|2753, 54633242|2812, 54633242|4192, com.facebook.katana, 
54633468|1, 54633468|1058, 54633528|1147, 54633528|3154, 54633658|3429, 54635099|3691, 54636422|3898, 54637825|4012, com.android.chrome, 
54643033|1, 54643033|976, 54643073|1051, 54643073|1713, 54643133|1832, 54643133|2375, 54643304|2451, 54643304|3624, 54643387|3683, 54643387|4009, com.facebook.katana, 
54644169|1, 54644169|308, 54644225|380, 54644225|906, 54644265|1012, 54644265|2480, 54644321|2582, 54644321|4021, com.google.android.apps.photos, 
54644404|1, 54644404|2068, 54644654|2147, 54645424|2242, 54646724|2371, 54647166|2465, 54647646|2604, 54647646|2803, 54648116|2977, 54649014|3091, 54652200|3248, 54653156|3339, 54654119|3440, 54654259|3537, 54655266|3688, 54656079|3846, 54657089|4052, com.antutu.ABenchMark, 
54673055|1, 54673055|4080, com.github.shadowsocks, 
54682241|1, 54682241|135, 54682324|209, 54682324|3085, 54682388|3201, 54682388|3267, 54682450|3349, 54682450|3444, 54682634|3551, 54682694|3704, 54683266|3850, 54683422|4019, com.ebay.mobile, 
54698681|1, 54698721|134, 54698721|645, 54698817|755, 54698817|3410, 54698900|3690, 54698900|4071, at.DiTronic.androidgroup.randomgallery, 
54716342|1, 54716342|2936, 54716472|3033, 54716596|3153, 54716596|4030, com.whatsapp, 
54716596|1, 54716596|3337, 54716726|3609, 54717546|3845, 54719648|4030, com.android.chrome, 
54724859|1, 54724859|2360, 54725028|2458, 54725028|2559, 54725111|2701, 54725173|2815, 54725173|2950, 54725233|3110, 54725233|3276, 54725517|3423, 54725851|3656, 54725851|3850, 54726249|3919, 54726332|4049, com.ted.android, 
54731580|1, 54731580|984, 54731620|1063, 54731620|2140, 54731738|2225, 54731738|2331, 54732034|2385, 54732034|2507, 54732248|2589, 54732664|2735, 54733073|2837, 54734687|3014, 54735009|3113, 54735406|3202, 54735584|3270, 54736229|3366, 54736503|3645, 54736503|3744, 54736675|3885, 54736794|4084, com.cnn.mobile.android.phone, 
54771813|1, 54771813|2784, 54771874|2900, 54771874|3056, 54772294|3233, 54772294|4058, com.instagram.android, 
54772294|1, 54772294|4078, com.github.shadowsocks, 
54781334|1, 54781334|2382, 54781461|2552, 54781461|4013, com.whatsapp, 
54783367|1, 54783367|2859, 54783489|2942, 54783489|3196, 54783549|3274, 54783549|3411, 54783609|3489, 54783609|4038, com.sometimeswefly.littlealchemy, 
54784620|1, 54784620|2127, 54785270|2223, 54785842|2328, 54786870|2431, 54787252|2515, 54787732|2654, 54787732|2752, 54787792|2880, 54787792|3006, 54789302|3158, 54790424|3275, 54792071|3405, 54792151|3503, 54793668|3629, 54794591|3733, 54795000|3797, 54795221|3878, 54795921|4054, com.antutu.ABenchMark, 
54814449|1, 54814449|419, 54814532|480, 54814532|3907, 54814592|3969, 54814592|4060, com.sometimeswefly.littlealchemy, 
54816398|1, 54816398|514, 54816450|575, 54816450|2171, 54816580|2253, 54816580|4045, com.whatsapp, 
54816580|1, 54816580|2964, 54816640|3041, 54816640|3191, 54816700|3304, 54816760|4052, com.sometimeswefly.littlealchemy, 
54818488|1, 54818488|1287, 54818571|1364, 54818571|2812, 54818633|2925, 54818695|3005, 54818695|4007, com.skype.raider, 
54819247|1, 54819247|2900, 54819383|2972, 54819383|4060, com.booking, 
54848303|1, 54848303|3024, 54848425|3134, 54848485|3256, 54848613|3338, 54848613|4072, com.dropbox.android, 
54849088|1, 54849148|4035, com.ebay.mobile, 
54853385|1, 54853385|1197, 54853565|1290, 54853565|2195, 54854401|2276, 54854517|2500, 54854517|2968, 54854639|3071, 54854639|3294, 54854699|3372, 54854699|3504, 54854759|3584, 54854759|4082, com.sometimeswefly.littlealchemy, 
54855215|1, 54855215|4041, at.DiTronic.androidgroup.randomgallery, 
54872067|1, 54872067|2015, 54872197|2112, 54872197|2597, 54872422|2772, 54874501|2942, 54874805|3071, 54874982|3207, 54875216|3372, 54875512|3472, 54875512|3592, 54875906|3772, 54877479|3998, 54878435|4120, com.cnn.mobile.android.phone, 
54904192|1, 54904192|241, 54904256|343, 54904256|2052, 54904320|2171, 54904320|2255, 54904403|2390, 54904403|4081, com.github.shadowsocks, 
54913741|1, 54913741|4067, com.github.shadowsocks, 
54923093|1, 54923093|4020, at.DiTronic.androidgroup.randomgallery, 
54968704|1, 54968704|463, 54968762|538, 54968762|1869, 54968882|1946, 54968882|2004, 54969167|2066, 54969463|2197, 54969855|2323, 54971316|2432, 54972559|2635, 54973076|2753, 54973466|2836, 54974521|2955, 54975117|3089, 54976176|3182, 54976176|3256, 54977254|3414, 54979801|3609, 54980266|3717, 54981757|3857, 54983719|4064, com.cnn.mobile.android.phone, 
55005266|1, 55005266|74, 55005362|139, 55005362|1998, 55006077|2082, 55006649|2184, 55007935|2316, 55008415|2454, 55008415|2620, 55008745|2725, 55009071|2863, 55012869|3088, 55014590|3223, 55015074|3330, 55016036|3448, 55016584|3608, 55018091|3911, 55018668|4070, com.antutu.ABenchMark, 
55033521|1, 55033521|3296, 55033645|3398, 55033645|3499, 55033706|3640, 55033706|3755, 55033767|3904, 55033767|4096, com.ted.android, 
55036985|1, 55036985|4070, com.facebook.katana, 
55037081|1, 55037081|4029, at.DiTronic.androidgroup.randomgallery, 
55054019|1, 55054019|3109, 55054141|3239, 55054141|3360, 55054501|3504, 55054561|3599, 55054561|4025, com.instagram.android, 
55054621|1, 55054621|2953, 55054681|3061, 55054764|3246, 55055048|3406, 55055268|4071, com.ted.android, 
55057946|1, 55057946|124, 55058029|182, 55058029|1666, 55058679|1799, 55060077|1939, 55060157|2032, 55060661|2174, 55061141|2297, 55061471|2388, 55063047|2593, 55064911|2752, 55065934|2857, 55068076|3145, 55068985|3328, 55069078|3455, 55069832|3610, 55070866|3767, 55070866|3872, 55071860|3969, 55071952|4050, com.antutu.ABenchMark, 
55087204|1, 55087204|2398, 55087269|2534, 55087393|2627, 55087393|4043, com.whatsapp, 
55087489|1, 55087489|2752, 55087551|2838, 55087551|4019, com.skype.raider, 
55088365|1, 55088365|4054, at.DiTronic.androidgroup.randomgallery, 
55104996|1, 55104996|1600, 55105114|1675, 55105114|1761, 55105232|1815, 55105232|1916, 55105588|2022, 55106876|2156, 55107809|2295, 55108960|2437, 55110018|2539, 55111204|2606, 55111542|2787, 55113263|2926, 55113263|3108, 55113935|3194, 55115350|3411, 55115992|3530, 55116444|3627, 55118443|3761, 55118547|3840, 55118599|4004, com.cnn.mobile.android.phone, 
55138682|1, 55138682|3348, 55138743|3433, 55138743|3505, 55138804|3597, 55138992|3697, 55138992|4151, com.dropbox.android, 
55139112|1, 55139112|4070, at.DiTronic.androidgroup.randomgallery, 
55156157|1, 55156157|2486, 55156222|2569, 55156222|4018, com.tripadvisor.tripadvisor, 
55158662|1, 55158662|1916, 55158743|2048, 55158824|2139, 55158824|2215, 55158886|2317, 55158948|2450, 55158948|3396, 55159128|3560, 55159128|3747, 55159809|3883, 55159809|4027, com.paypal.android.p2pmobile, 
55173994|1, 55173994|221, 55174401|295, 55174505|393, 55174973|499, 55175493|609, 55175493|887, 55175723|963, 55175723|1377, 55175806|1528, 55175806|1965, 55175984|2069, 55177329|2155, 55177381|2247, 55177537|2357, 55177537|2945, 55177791|3266, 55180600|3343, 55181470|3456, 55181470|3571, 55183110|3634, 55183174|3692, 55183622|3746, 55183726|3806, 55183726|3871, 55183882|3928, 55183934|4048, com.facebook.katana, 
55184714|1, 55184714|2447, 55184774|2566, 55184774|3347, 55184834|3469, 55184834|4033, com.dropbox.android, 
55196828|1, 55196828|493, 55196888|550, 55196888|1388, 55196978|1454, 55197038|1560, 55197038|2760, 55197098|2867, 55197098|3507, 55197158|3644, 55197158|3760, 55197218|3853, 55197218|4015, com.dropbox.android, 
55197338|1, 55197338|3437, 55198608|3608, 55198608|3764, 55198743|3847, 55199995|4017, at.DiTronic.androidgroup.randomgallery, 
55220336|1, 55220336|665, 55220432|726, 55220432|2034, 55220515|2133, 55220579|2257, 55220755|2450, 55220755|2642, 55220816|2744, 55220877|2838, 55220877|3061, 55220937|3137, 55220937|3221, 55220997|3318, 55221618|3400, 55221618|3576, 55222187|3656, 55222247|4087, com.sometimeswefly.littlealchemy, 
55226478|1, 55226478|2692, 55226602|2793, 55226602|3767, 55226654|3833, 55226654|4070, com.skype.raider, 
55228028|1, 55228028|823, 55228175|896, 55228175|2143, 55228300|2243, 55228365|2358, 55228427|2444, 55228427|4018, com.whatsapp, 
55229162|1, 55229162|4009, com.whatsapp, 
55229214|1, 55229214|1120, 55229297|1226, 55229297|2350, 55229357|2441, 55229357|3066, 55229409|3124, 55230647|3199, 55230647|4043, com.tripadvisor.tripadvisor, 
55232017|1, 55232017|2399, 55232081|2499, 55232081|2980, 55232217|3078, 55232217|4088, com.booking, 
55265859|1, 55265859|4031, com.google.android.deskclock, 
55266025|1, 55266025|2339, 55266145|2437, 55266496|2509, 55266787|2609, 55266891|2753, 55267327|2913, 55269036|3040, 55269393|3147, 55270617|3247, 55270774|3339, 55270886|3432, 55271002|3555, 55271062|4092, com.booking, 
55294379|1, 55294379|559, 55294611|622, 55294663|702, 55294663|1538, 55295087|1741, 55295151|1845, 55295151|4015, com.google.android.deskclock, 
55295151|1, 55295151|2695, 55295211|2807, 55295211|2895, 55295339|2984, 55295339|3583, 55295422|3698, 55295482|3788, 55295482|4060, com.dropbox.android, 
55296122|1, 55296122|720, 55296534|810, 55296534|1900, 55297619|2086, 55299161|2202, 55299841|2320, 55299841|2596, 55300041|2702, 55300041|2805, 55301631|2966, 55301797|3050, 55302829|3255, 55305000|3405, 55306595|3530, 55307428|3695, 55307796|3828, 55308257|3975, 55308257|4123, com.antutu.ABenchMark, 
55325539|1, 55325539|2211, 55325604|2304, 55325604|2426, 55325666|2515, 55325666|4037, com.whatsapp, 
55325666|1, 55325666|4048, com.google.android.deskclock, 
55326541|1, 55326541|4029, com.facebook.katana, 
55326645|1, 55326645|3158, 55326767|3285, 55326767|3430, 55327187|3525, 55327187|4020, com.instagram.android, 
55327247|1, 55327247|3673, 55327377|3925, 55327950|4168, com.android.chrome, 
55335497|1, 55335497|4032, com.google.android.deskclock, 
55335580|1, 55335580|3221, 55335706|3331, 55335706|3404, 55335770|3486, 55335830|3581, 55335890|3661, 55336298|3809, 55336558|3910, 55337222|4051, com.ebay.mobile, 
55351333|1, 55351333|4020, com.google.android.deskclock, 
55351333|1, 55351333|295, 55351461|366, 55351461|1713, 55351544|1854, 55351544|2029, 55351608|2175, 55351608|2462, 55351728|2562, 55351788|2645, 55352661|2749, 55352869|2910, 55353207|3040, 55354568|3143, 55355189|3260, 55355442|3390, 55356466|3536, 55356603|3657, 55357827|3787, 55358152|3931, 55359243|4066, com.booking, 
55380941|1, 55380941|2717, 55381005|2855, 55381005|3354, 55381078|3492, 55381988|3604, 55383122|3741, 55383122|4100, com.csst.ecdict, 
55394112|1, 55394112|3279, 55394504|3513, 55395683|3696, 55395833|3830, 55396970|3935, 55397871|4061, com.android.chrome, 
55402682|1, 55402682|724, 55403138|804, 55403254|889, 55403254|1620, 55403486|1785, 55403486|2431, 55403656|2497, 55403656|3081, 55403850|3250, 55404164|3445, 55405291|3658, 55407232|3861, 55408315|3986, 55409030|4094, com.android.chrome, 
55411728|1, 55411728|2087, 55411838|2193, 55411898|2305, 55411898|3876, 55411958|3964, 55411958|4055, at.DiTronic.androidgroup.randomgallery, 
55429882|1, 55429939|88, 55429939|1424, 55430022|1485, 55430022|2982, 55430079|3122, 55430259|3258, 55430439|3369, 55430499|3490, 55430499|4015, com.instagram.android, 
55430582|1, 55430582|1240, 55430665|1404, 55430665|2836, 55430795|3007, 55432236|3341, 55433127|3491, 55433639|3615, 55434360|3723, 55435233|3823, 55435293|3908, 55435436|4053, com.android.chrome, 
55438950|1, 55438950|2282, 55439116|2384, 55439116|3656, 55440026|3777, 55441017|3855, 55441160|3919, 55441216|4077, com.csst.ecdict, 
55451721|1, 55451721|1948, 55452436|2060, 55453574|2190, 55454898|2308, 55454898|2624, 55455228|2793, 55456654|2964, 55459472|3120, 55460023|3206, 55461412|3366, 55461736|3528, 55462480|3765, 55462913|3883, 55464639|4141, com.antutu.ABenchMark, 
55480762|1, 55480762|2710, 55480823|2787, 55480944|2896, 55480944|3001, 55481200|3110, 55481200|3804, 55481260|3897, 55481260|4033, com.dropbox.android, 
55481380|1, 55481380|1459, 55481463|1520, 55481463|4032, com.google.android.deskclock, 
55481463|1, 55481463|1721, 55481527|1870, 55481527|2297, 55481663|2397, 55481663|2464, 55481843|2549, 55482134|2714, 55482238|2834, 55482435|2974, 55482435|3244, 55483873|3361, 55483873|3443, 55483993|3549, 55483993|3766, 55484053|3899, 55485153|4073, com.booking, 
55509811|1, 55509811|1967, 55509869|2053, 55510059|2126, 55510059|2189, 55510344|2256, 55510344|2310, 55510584|2421, 55511019|2557, 55511810|2633, 55512620|2790, 55513696|2913, 55515213|3015, 55515727|3099, 55515895|3187, 55518073|3300, 55518818|3452, 55519212|3555, 55520687|3638, 55521447|3710, 55522061|4025, com.cnn.mobile.android.phone, 
55555148|1, 55555148|907, 55555200|968, 55555200|1701, 55555260|1842, 55556588|2030, 55557940|2129, 55558306|2263, 55558366|2460, 55558796|2618, 55562846|2889, 55564646|3034, 55565130|3267, 55565793|3459, 55565793|3573, 55565959|3652, 55566367|3730, 55566605|3813, 55566605|4116, com.antutu.ABenchMark, 
55585343|1, 55585343|995, 55585523|1078, 55585575|1153, 55585639|1232, 55585743|1306, 55585795|1370, 55585795|2153, 55585859|2225, 55585859|2283, 55585923|2358, 55585923|3093, 55585975|3164, 55585975|4048, com.google.android.deskclock, 
55586463|1, 55586523|4082, com.ebay.mobile, 
55599173|1, 55599173|1904, 55599301|1999, 55599301|2417, 55599421|2499, 55599772|2591, 55600167|2700, 55600271|2876, 55601713|3005, 55601713|3111, 55602007|3239, 55602007|3335, 55603039|3473, 55603626|3583, 55603626|3701, 55603678|3829, 55603802|4046, com.booking, 
55628794|1, 55628794|2281, 55628924|2388, 55629048|2496, 55629048|4026, com.whatsapp, 
55629112|1, 55629112|4034, com.whatsapp, 
55629640|1, 55629640|494, 55629744|591, 55629808|674, 55629808|1434, 55630048|1668, 55630048|1826, 55630210|1920, 55630210|2086, 55630272|2154, 55630334|2270, 55630334|2905, 55630490|3004, 55630490|3241, 55630670|3409, 55630670|3523, 55631351|3627, 55631351|4012, com.paypal.android.p2pmobile, 
55647663|1, 55648091|152, 55648377|280, 55648764|445, 55648764|582, 55648942|649, 55648942|1011, 55649002|1080, 55650401|1219, 55650687|1356, 55650687|1587, 55650921|1647, 55650973|1723, 55651025|1785, 55651025|2181, 55651143|2270, 55651143|2396, 55651557|2517, 55651557|2585, 55651951|2713, 55655714|3227, 55656172|3348, 55658900|3454, 55662164|3588, 55662164|3688, 55663727|3844, 55664495|3939, 55665123|4023, com.cnn.mobile.android.phone, 
55698941|1, 55698941|323, 55699037|414, 55699037|4030, com.facebook.katana, 
55704326|1, 55704326|1669, 55704386|1788, 55704386|2580, 55704446|2711, 55704446|3724, 55705273|3785, 55705683|3871, 55706420|3934, 55706563|4002, com.csst.ecdict, 
55718359|1, 55718359|374, 55718411|453, 55718411|2272, 55720827|2424, 55720827|3298, 55720939|3440, 55722101|3576, 55723414|3771, 55724035|3870, 55724139|3978, 55724139|4042, com.paypal.android.p2pmobile, 
55740833|1, 55740833|158, 55741127|321, 55741243|415, 55741371|479, 55741423|597, 55741423|1178, 55741483|1283, 55741483|1675, 55741770|1998, 55741770|2102, 55742981|2279, 55743695|2371, 55744663|2519, 55745143|2598, 55745143|2892, 55745633|3128, 55745799|3222, 55748953|3418, 55749970|3571, 55751793|3703, 55751793|3820, 55752117|3939, 55752900|4091, com.antutu.ABenchMark, 
55784079|1, 55784079|1949, 55784197|2035, 55784197|2359, 55785493|2518, 55786123|2651, 55786301|2771, 55787723|2899, 55787723|2994, 55788102|3137, 55789531|3255, 55789531|3424, 55790804|3590, 55790864|3718, 55790924|3801, 55791916|3939, 55791916|4036, com.cnn.mobile.android.phone, 
55824276|1, 55824276|1539, 55824396|1610, 55824396|1743, 55824977|1831, 55824977|1904, 55826606|2047, 55827131|2212, 55827418|2305, 55828820|2460, 55829297|2554, 55829735|2708, 55830983|2814, 55830983|2954, 55832653|3066, 55834883|3302, 55838149|3502, 55838201|3607, 55839760|3716, 55840850|3799, 55841428|3944, 55842524|4038, com.cnn.mobile.android.phone, 
55862858|1, 55862858|909, 55862910|993, 55862910|1947, 55862950|2087, 55862950|2989, 55863002|3049, 55863054|3112, 55863054|4399, com.facebook.katana, 
55864181|1, 55864181|3735, 55864862|3807, 55865822|3883, 55866256|3954, 55866256|4016, com.csst.ecdict, 
55876684|1, 55876684|2336, 55876752|2415, 55876820|2478, 55876820|4039, com.booking, 
55905088|1, 55905088|3563, 55905559|3790, 55905663|4041, com.booking, 
55933640|1, 55933640|652, 55933704|781, 55933704|1072, 55934355|1267, 55934407|1339, 55934407|2036, 55934467|2261, 55934467|4040, com.ebay.mobile, 
55949466|1, 55949466|1007, 55949526|1150, 55949526|2091, 55949586|2465, 55949586|3018, 55949646|3294, 55949707|4049, com.dropbox.android, 
55951247|1, 55951247|367, 55951479|457, 55951479|578, 55951583|640, 55951583|1497, 55952171|2201, 55952171|2467, 55952287|2723, 55952287|3291, 55952408|3456, 55952468|3655, 55952468|4113, com.dropbox.android, 
55952648|1, 55952648|3146, 55954037|3486, 55954448|3739, 55957829|3951, 55957829|4121, com.booking, 
55978828|1, 55978828|470, 55979740|595, 55979740|1378, 55979856|1459, 55979856|2513, 55980918|2931, 55982299|3284, 55982351|3575, 55982411|3741, 55982577|4025, com.paypal.android.p2pmobile, 
56006214|1, 56006214|392, 56006501|467, 56006501|1322, 56006553|1452, 56006553|1672, 56006756|1756, 56007042|1886, 56007266|2118, 56007266|2393, 56007641|3337, 56007939|3700, 56007939|4001, com.dropbox.android, 
56022345|1, 56022345|396, 56022544|449, 56022608|515, 56022608|1055, 56023759|1215, 56023759|2609, 56024974|2816, 56026175|3239, 56027832|3638, 56027832|4060, com.paypal.android.p2pmobile, 
56045794|1, 56045794|696, 56045846|822, 56045994|918, 56046058|1080, 56046058|1184, 56046242|1308, 56046528|1483, 56046800|1632, 56046800|2240, 56046860|2821, 56046860|4096, com.dropbox.android, 
56053886|1, 56053886|1681, 56054002|1760, 56054002|3489, 56054158|3867, 56054336|4099, com.csst.ecdict, 
56077416|1, 56077416|3258, 56077476|3638, 56077476|4050, com.csst.ecdict, 
