453550|1, 453550|3527, 453552|3606, 453564|3728, 453575|3813, 453575|4025, com.csst.ecdict, 
453667|1, 453667|4049, com.google.android.apps.photos, 
453667|1, 453667|2674, 453668|2788, 453669|2938, 453669|3088, 453697|3223, 453697|3304, 453701|3385, 453714|3458, 453732|3533, 453732|3642, 453739|3709, 453767|3793, 453767|3905, 453772|3961, 453774|4020, com.instagram.android, 
453774|1, 453774|2306, 453778|2393, 453786|2617, 453792|2761, 453794|3057, 453806|3350, 453806|3628, 453808|3718, 453808|3826, 453809|3917, 453810|4048, com.Slack, 
453846|1, 453846|890, 453847|1016, 453847|2344, 453851|2443, 453859|2559, 453872|2687, 453875|2785, 453875|3067, 453876|3207, 453878|3319, 453883|3477, 453903|3617, 453910|3710, 453913|3777, 453932|3885, 453934|3956, 453936|4068, com.antutu.ABenchMark, 
454095|1, 454095|900, 454096|1012, 454096|4054, com.facebook.katana, 
454105|1, 454105|3726, 454117|3855, 454117|4038, com.sometimeswefly.littlealchemy, 
454127|1, 454127|2784, 454128|3078, 454130|3323, 454130|3483, 454136|3785, 454136|4047, com.ted.android, 
454184|1, 454184|4120, com.github.shadowsocks, 
454253|1, 454253|3096, 454254|3231, 454256|3324, 454264|3414, 454264|3485, 454266|3557, 454266|4019, com.skype.raider, 
454275|1, 454275|4028, com.booking, 
454403|1, 454403|4031, com.github.shadowsocks, 
454469|1, 454469|2491, 454470|2601, 454476|2805, 454476|3056, 454481|3237, 454481|3580, 454491|3720, 454491|4095, com.ted.android, 
454526|1, 454526|641, 454532|783, 454535|953, 454535|1427, 454537|1697, 454538|1853, 454538|2645, 454542|2786, 454543|3004, 454544|3119, 454553|3286, 454553|4134, com.skype.raider, 
454567|1, 454567|4087, com.ebay.mobile, 
454618|1, 454618|215, 454619|304, 454619|4024, com.csst.ecdict, 
454747|1, 454747|2561, 454749|2640, 454749|2713, 454759|2829, 454765|2985, 454767|3155, 454772|3335, 454773|3476, 454779|3625, 454779|3787, 454782|3895, 454782|4056, com.Slack, 
454809|1, 454809|3153, 454817|3312, 454824|3474, 454828|3599, 454829|3699, 454842|3850, 454850|4091, com.android.chrome, 
454869|1, 454869|2428, 454873|2654, 454873|3612, 454878|3752, 454886|3950, 454891|4090, com.paypal.android.p2pmobile, 
454937|1, 454937|153, 454939|267, 454947|368, 454949|463, 454949|2397, 454951|2490, 454953|2592, 454955|2768, 454960|2859, 454968|2996, 454969|3109, 454971|3231, 454973|3364, 454976|3518, 454978|4007, com.github.shadowsocks, 
455080|1, 455080|118, 455081|202, 455081|276, 455082|361, 455082|477, 455083|535, 455083|2576, 455084|2668, 455084|2785, 455090|2865, 455094|2945, 455095|3009, 455096|3086, 455096|4047, com.skype.raider, 
455119|1, 455119|2698, 455120|2773, 455120|3413, 455140|3511, 455144|3573, 455144|3645, 455149|3718, 455151|3787, 455151|4028, com.instagram.android, 
455230|1, 455230|3763, 455232|3833, 455232|3906, 455240|3998, 455249|4054, com.csst.ecdict, 
455346|1, 455346|1564, 455349|1767, 455349|2072, 455351|2196, 455356|2394, 455359|2504, 455359|3174, 455361|3397, 455364|3515, 455365|3657, 455365|4036, com.paypal.android.p2pmobile, 
455421|1, 455421|602, 455422|701, 455424|801, 455425|985, 455425|1196, 455426|1283, 455426|1351, 455428|1412, 455428|1485, 455429|1557, 455429|2233, 455430|2329, 455430|2747, 455434|2834, 455437|2943, 455438|3011, 455438|3113, 455440|3270, 455456|3363, 455465|3429, 455468|3511, 455473|3584, 455476|3656, 455502|3724, 455506|3792, 455506|3853, 455510|3910, 455517|3969, 455517|4024, com.instagram.android, 
455582|1, 455582|2338, 455586|2477, 455594|2590, 455594|2720, 455602|2912, 455607|3072, 455609|3158, 455610|3243, 455611|3338, 455613|3500, 455615|4484, com.Slack, 
455692|1, 455692|4014, com.tripadvisor.tripadvisor, 
455715|1, 455715|870, 455716|959, 455716|4039, com.google.android.apps.photos, 
455718|1, 455718|1876, 455720|2042, 455720|4002, com.google.android.deskclock, 
455723|1, 455723|3372, 455724|3454, 455724|3557, 455730|3644, 455730|3773, 455733|3839, 455734|3944, 455738|4022, com.ebay.mobile, 
455824|1, 455824|621, 455825|703, 455825|2606, 455826|2690, 455826|3741, 455827|3901, 455828|3988, 455833|4088, com.ebay.mobile, 
455901|1, 455901|3177, 455903|3368, 455903|3616, 455906|3727, 455907|3794, 455913|3873, 455916|3932, 455921|3995, 455921|4062, com.ted.android, 
455967|1, 455967|2905, 455969|2997, 455969|4006, com.sometimeswefly.littlealchemy, 
455977|1, 455977|2734, 455979|2838, 455986|2954, 455989|3104, 455998|3321, 455999|3398, 456003|3475, 456004|3553, 456007|3723, 456007|4004, com.Slack, 
456063|1, 456063|3380, 456064|3471, 456064|4027, com.tripadvisor.tripadvisor, 
456079|1, 456079|4087, com.facebook.katana, 
456082|1, 456082|1327, 456083|1384, 456083|3092, 456087|3231, 456087|4016, com.whatsapp, 
456093|1, 456093|2018, 456095|2136, 456103|2288, 456108|2399, 456110|2536, 456113|2671, 456119|2832, 456121|2940, 456121|3021, 456124|3101, 456124|3651, 456127|3739, 456127|4007, com.Slack, 
456134|1, 456134|1872, 456136|2008, 456137|2106, 456138|2197, 456139|2316, 456139|2431, 456141|2597, 456142|2674, 456144|2832, 456146|3013, 456148|3143, 456149|3317, 456150|3455, 456150|3526, 456151|3598, 456151|3769, 456152|3830, 456153|4023, com.paypal.android.p2pmobile, 
456182|1, 456183|90, 456184|190, 456193|332, 456193|676, 456194|813, 456194|1068, 456196|1228, 456197|1318, 456197|1718, 456201|1945, 456201|2140, 456209|2372, 456215|2475, 456216|2678, 456216|3664, 456217|3783, 456219|4051, com.paypal.android.p2pmobile, 
456301|1, 456307|83, 456309|181, 456309|276, 456318|360, 456318|1258, 456319|1321, 456319|3064, 456321|3157, 456330|3482, 456332|3624, 456340|3902, 456342|4017, com.ted.android, 
456420|1, 456420|2973, 456422|3129, 456423|3204, 456431|3296, 456431|3367, 456433|3443, 456433|4058, com.skype.raider, 
456455|1, 456455|1138, 456456|1255, 456456|2199, 456458|2269, 456459|2360, 456460|2480, 456460|3232, 456461|3292, 456461|4047, com.tripadvisor.tripadvisor, 
456479|1, 456479|3772, 456481|3872, 456481|4058, at.DiTronic.androidgroup.randomgallery, 
456597|1, 456598|99, 456598|2711, 456600|2804, 456600|4047, com.tripadvisor.tripadvisor, 
456619|1, 456619|2961, 456620|3037, 456622|4020, com.tripadvisor.tripadvisor, 
456649|1, 456649|2971, 456651|3146, 456651|3272, 456679|3428, 456679|3511, 456686|3591, 456704|3668, 456706|3729, 456706|3788, 456708|3854, 456711|3922, 456711|4042, com.instagram.android, 
456758|1, 456758|2072, 456759|2162, 456762|2259, 456771|2363, 456775|2445, 456775|2749, 456792|3456, 456799|3572, 456809|3673, 456817|3752, 456820|3835, 456835|3959, 456843|4101, com.antutu.ABenchMark, 
457011|1, 457011|3709, 457012|3791, 457013|3934, 457020|4076, com.ted.android, 
457071|1, 457071|2914, 457073|3025, 457073|4026, com.sometimeswefly.littlealchemy, 
457081|1, 457081|2733, 457082|2874, 457083|3019, 457085|3130, 457092|3274, 457103|3421, 457112|3519, 457113|3590, 457113|3670, 457115|3762, 457115|4030, com.cnn.mobile.android.phone, 
457317|1, 457317|399, 457318|464, 457318|574, 457320|643, 457320|870, 457321|936, 457321|4056, com.tripadvisor.tripadvisor, 
457356|1, 457356|2620, 457372|2888, 457372|2988, 457385|3118, 457400|3290, 457404|3389, 457409|3483, 457410|3576, 457410|4058, com.android.chrome, 
457413|1, 457413|4050, com.sometimeswefly.littlealchemy, 
457430|1, 457430|2996, 457431|3085, 457433|3178, 457433|3268, 457435|3410, 457440|3555, 457440|3886, 457441|3977, 457441|4055, com.ebay.mobile, 
457498|1, 457498|696, 457500|754, 457506|848, 457507|957, 457507|2967, 457508|3086, 457519|3447, 457521|3558, 457542|3978, 457553|4069, com.android.chrome, 
457562|1, 457562|4004, com.google.android.deskclock, 
457563|1, 457563|4012, com.facebook.katana, 
457566|1, 457566|1954, 457571|2184, 457574|2288, 457574|2403, 457578|2563, 457579|2733, 457584|2858, 457584|3094, 457587|3258, 457589|3411, 457592|3511, 457592|3673, 457602|3952, 457631|4202, com.Slack, 
457670|1, 457670|1048, 457671|1146, 457671|4032, com.github.shadowsocks, 
457770|1, 457770|2724, 457771|2812, 457778|2947, 457778|3128, 457781|3322, 457782|3436, 457782|4033, com.ted.android, 
457821|1, 457821|2598, 457823|2729, 457823|3644, 457827|3868, 457829|3984, 457832|4094, com.paypal.android.p2pmobile, 
457905|1, 457905|292, 457912|390, 457912|1341, 457913|1417, 457913|1545, 457918|1610, 457918|2408, 457919|2549, 457919|3230, 457923|3376, 457924|3468, 457924|4001, com.github.shadowsocks, 
458034|1, 458034|748, 458036|866, 458037|1060, 458038|1153, 458038|4010, com.google.android.apps.photos, 
458039|1, 458039|3904, 458042|4000, 458053|4082, com.csst.ecdict, 
458156|1, 458156|2995, 458159|3078, 458167|3154, 458167|3299, 458168|3372, 458171|3444, 458171|4040, com.skype.raider, 
458182|1, 458182|3198, 458184|3289, 458184|4059, com.Slack, 
458194|1, 458194|769, 458196|881, 458196|3293, 458199|3425, 458212|3589, 458223|3672, 458223|3736, 458227|3807, 458229|3867, 458229|4003, com.instagram.android, 
458305|1, 458305|2925, 458333|3025, 458333|3185, 458341|3253, 458368|3321, 458368|3437, 458372|3503, 458398|3563, 458399|3630, 458399|3742, 458406|3805, 458406|3867, 458408|3922, 458408|4038, com.instagram.android, 
458416|1, 458416|4049, com.google.android.apps.photos, 
458417|1, 458417|3027, 458420|3145, 458420|4046, com.sometimeswefly.littlealchemy, 
458434|1, 458434|2963, 458440|3091, 458440|3497, 458446|3580, 458446|3643, 458460|3735, 458472|3818, 458472|4038, com.Slack, 
458479|1, 458479|2598, 458484|2698, 458484|3070, 458486|3161, 458486|3501, 458487|3563, 458487|4004, com.Slack, 
458488|1, 458488|4078, at.DiTronic.androidgroup.randomgallery, 
458606|1, 458606|508, 458607|607, 458607|2364, 458608|2462, 458608|4031, com.google.android.apps.photos, 
458608|1, 458608|4002, com.google.android.deskclock, 
458612|1, 458612|4047, com.ebay.mobile, 
458641|1, 458641|4007, com.google.android.apps.photos, 
458641|1, 458641|4022, com.google.android.apps.photos, 
458643|1, 458643|2713, 458644|2836, 458644|2966, 458645|3044, 458645|3109, 458649|3169, 458649|3257, 458652|3321, 458653|3619, 458653|3697, 458654|3815, 458654|3894, 458655|3954, 458655|4016, com.skype.raider, 
458664|1, 458666|4027, com.tripadvisor.tripadvisor, 
458689|1, 458689|4078, com.google.android.apps.photos, 
458690|1, 458690|2588, 458692|2690, 458699|2799, 458706|2934, 458706|3216, 458707|3335, 458713|3408, 458723|3470, 458738|3551, 458739|3614, 458739|3735, 458741|3830, 458745|3940, 458747|4022, com.Slack, 
458749|1, 458749|2708, 458751|2801, 458751|2869, 458752|2941, 458752|3016, 458757|3098, 458757|3163, 458760|3219, 458760|3758, 458761|3831, 458761|3885, 458765|3945, 458765|4015, com.skype.raider, 
458772|1, 458772|2475, 458775|2570, 458783|2691, 458786|2829, 458791|2961, 458795|3057, 458799|3182, 458801|3261, 458803|3344, 458803|3420, 458805|3540, 458812|3770, 458818|3872, 458819|3997, 458820|4093, com.cnn.mobile.android.phone, 
458972|1, 458972|89, 458973|176, 458973|337, 458974|427, 458974|535, 458980|724, 458980|1085, 458981|1193, 458982|1293, 458986|1384, 458986|1924, 458987|2028, 458987|2911, 458990|3071, 458997|3277, 459001|3466, 459001|4043, com.ted.android, 
459047|1, 459047|1095, 459048|1191, 459048|4008, com.google.android.apps.photos, 
459048|1, 459048|1356, 459049|1495, 459049|2233, 459053|2375, 459065|2548, 459074|2687, 459080|2812, 459093|2952, 459097|3053, 459097|3648, 459098|3747, 459098|3856, 459102|3939, 459102|4018, com.android.chrome, 
459125|1, 459125|4064, com.github.shadowsocks, 
459207|1, 459207|764, 459208|936, 459208|2690, 459209|2782, 459209|2839, 459210|2905, 459210|3275, 459211|3347, 459211|3414, 459213|3477, 459213|3556, 459215|3615, 459215|3745, 459216|3826, 459216|4058, com.tripadvisor.tripadvisor, 
459231|1, 459231|2867, 459232|2941, 459232|4186, com.facebook.katana, 
459232|1, 459233|74, 459233|3171, 459235|3462, 459248|3687, 459259|3911, 459265|4012, com.android.chrome, 
459292|1, 459292|3786, 459293|3886, 459296|4057, com.facebook.katana, 
459304|1, 459304|2469, 459307|2573, 459307|4007, com.google.android.apps.photos, 
459307|1, 459307|2063, 459309|2142, 459319|2249, 459328|2375, 459332|2462, 459335|2605, 459335|2796, 459343|2974, 459348|3101, 459367|3249, 459371|3339, 459383|3452, 459386|3552, 459393|3693, 459420|3877, 459422|4059, com.antutu.ABenchMark, 
459556|1, 459556|4094, com.github.shadowsocks, 
459622|1, 459622|3401, 459624|3507, 459625|3659, 459627|3806, 459632|3981, 459632|4125, com.ebay.mobile, 
459687|1, 459687|634, 459688|747, 459688|4062, at.DiTronic.androidgroup.randomgallery, 
459802|1, 459802|2932, 459804|3033, 459806|3151, 459806|4025, com.whatsapp, 
459807|1, 459807|3360, 459810|3616, 459825|3871, 459832|4033, com.android.chrome, 
459862|1, 459862|2699, 459864|2836, 459870|2959, 459870|3118, 459871|3307, 459874|3441, 459878|3650, 459882|3770, 459882|3843, 459887|3916, 459887|4044, com.ted.android, 
459945|1, 459945|982, 459946|1058, 459946|2324, 459947|2378, 459947|2501, 459952|2602, 459956|2753, 459958|2829, 459974|3010, 459980|3110, 459985|3196, 459988|3266, 459997|3362, 460001|3651, 460001|3739, 460003|3901, 460004|4095, com.cnn.mobile.android.phone, 
460164|1, 460164|165, 460166|216, 460166|2784, 460167|2898, 460167|3054, 460187|3229, 460195|3309, 460229|3628, 460229|3715, 460236|3806, 460240|3867, 460252|3925, 460264|3993, 460264|4051, com.instagram.android, 
460271|1, 460271|4071, com.github.shadowsocks, 
460337|1, 460337|2379, 460339|2551, 460339|4009, com.whatsapp, 
460351|1, 460351|2855, 460353|2947, 460353|4041, com.sometimeswefly.littlealchemy, 
460367|1, 460367|2127, 460369|2221, 460377|2327, 460386|2431, 460391|2528, 460393|2655, 460393|3030, 460408|3157, 460413|3297, 460422|3411, 460422|3494, 460437|3629, 460446|3726, 460446|3790, 460457|3890, 460475|4110, com.antutu.ABenchMark, 
460620|1, 460620|4053, com.sometimeswefly.littlealchemy, 
460636|1, 460636|450, 460637|513, 460637|2167, 460639|2259, 460639|4046, com.whatsapp, 
460639|1, 460639|2180, 460640|2366, 460640|4048, com.sometimeswefly.littlealchemy, 
460655|1, 460655|2923, 460657|3006, 460663|3076, 460666|3140, 460666|3204, 460668|3283, 460668|4002, com.skype.raider, 
460676|1, 460676|4066, com.booking, 
460802|1, 460802|3024, 460808|3162, 460809|3251, 460811|3334, 460813|3411, 460823|3520, 460828|3641, 460830|3752, 460832|3878, 460834|3963, 460834|4070, com.dropbox.android, 
460841|1, 460841|4031, com.ebay.mobile, 
460869|1, 460869|1196, 460873|1285, 460873|2195, 460888|2293, 460889|2509, 460889|2966, 460891|3068, 460891|4090, com.sometimeswefly.littlealchemy, 
460900|1, 460900|4034, at.DiTronic.androidgroup.randomgallery, 
461006|1, 461006|2610, 461017|2796, 461023|2949, 461028|3072, 461033|3204, 461043|3368, 461053|3487, 461056|3589, 461058|3819, 461065|3995, 461071|4120, com.cnn.mobile.android.phone, 
461214|1, 461215|100, 461215|167, 461217|235, 461217|907, 461218|1043, 461219|1150, 461219|2057, 461220|2165, 461221|2263, 461221|2386, 461223|2547, 461223|4085, com.github.shadowsocks, 
461294|1, 461294|4069, com.github.shadowsocks, 
461371|1, 461371|4035, at.DiTronic.androidgroup.randomgallery, 
461712|1, 461712|455, 461713|525, 461713|1990, 461715|2078, 461716|2186, 461723|2326, 461731|2421, 461744|2634, 461750|2748, 461755|2826, 461763|2946, 461771|3079, 461772|3169, 461778|3263, 461780|3424, 461786|3605, 461788|3713, 461789|3847, 461797|3930, 461799|4059, com.cnn.mobile.android.phone, 
461919|1, 461919|69, 461921|134, 461921|238, 461922|298, 461922|1995, 461925|2080, 461934|2187, 461945|2327, 461947|2470, 461947|2628, 461949|2736, 461953|2874, 461978|3093, 461992|3241, 461999|3338, 462004|3474, 462022|3625, 462027|3929, 462029|4093, com.antutu.ABenchMark, 
462162|1, 462162|3294, 462165|3397, 462171|3523, 462171|3646, 462173|3772, 462175|3901, 462175|4101, com.ted.android, 
462223|1, 462223|448, 462224|504, 462224|4066, com.facebook.katana, 
462225|1, 462225|4012, at.DiTronic.androidgroup.randomgallery, 
462330|1, 462330|3119, 462332|3235, 462332|3387, 462352|3518, 462356|3594, 462359|3677, 462361|3789, 462361|4018, com.instagram.android, 
462441|1, 462441|2610, 462442|2717, 462448|2849, 462448|3073, 462452|3284, 462464|4095, com.ted.android, 
462499|1, 462499|1664, 462509|1807, 462511|1946, 462515|2030, 462522|2175, 462525|2294, 462531|2409, 462533|2594, 462551|2756, 462557|2859, 462578|3148, 462593|3336, 462597|3493, 462608|3648, 462609|3774, 462609|3871, 462610|3964, 462614|4052, com.antutu.ABenchMark, 
462748|1, 462748|2402, 462749|2531, 462751|2619, 462751|4032, com.whatsapp, 
462752|1, 462752|2745, 462753|2830, 462753|2900, 462754|2962, 462754|3035, 462757|3102, 462757|3228, 462758|3296, 462759|3360, 462759|3417, 462761|3484, 462761|4008, com.skype.raider, 
462776|1, 462776|4051, at.DiTronic.androidgroup.randomgallery, 
462881|1, 462881|1755, 462883|1810, 462883|1911, 462885|2024, 462894|2162, 462905|2294, 462927|2461, 462933|2536, 462943|2608, 462946|2820, 462948|2928, 462948|3108, 462952|3194, 462957|3423, 462960|3532, 462969|3651, 462973|3761, 462976|3838, 462977|3916, 462977|4003, com.cnn.mobile.android.phone, 
463079|1, 463079|84, 463080|145, 463080|230, 463082|303, 463082|1052, 463083|1162, 463083|3498, 463085|3587, 463091|3687, 463104|3774, 463108|3882, 463111|4021, com.dropbox.android, 
463116|1, 463116|4064, at.DiTronic.androidgroup.randomgallery, 
463225|1, 463225|4017, com.tripadvisor.tripadvisor, 
463238|1, 463238|2042, 463240|2135, 463240|3386, 463242|3552, 463242|3737, 463243|3877, 463243|4021, com.paypal.android.p2pmobile, 
463299|1, 463299|136, 463300|221, 463300|289, 463302|397, 463309|494, 463315|604, 463315|879, 463316|956, 463316|1975, 463317|2065, 463317|2152, 463319|2269, 463323|2355, 463323|2942, 463324|3263, 463325|3340, 463328|3450, 463328|3506, 463329|3565, 463354|3626, 463354|3684, 463361|3738, 463364|3802, 463364|3863, 463367|3923, 463368|4042, com.facebook.katana, 
463376|1, 463376|2350, 463380|2481, 463381|2567, 463381|3260, 463383|3362, 463393|3466, 463399|3564, 463400|3653, 463400|3723, 463404|3806, 463404|4030, com.dropbox.android, 
463424|1, 463424|1439, 463425|1567, 463425|2748, 463430|2854, 463430|3395, 463432|3502, 463442|3646, 463448|3757, 463449|3843, 463453|4008, com.dropbox.android, 
463454|1, 463454|3598, 463455|3759, 463456|3853, 463456|4011, at.DiTronic.androidgroup.randomgallery, 
463580|1, 463580|659, 463581|723, 463581|2045, 463582|2138, 463584|2258, 463585|2455, 463585|2644, 463587|2746, 463587|3316, 463588|3401, 463588|4089, com.sometimeswefly.littlealchemy, 
463610|1, 463610|2697, 463612|2785, 463612|3757, 463613|3825, 463613|3894, 463614|3994, 463614|4063, com.skype.raider, 
463635|1, 463635|812, 463636|888, 463636|2136, 463638|2239, 463638|2353, 463639|2438, 463639|4007, com.whatsapp, 
463639|1, 463639|4002, com.whatsapp, 
463641|1, 463641|3055, 463642|3119, 463642|4039, com.tripadvisor.tripadvisor, 
463654|1, 463654|2388, 463655|2501, 463655|4078, com.booking, 
463795|1, 463795|4014, com.google.android.deskclock, 
463795|1, 463795|2429, 463796|2504, 463797|2639, 463799|2773, 463799|2909, 463803|3033, 463808|3143, 463809|3242, 463811|3333, 463812|3458, 463818|4089, com.booking, 
463902|1, 463902|550, 463907|617, 463907|1542, 463916|1734, 463916|4004, com.google.android.deskclock, 
463916|1, 463916|2701, 463921|2816, 463921|2892, 463923|2981, 463935|3081, 463939|3182, 463942|3310, 463946|3465, 463946|4054, com.dropbox.android, 
463958|1, 463958|715, 463965|820, 463965|1898, 463978|2091, 463987|2200, 463994|2316, 463994|2598, 463996|2699, 463996|2809, 464004|2960, 464004|3066, 464023|3270, 464028|3404, 464043|3538, 464050|3696, 464060|3845, 464063|3967, 464063|4122, com.antutu.ABenchMark, 
464214|1, 464214|2204, 464215|2306, 464215|2427, 464216|2514, 464216|4028, com.whatsapp, 
464216|1, 464216|4042, com.google.android.deskclock, 
464219|1, 464219|4021, com.facebook.katana, 
464223|1, 464223|3162, 464225|3308, 464225|3430, 464233|3522, 464254|3830, 464254|4015, com.instagram.android, 
464329|1, 464329|3536, 464331|3750, 464342|4185, com.android.chrome, 
464395|1, 464395|4027, com.google.android.deskclock, 
464399|1, 464399|3404, 464400|3482, 464401|3577, 464401|3660, 464404|3809, 464410|3941, 464410|4049, com.ebay.mobile, 
464472|1, 464472|192, 464473|257, 464473|4006, com.google.android.deskclock, 
464473|1, 464473|289, 464476|361, 464476|2559, 464478|2654, 464479|2746, 464483|2930, 464484|3044, 464486|3144, 464486|3255, 464489|3402, 464493|3556, 464493|3661, 464497|3786, 464499|3933, 464501|4061, com.booking, 
464581|1, 464581|3378, 464583|3493, 464588|3606, 464599|4028, com.csst.ecdict, 
464685|1, 464685|3181, 464687|3329, 464693|3519, 464700|3732, 464705|3841, 464708|3943, 464715|4066, com.android.chrome, 
464741|1, 464741|633, 464748|714, 464749|802, 464750|883, 464750|1466, 464751|1659, 464754|1789, 464754|3078, 464757|3270, 464769|3537, 464773|3679, 464784|3890, 464792|3988, 464798|4089, com.android.chrome, 
464815|1, 464815|3882, 464818|3959, 464818|4074, at.DiTronic.androidgroup.randomgallery, 
464934|1, 464934|2993, 464937|3116, 464937|3259, 464957|3364, 464965|3495, 464970|3573, 464970|3641, 464972|3699, 464996|3769, 464996|3878, 465000|3946, 465002|4004, com.instagram.android, 
465046|1, 465046|2837, 465048|3034, 465061|3381, 465068|3490, 465071|3616, 465074|3732, 465076|3818, 465078|4047, com.android.chrome, 
465089|1, 465089|3651, 465095|3775, 465101|3848, 465104|3913, 465109|4075, com.csst.ecdict, 
465193|1, 465193|1817, 465194|1964, 465196|2058, 465211|2197, 465220|2311, 465220|2624, 465226|2793, 465230|2966, 465250|3123, 465255|3207, 465268|3376, 465269|3583, 465284|3788, 465288|3925, 465294|4146, com.antutu.ABenchMark, 
465440|1, 465440|2784, 465447|2904, 465447|3015, 465453|3112, 465463|3210, 465467|3314, 465470|3483, 465470|3596, 465474|3704, 465474|4033, com.dropbox.android, 
465475|1, 465475|4017, com.google.android.deskclock, 
465475|1, 465475|1722, 465476|1872, 465476|2463, 465478|2551, 465479|2714, 465481|2837, 465481|3164, 465482|3258, 465482|3362, 465483|3441, 465483|3763, 465487|3898, 465494|4080, com.booking, 
465580|1, 465580|1968, 465582|2047, 465582|2124, 465583|2187, 465583|2302, 465588|2417, 465592|2551, 465600|2657, 465604|2786, 465615|2913, 465628|3020, 465636|3095, 465644|3185, 465648|3297, 465666|3453, 465668|3552, 465668|3638, 465670|3709, 465684|4062, com.cnn.mobile.android.phone, 
465832|1, 465832|899, 465833|960, 465833|1711, 465836|1892, 465848|2026, 465858|2127, 465867|2268, 465867|2453, 465874|2627, 465901|2889, 465918|3047, 465927|3288, 465946|3462, 465949|3574, 465953|3657, 465964|3727, 465964|3818, 465966|3933, 465967|4175, com.antutu.ABenchMark, 
466108|1, 466108|991, 466112|1070, 466112|1145, 466113|1225, 466116|1297, 466116|2150, 466117|2215, 466118|2278, 466118|3085, 466119|3157, 466119|4038, com.google.android.deskclock, 
466127|1, 466127|4089, com.ebay.mobile, 
466184|1, 466184|1893, 466186|2021, 466186|2492, 466187|2580, 466192|2727, 466192|2878, 466193|2999, 466194|3113, 466195|3229, 466196|3335, 466197|3474, 466203|3572, 466204|3701, 466205|4036, com.booking, 
466301|1, 466301|2281, 466303|2396, 466304|2495, 466304|2569, 466305|2660, 466305|4021, com.whatsapp, 
466306|1, 466306|4017, com.whatsapp, 
466317|1, 466317|435, 466319|486, 466320|586, 466320|1444, 466324|1685, 466324|1827, 466326|1925, 466326|2906, 466329|3002, 466329|3278, 466331|3403, 466331|3517, 466332|3640, 466332|4008, com.paypal.android.p2pmobile, 
466390|1, 466396|141, 466397|264, 466402|426, 466402|989, 466403|1069, 466404|1209, 466405|1330, 466405|1622, 466406|1701, 466407|1768, 466407|2370, 466410|2495, 466410|2574, 466421|2741, 466448|3205, 466454|3328, 466457|3436, 466463|3568, 466468|3668, 466477|3825, 466490|3926, 466496|4005, com.cnn.mobile.android.phone, 
466677|1, 466677|149, 466678|234, 466678|309, 466681|405, 466681|523, 466682|606, 466682|4017, com.facebook.katana, 
466700|1, 466700|3719, 466704|3782, 466710|3867, 466715|3932, 466716|3997, 466720|4070, com.csst.ecdict, 
466800|1, 466800|291, 466801|377, 466801|2430, 466803|2559, 466803|3308, 466804|3434, 466804|3574, 466806|3766, 466808|3878, 466810|3971, 466810|4035, com.paypal.android.p2pmobile, 
466866|1, 466867|166, 466868|325, 466869|408, 466871|471, 466872|589, 466872|1679, 466873|2001, 466873|2098, 466888|2273, 466890|2364, 466900|2512, 466903|2599, 466903|2904, 466909|3133, 466910|3227, 466929|3431, 466938|3572, 466951|3727, 466951|3811, 466953|3935, 466970|4082, com.antutu.ABenchMark, 
467171|1, 467171|2363, 467179|2520, 467184|2648, 467191|2768, 467201|2907, 467210|3018, 467215|3151, 467215|3425, 467218|3600, 467219|3718, 467219|3799, 467224|3944, 467225|4032, com.cnn.mobile.android.phone, 
467398|1, 467398|1736, 467400|1827, 467400|1901, 467416|2058, 467419|2216, 467435|2361, 467441|2456, 467449|2561, 467454|2702, 467455|2811, 467455|2880, 467457|2967, 467462|3110, 467473|3314, 467484|3509, 467490|3624, 467493|3711, 467494|3803, 467504|3950, 467513|4036, com.cnn.mobile.android.phone, 
467606|1, 467606|907, 467607|990, 467607|1951, 467608|2084, 467608|2983, 467610|3043, 467610|4399, com.facebook.katana, 
467612|1, 467612|3724, 467614|3806, 467620|3871, 467629|3944, 467629|4011, com.csst.ecdict, 
467711|1, 467711|4031, com.booking, 
467828|1, 467828|3561, 467829|3772, 467831|4025, com.booking, 
467927|1, 467927|651, 467928|794, 467928|1113, 467932|1259, 467934|1334, 467934|1402, 467935|1459, 467935|4063, com.ebay.mobile, 
468015|1, 468015|4037, com.dropbox.android, 
468060|1, 468060|359, 468064|450, 468064|571, 468066|633, 468066|1266, 468076|1744, 468076|2485, 468078|2770, 468078|3291, 468080|3473, 468084|3651, 468084|3762, 468096|3957, 468101|4116, com.dropbox.android, 
468109|1, 468109|3206, 468118|3488, 468118|3764, 468121|3952, 468122|4114, com.booking, 
468188|1, 468188|603, 468189|720, 468189|1360, 468191|1442, 468191|2505, 468194|2993, 468197|3318, 468197|4032, com.paypal.android.p2pmobile, 
468262|1, 468262|326, 468263|406, 468263|1270, 468264|1408, 468264|1699, 468265|1835, 468268|2054, 468268|2355, 468272|3275, 468273|3662, 468273|4043, com.dropbox.android, 
468376|1, 468376|353, 468378|407, 468379|476, 468379|1030, 468382|1182, 468382|3238, 468389|3633, 468389|4053, com.paypal.android.p2pmobile, 
468443|1, 468443|574, 468445|686, 468446|789, 468447|902, 468448|1051, 468448|1162, 468449|1281, 468451|1477, 468456|1608, 468456|4089, com.dropbox.android, 
468530|1, 468530|1565, 468533|1635, 468533|3453, 468536|3858, 468536|4142, com.csst.ecdict, 
468663|1, 468663|4095, com.csst.ecdict, 
